 15.1 1.4587e+00  13 4.49298e-02  
 15.2 1.4662e+00  13 4.52785e-02  
 15.3 1.4737e+00  13 4.56228e-02  
 15.4 1.4812e+00  13 4.59629e-02  
 15.5 1.4887e+00  13 4.62988e-02  
 15.6 1.4962e+00  13 4.66307e-02  
 15.7 1.5037e+00  13 4.69585e-02  
 15.8 1.5112e+00  13 4.72825e-02  
 15.9 1.5186e+00  13 4.76026e-02  
 16.0 1.5261e+00  13 4.79188e-02  
 16.1 1.5336e+00  13 4.82314e-02  
 16.2 1.5411e+00  13 4.85403e-02  
 16.3 1.5486e+00  13 4.88456e-02  
 16.4 1.5560e+00  13 4.91475e-02  
 16.5 1.5635e+00  13 4.94458e-02  
 16.6 1.5710e+00  13 4.97408e-02  
 16.7 1.5785e+00  13 5.00324e-02  
 16.8 1.5859e+00  13 5.03208e-02  
 16.9 1.5934e+00  13 5.06059e-02  
 17.0 1.6009e+00  13 5.08879e-02  
 17.1 1.6083e+00  13 5.11667e-02  
 17.2 1.6158e+00  13 5.14425e-02  
 17.3 1.6233e+00  13 5.17153e-02  
 17.4 1.6307e+00  13 5.19148e-02  
 17.5 1.6382e+00  13 5.21807e-02  
 17.6 1.6457e+00  13 5.24438e-02  
 17.7 1.6531e+00  13 5.27040e-02  
 17.8 1.6606e+00  13 5.29615e-02  
 17.9 1.6680e+00  13 5.32162e-02  
 18.0 1.6755e+00  13 5.34690e-02  
 18.1 1.6875e+00  13 5.40721e-02  
 18.2 1.6996e+00  13 5.46776e-02  
 18.3 1.7119e+00  13 5.52847e-02  
 18.4 1.7242e+00  13 5.58935e-02  
 18.5 1.7366e+00  13 5.65041e-02  
 18.6 1.7492e+00  13 5.71166e-02  
 18.7 1.7618e+00  13 5.77309e-02  
 18.8 1.7745e+00  13 5.83471e-02  
 18.9 1.7873e+00  13 5.89653e-02  
 19.0 1.8002e+00  13 5.95856e-02  
 19.1 1.8132e+00  13 6.02079e-02  
 19.2 1.8263e+00  13 6.08322e-02  
 19.3 1.8395e+00  13 6.14588e-02  
 19.4 1.8528e+00  13 6.20876e-02  
 19.5 1.8662e+00  13 6.27187e-02  
 19.6 1.8797e+00  13 6.33521e-02  
 19.7 1.8933e+00  13 6.39879e-02  
 19.8 1.9070e+00  13 6.46262e-02  
 19.9 1.9208e+00  13 6.52668e-02  
 20.0 1.7498e+01  14 1.00000e+00  
 20.1 1.7581e+01  14 1.00000e+00  
 20.2 1.7665e+01  14 1.00000e+00  
 20.3 1.7749e+01  14 1.00000e+00  
 20.4 1.7832e+01  14 1.00000e+00  
 20.5 1.7916e+01  14 1.00000e+00  
 20.6 1.8000e+01  14 1.00000e+00  
 20.7 1.8083e+01  14 1.00000e+00  
 20.8 1.8167e+01  14 1.00000e+00  
 20.9 1.8250e+01  14 1.00000e+00  
 21.0 1.8334e+01  14 1.00000e+00  
 21.1 1.8417e+01  14 1.00000e+00  
 21.2 1.8501e+01  14 1.00000e+00  
 21.3 1.8584e+01  14 1.00000e+00  
 21.4 1.8667e+01  14 1.00000e+00  
 21.5 1.8751e+01  14 1.00000e+00  
 21.6 1.8834e+01  14 1.00000e+00  
 21.7 1.8917e+01  14 1.00000e+00  
 21.8 1.9000e+01  14 1.00000e+00  
 21.9 1.9083e+01  14 1.00000e+00  
 22.0 1.9166e+01  14 1.00000e+00  
 22.1 1.9249e+01  14 1.00000e+00  
 22.2 1.9332e+01  14 1.00000e+00  
 22.3 1.9415e+01  14 1.00000e+00  
 22.4 1.9498e+01  14 1.00000e+00  
 22.5 1.9581e+01  14 1.00000e+00  
 22.6 1.9663e+01  14 1.00000e+00  
 22.7 1.9746e+01  14 1.00000e+00  
 22.8 5.5352e+00  14 2.44873e-01  
 22.9 5.6517e+00  14 2.49935e-01  
 23.0 5.7698e+00  14 2.55039e-01  
 23.1 5.8895e+00  14 2.60184e-01  
 23.2 6.0108e+00  14 2.65369e-01  
 23.3 6.1338e+00  14 2.70596e-01  
 23.4 6.2584e+00  14 2.75863e-01  
 23.5 6.3846e+00  14 2.81170e-01  
 23.6 6.5126e+00  14 2.86518e-01  
 23.7 6.6421e+00  14 2.91906e-01  
 23.8 6.7733e+00  14 2.97333e-01  
 23.9 6.9062e+00  14 3.02800e-01  
 24.0 7.0408e+00  14 3.08307e-01  
 24.1 7.1770e+00  14 3.13853e-01  
 24.2 7.3149e+00  14 3.19438e-01  
 24.3 7.4545e+00  14 3.25062e-01  
 24.4 7.5958e+00  14 3.30725e-01  
 24.5 7.7388e+00  14 3.36427e-01  
 24.6 7.8835e+00  14 3.42167e-01  
 24.7 8.0299e+00  14 3.47945e-01  
 24.8 8.1781e+00  14 3.53762e-01  
 24.9 8.3279e+00  14 3.59617e-01  
 25.0 8.4795e+00  14 3.65510e-01  
 25.1 8.6328e+00  14 3.71441e-01  
 25.2 8.7879e+00  14 3.77410e-01  
 25.3 8.9447e+00  14 3.83416e-01  
 25.4 9.1033e+00  14 3.89460e-01  
 25.5 9.2636e+00  14 3.95541e-01  
 25.6 9.4257e+00  14 4.01660e-01  
 25.7 9.5895e+00  14 4.07815e-01  
 25.8 9.7551e+00  14 4.14008e-01  
 25.9 9.9225e+00  14 4.20238e-01  
 26.0 1.0092e+01  14 4.26505e-01  
 26.1 1.0263e+01  14 4.32808e-01  
 26.2 1.0436e+01  14 4.39148e-01  
 26.3 1.0610e+01  14 4.45525e-01  
 26.4 1.0787e+01  14 4.51939e-01  
 26.5 1.0965e+01  14 4.58389e-01  
 26.6 1.1145e+01  14 4.64875e-01  
 26.7 1.1327e+01  14 4.71398e-01  
 26.8 1.1510e+01  14 4.77957e-01  
 26.9 1.1696e+01  14 4.84552e-01  
 27.0 1.1883e+01  14 4.91183e-01  
 27.1 1.2073e+01  14 4.97850e-01  
 27.2 1.2264e+01  14 5.04553e-01  
 27.3 1.2457e+01  14 5.11292e-01  
 27.4 1.2652e+01  14 5.18067e-01  
 27.5 1.2849e+01  14 5.24878e-01  
 27.6 1.3047e+01  14 5.31725e-01  
 27.7 1.3248e+01  14 5.38607e-01  
 27.8 1.3450e+01  14 5.45525e-01  
 27.9 1.3655e+01  14 5.52479e-01  
 28.0 1.3861e+01  14 5.59468e-01  
 28.1 1.4069e+01  14 5.66495e-01  
 28.2 1.4279e+01  14 5.73556e-01  
 28.3 1.4491e+01  14 5.80653e-01  
 28.4 1.4704e+01  14 5.87786e-01  
 28.5 1.4889e+01  14 5.95217e-01  
 28.6 1.5106e+01  14 6.02415e-01  
 28.7 1.5324e+01  14 6.09652e-01  
 28.8 1.5545e+01  14 6.16921e-01  
 28.9 1.5767e+01  14 6.24226e-01  
 29.0 1.5992e+01  14 6.31566e-01  
 29.1 1.6218e+01  14 6.38941e-01  
 29.2 1.6447e+01  14 6.46349e-01  
 29.3 1.6677e+01  14 6.53794e-01  
 29.4 1.6910e+01  14 6.61275e-01  
 29.5 1.7104e+01  14 6.69008e-01  
 29.6 1.7339e+01  14 6.76554e-01  
 29.7 1.7576e+01  14 6.84135e-01  
 29.8 1.7816e+01  14 6.91750e-01  
 29.9 1.8057e+01  14 6.99401e-01  
 30.0 1.8300e+01  14 7.07086e-01  
 30.1 1.8546e+01  14 7.14806e-01  
 30.2 1.8793e+01  14 7.22561e-01  
 30.3 1.9042e+01  14 7.30353e-01  
 30.4 1.9293e+01  14 7.38179e-01  
 30.5 1.9496e+01  14 7.46206e-01  
 30.6 1.9751e+01  14 7.54096e-01  
 30.7 2.0007e+01  14 7.62021e-01  
 30.8 2.0265e+01  14 7.69981e-01  
 30.9 2.0526e+01  14 7.77976e-01  
 31.0 2.0788e+01  14 7.86005e-01  
 31.1 2.1053e+01  14 7.94070e-01  
 31.2 2.1319e+01  14 8.02170e-01  
 31.3 2.1587e+01  14 8.10306e-01  
 31.4 2.1857e+01  14 8.18476e-01  
 31.5 2.2069e+01  14 8.26795e-01  
 31.6 2.2342e+01  14 8.35028e-01  
 31.7 2.2618e+01  14 8.43297e-01  
 31.8 2.2895e+01  14 8.51601e-01  
 31.9 2.3175e+01  14 8.59939e-01  
 32.0 2.3457e+01  14 8.68313e-01  
 32.1 2.3741e+01  14 8.76722e-01  
 32.2 2.4026e+01  14 8.85167e-01  
 32.3 2.4314e+01  14 8.93646e-01  
 32.4 2.4603e+01  14 9.02160e-01  
 32.5 2.4821e+01  14 9.10769e-01  
 32.6 2.5114e+01  14 9.19347e-01  
 32.7 2.5410e+01  14 9.27960e-01  
 32.8 2.5707e+01  14 9.36608e-01  
 32.9 2.6006e+01  14 9.45292e-01  
 33.0 2.6307e+01  14 9.54011e-01  
 33.1 2.6610e+01  14 9.62765e-01  
 33.2 2.6915e+01  14 9.71554e-01  
 33.3 2.7223e+01  14 9.80379e-01  
 33.4 2.7532e+01  14 9.89238e-01  
 33.5 2.7755e+01  14 9.98134e-01  
 33.6 2.7877e+01  14 1.00000e+00  
 33.7 2.7949e+01  14 1.00000e+00  
 33.8 2.8021e+01  14 1.00000e+00  
 33.9 2.8092e+01  14 1.00000e+00  
 34.0 2.8164e+01  14 1.00000e+00  
 34.1 2.8235e+01  14 1.00000e+00  
 34.2 2.8306e+01  14 1.00000e+00  
 34.3 2.8377e+01  14 1.00000e+00  
 34.4 2.8447e+01  14 1.00000e+00  
 34.5 2.8422e+01  14 1.00000e+00  
 34.6 2.8492e+01  14 1.00000e+00  
 34.7 2.8430e+01  14 1.00000e+00  
 34.8 2.8500e+01  14 1.00000e+00  
 34.9 2.8571e+01  14 1.00000e+00  
 35.0 2.8641e+01  14 1.00000e+00  
 35.1 2.8564e+01  14 1.00000e+00  
 35.2 2.8635e+01  14 1.00000e+00  
 35.3 2.8704e+01  14 1.00000e+00  
 35.4 2.8774e+01  14 1.00000e+00  
 35.5 2.8741e+01  14 1.00000e+00  
 35.6 2.8663e+01  14 1.00000e+00  
 35.7 2.8732e+01  14 1.00000e+00  
 35.8 2.8801e+01  14 1.00000e+00  
 35.9 2.8871e+01  14 1.00000e+00  
 36.0 2.8791e+01  14 1.00000e+00  
 36.1 2.6877e+01  14 1.00000e+00  
 36.2 2.4858e+01  14 1.00000e+00  
 36.3 2.3559e+01  14 1.00000e+00  
 36.4 2.0963e+01  14 1.00000e+00  
 36.5 1.9676e+01  14 1.00000e+00  
 36.6 1.6993e+01  14 1.00000e+00  
 36.7 1.4588e+01  14 1.00000e+00  
 36.8 1.3625e+01  14 1.00000e+00  
 36.9 1.3515e+01  14 1.00000e+00  
 37.0 1.3578e+01  14 1.00000e+00  
 37.1 1.3558e+01  14 1.00000e+00  
 37.2 1.3518e+01  14 1.00000e+00  
 37.3 1.3480e+01  14 1.00000e+00  
 37.4 1.3446e+01  14 1.00000e+00  
 37.5 1.3376e+01  14 1.00000e+00  
 37.6 1.3405e+01  14 1.00000e+00  
 37.7 1.3325e+01  14 1.00000e+00  
 37.8 1.3371e+01  14 1.00000e+00  
 37.9 1.3429e+01  14 1.00000e+00  
 38.0 1.3542e+01  14 1.00000e+00  
 38.1 1.3579e+01  14 1.00000e+00  
 38.2 1.3615e+01  14 1.00000e+00  
 38.3 1.3651e+01  14 1.00000e+00  
 38.4 1.3604e+01  14 1.00000e+00  
 38.5 1.3716e+01  14 1.00000e+00  
 38.6 1.3753e+01  14 1.00000e+00  
 38.7 1.3789e+01  14 1.00000e+00  
 38.8 1.3824e+01  14 1.00000e+00  
 38.9 1.3859e+01  14 1.00000e+00  
 39.0 1.3889e+01  14 1.00000e+00  
 39.1 1.3927e+01  14 1.00000e+00  
 39.2 1.3962e+01  14 1.00000e+00  
 39.3 1.3997e+01  14 1.00000e+00  
 39.4 1.4033e+01  14 1.00000e+00  
 39.5 1.4068e+01  14 1.00000e+00  
 39.6 1.4100e+01  14 1.00000e+00  
 39.7 1.4135e+01  14 1.00000e+00  
 39.8 1.4170e+01  14 1.00000e+00  
 39.9 1.4206e+01  14 1.00000e+00  
 40.0 1.4241e+01  14 1.00000e+00  
 40.1 1.4276e+01  14 1.00000e+00  
 40.2 1.4308e+01  14 1.00000e+00  
 40.3 1.4343e+01  14 1.00000e+00  
 40.4 1.4379e+01  14 1.00000e+00  
 40.5 1.4414e+01  14 1.00000e+00  
 40.6 1.4449e+01  14 1.00000e+00  
 40.7 1.4484e+01  14 1.00000e+00  
 40.8 1.4516e+01  14 1.00000e+00  
 40.9 1.4552e+01  14 1.00000e+00  
 41.0 1.4587e+01  14 1.00000e+00  
 41.1 1.4622e+01  14 1.00000e+00  
 41.2 1.4657e+01  14 1.00000e+00  
 41.3 1.4691e+01  14 1.00000e+00  
 41.4 1.4724e+01  14 1.00000e+00  
 41.5 1.4759e+01  14 1.00000e+00  
 41.6 1.4794e+01  14 1.00000e+00  
 41.7 1.4829e+01  14 1.00000e+00  
 41.8 1.4863e+01  14 1.00000e+00  
 41.9 1.4896e+01  14 1.00000e+00  
 42.0 1.4931e+01  14 1.00000e+00  
 42.1 1.4966e+01  14 1.00000e+00  
 42.2 1.5001e+01  14 1.00000e+00  
 42.3 1.5036e+01  14 1.00000e+00  
 42.4 1.5069e+01  14 1.00000e+00  
 42.5 1.5103e+01  14 1.00000e+00  
 42.6 1.5138e+01  14 1.00000e+00  
 42.7 1.5173e+01  14 1.00000e+00  
 42.8 1.5214e+01  14 1.00000e+00  
 42.9 1.5241e+01  14 1.00000e+00  
 43.0 1.5275e+01  14 1.00000e+00  
 43.1 1.5310e+01  14 1.00000e+00  
 43.2 1.5347e+01  14 1.00000e+00  
 43.3 1.5393e+01  14 1.00000e+00  
 43.4 1.5412e+01  14 1.00000e+00  
 43.5 1.5447e+01  14 1.00000e+00  
 43.6 1.5481e+01  14 1.00000e+00  
 43.7 1.5526e+01  14 1.00000e+00  
 43.8 1.5549e+01  14 1.00000e+00  
 43.9 1.5583e+01  14 1.00000e+00  
 44.0 1.5618e+01  14 1.00000e+00  
 44.1 1.5661e+01  14 1.00000e+00  
 44.2 1.5685e+01  14 1.00000e+00  
 44.3 1.5720e+01  14 1.00000e+00  
 44.4 1.5754e+01  14 1.00000e+00  
 44.5 1.5787e+01  14 1.00000e+00  
 44.6 1.5822e+01  14 1.00000e+00  
 44.7 1.5856e+01  14 1.00000e+00  
 44.8 1.5888e+01  14 1.00000e+00  
 44.9 1.5923e+01  14 1.00000e+00  
 45.0 1.5955e+01  14 1.00000e+00  
 45.1 1.5990e+01  14 1.00000e+00  
 45.2 1.6021e+01  14 1.00000e+00  
 45.3 1.6055e+01  14 1.00000e+00  
 45.4 1.6085e+01  14 1.00000e+00  
 45.5 1.5979e+01  14 1.00000e+00  
 45.6 1.5981e+01  14 1.00000e+00  
 45.7 1.5995e+01  14 1.00000e+00  
 45.8 1.6032e+01  14 1.00000e+00  
 45.9 1.6069e+01  14 1.00000e+00  
 46.0 1.6106e+01  14 1.00000e+00  
 46.1 1.6142e+01  14 1.00000e+00  
 46.2 1.6176e+01  14 1.00000e+00  
 46.3 1.6210e+01  14 1.00000e+00  
 46.4 1.6245e+01  14 1.00000e+00  
 46.5 1.6277e+01  14 1.00000e+00  
 46.6 1.6311e+01  14 1.00000e+00  
 46.7 1.6345e+01  14 1.00000e+00  
 46.8 1.6379e+01  14 1.00000e+00  
 46.9 1.6412e+01  14 1.00000e+00  
 47.0 1.6445e+01  14 1.00000e+00  
 47.1 1.6485e+01  14 1.00000e+00  
 47.2 1.6675e+01  14 1.00000e+00  
 47.3 1.6711e+01  14 1.00000e+00  
 47.4 1.6748e+01  14 1.00000e+00  
 47.5 1.6786e+01  14 1.00000e+00  
 47.6 1.6822e+01  14 1.00000e+00  
 47.7 1.6856e+01  14 1.00000e+00  
 47.8 1.6890e+01  14 1.00000e+00  
 47.9 1.6925e+01  14 1.00000e+00  
 48.0 1.6959e+01  14 1.00000e+00  
 48.1 1.6994e+01  14 1.00000e+00  
 48.2 1.7028e+01  14 1.00000e+00  
 48.3 1.7050e+01  14 1.00000e+00  
 48.4 1.7083e+01  14 1.00000e+00  
 48.5 1.7123e+01  14 1.00000e+00  
 48.6 1.7169e+01  14 1.00000e+00  
 48.7 1.7215e+01  14 1.00000e+00  
 48.8 1.7261e+01  14 1.00000e+00  
 48.9 1.7431e+01  14 1.00000e+00  
 49.0 1.7469e+01  14 1.00000e+00  
 49.1 1.7505e+01  14 1.00000e+00  
 49.2 1.7539e+01  14 1.00000e+00  
 49.3 1.7574e+01  14 1.00000e+00  
 49.4 1.7609e+01  14 1.00000e+00  
 49.5 1.7644e+01  14 1.00000e+00  
 49.6 1.7679e+01  14 1.00000e+00  
 49.7 1.7713e+01  14 1.00000e+00  
 49.8 1.7747e+01  14 1.00000e+00  
 49.9 1.7781e+01  14 1.00000e+00  
 50.0 1.7815e+01  14 1.00000e+00  
 50.1 1.7856e+01  14 1.00000e+00  
 50.2 1.7902e+01  14 1.00000e+00  
 50.3 1.7948e+01  14 1.00000e+00  
 50.4 1.7995e+01  14 1.00000e+00  
 50.5 1.8041e+01  14 1.00000e+00  
 50.6 1.8209e+01  14 1.00000e+00  
 50.7 1.8247e+01  14 1.00000e+00  
 50.8 1.8283e+01  14 1.00000e+00  
 50.9 1.8318e+01  14 1.00000e+00  
 51.0 1.8353e+01  14 1.00000e+00  
 51.1 1.8389e+01  14 1.00000e+00  
 51.2 1.8424e+01  14 1.00000e+00  
 51.3 1.8449e+01  14 1.00000e+00  
 51.4 1.8483e+01  14 1.00000e+00  
 51.5 1.8517e+01  14 1.00000e+00  
 51.6 1.8551e+01  14 1.00000e+00  
 51.7 1.8591e+01  14 1.00000e+00  
 51.8 1.8638e+01  14 1.00000e+00  
 51.9 1.8684e+01  14 1.00000e+00  
 52.0 1.8731e+01  14 1.00000e+00  
 52.1 1.8777e+01  14 1.00000e+00  
 52.2 1.8837e+01  14 1.00000e+00  
 52.3 1.8898e+01  14 1.00000e+00  
 52.4 1.9030e+01  14 1.00000e+00  
 52.5 1.9068e+01  14 1.00000e+00  
 52.6 1.9103e+01  14 1.00000e+00  
 52.7 1.9139e+01  14 1.00000e+00  
 52.8 1.9175e+01  14 1.00000e+00  
 52.9 1.9210e+01  14 1.00000e+00  
 53.0 1.9245e+01  14 1.00000e+00  
 53.1 1.9281e+01  14 1.00000e+00  
 53.2 1.9315e+01  14 1.00000e+00  
 53.3 1.9350e+01  14 1.00000e+00  
 53.4 1.9384e+01  14 1.00000e+00  
 53.5 1.9424e+01  14 1.00000e+00  
 53.6 1.9470e+01  14 1.00000e+00  
 53.7 1.9517e+01  14 1.00000e+00  
 53.8 1.9564e+01  14 1.00000e+00  
 53.9 1.9637e+01  14 1.00000e+00  
 54.0 1.9695e+01  14 1.00000e+00  
 54.1 1.9748e+01  14 1.00000e+00  
 54.2 1.9797e+01  14 1.00000e+00  
 54.3 1.9912e+01  14 1.00000e+00  
 54.4 1.9951e+01  14 1.00000e+00  
 54.5 1.9978e+01  14 1.00000e+00  
 54.6 2.0014e+01  14 1.00000e+00  
 54.7 2.0050e+01  14 1.00000e+00  
 54.8 2.0085e+01  14 1.00000e+00  
 54.9 2.0121e+01  14 1.00000e+00  
 55.0 2.0156e+01  14 1.00000e+00  
 55.1 2.0191e+01  14 1.00000e+00  
 55.2 2.0226e+01  14 1.00000e+00  
 55.3 2.0261e+01  14 1.00000e+00  
 55.4 2.0305e+01  14 1.00000e+00  
 55.5 2.0352e+01  14 1.00000e+00  
 55.6 2.0399e+01  14 1.00000e+00  
 55.7 2.0446e+01  14 1.00000e+00  
 55.8 2.0518e+01  14 1.00000e+00  
 55.9 2.0576e+01  14 1.00000e+00  
 56.0 2.0630e+01  14 1.00000e+00  
 56.1 2.0680e+01  14 1.00000e+00  
 56.2 2.0805e+01  14 1.00000e+00  
 56.3 2.0844e+01  14 1.00000e+00  
 56.4 2.0880e+01  14 1.00000e+00  
 56.5 2.0916e+01  14 1.00000e+00  
 56.6 2.0950e+01  14 1.00000e+00  
 56.7 2.0987e+01  14 1.00000e+00  
 56.8 2.1024e+01  14 1.00000e+00  
 56.9 2.1060e+01  14 1.00000e+00  
 57.0 2.1095e+01  14 1.00000e+00  
 57.1 2.1131e+01  14 1.00000e+00  
 57.2 2.1165e+01  14 1.00000e+00  
 57.3 2.1200e+01  14 1.00000e+00  
 57.4 2.1238e+01  14 1.00000e+00  
 57.5 2.1285e+01  14 1.00000e+00  
 57.6 2.1332e+01  14 1.00000e+00  
 57.7 2.1379e+01  14 1.00000e+00  
 57.8 2.1426e+01  14 1.00000e+00  
 57.9 2.1491e+01  14 1.00000e+00  
 58.0 2.1551e+01  14 1.00000e+00  
 58.1 2.1607e+01  14 1.00000e+00  
 58.2 2.1658e+01  14 1.00000e+00  
 58.3 2.1706e+01  14 1.00000e+00  
 58.4 2.1835e+01  14 1.00000e+00  
 58.5 2.1873e+01  14 1.00000e+00  
 58.6 2.1909e+01  14 1.00000e+00  
 58.7 2.1939e+01  14 1.00000e+00  
 58.8 2.1976e+01  14 1.00000e+00  
 58.9 2.2011e+01  14 1.00000e+00  
 59.0 2.2049e+01  14 1.00000e+00  
 59.1 2.2089e+01  14 1.00000e+00  
 59.2 2.2131e+01  14 1.00000e+00  
 59.3 2.2163e+01  14 1.00000e+00  
 59.4 2.2208e+01  14 1.00000e+00  
 59.5 2.2254e+01  14 1.00000e+00  
 59.6 2.2281e+01  14 1.00000e+00  
 59.7 2.2333e+01  14 1.00000e+00  
 59.8 2.2361e+01  14 1.00000e+00  
 59.9 2.2409e+01  14 1.00000e+00  
 60.0 2.2461e+01  14 1.00000e+00  
 60.1 2.2502e+01  14 1.00000e+00  
 60.2 2.2549e+01  14 1.00000e+00  
 60.3 2.2596e+01  14 1.00000e+00  
 60.4 2.2643e+01  14 1.00000e+00  
 60.5 2.2690e+01  14 1.00000e+00  
 60.6 2.2736e+01  14 1.00000e+00  
 60.7 2.2784e+01  14 1.00000e+00  
 60.8 2.2831e+01  14 1.00000e+00  
 60.9 2.2877e+01  14 1.00000e+00  
 61.0 2.2928e+01  14 1.00000e+00  
 61.1 2.2972e+01  14 1.00000e+00  
 61.2 2.3018e+01  14 1.00000e+00  
 61.3 2.3065e+01  14 1.00000e+00  
 61.4 2.3113e+01  14 1.00000e+00  
 61.5 2.3160e+01  14 1.00000e+00  
 61.6 2.3206e+01  14 1.00000e+00  
 61.7 2.3267e+01  14 1.00000e+00  
 61.8 2.3301e+01  14 1.00000e+00  
 61.9 2.3347e+01  14 1.00000e+00  
 62.0 2.3401e+01  14 1.00000e+00  
 62.1 2.3471e+01  14 1.00000e+00  
 62.2 2.3489e+01  14 1.00000e+00  
 62.3 2.3537e+01  14 1.00000e+00  
 62.4 2.3604e+01  14 1.00000e+00  
 62.5 2.3669e+01  14 1.00000e+00  
 62.6 2.3676e+01  14 1.00000e+00  
 62.7 2.3726e+01  14 1.00000e+00  
 62.8 2.3797e+01  14 1.00000e+00  
 62.9 2.3868e+01  14 1.00000e+00  
 63.0 2.3854e+01  14 1.00000e+00  
 63.1 2.3928e+01  14 1.00000e+00  
 63.2 2.4000e+01  14 1.00000e+00  
 63.3 2.4067e+01  14 1.00000e+00  
 63.4 2.4052e+01  14 1.00000e+00  
 63.5 2.4125e+01  14 1.00000e+00  
 63.6 2.4196e+01  14 1.00000e+00  
 63.7 2.4264e+01  14 1.00000e+00  
 63.8 2.4332e+01  14 1.00000e+00  
 63.9 2.4318e+01  14 1.00000e+00  
 64.0 2.4388e+01  14 1.00000e+00  
 64.1 2.4454e+01  14 1.00000e+00  
 64.2 2.4526e+01  14 1.00000e+00  
 64.3 2.4506e+01  14 1.00000e+00  
 64.4 2.4574e+01  14 1.00000e+00  
 64.5 2.4646e+01  14 1.00000e+00  
 64.6 2.4712e+01  14 1.00000e+00  
 64.7 2.4643e+01  14 1.00000e+00  
 64.8 2.4762e+01  14 1.00000e+00  
 64.9 2.4829e+01  14 1.00000e+00  
 65.0 2.4782e+01  14 1.00000e+00  
 65.1 2.4820e+01  14 1.00000e+00  
 65.2 2.4825e+01  14 1.00000e+00  
 65.3 2.4869e+01  14 1.00000e+00  
 65.4 2.4962e+01  14 1.00000e+00  
 65.5 2.4998e+01  14 1.00000e+00  
 65.6 2.5003e+01  14 1.00000e+00  
 65.7 2.5046e+01  14 1.00000e+00  
 65.8 2.5090e+01  14 1.00000e+00  
 65.9 2.5180e+01  14 1.00000e+00  
 66.0 2.5202e+01  14 1.00000e+00  
 66.1 2.5225e+01  14 1.00000e+00  
 66.2 2.5269e+01  14 1.00000e+00  
 66.3 2.5312e+01  14 1.00000e+00  
 66.4 2.5387e+01  14 1.00000e+00  
 66.5 2.5403e+01  14 1.00000e+00  
 66.6 2.5447e+01  14 1.00000e+00  
 66.7 2.5491e+01  14 1.00000e+00  
 66.8 2.5538e+01  14 1.00000e+00  
 66.9 2.5613e+01  14 1.00000e+00  
 67.0 2.5690e+01  14 1.00000e+00  
 67.1 2.5670e+01  14 1.00000e+00  
 67.2 2.5714e+01  14 1.00000e+00  
 67.3 2.5768e+01  14 1.00000e+00  
 67.4 2.5844e+01  14 1.00000e+00  
 67.5 2.5917e+01  14 1.00000e+00  
 67.6 2.5990e+01  14 1.00000e+00  
 67.7 2.6060e+01  14 1.00000e+00  
 67.8 2.5987e+01  14 1.00000e+00  
 67.9 2.6061e+01  14 1.00000e+00  
 68.0 2.6137e+01  14 1.00000e+00  
 68.1 2.6211e+01  14 1.00000e+00  
 68.2 2.6279e+01  14 1.00000e+00  
 68.3 2.6351e+01  14 1.00000e+00  
 68.4 2.6312e+01  14 1.00000e+00  
 68.5 2.6347e+01  14 1.00000e+00  
 68.6 2.6419e+01  14 1.00000e+00  
 68.7 2.6493e+01  14 1.00000e+00  
 68.8 2.6562e+01  14 1.00000e+00  
 68.9 2.6632e+01  14 1.00000e+00  
 69.0 2.6586e+01  14 1.00000e+00  
 69.1 2.6624e+01  14 1.00000e+00  
 69.2 2.6696e+01  14 1.00000e+00  
 69.3 2.6765e+01  14 1.00000e+00  
 69.4 2.6837e+01  14 1.00000e+00  
 69.5 2.6906e+01  14 1.00000e+00  
 69.6 2.6859e+01  14 1.00000e+00  
 69.7 2.6899e+01  14 1.00000e+00  
 69.8 2.6893e+01  14 1.00000e+00  
 69.9 2.6928e+01  14 1.00000e+00  
 70.0 2.7102e+01  14 1.00000e+00  
 70.1 2.7169e+01  14 1.00000e+00  
 70.2 2.7132e+01  14 1.00000e+00  
 70.3 2.7176e+01  14 1.00000e+00  
 70.4 2.7206e+01  14 1.00000e+00  
 70.5 2.7201e+01  14 1.00000e+00  
 70.6 2.7244e+01  14 1.00000e+00  
 70.7 2.7289e+01  14 1.00000e+00  
 70.8 2.7493e+01  14 1.00000e+00  
 70.9 2.7453e+01  14 1.00000e+00  
 71.0 2.7496e+01  14 1.00000e+00  
 71.1 2.7532e+01  14 1.00000e+00  
 71.2 2.7527e+01  14 1.00000e+00  
 71.3 2.7561e+01  14 1.00000e+00  
 71.4 2.7606e+01  14 1.00000e+00  
 71.5 2.7651e+01  14 1.00000e+00  
 71.6 2.7726e+01  14 1.00000e+00  
 71.7 2.7818e+01  14 1.00000e+00  
 71.8 2.7861e+01  14 1.00000e+00  
 71.9 2.7887e+01  14 1.00000e+00  
 72.0 2.7883e+01  14 1.00000e+00  
 72.1 2.7925e+01  14 1.00000e+00  
 72.2 2.7970e+01  14 1.00000e+00  
 72.3 2.8022e+01  14 1.00000e+00  
 72.4 2.8100e+01  14 1.00000e+00  
 72.5 2.8172e+01  14 1.00000e+00  
 72.6 2.8163e+01  14 1.00000e+00  
 72.7 2.8260e+01  14 1.00000e+00  
 72.8 2.8257e+01  14 1.00000e+00  
 72.9 2.8290e+01  14 1.00000e+00  
 73.0 2.8335e+01  14 1.00000e+00  
 73.1 2.8381e+01  14 1.00000e+00  
 73.2 2.8453e+01  14 1.00000e+00  
 73.3 2.8525e+01  14 1.00000e+00  
 73.4 2.8596e+01  14 1.00000e+00  
 73.5 2.8669e+01  14 1.00000e+00  
 73.6 2.8683e+01  14 1.00000e+00  
 73.7 2.8671e+01  14 1.00000e+00  
 73.8 2.8702e+01  14 1.00000e+00  
 73.9 2.8747e+01  14 1.00000e+00  
 74.0 2.8794e+01  14 1.00000e+00  
 74.1 2.8864e+01  14 1.00000e+00  
 74.2 2.8937e+01  14 1.00000e+00  
 74.3 2.9007e+01  14 1.00000e+00  
 74.4 2.9077e+01  14 1.00000e+00  
 74.5 2.9144e+01  14 1.00000e+00  
 74.6 2.9208e+01  14 1.00000e+00  
 74.7 2.9114e+01  14 1.00000e+00  
 74.8 2.9161e+01  14 1.00000e+00  
 74.9 2.9206e+01  14 1.00000e+00  
 75.0 2.9255e+01  14 1.00000e+00  
 75.1 2.9327e+01  14 1.00000e+00  
 75.2 2.9398e+01  14 1.00000e+00  
 75.3 2.9468e+01  14 1.00000e+00  
 75.4 2.9533e+01  14 1.00000e+00  
 75.5 2.9602e+01  14 1.00000e+00  
 75.6 2.9667e+01  14 1.00000e+00  
 75.7 2.9735e+01  14 1.00000e+00  
 75.8 2.9799e+01  14 1.00000e+00  
 75.9 2.9667e+01  14 1.00000e+00  
 76.0 2.9713e+01  14 1.00000e+00  
 76.1 2.9759e+01  14 1.00000e+00  
 76.2 2.9827e+01  14 1.00000e+00  
 76.3 2.9899e+01  14 1.00000e+00  
 76.4 2.9968e+01  14 1.00000e+00  
 76.5 3.0036e+01  14 1.00000e+00  
 76.6 3.0103e+01  14 1.00000e+00  
 76.7 3.0169e+01  14 1.00000e+00  
 76.8 3.0234e+01  14 1.00000e+00  
 76.9 3.0299e+01  14 1.00000e+00  
 77.0 3.0364e+01  14 1.00000e+00  
 77.1 3.0367e+01  14 1.00000e+00  
 77.2 3.0269e+01  14 1.00000e+00  
 77.3 3.0315e+01  14 1.00000e+00  
 77.4 3.0378e+01  14 1.00000e+00  
 77.5 3.0450e+01  14 1.00000e+00  
 77.6 3.0516e+01  14 1.00000e+00  
 77.7 3.0586e+01  14 1.00000e+00  
 77.8 3.0652e+01  14 1.00000e+00  
 77.9 3.0717e+01  14 1.00000e+00  
 78.0 3.0782e+01  14 1.00000e+00  
 78.1 3.0847e+01  14 1.00000e+00  
 78.2 3.0911e+01  14 1.00000e+00  
 78.3 3.0876e+01  14 1.00000e+00  
 78.4 3.0930e+01  14 1.00000e+00  
 78.5 3.0910e+01  14 1.00000e+00  
 78.6 3.0920e+01  14 1.00000e+00  
 78.7 3.0970e+01  14 1.00000e+00  
 78.8 3.1035e+01  14 1.00000e+00  
 78.9 3.1106e+01  14 1.00000e+00  
 79.0 3.1171e+01  14 1.00000e+00  
 79.1 3.1241e+01  14 1.00000e+00  
 79.2 3.1305e+01  14 1.00000e+00  
 79.3 3.1371e+01  14 1.00000e+00  
 79.4 3.1434e+01  14 1.00000e+00  
 79.5 3.1497e+01  14 1.00000e+00  
 79.6 3.1562e+01  14 1.00000e+00  
 79.7 3.1624e+01  14 1.00000e+00  
 79.8 3.1588e+01  14 1.00000e+00  
 79.9 3.1640e+01  14 1.00000e+00  
 80.0 3.1638e+01  14 1.00000e+00  
 80.1 3.1622e+01  14 1.00000e+00  
 80.2 3.1668e+01  14 1.00000e+00  
 80.3 3.1725e+01  14 1.00000e+00  
 80.4 3.1792e+01  14 1.00000e+00  
 80.5 3.1860e+01  14 1.00000e+00  
 80.6 3.1920e+01  14 1.00000e+00  
 80.7 3.1991e+01  14 1.00000e+00  
 80.8 3.2052e+01  14 1.00000e+00  
 80.9 3.2118e+01  14 1.00000e+00  
 81.0 3.2178e+01  14 1.00000e+00  
 81.1 3.2240e+01  14 1.00000e+00  
 81.2 3.2303e+01  14 1.00000e+00  
 81.3 3.2366e+01  14 1.00000e+00  
 81.4 3.2428e+01  14 1.00000e+00  
 81.5 3.2390e+01  14 1.00000e+00  
 81.6 3.2472e+01  14 1.00000e+00  
 81.7 3.2415e+01  14 1.00000e+00  
 81.8 3.2436e+01  14 1.00000e+00  
 81.9 3.2469e+01  14 1.00000e+00  
 82.0 3.2516e+01  14 1.00000e+00  
 82.1 3.2568e+01  14 1.00000e+00  
 82.2 3.2631e+01  14 1.00000e+00  
 82.3 3.2697e+01  14 1.00000e+00  
 82.4 3.2763e+01  14 1.00000e+00  
 82.5 3.2823e+01  14 1.00000e+00  
 82.6 3.2886e+01  14 1.00000e+00  
 82.7 3.2949e+01  14 1.00000e+00  
 82.8 3.3012e+01  14 1.00000e+00  
 82.9 3.3075e+01  14 1.00000e+00  
 83.0 3.3133e+01  14 1.00000e+00  
 83.1 3.3198e+01  14 1.00000e+00  
 83.2 3.3259e+01  14 1.00000e+00  
 83.3 3.3297e+01  14 1.00000e+00  
 83.4 3.3261e+01  14 1.00000e+00  
 83.5 3.3317e+01  14 1.00000e+00  
 83.6 3.3358e+01  14 1.00000e+00  
 83.7 3.3391e+01  14 1.00000e+00  
 83.8 3.3428e+01  14 1.00000e+00  
 83.9 3.3453e+01  14 1.00000e+00  
 84.0 3.3474e+01  14 1.00000e+00  
 84.1 3.3512e+01  14 1.00000e+00  
 84.2 3.3559e+01  14 1.00000e+00  
 84.3 3.3616e+01  14 1.00000e+00  
 84.4 3.3679e+01  14 1.00000e+00  
 84.5 3.3743e+01  14 1.00000e+00  
 84.6 3.3807e+01  14 1.00000e+00  
 84.7 3.3866e+01  14 1.00000e+00  
 84.8 3.3931e+01  14 1.00000e+00  
 84.9 3.3991e+01  14 1.00000e+00  
 85.0 3.4051e+01  14 1.00000e+00  
 85.1 3.4107e+01  14 1.00000e+00  
 85.2 3.4111e+01  14 1.00000e+00  
 85.3 3.4182e+01  14 1.00000e+00  
 85.4 3.4266e+01  14 1.00000e+00  
 85.5 3.4313e+01  14 1.00000e+00  
 85.6 3.4366e+01  14 1.00000e+00  
 85.7 3.4414e+01  14 1.00000e+00  
 85.8 3.4457e+01  14 1.00000e+00  
 85.9 3.4506e+01  14 1.00000e+00  
 86.0 3.4527e+01  14 1.00000e+00  
 86.1 3.4569e+01  14 1.00000e+00  
 86.2 3.4613e+01  14 1.00000e+00  
 86.3 3.4652e+01  14 1.00000e+00  
 86.4 3.4689e+01  14 1.00000e+00  
 86.5 3.4729e+01  14 1.00000e+00  
 86.6 3.4764e+01  14 1.00000e+00  
 86.7 3.4791e+01  14 1.00000e+00  
 86.8 3.4815e+01  14 1.00000e+00  
 86.9 3.4852e+01  14 1.00000e+00  
 87.0 3.4902e+01  14 1.00000e+00  
 87.1 3.4958e+01  14 1.00000e+00  
 87.2 3.5020e+01  14 1.00000e+00  
 87.3 3.5084e+01  14 1.00000e+00  
 87.4 3.5146e+01  14 1.00000e+00  
 87.5 3.5179e+01  14 1.00000e+00  
 87.6 3.5241e+01  14 1.00000e+00  
 87.7 3.5437e+01  14 1.00000e+00  
 87.8 3.5461e+01  14 1.00000e+00  
 87.9 3.5511e+01  14 1.00000e+00  
 88.0 3.5574e+01  14 1.00000e+00  
 88.1 3.5627e+01  14 1.00000e+00  
 88.2 3.5686e+01  14 1.00000e+00  
 88.3 3.5742e+01  14 1.00000e+00  
 88.4 3.5709e+01  14 1.00000e+00  
 88.5 3.5763e+01  14 1.00000e+00  
 88.6 3.5812e+01  14 1.00000e+00  
 88.7 3.5869e+01  14 1.00000e+00  
 88.8 3.5917e+01  14 1.00000e+00  
 88.9 3.5968e+01  14 1.00000e+00  
 89.0 3.6019e+01  14 1.00000e+00  
 89.1 3.6068e+01  14 1.00000e+00  
 89.2 3.6112e+01  14 1.00000e+00  
 89.3 3.6161e+01  14 1.00000e+00  
 89.4 3.6207e+01  14 1.00000e+00  
 89.5 3.6234e+01  14 1.00000e+00  
 89.6 3.6273e+01  14 1.00000e+00  
 89.7 3.6325e+01  14 1.00000e+00  
 89.8 3.6363e+01  14 1.00000e+00  
 89.9 3.6410e+01  14 1.00000e+00  
 90.0 3.6456e+01  14 1.00000e+00  
 90.1 3.6530e+01  14 1.00000e+00  
 90.2 3.6600e+01  14 1.00000e+00  
 90.3 3.6629e+01  14 1.00000e+00  
 90.4 3.6599e+01  14 1.00000e+00  
 90.5 3.6659e+01  14 1.00000e+00  
 90.6 3.6716e+01  14 1.00000e+00  
 90.7 3.6770e+01  14 1.00000e+00  
 90.8 3.6831e+01  14 1.00000e+00  
 90.9 3.6886e+01  14 1.00000e+00  
 91.0 3.6946e+01  14 1.00000e+00  
 91.1 3.6999e+01  14 1.00000e+00  
 91.2 3.7060e+01  14 1.00000e+00  
 91.3 3.7115e+01  14 1.00000e+00  
 91.4 3.7168e+01  14 1.00000e+00  
 91.5 3.7228e+01  14 1.00000e+00  
 91.6 3.7273e+01  14 1.00000e+00  
 91.7 3.7325e+01  14 1.00000e+00  
 91.8 3.7377e+01  14 1.00000e+00  
 91.9 3.7429e+01  14 1.00000e+00  
 92.0 3.7480e+01  14 1.00000e+00  
 92.1 3.7532e+01  14 1.00000e+00  
 92.2 3.7584e+01  14 1.00000e+00  
 92.3 3.7636e+01  14 1.00000e+00  
 92.4 3.7685e+01  14 1.00000e+00  
 92.5 3.7737e+01  14 1.00000e+00  
 92.6 3.7789e+01  14 1.00000e+00  
 92.7 3.7807e+01  14 1.00000e+00  
 92.8 3.7757e+01  14 1.00000e+00  
 92.9 3.7905e+01  14 1.00000e+00  
 93.0 3.7953e+01  14 1.00000e+00  
 93.1 3.8002e+01  14 1.00000e+00  
 93.2 3.8050e+01  14 1.00000e+00  
 93.3 3.8099e+01  14 1.00000e+00  
 93.4 3.8147e+01  14 1.00000e+00  
 93.5 3.8195e+01  14 1.00000e+00  
 93.6 3.8244e+01  14 1.00000e+00  
 93.7 3.8281e+01  14 1.00000e+00  
 93.8 3.8330e+01  14 1.00000e+00  
 93.9 3.8379e+01  14 1.00000e+00  
 94.0 3.8427e+01  14 1.00000e+00  
 94.1 3.8475e+01  14 1.00000e+00  
 94.2 3.8523e+01  14 1.00000e+00  
 94.3 3.8570e+01  14 1.00000e+00  
 94.4 3.8616e+01  14 1.00000e+00  
 94.5 3.8663e+01  14 1.00000e+00  
 94.6 3.8694e+01  14 1.00000e+00  
 94.7 3.8791e+01  14 1.00000e+00  
 94.8 3.8818e+01  14 1.00000e+00  
 94.9 3.8917e+01  14 1.00000e+00  
 95.0 3.8946e+01  14 1.00000e+00  
 95.1 3.8977e+01  14 1.00000e+00  
 95.2 3.9014e+01  14 1.00000e+00  
 95.3 3.9114e+01  14 1.00000e+00  
 95.4 3.9214e+01  14 1.00000e+00  
 95.5 3.9314e+01  14 1.00000e+00  
 95.6 3.9414e+01  14 1.00000e+00  
 95.7 3.9515e+01  14 1.00000e+00  
 95.8 3.9607e+01  14 1.00000e+00  
 95.9 3.9696e+01  14 1.00000e+00  
 96.0 3.9785e+01  14 1.00000e+00  
 96.1 3.9875e+01  14 1.00000e+00  
 96.2 3.9964e+01  14 1.00000e+00  
 96.3 4.0053e+01  14 1.00000e+00  
 96.4 4.0143e+01  14 1.00000e+00  
 96.5 4.0232e+01  14 1.00000e+00  
 96.6 4.0322e+01  14 1.00000e+00  
 96.7 4.0411e+01  14 1.00000e+00  
 96.8 4.0501e+01  14 1.00000e+00  
 96.9 4.0590e+01  14 1.00000e+00  
 97.0 4.0680e+01  14 1.00000e+00  
 97.1 4.0770e+01  14 1.00000e+00  
 97.2 4.0860e+01  14 1.00000e+00  
 97.3 4.0949e+01  14 1.00000e+00  
 97.4 4.1039e+01  14 1.00000e+00  
 97.5 4.1129e+01  14 1.00000e+00  
 97.6 4.1219e+01  14 1.00000e+00  
 97.7 4.1309e+01  14 1.00000e+00  
 97.8 4.1399e+01  14 1.00000e+00  
 97.9 4.1488e+01  14 1.00000e+00  
 98.0 4.1579e+01  14 1.00000e+00  
 98.1 4.1668e+01  14 1.00000e+00  
 98.2 4.1759e+01  14 1.00000e+00  
 98.3 4.1849e+01  14 1.00000e+00  
 98.4 4.1939e+01  14 1.00000e+00  
 98.5 4.2029e+01  14 1.00000e+00  
 98.6 4.2119e+01  14 1.00000e+00  
 98.7 4.2209e+01  14 1.00000e+00  
 98.8 4.2299e+01  14 1.00000e+00  
 98.9 4.2384e+01  14 1.00000e+00  
 99.0 4.2474e+01  14 1.00000e+00  
 99.1 4.2564e+01  14 1.00000e+00  
 99.2 4.2655e+01  14 1.00000e+00  
 99.3 4.2745e+01  14 1.00000e+00  
 99.4 4.2835e+01  14 1.00000e+00  
 99.5 4.2926e+01  14 1.00000e+00  
 99.6 4.3016e+01  14 1.00000e+00  
 99.7 4.3107e+01  14 1.00000e+00  
 99.8 4.3197e+01  14 1.00000e+00  
 99.9 4.3288e+01  14 1.00000e+00  
100.0 4.3378e+01  14 1.00000e+00  
100.1 4.3469e+01  14 1.00000e+00  
100.2 4.3559e+01  14 1.00000e+00  
100.3 4.3650e+01  14 1.00000e+00  
100.4 4.3741e+01  14 1.00000e+00  
100.5 4.3831e+01  14 1.00000e+00  
100.6 4.3922e+01  14 1.00000e+00  
100.7 4.4013e+01  14 1.00000e+00  
100.8 4.4103e+01  14 1.00000e+00  
100.9 4.4194e+01  14 1.00000e+00  
101.0 4.4285e+01  14 1.00000e+00  
101.1 4.4376e+01  14 1.00000e+00  
101.2 4.4466e+01  14 1.00000e+00  
101.3 4.4557e+01  14 1.00000e+00  
101.4 4.4648e+01  14 1.00000e+00  
101.5 4.4739e+01  14 1.00000e+00  
101.6 4.4830e+01  14 1.00000e+00  
101.7 4.4921e+01  14 1.00000e+00  
101.8 4.5012e+01  14 1.00000e+00  
101.9 4.5103e+01  14 1.00000e+00  
102.0 4.5194e+01  14 1.00000e+00  
102.1 4.5285e+01  14 1.00000e+00  
102.2 4.5376e+01  14 1.00000e+00  
102.3 4.5467e+01  14 1.00000e+00  
102.4 4.5558e+01  14 1.00000e+00  
102.5 4.5649e+01  14 1.00000e+00  
102.6 4.5740e+01  14 1.00000e+00  
102.7 4.5831e+01  14 1.00000e+00  
102.8 4.5922e+01  14 1.00000e+00  
102.9 4.6013e+01  14 1.00000e+00  
103.0 4.6104e+01  14 1.00000e+00  
103.1 4.6195e+01  14 1.00000e+00  
103.2 4.6287e+01  14 1.00000e+00  
103.3 4.6378e+01  14 1.00000e+00  
103.4 4.6469e+01  14 1.00000e+00  
103.5 4.6560e+01  14 1.00000e+00  
103.6 4.6651e+01  14 1.00000e+00  
103.7 4.6743e+01  14 1.00000e+00  
103.8 4.6834e+01  14 1.00000e+00  
103.9 4.6925e+01  14 1.00000e+00  
104.0 4.7016e+01  14 1.00000e+00  
104.1 4.7108e+01  14 1.00000e+00  
104.2 4.7199e+01  14 1.00000e+00  
104.3 4.7290e+01  14 1.00000e+00  
104.4 4.7382e+01  14 1.00000e+00  
104.5 4.7473e+01  14 1.00000e+00  
104.6 4.7564e+01  14 1.00000e+00  
104.7 4.7656e+01  14 1.00000e+00  
104.8 4.7747e+01  14 1.00000e+00  
104.9 4.7838e+01  14 1.00000e+00  
105.0 4.7930e+01  14 1.00000e+00  
105.1 4.8021e+01  14 1.00000e+00  
105.2 4.8113e+01  14 1.00000e+00  
105.3 4.8204e+01  14 1.00000e+00  
105.4 4.8295e+01  14 1.00000e+00  
105.5 4.8387e+01  14 1.00000e+00  
105.6 4.8478e+01  14 1.00000e+00  
105.7 4.8570e+01  14 1.00000e+00  
105.8 4.8656e+01  14 1.00000e+00  
105.9 4.8747e+01  14 1.00000e+00  
106.0 4.8839e+01  14 1.00000e+00  
106.1 4.8930e+01  14 1.00000e+00  
106.2 4.9022e+01  14 1.00000e+00  
106.3 4.9114e+01  14 1.00000e+00  
106.4 4.9205e+01  14 1.00000e+00  
106.5 4.9297e+01  14 1.00000e+00  
106.6 4.9388e+01  14 1.00000e+00  
106.7 4.9480e+01  14 1.00000e+00  
106.8 4.9571e+01  14 1.00000e+00  
106.9 4.9663e+01  14 1.00000e+00  
107.0 4.9754e+01  14 1.00000e+00  
107.1 4.9846e+01  14 1.00000e+00  
107.2 4.9938e+01  14 1.00000e+00  
107.3 5.0029e+01  14 1.00000e+00  
107.4 5.0121e+01  14 1.00000e+00  
107.5 5.0213e+01  14 1.00000e+00  
107.6 5.0304e+01  14 1.00000e+00  
107.7 5.0396e+01  14 1.00000e+00  
107.8 5.0488e+01  14 1.00000e+00  
107.9 5.0579e+01  14 1.00000e+00  
108.0 5.0671e+01  14 1.00000e+00  
108.1 5.0763e+01  14 1.00000e+00  
108.2 5.0854e+01  14 1.00000e+00  
108.3 5.0946e+01  14 1.00000e+00  
108.4 5.1038e+01  14 1.00000e+00  
108.5 5.1129e+01  14 1.00000e+00  
108.6 5.1221e+01  14 1.00000e+00  
108.7 5.1313e+01  14 1.00000e+00  
108.8 5.1405e+01  14 1.00000e+00  
108.9 5.1496e+01  14 1.00000e+00  
109.0 5.1588e+01  14 1.00000e+00  
109.1 5.1680e+01  14 1.00000e+00  
109.2 5.1771e+01  14 1.00000e+00  
109.3 5.1863e+01  14 1.00000e+00  
109.4 5.1955e+01  14 1.00000e+00  
109.5 5.2047e+01  14 1.00000e+00  
109.6 5.2139e+01  14 1.00000e+00  
109.7 5.2230e+01  14 1.00000e+00  
109.8 5.2322e+01  14 1.00000e+00  
109.9 5.2414e+01  14 1.00000e+00  
110.0 5.2506e+01  14 1.00000e+00  
110.1 5.2597e+01  14 1.00000e+00  
110.2 5.2689e+01  14 1.00000e+00  
110.3 5.2781e+01  14 1.00000e+00  
110.4 5.2873e+01  14 1.00000e+00  
110.5 5.2965e+01  14 1.00000e+00  
110.6 5.3056e+01  14 1.00000e+00  
110.7 5.3148e+01  14 1.00000e+00  
110.8 5.3240e+01  14 1.00000e+00  
110.9 5.3332e+01  14 1.00000e+00  
111.0 5.3424e+01  14 1.00000e+00  
111.1 5.3515e+01  14 1.00000e+00  
111.2 5.3607e+01  14 1.00000e+00  
111.3 5.3699e+01  14 1.00000e+00  
111.4 5.3791e+01  14 1.00000e+00  
111.5 5.3883e+01  14 1.00000e+00  
111.6 5.3975e+01  14 1.00000e+00  
111.7 5.4066e+01  14 1.00000e+00  
111.8 5.4158e+01  14 1.00000e+00  
111.9 5.4250e+01  14 1.00000e+00  
112.0 5.4342e+01  14 1.00000e+00  
112.1 5.4434e+01  14 1.00000e+00  
112.2 5.4526e+01  14 1.00000e+00  
112.3 5.4617e+01  14 1.00000e+00  
112.4 5.4709e+01  14 1.00000e+00  
112.5 5.4801e+01  14 1.00000e+00  
112.6 5.4893e+01  14 1.00000e+00  
112.7 5.4985e+01  14 1.00000e+00  
112.8 5.5077e+01  14 1.00000e+00  
112.9 5.5168e+01  14 1.00000e+00  
113.0 5.5260e+01  14 1.00000e+00  
113.1 5.5352e+01  14 1.00000e+00  
113.2 5.5444e+01  14 1.00000e+00  
113.3 5.5536e+01  14 1.00000e+00  
113.4 5.5628e+01  14 1.00000e+00  
113.5 5.5715e+01  14 1.00000e+00  
113.6 5.5807e+01  14 1.00000e+00  
113.7 5.5898e+01  14 1.00000e+00  
113.8 5.5990e+01  14 1.00000e+00  
113.9 5.6082e+01  14 1.00000e+00  
114.0 5.6174e+01  14 1.00000e+00  
114.1 5.6266e+01  14 1.00000e+00  
114.2 5.6358e+01  14 1.00000e+00  
114.3 5.6450e+01  14 1.00000e+00  
114.4 5.6541e+01  14 1.00000e+00  
114.5 5.6633e+01  14 1.00000e+00  
114.6 5.6725e+01  14 1.00000e+00  
114.7 5.6817e+01  14 1.00000e+00  
114.8 5.6909e+01  14 1.00000e+00  
114.9 5.7001e+01  14 1.00000e+00  
115.0 5.7092e+01  14 1.00000e+00  
115.1 5.7184e+01  14 1.00000e+00  
115.2 5.7276e+01  14 1.00000e+00  
115.3 5.7368e+01  14 1.00000e+00  
115.4 5.7460e+01  14 1.00000e+00  
115.5 5.7552e+01  14 1.00000e+00  
115.6 5.7643e+01  14 1.00000e+00  
115.7 5.7735e+01  14 1.00000e+00  
115.8 5.7827e+01  14 1.00000e+00  
115.9 5.7919e+01  14 1.00000e+00  
116.0 5.8011e+01  14 1.00000e+00  
116.1 5.8103e+01  14 1.00000e+00  
116.2 5.8194e+01  14 1.00000e+00  
116.3 5.8286e+01  14 1.00000e+00  
116.4 5.8378e+01  14 1.00000e+00  
116.5 5.8470e+01  14 1.00000e+00  
116.6 5.8562e+01  14 1.00000e+00  
116.7 5.8654e+01  14 1.00000e+00  
116.8 5.8745e+01  14 1.00000e+00  
116.9 5.8837e+01  14 1.00000e+00  
117.0 5.8929e+01  14 1.00000e+00  
117.1 5.9021e+01  14 1.00000e+00  
117.2 5.9113e+01  14 1.00000e+00  
117.3 5.9204e+01  14 1.00000e+00  
117.4 5.9296e+01  14 1.00000e+00  
117.5 5.9388e+01  14 1.00000e+00  
117.6 5.9480e+01  14 1.00000e+00  
117.7 5.9572e+01  14 1.00000e+00  
117.8 5.9663e+01  14 1.00000e+00  
117.9 5.9755e+01  14 1.00000e+00  
118.0 5.9847e+01  14 1.00000e+00  
118.1 5.9939e+01  14 1.00000e+00  
118.2 6.0030e+01  14 1.00000e+00  
118.3 6.0122e+01  14 1.00000e+00  
118.4 6.0214e+01  14 1.00000e+00  
118.5 6.0306e+01  14 1.00000e+00  
118.6 6.0397e+01  14 1.00000e+00  
118.7 6.0489e+01  14 1.00000e+00  
118.8 6.0581e+01  14 1.00000e+00  
118.9 6.0673e+01  14 1.00000e+00  
119.0 6.0764e+01  14 1.00000e+00  
119.1 6.0856e+01  14 1.00000e+00  
119.2 6.0948e+01  14 1.00000e+00  
119.3 6.1040e+01  14 1.00000e+00  
119.4 6.1131e+01  14 1.00000e+00  
119.5 6.1223e+01  14 1.00000e+00  
119.6 6.1315e+01  14 1.00000e+00  
119.7 6.1407e+01  14 1.00000e+00  
119.8 6.1498e+01  14 1.00000e+00  
119.9 6.1590e+01  14 1.00000e+00  
120.0 6.1682e+01  14 1.00000e+00  
120.1 6.1773e+01  14 1.00000e+00  
120.2 6.1865e+01  14 1.00000e+00  
120.3 6.1957e+01  14 1.00000e+00  
120.4 6.2048e+01  14 1.00000e+00  
120.5 6.2140e+01  14 1.00000e+00  
120.6 6.2232e+01  14 1.00000e+00  
120.7 6.2323e+01  14 1.00000e+00  
120.8 6.2415e+01  14 1.00000e+00  
120.9 6.2507e+01  14 1.00000e+00  
121.0 6.2598e+01  14 1.00000e+00  
121.1 6.2690e+01  14 1.00000e+00  
121.2 6.2782e+01  14 1.00000e+00  
121.3 6.2873e+01  14 1.00000e+00  
121.4 6.2965e+01  14 1.00000e+00  
121.5 6.3057e+01  14 1.00000e+00  
121.6 6.3148e+01  14 1.00000e+00  
121.7 6.3240e+01  14 1.00000e+00  
121.8 6.3331e+01  14 1.00000e+00  
121.9 6.3419e+01  14 1.00000e+00  
122.0 6.3510e+01  14 1.00000e+00  
122.1 6.3602e+01  14 1.00000e+00  
122.2 6.3694e+01  14 1.00000e+00  
122.3 6.3785e+01  14 1.00000e+00  
122.4 6.3877e+01  14 1.00000e+00  
122.5 6.3968e+01  14 1.00000e+00  
122.6 6.4060e+01  14 1.00000e+00  
122.7 6.4152e+01  14 1.00000e+00  
122.8 6.4243e+01  14 1.00000e+00  
122.9 6.4335e+01  14 1.00000e+00  
123.0 6.4426e+01  14 1.00000e+00  
123.1 6.4518e+01  14 1.00000e+00  
123.2 6.4609e+01  14 1.00000e+00  
123.3 6.4701e+01  14 1.00000e+00  
123.4 6.4792e+01  14 1.00000e+00  
123.5 6.4884e+01  14 1.00000e+00  
123.6 6.4975e+01  14 1.00000e+00  
123.7 6.5067e+01  14 1.00000e+00  
123.8 6.5158e+01  14 1.00000e+00  
123.9 6.5250e+01  14 1.00000e+00  
124.0 6.5341e+01  14 1.00000e+00  
124.1 6.5433e+01  14 1.00000e+00  
124.2 6.5524e+01  14 1.00000e+00  
124.3 6.5616e+01  14 1.00000e+00  
124.4 6.5707e+01  14 1.00000e+00  
124.5 6.5799e+01  14 1.00000e+00  
124.6 6.5890e+01  14 1.00000e+00  
124.7 6.5982e+01  14 1.00000e+00  
124.8 6.6073e+01  14 1.00000e+00  
124.9 6.6164e+01  14 1.00000e+00  
125.0 6.6256e+01  14 1.00000e+00  
125.1 6.6347e+01  14 1.00000e+00  
125.2 6.6439e+01  14 1.00000e+00  
125.3 6.6530e+01  14 1.00000e+00  
125.4 6.6621e+01  14 1.00000e+00  
125.5 6.6713e+01  14 1.00000e+00  
125.6 6.6804e+01  14 1.00000e+00  
125.7 6.6895e+01  14 1.00000e+00  
125.8 6.6987e+01  14 1.00000e+00  
125.9 6.7078e+01  14 1.00000e+00  
126.0 6.7169e+01  14 1.00000e+00  
126.1 6.7261e+01  14 1.00000e+00  
126.2 6.7352e+01  14 1.00000e+00  
126.3 6.7443e+01  14 1.00000e+00  
126.4 6.7535e+01  14 1.00000e+00  
126.5 6.7626e+01  14 1.00000e+00  
126.6 6.7717e+01  14 1.00000e+00  
126.7 6.7809e+01  14 1.00000e+00  
126.8 6.7900e+01  14 1.00000e+00  
126.9 6.7991e+01  14 1.00000e+00  
127.0 6.8082e+01  14 1.00000e+00  
127.1 6.8174e+01  14 1.00000e+00  
127.2 6.8265e+01  14 1.00000e+00  
127.3 6.8356e+01  14 1.00000e+00  
127.4 6.8447e+01  14 1.00000e+00  
127.5 6.8539e+01  14 1.00000e+00  
127.6 6.8630e+01  14 1.00000e+00  
127.7 6.8721e+01  14 1.00000e+00  
127.8 6.8812e+01  14 1.00000e+00  
127.9 6.8904e+01  14 1.00000e+00  
128.0 6.8995e+01  14 1.00000e+00  
128.1 6.9086e+01  14 1.00000e+00  
128.2 6.9177e+01  14 1.00000e+00  
128.3 6.9268e+01  14 1.00000e+00  
128.4 6.9359e+01  14 1.00000e+00  
128.5 6.9451e+01  14 1.00000e+00  
128.6 6.9542e+01  14 1.00000e+00  
128.7 6.9633e+01  14 1.00000e+00  
128.8 6.9724e+01  14 1.00000e+00  
128.9 6.9815e+01  14 1.00000e+00  
129.0 6.9906e+01  14 1.00000e+00  
129.1 6.9997e+01  14 1.00000e+00  
129.2 7.0088e+01  14 1.00000e+00  
129.3 7.0180e+01  14 1.00000e+00  
129.4 7.0271e+01  14 1.00000e+00  
129.5 7.0362e+01  14 1.00000e+00  
129.6 7.0453e+01  14 1.00000e+00  
129.7 7.0544e+01  14 1.00000e+00  
129.8 7.0635e+01  14 1.00000e+00  
129.9 7.0726e+01  14 1.00000e+00  
130.0 7.0817e+01  14 1.00000e+00  
130.1 7.0908e+01  14 1.00000e+00  
130.2 7.0999e+01  14 1.00000e+00  
130.3 7.1090e+01  14 1.00000e+00  
130.4 7.1181e+01  14 1.00000e+00  
130.5 7.1272e+01  14 1.00000e+00  
130.6 7.1363e+01  14 1.00000e+00  
130.7 7.1454e+01  14 1.00000e+00  
130.8 7.1545e+01  14 1.00000e+00  
130.9 7.1636e+01  14 1.00000e+00  
131.0 7.1727e+01  14 1.00000e+00  
131.1 7.1814e+01  14 1.00000e+00  
131.2 7.1905e+01  14 1.00000e+00  
131.3 7.1996e+01  14 1.00000e+00  
131.4 7.2087e+01  14 1.00000e+00  
131.5 7.2178e+01  14 1.00000e+00  
131.6 7.2269e+01  14 1.00000e+00  
131.7 7.2360e+01  14 1.00000e+00  
131.8 7.2451e+01  14 1.00000e+00  
131.9 7.2542e+01  14 1.00000e+00  
132.0 7.2633e+01  14 1.00000e+00  
132.1 7.2723e+01  14 1.00000e+00  
132.2 7.2814e+01  14 1.00000e+00  
132.3 7.2905e+01  14 1.00000e+00  
132.4 7.2996e+01  14 1.00000e+00  
132.5 7.3087e+01  14 1.00000e+00  
132.6 7.3178e+01  14 1.00000e+00  
132.7 7.3269e+01  14 1.00000e+00  
132.8 7.3359e+01  14 1.00000e+00  
132.9 7.3450e+01  14 1.00000e+00  
133.0 7.3541e+01  14 1.00000e+00  
133.1 7.3632e+01  14 1.00000e+00  
133.2 7.3723e+01  14 1.00000e+00  
133.3 7.3813e+01  14 1.00000e+00  
133.4 7.3904e+01  14 1.00000e+00  
133.5 7.3995e+01  14 1.00000e+00  
133.6 7.4086e+01  14 1.00000e+00  
133.7 7.4176e+01  14 1.00000e+00  
133.8 7.4267e+01  14 1.00000e+00  
133.9 7.4358e+01  14 1.00000e+00  
134.0 7.4449e+01  14 1.00000e+00  
134.1 7.4539e+01  14 1.00000e+00  
134.2 7.4630e+01  14 1.00000e+00  
134.3 7.4721e+01  14 1.00000e+00  
134.4 7.4811e+01  14 1.00000e+00  
134.5 7.4902e+01  14 1.00000e+00  
134.6 7.4993e+01  14 1.00000e+00  
134.7 7.5084e+01  14 1.00000e+00  
134.8 7.5174e+01  14 1.00000e+00  
134.9 7.5265e+01  14 1.00000e+00  
135.0 7.5355e+01  14 1.00000e+00  
135.1 7.5446e+01  14 1.00000e+00  
135.2 7.5537e+01  14 1.00000e+00  
135.3 7.5627e+01  14 1.00000e+00  
135.4 7.5718e+01  14 1.00000e+00  
135.5 7.5809e+01  14 1.00000e+00  
135.6 7.5899e+01  14 1.00000e+00  
135.7 7.5990e+01  14 1.00000e+00  
135.8 7.6080e+01  14 1.00000e+00  
135.9 7.5152e+01  14 1.00000e+00  
136.0 7.5242e+01  14 1.00000e+00  
136.1 7.5333e+01  14 1.00000e+00  
136.2 7.5424e+01  14 1.00000e+00  
136.3 7.5514e+01  14 1.00000e+00  
136.4 7.5604e+01  14 1.00000e+00  
136.5 7.5695e+01  14 1.00000e+00  
136.6 7.5786e+01  14 1.00000e+00  
136.7 7.5643e+01  14 1.00000e+00  
136.8 7.5733e+01  14 1.00000e+00  
136.9 7.5822e+01  14 1.00000e+00  
137.0 7.5912e+01  14 1.00000e+00  
137.1 7.4888e+01  14 1.00000e+00  
137.2 7.4978e+01  14 1.00000e+00  
137.3 7.5068e+01  14 1.00000e+00  
137.4 7.5157e+01  14 1.00000e+00  
137.5 7.5247e+01  14 1.00000e+00  
137.6 7.5337e+01  14 1.00000e+00  
137.7 7.5427e+01  14 1.00000e+00  
137.8 7.5517e+01  14 1.00000e+00  
137.9 7.5607e+01  14 1.00000e+00  
138.0 7.5696e+01  14 1.00000e+00  
138.1 7.5786e+01  14 1.00000e+00  
138.2 7.5876e+01  14 1.00000e+00  
138.3 7.5966e+01  14 1.00000e+00  
138.4 7.6055e+01  14 1.00000e+00  
138.5 7.6145e+01  14 1.00000e+00  
138.6 7.6235e+01  14 1.00000e+00  
138.7 7.6325e+01  14 1.00000e+00  
138.8 7.6414e+01  14 1.00000e+00  
138.9 7.6504e+01  14 1.00000e+00  
139.0 7.6594e+01  14 1.00000e+00  
139.1 7.6684e+01  14 1.00000e+00  
139.2 7.6773e+01  14 1.00000e+00  
139.3 7.6863e+01  14 1.00000e+00  
139.4 7.6953e+01  14 1.00000e+00  
139.5 7.7043e+01  14 1.00000e+00  
139.6 7.7133e+01  14 1.00000e+00  
139.7 7.7224e+01  14 1.00000e+00  
139.8 7.7314e+01  14 1.00000e+00  
139.9 7.7405e+01  14 1.00000e+00  
140.0 7.7496e+01  14 1.00000e+00  
140.1 7.7588e+01  14 1.00000e+00  
140.2 7.7673e+01  14 1.00000e+00  
140.3 7.5182e+01  14 1.00000e+00  
140.4 7.5270e+01  14 1.00000e+00  
140.5 7.5359e+01  14 1.00000e+00  
140.6 7.5447e+01  14 1.00000e+00  
140.7 7.5536e+01  14 1.00000e+00  
140.8 7.5624e+01  14 1.00000e+00  
140.9 7.5713e+01  14 1.00000e+00  
141.0 7.5801e+01  14 1.00000e+00  
141.1 7.5890e+01  14 1.00000e+00  
141.2 7.5978e+01  14 1.00000e+00  
141.3 7.6066e+01  14 1.00000e+00  
141.4 7.6155e+01  14 1.00000e+00  
141.5 8.1246e+01  14 1.00000e+00  
141.6 8.1336e+01  14 1.00000e+00  
141.7 8.1426e+01  14 1.00000e+00  
141.8 8.1516e+01  14 1.00000e+00  
141.9 8.1606e+01  14 1.00000e+00  
142.0 8.1697e+01  14 1.00000e+00  
142.1 8.1787e+01  14 1.00000e+00  
142.2 8.1877e+01  14 1.00000e+00  
142.3 8.1967e+01  14 1.00000e+00  
142.4 8.2057e+01  14 1.00000e+00  
142.5 8.2147e+01  14 1.00000e+00  
142.6 8.2237e+01  14 1.00000e+00  
142.7 8.2327e+01  14 1.00000e+00  
142.8 8.2417e+01  14 1.00000e+00  
142.9 8.2507e+01  14 1.00000e+00  
143.0 8.2597e+01  14 1.00000e+00  
143.1 8.2687e+01  14 1.00000e+00  
143.2 8.2777e+01  14 1.00000e+00  
143.3 8.2867e+01  14 1.00000e+00  
143.4 8.2957e+01  14 1.00000e+00  
143.5 8.3047e+01  14 1.00000e+00  
143.6 8.3137e+01  14 1.00000e+00  
143.7 8.3227e+01  14 1.00000e+00  
143.8 8.3317e+01  14 1.00000e+00  
143.9 8.3407e+01  14 1.00000e+00  
144.0 8.3497e+01  14 1.00000e+00  
144.1 8.3587e+01  14 1.00000e+00  
144.2 8.3677e+01  14 1.00000e+00  
144.3 8.3766e+01  14 1.00000e+00  
144.4 8.3856e+01  14 1.00000e+00  
144.5 8.3946e+01  14 1.00000e+00  
144.6 8.4036e+01  14 1.00000e+00  
144.7 8.4126e+01  14 1.00000e+00  
144.8 8.4216e+01  14 1.00000e+00  
144.9 8.4306e+01  14 1.00000e+00  
145.0 8.4395e+01  14 1.00000e+00  
145.1 8.4485e+01  14 1.00000e+00  
145.2 8.4575e+01  14 1.00000e+00  
145.3 8.4665e+01  14 1.00000e+00  
145.4 8.4755e+01  14 1.00000e+00  
145.5 8.4844e+01  14 1.00000e+00  
145.6 8.4934e+01  14 1.00000e+00  
145.7 8.5024e+01  14 1.00000e+00  
145.8 8.5114e+01  14 1.00000e+00  
145.9 8.5204e+01  14 1.00000e+00  
146.0 8.5293e+01  14 1.00000e+00  
146.1 8.5383e+01  14 1.00000e+00  
146.2 8.5473e+01  14 1.00000e+00  
146.3 8.5563e+01  14 1.00000e+00  
146.4 8.5652e+01  14 1.00000e+00  
146.5 8.5742e+01  14 1.00000e+00  
146.6 8.5832e+01  14 1.00000e+00  
146.7 8.5921e+01  14 1.00000e+00  
146.8 8.6011e+01  14 1.00000e+00  
146.9 8.6101e+01  14 1.00000e+00  
147.0 8.6190e+01  14 1.00000e+00  
147.1 8.6280e+01  14 1.00000e+00  
147.2 8.6370e+01  14 1.00000e+00  
147.3 8.6459e+01  14 1.00000e+00  
147.4 8.6549e+01  14 1.00000e+00  
147.5 8.6638e+01  14 1.00000e+00  
147.6 8.6728e+01  14 1.00000e+00  
147.7 8.6818e+01  14 1.00000e+00  
147.8 8.6907e+01  14 1.00000e+00  
147.9 8.6997e+01  14 1.00000e+00  
148.0 8.7086e+01  14 1.00000e+00  
148.1 8.7176e+01  14 1.00000e+00  
148.2 8.7265e+01  14 1.00000e+00  
148.3 8.7355e+01  14 1.00000e+00  
148.4 8.7444e+01  14 1.00000e+00  
148.5 8.7534e+01  14 1.00000e+00  
148.6 8.7623e+01  14 1.00000e+00  
148.7 8.7713e+01  14 1.00000e+00  
148.8 8.7802e+01  14 1.00000e+00  
148.9 8.7892e+01  14 1.00000e+00  
149.0 8.7981e+01  14 1.00000e+00  
149.1 8.8071e+01  14 1.00000e+00  
149.2 8.8160e+01  14 1.00000e+00  
149.3 8.8249e+01  14 1.00000e+00  
149.4 8.8339e+01  14 1.00000e+00  
149.5 8.8428e+01  14 1.00000e+00  
149.6 8.8518e+01  14 1.00000e+00  
149.7 8.8607e+01  14 1.00000e+00  
149.8 8.8696e+01  14 1.00000e+00  
149.9 8.8786e+01  14 1.00000e+00  
150.0 8.8875e+01  14 1.00000e+00  
