 15.1 1.4564e+00  13 4.46246e-02  
 15.2 1.4638e+00  13 4.49706e-02  
 15.3 1.4713e+00  13 4.53124e-02  
 15.4 1.4788e+00  13 4.56499e-02  
 15.5 1.4863e+00  13 4.59833e-02  
 15.6 1.4937e+00  13 4.63126e-02  
 15.7 1.5012e+00  13 4.66379e-02  
 15.8 1.5086e+00  13 4.69593e-02  
 15.9 1.5161e+00  13 4.72769e-02  
 16.0 1.5236e+00  13 4.75907e-02  
 16.1 1.5310e+00  13 4.79008e-02  
 16.2 1.5385e+00  13 4.82072e-02  
 16.3 1.5459e+00  13 4.85100e-02  
 16.4 1.5534e+00  13 4.88094e-02  
 16.5 1.5608e+00  13 4.91053e-02  
 16.6 1.5683e+00  13 4.93978e-02  
 16.7 1.5757e+00  13 4.96870e-02  
 16.8 1.5832e+00  13 4.99729e-02  
 16.9 1.5906e+00  13 5.02556e-02  
 17.0 1.5981e+00  13 5.05351e-02  
 17.1 1.6055e+00  13 5.08115e-02  
 17.2 1.6130e+00  13 5.10849e-02  
 17.3 1.6204e+00  13 5.13552e-02  
 17.4 1.6278e+00  13 5.16226e-02  
 17.5 1.6353e+00  13 5.18871e-02  
 17.6 1.6427e+00  13 5.21488e-02  
 17.7 1.6501e+00  13 5.24075e-02  
 17.8 1.6585e+00  13 5.27371e-02  
 17.9 1.6705e+00  13 5.32700e-02  
 18.0 1.6825e+00  13 5.38754e-02  
 18.1 1.6947e+00  13 5.44823e-02  
 18.2 1.7069e+00  13 5.50909e-02  
 18.3 1.7193e+00  13 5.57011e-02  
 18.4 1.7317e+00  13 5.63131e-02  
 18.5 1.7442e+00  13 5.69268e-02  
 18.6 1.7569e+00  13 5.75424e-02  
 18.7 1.7696e+00  13 5.81599e-02  
 18.8 1.7824e+00  13 5.87793e-02  
 18.9 1.7953e+00  13 5.94007e-02  
 19.0 1.8084e+00  13 6.00242e-02  
 19.1 1.8215e+00  13 6.06497e-02  
 19.2 1.8347e+00  13 6.12774e-02  
 19.3 1.8480e+00  13 6.19073e-02  
 19.4 1.8614e+00  13 6.25394e-02  
 19.5 1.8750e+00  13 6.31738e-02  
 19.6 1.8886e+00  13 6.38106e-02  
 19.7 1.9023e+00  13 6.44498e-02  
 19.8 1.9161e+00  13 6.50914e-02  
 19.9 1.7459e+01  14 1.00000e+00  
 20.0 1.7543e+01  14 1.00000e+00  
 20.1 1.7628e+01  14 1.00000e+00  
 20.2 1.7712e+01  14 1.00000e+00  
 20.3 1.7796e+01  14 1.00000e+00  
 20.4 1.7881e+01  14 1.00000e+00  
 20.5 1.7965e+01  14 1.00000e+00  
 20.6 1.8049e+01  14 1.00000e+00  
 20.7 1.8133e+01  14 1.00000e+00  
 20.8 1.8217e+01  14 1.00000e+00  
 20.9 1.8301e+01  14 1.00000e+00  
 21.0 1.8385e+01  14 1.00000e+00  
 21.1 1.8469e+01  14 1.00000e+00  
 21.2 1.8553e+01  14 1.00000e+00  
 21.3 1.8637e+01  14 1.00000e+00  
 21.4 1.8721e+01  14 1.00000e+00  
 21.5 1.8805e+01  14 1.00000e+00  
 21.6 1.8889e+01  14 1.00000e+00  
 21.7 1.8973e+01  14 1.00000e+00  
 21.8 1.9056e+01  14 1.00000e+00  
 21.9 1.9140e+01  14 1.00000e+00  
 22.0 1.9224e+01  14 1.00000e+00  
 22.1 1.9307e+01  14 1.00000e+00  
 22.2 1.9391e+01  14 1.00000e+00  
 22.3 1.9474e+01  14 1.00000e+00  
 22.4 1.9558e+01  14 1.00000e+00  
 22.5 1.9641e+01  14 1.00000e+00  
 22.6 1.9725e+01  14 1.00000e+00  
 22.7 5.5092e+00  14 2.43769e-01  
 22.8 5.6262e+00  14 2.48855e-01  
 22.9 5.7447e+00  14 2.53984e-01  
 23.0 5.8649e+00  14 2.59154e-01  
 23.1 5.9868e+00  14 2.64366e-01  
 23.2 6.1103e+00  14 2.69619e-01  
 23.3 6.2354e+00  14 2.74913e-01  
 23.4 6.3623e+00  14 2.80249e-01  
 23.5 6.4908e+00  14 2.85625e-01  
 23.6 6.6209e+00  14 2.91041e-01  
 23.7 6.7528e+00  14 2.96498e-01  
 23.8 6.8864e+00  14 3.01995e-01  
 23.9 7.0216e+00  14 3.07532e-01  
 24.0 7.1586e+00  14 3.13109e-01  
 24.1 7.2972e+00  14 3.18726e-01  
 24.2 7.4376e+00  14 3.24382e-01  
 24.3 7.5797e+00  14 3.30078e-01  
 24.4 7.7235e+00  14 3.35813e-01  
 24.5 7.8691e+00  14 3.41586e-01  
 24.6 8.0164e+00  14 3.47399e-01  
 24.7 8.1654e+00  14 3.53251e-01  
 24.8 8.3162e+00  14 3.59141e-01  
 24.9 8.4687e+00  14 3.65069e-01  
 25.0 8.6230e+00  14 3.71036e-01  
 25.1 8.7791e+00  14 3.77042e-01  
 25.2 8.9369e+00  14 3.83085e-01  
 25.3 9.0965e+00  14 3.89166e-01  
 25.4 9.2579e+00  14 3.95286e-01  
 25.5 9.4211e+00  14 4.01443e-01  
 25.6 9.5861e+00  14 4.07637e-01  
 25.7 9.7529e+00  14 4.13870e-01  
 25.8 9.9215e+00  14 4.20139e-01  
 25.9 1.0092e+01  14 4.26447e-01  
 26.0 1.0264e+01  14 4.32791e-01  
 26.1 1.0438e+01  14 4.39173e-01  
 26.2 1.0614e+01  14 4.45591e-01  
 26.3 1.0792e+01  14 4.52047e-01  
 26.4 1.0971e+01  14 4.58540e-01  
 26.5 1.1153e+01  14 4.65069e-01  
 26.6 1.1336e+01  14 4.71636e-01  
 26.7 1.1521e+01  14 4.78239e-01  
 26.8 1.1708e+01  14 4.84878e-01  
 26.9 1.1897e+01  14 4.91554e-01  
 27.0 1.2088e+01  14 4.98267e-01  
 27.1 1.2281e+01  14 5.05016e-01  
 27.2 1.2476e+01  14 5.11802e-01  
 27.3 1.2672e+01  14 5.18623e-01  
 27.4 1.2871e+01  14 5.25481e-01  
 27.5 1.3071e+01  14 5.32376e-01  
 27.6 1.3273e+01  14 5.39306e-01  
 27.7 1.3477e+01  14 5.46273e-01  
 27.8 1.3684e+01  14 5.53275e-01  
 27.9 1.3892e+01  14 5.60314e-01  
 28.0 1.4102e+01  14 5.67388e-01  
 28.1 1.4314e+01  14 5.74499e-01  
 28.2 1.4528e+01  14 5.81645e-01  
 28.3 1.4744e+01  14 5.88827e-01  
 28.4 1.4962e+01  14 5.96045e-01  
 28.5 1.5182e+01  14 6.03299e-01  
 28.6 1.5403e+01  14 6.10588e-01  
 28.7 1.5627e+01  14 6.17913e-01  
 28.8 1.5853e+01  14 6.25274e-01  
 28.9 1.6081e+01  14 6.32671e-01  
 29.0 1.6311e+01  14 6.40103e-01  
 29.1 1.6543e+01  14 6.47571e-01  
 29.2 1.6777e+01  14 6.55074e-01  
 29.3 1.7013e+01  14 6.62613e-01  
 29.4 1.7252e+01  14 6.70188e-01  
 29.5 1.7492e+01  14 6.77798e-01  
 29.6 1.7734e+01  14 6.85444e-01  
 29.7 1.7978e+01  14 6.93125e-01  
 29.8 1.8225e+01  14 7.00842e-01  
 29.9 1.8473e+01  14 7.08594e-01  
 30.0 1.8724e+01  14 7.16382e-01  
 30.1 1.8977e+01  14 7.24206e-01  
 30.2 1.9231e+01  14 7.32064e-01  
 30.3 1.9488e+01  14 7.39959e-01  
 30.4 1.9747e+01  14 7.47889e-01  
 30.5 2.0009e+01  14 7.55854e-01  
 30.6 2.0272e+01  14 7.63855e-01  
 30.7 2.0537e+01  14 7.71891e-01  
 30.8 2.0805e+01  14 7.79963e-01  
 30.9 2.1075e+01  14 7.88071e-01  
 31.0 2.1347e+01  14 7.96214e-01  
 31.1 2.1558e+01  14 8.04528e-01  
 31.2 2.1833e+01  14 8.12736e-01  
 31.3 2.2110e+01  14 8.20981e-01  
 31.4 2.2390e+01  14 8.29260e-01  
 31.5 2.2671e+01  14 8.37576e-01  
 31.6 2.2955e+01  14 8.45926e-01  
 31.7 2.3240e+01  14 8.54313e-01  
 31.8 2.3529e+01  14 8.62735e-01  
 31.9 2.3819e+01  14 8.71193e-01  
 32.0 2.4111e+01  14 8.79686e-01  
 32.1 2.4406e+01  14 8.88215e-01  
 32.2 2.4703e+01  14 8.96779e-01  
 32.3 2.5001e+01  14 9.05381e-01  
 32.4 2.5302e+01  14 9.14017e-01  
 32.5 2.5523e+01  14 9.22744e-01  
 32.6 2.5828e+01  14 9.31445e-01  
 32.7 2.6134e+01  14 9.40182e-01  
 32.8 2.6443e+01  14 9.48956e-01  
 32.9 2.6754e+01  14 9.57764e-01  
 33.0 2.7068e+01  14 9.66609e-01  
 33.1 2.7383e+01  14 9.75490e-01  
 33.2 2.7700e+01  14 9.84407e-01  
 33.3 2.8019e+01  14 9.93359e-01  
 33.4 2.8277e+01  14 1.00000e+00  
 33.5 2.8256e+01  14 1.00000e+00  
 33.6 2.8333e+01  14 1.00000e+00  
 33.7 2.8409e+01  14 1.00000e+00  
 33.8 2.8485e+01  14 1.00000e+00  
 33.9 2.8560e+01  14 1.00000e+00  
 34.0 2.8636e+01  14 1.00000e+00  
 34.1 2.8711e+01  14 1.00000e+00  
 34.2 2.8786e+01  14 1.00000e+00  
 34.3 2.8860e+01  14 1.00000e+00  
 34.4 2.8936e+01  14 1.00000e+00  
 34.5 2.8907e+01  14 1.00000e+00  
 34.6 2.8848e+01  14 1.00000e+00  
 34.7 2.8923e+01  14 1.00000e+00  
 34.8 2.8998e+01  14 1.00000e+00  
 34.9 2.9072e+01  14 1.00000e+00  
 35.0 2.9000e+01  14 1.00000e+00  
 35.1 2.9074e+01  14 1.00000e+00  
 35.2 2.9148e+01  14 1.00000e+00  
 35.3 2.9222e+01  14 1.00000e+00  
 35.4 2.9297e+01  14 1.00000e+00  
 35.5 2.9112e+01  14 1.00000e+00  
 35.6 2.9186e+01  14 1.00000e+00  
 35.7 2.9260e+01  14 1.00000e+00  
 35.8 2.9334e+01  14 1.00000e+00  
 35.9 2.8836e+01  14 1.00000e+00  
 36.0 2.7545e+01  14 1.00000e+00  
 36.1 2.4958e+01  14 1.00000e+00  
 36.2 2.3663e+01  14 1.00000e+00  
 36.3 2.1096e+01  14 1.00000e+00  
 36.4 1.9079e+01  14 1.00000e+00  
 36.5 1.6803e+01  14 1.00000e+00  
 36.6 1.5286e+01  14 1.00000e+00  
 36.7 1.3556e+01  14 1.00000e+00  
 36.8 1.3530e+01  14 1.00000e+00  
 36.9 1.3500e+01  14 1.00000e+00  
 37.0 1.3478e+01  14 1.00000e+00  
 37.1 1.3416e+01  14 1.00000e+00  
 37.2 1.3447e+01  14 1.00000e+00  
 37.3 1.3368e+01  14 1.00000e+00  
 37.4 1.3412e+01  14 1.00000e+00  
 37.5 1.3411e+01  14 1.00000e+00  
 37.6 1.3455e+01  14 1.00000e+00  
 37.7 1.3499e+01  14 1.00000e+00  
 37.8 1.3543e+01  14 1.00000e+00  
 37.9 1.3587e+01  14 1.00000e+00  
 38.0 1.3643e+01  14 1.00000e+00  
 38.1 1.3629e+01  14 1.00000e+00  
 38.2 1.3674e+01  14 1.00000e+00  
 38.3 1.3718e+01  14 1.00000e+00  
 38.4 1.3762e+01  14 1.00000e+00  
 38.5 1.3817e+01  14 1.00000e+00  
 38.6 1.3941e+01  14 1.00000e+00  
 38.7 1.3849e+01  14 1.00000e+00  
 38.8 1.3893e+01  14 1.00000e+00  
 38.9 1.3937e+01  14 1.00000e+00  
 39.0 1.3993e+01  14 1.00000e+00  
 39.1 1.4118e+01  14 1.00000e+00  
 39.2 1.4155e+01  14 1.00000e+00  
 39.3 1.4069e+01  14 1.00000e+00  
 39.4 1.4114e+01  14 1.00000e+00  
 39.5 1.4170e+01  14 1.00000e+00  
 39.6 1.4295e+01  14 1.00000e+00  
 39.7 1.4332e+01  14 1.00000e+00  
 39.8 1.4369e+01  14 1.00000e+00  
 39.9 1.4405e+01  14 1.00000e+00  
 40.0 1.4348e+01  14 1.00000e+00  
 40.1 1.4471e+01  14 1.00000e+00  
 40.2 1.4509e+01  14 1.00000e+00  
 40.3 1.4546e+01  14 1.00000e+00  
 40.4 1.4581e+01  14 1.00000e+00  
 40.5 1.4611e+01  14 1.00000e+00  
 40.6 1.4648e+01  14 1.00000e+00  
 40.7 1.4686e+01  14 1.00000e+00  
 40.8 1.4722e+01  14 1.00000e+00  
 40.9 1.4758e+01  14 1.00000e+00  
 41.0 1.4794e+01  14 1.00000e+00  
 41.1 1.4825e+01  14 1.00000e+00  
 41.2 1.4863e+01  14 1.00000e+00  
 41.3 1.4898e+01  14 1.00000e+00  
 41.4 1.4934e+01  14 1.00000e+00  
 41.5 1.4970e+01  14 1.00000e+00  
 41.6 1.5006e+01  14 1.00000e+00  
 41.7 1.5039e+01  14 1.00000e+00  
 41.8 1.5075e+01  14 1.00000e+00  
 41.9 1.5110e+01  14 1.00000e+00  
 42.0 1.5146e+01  14 1.00000e+00  
 42.1 1.5182e+01  14 1.00000e+00  
 42.2 1.5218e+01  14 1.00000e+00  
 42.3 1.5251e+01  14 1.00000e+00  
 42.4 1.5287e+01  14 1.00000e+00  
 42.5 1.5322e+01  14 1.00000e+00  
 42.6 1.5358e+01  14 1.00000e+00  
 42.7 1.5394e+01  14 1.00000e+00  
 42.8 1.5427e+01  14 1.00000e+00  
 42.9 1.5463e+01  14 1.00000e+00  
 43.0 1.5498e+01  14 1.00000e+00  
 43.1 1.5534e+01  14 1.00000e+00  
 43.2 1.5570e+01  14 1.00000e+00  
 43.3 1.5603e+01  14 1.00000e+00  
 43.4 1.5638e+01  14 1.00000e+00  
 43.5 1.5674e+01  14 1.00000e+00  
 43.6 1.5710e+01  14 1.00000e+00  
 43.7 1.5745e+01  14 1.00000e+00  
 43.8 1.5778e+01  14 1.00000e+00  
 43.9 1.5814e+01  14 1.00000e+00  
 44.0 1.5850e+01  14 1.00000e+00  
 44.1 1.5885e+01  14 1.00000e+00  
 44.2 1.5918e+01  14 1.00000e+00  
 44.3 1.5954e+01  14 1.00000e+00  
 44.4 1.5990e+01  14 1.00000e+00  
 44.5 1.6025e+01  14 1.00000e+00  
 44.6 1.6060e+01  14 1.00000e+00  
 44.7 1.6093e+01  14 1.00000e+00  
 44.8 1.6129e+01  14 1.00000e+00  
 44.9 1.6165e+01  14 1.00000e+00  
 45.0 1.6200e+01  14 1.00000e+00  
 45.1 1.6233e+01  14 1.00000e+00  
 45.2 1.6269e+01  14 1.00000e+00  
 45.3 1.6304e+01  14 1.00000e+00  
 45.4 1.6337e+01  14 1.00000e+00  
 45.5 1.6373e+01  14 1.00000e+00  
 45.6 1.6408e+01  14 1.00000e+00  
 45.7 1.6440e+01  14 1.00000e+00  
 45.8 1.6476e+01  14 1.00000e+00  
 45.9 1.6512e+01  14 1.00000e+00  
 46.0 1.6544e+01  14 1.00000e+00  
 46.1 1.6580e+01  14 1.00000e+00  
 46.2 1.6615e+01  14 1.00000e+00  
 46.3 1.6648e+01  14 1.00000e+00  
 46.4 1.6683e+01  14 1.00000e+00  
 46.5 1.6714e+01  14 1.00000e+00  
 46.6 1.6603e+01  14 1.00000e+00  
 46.7 1.6778e+01  14 1.00000e+00  
 46.8 1.6652e+01  14 1.00000e+00  
 46.9 1.6673e+01  14 1.00000e+00  
 47.0 1.6690e+01  14 1.00000e+00  
 47.1 1.6718e+01  14 1.00000e+00  
 47.2 1.6754e+01  14 1.00000e+00  
 47.3 1.6792e+01  14 1.00000e+00  
 47.4 1.6830e+01  14 1.00000e+00  
 47.5 1.6867e+01  14 1.00000e+00  
 47.6 1.6904e+01  14 1.00000e+00  
 47.7 1.6941e+01  14 1.00000e+00  
 47.8 1.6976e+01  14 1.00000e+00  
 47.9 1.7010e+01  14 1.00000e+00  
 48.0 1.7046e+01  14 1.00000e+00  
 48.1 1.7081e+01  14 1.00000e+00  
 48.2 1.7116e+01  14 1.00000e+00  
 48.3 1.7151e+01  14 1.00000e+00  
 48.4 1.7186e+01  14 1.00000e+00  
 48.5 1.7209e+01  14 1.00000e+00  
 48.6 1.7244e+01  14 1.00000e+00  
 48.7 1.7278e+01  14 1.00000e+00  
 48.8 1.7320e+01  14 1.00000e+00  
 48.9 1.7517e+01  14 1.00000e+00  
 49.0 1.7555e+01  14 1.00000e+00  
 49.1 1.7592e+01  14 1.00000e+00  
 49.2 1.7631e+01  14 1.00000e+00  
 49.3 1.7665e+01  14 1.00000e+00  
 49.4 1.7700e+01  14 1.00000e+00  
 49.5 1.7735e+01  14 1.00000e+00  
 49.6 1.7771e+01  14 1.00000e+00  
 49.7 1.7806e+01  14 1.00000e+00  
 49.8 1.7841e+01  14 1.00000e+00  
 49.9 1.7876e+01  14 1.00000e+00  
 50.0 1.7911e+01  14 1.00000e+00  
 50.1 1.7945e+01  14 1.00000e+00  
 50.2 1.7979e+01  14 1.00000e+00  
 50.3 1.8014e+01  14 1.00000e+00  
 50.4 1.8056e+01  14 1.00000e+00  
 50.5 1.8102e+01  14 1.00000e+00  
 50.6 1.8149e+01  14 1.00000e+00  
 50.7 1.8336e+01  14 1.00000e+00  
 50.8 1.8376e+01  14 1.00000e+00  
 50.9 1.8413e+01  14 1.00000e+00  
 51.0 1.8450e+01  14 1.00000e+00  
 51.1 1.8485e+01  14 1.00000e+00  
 51.2 1.8520e+01  14 1.00000e+00  
 51.3 1.8556e+01  14 1.00000e+00  
 51.4 1.8592e+01  14 1.00000e+00  
 51.5 1.8627e+01  14 1.00000e+00  
 51.6 1.8662e+01  14 1.00000e+00  
 51.7 1.8698e+01  14 1.00000e+00  
 51.8 1.8722e+01  14 1.00000e+00  
 51.9 1.8756e+01  14 1.00000e+00  
 52.0 1.8794e+01  14 1.00000e+00  
 52.1 1.8841e+01  14 1.00000e+00  
 52.2 1.8887e+01  14 1.00000e+00  
 52.3 1.8934e+01  14 1.00000e+00  
 52.4 1.8981e+01  14 1.00000e+00  
 52.5 1.9027e+01  14 1.00000e+00  
 52.6 1.9202e+01  14 1.00000e+00  
 52.7 1.9241e+01  14 1.00000e+00  
 52.8 1.9276e+01  14 1.00000e+00  
 52.9 1.9312e+01  14 1.00000e+00  
 53.0 1.9348e+01  14 1.00000e+00  
 53.1 1.9384e+01  14 1.00000e+00  
 53.2 1.9420e+01  14 1.00000e+00  
 53.3 1.9455e+01  14 1.00000e+00  
 53.4 1.9491e+01  14 1.00000e+00  
 53.5 1.9526e+01  14 1.00000e+00  
 53.6 1.9562e+01  14 1.00000e+00  
 53.7 1.9596e+01  14 1.00000e+00  
 53.8 1.9631e+01  14 1.00000e+00  
 53.9 1.9676e+01  14 1.00000e+00  
 54.0 1.9722e+01  14 1.00000e+00  
 54.1 1.9769e+01  14 1.00000e+00  
 54.2 1.9816e+01  14 1.00000e+00  
 54.3 1.9863e+01  14 1.00000e+00  
 54.4 1.9910e+01  14 1.00000e+00  
 54.5 1.9967e+01  14 1.00000e+00  
 54.6 2.0127e+01  14 1.00000e+00  
 54.7 2.0167e+01  14 1.00000e+00  
 54.8 2.0202e+01  14 1.00000e+00  
 54.9 2.0238e+01  14 1.00000e+00  
 55.0 2.0266e+01  14 1.00000e+00  
 55.1 2.0302e+01  14 1.00000e+00  
 55.2 2.0338e+01  14 1.00000e+00  
 55.3 2.0374e+01  14 1.00000e+00  
 55.4 2.0410e+01  14 1.00000e+00  
 55.5 2.0445e+01  14 1.00000e+00  
 55.6 2.0480e+01  14 1.00000e+00  
 55.7 2.0515e+01  14 1.00000e+00  
 55.8 2.0560e+01  14 1.00000e+00  
 55.9 2.0607e+01  14 1.00000e+00  
 56.0 2.0654e+01  14 1.00000e+00  
 56.1 2.0701e+01  14 1.00000e+00  
 56.2 2.0752e+01  14 1.00000e+00  
 56.3 2.0814e+01  14 1.00000e+00  
 56.4 2.0871e+01  14 1.00000e+00  
 56.5 2.0924e+01  14 1.00000e+00  
 56.6 2.1064e+01  14 1.00000e+00  
 56.7 2.1103e+01  14 1.00000e+00  
 56.8 2.1139e+01  14 1.00000e+00  
 56.9 2.1176e+01  14 1.00000e+00  
 57.0 2.1212e+01  14 1.00000e+00  
 57.1 2.1249e+01  14 1.00000e+00  
 57.2 2.1286e+01  14 1.00000e+00  
 57.3 2.1322e+01  14 1.00000e+00  
 57.4 2.1358e+01  14 1.00000e+00  
 57.5 2.1394e+01  14 1.00000e+00  
 57.6 2.1430e+01  14 1.00000e+00  
 57.7 2.1465e+01  14 1.00000e+00  
 57.8 2.1500e+01  14 1.00000e+00  
 57.9 2.1541e+01  14 1.00000e+00  
 58.0 2.1588e+01  14 1.00000e+00  
 58.1 2.1635e+01  14 1.00000e+00  
 58.2 2.1682e+01  14 1.00000e+00  
 58.3 2.1729e+01  14 1.00000e+00  
 58.4 2.1776e+01  14 1.00000e+00  
 58.5 2.1843e+01  14 1.00000e+00  
 58.6 2.1898e+01  14 1.00000e+00  
 58.7 2.1950e+01  14 1.00000e+00  
 58.8 2.2096e+01  14 1.00000e+00  
 58.9 2.2134e+01  14 1.00000e+00  
 59.0 2.2171e+01  14 1.00000e+00  
 59.1 2.2208e+01  14 1.00000e+00  
 59.2 2.2245e+01  14 1.00000e+00  
 59.3 2.2282e+01  14 1.00000e+00  
 59.4 2.2319e+01  14 1.00000e+00  
 59.5 2.2356e+01  14 1.00000e+00  
 59.6 2.2392e+01  14 1.00000e+00  
 59.7 2.2429e+01  14 1.00000e+00  
 59.8 2.2465e+01  14 1.00000e+00  
 59.9 2.2500e+01  14 1.00000e+00  
 60.0 2.2535e+01  14 1.00000e+00  
 60.1 2.2572e+01  14 1.00000e+00  
 60.2 2.2618e+01  14 1.00000e+00  
 60.3 2.2665e+01  14 1.00000e+00  
 60.4 2.2713e+01  14 1.00000e+00  
 60.5 2.2760e+01  14 1.00000e+00  
 60.6 2.2807e+01  14 1.00000e+00  
 60.7 2.2854e+01  14 1.00000e+00  
 60.8 2.2901e+01  14 1.00000e+00  
 60.9 2.2957e+01  14 1.00000e+00  
 61.0 2.3013e+01  14 1.00000e+00  
 61.1 2.3066e+01  14 1.00000e+00  
 61.2 2.3231e+01  14 1.00000e+00  
 61.3 2.3272e+01  14 1.00000e+00  
 61.4 2.3309e+01  14 1.00000e+00  
 61.5 2.3345e+01  14 1.00000e+00  
 61.6 2.3382e+01  14 1.00000e+00  
 61.7 2.3420e+01  14 1.00000e+00  
 61.8 2.3458e+01  14 1.00000e+00  
 61.9 2.3496e+01  14 1.00000e+00  
 62.0 2.3534e+01  14 1.00000e+00  
 62.1 2.3572e+01  14 1.00000e+00  
 62.2 2.3609e+01  14 1.00000e+00  
 62.3 2.3646e+01  14 1.00000e+00  
 62.4 2.3686e+01  14 1.00000e+00  
 62.5 2.3731e+01  14 1.00000e+00  
 62.6 2.3764e+01  14 1.00000e+00  
 62.7 2.3808e+01  14 1.00000e+00  
 62.8 2.3857e+01  14 1.00000e+00  
 62.9 2.3888e+01  14 1.00000e+00  
 63.0 2.3925e+01  14 1.00000e+00  
 63.1 2.3975e+01  14 1.00000e+00  
 63.2 2.4004e+01  14 1.00000e+00  
 63.3 2.4053e+01  14 1.00000e+00  
 63.4 2.4103e+01  14 1.00000e+00  
 63.5 2.4160e+01  14 1.00000e+00  
 63.6 2.4183e+01  14 1.00000e+00  
 63.7 2.4235e+01  14 1.00000e+00  
 63.8 2.4293e+01  14 1.00000e+00  
 63.9 2.4313e+01  14 1.00000e+00  
 64.0 2.4368e+01  14 1.00000e+00  
 64.1 2.4424e+01  14 1.00000e+00  
 64.2 2.4486e+01  14 1.00000e+00  
 64.3 2.4501e+01  14 1.00000e+00  
 64.4 2.4557e+01  14 1.00000e+00  
 64.5 2.4618e+01  14 1.00000e+00  
 64.6 2.4678e+01  14 1.00000e+00  
 64.7 2.4692e+01  14 1.00000e+00  
 64.8 2.4749e+01  14 1.00000e+00  
 64.9 2.4812e+01  14 1.00000e+00  
 65.0 2.4873e+01  14 1.00000e+00  
 65.1 2.4882e+01  14 1.00000e+00  
 65.2 2.4941e+01  14 1.00000e+00  
 65.3 2.5006e+01  14 1.00000e+00  
 65.4 2.5068e+01  14 1.00000e+00  
 65.5 2.5073e+01  14 1.00000e+00  
 65.6 2.5131e+01  14 1.00000e+00  
 65.7 2.5198e+01  14 1.00000e+00  
 65.8 2.5264e+01  14 1.00000e+00  
 65.9 2.5262e+01  14 1.00000e+00  
 66.0 2.5323e+01  14 1.00000e+00  
 66.1 2.5389e+01  14 1.00000e+00  
 66.2 2.5339e+01  14 1.00000e+00  
 66.3 2.5378e+01  14 1.00000e+00  
 66.4 2.5512e+01  14 1.00000e+00  
 66.5 2.5575e+01  14 1.00000e+00  
 66.6 2.5518e+01  14 1.00000e+00  
 66.7 2.5551e+01  14 1.00000e+00  
 66.8 2.5595e+01  14 1.00000e+00  
 66.9 2.5766e+01  14 1.00000e+00  
 67.0 2.5697e+01  14 1.00000e+00  
 67.1 2.5733e+01  14 1.00000e+00  
 67.2 2.5739e+01  14 1.00000e+00  
 67.3 2.5783e+01  14 1.00000e+00  
 67.4 2.5879e+01  14 1.00000e+00  
 67.5 2.5913e+01  14 1.00000e+00  
 67.6 2.5918e+01  14 1.00000e+00  
 67.7 2.5962e+01  14 1.00000e+00  
 67.8 2.6006e+01  14 1.00000e+00  
 67.9 2.6094e+01  14 1.00000e+00  
 68.0 2.6097e+01  14 1.00000e+00  
 68.1 2.6142e+01  14 1.00000e+00  
 68.2 2.6186e+01  14 1.00000e+00  
 68.3 2.6230e+01  14 1.00000e+00  
 68.4 2.6292e+01  14 1.00000e+00  
 68.5 2.6321e+01  14 1.00000e+00  
 68.6 2.6366e+01  14 1.00000e+00  
 68.7 2.6410e+01  14 1.00000e+00  
 68.8 2.6468e+01  14 1.00000e+00  
 68.9 2.6542e+01  14 1.00000e+00  
 69.0 2.6550e+01  14 1.00000e+00  
 69.1 2.6590e+01  14 1.00000e+00  
 69.2 2.6635e+01  14 1.00000e+00  
 69.3 2.6705e+01  14 1.00000e+00  
 69.4 2.6775e+01  14 1.00000e+00  
 69.5 2.6846e+01  14 1.00000e+00  
 69.6 2.6916e+01  14 1.00000e+00  
 69.7 2.6860e+01  14 1.00000e+00  
 69.8 2.6929e+01  14 1.00000e+00  
 69.9 2.7004e+01  14 1.00000e+00  
 70.0 2.7076e+01  14 1.00000e+00  
 70.1 2.7142e+01  14 1.00000e+00  
 70.2 2.7213e+01  14 1.00000e+00  
 70.3 2.7152e+01  14 1.00000e+00  
 70.4 2.7223e+01  14 1.00000e+00  
 70.5 2.7292e+01  14 1.00000e+00  
 70.6 2.7365e+01  14 1.00000e+00  
 70.7 2.7431e+01  14 1.00000e+00  
 70.8 2.7504e+01  14 1.00000e+00  
 70.9 2.7575e+01  14 1.00000e+00  
 71.0 2.7509e+01  14 1.00000e+00  
 71.1 2.7578e+01  14 1.00000e+00  
 71.2 2.7645e+01  14 1.00000e+00  
 71.3 2.7715e+01  14 1.00000e+00  
 71.4 2.7783e+01  14 1.00000e+00  
 71.5 2.7744e+01  14 1.00000e+00  
 71.6 2.7788e+01  14 1.00000e+00  
 71.7 2.7820e+01  14 1.00000e+00  
 71.8 2.7915e+01  14 1.00000e+00  
 71.9 2.7982e+01  14 1.00000e+00  
 72.0 2.8053e+01  14 1.00000e+00  
 72.1 2.8018e+01  14 1.00000e+00  
 72.2 2.8064e+01  14 1.00000e+00  
 72.3 2.8098e+01  14 1.00000e+00  
 72.4 2.8099e+01  14 1.00000e+00  
 72.5 2.8282e+01  14 1.00000e+00  
 72.6 2.8320e+01  14 1.00000e+00  
 72.7 2.8386e+01  14 1.00000e+00  
 72.8 2.8339e+01  14 1.00000e+00  
 72.9 2.8381e+01  14 1.00000e+00  
 73.0 2.8408e+01  14 1.00000e+00  
 73.1 2.8410e+01  14 1.00000e+00  
 73.2 2.8449e+01  14 1.00000e+00  
 73.3 2.8494e+01  14 1.00000e+00  
 73.4 2.8713e+01  14 1.00000e+00  
 73.5 2.8662e+01  14 1.00000e+00  
 73.6 2.8704e+01  14 1.00000e+00  
 73.7 2.8708e+01  14 1.00000e+00  
 73.8 2.8732e+01  14 1.00000e+00  
 73.9 2.8769e+01  14 1.00000e+00  
 74.0 2.8814e+01  14 1.00000e+00  
 74.1 2.8865e+01  14 1.00000e+00  
 74.2 2.8941e+01  14 1.00000e+00  
 74.3 2.9031e+01  14 1.00000e+00  
 74.4 2.9067e+01  14 1.00000e+00  
 74.5 2.9073e+01  14 1.00000e+00  
 74.6 2.9092e+01  14 1.00000e+00  
 74.7 2.9136e+01  14 1.00000e+00  
 74.8 2.9181e+01  14 1.00000e+00  
 74.9 2.9242e+01  14 1.00000e+00  
 75.0 2.9317e+01  14 1.00000e+00  
 75.1 2.9386e+01  14 1.00000e+00  
 75.2 2.9439e+01  14 1.00000e+00  
 75.3 2.9447e+01  14 1.00000e+00  
 75.4 2.9468e+01  14 1.00000e+00  
 75.5 2.9504e+01  14 1.00000e+00  
 75.6 2.9549e+01  14 1.00000e+00  
 75.7 2.9602e+01  14 1.00000e+00  
 75.8 2.9676e+01  14 1.00000e+00  
 75.9 2.9744e+01  14 1.00000e+00  
 76.0 2.9818e+01  14 1.00000e+00  
 76.1 2.9885e+01  14 1.00000e+00  
 76.2 2.9833e+01  14 1.00000e+00  
 76.3 2.9891e+01  14 1.00000e+00  
 76.4 2.9918e+01  14 1.00000e+00  
 76.5 2.9964e+01  14 1.00000e+00  
 76.6 3.0013e+01  14 1.00000e+00  
 76.7 3.0084e+01  14 1.00000e+00  
 76.8 3.0154e+01  14 1.00000e+00  
 76.9 3.0225e+01  14 1.00000e+00  
 77.0 3.0290e+01  14 1.00000e+00  
 77.1 3.0359e+01  14 1.00000e+00  
 77.2 3.0425e+01  14 1.00000e+00  
 77.3 3.0334e+01  14 1.00000e+00  
 77.4 3.0381e+01  14 1.00000e+00  
 77.5 3.0427e+01  14 1.00000e+00  
 77.6 3.0479e+01  14 1.00000e+00  
 77.7 3.0552e+01  14 1.00000e+00  
 77.8 3.0621e+01  14 1.00000e+00  
 77.9 3.0691e+01  14 1.00000e+00  
 78.0 3.0758e+01  14 1.00000e+00  
 78.1 3.0825e+01  14 1.00000e+00  
 78.2 3.0890e+01  14 1.00000e+00  
 78.3 3.0954e+01  14 1.00000e+00  
 78.4 3.1022e+01  14 1.00000e+00  
 78.5 3.0892e+01  14 1.00000e+00  
 78.6 3.0937e+01  14 1.00000e+00  
 78.7 3.0994e+01  14 1.00000e+00  
 78.8 3.1067e+01  14 1.00000e+00  
 78.9 3.1135e+01  14 1.00000e+00  
 79.0 3.1206e+01  14 1.00000e+00  
 79.1 3.1270e+01  14 1.00000e+00  
 79.2 3.1339e+01  14 1.00000e+00  
 79.3 3.1402e+01  14 1.00000e+00  
 79.4 3.1468e+01  14 1.00000e+00  
 79.5 3.1532e+01  14 1.00000e+00  
 79.6 3.1499e+01  14 1.00000e+00  
 79.7 3.1601e+01  14 1.00000e+00  
 79.8 3.1497e+01  14 1.00000e+00  
 79.9 3.1556e+01  14 1.00000e+00  
 80.0 3.1627e+01  14 1.00000e+00  
 80.1 3.1695e+01  14 1.00000e+00  
 80.2 3.1764e+01  14 1.00000e+00  
 80.3 3.1829e+01  14 1.00000e+00  
 80.4 3.1892e+01  14 1.00000e+00  
 80.5 3.1959e+01  14 1.00000e+00  
 80.6 3.2023e+01  14 1.00000e+00  
 80.7 3.2085e+01  14 1.00000e+00  
 80.8 3.2151e+01  14 1.00000e+00  
 80.9 3.2116e+01  14 1.00000e+00  
 81.0 3.2169e+01  14 1.00000e+00  
 81.1 3.2253e+01  14 1.00000e+00  
 81.2 3.2159e+01  14 1.00000e+00  
 81.3 3.2227e+01  14 1.00000e+00  
 81.4 3.2296e+01  14 1.00000e+00  
 81.5 3.2355e+01  14 1.00000e+00  
 81.6 3.2424e+01  14 1.00000e+00  
 81.7 3.2489e+01  14 1.00000e+00  
 81.8 3.2553e+01  14 1.00000e+00  
 81.9 3.2616e+01  14 1.00000e+00  
 82.0 3.2682e+01  14 1.00000e+00  
 82.1 3.2744e+01  14 1.00000e+00  
 82.2 3.2807e+01  14 1.00000e+00  
 82.3 3.2777e+01  14 1.00000e+00  
 82.4 3.2831e+01  14 1.00000e+00  
 82.5 3.2877e+01  14 1.00000e+00  
 82.6 3.2948e+01  14 1.00000e+00  
 82.7 3.2859e+01  14 1.00000e+00  
 82.8 3.2922e+01  14 1.00000e+00  
 82.9 3.2991e+01  14 1.00000e+00  
 83.0 3.3059e+01  14 1.00000e+00  
 83.1 3.3126e+01  14 1.00000e+00  
 83.2 3.3188e+01  14 1.00000e+00  
 83.3 3.3252e+01  14 1.00000e+00  
 83.4 3.3317e+01  14 1.00000e+00  
 83.5 3.3381e+01  14 1.00000e+00  
 83.6 3.3444e+01  14 1.00000e+00  
 83.7 3.3505e+01  14 1.00000e+00  
 83.8 3.3567e+01  14 1.00000e+00  
 83.9 3.3629e+01  14 1.00000e+00  
 84.0 3.3591e+01  14 1.00000e+00  
 84.1 3.3644e+01  14 1.00000e+00  
 84.2 3.3692e+01  14 1.00000e+00  
 84.3 3.3627e+01  14 1.00000e+00  
 84.4 3.3664e+01  14 1.00000e+00  
 84.5 3.3720e+01  14 1.00000e+00  
 84.6 3.3784e+01  14 1.00000e+00  
 84.7 3.3851e+01  14 1.00000e+00  
 84.8 3.3916e+01  14 1.00000e+00  
 84.9 3.3982e+01  14 1.00000e+00  
 85.0 3.4043e+01  14 1.00000e+00  
 85.1 3.4108e+01  14 1.00000e+00  
 85.2 3.4170e+01  14 1.00000e+00  
 85.3 3.4231e+01  14 1.00000e+00  
 85.4 3.4292e+01  14 1.00000e+00  
 85.5 3.4355e+01  14 1.00000e+00  
 85.6 3.4418e+01  14 1.00000e+00  
 85.7 3.4482e+01  14 1.00000e+00  
 85.8 3.4450e+01  14 1.00000e+00  
 85.9 3.4503e+01  14 1.00000e+00  
 86.0 3.4553e+01  14 1.00000e+00  
 86.1 3.4588e+01  14 1.00000e+00  
 86.2 3.4555e+01  14 1.00000e+00  
 86.3 3.4576e+01  14 1.00000e+00  
 86.4 3.4618e+01  14 1.00000e+00  
 86.5 3.4669e+01  14 1.00000e+00  
 86.6 3.4729e+01  14 1.00000e+00  
 86.7 3.4792e+01  14 1.00000e+00  
 86.8 3.4856e+01  14 1.00000e+00  
 86.9 3.4919e+01  14 1.00000e+00  
 87.0 3.4976e+01  14 1.00000e+00  
 87.1 3.5038e+01  14 1.00000e+00  
 87.2 3.5101e+01  14 1.00000e+00  
 87.3 3.5164e+01  14 1.00000e+00  
 87.4 3.5226e+01  14 1.00000e+00  
 87.5 3.5286e+01  14 1.00000e+00  
 87.6 3.5349e+01  14 1.00000e+00  
 87.7 3.5411e+01  14 1.00000e+00  
 87.8 3.5468e+01  14 1.00000e+00  
 87.9 3.5529e+01  14 1.00000e+00  
 88.0 3.5580e+01  14 1.00000e+00  
 88.1 3.5512e+01  14 1.00000e+00  
 88.2 3.5585e+01  14 1.00000e+00  
 88.3 3.5628e+01  14 1.00000e+00  
 88.4 3.5664e+01  14 1.00000e+00  
 88.5 3.5702e+01  14 1.00000e+00  
 88.6 3.5737e+01  14 1.00000e+00  
 88.7 3.5767e+01  14 1.00000e+00  
 88.8 3.5793e+01  14 1.00000e+00  
 88.9 3.5821e+01  14 1.00000e+00  
 89.0 3.5867e+01  14 1.00000e+00  
 89.1 3.5925e+01  14 1.00000e+00  
 89.2 3.5986e+01  14 1.00000e+00  
 89.3 3.6048e+01  14 1.00000e+00  
 89.4 3.6111e+01  14 1.00000e+00  
 89.5 3.6172e+01  14 1.00000e+00  
 89.6 3.6228e+01  14 1.00000e+00  
 89.7 3.6292e+01  14 1.00000e+00  
 89.8 3.6355e+01  14 1.00000e+00  
 89.9 3.6414e+01  14 1.00000e+00  
 90.0 3.6473e+01  14 1.00000e+00  
 90.1 3.6525e+01  14 1.00000e+00  
 90.2 3.6531e+01  14 1.00000e+00  
 90.3 3.6559e+01  14 1.00000e+00  
 90.4 3.6674e+01  14 1.00000e+00  
 90.5 3.6723e+01  14 1.00000e+00  
 90.6 3.6772e+01  14 1.00000e+00  
 90.7 3.6820e+01  14 1.00000e+00  
 90.8 3.6867e+01  14 1.00000e+00  
 90.9 3.6913e+01  14 1.00000e+00  
 91.0 3.6958e+01  14 1.00000e+00  
 91.1 3.6991e+01  14 1.00000e+00  
 91.2 3.7036e+01  14 1.00000e+00  
 91.3 3.7081e+01  14 1.00000e+00  
 91.4 3.7124e+01  14 1.00000e+00  
 91.5 3.7167e+01  14 1.00000e+00  
 91.6 3.7208e+01  14 1.00000e+00  
 91.7 3.7249e+01  14 1.00000e+00  
 91.8 3.7288e+01  14 1.00000e+00  
 91.9 3.7326e+01  14 1.00000e+00  
 92.0 3.7368e+01  14 1.00000e+00  
 92.1 3.7392e+01  14 1.00000e+00  
 92.2 3.7423e+01  14 1.00000e+00  
 92.3 3.7475e+01  14 1.00000e+00  
 92.4 3.7531e+01  14 1.00000e+00  
 92.5 3.7592e+01  14 1.00000e+00  
 92.6 3.7626e+01  14 1.00000e+00  
 92.7 3.7739e+01  14 1.00000e+00  
 92.8 3.7865e+01  14 1.00000e+00  
 92.9 3.7870e+01  14 1.00000e+00  
 93.0 3.7921e+01  14 1.00000e+00  
 93.1 3.8020e+01  14 1.00000e+00  
 93.2 3.8048e+01  14 1.00000e+00  
 93.3 3.8077e+01  14 1.00000e+00  
 93.4 3.8107e+01  14 1.00000e+00  
 93.5 3.8208e+01  14 1.00000e+00  
 93.6 3.8246e+01  14 1.00000e+00  
 93.7 3.8347e+01  14 1.00000e+00  
 93.8 3.8449e+01  14 1.00000e+00  
 93.9 3.8550e+01  14 1.00000e+00  
 94.0 3.8651e+01  14 1.00000e+00  
 94.1 3.8753e+01  14 1.00000e+00  
 94.2 3.8854e+01  14 1.00000e+00  
 94.3 3.8955e+01  14 1.00000e+00  
 94.4 3.9056e+01  14 1.00000e+00  
 94.5 3.9157e+01  14 1.00000e+00  
 94.6 3.9258e+01  14 1.00000e+00  
 94.7 3.9359e+01  14 1.00000e+00  
 94.8 3.9460e+01  14 1.00000e+00  
 94.9 3.9561e+01  14 1.00000e+00  
 95.0 3.9662e+01  14 1.00000e+00  
 95.1 3.9763e+01  14 1.00000e+00  
 95.2 3.9864e+01  14 1.00000e+00  
 95.3 3.9964e+01  14 1.00000e+00  
 95.4 4.0065e+01  14 1.00000e+00  
 95.5 4.0166e+01  14 1.00000e+00  
 95.6 4.0266e+01  14 1.00000e+00  
 95.7 4.0367e+01  14 1.00000e+00  
 95.8 4.0468e+01  14 1.00000e+00  
 95.9 4.0568e+01  14 1.00000e+00  
 96.0 4.0669e+01  14 1.00000e+00  
 96.1 4.0769e+01  14 1.00000e+00  
 96.2 4.0870e+01  14 1.00000e+00  
 96.3 4.0970e+01  14 1.00000e+00  
 96.4 4.1070e+01  14 1.00000e+00  
 96.5 4.1171e+01  14 1.00000e+00  
 96.6 4.1265e+01  14 1.00000e+00  
 96.7 4.1355e+01  14 1.00000e+00  
 96.8 4.1445e+01  14 1.00000e+00  
 96.9 4.1534e+01  14 1.00000e+00  
 97.0 4.1625e+01  14 1.00000e+00  
 97.1 4.1715e+01  14 1.00000e+00  
 97.2 4.1805e+01  14 1.00000e+00  
 97.3 4.1895e+01  14 1.00000e+00  
 97.4 4.1985e+01  14 1.00000e+00  
 97.5 4.2075e+01  14 1.00000e+00  
 97.6 4.2165e+01  14 1.00000e+00  
 97.7 4.2256e+01  14 1.00000e+00  
 97.8 4.2346e+01  14 1.00000e+00  
 97.9 4.2436e+01  14 1.00000e+00  
 98.0 4.2526e+01  14 1.00000e+00  
 98.1 4.2617e+01  14 1.00000e+00  
 98.2 4.2707e+01  14 1.00000e+00  
 98.3 4.2798e+01  14 1.00000e+00  
 98.4 4.2888e+01  14 1.00000e+00  
 98.5 4.2979e+01  14 1.00000e+00  
 98.6 4.3069e+01  14 1.00000e+00  
 98.7 4.3160e+01  14 1.00000e+00  
 98.8 4.3250e+01  14 1.00000e+00  
 98.9 4.3341e+01  14 1.00000e+00  
 99.0 4.3432e+01  14 1.00000e+00  
 99.1 4.3522e+01  14 1.00000e+00  
 99.2 4.3613e+01  14 1.00000e+00  
 99.3 4.3704e+01  14 1.00000e+00  
 99.4 4.3795e+01  14 1.00000e+00  
 99.5 4.3879e+01  14 1.00000e+00  
 99.6 4.3970e+01  14 1.00000e+00  
 99.7 4.4061e+01  14 1.00000e+00  
 99.8 4.4152e+01  14 1.00000e+00  
 99.9 4.4243e+01  14 1.00000e+00  
100.0 4.4334e+01  14 1.00000e+00  
100.1 4.4424e+01  14 1.00000e+00  
100.2 4.4515e+01  14 1.00000e+00  
100.3 4.4607e+01  14 1.00000e+00  
100.4 4.4698e+01  14 1.00000e+00  
100.5 4.4789e+01  14 1.00000e+00  
100.6 4.4880e+01  14 1.00000e+00  
100.7 4.4971e+01  14 1.00000e+00  
100.8 4.5062e+01  14 1.00000e+00  
100.9 4.5153e+01  14 1.00000e+00  
101.0 4.5244e+01  14 1.00000e+00  
101.1 4.5336e+01  14 1.00000e+00  
101.2 4.5427e+01  14 1.00000e+00  
101.3 4.5518e+01  14 1.00000e+00  
101.4 4.5609e+01  14 1.00000e+00  
101.5 4.5700e+01  14 1.00000e+00  
101.6 4.5792e+01  14 1.00000e+00  
101.7 4.5883e+01  14 1.00000e+00  
101.8 4.5975e+01  14 1.00000e+00  
101.9 4.6066e+01  14 1.00000e+00  
102.0 4.6157e+01  14 1.00000e+00  
102.1 4.6249e+01  14 1.00000e+00  
102.2 4.6340e+01  14 1.00000e+00  
102.3 4.6432e+01  14 1.00000e+00  
102.4 4.6523e+01  14 1.00000e+00  
102.5 4.6615e+01  14 1.00000e+00  
102.6 4.6706e+01  14 1.00000e+00  
102.7 4.6798e+01  14 1.00000e+00  
102.8 4.6889e+01  14 1.00000e+00  
102.9 4.6981e+01  14 1.00000e+00  
103.0 4.7072e+01  14 1.00000e+00  
103.1 4.7164e+01  14 1.00000e+00  
103.2 4.7255e+01  14 1.00000e+00  
103.3 4.7347e+01  14 1.00000e+00  
103.4 4.7439e+01  14 1.00000e+00  
103.5 4.7530e+01  14 1.00000e+00  
103.6 4.7622e+01  14 1.00000e+00  
103.7 4.7714e+01  14 1.00000e+00  
103.8 4.7806e+01  14 1.00000e+00  
103.9 4.7897e+01  14 1.00000e+00  
104.0 4.7989e+01  14 1.00000e+00  
104.1 4.8081e+01  14 1.00000e+00  
104.2 4.8172e+01  14 1.00000e+00  
104.3 4.8264e+01  14 1.00000e+00  
104.4 4.8356e+01  14 1.00000e+00  
104.5 4.8448e+01  14 1.00000e+00  
104.6 4.8540e+01  14 1.00000e+00  
104.7 4.8632e+01  14 1.00000e+00  
104.8 4.8723e+01  14 1.00000e+00  
104.9 4.8815e+01  14 1.00000e+00  
105.0 4.8907e+01  14 1.00000e+00  
105.1 4.8999e+01  14 1.00000e+00  
105.2 4.9091e+01  14 1.00000e+00  
105.3 4.9183e+01  14 1.00000e+00  
105.4 4.9275e+01  14 1.00000e+00  
105.5 4.9367e+01  14 1.00000e+00  
105.6 4.9459e+01  14 1.00000e+00  
105.7 4.9551e+01  14 1.00000e+00  
105.8 4.9643e+01  14 1.00000e+00  
105.9 4.9735e+01  14 1.00000e+00  
106.0 4.9827e+01  14 1.00000e+00  
106.1 4.9919e+01  14 1.00000e+00  
106.2 5.0011e+01  14 1.00000e+00  
106.3 5.0103e+01  14 1.00000e+00  
106.4 5.0195e+01  14 1.00000e+00  
106.5 5.0287e+01  14 1.00000e+00  
106.6 5.0374e+01  14 1.00000e+00  
106.7 5.0466e+01  14 1.00000e+00  
106.8 5.0558e+01  14 1.00000e+00  
106.9 5.0650e+01  14 1.00000e+00  
107.0 5.0742e+01  14 1.00000e+00  
107.1 5.0834e+01  14 1.00000e+00  
107.2 5.0926e+01  14 1.00000e+00  
107.3 5.1018e+01  14 1.00000e+00  
107.4 5.1111e+01  14 1.00000e+00  
107.5 5.1203e+01  14 1.00000e+00  
107.6 5.1295e+01  14 1.00000e+00  
107.7 5.1387e+01  14 1.00000e+00  
107.8 5.1479e+01  14 1.00000e+00  
107.9 5.1572e+01  14 1.00000e+00  
108.0 5.1664e+01  14 1.00000e+00  
108.1 5.1756e+01  14 1.00000e+00  
108.2 5.1848e+01  14 1.00000e+00  
108.3 5.1941e+01  14 1.00000e+00  
108.4 5.2033e+01  14 1.00000e+00  
108.5 5.2125e+01  14 1.00000e+00  
108.6 5.2217e+01  14 1.00000e+00  
108.7 5.2310e+01  14 1.00000e+00  
108.8 5.2402e+01  14 1.00000e+00  
108.9 5.2494e+01  14 1.00000e+00  
109.0 5.2586e+01  14 1.00000e+00  
109.1 5.2679e+01  14 1.00000e+00  
109.2 5.2771e+01  14 1.00000e+00  
109.3 5.2863e+01  14 1.00000e+00  
109.4 5.2956e+01  14 1.00000e+00  
109.5 5.3048e+01  14 1.00000e+00  
109.6 5.3140e+01  14 1.00000e+00  
109.7 5.3233e+01  14 1.00000e+00  
109.8 5.3325e+01  14 1.00000e+00  
109.9 5.3417e+01  14 1.00000e+00  
110.0 5.3510e+01  14 1.00000e+00  
110.1 5.3602e+01  14 1.00000e+00  
110.2 5.3694e+01  14 1.00000e+00  
110.3 5.3787e+01  14 1.00000e+00  
110.4 5.3879e+01  14 1.00000e+00  
110.5 5.3972e+01  14 1.00000e+00  
110.6 5.4064e+01  14 1.00000e+00  
110.7 5.4156e+01  14 1.00000e+00  
110.8 5.4249e+01  14 1.00000e+00  
110.9 5.4341e+01  14 1.00000e+00  
111.0 5.4434e+01  14 1.00000e+00  
111.1 5.4526e+01  14 1.00000e+00  
111.2 5.4618e+01  14 1.00000e+00  
111.3 5.4711e+01  14 1.00000e+00  
111.4 5.4803e+01  14 1.00000e+00  
111.5 5.4896e+01  14 1.00000e+00  
111.6 5.4988e+01  14 1.00000e+00  
111.7 5.5080e+01  14 1.00000e+00  
111.8 5.5173e+01  14 1.00000e+00  
111.9 5.5265e+01  14 1.00000e+00  
112.0 5.5358e+01  14 1.00000e+00  
112.1 5.5450e+01  14 1.00000e+00  
112.2 5.5543e+01  14 1.00000e+00  
112.3 5.5635e+01  14 1.00000e+00  
112.4 5.5727e+01  14 1.00000e+00  
112.5 5.5820e+01  14 1.00000e+00  
112.6 5.5912e+01  14 1.00000e+00  
112.7 5.6005e+01  14 1.00000e+00  
112.8 5.6097e+01  14 1.00000e+00  
112.9 5.6190e+01  14 1.00000e+00  
113.0 5.6282e+01  14 1.00000e+00  
113.1 5.6375e+01  14 1.00000e+00  
113.2 5.6467e+01  14 1.00000e+00  
113.3 5.6560e+01  14 1.00000e+00  
113.4 5.6652e+01  14 1.00000e+00  
113.5 5.6745e+01  14 1.00000e+00  
113.6 5.6837e+01  14 1.00000e+00  
113.7 5.6929e+01  14 1.00000e+00  
113.8 5.7022e+01  14 1.00000e+00  
113.9 5.7114e+01  14 1.00000e+00  
114.0 5.7207e+01  14 1.00000e+00  
114.1 5.7299e+01  14 1.00000e+00  
114.2 5.7392e+01  14 1.00000e+00  
114.3 5.7479e+01  14 1.00000e+00  
114.4 5.7572e+01  14 1.00000e+00  
114.5 5.7664e+01  14 1.00000e+00  
114.6 5.7757e+01  14 1.00000e+00  
114.7 5.7849e+01  14 1.00000e+00  
114.8 5.7942e+01  14 1.00000e+00  
114.9 5.8034e+01  14 1.00000e+00  
115.0 5.8127e+01  14 1.00000e+00  
115.1 5.8219e+01  14 1.00000e+00  
115.2 5.8312e+01  14 1.00000e+00  
115.3 5.8404e+01  14 1.00000e+00  
115.4 5.8497e+01  14 1.00000e+00  
115.5 5.8589e+01  14 1.00000e+00  
115.6 5.8682e+01  14 1.00000e+00  
115.7 5.8774e+01  14 1.00000e+00  
115.8 5.8867e+01  14 1.00000e+00  
115.9 5.8959e+01  14 1.00000e+00  
116.0 5.9052e+01  14 1.00000e+00  
116.1 5.9144e+01  14 1.00000e+00  
116.2 5.9237e+01  14 1.00000e+00  
116.3 5.9329e+01  14 1.00000e+00  
116.4 5.9422e+01  14 1.00000e+00  
116.5 5.9514e+01  14 1.00000e+00  
116.6 5.9607e+01  14 1.00000e+00  
116.7 5.9699e+01  14 1.00000e+00  
116.8 5.9791e+01  14 1.00000e+00  
116.9 5.9884e+01  14 1.00000e+00  
117.0 5.9976e+01  14 1.00000e+00  
117.1 6.0069e+01  14 1.00000e+00  
117.2 6.0161e+01  14 1.00000e+00  
117.3 6.0254e+01  14 1.00000e+00  
117.4 6.0346e+01  14 1.00000e+00  
117.5 6.0439e+01  14 1.00000e+00  
117.6 6.0531e+01  14 1.00000e+00  
117.7 6.0624e+01  14 1.00000e+00  
117.8 6.0716e+01  14 1.00000e+00  
117.9 6.0809e+01  14 1.00000e+00  
118.0 6.0901e+01  14 1.00000e+00  
118.1 6.0994e+01  14 1.00000e+00  
118.2 6.1086e+01  14 1.00000e+00  
118.3 6.1179e+01  14 1.00000e+00  
118.4 6.1271e+01  14 1.00000e+00  
118.5 6.1363e+01  14 1.00000e+00  
118.6 6.1456e+01  14 1.00000e+00  
118.7 6.1548e+01  14 1.00000e+00  
118.8 6.1641e+01  14 1.00000e+00  
118.9 6.1733e+01  14 1.00000e+00  
119.0 6.1826e+01  14 1.00000e+00  
119.1 6.1918e+01  14 1.00000e+00  
119.2 6.2010e+01  14 1.00000e+00  
119.3 6.2103e+01  14 1.00000e+00  
119.4 6.2195e+01  14 1.00000e+00  
119.5 6.2288e+01  14 1.00000e+00  
119.6 6.2380e+01  14 1.00000e+00  
119.7 6.2473e+01  14 1.00000e+00  
119.8 6.2565e+01  14 1.00000e+00  
119.9 6.2657e+01  14 1.00000e+00  
120.0 6.2750e+01  14 1.00000e+00  
120.1 6.2842e+01  14 1.00000e+00  
120.2 6.2935e+01  14 1.00000e+00  
120.3 6.3027e+01  14 1.00000e+00  
120.4 6.3119e+01  14 1.00000e+00  
120.5 6.3212e+01  14 1.00000e+00  
120.6 6.3304e+01  14 1.00000e+00  
120.7 6.3396e+01  14 1.00000e+00  
120.8 6.3489e+01  14 1.00000e+00  
120.9 6.3581e+01  14 1.00000e+00  
121.0 6.3674e+01  14 1.00000e+00  
121.1 6.3766e+01  14 1.00000e+00  
121.2 6.3858e+01  14 1.00000e+00  
121.3 6.3951e+01  14 1.00000e+00  
121.4 6.4043e+01  14 1.00000e+00  
121.5 6.4135e+01  14 1.00000e+00  
121.6 6.4228e+01  14 1.00000e+00  
121.7 6.4320e+01  14 1.00000e+00  
121.8 6.4412e+01  14 1.00000e+00  
121.9 6.4505e+01  14 1.00000e+00  
122.0 6.4597e+01  14 1.00000e+00  
122.1 6.4689e+01  14 1.00000e+00  
122.2 6.4782e+01  14 1.00000e+00  
122.3 6.4874e+01  14 1.00000e+00  
122.4 6.4966e+01  14 1.00000e+00  
122.5 6.5059e+01  14 1.00000e+00  
122.6 6.5151e+01  14 1.00000e+00  
122.7 6.5243e+01  14 1.00000e+00  
122.8 6.5331e+01  14 1.00000e+00  
122.9 6.5423e+01  14 1.00000e+00  
123.0 6.5516e+01  14 1.00000e+00  
123.1 6.5608e+01  14 1.00000e+00  
123.2 6.5700e+01  14 1.00000e+00  
123.3 6.5792e+01  14 1.00000e+00  
123.4 6.5885e+01  14 1.00000e+00  
123.5 6.5977e+01  14 1.00000e+00  
123.6 6.6069e+01  14 1.00000e+00  
123.7 6.6161e+01  14 1.00000e+00  
123.8 6.6254e+01  14 1.00000e+00  
123.9 6.6346e+01  14 1.00000e+00  
124.0 6.6438e+01  14 1.00000e+00  
124.1 6.6530e+01  14 1.00000e+00  
124.2 6.6623e+01  14 1.00000e+00  
124.3 6.6715e+01  14 1.00000e+00  
124.4 6.6807e+01  14 1.00000e+00  
124.5 6.6899e+01  14 1.00000e+00  
124.6 6.6991e+01  14 1.00000e+00  
124.7 6.7084e+01  14 1.00000e+00  
124.8 6.7176e+01  14 1.00000e+00  
124.9 6.7268e+01  14 1.00000e+00  
125.0 6.7360e+01  14 1.00000e+00  
125.1 6.7452e+01  14 1.00000e+00  
125.2 6.7544e+01  14 1.00000e+00  
125.3 6.7637e+01  14 1.00000e+00  
125.4 6.7729e+01  14 1.00000e+00  
125.5 6.7821e+01  14 1.00000e+00  
125.6 6.7913e+01  14 1.00000e+00  
125.7 6.8005e+01  14 1.00000e+00  
125.8 6.8097e+01  14 1.00000e+00  
125.9 6.8189e+01  14 1.00000e+00  
126.0 6.8282e+01  14 1.00000e+00  
126.1 6.8374e+01  14 1.00000e+00  
126.2 6.8466e+01  14 1.00000e+00  
126.3 6.8558e+01  14 1.00000e+00  
126.4 6.8650e+01  14 1.00000e+00  
126.5 6.8742e+01  14 1.00000e+00  
126.6 6.8834e+01  14 1.00000e+00  
126.7 6.8926e+01  14 1.00000e+00  
126.8 6.9018e+01  14 1.00000e+00  
126.9 6.9110e+01  14 1.00000e+00  
127.0 6.9202e+01  14 1.00000e+00  
127.1 6.9294e+01  14 1.00000e+00  
127.2 6.9386e+01  14 1.00000e+00  
127.3 6.9478e+01  14 1.00000e+00  
127.4 6.9570e+01  14 1.00000e+00  
127.5 6.9663e+01  14 1.00000e+00  
127.6 6.9755e+01  14 1.00000e+00  
127.7 6.9847e+01  14 1.00000e+00  
127.8 6.9939e+01  14 1.00000e+00  
127.9 7.0031e+01  14 1.00000e+00  
128.0 7.0123e+01  14 1.00000e+00  
128.1 7.0215e+01  14 1.00000e+00  
128.2 7.0307e+01  14 1.00000e+00  
128.3 7.0399e+01  14 1.00000e+00  
128.4 7.0491e+01  14 1.00000e+00  
128.5 7.0582e+01  14 1.00000e+00  
128.6 7.0674e+01  14 1.00000e+00  
128.7 7.0766e+01  14 1.00000e+00  
128.8 7.0858e+01  14 1.00000e+00  
128.9 7.0950e+01  14 1.00000e+00  
129.0 7.1042e+01  14 1.00000e+00  
129.1 7.1134e+01  14 1.00000e+00  
129.2 7.1226e+01  14 1.00000e+00  
129.3 7.1318e+01  14 1.00000e+00  
129.4 7.1410e+01  14 1.00000e+00  
129.5 7.1502e+01  14 1.00000e+00  
129.6 7.1594e+01  14 1.00000e+00  
129.7 7.1685e+01  14 1.00000e+00  
129.8 7.1777e+01  14 1.00000e+00  
129.9 7.1869e+01  14 1.00000e+00  
130.0 7.1961e+01  14 1.00000e+00  
130.1 7.2053e+01  14 1.00000e+00  
130.2 7.2145e+01  14 1.00000e+00  
130.3 7.2237e+01  14 1.00000e+00  
130.4 7.2329e+01  14 1.00000e+00  
130.5 7.2420e+01  14 1.00000e+00  
130.6 7.2512e+01  14 1.00000e+00  
130.7 7.2604e+01  14 1.00000e+00  
130.8 7.2696e+01  14 1.00000e+00  
130.9 7.2788e+01  14 1.00000e+00  
131.0 7.2879e+01  14 1.00000e+00  
131.1 7.2971e+01  14 1.00000e+00  
131.2 7.3063e+01  14 1.00000e+00  
131.3 7.3155e+01  14 1.00000e+00  
131.4 7.3247e+01  14 1.00000e+00  
131.5 7.3338e+01  14 1.00000e+00  
131.6 7.3430e+01  14 1.00000e+00  
131.7 7.3522e+01  14 1.00000e+00  
131.8 7.3614e+01  14 1.00000e+00  
131.9 7.3705e+01  14 1.00000e+00  
132.0 7.3797e+01  14 1.00000e+00  
132.1 7.3889e+01  14 1.00000e+00  
132.2 7.3977e+01  14 1.00000e+00  
132.3 7.4068e+01  14 1.00000e+00  
132.4 7.4160e+01  14 1.00000e+00  
132.5 7.4252e+01  14 1.00000e+00  
132.6 7.4344e+01  14 1.00000e+00  
132.7 7.4435e+01  14 1.00000e+00  
132.8 7.4527e+01  14 1.00000e+00  
132.9 7.4619e+01  14 1.00000e+00  
133.0 7.4710e+01  14 1.00000e+00  
133.1 7.4802e+01  14 1.00000e+00  
133.2 7.4893e+01  14 1.00000e+00  
133.3 7.4985e+01  14 1.00000e+00  
133.4 7.5077e+01  14 1.00000e+00  
133.5 7.5168e+01  14 1.00000e+00  
133.6 7.5260e+01  14 1.00000e+00  
133.7 7.5352e+01  14 1.00000e+00  
133.8 7.5443e+01  14 1.00000e+00  
133.9 7.5535e+01  14 1.00000e+00  
134.0 7.5626e+01  14 1.00000e+00  
134.1 7.5718e+01  14 1.00000e+00  
134.2 7.5810e+01  14 1.00000e+00  
134.3 7.5901e+01  14 1.00000e+00  
134.4 7.5993e+01  14 1.00000e+00  
134.5 7.6084e+01  14 1.00000e+00  
134.6 7.6176e+01  14 1.00000e+00  
134.7 7.6267e+01  14 1.00000e+00  
134.8 7.6359e+01  14 1.00000e+00  
134.9 7.6451e+01  14 1.00000e+00  
135.0 7.6542e+01  14 1.00000e+00  
135.1 7.6634e+01  14 1.00000e+00  
135.2 7.6725e+01  14 1.00000e+00  
135.3 7.6817e+01  14 1.00000e+00  
135.4 7.6908e+01  14 1.00000e+00  
135.5 7.7000e+01  14 1.00000e+00  
135.6 7.7091e+01  14 1.00000e+00  
135.7 7.7182e+01  14 1.00000e+00  
135.8 7.7274e+01  14 1.00000e+00  
135.9 7.7365e+01  14 1.00000e+00  
136.0 7.7457e+01  14 1.00000e+00  
136.1 7.7548e+01  14 1.00000e+00  
136.2 7.7640e+01  14 1.00000e+00  
136.3 7.7731e+01  14 1.00000e+00  
136.4 7.7823e+01  14 1.00000e+00  
136.5 7.7914e+01  14 1.00000e+00  
136.6 7.8005e+01  14 1.00000e+00  
136.7 7.8097e+01  14 1.00000e+00  
136.8 7.8188e+01  14 1.00000e+00  
136.9 7.8280e+01  14 1.00000e+00  
137.0 7.8371e+01  14 1.00000e+00  
137.1 7.8462e+01  14 1.00000e+00  
137.2 7.8554e+01  14 1.00000e+00  
137.3 7.8645e+01  14 1.00000e+00  
137.4 7.8736e+01  14 1.00000e+00  
137.5 7.8828e+01  14 1.00000e+00  
137.6 7.8919e+01  14 1.00000e+00  
137.7 7.9010e+01  14 1.00000e+00  
137.8 7.7831e+01  14 1.00000e+00  
137.9 7.7922e+01  14 1.00000e+00  
138.0 7.8012e+01  14 1.00000e+00  
138.1 7.8103e+01  14 1.00000e+00  
138.2 7.8193e+01  14 1.00000e+00  
138.3 7.8284e+01  14 1.00000e+00  
138.4 7.8374e+01  14 1.00000e+00  
138.5 7.8465e+01  14 1.00000e+00  
138.6 7.8555e+01  14 1.00000e+00  
138.7 7.8646e+01  14 1.00000e+00  
138.8 7.8736e+01  14 1.00000e+00  
138.9 7.7828e+01  14 1.00000e+00  
139.0 7.7919e+01  14 1.00000e+00  
139.1 7.8010e+01  14 1.00000e+00  
139.2 7.8100e+01  14 1.00000e+00  
139.3 7.8191e+01  14 1.00000e+00  
139.4 7.8282e+01  14 1.00000e+00  
139.5 7.8372e+01  14 1.00000e+00  
139.6 7.8463e+01  14 1.00000e+00  
139.7 7.8554e+01  14 1.00000e+00  
139.8 7.8644e+01  14 1.00000e+00  
139.9 7.8735e+01  14 1.00000e+00  
140.0 7.8825e+01  14 1.00000e+00  
140.1 7.8916e+01  14 1.00000e+00  
140.2 7.9007e+01  14 1.00000e+00  
140.3 7.9097e+01  14 1.00000e+00  
140.4 7.9188e+01  14 1.00000e+00  
140.5 7.9279e+01  14 1.00000e+00  
140.6 7.9369e+01  14 1.00000e+00  
140.7 7.9460e+01  14 1.00000e+00  
140.8 7.7990e+01  14 1.00000e+00  
140.9 7.8078e+01  14 1.00000e+00  
141.0 7.8167e+01  14 1.00000e+00  
141.1 7.8256e+01  14 1.00000e+00  
141.2 7.8344e+01  14 1.00000e+00  
141.3 7.8433e+01  14 1.00000e+00  
141.4 7.8522e+01  14 1.00000e+00  
141.5 7.8610e+01  14 1.00000e+00  
141.6 7.8699e+01  14 1.00000e+00  
141.7 7.8788e+01  14 1.00000e+00  
141.8 7.8876e+01  14 1.00000e+00  
141.9 7.8965e+01  14 1.00000e+00  
142.0 7.9054e+01  14 1.00000e+00  
142.1 7.8200e+01  14 1.00000e+00  
142.2 7.8289e+01  14 1.00000e+00  
142.3 7.8379e+01  14 1.00000e+00  
142.4 7.8468e+01  14 1.00000e+00  
142.5 7.8558e+01  14 1.00000e+00  
142.6 7.8647e+01  14 1.00000e+00  
142.7 7.8736e+01  14 1.00000e+00  
142.8 7.8826e+01  14 1.00000e+00  
142.9 7.8915e+01  14 1.00000e+00  
143.0 7.9004e+01  14 1.00000e+00  
143.1 7.9094e+01  14 1.00000e+00  
143.2 7.9183e+01  14 1.00000e+00  
143.3 7.9273e+01  14 1.00000e+00  
143.4 7.9362e+01  14 1.00000e+00  
143.5 7.9451e+01  14 1.00000e+00  
143.6 7.9540e+01  14 1.00000e+00  
143.7 7.9630e+01  14 1.00000e+00  
143.8 7.9719e+01  14 1.00000e+00  
143.9 7.9808e+01  14 1.00000e+00  
144.0 7.9898e+01  14 1.00000e+00  
144.1 7.9987e+01  14 1.00000e+00  
144.2 8.0076e+01  14 1.00000e+00  
144.3 8.0166e+01  14 1.00000e+00  
144.4 8.0255e+01  14 1.00000e+00  
144.5 8.0344e+01  14 1.00000e+00  
144.6 8.0433e+01  14 1.00000e+00  
144.7 8.0523e+01  14 1.00000e+00  
144.8 8.0612e+01  14 1.00000e+00  
144.9 8.0701e+01  14 1.00000e+00  
145.0 8.0790e+01  14 1.00000e+00  
145.1 8.0880e+01  14 1.00000e+00  
145.2 8.0969e+01  14 1.00000e+00  
145.3 8.1058e+01  14 1.00000e+00  
145.4 8.1147e+01  14 1.00000e+00  
145.5 8.1237e+01  14 1.00000e+00  
145.6 8.1326e+01  14 1.00000e+00  
145.7 8.1415e+01  14 1.00000e+00  
145.8 8.1504e+01  14 1.00000e+00  
145.9 8.1593e+01  14 1.00000e+00  
146.0 8.1683e+01  14 1.00000e+00  
146.1 8.1773e+01  14 1.00000e+00  
146.2 8.1863e+01  14 1.00000e+00  
146.3 8.1954e+01  14 1.00000e+00  
146.4 8.2044e+01  14 1.00000e+00  
146.5 8.2134e+01  14 1.00000e+00  
146.6 8.2224e+01  14 1.00000e+00  
146.7 8.2315e+01  14 1.00000e+00  
146.8 8.2405e+01  14 1.00000e+00  
146.9 8.2495e+01  14 1.00000e+00  
147.0 8.2585e+01  14 1.00000e+00  
147.1 8.2676e+01  14 1.00000e+00  
147.2 7.8574e+01  14 1.00000e+00  
147.3 7.8662e+01  14 1.00000e+00  
147.4 7.8750e+01  14 1.00000e+00  
147.5 7.8838e+01  14 1.00000e+00  
147.6 7.8927e+01  14 1.00000e+00  
147.7 7.9015e+01  14 1.00000e+00  
147.8 7.9103e+01  14 1.00000e+00  
147.9 7.9192e+01  14 1.00000e+00  
148.0 7.9280e+01  14 1.00000e+00  
148.1 7.9368e+01  14 1.00000e+00  
148.2 7.9456e+01  14 1.00000e+00  
148.3 7.9545e+01  14 1.00000e+00  
148.4 7.9633e+01  14 1.00000e+00  
148.5 7.9721e+01  14 1.00000e+00  
148.6 7.9809e+01  14 1.00000e+00  
148.7 7.9897e+01  14 1.00000e+00  
148.8 7.9986e+01  14 1.00000e+00  
148.9 8.0074e+01  14 1.00000e+00  
149.0 8.0162e+01  14 1.00000e+00  
149.1 8.0250e+01  14 1.00000e+00  
149.2 8.0339e+01  14 1.00000e+00  
149.3 7.9603e+01  14 1.00000e+00  
149.4 7.9693e+01  14 1.00000e+00  
149.5 7.9782e+01  14 1.00000e+00  
149.6 7.9871e+01  14 1.00000e+00  
149.7 7.9961e+01  14 1.00000e+00  
149.8 8.0050e+01  14 1.00000e+00  
149.9 8.0140e+01  14 1.00000e+00  
150.0 8.0229e+01  14 1.00000e+00  
