 15.1 1.3798e+00  13 4.30949e-02  
 15.2 1.3875e+00  13 4.36014e-02  
 15.3 1.3951e+00  13 4.41043e-02  
 15.4 1.4027e+00  13 4.46031e-02  
 15.5 1.4104e+00  13 4.50985e-02  
 15.6 1.4180e+00  13 4.55902e-02  
 15.7 1.4256e+00  13 4.60778e-02  
 15.8 1.4333e+00  13 4.65628e-02  
 15.9 1.4409e+00  13 4.70447e-02  
 16.0 1.4485e+00  13 4.75402e-02  
 16.1 1.4562e+00  13 4.80164e-02  
 16.2 1.4638e+00  13 4.84900e-02  
 16.3 1.4714e+00  13 4.89609e-02  
 16.4 1.4790e+00  13 4.94296e-02  
 16.5 1.4867e+00  13 4.98955e-02  
 16.6 1.4943e+00  13 5.03596e-02  
 16.7 1.5019e+00  13 5.08408e-02  
 16.8 1.5096e+00  13 5.13015e-02  
 16.9 1.5172e+00  13 5.17604e-02  
 17.0 1.5248e+00  13 5.22350e-02  
 17.1 1.5325e+00  13 5.26804e-02  
 17.2 1.5401e+00  13 5.31346e-02  
 17.3 1.5477e+00  13 5.36092e-02  
 17.4 1.5553e+00  13 5.40621e-02  
 17.5 1.5630e+00  13 5.45361e-02  
 17.6 1.5706e+00  13 5.49883e-02  
 17.7 1.5782e+00  13 5.54631e-02  
 17.8 1.5858e+00  13 5.60562e-02  
 17.9 1.5935e+00  13 5.64981e-02  
 18.0 1.6011e+00  13 5.69543e-02  
 18.1 1.6087e+00  13 5.74106e-02  
 18.2 1.6163e+00  13 5.78673e-02  
 18.3 1.6239e+00  13 5.83240e-02  
 18.4 1.6316e+00  13 5.87814e-02  
 18.5 1.6392e+00  13 5.92403e-02  
 18.6 1.6468e+00  13 5.96805e-02  
 18.7 1.6544e+00  13 6.01379e-02  
 18.8 1.6620e+00  13 6.05968e-02  
 18.9 1.6696e+00  13 6.10562e-02  
 19.0 1.6772e+00  13 6.15171e-02  
 19.1 1.6848e+00  13 6.19760e-02  
 19.2 1.6924e+00  13 6.24215e-02  
 19.3 1.7000e+00  13 6.28841e-02  
 19.4 1.7108e+00  13 6.36485e-02  
 19.5 1.7225e+00  13 6.45062e-02  
 19.6 1.7343e+00  13 6.53738e-02  
 19.7 1.7461e+00  13 6.62258e-02  
 19.8 1.7581e+00  13 6.71085e-02  
 19.9 1.7701e+00  13 6.80014e-02  
 20.0 1.7822e+00  13 6.89051e-02  
 20.1 1.7944e+00  13 6.98129e-02  
 20.2 1.8067e+00  13 7.07175e-02  
 20.3 1.8191e+00  13 7.16494e-02  
 20.4 1.8315e+00  13 7.25922e-02  
 20.5 1.8440e+00  13 7.35466e-02  
 20.6 1.8566e+00  13 7.44854e-02  
 20.7 1.8693e+00  13 7.54598e-02  
 20.8 1.8820e+00  13 7.64461e-02  
 20.9 1.8948e+00  13 7.74455e-02  
 21.0 1.9078e+00  13 7.84271e-02  
 21.1 1.9208e+00  13 7.94476e-02  
 21.2 1.4479e+01  14 1.00000e+00  
 21.3 1.4493e+01  14 1.00000e+00  
 21.4 1.4510e+01  14 1.00000e+00  
 21.5 1.4523e+01  14 1.00000e+00  
 21.6 1.4533e+01  14 1.00000e+00  
 21.7 1.4543e+01  14 1.00000e+00  
 21.8 1.4556e+01  14 1.00000e+00  
 21.9 1.4566e+01  14 1.00000e+00  
 22.0 1.4573e+01  14 1.00000e+00  
 22.1 1.4579e+01  14 1.00000e+00  
 22.2 1.4589e+01  14 1.00000e+00  
 22.3 1.4594e+01  14 1.00000e+00  
 22.4 1.4598e+01  14 1.00000e+00  
 22.5 1.4600e+01  14 1.00000e+00  
 22.6 1.4607e+01  14 1.00000e+00  
 22.7 1.4608e+01  14 1.00000e+00  
 22.8 1.4608e+01  14 1.00000e+00  
 22.9 1.4606e+01  14 1.00000e+00  
 23.0 1.4611e+01  14 1.00000e+00  
 23.1 1.4608e+01  14 1.00000e+00  
 23.2 1.4604e+01  14 1.00000e+00  
 23.3 1.4600e+01  14 1.00000e+00  
 23.4 1.4601e+01  14 1.00000e+00  
 23.5 1.4595e+01  14 1.00000e+00  
 23.6 1.4588e+01  14 1.00000e+00  
 23.7 1.4583e+01  14 1.00000e+00  
 23.8 1.4579e+01  14 1.00000e+00  
 23.9 1.4570e+01  14 1.00000e+00  
 24.0 1.4560e+01  14 1.00000e+00  
 24.1 1.4557e+01  14 1.00000e+00  
 24.2 1.4546e+01  14 1.00000e+00  
 24.3 1.4534e+01  14 1.00000e+00  
 24.4 1.4521e+01  14 1.00000e+00  
 24.5 5.5501e+00  14 3.41545e-01  
 24.6 5.6161e+00  14 3.46741e-01  
 24.7 5.6821e+00  14 3.51964e-01  
 24.8 5.7478e+00  14 3.57212e-01  
 24.9 5.8138e+00  14 3.62284e-01  
 25.0 5.8794e+00  14 3.67561e-01  
 25.1 5.9448e+00  14 3.72851e-01  
 25.2 6.0100e+00  14 3.78165e-01  
 25.3 6.0756e+00  14 3.83298e-01  
 25.4 6.1405e+00  14 3.88638e-01  
 25.5 6.2053e+00  14 3.93997e-01  
 25.6 6.2697e+00  14 3.99376e-01  
 25.7 6.3349e+00  14 4.04556e-01  
 25.8 6.3990e+00  14 4.09944e-01  
 25.9 6.4629e+00  14 4.15352e-01  
 26.0 6.5265e+00  14 4.20774e-01  
 26.1 6.5899e+00  14 4.26215e-01  
 26.2 6.6547e+00  14 4.31497e-01  
 26.3 6.7176e+00  14 4.36952e-01  
 26.4 6.7802e+00  14 4.42407e-01  
 26.5 6.8425e+00  14 4.47882e-01  
 26.6 6.9053e+00  14 4.53260e-01  
 26.7 6.9680e+00  14 4.58635e-01  
 26.8 7.0295e+00  14 4.64132e-01  
 26.9 7.0906e+00  14 4.69643e-01  
 27.0 7.1513e+00  14 4.75171e-01  
 27.1 7.2140e+00  14 4.80467e-01  
 27.2 7.2744e+00  14 4.85980e-01  
 27.3 7.3345e+00  14 4.91504e-01  
 27.4 7.3942e+00  14 4.97037e-01  
 27.5 7.4535e+00  14 5.02578e-01  
 27.6 7.5125e+00  14 5.08132e-01  
 27.7 7.5739e+00  14 5.13456e-01  
 27.8 7.6322e+00  14 5.19019e-01  
 27.9 7.6901e+00  14 5.24590e-01  
 28.0 7.7476e+00  14 5.30172e-01  
 28.1 7.8045e+00  14 5.35766e-01  
 28.2 7.8632e+00  14 5.41220e-01  
 28.3 7.9225e+00  14 5.46614e-01  
 28.4 7.9792e+00  14 5.52172e-01  
 28.5 8.0355e+00  14 5.57738e-01  
 28.6 8.0912e+00  14 5.63316e-01  
 28.7 8.1463e+00  14 5.68908e-01  
 28.8 8.2012e+00  14 5.74496e-01  
 28.9 8.2557e+00  14 5.80086e-01  
 29.0 8.3141e+00  14 5.85447e-01  
 29.1 8.3674e+00  14 5.91067e-01  
 29.2 8.4205e+00  14 5.96677e-01  
 29.3 8.4727e+00  14 6.02316e-01  
 29.4 8.5295e+00  14 6.07713e-01  
 29.5 8.5808e+00  14 6.13358e-01  
 29.6 8.6344e+00  14 6.18877e-01  
 29.7 8.6875e+00  14 6.24408e-01  
 29.8 8.7403e+00  14 6.29938e-01  
 29.9 8.7924e+00  14 6.35483e-01  
 30.0 8.8408e+00  14 6.41159e-01  
 30.1 8.8921e+00  14 6.46706e-01  
 30.2 8.9449e+00  14 6.52182e-01  
 30.3 8.9945e+00  14 6.57766e-01  
 30.4 9.0432e+00  14 6.63363e-01  
 30.5 9.0919e+00  14 6.68949e-01  
 30.6 9.1395e+00  14 6.74554e-01  
 30.7 9.1864e+00  14 6.80163e-01  
 30.8 9.2392e+00  14 6.85573e-01  
 30.9 9.2839e+00  14 6.91222e-01  
 31.0 9.3311e+00  14 6.96782e-01  
 31.1 9.3775e+00  14 7.02350e-01  
 31.2 9.4219e+00  14 7.07959e-01  
 31.3 9.4690e+00  14 7.13479e-01  
 31.4 9.5163e+00  14 7.18982e-01  
 31.5 9.5567e+00  14 7.24654e-01  
 31.6 9.6074e+00  14 7.30045e-01  
 31.7 9.6456e+00  14 7.35737e-01  
 31.8 9.6920e+00  14 7.41212e-01  
 31.9 9.7367e+00  14 7.46716e-01  
 32.0 9.7797e+00  14 7.52249e-01  
 32.1 9.8164e+00  14 7.57905e-01  
 32.2 9.8566e+00  14 7.63466e-01  
 32.3 9.8980e+00  14 7.68987e-01  
 32.4 9.9414e+00  14 7.74456e-01  
 32.5 9.9771e+00  14 7.80062e-01  
 32.6 1.0016e+01  14 7.85589e-01  
 32.7 1.0058e+01  14 7.91041e-01  
 32.8 1.0097e+01  14 7.96544e-01  
 32.9 1.0136e+01  14 8.02028e-01  
 33.0 1.0180e+01  14 8.07427e-01  
 33.1 1.0208e+01  14 8.13063e-01  
 33.2 1.0257e+01  14 8.18358e-01  
 33.3 1.0290e+01  14 8.23881e-01  
 33.4 1.0318e+01  14 8.29457e-01  
 33.5 1.0368e+01  14 8.34726e-01  
 33.6 1.0399e+01  14 8.40236e-01  
 33.7 1.0444e+01  14 8.45539e-01  
 33.8 1.0470e+01  14 8.51084e-01  
 33.9 1.0514e+01  14 8.56395e-01  
 34.0 1.0578e+01  14 8.61482e-01  
 34.1 1.0662e+01  14 8.66369e-01  
 34.2 1.0745e+01  14 8.71315e-01  
 34.3 1.0826e+01  14 8.76308e-01  
 34.4 1.0909e+01  14 8.81318e-01  
 34.5 1.0944e+01  14 8.82273e-01  
 34.6 1.0919e+01  14 8.85685e-01  
 34.7 1.0983e+01  14 8.89109e-01  
 34.8 1.1017e+01  14 8.90903e-01  
 34.9 1.1071e+01  14 8.93768e-01  
 35.0 1.1093e+01  14 8.94969e-01  
 35.1 1.1150e+01  14 8.97983e-01  
 35.2 1.1194e+01  14 9.00292e-01  
 35.3 1.1223e+01  14 9.01842e-01  
 35.4 1.1289e+01  14 9.05342e-01  
 35.5 1.1321e+01  14 9.07044e-01  
 35.6 1.1362e+01  14 9.09195e-01  
 35.7 1.1391e+01  14 9.10740e-01  
 35.8 1.1423e+01  14 9.12425e-01  
 35.9 1.1471e+01  14 9.14919e-01  
 36.0 1.1510e+01  14 9.16996e-01  
 36.1 1.1550e+01  14 9.19085e-01  
 36.2 1.1605e+01  14 9.21947e-01  
 36.3 1.1642e+01  14 9.23906e-01  
 36.4 1.1678e+01  14 9.25796e-01  
 36.5 1.1727e+01  14 9.28344e-01  
 36.6 1.1765e+01  14 9.30328e-01  
 36.7 1.1800e+01  14 9.32157e-01  
 36.8 1.1848e+01  14 9.34671e-01  
 36.9 1.1885e+01  14 9.36586e-01  
 37.0 1.1929e+01  14 9.38880e-01  
 37.1 1.1965e+01  14 9.40744e-01  
 37.2 1.2014e+01  14 9.43268e-01  
 37.3 1.2052e+01  14 9.45264e-01  
 37.4 1.2114e+01  14 9.48465e-01  
 37.5 1.2149e+01  14 9.50263e-01  
 37.6 1.2196e+01  14 9.52712e-01  
 37.7 1.2234e+01  14 9.54684e-01  
 37.8 1.2290e+01  14 9.57546e-01  
 37.9 1.2348e+01  14 9.60542e-01  
 38.0 1.2387e+01  14 9.62561e-01  
 38.1 1.2412e+01  14 9.63808e-01  
 38.2 1.2454e+01  14 9.65997e-01  
 38.3 1.2504e+01  14 9.68551e-01  
 38.4 1.2536e+01  14 9.70168e-01  
 38.5 1.2593e+01  14 9.73120e-01  
 38.6 1.2624e+01  14 9.74679e-01  
 38.7 1.2665e+01  14 9.76796e-01  
 38.8 1.2719e+01  14 9.79516e-01  
 38.9 1.2778e+01  14 9.82523e-01  
 39.0 1.2817e+01  14 9.84520e-01  
 39.1 1.2856e+01  14 9.86489e-01  
 39.2 1.2895e+01  14 9.88494e-01  
 39.3 1.2935e+01  14 9.90516e-01  
 39.4 1.2994e+01  14 9.93534e-01  
 39.5 1.3036e+01  14 9.95637e-01  
 39.6 1.3077e+01  14 9.97684e-01  
 39.7 1.3117e+01  14 9.99726e-01  
 39.8 1.3127e+01  14 1.00000e+00  
 39.9 1.3006e+01  14 9.94122e-01  
 40.0 1.2694e+01  14 9.78246e-01  
 40.1 1.2491e+01  14 9.67896e-01  
 40.2 1.2440e+01  14 9.65293e-01  
 40.3 1.2376e+01  14 9.61963e-01  
 40.4 1.2160e+01  14 9.50841e-01  
 40.5 1.1987e+01  14 9.41903e-01  
 40.6 1.1808e+01  14 9.32584e-01  
 40.7 1.1767e+01  14 9.30435e-01  
 40.8 1.1705e+01  14 9.27219e-01  
 40.9 1.1639e+01  14 9.23731e-01  
 41.0 1.1385e+01  14 9.10396e-01  
 41.1 1.1227e+01  14 9.02044e-01  
 41.2 1.1183e+01  14 8.99708e-01  
 41.3 1.1144e+01  14 8.97666e-01  
 41.4 1.1107e+01  14 8.95722e-01  
 41.5 1.0960e+01  14 8.87892e-01  
 41.6 1.0839e+01  14 8.81455e-01  
 41.7 1.0693e+01  14 8.73615e-01  
 41.8 1.0670e+01  14 8.72415e-01  
 41.9 1.0638e+01  14 8.70705e-01  
 42.0 1.0605e+01  14 8.68910e-01  
 42.1 1.0439e+01  14 8.59979e-01  
 42.2 1.0281e+01  14 8.51435e-01  
 42.3 1.0220e+01  14 8.48141e-01  
 42.4 1.0221e+01  14 8.48222e-01  
 42.5 1.0182e+01  14 8.46063e-01  
 42.6 1.0059e+01  14 8.39414e-01  
 42.7 1.0037e+01  14 8.38207e-01  
 42.8 9.8823e+00  14 8.29794e-01  
 42.9 9.8063e+00  14 8.25642e-01  
 43.0 9.8106e+00  14 8.25876e-01  
 43.1 9.7657e+00  14 8.23426e-01  
 43.2 9.7431e+00  14 8.22187e-01  
 43.3 9.6767e+00  14 8.18551e-01  
 43.4 9.5229e+00  14 8.10114e-01  
 43.5 9.4678e+00  14 8.07086e-01  
 43.6 9.4395e+00  14 8.05531e-01  
 43.7 9.4329e+00  14 8.05164e-01  
 43.8 9.4311e+00  14 8.05067e-01  
 43.9 9.4133e+00  14 8.04087e-01  
 44.0 9.3343e+00  14 7.99732e-01  
 44.1 9.4099e+00  14 8.03900e-01  
 44.2 9.4281e+00  14 8.04901e-01  
 44.3 9.4297e+00  14 8.04991e-01  
 44.4 9.4915e+00  14 8.08388e-01  
 44.5 9.5883e+00  14 8.13708e-01  
 44.6 9.6864e+00  14 8.19087e-01  
 44.7 9.6994e+00  14 8.19797e-01  
 44.8 9.7165e+00  14 8.20730e-01  
 44.9 9.7561e+00  14 8.22898e-01  
 45.0 9.7715e+00  14 8.23741e-01  
 45.1 9.8675e+00  14 8.28983e-01  
 45.2 9.9490e+00  14 8.33427e-01  
 45.3 1.0030e+01  14 8.37817e-01  
 45.4 1.0096e+01  14 8.41428e-01  
 45.5 1.0158e+01  14 8.44771e-01  
 45.6 1.0258e+01  14 8.50224e-01  
 45.7 1.0319e+01  14 8.53521e-01  
 45.8 1.0358e+01  14 8.55593e-01  
 45.9 1.0402e+01  14 8.57979e-01  
 46.0 1.0449e+01  14 8.60526e-01  
 46.1 1.0494e+01  14 8.62919e-01  
 46.2 1.0536e+01  14 8.65192e-01  
 46.3 1.0568e+01  14 8.66949e-01  
 46.4 1.0612e+01  14 8.69299e-01  
 46.5 1.0733e+01  14 8.75773e-01  
 46.6 1.0821e+01  14 8.80502e-01  
 46.7 1.0903e+01  14 8.84845e-01  
 46.8 1.0971e+01  14 8.88481e-01  
 46.9 1.1036e+01  14 8.91945e-01  
 47.0 1.1148e+01  14 8.97874e-01  
 47.1 1.1217e+01  14 9.01505e-01  
 47.2 1.1249e+01  14 9.03222e-01  
 47.3 1.1303e+01  14 9.06086e-01  
 47.4 1.1344e+01  14 9.08255e-01  
 47.5 1.1390e+01  14 9.10648e-01  
 47.6 1.1432e+01  14 9.12866e-01  
 47.7 1.1464e+01  14 9.14584e-01  
 47.8 1.1543e+01  14 9.18711e-01  
 47.9 1.1675e+01  14 9.25648e-01  
 48.0 1.1767e+01  14 9.30421e-01  
 48.1 1.1849e+01  14 9.34732e-01  
 48.2 1.1924e+01  14 9.38640e-01  
 48.3 1.1993e+01  14 9.42179e-01  
 48.4 1.2108e+01  14 9.48163e-01  
 48.5 1.2180e+01  14 9.51876e-01  
 48.6 1.2230e+01  14 9.54446e-01  
 48.7 1.2271e+01  14 9.56599e-01  
 48.8 1.2334e+01  14 9.59843e-01  
 48.9 1.2387e+01  14 9.62534e-01  
 49.0 1.2425e+01  14 9.64500e-01  
 49.1 1.2475e+01  14 9.67075e-01  
 49.2 1.2543e+01  14 9.70572e-01  
 49.3 1.2630e+01  14 9.74999e-01  
 49.4 1.2764e+01  14 9.81824e-01  
 49.5 1.2849e+01  14 9.86159e-01  
 49.6 1.2951e+01  14 9.91314e-01  
 49.7 1.3026e+01  14 9.95105e-01  
 49.8 1.3105e+01  14 9.99097e-01  
 49.9 1.3160e+01  14 1.00000e+00  
 50.0 1.3185e+01  14 1.00000e+00  
 50.1 1.3207e+01  14 1.00000e+00  
 50.2 1.3227e+01  14 1.00000e+00  
 50.3 1.3247e+01  14 1.00000e+00  
 50.4 1.3263e+01  14 1.00000e+00  
 50.5 1.3289e+01  14 1.00000e+00  
 50.6 1.3306e+01  14 1.00000e+00  
 50.7 1.3345e+01  14 1.00000e+00  
 50.8 1.3391e+01  14 1.00000e+00  
 50.9 1.3431e+01  14 1.00000e+00  
 51.0 1.3461e+01  14 1.00000e+00  
 51.1 1.3499e+01  14 1.00000e+00  
 51.2 1.3531e+01  14 1.00000e+00  
 51.3 1.3554e+01  14 1.00000e+00  
 51.4 1.3607e+01  14 1.00000e+00  
 51.5 1.3636e+01  14 1.00000e+00  
 51.6 1.3654e+01  14 1.00000e+00  
 51.7 1.3672e+01  14 1.00000e+00  
 51.8 1.3700e+01  14 1.00000e+00  
 51.9 1.3718e+01  14 1.00000e+00  
 52.0 1.3739e+01  14 1.00000e+00  
 52.1 1.3758e+01  14 1.00000e+00  
 52.2 1.3791e+01  14 1.00000e+00  
 52.3 1.3822e+01  14 1.00000e+00  
 52.4 1.3873e+01  14 1.00000e+00  
 52.5 1.3911e+01  14 1.00000e+00  
 52.6 1.3946e+01  14 1.00000e+00  
 52.7 1.3972e+01  14 1.00000e+00  
 52.8 1.4008e+01  14 1.00000e+00  
 52.9 1.4035e+01  14 1.00000e+00  
 53.0 1.4080e+01  14 1.00000e+00  
 53.1 1.4108e+01  14 1.00000e+00  
 53.2 1.4132e+01  14 1.00000e+00  
 53.3 1.4153e+01  14 1.00000e+00  
 53.4 1.4175e+01  14 1.00000e+00  
 53.5 1.4195e+01  14 1.00000e+00  
 53.6 1.4210e+01  14 1.00000e+00  
 53.7 1.4234e+01  14 1.00000e+00  
 53.8 1.4271e+01  14 1.00000e+00  
 53.9 1.4310e+01  14 1.00000e+00  
 54.0 1.4355e+01  14 1.00000e+00  
 54.1 1.4392e+01  14 1.00000e+00  
 54.2 1.4426e+01  14 1.00000e+00  
 54.3 1.4458e+01  14 1.00000e+00  
 54.4 1.4489e+01  14 1.00000e+00  
 54.5 1.4520e+01  14 1.00000e+00  
 54.6 1.4576e+01  14 1.00000e+00  
 54.7 1.4602e+01  14 1.00000e+00  
 54.8 1.4620e+01  14 1.00000e+00  
 54.9 1.4642e+01  14 1.00000e+00  
 55.0 1.4664e+01  14 1.00000e+00  
 55.1 1.4682e+01  14 1.00000e+00  
 55.2 1.4703e+01  14 1.00000e+00  
 55.3 1.4726e+01  14 1.00000e+00  
 55.4 1.4755e+01  14 1.00000e+00  
 55.5 1.4790e+01  14 1.00000e+00  
 55.6 1.4827e+01  14 1.00000e+00  
 55.7 1.4875e+01  14 1.00000e+00  
 55.8 1.4913e+01  14 1.00000e+00  
 55.9 1.4941e+01  14 1.00000e+00  
 56.0 1.4977e+01  14 1.00000e+00  
 56.1 1.5005e+01  14 1.00000e+00  
 56.2 1.5035e+01  14 1.00000e+00  
 56.3 1.5085e+01  14 1.00000e+00  
 56.4 1.5116e+01  14 1.00000e+00  
 56.5 1.5125e+01  14 1.00000e+00  
 56.6 1.5154e+01  14 1.00000e+00  
 56.7 1.5178e+01  14 1.00000e+00  
 56.8 1.5194e+01  14 1.00000e+00  
 56.9 1.5218e+01  14 1.00000e+00  
 57.0 1.5235e+01  14 1.00000e+00  
 57.1 1.5272e+01  14 1.00000e+00  
 57.2 1.5312e+01  14 1.00000e+00  
 57.3 1.5345e+01  14 1.00000e+00  
 57.4 1.5380e+01  14 1.00000e+00  
 57.5 1.5426e+01  14 1.00000e+00  
 57.6 1.5468e+01  14 1.00000e+00  
 57.7 1.5514e+01  14 1.00000e+00  
 57.8 1.5545e+01  14 1.00000e+00  
 57.9 1.5565e+01  14 1.00000e+00  
 58.0 1.5590e+01  14 1.00000e+00  
 58.1 1.5643e+01  14 1.00000e+00  
 58.2 1.5676e+01  14 1.00000e+00  
 58.3 1.5692e+01  14 1.00000e+00  
 58.4 1.5717e+01  14 1.00000e+00  
 58.5 1.5736e+01  14 1.00000e+00  
 58.6 1.5759e+01  14 1.00000e+00  
 58.7 1.5776e+01  14 1.00000e+00  
 58.8 1.5807e+01  14 1.00000e+00  
 58.9 1.5852e+01  14 1.00000e+00  
 59.0 1.5889e+01  14 1.00000e+00  
 59.1 1.5917e+01  14 1.00000e+00  
 59.2 1.5968e+01  14 1.00000e+00  
 59.3 1.6004e+01  14 1.00000e+00  
 59.4 1.6039e+01  14 1.00000e+00  
 59.5 1.6061e+01  14 1.00000e+00  
 59.6 1.6105e+01  14 1.00000e+00  
 59.7 1.6129e+01  14 1.00000e+00  
 59.8 1.6155e+01  14 1.00000e+00  
 59.9 1.6210e+01  14 1.00000e+00  
 60.0 1.6241e+01  14 1.00000e+00  
 60.1 1.6262e+01  14 1.00000e+00  
 60.2 1.6281e+01  14 1.00000e+00  
 60.3 1.6295e+01  14 1.00000e+00  
 60.4 1.6330e+01  14 1.00000e+00  
 60.5 1.6344e+01  14 1.00000e+00  
 60.6 1.6359e+01  14 1.00000e+00  
 60.7 1.6401e+01  14 1.00000e+00  
 60.8 1.6450e+01  14 1.00000e+00  
 60.9 1.6487e+01  14 1.00000e+00  
 61.0 1.6510e+01  14 1.00000e+00  
 61.1 1.6562e+01  14 1.00000e+00  
 61.2 1.6606e+01  14 1.00000e+00  
 61.3 1.6641e+01  14 1.00000e+00  
 61.4 1.6665e+01  14 1.00000e+00  
 61.5 1.6703e+01  14 1.00000e+00  
 61.6 1.6722e+01  14 1.00000e+00  
 61.7 1.6745e+01  14 1.00000e+00  
 61.8 1.6794e+01  14 1.00000e+00  
 61.9 1.6827e+01  14 1.00000e+00  
 62.0 1.6856e+01  14 1.00000e+00  
 62.1 1.6872e+01  14 1.00000e+00  
 62.2 1.6903e+01  14 1.00000e+00  
 62.3 1.6925e+01  14 1.00000e+00  
 62.4 1.6939e+01  14 1.00000e+00  
 62.5 1.6957e+01  14 1.00000e+00  
 62.6 1.7005e+01  14 1.00000e+00  
 62.7 1.7048e+01  14 1.00000e+00  
 62.8 1.7071e+01  14 1.00000e+00  
 62.9 1.7119e+01  14 1.00000e+00  
 63.0 1.7150e+01  14 1.00000e+00  
 63.1 1.7196e+01  14 1.00000e+00  
 63.2 1.7231e+01  14 1.00000e+00  
 63.3 1.7258e+01  14 1.00000e+00  
 63.4 1.7290e+01  14 1.00000e+00  
 63.5 1.7324e+01  14 1.00000e+00  
 63.6 1.7344e+01  14 1.00000e+00  
 63.7 1.7367e+01  14 1.00000e+00  
 63.8 1.7425e+01  14 1.00000e+00  
 63.9 1.7446e+01  14 1.00000e+00  
 64.0 1.7477e+01  14 1.00000e+00  
 64.1 1.7497e+01  14 1.00000e+00  
 64.2 1.7515e+01  14 1.00000e+00  
 64.3 1.7539e+01  14 1.00000e+00  
 64.4 1.7567e+01  14 1.00000e+00  
 64.5 1.7585e+01  14 1.00000e+00  
 64.6 1.7616e+01  14 1.00000e+00  
 64.7 1.7670e+01  14 1.00000e+00  
 64.8 1.7707e+01  14 1.00000e+00  
 64.9 1.7738e+01  14 1.00000e+00  
 65.0 1.7772e+01  14 1.00000e+00  
 65.1 1.7818e+01  14 1.00000e+00  
 65.2 1.7853e+01  14 1.00000e+00  
 65.3 1.7884e+01  14 1.00000e+00  
 65.4 1.7918e+01  14 1.00000e+00  
 65.5 1.7941e+01  14 1.00000e+00  
 65.6 1.7977e+01  14 1.00000e+00  
 65.7 1.8005e+01  14 1.00000e+00  
 65.8 1.8054e+01  14 1.00000e+00  
 65.9 1.8078e+01  14 1.00000e+00  
 66.0 1.8106e+01  14 1.00000e+00  
 66.1 1.8126e+01  14 1.00000e+00  
 66.2 1.8147e+01  14 1.00000e+00  
 66.3 1.8171e+01  14 1.00000e+00  
 66.4 1.8197e+01  14 1.00000e+00  
 66.5 1.8213e+01  14 1.00000e+00  
 66.6 1.8245e+01  14 1.00000e+00  
 66.7 1.8285e+01  14 1.00000e+00  
 66.8 1.8330e+01  14 1.00000e+00  
 66.9 1.8357e+01  14 1.00000e+00  
 67.0 1.8403e+01  14 1.00000e+00  
 67.1 1.8429e+01  14 1.00000e+00  
 67.2 1.8478e+01  14 1.00000e+00  
 67.3 1.8515e+01  14 1.00000e+00  
 67.4 1.8547e+01  14 1.00000e+00  
 67.5 1.8583e+01  14 1.00000e+00  
 67.6 1.8612e+01  14 1.00000e+00  
 67.7 1.8632e+01  14 1.00000e+00  
 67.8 1.8665e+01  14 1.00000e+00  
 67.9 1.8694e+01  14 1.00000e+00  
 68.0 1.8739e+01  14 1.00000e+00  
 68.1 1.8762e+01  14 1.00000e+00  
 68.2 1.8786e+01  14 1.00000e+00  
 68.3 1.8806e+01  14 1.00000e+00  
 68.4 1.8835e+01  14 1.00000e+00  
 68.5 1.8863e+01  14 1.00000e+00  
 68.6 1.8887e+01  14 1.00000e+00  
 68.7 1.8909e+01  14 1.00000e+00  
 68.8 1.8949e+01  14 1.00000e+00  
 68.9 1.8989e+01  14 1.00000e+00  
 69.0 1.9032e+01  14 1.00000e+00  
 69.1 1.9069e+01  14 1.00000e+00  
 69.2 1.9104e+01  14 1.00000e+00  
 69.3 1.9138e+01  14 1.00000e+00  
 69.4 1.9179e+01  14 1.00000e+00  
 69.5 1.9216e+01  14 1.00000e+00  
 69.6 1.9251e+01  14 1.00000e+00  
 69.7 1.9286e+01  14 1.00000e+00  
 69.8 1.9316e+01  14 1.00000e+00  
 69.9 1.9334e+01  14 1.00000e+00  
 70.0 1.9371e+01  14 1.00000e+00  
 70.1 1.9401e+01  14 1.00000e+00  
 70.2 1.9426e+01  14 1.00000e+00  
 70.3 1.9491e+01  14 1.00000e+00  
 70.4 1.9500e+01  14 1.00000e+00  
 70.5 1.9527e+01  14 1.00000e+00  
 70.6 1.9554e+01  14 1.00000e+00  
 70.7 1.9578e+01  14 1.00000e+00  
 70.8 1.9594e+01  14 1.00000e+00  
 70.9 1.9623e+01  14 1.00000e+00  
 71.0 1.9645e+01  14 1.00000e+00  
 71.1 1.9681e+01  14 1.00000e+00  
 71.2 1.9734e+01  14 1.00000e+00  
 71.3 1.9767e+01  14 1.00000e+00  
 71.4 1.9808e+01  14 1.00000e+00  
 71.5 1.9836e+01  14 1.00000e+00  
 71.6 1.9875e+01  14 1.00000e+00  
 71.7 1.9916e+01  14 1.00000e+00  
 71.8 1.9944e+01  14 1.00000e+00  
 71.9 1.9995e+01  14 1.00000e+00  
 72.0 2.0030e+01  14 1.00000e+00  
 72.1 2.0060e+01  14 1.00000e+00  
 72.2 2.0075e+01  14 1.00000e+00  
 72.3 2.0115e+01  14 1.00000e+00  
 72.4 2.0147e+01  14 1.00000e+00  
 72.5 2.0174e+01  14 1.00000e+00  
 72.6 2.0240e+01  14 1.00000e+00  
 72.7 2.0256e+01  14 1.00000e+00  
 72.8 2.0279e+01  14 1.00000e+00  
 72.9 2.0286e+01  14 1.00000e+00  
 73.0 2.0323e+01  14 1.00000e+00  
 73.1 2.0350e+01  14 1.00000e+00  
 73.2 2.0370e+01  14 1.00000e+00  
 73.3 2.0388e+01  14 1.00000e+00  
 73.4 2.0432e+01  14 1.00000e+00  
 73.5 2.0471e+01  14 1.00000e+00  
 73.6 2.0520e+01  14 1.00000e+00  
 73.7 2.0545e+01  14 1.00000e+00  
 73.8 2.0587e+01  14 1.00000e+00  
 73.9 2.0633e+01  14 1.00000e+00  
 74.0 2.0667e+01  14 1.00000e+00  
 74.1 2.0700e+01  14 1.00000e+00  
 74.2 2.0747e+01  14 1.00000e+00  
 74.3 2.0784e+01  14 1.00000e+00  
 74.4 2.0819e+01  14 1.00000e+00  
 74.5 2.0851e+01  14 1.00000e+00  
 74.6 2.0878e+01  14 1.00000e+00  
 74.7 2.0911e+01  14 1.00000e+00  
 74.8 2.0939e+01  14 1.00000e+00  
 74.9 2.0958e+01  14 1.00000e+00  
 75.0 2.0987e+01  14 1.00000e+00  
 75.1 2.1059e+01  14 1.00000e+00  
 75.2 2.1077e+01  14 1.00000e+00  
 75.3 2.1094e+01  14 1.00000e+00  
 75.4 2.1103e+01  14 1.00000e+00  
 75.5 2.1142e+01  14 1.00000e+00  
 75.6 2.1156e+01  14 1.00000e+00  
 75.7 2.1190e+01  14 1.00000e+00  
 75.8 2.1213e+01  14 1.00000e+00  
 75.9 2.1260e+01  14 1.00000e+00  
 76.0 2.1292e+01  14 1.00000e+00  
 76.1 2.1348e+01  14 1.00000e+00  
 76.2 2.1389e+01  14 1.00000e+00  
 76.3 2.1450e+01  14 1.00000e+00  
 76.4 2.1473e+01  14 1.00000e+00  
 76.5 2.1506e+01  14 1.00000e+00  
 76.6 2.1565e+01  14 1.00000e+00  
 76.7 2.1601e+01  14 1.00000e+00  
 76.8 2.1640e+01  14 1.00000e+00  
 76.9 2.1674e+01  14 1.00000e+00  
 77.0 2.1705e+01  14 1.00000e+00  
 77.1 2.1728e+01  14 1.00000e+00  
 77.2 2.1760e+01  14 1.00000e+00  
 77.3 2.1793e+01  14 1.00000e+00  
 77.4 2.1821e+01  14 1.00000e+00  
 77.5 2.1849e+01  14 1.00000e+00  
 77.6 2.1898e+01  14 1.00000e+00  
 77.7 2.1919e+01  14 1.00000e+00  
 77.8 2.1956e+01  14 1.00000e+00  
 77.9 2.1976e+01  14 1.00000e+00  
 78.0 2.2006e+01  14 1.00000e+00  
 78.1 2.2030e+01  14 1.00000e+00  
 78.2 2.2049e+01  14 1.00000e+00  
 78.3 2.2072e+01  14 1.00000e+00  
 78.4 2.2110e+01  14 1.00000e+00  
 78.5 2.2168e+01  14 1.00000e+00  
 78.6 2.2204e+01  14 1.00000e+00  
 78.7 2.2251e+01  14 1.00000e+00  
 78.8 2.2286e+01  14 1.00000e+00  
 78.9 2.2331e+01  14 1.00000e+00  
 79.0 2.2355e+01  14 1.00000e+00  
 79.1 2.2393e+01  14 1.00000e+00  
 79.2 2.2419e+01  14 1.00000e+00  
 79.3 2.2483e+01  14 1.00000e+00  
 79.4 2.2522e+01  14 1.00000e+00  
 79.5 2.2557e+01  14 1.00000e+00  
 79.6 2.2589e+01  14 1.00000e+00  
 79.7 2.2610e+01  14 1.00000e+00  
 79.8 2.2648e+01  14 1.00000e+00  
 79.9 2.2677e+01  14 1.00000e+00  
 80.0 2.2692e+01  14 1.00000e+00  
 80.1 2.2730e+01  14 1.00000e+00  
 80.2 2.2775e+01  14 1.00000e+00  
 80.3 2.2810e+01  14 1.00000e+00  
 80.4 2.2841e+01  14 1.00000e+00  
 80.5 2.2860e+01  14 1.00000e+00  
 80.6 2.2895e+01  14 1.00000e+00  
 80.7 2.2920e+01  14 1.00000e+00  
 80.8 2.2940e+01  14 1.00000e+00  
 80.9 2.2960e+01  14 1.00000e+00  
 81.0 2.2987e+01  14 1.00000e+00  
 81.1 2.3037e+01  14 1.00000e+00  
 81.2 2.3087e+01  14 1.00000e+00  
 81.3 2.3125e+01  14 1.00000e+00  
 81.4 2.3172e+01  14 1.00000e+00  
 81.5 2.3203e+01  14 1.00000e+00  
 81.6 2.3253e+01  14 1.00000e+00  
 81.7 2.3280e+01  14 1.00000e+00  
 81.8 2.3323e+01  14 1.00000e+00  
 81.9 2.3357e+01  14 1.00000e+00  
 82.0 2.3380e+01  14 1.00000e+00  
 82.1 2.3450e+01  14 1.00000e+00  
 82.2 2.3487e+01  14 1.00000e+00  
 82.3 2.3521e+01  14 1.00000e+00  
 82.4 2.3555e+01  14 1.00000e+00  
 82.5 2.3572e+01  14 1.00000e+00  
 82.6 2.3614e+01  14 1.00000e+00  
 82.7 2.3642e+01  14 1.00000e+00  
 82.8 2.3656e+01  14 1.00000e+00  
 82.9 2.3697e+01  14 1.00000e+00  
 83.0 2.3729e+01  14 1.00000e+00  
 83.1 2.3797e+01  14 1.00000e+00  
 83.2 2.3816e+01  14 1.00000e+00  
 83.3 2.3839e+01  14 1.00000e+00  
 83.4 2.3852e+01  14 1.00000e+00  
 83.5 2.3886e+01  14 1.00000e+00  
 83.6 2.3911e+01  14 1.00000e+00  
 83.7 2.3936e+01  14 1.00000e+00  
 83.8 2.3961e+01  14 1.00000e+00  
 83.9 2.3986e+01  14 1.00000e+00  
 84.0 2.4049e+01  14 1.00000e+00  
 84.1 2.4096e+01  14 1.00000e+00  
 84.2 2.4124e+01  14 1.00000e+00  
 84.3 2.4181e+01  14 1.00000e+00  
 84.4 2.4221e+01  14 1.00000e+00  
 84.5 2.4246e+01  14 1.00000e+00  
 84.6 2.4299e+01  14 1.00000e+00  
 84.7 2.4335e+01  14 1.00000e+00  
 84.8 2.4370e+01  14 1.00000e+00  
 84.9 2.4399e+01  14 1.00000e+00  
 85.0 2.4461e+01  14 1.00000e+00  
 85.1 2.4498e+01  14 1.00000e+00  
 85.2 2.4533e+01  14 1.00000e+00  
 85.3 2.4567e+01  14 1.00000e+00  
 85.4 2.4592e+01  14 1.00000e+00  
 85.5 2.4627e+01  14 1.00000e+00  
 85.6 2.4647e+01  14 1.00000e+00  
 85.7 2.4678e+01  14 1.00000e+00  
 85.8 2.4712e+01  14 1.00000e+00  
 85.9 2.4741e+01  14 1.00000e+00  
 86.0 2.4758e+01  14 1.00000e+00  
 86.1 2.4831e+01  14 1.00000e+00  
 86.2 2.4851e+01  14 1.00000e+00  
 86.3 2.4882e+01  14 1.00000e+00  
 86.4 2.4909e+01  14 1.00000e+00  
 86.5 2.4936e+01  14 1.00000e+00  
 86.6 2.4962e+01  14 1.00000e+00  
 86.7 2.4988e+01  14 1.00000e+00  
 86.8 2.5014e+01  14 1.00000e+00  
 86.9 2.5050e+01  14 1.00000e+00  
 87.0 2.5092e+01  14 1.00000e+00  
 87.1 2.5147e+01  14 1.00000e+00  
 87.2 2.5192e+01  14 1.00000e+00  
 87.3 2.5234e+01  14 1.00000e+00  
 87.4 2.5270e+01  14 1.00000e+00  
 87.5 2.5311e+01  14 1.00000e+00  
 87.6 2.5353e+01  14 1.00000e+00  
 87.7 2.5395e+01  14 1.00000e+00  
 87.8 2.5429e+01  14 1.00000e+00  
 87.9 2.5476e+01  14 1.00000e+00  
 88.0 2.5535e+01  14 1.00000e+00  
 88.1 2.5524e+01  14 1.00000e+00  
 88.2 2.5560e+01  14 1.00000e+00  
 88.3 2.5595e+01  14 1.00000e+00  
 88.4 2.5671e+01  14 1.00000e+00  
 88.5 2.5706e+01  14 1.00000e+00  
 88.6 2.5722e+01  14 1.00000e+00  
 88.7 2.5761e+01  14 1.00000e+00  
 88.8 2.5793e+01  14 1.00000e+00  
 88.9 2.5806e+01  14 1.00000e+00  
 89.0 2.5849e+01  14 1.00000e+00  
 89.1 2.5912e+01  14 1.00000e+00  
 89.2 2.5945e+01  14 1.00000e+00  
 89.3 2.5964e+01  14 1.00000e+00  
 89.4 2.5993e+01  14 1.00000e+00  
 89.5 2.6022e+01  14 1.00000e+00  
 89.6 2.6048e+01  14 1.00000e+00  
 89.7 2.6075e+01  14 1.00000e+00  
 89.8 2.6103e+01  14 1.00000e+00  
 89.9 2.6132e+01  14 1.00000e+00  
 90.0 2.6163e+01  14 1.00000e+00  
 90.1 2.6225e+01  14 1.00000e+00  
 90.2 2.6273e+01  14 1.00000e+00  
 90.3 2.6319e+01  14 1.00000e+00  
 90.4 2.6363e+01  14 1.00000e+00  
 90.5 2.6401e+01  14 1.00000e+00  
 90.6 2.6448e+01  14 1.00000e+00  
 90.7 2.6490e+01  14 1.00000e+00  
 90.8 2.6532e+01  14 1.00000e+00  
 90.9 2.6559e+01  14 1.00000e+00  
 91.0 2.6598e+01  14 1.00000e+00  
 91.1 2.6642e+01  14 1.00000e+00  
 91.2 2.6648e+01  14 1.00000e+00  
 91.3 2.6685e+01  14 1.00000e+00  
 91.4 2.6719e+01  14 1.00000e+00  
 91.5 2.6758e+01  14 1.00000e+00  
 91.6 2.6794e+01  14 1.00000e+00  
 91.7 2.6829e+01  14 1.00000e+00  
 91.8 2.6899e+01  14 1.00000e+00  
 91.9 2.6935e+01  14 1.00000e+00  
 92.0 2.6951e+01  14 1.00000e+00  
 92.1 2.6983e+01  14 1.00000e+00  
 92.2 2.7024e+01  14 1.00000e+00  
 92.3 2.7035e+01  14 1.00000e+00  
 92.4 2.7117e+01  14 1.00000e+00  
 92.5 2.7137e+01  14 1.00000e+00  
 92.6 2.7165e+01  14 1.00000e+00  
 92.7 2.7195e+01  14 1.00000e+00  
 92.8 2.7223e+01  14 1.00000e+00  
 92.9 2.7251e+01  14 1.00000e+00  
 93.0 2.7278e+01  14 1.00000e+00  
 93.1 2.7291e+01  14 1.00000e+00  
 93.2 2.7333e+01  14 1.00000e+00  
 93.3 2.7387e+01  14 1.00000e+00  
 93.4 2.7436e+01  14 1.00000e+00  
 93.5 2.7469e+01  14 1.00000e+00  
 93.6 2.7522e+01  14 1.00000e+00  
 93.7 2.7576e+01  14 1.00000e+00  
 93.8 2.7614e+01  14 1.00000e+00  
 93.9 2.7648e+01  14 1.00000e+00  
 94.0 2.7708e+01  14 1.00000e+00  
 94.1 2.7744e+01  14 1.00000e+00  
 94.2 2.7776e+01  14 1.00000e+00  
 94.3 2.7813e+01  14 1.00000e+00  
 94.4 2.7855e+01  14 1.00000e+00  
 94.5 2.7899e+01  14 1.00000e+00  
 94.6 2.7903e+01  14 1.00000e+00  
 94.7 2.7941e+01  14 1.00000e+00  
 94.8 2.7978e+01  14 1.00000e+00  
 94.9 2.8015e+01  14 1.00000e+00  
 95.0 2.8051e+01  14 1.00000e+00  
 95.1 2.8084e+01  14 1.00000e+00  
 95.2 2.8150e+01  14 1.00000e+00  
 95.3 2.8189e+01  14 1.00000e+00  
 95.4 2.8222e+01  14 1.00000e+00  
 95.5 2.8231e+01  14 1.00000e+00  
 95.6 2.8281e+01  14 1.00000e+00  
 95.7 2.8312e+01  14 1.00000e+00  
 95.8 2.8337e+01  14 1.00000e+00  
 95.9 2.8409e+01  14 1.00000e+00  
 96.0 2.8434e+01  14 1.00000e+00  
 96.1 2.8442e+01  14 1.00000e+00  
 96.2 2.8486e+01  14 1.00000e+00  
 96.3 2.8519e+01  14 1.00000e+00  
 96.4 2.8548e+01  14 1.00000e+00  
 96.5 2.8575e+01  14 1.00000e+00  
 96.6 2.8585e+01  14 1.00000e+00  
 96.7 2.8632e+01  14 1.00000e+00  
 96.8 2.8686e+01  14 1.00000e+00  
 96.9 2.8737e+01  14 1.00000e+00  
 97.0 2.8786e+01  14 1.00000e+00  
 97.1 2.8833e+01  14 1.00000e+00  
 97.2 2.8875e+01  14 1.00000e+00  
 97.3 2.8919e+01  14 1.00000e+00  
 97.4 2.8966e+01  14 1.00000e+00  
 97.5 2.9014e+01  14 1.00000e+00  
 97.6 2.8996e+01  14 1.00000e+00  
 97.7 2.9044e+01  14 1.00000e+00  
 97.8 2.9085e+01  14 1.00000e+00  
 97.9 2.9121e+01  14 1.00000e+00  
 98.0 2.9152e+01  14 1.00000e+00  
 98.1 2.9246e+01  14 1.00000e+00  
 98.2 2.9246e+01  14 1.00000e+00  
 98.3 2.9284e+01  14 1.00000e+00  
 98.4 2.9322e+01  14 1.00000e+00  
 98.5 2.9359e+01  14 1.00000e+00  
 98.6 2.9395e+01  14 1.00000e+00  
 98.7 2.9428e+01  14 1.00000e+00  
 98.8 2.9446e+01  14 1.00000e+00  
 98.9 2.9530e+01  14 1.00000e+00  
 99.0 2.9572e+01  14 1.00000e+00  
 99.1 2.9602e+01  14 1.00000e+00  
 99.2 2.9628e+01  14 1.00000e+00  
 99.3 2.9666e+01  14 1.00000e+00  
 99.4 2.9691e+01  14 1.00000e+00  
 99.5 2.9769e+01  14 1.00000e+00  
 99.6 2.9793e+01  14 1.00000e+00  
 99.7 2.9804e+01  14 1.00000e+00  
 99.8 2.9844e+01  14 1.00000e+00  
 99.9 2.9882e+01  14 1.00000e+00  
100.0 2.9912e+01  14 1.00000e+00  
100.1 2.9922e+01  14 1.00000e+00  
100.2 2.9966e+01  14 1.00000e+00  
100.3 3.0001e+01  14 1.00000e+00  
100.4 3.0032e+01  14 1.00000e+00  
100.5 3.0090e+01  14 1.00000e+00  
100.6 3.0138e+01  14 1.00000e+00  
100.7 3.0178e+01  14 1.00000e+00  
100.8 3.0244e+01  14 1.00000e+00  
100.9 3.0290e+01  14 1.00000e+00  
101.0 3.0321e+01  14 1.00000e+00  
101.1 3.0386e+01  14 1.00000e+00  
101.2 3.0387e+01  14 1.00000e+00  
101.3 3.0409e+01  14 1.00000e+00  
101.4 3.0459e+01  14 1.00000e+00  
101.5 3.0503e+01  14 1.00000e+00  
101.6 3.0542e+01  14 1.00000e+00  
101.7 3.0578e+01  14 1.00000e+00  
101.8 3.0607e+01  14 1.00000e+00  
101.9 3.0653e+01  14 1.00000e+00  
102.0 3.0708e+01  14 1.00000e+00  
102.1 3.0747e+01  14 1.00000e+00  
102.2 3.0785e+01  14 1.00000e+00  
102.3 3.0823e+01  14 1.00000e+00  
102.4 3.0851e+01  14 1.00000e+00  
102.5 3.0874e+01  14 1.00000e+00  
102.6 3.0927e+01  14 1.00000e+00  
102.7 3.1005e+01  14 1.00000e+00  
102.8 3.1023e+01  14 1.00000e+00  
102.9 3.1066e+01  14 1.00000e+00  
103.0 3.1079e+01  14 1.00000e+00  
103.1 3.1131e+01  14 1.00000e+00  
103.2 3.1143e+01  14 1.00000e+00  
103.3 3.1238e+01  14 1.00000e+00  
103.4 3.1263e+01  14 1.00000e+00  
103.5 3.1292e+01  14 1.00000e+00  
103.6 3.1313e+01  14 1.00000e+00  
103.7 3.1355e+01  14 1.00000e+00  
103.8 3.1385e+01  14 1.00000e+00  
103.9 3.1404e+01  14 1.00000e+00  
104.0 3.1446e+01  14 1.00000e+00  
104.1 3.1384e+01  14 1.00000e+00  
104.2 3.1357e+01  14 1.00000e+00  
104.3 3.1356e+01  14 1.00000e+00  
104.4 3.0604e+01  14 1.00000e+00  
104.5 3.0642e+01  14 1.00000e+00  
104.6 3.0701e+01  14 1.00000e+00  
104.7 3.0739e+01  14 1.00000e+00  
104.8 3.0776e+01  14 1.00000e+00  
104.9 3.0813e+01  14 1.00000e+00  
105.0 3.0842e+01  14 1.00000e+00  
105.1 3.0869e+01  14 1.00000e+00  
105.2 3.0911e+01  14 1.00000e+00  
105.3 3.0977e+01  14 1.00000e+00  
105.4 3.1021e+01  14 1.00000e+00  
105.5 3.1052e+01  14 1.00000e+00  
105.6 3.1079e+01  14 1.00000e+00  
105.7 3.1115e+01  14 1.00000e+00  
105.8 3.1143e+01  14 1.00000e+00  
105.9 3.1179e+01  14 1.00000e+00  
106.0 3.1232e+01  14 1.00000e+00  
106.1 3.1269e+01  14 1.00000e+00  
106.2 3.1303e+01  14 1.00000e+00  
106.3 3.1323e+01  14 1.00000e+00  
106.4 3.1359e+01  14 1.00000e+00  
106.5 3.1393e+01  14 1.00000e+00  
106.6 3.1405e+01  14 1.00000e+00  
106.7 3.1450e+01  14 1.00000e+00  
106.8 3.1481e+01  14 1.00000e+00  
106.9 3.1520e+01  14 1.00000e+00  
107.0 3.1572e+01  14 1.00000e+00  
107.1 3.1623e+01  14 1.00000e+00  
107.2 3.1672e+01  14 1.00000e+00  
107.3 3.1713e+01  14 1.00000e+00  
107.4 3.1259e+01  14 1.00000e+00  
107.5 3.1282e+01  14 1.00000e+00  
107.6 3.1313e+01  14 1.00000e+00  
107.7 3.1347e+01  14 1.00000e+00  
107.8 3.1354e+01  14 1.00000e+00  
107.9 3.1404e+01  14 1.00000e+00  
108.0 3.1434e+01  14 1.00000e+00  
108.1 3.1449e+01  14 1.00000e+00  
108.2 3.1492e+01  14 1.00000e+00  
108.3 3.1529e+01  14 1.00000e+00  
108.4 3.1578e+01  14 1.00000e+00  
108.5 3.1619e+01  14 1.00000e+00  
108.6 3.1687e+01  14 1.00000e+00  
108.7 3.1732e+01  14 1.00000e+00  
108.8 3.1759e+01  14 1.00000e+00  
108.9 3.1825e+01  14 1.00000e+00  
109.0 3.1834e+01  14 1.00000e+00  
109.1 3.1881e+01  14 1.00000e+00  
109.2 3.1882e+01  14 1.00000e+00  
109.3 3.1918e+01  14 1.00000e+00  
109.4 3.1944e+01  14 1.00000e+00  
109.5 3.1991e+01  14 1.00000e+00  
109.6 3.2032e+01  14 1.00000e+00  
109.7 3.2071e+01  14 1.00000e+00  
109.8 3.2107e+01  14 1.00000e+00  
109.9 3.2140e+01  14 1.00000e+00  
110.0 3.2168e+01  14 1.00000e+00  
110.1 3.2231e+01  14 1.00000e+00  
110.2 3.2269e+01  14 1.00000e+00  
110.3 3.2306e+01  14 1.00000e+00  
110.4 3.2342e+01  14 1.00000e+00  
110.5 3.2379e+01  14 1.00000e+00  
110.6 3.1883e+01  14 1.00000e+00  
110.7 3.1918e+01  14 1.00000e+00  
110.8 3.1944e+01  14 1.00000e+00  
110.9 3.1989e+01  14 1.00000e+00  
111.0 3.2030e+01  14 1.00000e+00  
111.1 3.2068e+01  14 1.00000e+00  
111.2 3.2104e+01  14 1.00000e+00  
111.3 3.2137e+01  14 1.00000e+00  
111.4 3.2166e+01  14 1.00000e+00  
111.5 3.2208e+01  14 1.00000e+00  
111.6 3.2264e+01  14 1.00000e+00  
111.7 3.2301e+01  14 1.00000e+00  
111.8 3.2337e+01  14 1.00000e+00  
111.9 3.2373e+01  14 1.00000e+00  
112.0 3.2406e+01  14 1.00000e+00  
112.1 3.2434e+01  14 1.00000e+00  
112.2 3.2464e+01  14 1.00000e+00  
112.3 3.2515e+01  14 1.00000e+00  
112.4 3.2549e+01  14 1.00000e+00  
112.5 3.2609e+01  14 1.00000e+00  
112.6 3.2652e+01  14 1.00000e+00  
112.7 3.2668e+01  14 1.00000e+00  
112.8 3.2713e+01  14 1.00000e+00  
112.9 3.2738e+01  14 1.00000e+00  
113.0 3.2777e+01  14 1.00000e+00  
113.1 3.2843e+01  14 1.00000e+00  
113.2 3.2870e+01  14 1.00000e+00  
113.3 3.2902e+01  14 1.00000e+00  
113.4 3.2919e+01  14 1.00000e+00  
113.5 3.2963e+01  14 1.00000e+00  
113.6 3.2984e+01  14 1.00000e+00  
113.7 3.3005e+01  14 1.00000e+00  
113.8 3.3044e+01  14 1.00000e+00  
113.9 3.3053e+01  14 1.00000e+00  
114.0 3.3103e+01  14 1.00000e+00  
114.1 3.3134e+01  14 1.00000e+00  
114.2 3.3184e+01  14 1.00000e+00  
114.3 3.3249e+01  14 1.00000e+00  
114.4 3.3296e+01  14 1.00000e+00  
114.5 3.3327e+01  14 1.00000e+00  
114.6 3.3388e+01  14 1.00000e+00  
114.7 3.3424e+01  14 1.00000e+00  
114.8 3.3482e+01  14 1.00000e+00  
114.9 3.3481e+01  14 1.00000e+00  
115.0 3.3448e+01  14 1.00000e+00  
115.1 3.3397e+01  14 1.00000e+00  
115.2 2.6360e+01  14 1.00000e+00  
115.3 2.6375e+01  14 1.00000e+00  
115.4 2.6420e+01  14 1.00000e+00  
115.5 2.6446e+01  14 1.00000e+00  
115.6 2.6479e+01  14 1.00000e+00  
115.7 2.6511e+01  14 1.00000e+00  
115.8 2.6093e+01  14 1.00000e+00  
115.9 2.6102e+01  14 1.00000e+00  
116.0 2.6131e+01  14 1.00000e+00  
116.1 2.6157e+01  14 1.00000e+00  
116.2 2.6193e+01  14 1.00000e+00  
116.3 2.6227e+01  14 1.00000e+00  
116.4 2.6260e+01  14 1.00000e+00  
116.5 2.6287e+01  14 1.00000e+00  
116.6 2.6322e+01  14 1.00000e+00  
116.7 2.6356e+01  14 1.00000e+00  
116.8 2.6270e+01  14 1.00000e+00  
116.9 2.6311e+01  14 1.00000e+00  
117.0 2.6014e+01  14 1.00000e+00  
117.1 2.6047e+01  14 1.00000e+00  
117.2 2.6071e+01  14 1.00000e+00  
117.3 2.6080e+01  14 1.00000e+00  
117.4 2.6104e+01  14 1.00000e+00  
117.5 2.6126e+01  14 1.00000e+00  
117.6 2.6146e+01  14 1.00000e+00  
117.7 2.6179e+01  14 1.00000e+00  
117.8 2.6100e+01  14 1.00000e+00  
117.9 2.6135e+01  14 1.00000e+00  
118.0 2.6163e+01  14 1.00000e+00  
118.1 2.6197e+01  14 1.00000e+00  
118.2 2.5964e+01  14 1.00000e+00  
118.3 2.5989e+01  14 1.00000e+00  
118.4 2.6000e+01  14 1.00000e+00  
118.5 2.6022e+01  14 1.00000e+00  
118.6 2.6043e+01  14 1.00000e+00  
118.7 2.5992e+01  14 1.00000e+00  
118.8 2.6015e+01  14 1.00000e+00  
118.9 2.6018e+01  14 1.00000e+00  
119.0 2.6048e+01  14 1.00000e+00  
119.1 2.6067e+01  14 1.00000e+00  
119.2 2.6070e+01  14 1.00000e+00  
119.3 2.6101e+01  14 1.00000e+00  
119.4 2.6098e+01  14 1.00000e+00  
119.5 2.6131e+01  14 1.00000e+00  
119.6 2.5838e+01  14 1.00000e+00  
119.7 2.5849e+01  14 1.00000e+00  
119.8 2.5875e+01  14 1.00000e+00  
119.9 2.5933e+01  14 1.00000e+00  
120.0 2.5945e+01  14 1.00000e+00  
120.1 2.5959e+01  14 1.00000e+00  
120.2 2.5961e+01  14 1.00000e+00  
120.3 2.5991e+01  14 1.00000e+00  
120.4 2.6005e+01  14 1.00000e+00  
120.5 2.6022e+01  14 1.00000e+00  
120.6 2.6041e+01  14 1.00000e+00  
120.7 2.6041e+01  14 1.00000e+00  
120.8 2.6073e+01  14 1.00000e+00  
120.9 2.6081e+01  14 1.00000e+00  
121.0 2.6103e+01  14 1.00000e+00  
121.1 2.6119e+01  14 1.00000e+00  
121.2 2.6135e+01  14 1.00000e+00  
121.3 2.6162e+01  14 1.00000e+00  
121.4 2.6103e+01  14 1.00000e+00  
121.5 2.6114e+01  14 1.00000e+00  
121.6 2.6134e+01  14 1.00000e+00  
121.7 2.6159e+01  14 1.00000e+00  
121.8 2.5964e+01  14 1.00000e+00  
121.9 2.5980e+01  14 1.00000e+00  
122.0 3.0247e+01  14 1.00000e+00  
122.1 3.0284e+01  14 1.00000e+00  
122.2 3.0309e+01  14 1.00000e+00  
122.3 3.0362e+01  14 1.00000e+00  
122.4 3.0395e+01  14 1.00000e+00  
122.5 3.0387e+01  14 1.00000e+00  
122.6 3.0406e+01  14 1.00000e+00  
122.7 3.0446e+01  14 1.00000e+00  
122.8 3.0484e+01  14 1.00000e+00  
122.9 3.0517e+01  14 1.00000e+00  
123.0 3.0548e+01  14 1.00000e+00  
123.1 3.0576e+01  14 1.00000e+00  
123.2 3.0601e+01  14 1.00000e+00  
123.3 3.0624e+01  14 1.00000e+00  
123.4 3.0684e+01  14 1.00000e+00  
123.5 3.0715e+01  14 1.00000e+00  
123.6 3.0746e+01  14 1.00000e+00  
123.7 3.0778e+01  14 1.00000e+00  
123.8 3.0808e+01  14 1.00000e+00  
123.9 3.0838e+01  14 1.00000e+00  
124.0 3.0858e+01  14 1.00000e+00  
124.1 3.0874e+01  14 1.00000e+00  
124.2 3.0921e+01  14 1.00000e+00  
124.3 3.0980e+01  14 1.00000e+00  
124.4 3.1019e+01  14 1.00000e+00  
124.5 3.1027e+01  14 1.00000e+00  
124.6 3.1069e+01  14 1.00000e+00  
124.7 3.1078e+01  14 1.00000e+00  
124.8 3.1121e+01  14 1.00000e+00  
124.9 3.1143e+01  14 1.00000e+00  
125.0 3.1174e+01  14 1.00000e+00  
125.1 3.1240e+01  14 1.00000e+00  
125.2 3.1261e+01  14 1.00000e+00  
125.3 3.1266e+01  14 1.00000e+00  
125.4 3.1309e+01  14 1.00000e+00  
125.5 3.1334e+01  14 1.00000e+00  
125.6 3.1358e+01  14 1.00000e+00  
125.7 3.1385e+01  14 1.00000e+00  
125.8 3.1406e+01  14 1.00000e+00  
125.9 3.1435e+01  14 1.00000e+00  
126.0 3.1451e+01  14 1.00000e+00  
126.1 3.1484e+01  14 1.00000e+00  
126.2 3.1517e+01  14 1.00000e+00  
126.3 3.1562e+01  14 1.00000e+00  
126.4 3.1603e+01  14 1.00000e+00  
126.5 3.1630e+01  14 1.00000e+00  
126.6 3.1686e+01  14 1.00000e+00  
126.7 3.1722e+01  14 1.00000e+00  
126.8 3.1763e+01  14 1.00000e+00  
126.9 3.1802e+01  14 1.00000e+00  
127.0 3.1805e+01  14 1.00000e+00  
127.1 3.1831e+01  14 1.00000e+00  
127.2 3.1886e+01  14 1.00000e+00  
127.3 3.1880e+01  14 1.00000e+00  
127.4 3.1913e+01  14 1.00000e+00  
127.5 3.1927e+01  14 1.00000e+00  
127.6 3.1968e+01  14 1.00000e+00  
127.7 3.2005e+01  14 1.00000e+00  
127.8 3.2040e+01  14 1.00000e+00  
127.9 3.2072e+01  14 1.00000e+00  
128.0 3.2103e+01  14 1.00000e+00  
128.1 3.2132e+01  14 1.00000e+00  
128.2 3.2158e+01  14 1.00000e+00  
128.3 3.2186e+01  14 1.00000e+00  
128.4 3.2243e+01  14 1.00000e+00  
128.5 3.2275e+01  14 1.00000e+00  
128.6 3.2307e+01  14 1.00000e+00  
128.7 3.2337e+01  14 1.00000e+00  
128.8 3.2367e+01  14 1.00000e+00  
128.9 3.2398e+01  14 1.00000e+00  
129.0 3.2424e+01  14 1.00000e+00  
129.1 3.2445e+01  14 1.00000e+00  
129.2 3.2484e+01  14 1.00000e+00  
129.3 3.2522e+01  14 1.00000e+00  
129.4 3.2551e+01  14 1.00000e+00  
129.5 3.2610e+01  14 1.00000e+00  
129.6 3.2646e+01  14 1.00000e+00  
129.7 3.2667e+01  14 1.00000e+00  
129.8 3.2697e+01  14 1.00000e+00  
129.9 3.2725e+01  14 1.00000e+00  
130.0 3.2739e+01  14 1.00000e+00  
130.1 3.2781e+01  14 1.00000e+00  
130.2 3.2843e+01  14 1.00000e+00  
130.3 3.2869e+01  14 1.00000e+00  
130.4 3.2890e+01  14 1.00000e+00  
130.5 3.2914e+01  14 1.00000e+00  
130.6 3.2941e+01  14 1.00000e+00  
130.7 3.2969e+01  14 1.00000e+00  
130.8 3.2990e+01  14 1.00000e+00  
130.9 3.3005e+01  14 1.00000e+00  
131.0 3.3042e+01  14 1.00000e+00  
131.1 3.3056e+01  14 1.00000e+00  
131.2 3.3093e+01  14 1.00000e+00  
131.3 3.3118e+01  14 1.00000e+00  
131.4 3.3160e+01  14 1.00000e+00  
131.5 3.3190e+01  14 1.00000e+00  
131.6 3.3249e+01  14 1.00000e+00  
131.7 3.3288e+01  14 1.00000e+00  
131.8 3.3312e+01  14 1.00000e+00  
131.9 3.3301e+01  14 1.00000e+00  
132.0 3.3253e+01  14 1.00000e+00  
132.1 2.6199e+01  14 1.00000e+00  
132.2 2.6229e+01  14 1.00000e+00  
132.3 2.6255e+01  14 1.00000e+00  
132.4 2.6272e+01  14 1.00000e+00  
132.5 2.6316e+01  14 1.00000e+00  
132.6 2.6334e+01  14 1.00000e+00  
132.7 2.6261e+01  14 1.00000e+00  
132.8 2.6273e+01  14 1.00000e+00  
132.9 2.6017e+01  14 1.00000e+00  
133.0 2.6016e+01  14 1.00000e+00  
133.1 2.6048e+01  14 1.00000e+00  
133.2 2.6065e+01  14 1.00000e+00  
133.3 2.6073e+01  14 1.00000e+00  
133.4 2.6097e+01  14 1.00000e+00  
133.5 2.6101e+01  14 1.00000e+00  
133.6 2.6066e+01  14 1.00000e+00  
133.7 2.6073e+01  14 1.00000e+00  
133.8 2.6096e+01  14 1.00000e+00  
133.9 2.6103e+01  14 1.00000e+00  
134.0 2.6125e+01  14 1.00000e+00  
134.1 2.6137e+01  14 1.00000e+00  
134.2 2.6156e+01  14 1.00000e+00  
134.3 2.5955e+01  14 1.00000e+00  
134.4 2.5963e+01  14 1.00000e+00  
134.5 2.5932e+01  14 1.00000e+00  
134.6 2.5942e+01  14 1.00000e+00  
134.7 2.5940e+01  14 1.00000e+00  
134.8 2.5965e+01  14 1.00000e+00  
134.9 2.5983e+01  14 1.00000e+00  
135.0 2.5992e+01  14 1.00000e+00  
135.1 2.6013e+01  14 1.00000e+00  
135.2 2.6021e+01  14 1.00000e+00  
135.3 2.6042e+01  14 1.00000e+00  
135.4 2.6043e+01  14 1.00000e+00  
135.5 2.6071e+01  14 1.00000e+00  
135.6 2.6068e+01  14 1.00000e+00  
135.7 2.6097e+01  14 1.00000e+00  
135.8 2.6103e+01  14 1.00000e+00  
135.9 2.6124e+01  14 1.00000e+00  
136.0 2.6136e+01  14 1.00000e+00  
136.1 2.5845e+01  14 1.00000e+00  
136.2 2.5848e+01  14 1.00000e+00  
136.3 2.5877e+01  14 1.00000e+00  
136.4 2.5933e+01  14 1.00000e+00  
136.5 2.5943e+01  14 1.00000e+00  
136.6 2.5947e+01  14 1.00000e+00  
136.7 2.5965e+01  14 1.00000e+00  
136.8 2.5981e+01  14 1.00000e+00  
136.9 2.5993e+01  14 1.00000e+00  
137.0 3.0258e+01  14 1.00000e+00  
137.1 3.0305e+01  14 1.00000e+00  
137.2 3.0325e+01  14 1.00000e+00  
137.3 3.0375e+01  14 1.00000e+00  
137.4 3.0389e+01  14 1.00000e+00  
137.5 3.0386e+01  14 1.00000e+00  
137.6 3.0406e+01  14 1.00000e+00  
137.7 3.0442e+01  14 1.00000e+00  
137.8 3.0477e+01  14 1.00000e+00  
137.9 3.0508e+01  14 1.00000e+00  
138.0 3.0537e+01  14 1.00000e+00  
138.1 3.0564e+01  14 1.00000e+00  
138.2 3.0588e+01  14 1.00000e+00  
138.3 3.0609e+01  14 1.00000e+00  
138.4 3.0637e+01  14 1.00000e+00  
138.5 3.0689e+01  14 1.00000e+00  
138.6 3.0717e+01  14 1.00000e+00  
138.7 3.0746e+01  14 1.00000e+00  
138.8 3.0774e+01  14 1.00000e+00  
138.9 3.1303e+01  14 1.00000e+00  
139.0 3.1313e+01  14 1.00000e+00  
139.1 3.1344e+01  14 1.00000e+00  
139.2 3.1359e+01  14 1.00000e+00  
139.3 3.1386e+01  14 1.00000e+00  
139.4 3.1405e+01  14 1.00000e+00  
139.5 3.1431e+01  14 1.00000e+00  
139.6 3.1450e+01  14 1.00000e+00  
139.7 3.1475e+01  14 1.00000e+00  
139.8 3.1499e+01  14 1.00000e+00  
139.9 3.1531e+01  14 1.00000e+00  
140.0 3.1565e+01  14 1.00000e+00  
140.1 3.1618e+01  14 1.00000e+00  
140.2 3.1651e+01  14 1.00000e+00  
140.3 3.1691e+01  14 1.00000e+00  
140.4 3.1726e+01  14 1.00000e+00  
140.5 3.1762e+01  14 1.00000e+00  
140.6 3.1796e+01  14 1.00000e+00  
140.7 3.1835e+01  14 1.00000e+00  
140.8 3.1834e+01  14 1.00000e+00  
140.9 3.1868e+01  14 1.00000e+00  
141.0 3.1864e+01  14 1.00000e+00  
141.1 3.1895e+01  14 1.00000e+00  
141.2 3.1917e+01  14 1.00000e+00  
141.3 3.1938e+01  14 1.00000e+00  
141.4 3.1976e+01  14 1.00000e+00  
141.5 3.2010e+01  14 1.00000e+00  
141.6 3.2041e+01  14 1.00000e+00  
141.7 3.2071e+01  14 1.00000e+00  
141.8 3.2099e+01  14 1.00000e+00  
141.9 3.2125e+01  14 1.00000e+00  
142.0 3.2144e+01  14 1.00000e+00  
142.1 3.2166e+01  14 1.00000e+00  
142.2 3.2194e+01  14 1.00000e+00  
142.3 3.2248e+01  14 1.00000e+00  
142.4 3.2278e+01  14 1.00000e+00  
142.5 3.2307e+01  14 1.00000e+00  
142.6 3.2335e+01  14 1.00000e+00  
142.7 3.2363e+01  14 1.00000e+00  
142.8 3.2391e+01  14 1.00000e+00  
142.9 3.2412e+01  14 1.00000e+00  
143.0 3.2434e+01  14 1.00000e+00  
143.1 3.2452e+01  14 1.00000e+00  
143.2 3.2500e+01  14 1.00000e+00  
143.3 3.2529e+01  14 1.00000e+00  
143.4 3.2554e+01  14 1.00000e+00  
143.5 3.3085e+01  14 1.00000e+00  
143.6 3.3110e+01  14 1.00000e+00  
143.7 3.3140e+01  14 1.00000e+00  
143.8 3.3191e+01  14 1.00000e+00  
143.9 3.3232e+01  14 1.00000e+00  
144.0 3.3257e+01  14 1.00000e+00  
144.1 3.3299e+01  14 1.00000e+00  
144.2 3.3313e+01  14 1.00000e+00  
144.3 3.3371e+01  14 1.00000e+00  
144.4 3.3393e+01  14 1.00000e+00  
144.5 3.3445e+01  14 1.00000e+00  
144.6 3.3418e+01  14 1.00000e+00  
144.7 3.3383e+01  14 1.00000e+00  
144.8 3.3314e+01  14 1.00000e+00  
144.9 2.6310e+01  14 1.00000e+00  
145.0 2.6318e+01  14 1.00000e+00  
145.1 2.6359e+01  14 1.00000e+00  
145.2 2.6382e+01  14 1.00000e+00  
145.3 2.6398e+01  14 1.00000e+00  
145.4 2.6427e+01  14 1.00000e+00  
145.5 2.6346e+01  14 1.00000e+00  
145.6 2.6048e+01  14 1.00000e+00  
145.7 2.6066e+01  14 1.00000e+00  
145.8 2.6073e+01  14 1.00000e+00  
145.9 2.6096e+01  14 1.00000e+00  
146.0 2.6103e+01  14 1.00000e+00  
146.1 2.6125e+01  14 1.00000e+00  
146.2 2.6137e+01  14 1.00000e+00  
146.3 2.6158e+01  14 1.00000e+00  
146.4 2.6104e+01  14 1.00000e+00  
146.5 2.6107e+01  14 1.00000e+00  
146.6 2.6133e+01  14 1.00000e+00  
146.7 2.6151e+01  14 1.00000e+00  
146.8 2.6167e+01  14 1.00000e+00  
146.9 2.5959e+01  14 1.00000e+00  
147.0 2.5961e+01  14 1.00000e+00  
147.1 2.5986e+01  14 1.00000e+00  
147.2 2.5942e+01  14 1.00000e+00  
147.3 2.5938e+01  14 1.00000e+00  
147.4 2.5964e+01  14 1.00000e+00  
147.5 2.5962e+01  14 1.00000e+00  
147.6 2.5991e+01  14 1.00000e+00  
147.7 2.5987e+01  14 1.00000e+00  
147.8 2.6019e+01  14 1.00000e+00  
147.9 2.6018e+01  14 1.00000e+00  
148.0 2.6045e+01  14 1.00000e+00  
148.1 2.6044e+01  14 1.00000e+00  
148.2 2.6069e+01  14 1.00000e+00  
148.3 2.6074e+01  14 1.00000e+00  
148.4 2.6093e+01  14 1.00000e+00  
148.5 2.6103e+01  14 1.00000e+00  
148.6 2.6099e+01  14 1.00000e+00  
148.7 2.6130e+01  14 1.00000e+00  
148.8 2.6139e+01  14 1.00000e+00  
148.9 2.6091e+01  14 1.00000e+00  
149.0 2.6102e+01  14 1.00000e+00  
149.1 2.6099e+01  14 1.00000e+00  
149.2 2.6125e+01  14 1.00000e+00  
149.3 3.0607e+01  14 1.00000e+00  
149.4 3.0631e+01  14 1.00000e+00  
149.5 3.0684e+01  14 1.00000e+00  
149.6 3.0711e+01  14 1.00000e+00  
149.7 3.0738e+01  14 1.00000e+00  
149.8 3.0761e+01  14 1.00000e+00  
149.9 3.0781e+01  14 1.00000e+00  
150.0 3.0807e+01  14 1.00000e+00  
