 15.1 1.4326e+00  13 4.69377e-02  
 15.2 1.4403e+00  13 4.68218e-02  
 15.3 1.4479e+00  13 4.67931e-02  
 15.4 1.4556e+00  13 4.70575e-02  
 15.5 1.4632e+00  13 4.70716e-02  
 15.6 1.4708e+00  13 4.68662e-02  
 15.7 1.4785e+00  13 4.69088e-02  
 15.8 1.4861e+00  13 4.71844e-02  
 15.9 1.4937e+00  13 4.75073e-02  
 16.0 1.5014e+00  13 4.78676e-02  
 16.1 1.5090e+00  13 4.82542e-02  
 16.2 1.5166e+00  13 4.86772e-02  
 16.3 1.5243e+00  13 4.90540e-02  
 16.4 1.5319e+00  13 4.94319e-02  
 16.5 1.5395e+00  13 4.98065e-02  
 16.6 1.5472e+00  13 5.01785e-02  
 16.7 1.5548e+00  13 5.05479e-02  
 16.8 1.5624e+00  13 5.09139e-02  
 16.9 1.5701e+00  13 5.12775e-02  
 17.0 1.5777e+00  13 5.16388e-02  
 17.1 1.5853e+00  13 5.19971e-02  
 17.2 1.5929e+00  13 5.23530e-02  
 17.3 1.6006e+00  13 5.27070e-02  
 17.4 1.6082e+00  13 5.30588e-02  
 17.5 1.6158e+00  13 5.34079e-02  
 17.6 1.6234e+00  13 5.37551e-02  
 17.7 1.6311e+00  13 5.40872e-02  
 17.8 1.6387e+00  13 5.44875e-02  
 17.9 1.6463e+00  13 5.48284e-02  
 18.0 1.6539e+00  13 5.51673e-02  
 18.1 1.6616e+00  13 5.55040e-02  
 18.2 1.6692e+00  13 5.58388e-02  
 18.3 1.6768e+00  13 5.61723e-02  
 18.4 1.6844e+00  13 5.65037e-02  
 18.5 1.6920e+00  13 5.68334e-02  
 18.6 1.6996e+00  13 5.71615e-02  
 18.7 1.7072e+00  13 5.74881e-02  
 18.8 1.7149e+00  13 5.78134e-02  
 18.9 1.7225e+00  13 5.81266e-02  
 19.0 1.7302e+00  13 5.85196e-02  
 19.1 1.7424e+00  13 5.92218e-02  
 19.2 1.7546e+00  13 5.99283e-02  
 19.3 1.7670e+00  13 6.06393e-02  
 19.4 1.7795e+00  13 6.13549e-02  
 19.5 1.7920e+00  13 6.20756e-02  
 19.6 1.8047e+00  13 6.28012e-02  
 19.7 1.8174e+00  13 6.35312e-02  
 19.8 1.8302e+00  13 6.42662e-02  
 19.9 1.8431e+00  13 6.50068e-02  
 20.0 1.8561e+00  13 6.58120e-02  
 20.1 1.8692e+00  13 6.65624e-02  
 20.2 1.8824e+00  13 6.73180e-02  
 20.3 1.8957e+00  13 6.80803e-02  
 20.4 1.9091e+00  13 6.88478e-02  
 20.5 1.9226e+00  13 6.96210e-02  
 20.6 1.6463e+01  14 1.00000e+00  
 20.7 1.6514e+01  14 1.00000e+00  
 20.8 1.6565e+01  14 1.00000e+00  
 20.9 1.6597e+01  14 1.00000e+00  
 21.0 1.6652e+01  14 1.00000e+00  
 21.1 1.6702e+01  14 1.00000e+00  
 21.2 1.6752e+01  14 1.00000e+00  
 21.3 1.6801e+01  14 1.00000e+00  
 21.4 1.6850e+01  14 1.00000e+00  
 21.5 1.6898e+01  14 1.00000e+00  
 21.6 1.6945e+01  14 1.00000e+00  
 21.7 1.6992e+01  14 1.00000e+00  
 21.8 1.7018e+01  14 1.00000e+00  
 21.9 1.7068e+01  14 1.00000e+00  
 22.0 1.7114e+01  14 1.00000e+00  
 22.1 1.7159e+01  14 1.00000e+00  
 22.2 1.7203e+01  14 1.00000e+00  
 22.3 1.7247e+01  14 1.00000e+00  
 22.4 1.7291e+01  14 1.00000e+00  
 22.5 1.7333e+01  14 1.00000e+00  
 22.6 1.7352e+01  14 1.00000e+00  
 22.7 1.7400e+01  14 1.00000e+00  
 22.8 1.7441e+01  14 1.00000e+00  
 22.9 1.7482e+01  14 1.00000e+00  
 23.0 1.7522e+01  14 1.00000e+00  
 23.1 1.7562e+01  14 1.00000e+00  
 23.2 1.7600e+01  14 1.00000e+00  
 23.3 1.7639e+01  14 1.00000e+00  
 23.4 1.7650e+01  14 1.00000e+00  
 23.5 1.7690e+01  14 1.00000e+00  
 23.6 5.5615e+00  14 2.76947e-01  
 23.7 5.6567e+00  14 2.81996e-01  
 23.8 5.7527e+00  14 2.87084e-01  
 23.9 5.8494e+00  14 2.92204e-01  
 24.0 5.9469e+00  14 2.97358e-01  
 24.1 6.0451e+00  14 3.02543e-01  
 24.2 6.1425e+00  14 3.08188e-01  
 24.3 6.2420e+00  14 3.13399e-01  
 24.4 6.3425e+00  14 3.18590e-01  
 24.5 6.4433e+00  14 3.23893e-01  
 24.6 6.5448e+00  14 3.29229e-01  
 24.7 6.6470e+00  14 3.34597e-01  
 24.8 6.7497e+00  14 3.40005e-01  
 24.9 6.8497e+00  14 3.45871e-01  
 25.0 6.9535e+00  14 3.51333e-01  
 25.1 7.0586e+00  14 3.56745e-01  
 25.2 7.1648e+00  14 3.62256e-01  
 25.3 7.2704e+00  14 3.67803e-01  
 25.4 7.3767e+00  14 3.73380e-01  
 25.5 7.4835e+00  14 3.78986e-01  
 25.6 7.5908e+00  14 3.84625e-01  
 25.7 7.6927e+00  14 3.90726e-01  
 25.8 7.8007e+00  14 3.96420e-01  
 25.9 7.9111e+00  14 4.02024e-01  
 26.0 8.0202e+00  14 4.07770e-01  
 26.1 8.1299e+00  14 4.13544e-01  
 26.2 8.2400e+00  14 4.19345e-01  
 26.3 8.3505e+00  14 4.25179e-01  
 26.4 8.4530e+00  14 4.31461e-01  
 26.5 8.5639e+00  14 4.37350e-01  
 26.6 8.6761e+00  14 4.43226e-01  
 26.7 8.7896e+00  14 4.49089e-01  
 26.8 8.9019e+00  14 4.55051e-01  
 26.9 9.0144e+00  14 4.61044e-01  
 27.0 9.1273e+00  14 4.67063e-01  
 27.1 9.2294e+00  14 4.73517e-01  
 27.2 9.3424e+00  14 4.79588e-01  
 27.3 9.4557e+00  14 4.85683e-01  
 27.4 9.5727e+00  14 4.91693e-01  
 27.5 9.6868e+00  14 4.97835e-01  
 27.6 9.8011e+00  14 5.04004e-01  
 27.7 9.9018e+00  14 5.10595e-01  
 27.8 1.0016e+01  14 5.16817e-01  
 27.9 1.0130e+01  14 5.23062e-01  
 28.0 1.0244e+01  14 5.29332e-01  
 28.1 1.0361e+01  14 5.35565e-01  
 28.2 1.0478e+01  14 5.41829e-01  
 28.3 1.0593e+01  14 5.48168e-01  
 28.4 1.0691e+01  14 5.54909e-01  
 28.5 1.0806e+01  14 5.61295e-01  
 28.6 1.0920e+01  14 5.67704e-01  
 28.7 1.1035e+01  14 5.74136e-01  
 28.8 1.1149e+01  14 5.80592e-01  
 28.9 1.1250e+01  14 5.87329e-01  
 29.0 1.1364e+01  14 5.93824e-01  
 29.1 1.1478e+01  14 6.00343e-01  
 29.2 1.1592e+01  14 6.06885e-01  
 29.3 1.1706e+01  14 6.13448e-01  
 29.4 1.1819e+01  14 6.20033e-01  
 29.5 1.1910e+01  14 6.26989e-01  
 29.6 1.2024e+01  14 6.33587e-01  
 29.7 1.2142e+01  14 6.40154e-01  
 29.8 1.2254e+01  14 6.46818e-01  
 29.9 1.2367e+01  14 6.53502e-01  
 30.0 1.2452e+01  14 6.60539e-01  
 30.1 1.2563e+01  14 6.67262e-01  
 30.2 1.2674e+01  14 6.74005e-01  
 30.3 1.2784e+01  14 6.80769e-01  
 30.4 1.2873e+01  14 6.87778e-01  
 30.5 1.2982e+01  14 6.94569e-01  
 30.6 1.3091e+01  14 7.01384e-01  
 30.7 1.3169e+01  14 7.08520e-01  
 30.8 1.3275e+01  14 7.15368e-01  
 30.9 1.3382e+01  14 7.22233e-01  
 31.0 1.3455e+01  14 7.29406e-01  
 31.1 1.3559e+01  14 7.36302e-01  
 31.2 1.3640e+01  14 7.43408e-01  
 31.3 1.3743e+01  14 7.50333e-01  
 31.4 1.3744e+01  14 7.58065e-01  
 31.5 1.3774e+01  14 7.65535e-01  
 31.6 1.3870e+01  14 7.72488e-01  
 31.7 1.3965e+01  14 7.79410e-01  
 31.8 1.4059e+01  14 7.86389e-01  
 31.9 1.4153e+01  14 7.93380e-01  
 32.0 1.4258e+01  14 8.00307e-01  
 32.1 1.4350e+01  14 8.07326e-01  
 32.2 1.4441e+01  14 8.14356e-01  
 32.3 1.4531e+01  14 8.21399e-01  
 32.4 1.4621e+01  14 8.28453e-01  
 32.5 1.4708e+01  14 8.35518e-01  
 32.6 1.4796e+01  14 8.42639e-01  
 32.7 1.4882e+01  14 8.49727e-01  
 32.8 1.4981e+01  14 8.56761e-01  
 32.9 1.5065e+01  14 8.63868e-01  
 33.0 1.5148e+01  14 8.70984e-01  
 33.1 1.5229e+01  14 8.78108e-01  
 33.2 1.5310e+01  14 8.85240e-01  
 33.3 1.5389e+01  14 8.92379e-01  
 33.4 1.5466e+01  14 8.99525e-01  
 33.5 1.5551e+01  14 9.06655e-01  
 33.6 1.5633e+01  14 9.13798e-01  
 33.7 1.5707e+01  14 9.20963e-01  
 33.8 1.5780e+01  14 9.28133e-01  
 33.9 1.5851e+01  14 9.35307e-01  
 34.0 1.5921e+01  14 9.42484e-01  
 34.1 1.5990e+01  14 9.49664e-01  
 34.2 1.6056e+01  14 9.56847e-01  
 34.3 1.6126e+01  14 9.64027e-01  
 34.4 1.6202e+01  14 9.71203e-01  
 34.5 1.6265e+01  14 9.78391e-01  
 34.6 1.6325e+01  14 9.85580e-01  
 34.7 1.6384e+01  14 9.92767e-01  
 34.8 1.6441e+01  14 9.99952e-01  
 34.9 1.6386e+01  14 1.00000e+00  
 35.0 1.6329e+01  14 1.00000e+00  
 35.1 1.6283e+01  14 1.00000e+00  
 35.2 1.6232e+01  14 1.00000e+00  
 35.3 1.6173e+01  14 1.00000e+00  
 35.4 1.6114e+01  14 1.00000e+00  
 35.5 1.6053e+01  14 1.00000e+00  
 35.6 1.5992e+01  14 1.00000e+00  
 35.7 1.5836e+01  14 1.00000e+00  
 35.8 1.5773e+01  14 1.00000e+00  
 35.9 1.5710e+01  14 1.00000e+00  
 36.0 1.5664e+01  14 1.00000e+00  
 36.1 1.5599e+01  14 1.00000e+00  
 36.2 1.5431e+01  14 1.00000e+00  
 36.3 1.5365e+01  14 1.00000e+00  
 36.4 1.5298e+01  14 1.00000e+00  
 36.5 1.5230e+01  14 1.00000e+00  
 36.6 1.5161e+01  14 1.00000e+00  
 36.7 1.4989e+01  14 1.00000e+00  
 36.8 1.4938e+01  14 1.00000e+00  
 36.9 1.4869e+01  14 1.00000e+00  
 37.0 1.4799e+01  14 1.00000e+00  
 37.1 1.4728e+01  14 1.00000e+00  
 37.2 1.3820e+01  14 1.00000e+00  
 37.3 1.3797e+01  14 1.00000e+00  
 37.4 1.3766e+01  14 1.00000e+00  
 37.5 1.3773e+01  14 1.00000e+00  
 37.6 1.3733e+01  14 1.00000e+00  
 37.7 1.3667e+01  14 1.00000e+00  
 37.8 1.3667e+01  14 1.00000e+00  
 37.9 1.3596e+01  14 1.00000e+00  
 38.0 1.3527e+01  14 1.00000e+00  
 38.1 1.3538e+01  14 1.00000e+00  
 38.2 1.3539e+01  14 1.00000e+00  
 38.3 1.3460e+01  14 1.00000e+00  
 38.4 1.3390e+01  14 1.00000e+00  
 38.5 1.3390e+01  14 1.00000e+00  
 38.6 1.3349e+01  14 1.00000e+00  
 38.7 1.3316e+01  14 1.00000e+00  
 38.8 1.3327e+01  14 1.00000e+00  
 38.9 1.3291e+01  14 1.00000e+00  
 39.0 1.3196e+01  14 1.00000e+00  
 39.1 1.3204e+01  14 1.00000e+00  
 39.2 1.3213e+01  14 1.00000e+00  
 39.3 1.3150e+01  14 9.98195e-01  
 39.4 1.3032e+01  14 9.92183e-01  
 39.5 1.3055e+01  14 9.93367e-01  
 39.6 1.2824e+01  14 9.81597e-01  
 39.7 1.2746e+01  14 9.77613e-01  
 39.8 1.2648e+01  14 9.72572e-01  
 39.9 1.2504e+01  14 9.65206e-01  
 40.0 1.2405e+01  14 9.60088e-01  
 40.1 1.2351e+01  14 9.57298e-01  
 40.2 1.2306e+01  14 9.54975e-01  
 40.3 1.2164e+01  14 9.47634e-01  
 40.4 1.1962e+01  14 9.37129e-01  
 40.5 1.2082e+01  14 9.43394e-01  
 40.6 1.1837e+01  14 9.30596e-01  
 40.7 1.1991e+01  14 9.38623e-01  
 40.8 1.2046e+01  14 9.41517e-01  
 40.9 1.2096e+01  14 9.44111e-01  
 41.0 1.2140e+01  14 9.46374e-01  
 41.1 1.2243e+01  14 9.51717e-01  
 41.2 1.2400e+01  14 9.59856e-01  
 41.3 1.2511e+01  14 9.65577e-01  
 41.4 1.2663e+01  14 9.73369e-01  
 41.5 1.2721e+01  14 9.76346e-01  
 41.6 1.2773e+01  14 9.79014e-01  
 41.7 1.2845e+01  14 9.82660e-01  
 41.8 1.2913e+01  14 9.86128e-01  
 41.9 1.3036e+01  14 9.92378e-01  
 42.0 1.3188e+01  14 1.00000e+00  
 42.1 1.3239e+01  14 1.00000e+00  
 42.2 1.3283e+01  14 1.00000e+00  
 42.3 1.3323e+01  14 1.00000e+00  
 42.4 1.3389e+01  14 1.00000e+00  
 42.5 1.3421e+01  14 1.00000e+00  
 42.6 1.3450e+01  14 1.00000e+00  
 42.7 1.3471e+01  14 1.00000e+00  
 42.8 1.3499e+01  14 1.00000e+00  
 42.9 1.3526e+01  14 1.00000e+00  
 43.0 1.3555e+01  14 1.00000e+00  
 43.1 1.3624e+01  14 1.00000e+00  
 43.2 1.3677e+01  14 1.00000e+00  
 43.3 1.3725e+01  14 1.00000e+00  
 43.4 1.3767e+01  14 1.00000e+00  
 43.5 1.3807e+01  14 1.00000e+00  
 43.6 1.3873e+01  14 1.00000e+00  
 43.7 1.3908e+01  14 1.00000e+00  
 43.8 1.3949e+01  14 1.00000e+00  
 43.9 1.3980e+01  14 1.00000e+00  
 44.0 1.4012e+01  14 1.00000e+00  
 44.1 1.4055e+01  14 1.00000e+00  
 44.2 1.4088e+01  14 1.00000e+00  
 44.3 1.4135e+01  14 1.00000e+00  
 44.4 1.4166e+01  14 1.00000e+00  
 44.5 1.4195e+01  14 1.00000e+00  
 44.6 1.4247e+01  14 1.00000e+00  
 44.7 1.4274e+01  14 1.00000e+00  
 44.8 1.4327e+01  14 1.00000e+00  
 44.9 1.4355e+01  14 1.00000e+00  
 45.0 1.4409e+01  14 1.00000e+00  
 45.1 1.4435e+01  14 1.00000e+00  
 45.2 1.4482e+01  14 1.00000e+00  
 45.3 1.4505e+01  14 1.00000e+00  
 45.4 1.4563e+01  14 1.00000e+00  
 45.5 1.4583e+01  14 1.00000e+00  
 45.6 1.4645e+01  14 1.00000e+00  
 45.7 1.4661e+01  14 1.00000e+00  
 45.8 1.4724e+01  14 1.00000e+00  
 45.9 1.4784e+01  14 1.00000e+00  
 46.0 1.4801e+01  14 1.00000e+00  
 46.1 1.4862e+01  14 1.00000e+00  
 46.2 1.4876e+01  14 1.00000e+00  
 46.3 1.4938e+01  14 1.00000e+00  
 46.4 1.5000e+01  14 1.00000e+00  
 46.5 1.5012e+01  14 1.00000e+00  
 46.6 1.5074e+01  14 1.00000e+00  
 46.7 1.5084e+01  14 1.00000e+00  
 46.8 1.5147e+01  14 1.00000e+00  
 46.9 1.5210e+01  14 1.00000e+00  
 47.0 1.5215e+01  14 1.00000e+00  
 47.1 1.5279e+01  14 1.00000e+00  
 47.2 1.5343e+01  14 1.00000e+00  
 47.3 1.5345e+01  14 1.00000e+00  
 47.4 1.5409e+01  14 1.00000e+00  
 47.5 1.5471e+01  14 1.00000e+00  
 47.6 1.5472e+01  14 1.00000e+00  
 47.7 1.5534e+01  14 1.00000e+00  
 47.8 1.5596e+01  14 1.00000e+00  
 47.9 1.5587e+01  14 1.00000e+00  
 48.0 1.5650e+01  14 1.00000e+00  
 48.1 1.5715e+01  14 1.00000e+00  
 48.2 1.5705e+01  14 1.00000e+00  
 48.3 1.5770e+01  14 1.00000e+00  
 48.4 1.5832e+01  14 1.00000e+00  
 48.5 1.5861e+01  14 1.00000e+00  
 48.6 1.5884e+01  14 1.00000e+00  
 48.7 1.5949e+01  14 1.00000e+00  
 48.8 1.6012e+01  14 1.00000e+00  
 48.9 1.5994e+01  14 1.00000e+00  
 49.0 1.6059e+01  14 1.00000e+00  
 49.1 1.6121e+01  14 1.00000e+00  
 49.2 1.6184e+01  14 1.00000e+00  
 49.3 1.6164e+01  14 1.00000e+00  
 49.4 1.6229e+01  14 1.00000e+00  
 49.5 1.6291e+01  14 1.00000e+00  
 49.6 1.6351e+01  14 1.00000e+00  
 49.7 1.6328e+01  14 1.00000e+00  
 49.8 1.6393e+01  14 1.00000e+00  
 49.9 1.6456e+01  14 1.00000e+00  
 50.0 1.6520e+01  14 1.00000e+00  
 50.1 1.6538e+01  14 1.00000e+00  
 50.2 1.6547e+01  14 1.00000e+00  
 50.3 1.6614e+01  14 1.00000e+00  
 50.4 1.6677e+01  14 1.00000e+00  
 50.5 1.6702e+01  14 1.00000e+00  
 50.6 1.6698e+01  14 1.00000e+00  
 50.7 1.6756e+01  14 1.00000e+00  
 50.8 1.6819e+01  14 1.00000e+00  
 50.9 1.6881e+01  14 1.00000e+00  
 51.0 1.6941e+01  14 1.00000e+00  
 51.1 1.6905e+01  14 1.00000e+00  
 51.2 1.6960e+01  14 1.00000e+00  
 51.3 1.7022e+01  14 1.00000e+00  
 51.4 1.7085e+01  14 1.00000e+00  
 51.5 1.7147e+01  14 1.00000e+00  
 51.6 1.7116e+01  14 1.00000e+00  
 51.7 1.7150e+01  14 1.00000e+00  
 51.8 1.7217e+01  14 1.00000e+00  
 51.9 1.7279e+01  14 1.00000e+00  
 52.0 1.7340e+01  14 1.00000e+00  
 52.1 1.7401e+01  14 1.00000e+00  
 52.2 1.7383e+01  14 1.00000e+00  
 52.3 1.7412e+01  14 1.00000e+00  
 52.4 1.7459e+01  14 1.00000e+00  
 52.5 1.7522e+01  14 1.00000e+00  
 52.6 1.7584e+01  14 1.00000e+00  
 52.7 1.7642e+01  14 1.00000e+00  
 52.8 1.7670e+01  14 1.00000e+00  
 52.9 1.7683e+01  14 1.00000e+00  
 53.0 1.7713e+01  14 1.00000e+00  
 53.1 1.7757e+01  14 1.00000e+00  
 53.2 1.7819e+01  14 1.00000e+00  
 53.3 1.7878e+01  14 1.00000e+00  
 53.4 1.7934e+01  14 1.00000e+00  
 53.5 1.7978e+01  14 1.00000e+00  
 53.6 1.8013e+01  14 1.00000e+00  
 53.7 1.8040e+01  14 1.00000e+00  
 53.8 1.8060e+01  14 1.00000e+00  
 53.9 1.8084e+01  14 1.00000e+00  
 54.0 1.8145e+01  14 1.00000e+00  
 54.1 1.8205e+01  14 1.00000e+00  
 54.2 1.8274e+01  14 1.00000e+00  
 54.3 1.8321e+01  14 1.00000e+00  
 54.4 1.8363e+01  14 1.00000e+00  
 54.5 1.8398e+01  14 1.00000e+00  
 54.6 1.8431e+01  14 1.00000e+00  
 54.7 1.8449e+01  14 1.00000e+00  
 54.8 1.8479e+01  14 1.00000e+00  
 54.9 1.8517e+01  14 1.00000e+00  
 55.0 1.8631e+01  14 1.00000e+00  
 55.1 1.8687e+01  14 1.00000e+00  
 55.2 1.8700e+01  14 1.00000e+00  
 55.3 1.8748e+01  14 1.00000e+00  
 55.4 1.8794e+01  14 1.00000e+00  
 55.5 1.8833e+01  14 1.00000e+00  
 55.6 1.8872e+01  14 1.00000e+00  
 55.7 1.8905e+01  14 1.00000e+00  
 55.8 1.8925e+01  14 1.00000e+00  
 55.9 1.8977e+01  14 1.00000e+00  
 56.0 1.9031e+01  14 1.00000e+00  
 56.1 1.9088e+01  14 1.00000e+00  
 56.2 1.9142e+01  14 1.00000e+00  
 56.3 1.9200e+01  14 1.00000e+00  
 56.4 1.9211e+01  14 1.00000e+00  
 56.5 1.9262e+01  14 1.00000e+00  
 56.6 1.9308e+01  14 1.00000e+00  
 56.7 1.9354e+01  14 1.00000e+00  
 56.8 1.9398e+01  14 1.00000e+00  
 56.9 1.9432e+01  14 1.00000e+00  
 57.0 1.9430e+01  14 1.00000e+00  
 57.1 1.9463e+01  14 1.00000e+00  
 57.2 1.9502e+01  14 1.00000e+00  
 57.3 1.9557e+01  14 1.00000e+00  
 57.4 1.9608e+01  14 1.00000e+00  
 57.5 1.9667e+01  14 1.00000e+00  
 57.6 1.9720e+01  14 1.00000e+00  
 57.7 1.9774e+01  14 1.00000e+00  
 57.8 1.9827e+01  14 1.00000e+00  
 57.9 1.9880e+01  14 1.00000e+00  
 58.0 1.9932e+01  14 1.00000e+00  
 58.1 1.9925e+01  14 1.00000e+00  
 58.2 2.0007e+01  14 1.00000e+00  
 58.3 2.0050e+01  14 1.00000e+00  
 58.4 2.0092e+01  14 1.00000e+00  
 58.5 2.0133e+01  14 1.00000e+00  
 58.6 2.0172e+01  14 1.00000e+00  
 58.7 2.0211e+01  14 1.00000e+00  
 58.8 2.0249e+01  14 1.00000e+00  
 58.9 2.0275e+01  14 1.00000e+00  
 59.0 2.0314e+01  14 1.00000e+00  
 59.1 2.0355e+01  14 1.00000e+00  
 59.2 2.0392e+01  14 1.00000e+00  
 59.3 2.0471e+01  14 1.00000e+00  
 59.4 2.0546e+01  14 1.00000e+00  
 59.5 2.0544e+01  14 1.00000e+00  
 59.6 2.0594e+01  14 1.00000e+00  
 59.7 2.0644e+01  14 1.00000e+00  
 59.8 2.0691e+01  14 1.00000e+00  
 59.9 2.0744e+01  14 1.00000e+00  
 60.0 2.0784e+01  14 1.00000e+00  
 60.1 2.0836e+01  14 1.00000e+00  
 60.2 2.0885e+01  14 1.00000e+00  
 60.3 2.0931e+01  14 1.00000e+00  
 60.4 2.0981e+01  14 1.00000e+00  
 60.5 2.1032e+01  14 1.00000e+00  
 60.6 2.1081e+01  14 1.00000e+00  
 60.7 2.1122e+01  14 1.00000e+00  
 60.8 2.1172e+01  14 1.00000e+00  
 60.9 2.1179e+01  14 1.00000e+00  
 61.0 2.1236e+01  14 1.00000e+00  
 61.1 2.1281e+01  14 1.00000e+00  
 61.2 2.1318e+01  14 1.00000e+00  
 61.3 2.1364e+01  14 1.00000e+00  
 61.4 2.1409e+01  14 1.00000e+00  
 61.5 2.1451e+01  14 1.00000e+00  
 61.6 2.1495e+01  14 1.00000e+00  
 61.7 2.1539e+01  14 1.00000e+00  
 61.8 2.1589e+01  14 1.00000e+00  
 61.9 2.1633e+01  14 1.00000e+00  
 62.0 2.1677e+01  14 1.00000e+00  
 62.1 2.1720e+01  14 1.00000e+00  
 62.2 2.1763e+01  14 1.00000e+00  
 62.3 2.1803e+01  14 1.00000e+00  
 62.4 2.1853e+01  14 1.00000e+00  
 62.5 2.1896e+01  14 1.00000e+00  
 62.6 2.1939e+01  14 1.00000e+00  
 62.7 2.1982e+01  14 1.00000e+00  
 62.8 2.2024e+01  14 1.00000e+00  
 62.9 2.2073e+01  14 1.00000e+00  
 63.0 2.2122e+01  14 1.00000e+00  
 63.1 2.2158e+01  14 1.00000e+00  
 63.2 2.2173e+01  14 1.00000e+00  
 63.3 2.2219e+01  14 1.00000e+00  
 63.4 2.2266e+01  14 1.00000e+00  
 63.5 2.2303e+01  14 1.00000e+00  
 63.6 2.2350e+01  14 1.00000e+00  
 63.7 2.2397e+01  14 1.00000e+00  
 63.8 2.2443e+01  14 1.00000e+00  
 63.9 2.2489e+01  14 1.00000e+00  
 64.0 2.2549e+01  14 1.00000e+00  
 64.1 2.2598e+01  14 1.00000e+00  
 64.2 2.2645e+01  14 1.00000e+00  
 64.3 2.2692e+01  14 1.00000e+00  
 64.4 2.2735e+01  14 1.00000e+00  
 64.5 2.2783e+01  14 1.00000e+00  
 64.6 2.2831e+01  14 1.00000e+00  
 64.7 2.2876e+01  14 1.00000e+00  
 64.8 2.2894e+01  14 1.00000e+00  
 64.9 2.2957e+01  14 1.00000e+00  
 65.0 2.3008e+01  14 1.00000e+00  
 65.1 2.3055e+01  14 1.00000e+00  
 65.2 2.3096e+01  14 1.00000e+00  
 65.3 2.3148e+01  14 1.00000e+00  
 65.4 2.3196e+01  14 1.00000e+00  
 65.5 2.3235e+01  14 1.00000e+00  
 65.6 2.3286e+01  14 1.00000e+00  
 65.7 2.3334e+01  14 1.00000e+00  
 65.8 2.3376e+01  14 1.00000e+00  
 65.9 2.3446e+01  14 1.00000e+00  
 66.0 2.3467e+01  14 1.00000e+00  
 66.1 2.3515e+01  14 1.00000e+00  
 66.2 2.3563e+01  14 1.00000e+00  
 66.3 2.3609e+01  14 1.00000e+00  
 66.4 2.3655e+01  14 1.00000e+00  
 66.5 2.3700e+01  14 1.00000e+00  
 66.6 2.3744e+01  14 1.00000e+00  
 66.7 2.3786e+01  14 1.00000e+00  
 66.8 2.3829e+01  14 1.00000e+00  
 66.9 2.3878e+01  14 1.00000e+00  
 67.0 2.3919e+01  14 1.00000e+00  
 67.1 2.3953e+01  14 1.00000e+00  
 67.2 2.4000e+01  14 1.00000e+00  
 67.3 2.4088e+01  14 1.00000e+00  
 67.4 2.4097e+01  14 1.00000e+00  
 67.5 2.4121e+01  14 1.00000e+00  
 67.6 2.4144e+01  14 1.00000e+00  
 67.7 2.4226e+01  14 1.00000e+00  
 67.8 2.4312e+01  14 1.00000e+00  
 67.9 2.4361e+01  14 1.00000e+00  
 68.0 2.4397e+01  14 1.00000e+00  
 68.1 2.4435e+01  14 1.00000e+00  
 68.2 2.4471e+01  14 1.00000e+00  
 68.3 2.4503e+01  14 1.00000e+00  
 68.4 2.4553e+01  14 1.00000e+00  
 68.5 2.4589e+01  14 1.00000e+00  
 68.6 2.4617e+01  14 1.00000e+00  
 68.7 2.4698e+01  14 1.00000e+00  
 68.8 2.4712e+01  14 1.00000e+00  
 68.9 2.4754e+01  14 1.00000e+00  
 69.0 2.4791e+01  14 1.00000e+00  
 69.1 2.4828e+01  14 1.00000e+00  
 69.2 2.4864e+01  14 1.00000e+00  
 69.3 2.4968e+01  14 1.00000e+00  
 69.4 2.4925e+01  14 1.00000e+00  
 69.5 2.4977e+01  14 1.00000e+00  
 69.6 2.5012e+01  14 1.00000e+00  
 69.7 2.5056e+01  14 1.00000e+00  
 69.8 2.5120e+01  14 1.00000e+00  
 69.9 2.5171e+01  14 1.00000e+00  
 70.0 2.5236e+01  14 1.00000e+00  
 70.1 2.5289e+01  14 1.00000e+00  
 70.2 2.5340e+01  14 1.00000e+00  
 70.3 2.5389e+01  14 1.00000e+00  
 70.4 2.5448e+01  14 1.00000e+00  
 70.5 2.5494e+01  14 1.00000e+00  
 70.6 2.5547e+01  14 1.00000e+00  
 70.7 2.5613e+01  14 1.00000e+00  
 70.8 2.5666e+01  14 1.00000e+00  
 70.9 2.5708e+01  14 1.00000e+00  
 71.0 2.5761e+01  14 1.00000e+00  
 71.1 2.5810e+01  14 1.00000e+00  
 71.2 2.5856e+01  14 1.00000e+00  
 71.3 2.5898e+01  14 1.00000e+00  
 71.4 2.5934e+01  14 1.00000e+00  
 71.5 2.5990e+01  14 1.00000e+00  
 71.6 2.6036e+01  14 1.00000e+00  
 71.7 2.6077e+01  14 1.00000e+00  
 71.8 2.6112e+01  14 1.00000e+00  
 71.9 2.6168e+01  14 1.00000e+00  
 72.0 2.6250e+01  14 1.00000e+00  
 72.1 2.6292e+01  14 1.00000e+00  
 72.2 2.6312e+01  14 1.00000e+00  
 72.3 2.6363e+01  14 1.00000e+00  
 72.4 2.6404e+01  14 1.00000e+00  
 72.5 2.6434e+01  14 1.00000e+00  
 72.6 2.6479e+01  14 1.00000e+00  
 72.7 2.6512e+01  14 1.00000e+00  
 72.8 2.6544e+01  14 1.00000e+00  
 72.9 2.6582e+01  14 1.00000e+00  
 73.0 2.6603e+01  14 1.00000e+00  
 73.1 2.6640e+01  14 1.00000e+00  
 73.2 2.6748e+01  14 1.00000e+00  
 73.3 2.6719e+01  14 1.00000e+00  
 73.4 2.6775e+01  14 1.00000e+00  
 73.5 2.6852e+01  14 1.00000e+00  
 73.6 2.6923e+01  14 1.00000e+00  
 73.7 2.6989e+01  14 1.00000e+00  
 73.8 2.7014e+01  14 1.00000e+00  
 73.9 2.7075e+01  14 1.00000e+00  
 74.0 2.7118e+01  14 1.00000e+00  
 74.1 2.7177e+01  14 1.00000e+00  
 74.2 2.7253e+01  14 1.00000e+00  
 74.3 2.7289e+01  14 1.00000e+00  
 74.4 2.7330e+01  14 1.00000e+00  
 74.5 2.7400e+01  14 1.00000e+00  
 74.6 2.7443e+01  14 1.00000e+00  
 74.7 2.7476e+01  14 1.00000e+00  
 74.8 2.7497e+01  14 1.00000e+00  
 74.9 2.7578e+01  14 1.00000e+00  
 75.0 2.7625e+01  14 1.00000e+00  
 75.1 2.7669e+01  14 1.00000e+00  
 75.2 2.7709e+01  14 1.00000e+00  
 75.3 2.7814e+01  14 1.00000e+00  
 75.4 2.7844e+01  14 1.00000e+00  
 75.5 2.7882e+01  14 1.00000e+00  
 75.6 2.7908e+01  14 1.00000e+00  
 75.7 2.7956e+01  14 1.00000e+00  
 75.8 2.7982e+01  14 1.00000e+00  
 75.9 2.8029e+01  14 1.00000e+00  
 76.0 2.8063e+01  14 1.00000e+00  
 76.1 2.8100e+01  14 1.00000e+00  
 76.2 2.8134e+01  14 1.00000e+00  
 76.3 2.8150e+01  14 1.00000e+00  
 76.4 2.8199e+01  14 1.00000e+00  
 76.5 2.8225e+01  14 1.00000e+00  
 76.6 2.8251e+01  14 1.00000e+00  
 76.7 2.8337e+01  14 1.00000e+00  
 76.8 2.8398e+01  14 1.00000e+00  
 76.9 2.8454e+01  14 1.00000e+00  
 77.0 2.8508e+01  14 1.00000e+00  
 77.1 2.8590e+01  14 1.00000e+00  
 77.2 2.8640e+01  14 1.00000e+00  
 77.3 2.8733e+01  14 1.00000e+00  
 77.4 2.8779e+01  14 1.00000e+00  
 77.5 2.8823e+01  14 1.00000e+00  
 77.6 2.8865e+01  14 1.00000e+00  
 77.7 2.8935e+01  14 1.00000e+00  
 77.8 2.8964e+01  14 1.00000e+00  
 77.9 2.9007e+01  14 1.00000e+00  
 78.0 2.9060e+01  14 1.00000e+00  
 78.1 2.9114e+01  14 1.00000e+00  
 78.2 2.9164e+01  14 1.00000e+00  
 78.3 2.9205e+01  14 1.00000e+00  
 78.4 2.9231e+01  14 1.00000e+00  
 78.5 2.9349e+01  14 1.00000e+00  
 78.6 2.9373e+01  14 1.00000e+00  
 78.7 2.9407e+01  14 1.00000e+00  
 78.8 2.9452e+01  14 1.00000e+00  
 78.9 2.9488e+01  14 1.00000e+00  
 79.0 2.9473e+01  14 1.00000e+00  
 79.1 2.9540e+01  14 1.00000e+00  
 79.2 2.9595e+01  14 1.00000e+00  
 79.3 2.9582e+01  14 1.00000e+00  
 79.4 2.9663e+01  14 1.00000e+00  
 79.5 2.9681e+01  14 1.00000e+00  
 79.6 2.9729e+01  14 1.00000e+00  
 79.7 2.9754e+01  14 1.00000e+00  
 79.8 2.9806e+01  14 1.00000e+00  
 79.9 2.9879e+01  14 1.00000e+00  
 80.0 2.9931e+01  14 1.00000e+00  
 80.1 3.0075e+01  14 1.00000e+00  
 80.2 3.0078e+01  14 1.00000e+00  
 80.3 3.0133e+01  14 1.00000e+00  
 80.4 3.0167e+01  14 1.00000e+00  
 80.5 3.0245e+01  14 1.00000e+00  
 80.6 3.0331e+01  14 1.00000e+00  
 80.7 3.0373e+01  14 1.00000e+00  
 80.8 3.0428e+01  14 1.00000e+00  
 80.9 3.0476e+01  14 1.00000e+00  
 81.0 3.0526e+01  14 1.00000e+00  
 81.1 3.0560e+01  14 1.00000e+00  
 81.2 3.0604e+01  14 1.00000e+00  
 81.3 3.0677e+01  14 1.00000e+00  
 81.4 3.0693e+01  14 1.00000e+00  
 81.5 3.0716e+01  14 1.00000e+00  
 81.6 3.0793e+01  14 1.00000e+00  
 81.7 3.0833e+01  14 1.00000e+00  
 81.8 3.0919e+01  14 1.00000e+00  
 81.9 3.0974e+01  14 1.00000e+00  
 82.0 3.1016e+01  14 1.00000e+00  
 82.1 3.1050e+01  14 1.00000e+00  
 82.2 3.1070e+01  14 1.00000e+00  
 82.3 3.1110e+01  14 1.00000e+00  
 82.4 3.1163e+01  14 1.00000e+00  
 82.5 3.1181e+01  14 1.00000e+00  
 82.6 3.1221e+01  14 1.00000e+00  
 82.7 3.1269e+01  14 1.00000e+00  
 82.8 3.1288e+01  14 1.00000e+00  
 82.9 3.1335e+01  14 1.00000e+00  
 83.0 3.1358e+01  14 1.00000e+00  
 83.1 3.1372e+01  14 1.00000e+00  
 83.2 3.1462e+01  14 1.00000e+00  
 83.3 3.1530e+01  14 1.00000e+00  
 83.4 3.1635e+01  14 1.00000e+00  
 83.5 3.1683e+01  14 1.00000e+00  
 83.6 3.1792e+01  14 1.00000e+00  
 83.7 3.1823e+01  14 1.00000e+00  
 83.8 3.1834e+01  14 1.00000e+00  
 83.9 3.1898e+01  14 1.00000e+00  
 84.0 3.1940e+01  14 1.00000e+00  
 84.1 3.2030e+01  14 1.00000e+00  
 84.2 3.2046e+01  14 1.00000e+00  
 84.3 3.2116e+01  14 1.00000e+00  
 84.4 3.2173e+01  14 1.00000e+00  
 84.5 3.2222e+01  14 1.00000e+00  
 84.6 3.2259e+01  14 1.00000e+00  
 84.7 3.2301e+01  14 1.00000e+00  
 84.8 3.2366e+01  14 1.00000e+00  
 84.9 3.2384e+01  14 1.00000e+00  
 85.0 3.2451e+01  14 1.00000e+00  
 85.1 3.2495e+01  14 1.00000e+00  
 85.2 3.2513e+01  14 1.00000e+00  
 85.3 3.2649e+01  14 1.00000e+00  
 85.4 3.2664e+01  14 1.00000e+00  
 85.5 3.2703e+01  14 1.00000e+00  
 85.6 3.2761e+01  14 1.00000e+00  
 85.7 3.2804e+01  14 1.00000e+00  
 85.8 3.2842e+01  14 1.00000e+00  
 85.9 3.2868e+01  14 1.00000e+00  
 86.0 3.2890e+01  14 1.00000e+00  
 86.1 3.2951e+01  14 1.00000e+00  
 86.2 3.2990e+01  14 1.00000e+00  
 86.3 3.3018e+01  14 1.00000e+00  
 86.4 3.3060e+01  14 1.00000e+00  
 86.5 3.3095e+01  14 1.00000e+00  
 86.6 3.3123e+01  14 1.00000e+00  
 86.7 3.3145e+01  14 1.00000e+00  
 86.8 3.3166e+01  14 1.00000e+00  
 86.9 3.3223e+01  14 1.00000e+00  
 87.0 3.3319e+01  14 1.00000e+00  
 87.1 3.3400e+01  14 1.00000e+00  
 87.2 3.3448e+01  14 1.00000e+00  
 87.3 3.3534e+01  14 1.00000e+00  
 87.4 3.3572e+01  14 1.00000e+00  
 87.5 3.3656e+01  14 1.00000e+00  
 87.6 3.3704e+01  14 1.00000e+00  
 87.7 3.3761e+01  14 1.00000e+00  
 87.8 3.3834e+01  14 1.00000e+00  
 87.9 3.3902e+01  14 1.00000e+00  
 88.0 3.3944e+01  14 1.00000e+00  
 88.1 3.3984e+01  14 1.00000e+00  
 88.2 3.4038e+01  14 1.00000e+00  
 88.3 3.4081e+01  14 1.00000e+00  
 88.4 3.4155e+01  14 1.00000e+00  
 88.5 3.4203e+01  14 1.00000e+00  
 88.6 3.4239e+01  14 1.00000e+00  
 88.7 3.4292e+01  14 1.00000e+00  
 88.8 3.4331e+01  14 1.00000e+00  
 88.9 3.4378e+01  14 1.00000e+00  
 89.0 3.4413e+01  14 1.00000e+00  
 89.1 3.4547e+01  14 1.00000e+00  
 89.2 3.4586e+01  14 1.00000e+00  
 89.3 3.4628e+01  14 1.00000e+00  
 89.4 3.4667e+01  14 1.00000e+00  
 89.5 3.4688e+01  14 1.00000e+00  
 89.6 3.4745e+01  14 1.00000e+00  
 89.7 3.4788e+01  14 1.00000e+00  
 89.8 3.4812e+01  14 1.00000e+00  
 89.9 3.4862e+01  14 1.00000e+00  
 90.0 3.4905e+01  14 1.00000e+00  
 90.1 3.4935e+01  14 1.00000e+00  
 90.2 3.4982e+01  14 1.00000e+00  
 90.3 3.5018e+01  14 1.00000e+00  
 90.4 3.5031e+01  14 1.00000e+00  
 90.5 3.5094e+01  14 1.00000e+00  
 90.6 3.5130e+01  14 1.00000e+00  
 90.7 3.5162e+01  14 1.00000e+00  
 90.8 3.5190e+01  14 1.00000e+00  
 90.9 3.5216e+01  14 1.00000e+00  
 91.0 3.5242e+01  14 1.00000e+00  
 91.1 3.5301e+01  14 1.00000e+00  
 91.2 3.5395e+01  14 1.00000e+00  
 91.3 3.5478e+01  14 1.00000e+00  
 91.4 3.5546e+01  14 1.00000e+00  
 91.5 3.5610e+01  14 1.00000e+00  
 91.6 3.5679e+01  14 1.00000e+00  
 91.7 3.5728e+01  14 1.00000e+00  
 91.8 3.5800e+01  14 1.00000e+00  
 91.9 3.5835e+01  14 1.00000e+00  
 92.0 3.5911e+01  14 1.00000e+00  
 92.1 3.5970e+01  14 1.00000e+00  
 92.2 3.6022e+01  14 1.00000e+00  
 92.3 3.6102e+01  14 1.00000e+00  
 92.4 3.6143e+01  14 1.00000e+00  
 92.5 3.6193e+01  14 1.00000e+00  
 92.6 3.6254e+01  14 1.00000e+00  
 92.7 3.6308e+01  14 1.00000e+00  
 92.8 3.6354e+01  14 1.00000e+00  
 92.9 3.6396e+01  14 1.00000e+00  
 93.0 3.6435e+01  14 1.00000e+00  
 93.1 3.6505e+01  14 1.00000e+00  
 93.2 3.6552e+01  14 1.00000e+00  
 93.3 3.6583e+01  14 1.00000e+00  
 93.4 3.6643e+01  14 1.00000e+00  
 93.5 3.6685e+01  14 1.00000e+00  
 93.6 3.6729e+01  14 1.00000e+00  
 93.7 3.6773e+01  14 1.00000e+00  
 93.8 3.6902e+01  14 1.00000e+00  
 93.9 3.6914e+01  14 1.00000e+00  
 94.0 3.6979e+01  14 1.00000e+00  
 94.1 3.7026e+01  14 1.00000e+00  
 94.2 3.7063e+01  14 1.00000e+00  
 94.3 3.7099e+01  14 1.00000e+00  
 94.4 3.7149e+01  14 1.00000e+00  
 94.5 3.7180e+01  14 1.00000e+00  
 94.6 3.7227e+01  14 1.00000e+00  
 94.7 3.7270e+01  14 1.00000e+00  
 94.8 3.7306e+01  14 1.00000e+00  
 94.9 3.7349e+01  14 1.00000e+00  
 95.0 3.7390e+01  14 1.00000e+00  
 95.1 3.7415e+01  14 1.00000e+00  
 95.2 3.7465e+01  14 1.00000e+00  
 95.3 3.7505e+01  14 1.00000e+00  
 95.4 3.7540e+01  14 1.00000e+00  
 95.5 3.7572e+01  14 1.00000e+00  
 95.6 3.7600e+01  14 1.00000e+00  
 95.7 3.7627e+01  14 1.00000e+00  
 95.8 3.7708e+01  14 1.00000e+00  
 95.9 3.7798e+01  14 1.00000e+00  
 96.0 3.7872e+01  14 1.00000e+00  
 96.1 3.7935e+01  14 1.00000e+00  
 96.2 3.8012e+01  14 1.00000e+00  
 96.3 3.8063e+01  14 1.00000e+00  
 96.4 3.8140e+01  14 1.00000e+00  
 96.5 3.8181e+01  14 1.00000e+00  
 96.6 3.8262e+01  14 1.00000e+00  
 96.7 3.8318e+01  14 1.00000e+00  
 96.8 3.8365e+01  14 1.00000e+00  
 96.9 3.8432e+01  14 1.00000e+00  
 97.0 3.8487e+01  14 1.00000e+00  
 97.1 3.8559e+01  14 1.00000e+00  
 97.2 3.8620e+01  14 1.00000e+00  
 97.3 3.8675e+01  14 1.00000e+00  
 97.4 3.8727e+01  14 1.00000e+00  
 97.5 3.8780e+01  14 1.00000e+00  
 97.6 3.8832e+01  14 1.00000e+00  
 97.7 3.8883e+01  14 1.00000e+00  
 97.8 3.8934e+01  14 1.00000e+00  
 97.9 3.8975e+01  14 1.00000e+00  
 98.0 3.9001e+01  14 1.00000e+00  
 98.1 3.9076e+01  14 1.00000e+00  
 98.2 3.9123e+01  14 1.00000e+00  
 98.3 3.9140e+01  14 1.00000e+00  
 98.4 3.9216e+01  14 1.00000e+00  
 98.5 3.9249e+01  14 1.00000e+00  
 98.6 3.9304e+01  14 1.00000e+00  
 98.7 3.9435e+01  14 1.00000e+00  
 98.8 3.9473e+01  14 1.00000e+00  
 98.9 3.9509e+01  14 1.00000e+00  
 99.0 3.9562e+01  14 1.00000e+00  
 99.1 3.9586e+01  14 1.00000e+00  
 99.2 3.9643e+01  14 1.00000e+00  
 99.3 3.9689e+01  14 1.00000e+00  
 99.4 3.9712e+01  14 1.00000e+00  
 99.5 3.9773e+01  14 1.00000e+00  
 99.6 3.9785e+01  14 1.00000e+00  
 99.7 3.9857e+01  14 1.00000e+00  
 99.8 3.9879e+01  14 1.00000e+00  
 99.9 3.9940e+01  14 1.00000e+00  
100.0 3.9979e+01  14 1.00000e+00  
100.1 3.9998e+01  14 1.00000e+00  
100.2 4.0059e+01  14 1.00000e+00  
100.3 4.0100e+01  14 1.00000e+00  
100.4 4.0136e+01  14 1.00000e+00  
100.5 4.0169e+01  14 1.00000e+00  
100.6 4.0198e+01  14 1.00000e+00  
100.7 4.0275e+01  14 1.00000e+00  
100.8 4.0362e+01  14 1.00000e+00  
100.9 4.0415e+01  14 1.00000e+00  
101.0 4.0509e+01  14 1.00000e+00  
101.1 4.0577e+01  14 1.00000e+00  
101.2 4.0646e+01  14 1.00000e+00  
101.3 4.0749e+01  14 1.00000e+00  
101.4 4.0819e+01  14 1.00000e+00  
101.5 4.0864e+01  14 1.00000e+00  
101.6 4.0942e+01  14 1.00000e+00  
101.7 4.0999e+01  14 1.00000e+00  
101.8 4.1032e+01  14 1.00000e+00  
101.9 4.1108e+01  14 1.00000e+00  
102.0 4.1169e+01  14 1.00000e+00  
102.1 4.1247e+01  14 1.00000e+00  
102.2 4.1279e+01  14 1.00000e+00  
102.3 4.1337e+01  14 1.00000e+00  
102.4 4.1398e+01  14 1.00000e+00  
102.5 4.1453e+01  14 1.00000e+00  
102.6 4.1502e+01  14 1.00000e+00  
102.7 4.1543e+01  14 1.00000e+00  
102.8 4.1625e+01  14 1.00000e+00  
102.9 4.1679e+01  14 1.00000e+00  
103.0 4.1729e+01  14 1.00000e+00  
103.1 4.1773e+01  14 1.00000e+00  
103.2 4.1824e+01  14 1.00000e+00  
103.3 4.1874e+01  14 1.00000e+00  
103.4 4.1906e+01  14 1.00000e+00  
103.5 4.1969e+01  14 1.00000e+00  
103.6 4.2012e+01  14 1.00000e+00  
103.7 4.2059e+01  14 1.00000e+00  
103.8 4.2187e+01  14 1.00000e+00  
103.9 4.2235e+01  14 1.00000e+00  
104.0 4.2257e+01  14 1.00000e+00  
104.1 4.2324e+01  14 1.00000e+00  
104.2 4.2368e+01  14 1.00000e+00  
104.3 4.2404e+01  14 1.00000e+00  
104.4 4.2458e+01  14 1.00000e+00  
104.5 4.2480e+01  14 1.00000e+00  
104.6 4.2546e+01  14 1.00000e+00  
104.7 4.2566e+01  14 1.00000e+00  
104.8 4.2634e+01  14 1.00000e+00  
104.9 4.2667e+01  14 1.00000e+00  
105.0 4.2684e+01  14 1.00000e+00  
105.1 4.2748e+01  14 1.00000e+00  
105.2 4.2785e+01  14 1.00000e+00  
105.3 4.2801e+01  14 1.00000e+00  
105.4 4.2872e+01  14 1.00000e+00  
105.5 4.2914e+01  14 1.00000e+00  
105.6 4.2953e+01  14 1.00000e+00  
105.7 4.2987e+01  14 1.00000e+00  
105.8 4.3060e+01  14 1.00000e+00  
105.9 4.3143e+01  14 1.00000e+00  
106.0 4.3207e+01  14 1.00000e+00  
106.1 4.3296e+01  14 1.00000e+00  
106.2 4.3350e+01  14 1.00000e+00  
106.3 4.3437e+01  14 1.00000e+00  
106.4 4.3492e+01  14 1.00000e+00  
106.5 4.3571e+01  14 1.00000e+00  
106.6 4.3620e+01  14 1.00000e+00  
106.7 4.3699e+01  14 1.00000e+00  
106.8 4.3742e+01  14 1.00000e+00  
106.9 4.3816e+01  14 1.00000e+00  
107.0 4.3882e+01  14 1.00000e+00  
107.1 4.3941e+01  14 1.00000e+00  
107.2 4.3994e+01  14 1.00000e+00  
107.3 4.4024e+01  14 1.00000e+00  
107.4 4.4089e+01  14 1.00000e+00  
107.5 4.4190e+01  14 1.00000e+00  
107.6 4.4250e+01  14 1.00000e+00  
107.7 4.4306e+01  14 1.00000e+00  
107.8 4.4362e+01  14 1.00000e+00  
107.9 4.4416e+01  14 1.00000e+00  
108.0 4.4471e+01  14 1.00000e+00  
108.1 4.4519e+01  14 1.00000e+00  
108.2 4.4557e+01  14 1.00000e+00  
108.3 4.4622e+01  14 1.00000e+00  
108.4 4.4682e+01  14 1.00000e+00  
108.5 4.4734e+01  14 1.00000e+00  
108.6 4.4775e+01  14 1.00000e+00  
108.7 4.4833e+01  14 1.00000e+00  
108.8 4.4882e+01  14 1.00000e+00  
108.9 4.4904e+01  14 1.00000e+00  
109.0 4.4980e+01  14 1.00000e+00  
109.1 4.5020e+01  14 1.00000e+00  
109.2 4.5073e+01  14 1.00000e+00  
109.3 4.5203e+01  14 1.00000e+00  
109.4 4.5226e+01  14 1.00000e+00  
109.5 4.5296e+01  14 1.00000e+00  
109.6 4.5312e+01  14 1.00000e+00  
109.7 4.5388e+01  14 1.00000e+00  
109.8 4.5415e+01  14 1.00000e+00  
109.9 4.5481e+01  14 1.00000e+00  
110.0 4.5514e+01  14 1.00000e+00  
110.1 4.5573e+01  14 1.00000e+00  
110.2 4.5587e+01  14 1.00000e+00  
110.3 4.5665e+01  14 1.00000e+00  
110.4 4.5698e+01  14 1.00000e+00  
110.5 4.5752e+01  14 1.00000e+00  
110.6 4.5799e+01  14 1.00000e+00  
110.7 4.5835e+01  14 1.00000e+00  
110.8 4.5855e+01  14 1.00000e+00  
110.9 4.5928e+01  14 1.00000e+00  
111.0 4.5973e+01  14 1.00000e+00  
111.1 4.6013e+01  14 1.00000e+00  
111.2 4.6082e+01  14 1.00000e+00  
111.3 4.6159e+01  14 1.00000e+00  
111.4 4.6239e+01  14 1.00000e+00  
111.5 4.6318e+01  14 1.00000e+00  
111.6 4.6391e+01  14 1.00000e+00  
111.7 4.6457e+01  14 1.00000e+00  
111.8 4.6501e+01  14 1.00000e+00  
111.9 4.6544e+01  14 1.00000e+00  
112.0 4.6588e+01  14 1.00000e+00  
112.1 4.6632e+01  14 1.00000e+00  
112.2 4.6675e+01  14 1.00000e+00  
112.3 4.6723e+01  14 1.00000e+00  
112.4 4.6772e+01  14 1.00000e+00  
112.5 4.6821e+01  14 1.00000e+00  
112.6 4.6868e+01  14 1.00000e+00  
112.7 4.6914e+01  14 1.00000e+00  
112.8 4.6960e+01  14 1.00000e+00  
112.9 4.7005e+01  14 1.00000e+00  
113.0 4.7050e+01  14 1.00000e+00  
113.1 4.7095e+01  14 1.00000e+00  
113.2 4.7139e+01  14 1.00000e+00  
113.3 4.7178e+01  14 1.00000e+00  
113.4 4.7223e+01  14 1.00000e+00  
113.5 4.7268e+01  14 1.00000e+00  
113.6 4.7313e+01  14 1.00000e+00  
113.7 4.7360e+01  14 1.00000e+00  
113.8 4.7402e+01  14 1.00000e+00  
113.9 4.7448e+01  14 1.00000e+00  
114.0 4.7491e+01  14 1.00000e+00  
114.1 4.7534e+01  14 1.00000e+00  
114.2 4.7579e+01  14 1.00000e+00  
114.3 4.7622e+01  14 1.00000e+00  
114.4 4.7667e+01  14 1.00000e+00  
114.5 4.7710e+01  14 1.00000e+00  
114.6 4.7753e+01  14 1.00000e+00  
114.7 4.7799e+01  14 1.00000e+00  
114.8 4.7842e+01  14 1.00000e+00  
114.9 4.7885e+01  14 1.00000e+00  
115.0 4.7930e+01  14 1.00000e+00  
115.1 4.7973e+01  14 1.00000e+00  
115.2 4.8017e+01  14 1.00000e+00  
115.3 4.8062e+01  14 1.00000e+00  
115.4 4.8105e+01  14 1.00000e+00  
115.5 4.8149e+01  14 1.00000e+00  
115.6 4.8194e+01  14 1.00000e+00  
115.7 4.8237e+01  14 1.00000e+00  
115.8 4.8281e+01  14 1.00000e+00  
115.9 4.8325e+01  14 1.00000e+00  
116.0 4.8369e+01  14 1.00000e+00  
116.1 4.8413e+01  14 1.00000e+00  
116.2 4.8457e+01  14 1.00000e+00  
116.3 4.8501e+01  14 1.00000e+00  
116.4 4.8545e+01  14 1.00000e+00  
116.5 4.8589e+01  14 1.00000e+00  
116.6 4.8633e+01  14 1.00000e+00  
116.7 4.8678e+01  14 1.00000e+00  
116.8 4.8722e+01  14 1.00000e+00  
116.9 4.8766e+01  14 1.00000e+00  
117.0 4.8811e+01  14 1.00000e+00  
117.1 4.8855e+01  14 1.00000e+00  
117.2 4.8899e+01  14 1.00000e+00  
117.3 4.8944e+01  14 1.00000e+00  
117.4 4.8989e+01  14 1.00000e+00  
117.5 4.9034e+01  14 1.00000e+00  
117.6 4.9078e+01  14 1.00000e+00  
117.7 4.9124e+01  14 1.00000e+00  
117.8 4.9169e+01  14 1.00000e+00  
117.9 4.9215e+01  14 1.00000e+00  
118.0 4.9262e+01  14 1.00000e+00  
118.1 4.9309e+01  14 1.00000e+00  
118.2 4.9358e+01  14 1.00000e+00  
118.3 4.9409e+01  14 1.00000e+00  
118.4 4.9463e+01  14 1.00000e+00  
118.5 4.9536e+01  14 1.00000e+00  
118.6 4.9624e+01  14 1.00000e+00  
118.7 4.9707e+01  14 1.00000e+00  
118.8 4.9786e+01  14 1.00000e+00  
118.9 4.9865e+01  14 1.00000e+00  
119.0 4.9944e+01  14 1.00000e+00  
119.1 5.0024e+01  14 1.00000e+00  
119.2 5.0103e+01  14 1.00000e+00  
119.3 5.0182e+01  14 1.00000e+00  
119.4 5.0260e+01  14 1.00000e+00  
119.5 5.0339e+01  14 1.00000e+00  
119.6 5.0418e+01  14 1.00000e+00  
119.7 5.0497e+01  14 1.00000e+00  
119.8 5.0576e+01  14 1.00000e+00  
119.9 5.0655e+01  14 1.00000e+00  
120.0 5.0734e+01  14 1.00000e+00  
120.1 5.0813e+01  14 1.00000e+00  
120.2 5.0892e+01  14 1.00000e+00  
120.3 5.0970e+01  14 1.00000e+00  
120.4 5.1049e+01  14 1.00000e+00  
120.5 5.1128e+01  14 1.00000e+00  
120.6 5.1207e+01  14 1.00000e+00  
120.7 5.1286e+01  14 1.00000e+00  
120.8 5.1360e+01  14 1.00000e+00  
120.9 5.1439e+01  14 1.00000e+00  
121.0 5.1518e+01  14 1.00000e+00  
121.1 5.1596e+01  14 1.00000e+00  
121.2 5.1675e+01  14 1.00000e+00  
121.3 5.1754e+01  14 1.00000e+00  
121.4 5.1832e+01  14 1.00000e+00  
121.5 5.1911e+01  14 1.00000e+00  
121.6 5.1990e+01  14 1.00000e+00  
121.7 5.2068e+01  14 1.00000e+00  
121.8 5.2147e+01  14 1.00000e+00  
121.9 5.2225e+01  14 1.00000e+00  
122.0 5.2304e+01  14 1.00000e+00  
122.1 5.2383e+01  14 1.00000e+00  
122.2 5.2461e+01  14 1.00000e+00  
122.3 5.2540e+01  14 1.00000e+00  
122.4 5.2618e+01  14 1.00000e+00  
122.5 5.2697e+01  14 1.00000e+00  
122.6 5.2775e+01  14 1.00000e+00  
122.7 5.2853e+01  14 1.00000e+00  
122.8 5.2932e+01  14 1.00000e+00  
122.9 5.3010e+01  14 1.00000e+00  
123.0 5.3089e+01  14 1.00000e+00  
123.1 5.3167e+01  14 1.00000e+00  
123.2 5.3245e+01  14 1.00000e+00  
123.3 5.3241e+01  14 1.00000e+00  
123.4 5.3289e+01  14 1.00000e+00  
123.5 5.3337e+01  14 1.00000e+00  
123.6 5.3385e+01  14 1.00000e+00  
123.7 5.3433e+01  14 1.00000e+00  
123.8 5.3481e+01  14 1.00000e+00  
123.9 5.3529e+01  14 1.00000e+00  
124.0 5.3577e+01  14 1.00000e+00  
124.1 5.3625e+01  14 1.00000e+00  
124.2 5.3673e+01  14 1.00000e+00  
124.3 5.3721e+01  14 1.00000e+00  
124.4 5.3769e+01  14 1.00000e+00  
124.5 5.3817e+01  14 1.00000e+00  
124.6 5.3865e+01  14 1.00000e+00  
124.7 5.3913e+01  14 1.00000e+00  
124.8 5.3961e+01  14 1.00000e+00  
124.9 5.4009e+01  14 1.00000e+00  
125.0 4.2726e+01  14 1.00000e+00  
125.1 4.2763e+01  14 1.00000e+00  
125.2 4.2791e+01  14 1.00000e+00  
125.3 4.2801e+01  14 1.00000e+00  
125.4 4.2866e+01  14 1.00000e+00  
125.5 4.2902e+01  14 1.00000e+00  
125.6 4.2936e+01  14 1.00000e+00  
125.7 4.2966e+01  14 1.00000e+00  
125.8 4.2994e+01  14 1.00000e+00  
125.9 5.4260e+01  14 1.00000e+00  
126.0 5.4337e+01  14 1.00000e+00  
126.1 5.4414e+01  14 1.00000e+00  
126.2 5.4492e+01  14 1.00000e+00  
126.3 5.3529e+01  14 1.00000e+00  
126.4 5.3606e+01  14 1.00000e+00  
126.5 5.3682e+01  14 1.00000e+00  
126.6 5.3759e+01  14 1.00000e+00  
126.7 5.2838e+01  14 1.00000e+00  
126.8 5.2914e+01  14 1.00000e+00  
126.9 5.2990e+01  14 1.00000e+00  
127.0 5.3066e+01  14 1.00000e+00  
127.1 5.2107e+01  14 1.00000e+00  
127.2 5.2182e+01  14 1.00000e+00  
127.3 5.2258e+01  14 1.00000e+00  
127.4 5.2333e+01  14 1.00000e+00  
127.5 5.1378e+01  14 1.00000e+00  
127.6 5.1453e+01  14 1.00000e+00  
127.7 5.1528e+01  14 1.00000e+00  
127.8 5.1603e+01  14 1.00000e+00  
127.9 5.0657e+01  14 1.00000e+00  
128.0 5.0731e+01  14 1.00000e+00  
128.1 5.0805e+01  14 1.00000e+00  
128.2 5.0879e+01  14 1.00000e+00  
128.3 4.3696e+01  14 1.00000e+00  
128.4 4.3745e+01  14 1.00000e+00  
128.5 4.3784e+01  14 1.00000e+00  
128.6 4.3848e+01  14 1.00000e+00  
128.7 4.3202e+01  14 1.00000e+00  
128.8 4.3277e+01  14 1.00000e+00  
128.9 4.3332e+01  14 1.00000e+00  
129.0 4.3386e+01  14 1.00000e+00  
129.1 4.3450e+01  14 1.00000e+00  
129.2 4.3491e+01  14 1.00000e+00  
129.3 4.3556e+01  14 1.00000e+00  
129.4 4.3588e+01  14 1.00000e+00  
129.5 4.3643e+01  14 1.00000e+00  
129.6 4.3700e+01  14 1.00000e+00  
129.7 4.3746e+01  14 1.00000e+00  
129.8 4.3781e+01  14 1.00000e+00  
129.9 4.3843e+01  14 1.00000e+00  
130.0 4.3885e+01  14 1.00000e+00  
130.1 4.3932e+01  14 1.00000e+00  
130.2 4.3976e+01  14 1.00000e+00  
130.3 4.4002e+01  14 1.00000e+00  
130.4 4.4029e+01  14 1.00000e+00  
130.5 4.4081e+01  14 1.00000e+00  
130.6 4.4168e+01  14 1.00000e+00  
130.7 4.4217e+01  14 1.00000e+00  
130.8 4.4264e+01  14 1.00000e+00  
130.9 4.4311e+01  14 1.00000e+00  
131.0 4.4356e+01  14 1.00000e+00  
131.1 4.4401e+01  14 1.00000e+00  
131.2 4.3850e+01  14 1.00000e+00  
131.3 4.3900e+01  14 1.00000e+00  
131.4 4.3948e+01  14 1.00000e+00  
131.5 4.3994e+01  14 1.00000e+00  
131.6 4.4015e+01  14 1.00000e+00  
131.7 4.3994e+01  14 1.00000e+00  
131.8 4.4017e+01  14 1.00000e+00  
131.9 4.4066e+01  14 1.00000e+00  
132.0 4.4155e+01  14 1.00000e+00  
132.1 4.3451e+01  14 1.00000e+00  
132.2 4.3534e+01  14 1.00000e+00  
132.3 4.3586e+01  14 1.00000e+00  
132.4 4.3626e+01  14 1.00000e+00  
132.5 4.2943e+01  14 1.00000e+00  
132.6 4.2972e+01  14 1.00000e+00  
132.7 4.2998e+01  14 1.00000e+00  
132.8 4.3073e+01  14 1.00000e+00  
132.9 4.3133e+01  14 1.00000e+00  
133.0 4.3162e+01  14 1.00000e+00  
133.1 4.3222e+01  14 1.00000e+00  
133.2 4.3291e+01  14 1.00000e+00  
133.3 4.3320e+01  14 1.00000e+00  
133.4 4.3403e+01  14 1.00000e+00  
133.5 4.2780e+01  14 1.00000e+00  
133.6 4.2798e+01  14 1.00000e+00  
133.7 4.2830e+01  14 1.00000e+00  
133.8 4.2879e+01  14 1.00000e+00  
133.9 4.2913e+01  14 1.00000e+00  
134.0 4.2944e+01  14 1.00000e+00  
134.1 4.2971e+01  14 1.00000e+00  
134.2 4.2997e+01  14 1.00000e+00  
134.3 4.3070e+01  14 1.00000e+00  
134.4 4.3137e+01  14 1.00000e+00  
134.5 4.3168e+01  14 1.00000e+00  
134.6 4.2659e+01  14 1.00000e+00  
134.7 4.2667e+01  14 1.00000e+00  
134.8 4.2727e+01  14 1.00000e+00  
134.9 4.2760e+01  14 1.00000e+00  
135.0 4.2788e+01  14 1.00000e+00  
135.1 4.2801e+01  14 1.00000e+00  
135.2 4.2856e+01  14 1.00000e+00  
135.3 4.2891e+01  14 1.00000e+00  
135.4 4.2923e+01  14 1.00000e+00  
135.5 4.2952e+01  14 1.00000e+00  
135.6 4.2979e+01  14 1.00000e+00  
135.7 4.3016e+01  14 1.00000e+00  
135.8 4.2564e+01  14 1.00000e+00  
135.9 4.2577e+01  14 1.00000e+00  
136.0 4.2634e+01  14 1.00000e+00  
136.1 4.2662e+01  14 1.00000e+00  
136.2 4.2670e+01  14 1.00000e+00  
136.3 4.2737e+01  14 1.00000e+00  
136.4 4.2769e+01  14 1.00000e+00  
136.5 4.2793e+01  14 1.00000e+00  
136.6 4.2801e+01  14 1.00000e+00  
136.7 4.2867e+01  14 1.00000e+00  
136.8 4.2901e+01  14 1.00000e+00  
136.9 4.2932e+01  14 1.00000e+00  
137.0 4.2477e+01  14 1.00000e+00  
137.1 4.2489e+01  14 1.00000e+00  
137.2 4.2546e+01  14 1.00000e+00  
137.3 4.2568e+01  14 1.00000e+00  
137.4 4.2615e+01  14 1.00000e+00  
137.5 4.2649e+01  14 1.00000e+00  
137.6 4.2668e+01  14 1.00000e+00  
137.7 4.2716e+01  14 1.00000e+00  
137.8 4.2751e+01  14 1.00000e+00  
137.9 4.2780e+01  14 1.00000e+00  
138.0 4.2799e+01  14 1.00000e+00  
138.1 4.2836e+01  14 1.00000e+00  
138.2 4.2880e+01  14 1.00000e+00  
138.3 4.2912e+01  14 1.00000e+00  
138.4 4.2945e+01  14 1.00000e+00  
138.5 4.2972e+01  14 1.00000e+00  
138.6 4.2997e+01  14 1.00000e+00  
138.7 4.3074e+01  14 1.00000e+00  
138.8 4.3136e+01  14 1.00000e+00  
138.9 4.2625e+01  14 1.00000e+00  
139.0 4.2657e+01  14 1.00000e+00  
139.1 4.2667e+01  14 1.00000e+00  
139.2 4.2725e+01  14 1.00000e+00  
139.3 4.2758e+01  14 1.00000e+00  
139.4 4.2785e+01  14 1.00000e+00  
139.5 5.4398e+01  14 1.00000e+00  
139.6 5.4450e+01  14 1.00000e+00  
139.7 5.4502e+01  14 1.00000e+00  
139.8 5.4555e+01  14 1.00000e+00  
139.9 5.4061e+01  14 1.00000e+00  
140.0 5.4131e+01  14 1.00000e+00  
140.1 5.4200e+01  14 1.00000e+00  
140.2 5.3272e+01  14 1.00000e+00  
140.3 5.3341e+01  14 1.00000e+00  
140.4 5.3410e+01  14 1.00000e+00  
140.5 5.3479e+01  14 1.00000e+00  
140.6 5.2511e+01  14 1.00000e+00  
140.7 5.2580e+01  14 1.00000e+00  
140.8 5.2648e+01  14 1.00000e+00  
140.9 5.2717e+01  14 1.00000e+00  
141.0 5.1753e+01  14 1.00000e+00  
141.1 5.1821e+01  14 1.00000e+00  
141.2 5.1889e+01  14 1.00000e+00  
141.3 5.1957e+01  14 1.00000e+00  
141.4 5.1002e+01  14 1.00000e+00  
141.5 5.1069e+01  14 1.00000e+00  
141.6 5.1136e+01  14 1.00000e+00  
141.7 5.1204e+01  14 1.00000e+00  
141.8 5.0248e+01  14 1.00000e+00  
141.9 5.0315e+01  14 1.00000e+00  
142.0 5.0382e+01  14 1.00000e+00  
142.1 5.0449e+01  14 1.00000e+00  
142.2 4.3388e+01  14 1.00000e+00  
142.3 4.3442e+01  14 1.00000e+00  
142.4 4.3469e+01  14 1.00000e+00  
142.5 4.3542e+01  14 1.00000e+00  
142.6 4.3583e+01  14 1.00000e+00  
142.7 4.3613e+01  14 1.00000e+00  
142.8 4.3678e+01  14 1.00000e+00  
142.9 4.3724e+01  14 1.00000e+00  
143.0 4.3741e+01  14 1.00000e+00  
143.1 4.3812e+01  14 1.00000e+00  
143.2 4.3864e+01  14 1.00000e+00  
143.3 4.3908e+01  14 1.00000e+00  
143.4 4.3948e+01  14 1.00000e+00  
143.5 4.3990e+01  14 1.00000e+00  
143.6 4.4009e+01  14 1.00000e+00  
143.7 4.4049e+01  14 1.00000e+00  
143.8 4.4099e+01  14 1.00000e+00  
143.9 4.4185e+01  14 1.00000e+00  
144.0 4.4231e+01  14 1.00000e+00  
144.1 4.4272e+01  14 1.00000e+00  
144.2 4.4318e+01  14 1.00000e+00  
144.3 4.4360e+01  14 1.00000e+00  
144.4 4.3830e+01  14 1.00000e+00  
144.5 4.3877e+01  14 1.00000e+00  
144.6 4.3889e+01  14 1.00000e+00  
144.7 4.3933e+01  14 1.00000e+00  
144.8 4.3975e+01  14 1.00000e+00  
144.9 4.4001e+01  14 1.00000e+00  
145.0 4.4031e+01  14 1.00000e+00  
145.1 4.3999e+01  14 1.00000e+00  
145.2 4.4025e+01  14 1.00000e+00  
145.3 4.4074e+01  14 1.00000e+00  
145.4 4.4158e+01  14 1.00000e+00  
145.5 4.3452e+01  14 1.00000e+00  
145.6 4.3526e+01  14 1.00000e+00  
145.7 4.3576e+01  14 1.00000e+00  
145.8 4.3597e+01  14 1.00000e+00  
145.9 4.2933e+01  14 1.00000e+00  
146.0 4.2960e+01  14 1.00000e+00  
146.1 4.2985e+01  14 1.00000e+00  
146.2 4.3029e+01  14 1.00000e+00  
146.3 4.3053e+01  14 1.00000e+00  
146.4 4.3116e+01  14 1.00000e+00  
146.5 4.3170e+01  14 1.00000e+00  
146.6 4.3217e+01  14 1.00000e+00  
146.7 4.3281e+01  14 1.00000e+00  
146.8 4.2690e+01  14 1.00000e+00  
146.9 4.2737e+01  14 1.00000e+00  
147.0 4.2768e+01  14 1.00000e+00  
147.1 4.2790e+01  14 1.00000e+00  
147.2 4.2801e+01  14 1.00000e+00  
147.3 4.2855e+01  14 1.00000e+00  
147.4 4.2886e+01  14 1.00000e+00  
147.5 4.2916e+01  14 1.00000e+00  
147.6 4.2947e+01  14 1.00000e+00  
147.7 4.2973e+01  14 1.00000e+00  
147.8 4.3002e+01  14 1.00000e+00  
147.9 4.3070e+01  14 1.00000e+00  
148.0 4.3130e+01  14 1.00000e+00  
148.1 4.3162e+01  14 1.00000e+00  
148.2 4.3244e+01  14 1.00000e+00  
148.3 4.2668e+01  14 1.00000e+00  
148.4 4.2718e+01  14 1.00000e+00  
148.5 4.2750e+01  14 1.00000e+00  
148.6 4.2781e+01  14 1.00000e+00  
148.7 4.2797e+01  14 1.00000e+00  
148.8 4.2819e+01  14 1.00000e+00  
148.9 4.2874e+01  14 1.00000e+00  
149.0 4.2905e+01  14 1.00000e+00  
149.1 4.2933e+01  14 1.00000e+00  
149.2 4.2962e+01  14 1.00000e+00  
149.3 4.2986e+01  14 1.00000e+00  
149.4 4.3030e+01  14 1.00000e+00  
149.5 4.2567e+01  14 1.00000e+00  
149.6 4.2591e+01  14 1.00000e+00  
149.7 4.2635e+01  14 1.00000e+00  
149.8 4.2663e+01  14 1.00000e+00  
149.9 4.2666e+01  14 1.00000e+00  
150.0 4.2728e+01  14 1.00000e+00  
