 15.1 1.4164e+00  13 4.39549e-02  
 15.2 1.4240e+00  13 4.43976e-02  
 15.3 1.4317e+00  13 4.48366e-02  
 15.4 1.4393e+00  13 4.52722e-02  
 15.5 1.4470e+00  13 4.57027e-02  
 15.6 1.4546e+00  13 4.61302e-02  
 15.7 1.4623e+00  13 4.65537e-02  
 15.8 1.4699e+00  13 4.69739e-02  
 15.9 1.4776e+00  13 4.73903e-02  
 16.0 1.4852e+00  13 4.78033e-02  
 16.1 1.4929e+00  13 4.82130e-02  
 16.2 1.5005e+00  13 4.86193e-02  
 16.3 1.5082e+00  13 4.90226e-02  
 16.4 1.5158e+00  13 4.94228e-02  
 16.5 1.5235e+00  13 4.98198e-02  
 16.6 1.5311e+00  13 5.02141e-02  
 16.7 1.5388e+00  13 5.06053e-02  
 16.8 1.5464e+00  13 5.09934e-02  
 16.9 1.5541e+00  13 5.13793e-02  
 17.0 1.5617e+00  13 5.17623e-02  
 17.1 1.5693e+00  13 5.21430e-02  
 17.2 1.5770e+00  13 5.25211e-02  
 17.3 1.5846e+00  13 5.28966e-02  
 17.4 1.5923e+00  13 5.32702e-02  
 17.5 1.5999e+00  13 5.36413e-02  
 17.6 1.6076e+00  13 5.40590e-02  
 17.7 1.6152e+00  13 5.44265e-02  
 17.8 1.6228e+00  13 5.47921e-02  
 17.9 1.6305e+00  13 5.51407e-02  
 18.0 1.6381e+00  13 5.55016e-02  
 18.1 1.6458e+00  13 5.58608e-02  
 18.2 1.6534e+00  13 5.62179e-02  
 18.3 1.6610e+00  13 5.65730e-02  
 18.4 1.6687e+00  13 5.69270e-02  
 18.5 1.6763e+00  13 5.72790e-02  
 18.6 1.6839e+00  13 5.76295e-02  
 18.7 1.6916e+00  13 5.80366e-02  
 18.8 1.6992e+00  13 5.83853e-02  
 18.9 1.7068e+00  13 5.87327e-02  
 19.0 1.7145e+00  13 5.90611e-02  
 19.1 1.7221e+00  13 5.94048e-02  
 19.2 1.7325e+00  13 5.99850e-02  
 19.3 1.7446e+00  13 6.07119e-02  
 19.4 1.7568e+00  13 6.14437e-02  
 19.5 1.7690e+00  13 6.21805e-02  
 19.6 1.7814e+00  13 6.29907e-02  
 19.7 1.7939e+00  13 6.37399e-02  
 19.8 1.8064e+00  13 6.44949e-02  
 19.9 1.8191e+00  13 6.52343e-02  
 20.0 1.8318e+00  13 6.59984e-02  
 20.1 1.8446e+00  13 6.67683e-02  
 20.2 1.8575e+00  13 6.75442e-02  
 20.3 1.8705e+00  13 6.83259e-02  
 20.4 1.8836e+00  13 6.91943e-02  
 20.5 1.8968e+00  13 6.99904e-02  
 20.6 1.9101e+00  13 7.07936e-02  
 20.7 1.9234e+00  13 7.15781e-02  
 20.8 1.6045e+01  14 1.00000e+00  
 20.9 1.6091e+01  14 1.00000e+00  
 21.0 1.6136e+01  14 1.00000e+00  
 21.1 1.6161e+01  14 1.00000e+00  
 21.2 1.6205e+01  14 1.00000e+00  
 21.3 1.6248e+01  14 1.00000e+00  
 21.4 1.6296e+01  14 1.00000e+00  
 21.5 1.6338e+01  14 1.00000e+00  
 21.6 1.6379e+01  14 1.00000e+00  
 21.7 1.6400e+01  14 1.00000e+00  
 21.8 1.6439e+01  14 1.00000e+00  
 21.9 1.6478e+01  14 1.00000e+00  
 22.0 1.6517e+01  14 1.00000e+00  
 22.1 1.6561e+01  14 1.00000e+00  
 22.2 1.6578e+01  14 1.00000e+00  
 22.3 1.6614e+01  14 1.00000e+00  
 22.4 1.6650e+01  14 1.00000e+00  
 22.5 1.6685e+01  14 1.00000e+00  
 22.6 1.6719e+01  14 1.00000e+00  
 22.7 1.6732e+01  14 1.00000e+00  
 22.8 1.6771e+01  14 1.00000e+00  
 22.9 1.6803e+01  14 1.00000e+00  
 23.0 1.6835e+01  14 1.00000e+00  
 23.1 1.6866e+01  14 1.00000e+00  
 23.2 1.6873e+01  14 1.00000e+00  
 23.3 1.6902e+01  14 1.00000e+00  
 23.4 1.6938e+01  14 1.00000e+00  
 23.5 1.6966e+01  14 1.00000e+00  
 23.6 1.6970e+01  14 1.00000e+00  
 23.7 1.6996e+01  14 1.00000e+00  
 23.8 5.4963e+00  14 2.85101e-01  
 23.9 5.5844e+00  14 2.90124e-01  
 24.0 5.6727e+00  14 2.95453e-01  
 24.1 5.7618e+00  14 3.00534e-01  
 24.2 5.8513e+00  14 3.05651e-01  
 24.3 5.9404e+00  14 3.11207e-01  
 24.4 6.0308e+00  14 3.16384e-01  
 24.5 6.1215e+00  14 3.21598e-01  
 24.6 6.2118e+00  14 3.27101e-01  
 24.7 6.3033e+00  14 3.32370e-01  
 24.8 6.3952e+00  14 3.37670e-01  
 24.9 6.4854e+00  14 3.43397e-01  
 25.0 6.5779e+00  14 3.48757e-01  
 25.1 6.6682e+00  14 3.54543e-01  
 25.2 6.7621e+00  14 3.59828e-01  
 25.3 6.8525e+00  14 3.65656e-01  
 25.4 6.9428e+00  14 3.71510e-01  
 25.5 7.0236e+00  14 3.78455e-01  
 25.6 7.1095e+00  14 3.84725e-01  
 25.7 7.2020e+00  14 3.90295e-01  
 25.8 7.2961e+00  14 3.95748e-01  
 25.9 7.3890e+00  14 4.01367e-01  
 26.0 7.4820e+00  14 4.07013e-01  
 26.1 7.5752e+00  14 4.12685e-01  
 26.2 7.6684e+00  14 4.18385e-01  
 26.3 7.7625e+00  14 4.24052e-01  
 26.4 7.8570e+00  14 4.29725e-01  
 26.5 7.9506e+00  14 4.35497e-01  
 26.6 8.0441e+00  14 4.41296e-01  
 26.7 8.1376e+00  14 4.47121e-01  
 26.8 8.2310e+00  14 4.52975e-01  
 26.9 8.3269e+00  14 4.58717e-01  
 27.0 8.4204e+00  14 4.64611e-01  
 27.1 8.5138e+00  14 4.70527e-01  
 27.2 8.6071e+00  14 4.76470e-01  
 27.3 8.7001e+00  14 4.82441e-01  
 27.4 8.7930e+00  14 4.88436e-01  
 27.5 8.8890e+00  14 4.94311e-01  
 27.6 8.9818e+00  14 5.00342e-01  
 27.7 9.0743e+00  14 5.06395e-01  
 27.8 9.1665e+00  14 5.12476e-01  
 27.9 9.2583e+00  14 5.18582e-01  
 28.0 9.3510e+00  14 5.24663e-01  
 28.1 9.4451e+00  14 5.30714e-01  
 28.2 9.5363e+00  14 5.36874e-01  
 28.3 9.6270e+00  14 5.43058e-01  
 28.4 9.7165e+00  14 5.49223e-01  
 28.5 9.8063e+00  14 5.55447e-01  
 28.6 9.9003e+00  14 5.61558e-01  
 28.7 9.9896e+00  14 5.67814e-01  
 28.8 1.0078e+01  14 5.74094e-01  
 28.9 1.0166e+01  14 5.80394e-01  
 29.0 1.0254e+01  14 5.86715e-01  
 29.1 1.0340e+01  14 5.93056e-01  
 29.2 1.0433e+01  14 5.99316e-01  
 29.3 1.0519e+01  14 6.05683e-01  
 29.4 1.0604e+01  14 6.12070e-01  
 29.5 1.0688e+01  14 6.18474e-01  
 29.6 1.0772e+01  14 6.24896e-01  
 29.7 1.0856e+01  14 6.31324e-01  
 29.8 1.0944e+01  14 6.37655e-01  
 29.9 1.1026e+01  14 6.44124e-01  
 30.0 1.1106e+01  14 6.50605e-01  
 30.1 1.1186e+01  14 6.57105e-01  
 30.2 1.1265e+01  14 6.63614e-01  
 30.3 1.1351e+01  14 6.70015e-01  
 30.4 1.1428e+01  14 6.76550e-01  
 30.5 1.1505e+01  14 6.83099e-01  
 30.6 1.1580e+01  14 6.89659e-01  
 30.7 1.1655e+01  14 6.96235e-01  
 30.8 1.1727e+01  14 7.02826e-01  
 30.9 1.1808e+01  14 7.09304e-01  
 31.0 1.1880e+01  14 7.15911e-01  
 31.1 1.1950e+01  14 7.22525e-01  
 31.2 1.2019e+01  14 7.29154e-01  
 31.3 1.2086e+01  14 7.35794e-01  
 31.4 1.2153e+01  14 7.42442e-01  
 31.5 1.2228e+01  14 7.48978e-01  
 31.6 1.2293e+01  14 7.55637e-01  
 31.7 1.2355e+01  14 7.62306e-01  
 31.8 1.2416e+01  14 7.68985e-01  
 31.9 1.2476e+01  14 7.75670e-01  
 32.0 1.2533e+01  14 7.82365e-01  
 32.1 1.2602e+01  14 7.88951e-01  
 32.2 1.2657e+01  14 7.95652e-01  
 32.3 1.2710e+01  14 8.02356e-01  
 32.4 1.2761e+01  14 8.09071e-01  
 32.5 1.2810e+01  14 8.15786e-01  
 32.6 1.2857e+01  14 8.22502e-01  
 32.7 1.2916e+01  14 8.29122e-01  
 32.8 1.2961e+01  14 8.35834e-01  
 32.9 1.3004e+01  14 8.42543e-01  
 33.0 1.3045e+01  14 8.49251e-01  
 33.1 1.3084e+01  14 8.55954e-01  
 33.2 1.3109e+01  14 8.62725e-01  
 33.3 1.3131e+01  14 8.69487e-01  
 33.4 1.3102e+01  14 8.76500e-01  
 33.5 1.3030e+01  14 8.83681e-01  
 33.6 1.2791e+01  14 8.91635e-01  
 33.7 1.2322e+01  14 9.00658e-01  
 33.8 1.1930e+01  14 9.09160e-01  
 33.9 1.1699e+01  14 9.16661e-01  
 34.0 1.1639e+01  14 9.23157e-01  
 34.1 1.1746e+01  14 9.28814e-01  
 34.2 1.1782e+01  14 9.34808e-01  
 34.3 1.1874e+01  14 9.40587e-01  
 34.4 1.1996e+01  14 9.46303e-01  
 34.5 1.2093e+01  14 9.52147e-01  
 34.6 1.2224e+01  14 9.57941e-01  
 34.7 1.2345e+01  14 9.63820e-01  
 34.8 1.2427e+01  14 9.69815e-01  
 34.9 1.2526e+01  14 9.75810e-01  
 35.0 1.2648e+01  14 9.81816e-01  
 35.1 1.2742e+01  14 9.87889e-01  
 35.2 1.2883e+01  14 9.93975e-01  
 35.3 1.2976e+01  14 1.00000e+00  
 35.4 1.3034e+01  14 1.00000e+00  
 35.5 1.3077e+01  14 1.00000e+00  
 35.6 1.3101e+01  14 1.00000e+00  
 35.7 1.3150e+01  14 1.00000e+00  
 35.8 1.3178e+01  14 1.00000e+00  
 35.9 1.3249e+01  14 1.00000e+00  
 36.0 1.3282e+01  14 1.00000e+00  
 36.1 1.3298e+01  14 1.00000e+00  
 36.2 1.3328e+01  14 1.00000e+00  
 36.3 1.3358e+01  14 1.00000e+00  
 36.4 1.3398e+01  14 1.00000e+00  
 36.5 1.3372e+01  14 1.00000e+00  
 36.6 1.3397e+01  14 1.00000e+00  
 36.7 1.3416e+01  14 1.00000e+00  
 36.8 1.3438e+01  14 1.00000e+00  
 36.9 1.3454e+01  14 1.00000e+00  
 37.0 1.3477e+01  14 1.00000e+00  
 37.1 1.3499e+01  14 1.00000e+00  
 37.2 1.3517e+01  14 1.00000e+00  
 37.3 1.3535e+01  14 1.00000e+00  
 37.4 1.3556e+01  14 1.00000e+00  
 37.5 1.3577e+01  14 1.00000e+00  
 37.6 1.3597e+01  14 1.00000e+00  
 37.7 1.3618e+01  14 1.00000e+00  
 37.8 1.3638e+01  14 1.00000e+00  
 37.9 1.3658e+01  14 1.00000e+00  
 38.0 1.3629e+01  14 1.00000e+00  
 38.1 1.3529e+01  14 1.00000e+00  
 38.2 1.3463e+01  14 1.00000e+00  
 38.3 1.3464e+01  14 1.00000e+00  
 38.4 1.3408e+01  14 1.00000e+00  
 38.5 1.3323e+01  14 1.00000e+00  
 38.6 1.3302e+01  14 1.00000e+00  
 38.7 1.3282e+01  14 1.00000e+00  
 38.8 1.3208e+01  14 1.00000e+00  
 38.9 1.3182e+01  14 1.00000e+00  
 39.0 1.3185e+01  14 1.00000e+00  
 39.1 1.3067e+01  14 9.94702e-01  
 39.2 1.2852e+01  14 9.83785e-01  
 39.3 1.2845e+01  14 9.83460e-01  
 39.4 1.2846e+01  14 9.83504e-01  
 39.5 1.2687e+01  14 9.75372e-01  
 39.6 1.2574e+01  14 9.69582e-01  
 39.7 1.2593e+01  14 9.70548e-01  
 39.8 1.2438e+01  14 9.62578e-01  
 39.9 1.2290e+01  14 9.54933e-01  
 40.0 1.2261e+01  14 9.53464e-01  
 40.1 1.2275e+01  14 9.54168e-01  
 40.2 1.2176e+01  14 9.49028e-01  
 40.3 1.2059e+01  14 9.42956e-01  
 40.4 1.2004e+01  14 9.40125e-01  
 40.5 1.1948e+01  14 9.37203e-01  
 40.6 1.1823e+01  14 9.30687e-01  
 40.7 1.1761e+01  14 9.27406e-01  
 40.8 1.1779e+01  14 9.28362e-01  
 40.9 1.1770e+01  14 9.27917e-01  
 41.0 1.1581e+01  14 9.17964e-01  
 41.1 1.1516e+01  14 9.14562e-01  
 41.2 1.1421e+01  14 9.09571e-01  
 41.3 1.1372e+01  14 9.06968e-01  
 41.4 1.1382e+01  14 9.07472e-01  
 41.5 1.1235e+01  14 8.99682e-01  
 41.6 1.1327e+01  14 9.04574e-01  
 41.7 1.1447e+01  14 9.10938e-01  
 41.8 1.1429e+01  14 9.09952e-01  
 41.9 1.1557e+01  14 9.16701e-01  
 42.0 1.1679e+01  14 9.23140e-01  
 42.1 1.1725e+01  14 9.25523e-01  
 42.2 1.1864e+01  14 9.32791e-01  
 42.3 1.1954e+01  14 9.37537e-01  
 42.4 1.2020e+01  14 9.40933e-01  
 42.5 1.2170e+01  14 9.48723e-01  
 42.6 1.2214e+01  14 9.51040e-01  
 42.7 1.2308e+01  14 9.55888e-01  
 42.8 1.2431e+01  14 9.62229e-01  
 42.9 1.2490e+01  14 9.65263e-01  
 43.0 1.2644e+01  14 9.73185e-01  
 43.1 1.2724e+01  14 9.77253e-01  
 43.2 1.2780e+01  14 9.80103e-01  
 43.3 1.2864e+01  14 9.84387e-01  
 43.4 1.3010e+01  14 9.91833e-01  
 43.5 1.3134e+01  14 9.98134e-01  
 43.6 1.3166e+01  14 9.99727e-01  
 43.7 1.3208e+01  14 1.00000e+00  
 43.8 1.3266e+01  14 1.00000e+00  
 43.9 1.3283e+01  14 1.00000e+00  
 44.0 1.3313e+01  14 1.00000e+00  
 44.1 1.3366e+01  14 1.00000e+00  
 44.2 1.3418e+01  14 1.00000e+00  
 44.3 1.3432e+01  14 1.00000e+00  
 44.4 1.3460e+01  14 1.00000e+00  
 44.5 1.3515e+01  14 1.00000e+00  
 44.6 1.3568e+01  14 1.00000e+00  
 44.7 1.3583e+01  14 1.00000e+00  
 44.8 1.3616e+01  14 1.00000e+00  
 44.9 1.3658e+01  14 1.00000e+00  
 45.0 1.3707e+01  14 1.00000e+00  
 45.1 1.3758e+01  14 1.00000e+00  
 45.2 1.3772e+01  14 1.00000e+00  
 45.3 1.3804e+01  14 1.00000e+00  
 45.4 1.3820e+01  14 1.00000e+00  
 45.5 1.3888e+01  14 1.00000e+00  
 45.6 1.3939e+01  14 1.00000e+00  
 45.7 1.3959e+01  14 1.00000e+00  
 45.8 1.4000e+01  14 1.00000e+00  
 45.9 1.4031e+01  14 1.00000e+00  
 46.0 1.4075e+01  14 1.00000e+00  
 46.1 1.4099e+01  14 1.00000e+00  
 46.2 1.4148e+01  14 1.00000e+00  
 46.3 1.4201e+01  14 1.00000e+00  
 46.4 1.4250e+01  14 1.00000e+00  
 46.5 1.4264e+01  14 1.00000e+00  
 46.6 1.4303e+01  14 1.00000e+00  
 46.7 1.4365e+01  14 1.00000e+00  
 46.8 1.4350e+01  14 1.00000e+00  
 46.9 1.4397e+01  14 1.00000e+00  
 47.0 1.4445e+01  14 1.00000e+00  
 47.1 1.4498e+01  14 1.00000e+00  
 47.2 1.4547e+01  14 1.00000e+00  
 47.3 1.4597e+01  14 1.00000e+00  
 47.4 1.4610e+01  14 1.00000e+00  
 47.5 1.4649e+01  14 1.00000e+00  
 47.6 1.4672e+01  14 1.00000e+00  
 47.7 1.4703e+01  14 1.00000e+00  
 47.8 1.4720e+01  14 1.00000e+00  
 47.9 1.4753e+01  14 1.00000e+00  
 48.0 1.4798e+01  14 1.00000e+00  
 48.1 1.4847e+01  14 1.00000e+00  
 48.2 1.4895e+01  14 1.00000e+00  
 48.3 1.4940e+01  14 1.00000e+00  
 48.4 1.4986e+01  14 1.00000e+00  
 48.5 1.5008e+01  14 1.00000e+00  
 48.6 1.5075e+01  14 1.00000e+00  
 48.7 1.5135e+01  14 1.00000e+00  
 48.8 1.5172e+01  14 1.00000e+00  
 48.9 1.5185e+01  14 1.00000e+00  
 49.0 1.5223e+01  14 1.00000e+00  
 49.1 1.5265e+01  14 1.00000e+00  
 49.2 1.5305e+01  14 1.00000e+00  
 49.3 1.5343e+01  14 1.00000e+00  
 49.4 1.5397e+01  14 1.00000e+00  
 49.5 1.5422e+01  14 1.00000e+00  
 49.6 1.5459e+01  14 1.00000e+00  
 49.7 1.5499e+01  14 1.00000e+00  
 49.8 1.5538e+01  14 1.00000e+00  
 49.9 1.5578e+01  14 1.00000e+00  
 50.0 1.5616e+01  14 1.00000e+00  
 50.1 1.5656e+01  14 1.00000e+00  
 50.2 1.5702e+01  14 1.00000e+00  
 50.3 1.5724e+01  14 1.00000e+00  
 50.4 1.5764e+01  14 1.00000e+00  
 50.5 1.5803e+01  14 1.00000e+00  
 50.6 1.5844e+01  14 1.00000e+00  
 50.7 1.5883e+01  14 1.00000e+00  
 50.8 1.5925e+01  14 1.00000e+00  
 50.9 1.5966e+01  14 1.00000e+00  
 51.0 1.6008e+01  14 1.00000e+00  
 51.1 1.6042e+01  14 1.00000e+00  
 51.2 1.6086e+01  14 1.00000e+00  
 51.3 1.6127e+01  14 1.00000e+00  
 51.4 1.6165e+01  14 1.00000e+00  
 51.5 1.6193e+01  14 1.00000e+00  
 51.6 1.6246e+01  14 1.00000e+00  
 51.7 1.6285e+01  14 1.00000e+00  
 51.8 1.6324e+01  14 1.00000e+00  
 51.9 1.6363e+01  14 1.00000e+00  
 52.0 1.6401e+01  14 1.00000e+00  
 52.1 1.6427e+01  14 1.00000e+00  
 52.2 1.6427e+01  14 1.00000e+00  
 52.3 1.6482e+01  14 1.00000e+00  
 52.4 1.6526e+01  14 1.00000e+00  
 52.5 1.6585e+01  14 1.00000e+00  
 52.6 1.6657e+01  14 1.00000e+00  
 52.7 1.6686e+01  14 1.00000e+00  
 52.8 1.6720e+01  14 1.00000e+00  
 52.9 1.6741e+01  14 1.00000e+00  
 53.0 1.6818e+01  14 1.00000e+00  
 53.1 1.6824e+01  14 1.00000e+00  
 53.2 1.6856e+01  14 1.00000e+00  
 53.3 1.6888e+01  14 1.00000e+00  
 53.4 1.6918e+01  14 1.00000e+00  
 53.5 1.6947e+01  14 1.00000e+00  
 53.6 1.6977e+01  14 1.00000e+00  
 53.7 1.7016e+01  14 1.00000e+00  
 53.8 1.7063e+01  14 1.00000e+00  
 53.9 1.7112e+01  14 1.00000e+00  
 54.0 1.7153e+01  14 1.00000e+00  
 54.1 1.7215e+01  14 1.00000e+00  
 54.2 1.7261e+01  14 1.00000e+00  
 54.3 1.7309e+01  14 1.00000e+00  
 54.4 1.7347e+01  14 1.00000e+00  
 54.5 1.7382e+01  14 1.00000e+00  
 54.6 1.7426e+01  14 1.00000e+00  
 54.7 1.7422e+01  14 1.00000e+00  
 54.8 1.7463e+01  14 1.00000e+00  
 54.9 1.7562e+01  14 1.00000e+00  
 55.0 1.7596e+01  14 1.00000e+00  
 55.1 1.7622e+01  14 1.00000e+00  
 55.2 1.7658e+01  14 1.00000e+00  
 55.3 1.7661e+01  14 1.00000e+00  
 55.4 1.7714e+01  14 1.00000e+00  
 55.5 1.7748e+01  14 1.00000e+00  
 55.6 1.7775e+01  14 1.00000e+00  
 55.7 1.7803e+01  14 1.00000e+00  
 55.8 1.7852e+01  14 1.00000e+00  
 55.9 1.7895e+01  14 1.00000e+00  
 56.0 1.7943e+01  14 1.00000e+00  
 56.1 1.8006e+01  14 1.00000e+00  
 56.2 1.8053e+01  14 1.00000e+00  
 56.3 1.8107e+01  14 1.00000e+00  
 56.4 1.8154e+01  14 1.00000e+00  
 56.5 1.8183e+01  14 1.00000e+00  
 56.6 1.8219e+01  14 1.00000e+00  
 56.7 1.8254e+01  14 1.00000e+00  
 56.8 1.8289e+01  14 1.00000e+00  
 56.9 1.8361e+01  14 1.00000e+00  
 57.0 1.8372e+01  14 1.00000e+00  
 57.1 1.8407e+01  14 1.00000e+00  
 57.2 1.8407e+01  14 1.00000e+00  
 57.3 1.8470e+01  14 1.00000e+00  
 57.4 1.8499e+01  14 1.00000e+00  
 57.5 1.8522e+01  14 1.00000e+00  
 57.6 1.8608e+01  14 1.00000e+00  
 57.7 1.8617e+01  14 1.00000e+00  
 57.8 1.8662e+01  14 1.00000e+00  
 57.9 1.8708e+01  14 1.00000e+00  
 58.0 1.8770e+01  14 1.00000e+00  
 58.1 1.8813e+01  14 1.00000e+00  
 58.2 1.8863e+01  14 1.00000e+00  
 58.3 1.8905e+01  14 1.00000e+00  
 58.4 1.8942e+01  14 1.00000e+00  
 58.5 1.8975e+01  14 1.00000e+00  
 58.6 1.9038e+01  14 1.00000e+00  
 58.7 1.9082e+01  14 1.00000e+00  
 58.8 1.9116e+01  14 1.00000e+00  
 58.9 1.9145e+01  14 1.00000e+00  
 59.0 1.9176e+01  14 1.00000e+00  
 59.1 1.9203e+01  14 1.00000e+00  
 59.2 1.9230e+01  14 1.00000e+00  
 59.3 1.9253e+01  14 1.00000e+00  
 59.4 1.9292e+01  14 1.00000e+00  
 59.5 1.9358e+01  14 1.00000e+00  
 59.6 1.9425e+01  14 1.00000e+00  
 59.7 1.9430e+01  14 1.00000e+00  
 59.8 1.9481e+01  14 1.00000e+00  
 59.9 1.9535e+01  14 1.00000e+00  
 60.0 1.9587e+01  14 1.00000e+00  
 60.1 1.9634e+01  14 1.00000e+00  
 60.2 1.9671e+01  14 1.00000e+00  
 60.3 1.9713e+01  14 1.00000e+00  
 60.4 1.9750e+01  14 1.00000e+00  
 60.5 1.9788e+01  14 1.00000e+00  
 60.6 1.9846e+01  14 1.00000e+00  
 60.7 1.9887e+01  14 1.00000e+00  
 60.8 1.9909e+01  14 1.00000e+00  
 60.9 1.9948e+01  14 1.00000e+00  
 61.0 1.9977e+01  14 1.00000e+00  
 61.1 2.0003e+01  14 1.00000e+00  
 61.2 2.0032e+01  14 1.00000e+00  
 61.3 2.0053e+01  14 1.00000e+00  
 61.4 2.0103e+01  14 1.00000e+00  
 61.5 2.0157e+01  14 1.00000e+00  
 61.6 2.0204e+01  14 1.00000e+00  
 61.7 2.0255e+01  14 1.00000e+00  
 61.8 2.0302e+01  14 1.00000e+00  
 61.9 2.0364e+01  14 1.00000e+00  
 62.0 2.0403e+01  14 1.00000e+00  
 62.1 2.0455e+01  14 1.00000e+00  
 62.2 2.0497e+01  14 1.00000e+00  
 62.3 2.0533e+01  14 1.00000e+00  
 62.4 2.0571e+01  14 1.00000e+00  
 62.5 2.0610e+01  14 1.00000e+00  
 62.6 2.0678e+01  14 1.00000e+00  
 62.7 2.0713e+01  14 1.00000e+00  
 62.8 2.0738e+01  14 1.00000e+00  
 62.9 2.0771e+01  14 1.00000e+00  
 63.0 2.0801e+01  14 1.00000e+00  
 63.1 2.0834e+01  14 1.00000e+00  
 63.2 2.0863e+01  14 1.00000e+00  
 63.3 2.0888e+01  14 1.00000e+00  
 63.4 2.0923e+01  14 1.00000e+00  
 63.5 2.0979e+01  14 1.00000e+00  
 63.6 2.1027e+01  14 1.00000e+00  
 63.7 2.1082e+01  14 1.00000e+00  
 63.8 2.1126e+01  14 1.00000e+00  
 63.9 2.1190e+01  14 1.00000e+00  
 64.0 2.1235e+01  14 1.00000e+00  
 64.1 2.1279e+01  14 1.00000e+00  
 64.2 2.1326e+01  14 1.00000e+00  
 64.3 2.1365e+01  14 1.00000e+00  
 64.4 2.1407e+01  14 1.00000e+00  
 64.5 2.1444e+01  14 1.00000e+00  
 64.6 2.1476e+01  14 1.00000e+00  
 64.7 2.1544e+01  14 1.00000e+00  
 64.8 2.1582e+01  14 1.00000e+00  
 64.9 2.1612e+01  14 1.00000e+00  
 65.0 2.1646e+01  14 1.00000e+00  
 65.1 2.1670e+01  14 1.00000e+00  
 65.2 2.1706e+01  14 1.00000e+00  
 65.3 2.1736e+01  14 1.00000e+00  
 65.4 2.1763e+01  14 1.00000e+00  
 65.5 2.1791e+01  14 1.00000e+00  
 65.6 2.1850e+01  14 1.00000e+00  
 65.7 2.1904e+01  14 1.00000e+00  
 65.8 2.1949e+01  14 1.00000e+00  
 65.9 2.2004e+01  14 1.00000e+00  
 66.0 2.2039e+01  14 1.00000e+00  
 66.1 2.2109e+01  14 1.00000e+00  
 66.2 2.2159e+01  14 1.00000e+00  
 66.3 2.2198e+01  14 1.00000e+00  
 66.4 2.2247e+01  14 1.00000e+00  
 66.5 2.2282e+01  14 1.00000e+00  
 66.6 2.2329e+01  14 1.00000e+00  
 66.7 2.2366e+01  14 1.00000e+00  
 66.8 2.2403e+01  14 1.00000e+00  
 66.9 2.2461e+01  14 1.00000e+00  
 67.0 2.2504e+01  14 1.00000e+00  
 67.1 2.2539e+01  14 1.00000e+00  
 67.2 2.2568e+01  14 1.00000e+00  
 67.3 2.2606e+01  14 1.00000e+00  
 67.4 2.2635e+01  14 1.00000e+00  
 67.5 2.2671e+01  14 1.00000e+00  
 67.6 2.2697e+01  14 1.00000e+00  
 67.7 2.2734e+01  14 1.00000e+00  
 67.8 2.2786e+01  14 1.00000e+00  
 67.9 2.2854e+01  14 1.00000e+00  
 68.0 2.2902e+01  14 1.00000e+00  
 68.1 2.2955e+01  14 1.00000e+00  
 68.2 2.2998e+01  14 1.00000e+00  
 68.3 2.3064e+01  14 1.00000e+00  
 68.4 2.3097e+01  14 1.00000e+00  
 68.5 2.3158e+01  14 1.00000e+00  
 68.6 2.3188e+01  14 1.00000e+00  
 68.7 2.3247e+01  14 1.00000e+00  
 68.8 2.3281e+01  14 1.00000e+00  
 68.9 2.3323e+01  14 1.00000e+00  
 69.0 2.3360e+01  14 1.00000e+00  
 69.1 2.3390e+01  14 1.00000e+00  
 69.2 2.3481e+01  14 1.00000e+00  
 69.3 2.3504e+01  14 1.00000e+00  
 69.4 2.3526e+01  14 1.00000e+00  
 69.5 2.3554e+01  14 1.00000e+00  
 69.6 2.3603e+01  14 1.00000e+00  
 69.7 2.3634e+01  14 1.00000e+00  
 69.8 2.3655e+01  14 1.00000e+00  
 69.9 2.3695e+01  14 1.00000e+00  
 70.0 2.3706e+01  14 1.00000e+00  
 70.1 2.3764e+01  14 1.00000e+00  
 70.2 2.3833e+01  14 1.00000e+00  
 70.3 2.3893e+01  14 1.00000e+00  
 70.4 2.3936e+01  14 1.00000e+00  
 70.5 2.3985e+01  14 1.00000e+00  
 70.6 2.4040e+01  14 1.00000e+00  
 70.7 2.4094e+01  14 1.00000e+00  
 70.8 2.4142e+01  14 1.00000e+00  
 70.9 2.4183e+01  14 1.00000e+00  
 71.0 2.4232e+01  14 1.00000e+00  
 71.1 2.4272e+01  14 1.00000e+00  
 71.2 2.4299e+01  14 1.00000e+00  
 71.3 2.4349e+01  14 1.00000e+00  
 71.4 2.4388e+01  14 1.00000e+00  
 71.5 2.4419e+01  14 1.00000e+00  
 71.6 2.4500e+01  14 1.00000e+00  
 71.7 2.4543e+01  14 1.00000e+00  
 71.8 2.4568e+01  14 1.00000e+00  
 71.9 2.4603e+01  14 1.00000e+00  
 72.0 2.4635e+01  14 1.00000e+00  
 72.1 2.4670e+01  14 1.00000e+00  
 72.2 2.4704e+01  14 1.00000e+00  
 72.3 2.4731e+01  14 1.00000e+00  
 72.4 2.4760e+01  14 1.00000e+00  
 72.5 2.4793e+01  14 1.00000e+00  
 72.6 2.4853e+01  14 1.00000e+00  
 72.7 2.4903e+01  14 1.00000e+00  
 72.8 2.4971e+01  14 1.00000e+00  
 72.9 2.5011e+01  14 1.00000e+00  
 73.0 2.5058e+01  14 1.00000e+00  
 73.1 2.5123e+01  14 1.00000e+00  
 73.2 2.5156e+01  14 1.00000e+00  
 73.3 2.5223e+01  14 1.00000e+00  
 73.4 2.5282e+01  14 1.00000e+00  
 73.5 2.5316e+01  14 1.00000e+00  
 73.6 2.5359e+01  14 1.00000e+00  
 73.7 2.5414e+01  14 1.00000e+00  
 73.8 2.5443e+01  14 1.00000e+00  
 73.9 2.5490e+01  14 1.00000e+00  
 74.0 2.5530e+01  14 1.00000e+00  
 74.1 2.5544e+01  14 1.00000e+00  
 74.2 2.5647e+01  14 1.00000e+00  
 74.3 2.5679e+01  14 1.00000e+00  
 74.4 2.5686e+01  14 1.00000e+00  
 74.5 2.5734e+01  14 1.00000e+00  
 74.6 2.5773e+01  14 1.00000e+00  
 74.7 2.5789e+01  14 1.00000e+00  
 74.8 2.5836e+01  14 1.00000e+00  
 74.9 2.5861e+01  14 1.00000e+00  
 75.0 2.5895e+01  14 1.00000e+00  
 75.1 2.5931e+01  14 1.00000e+00  
 75.2 2.5996e+01  14 1.00000e+00  
 75.3 2.6042e+01  14 1.00000e+00  
 75.4 2.6115e+01  14 1.00000e+00  
 75.5 2.6156e+01  14 1.00000e+00  
 75.6 2.6222e+01  14 1.00000e+00  
 75.7 2.6270e+01  14 1.00000e+00  
 75.8 2.6319e+01  14 1.00000e+00  
 75.9 2.6381e+01  14 1.00000e+00  
 76.0 2.6419e+01  14 1.00000e+00  
 76.1 2.6479e+01  14 1.00000e+00  
 76.2 2.6524e+01  14 1.00000e+00  
 76.3 2.6568e+01  14 1.00000e+00  
 76.4 2.6599e+01  14 1.00000e+00  
 76.5 2.6650e+01  14 1.00000e+00  
 76.6 2.6689e+01  14 1.00000e+00  
 76.7 2.6715e+01  14 1.00000e+00  
 76.8 2.6765e+01  14 1.00000e+00  
 76.9 2.6850e+01  14 1.00000e+00  
 77.0 2.6883e+01  14 1.00000e+00  
 77.1 2.6893e+01  14 1.00000e+00  
 77.2 2.6946e+01  14 1.00000e+00  
 77.3 2.6982e+01  14 1.00000e+00  
 77.4 2.7011e+01  14 1.00000e+00  
 77.5 2.7026e+01  14 1.00000e+00  
 77.6 2.7079e+01  14 1.00000e+00  
 77.7 2.7111e+01  14 1.00000e+00  
 77.8 2.7126e+01  14 1.00000e+00  
 77.9 2.7179e+01  14 1.00000e+00  
 78.0 2.7244e+01  14 1.00000e+00  
 78.1 2.7312e+01  14 1.00000e+00  
 78.2 2.7346e+01  14 1.00000e+00  
 78.3 2.7409e+01  14 1.00000e+00  
 78.4 2.7459e+01  14 1.00000e+00  
 78.5 2.7525e+01  14 1.00000e+00  
 78.6 2.7573e+01  14 1.00000e+00  
 78.7 2.7626e+01  14 1.00000e+00  
 78.8 2.7687e+01  14 1.00000e+00  
 78.9 2.7721e+01  14 1.00000e+00  
 79.0 2.7772e+01  14 1.00000e+00  
 79.1 2.7810e+01  14 1.00000e+00  
 79.2 2.7868e+01  14 1.00000e+00  
 79.3 2.7901e+01  14 1.00000e+00  
 79.4 2.7950e+01  14 1.00000e+00  
 79.5 2.7990e+01  14 1.00000e+00  
 79.6 2.8021e+01  14 1.00000e+00  
 79.7 2.8065e+01  14 1.00000e+00  
 79.8 2.8151e+01  14 1.00000e+00  
 79.9 2.8183e+01  14 1.00000e+00  
 80.0 2.8203e+01  14 1.00000e+00  
 80.1 2.8253e+01  14 1.00000e+00  
 80.2 2.8275e+01  14 1.00000e+00  
 80.3 2.8320e+01  14 1.00000e+00  
 80.4 2.8354e+01  14 1.00000e+00  
 80.5 2.8386e+01  14 1.00000e+00  
 80.6 2.8418e+01  14 1.00000e+00  
 80.7 2.8434e+01  14 1.00000e+00  
 80.8 2.8484e+01  14 1.00000e+00  
 80.9 2.8554e+01  14 1.00000e+00  
 81.0 2.8617e+01  14 1.00000e+00  
 81.1 2.8665e+01  14 1.00000e+00  
 81.2 2.8726e+01  14 1.00000e+00  
 81.3 2.8779e+01  14 1.00000e+00  
 81.4 2.8842e+01  14 1.00000e+00  
 81.5 2.8888e+01  14 1.00000e+00  
 81.6 2.8941e+01  14 1.00000e+00  
 81.7 2.9005e+01  14 1.00000e+00  
 81.8 2.9047e+01  14 1.00000e+00  
 81.9 2.9105e+01  14 1.00000e+00  
 82.0 2.9152e+01  14 1.00000e+00  
 82.1 2.9194e+01  14 1.00000e+00  
 82.2 2.9226e+01  14 1.00000e+00  
 82.3 2.9281e+01  14 1.00000e+00  
 82.4 2.9304e+01  14 1.00000e+00  
 82.5 2.9361e+01  14 1.00000e+00  
 82.6 2.9402e+01  14 1.00000e+00  
 82.7 2.9440e+01  14 1.00000e+00  
 82.8 2.9525e+01  14 1.00000e+00  
 82.9 2.9560e+01  14 1.00000e+00  
 83.0 2.9573e+01  14 1.00000e+00  
 83.1 2.9634e+01  14 1.00000e+00  
 83.2 2.9666e+01  14 1.00000e+00  
 83.3 2.9691e+01  14 1.00000e+00  
 83.4 2.9721e+01  14 1.00000e+00  
 83.5 2.9759e+01  14 1.00000e+00  
 83.6 2.9796e+01  14 1.00000e+00  
 83.7 2.9836e+01  14 1.00000e+00  
 83.8 2.9846e+01  14 1.00000e+00  
 83.9 2.9906e+01  14 1.00000e+00  
 84.0 2.9976e+01  14 1.00000e+00  
 84.1 3.0042e+01  14 1.00000e+00  
 84.2 3.0104e+01  14 1.00000e+00  
 84.3 3.0163e+01  14 1.00000e+00  
 84.4 3.0219e+01  14 1.00000e+00  
 84.5 3.0270e+01  14 1.00000e+00  
 84.6 3.0325e+01  14 1.00000e+00  
 84.7 3.0369e+01  14 1.00000e+00  
 84.8 3.0423e+01  14 1.00000e+00  
 84.9 3.0489e+01  14 1.00000e+00  
 85.0 3.0541e+01  14 1.00000e+00  
 85.1 3.0568e+01  14 1.00000e+00  
 85.2 3.0618e+01  14 1.00000e+00  
 85.3 3.0673e+01  14 1.00000e+00  
 85.4 3.0727e+01  14 1.00000e+00  
 85.5 3.0759e+01  14 1.00000e+00  
 85.6 3.0812e+01  14 1.00000e+00  
 85.7 3.0842e+01  14 1.00000e+00  
 85.8 3.0892e+01  14 1.00000e+00  
 85.9 3.0934e+01  14 1.00000e+00  
 86.0 3.0971e+01  14 1.00000e+00  
 86.1 3.1066e+01  14 1.00000e+00  
 86.2 3.1083e+01  14 1.00000e+00  
 86.3 3.1108e+01  14 1.00000e+00  
 86.4 3.1170e+01  14 1.00000e+00  
 86.5 3.1198e+01  14 1.00000e+00  
 86.6 3.1233e+01  14 1.00000e+00  
 86.7 3.1270e+01  14 1.00000e+00  
 86.8 3.1306e+01  14 1.00000e+00  
 86.9 3.1323e+01  14 1.00000e+00  
 87.0 3.1369e+01  14 1.00000e+00  
 87.1 3.1405e+01  14 1.00000e+00  
 87.2 3.1444e+01  14 1.00000e+00  
 87.3 3.1557e+01  14 1.00000e+00  
 87.4 3.1623e+01  14 1.00000e+00  
 87.5 3.1682e+01  14 1.00000e+00  
 87.6 3.1737e+01  14 1.00000e+00  
 87.7 3.1814e+01  14 1.00000e+00  
 87.8 3.1857e+01  14 1.00000e+00  
 87.9 3.1921e+01  14 1.00000e+00  
 88.0 3.1946e+01  14 1.00000e+00  
 88.1 3.1981e+01  14 1.00000e+00  
 88.2 3.2070e+01  14 1.00000e+00  
 88.3 3.2106e+01  14 1.00000e+00  
 88.4 3.2167e+01  14 1.00000e+00  
 88.5 3.2218e+01  14 1.00000e+00  
 88.6 3.2261e+01  14 1.00000e+00  
 88.7 3.2289e+01  14 1.00000e+00  
 88.8 3.2358e+01  14 1.00000e+00  
 88.9 3.2398e+01  14 1.00000e+00  
 89.0 3.2435e+01  14 1.00000e+00  
 89.1 3.2483e+01  14 1.00000e+00  
 89.2 3.2529e+01  14 1.00000e+00  
 89.3 3.2548e+01  14 1.00000e+00  
 89.4 3.2597e+01  14 1.00000e+00  
 89.5 3.2706e+01  14 1.00000e+00  
 89.6 3.2738e+01  14 1.00000e+00  
 89.7 3.2776e+01  14 1.00000e+00  
 89.8 3.2813e+01  14 1.00000e+00  
 89.9 3.2850e+01  14 1.00000e+00  
 90.0 3.2888e+01  14 1.00000e+00  
 90.1 3.2924e+01  14 1.00000e+00  
 90.2 3.2959e+01  14 1.00000e+00  
 90.3 3.2986e+01  14 1.00000e+00  
 90.4 3.3031e+01  14 1.00000e+00  
 90.5 3.3048e+01  14 1.00000e+00  
 90.6 3.3098e+01  14 1.00000e+00  
 90.7 3.3138e+01  14 1.00000e+00  
 90.8 3.3199e+01  14 1.00000e+00  
 90.9 3.3277e+01  14 1.00000e+00  
 91.0 3.3330e+01  14 1.00000e+00  
 91.1 3.3409e+01  14 1.00000e+00  
 91.2 3.3470e+01  14 1.00000e+00  
 91.3 3.3522e+01  14 1.00000e+00  
 91.4 3.3582e+01  14 1.00000e+00  
 91.5 3.3627e+01  14 1.00000e+00  
 91.6 3.3688e+01  14 1.00000e+00  
 91.7 3.3739e+01  14 1.00000e+00  
 91.8 3.3795e+01  14 1.00000e+00  
 91.9 3.3858e+01  14 1.00000e+00  
 92.0 3.3910e+01  14 1.00000e+00  
 92.1 3.3960e+01  14 1.00000e+00  
 92.2 3.4007e+01  14 1.00000e+00  
 92.3 3.4053e+01  14 1.00000e+00  
 92.4 3.4084e+01  14 1.00000e+00  
 92.5 3.4145e+01  14 1.00000e+00  
 92.6 3.4189e+01  14 1.00000e+00  
 92.7 3.4207e+01  14 1.00000e+00  
 92.8 3.4276e+01  14 1.00000e+00  
 92.9 3.4316e+01  14 1.00000e+00  
 93.0 3.4351e+01  14 1.00000e+00  
 93.1 3.4468e+01  14 1.00000e+00  
 93.2 3.4499e+01  14 1.00000e+00  
 93.3 3.4537e+01  14 1.00000e+00  
 93.4 3.4576e+01  14 1.00000e+00  
 93.5 3.4612e+01  14 1.00000e+00  
 93.6 3.4628e+01  14 1.00000e+00  
 93.7 3.4681e+01  14 1.00000e+00  
 93.8 3.4725e+01  14 1.00000e+00  
 93.9 3.4763e+01  14 1.00000e+00  
 94.0 3.4793e+01  14 1.00000e+00  
 94.1 3.4836e+01  14 1.00000e+00  
 94.2 3.4864e+01  14 1.00000e+00  
 94.3 3.4905e+01  14 1.00000e+00  
 94.4 3.4941e+01  14 1.00000e+00  
 94.5 3.4991e+01  14 1.00000e+00  
 94.6 3.5049e+01  14 1.00000e+00  
 94.7 3.5135e+01  14 1.00000e+00  
 94.8 3.5202e+01  14 1.00000e+00  
 94.9 3.5259e+01  14 1.00000e+00  
 95.0 3.5317e+01  14 1.00000e+00  
 95.1 3.5387e+01  14 1.00000e+00  
 95.2 3.5419e+01  14 1.00000e+00  
 95.3 3.5500e+01  14 1.00000e+00  
 95.4 3.5555e+01  14 1.00000e+00  
 95.5 3.5581e+01  14 1.00000e+00  
 95.6 3.5647e+01  14 1.00000e+00  
 95.7 3.5728e+01  14 1.00000e+00  
 95.8 3.5780e+01  14 1.00000e+00  
 95.9 3.5830e+01  14 1.00000e+00  
 96.0 3.5881e+01  14 1.00000e+00  
 96.1 3.5931e+01  14 1.00000e+00  
 96.2 3.5980e+01  14 1.00000e+00  
 96.3 3.6023e+01  14 1.00000e+00  
 96.4 3.6054e+01  14 1.00000e+00  
 96.5 3.6117e+01  14 1.00000e+00  
 96.6 3.6161e+01  14 1.00000e+00  
 96.7 3.6179e+01  14 1.00000e+00  
 96.8 3.6249e+01  14 1.00000e+00  
 96.9 3.6270e+01  14 1.00000e+00  
 97.0 3.6330e+01  14 1.00000e+00  
 97.1 3.6435e+01  14 1.00000e+00  
 97.2 3.6477e+01  14 1.00000e+00  
 97.3 3.6519e+01  14 1.00000e+00  
 97.4 3.6542e+01  14 1.00000e+00  
 97.5 3.6582e+01  14 1.00000e+00  
 97.6 3.6637e+01  14 1.00000e+00  
 97.7 3.6675e+01  14 1.00000e+00  
 97.8 3.6698e+01  14 1.00000e+00  
 97.9 3.6754e+01  14 1.00000e+00  
 98.0 3.6765e+01  14 1.00000e+00  
 98.1 3.6829e+01  14 1.00000e+00  
 98.2 3.6859e+01  14 1.00000e+00  
 98.3 3.6892e+01  14 1.00000e+00  
 98.4 3.6938e+01  14 1.00000e+00  
 98.5 3.6972e+01  14 1.00000e+00  
 98.6 3.7036e+01  14 1.00000e+00  
 98.7 3.7085e+01  14 1.00000e+00  
 98.8 3.7183e+01  14 1.00000e+00  
 98.9 3.7237e+01  14 1.00000e+00  
 99.0 3.7314e+01  14 1.00000e+00  
 99.1 3.7376e+01  14 1.00000e+00  
 99.2 3.7437e+01  14 1.00000e+00  
 99.3 3.7497e+01  14 1.00000e+00  
 99.4 3.7556e+01  14 1.00000e+00  
 99.5 3.7588e+01  14 1.00000e+00  
 99.6 3.7664e+01  14 1.00000e+00  
 99.7 3.7722e+01  14 1.00000e+00  
 99.8 3.7775e+01  14 1.00000e+00  
 99.9 3.7844e+01  14 1.00000e+00  
100.0 3.7896e+01  14 1.00000e+00  
100.1 3.7936e+01  14 1.00000e+00  
100.2 3.7986e+01  14 1.00000e+00  
100.3 3.8045e+01  14 1.00000e+00  
100.4 3.8102e+01  14 1.00000e+00  
100.5 3.8151e+01  14 1.00000e+00  
100.6 3.8198e+01  14 1.00000e+00  
100.7 3.8224e+01  14 1.00000e+00  
100.8 3.8289e+01  14 1.00000e+00  
100.9 3.8334e+01  14 1.00000e+00  
101.0 3.8355e+01  14 1.00000e+00  
101.1 3.8424e+01  14 1.00000e+00  
101.2 3.8447e+01  14 1.00000e+00  
101.3 3.8566e+01  14 1.00000e+00  
101.4 3.8606e+01  14 1.00000e+00  
101.5 3.8662e+01  14 1.00000e+00  
101.6 3.8702e+01  14 1.00000e+00  
101.7 3.8738e+01  14 1.00000e+00  
101.8 3.8786e+01  14 1.00000e+00  
101.9 3.8799e+01  14 1.00000e+00  
102.0 3.8867e+01  14 1.00000e+00  
102.1 3.8902e+01  14 1.00000e+00  
102.2 3.8947e+01  14 1.00000e+00  
102.3 3.8962e+01  14 1.00000e+00  
102.4 3.9026e+01  14 1.00000e+00  
102.5 3.9060e+01  14 1.00000e+00  
102.6 3.9080e+01  14 1.00000e+00  
102.7 3.9140e+01  14 1.00000e+00  
102.8 3.9178e+01  14 1.00000e+00  
102.9 3.9211e+01  14 1.00000e+00  
103.0 3.9270e+01  14 1.00000e+00  
103.1 3.9349e+01  14 1.00000e+00  
103.2 3.9412e+01  14 1.00000e+00  
103.3 3.9494e+01  14 1.00000e+00  
103.4 3.9545e+01  14 1.00000e+00  
103.5 3.9628e+01  14 1.00000e+00  
103.6 3.9669e+01  14 1.00000e+00  
103.7 3.9754e+01  14 1.00000e+00  
103.8 3.9810e+01  14 1.00000e+00  
103.9 3.9862e+01  14 1.00000e+00  
104.0 3.9930e+01  14 1.00000e+00  
104.1 3.9986e+01  14 1.00000e+00  
104.2 4.0040e+01  14 1.00000e+00  
104.3 4.0092e+01  14 1.00000e+00  
104.4 4.0145e+01  14 1.00000e+00  
104.5 4.0195e+01  14 1.00000e+00  
104.6 4.0255e+01  14 1.00000e+00  
104.7 4.0310e+01  14 1.00000e+00  
104.8 4.0359e+01  14 1.00000e+00  
104.9 4.0410e+01  14 1.00000e+00  
105.0 4.0480e+01  14 1.00000e+00  
105.1 4.0533e+01  14 1.00000e+00  
105.2 4.0584e+01  14 1.00000e+00  
105.3 4.0631e+01  14 1.00000e+00  
105.4 4.0659e+01  14 1.00000e+00  
105.5 4.0725e+01  14 1.00000e+00  
105.6 4.0773e+01  14 1.00000e+00  
105.7 4.0799e+01  14 1.00000e+00  
105.8 4.0862e+01  14 1.00000e+00  
105.9 4.0891e+01  14 1.00000e+00  
106.0 4.1025e+01  14 1.00000e+00  
106.1 4.1059e+01  14 1.00000e+00  
106.2 4.1108e+01  14 1.00000e+00  
106.3 4.1141e+01  14 1.00000e+00  
106.4 4.1192e+01  14 1.00000e+00  
106.5 4.1228e+01  14 1.00000e+00  
106.6 4.1277e+01  14 1.00000e+00  
106.7 4.1295e+01  14 1.00000e+00  
106.8 4.1363e+01  14 1.00000e+00  
106.9 4.1393e+01  14 1.00000e+00  
107.0 4.1442e+01  14 1.00000e+00  
107.1 4.1486e+01  14 1.00000e+00  
107.2 4.1519e+01  14 1.00000e+00  
107.3 4.1547e+01  14 1.00000e+00  
107.4 4.1605e+01  14 1.00000e+00  
107.5 4.1646e+01  14 1.00000e+00  
107.6 4.1683e+01  14 1.00000e+00  
107.7 4.1752e+01  14 1.00000e+00  
107.8 4.1844e+01  14 1.00000e+00  
107.9 4.1920e+01  14 1.00000e+00  
108.0 4.1979e+01  14 1.00000e+00  
108.1 4.2067e+01  14 1.00000e+00  
108.2 4.2132e+01  14 1.00000e+00  
108.3 4.2197e+01  14 1.00000e+00  
108.4 4.2268e+01  14 1.00000e+00  
108.5 4.2315e+01  14 1.00000e+00  
108.6 4.2387e+01  14 1.00000e+00  
108.7 4.2454e+01  14 1.00000e+00  
108.8 4.2512e+01  14 1.00000e+00  
108.9 4.2560e+01  14 1.00000e+00  
109.0 4.2609e+01  14 1.00000e+00  
109.1 4.2676e+01  14 1.00000e+00  
109.2 4.2736e+01  14 1.00000e+00  
109.3 4.2809e+01  14 1.00000e+00  
109.4 4.2865e+01  14 1.00000e+00  
109.5 4.2923e+01  14 1.00000e+00  
109.6 4.2978e+01  14 1.00000e+00  
109.7 4.3032e+01  14 1.00000e+00  
109.8 4.3083e+01  14 1.00000e+00  
109.9 4.3132e+01  14 1.00000e+00  
110.0 4.3184e+01  14 1.00000e+00  
110.1 4.3224e+01  14 1.00000e+00  
110.2 4.3291e+01  14 1.00000e+00  
110.3 4.3345e+01  14 1.00000e+00  
110.4 4.3396e+01  14 1.00000e+00  
110.5 4.3436e+01  14 1.00000e+00  
110.6 4.3466e+01  14 1.00000e+00  
110.7 4.3539e+01  14 1.00000e+00  
110.8 4.3587e+01  14 1.00000e+00  
110.9 4.3621e+01  14 1.00000e+00  
111.0 4.3763e+01  14 1.00000e+00  
111.1 4.3803e+01  14 1.00000e+00  
111.2 4.3850e+01  14 1.00000e+00  
111.3 4.3883e+01  14 1.00000e+00  
111.4 4.3938e+01  14 1.00000e+00  
111.5 4.3964e+01  14 1.00000e+00  
111.6 4.4026e+01  14 1.00000e+00  
111.7 4.4065e+01  14 1.00000e+00  
111.8 4.4104e+01  14 1.00000e+00  
111.9 4.4161e+01  14 1.00000e+00  
112.0 4.4199e+01  14 1.00000e+00  
112.1 4.4236e+01  14 1.00000e+00  
112.2 4.3629e+01  14 1.00000e+00  
112.3 4.3774e+01  14 1.00000e+00  
112.4 4.3828e+01  14 1.00000e+00  
112.5 4.3854e+01  14 1.00000e+00  
112.6 4.3911e+01  14 1.00000e+00  
112.7 4.3952e+01  14 1.00000e+00  
112.8 4.3344e+01  14 1.00000e+00  
112.9 4.3394e+01  14 1.00000e+00  
113.0 4.3434e+01  14 1.00000e+00  
113.1 4.3464e+01  14 1.00000e+00  
113.2 4.3533e+01  14 1.00000e+00  
113.3 4.3581e+01  14 1.00000e+00  
113.4 4.3003e+01  14 1.00000e+00  
113.5 4.3054e+01  14 1.00000e+00  
113.6 4.3102e+01  14 1.00000e+00  
113.7 4.3154e+01  14 1.00000e+00  
113.8 4.3198e+01  14 1.00000e+00  
113.9 4.3233e+01  14 1.00000e+00  
114.0 3.6557e+01  14 1.00000e+00  
114.1 3.6585e+01  14 1.00000e+00  
114.2 3.6628e+01  14 1.00000e+00  
114.3 3.6637e+01  14 1.00000e+00  
114.4 3.6694e+01  14 1.00000e+00  
114.5 3.6699e+01  14 1.00000e+00  
114.6 3.6761e+01  14 1.00000e+00  
114.7 3.6767e+01  14 1.00000e+00  
114.8 3.6826e+01  14 1.00000e+00  
114.9 3.6854e+01  14 1.00000e+00  
115.0 3.6861e+01  14 1.00000e+00  
115.1 3.6918e+01  14 1.00000e+00  
115.2 3.6951e+01  14 1.00000e+00  
115.3 3.6978e+01  14 1.00000e+00  
115.4 3.7040e+01  14 1.00000e+00  
115.5 3.7081e+01  14 1.00000e+00  
115.6 3.6642e+01  14 1.00000e+00  
115.7 3.6694e+01  14 1.00000e+00  
115.8 3.6709e+01  14 1.00000e+00  
115.9 3.6761e+01  14 1.00000e+00  
116.0 3.6764e+01  14 1.00000e+00  
116.1 3.6824e+01  14 1.00000e+00  
116.2 3.6853e+01  14 1.00000e+00  
116.3 3.6861e+01  14 1.00000e+00  
116.4 3.6917e+01  14 1.00000e+00  
116.5 3.6948e+01  14 1.00000e+00  
116.6 3.6976e+01  14 1.00000e+00  
116.7 3.7032e+01  14 1.00000e+00  
116.8 3.7078e+01  14 1.00000e+00  
116.9 3.7155e+01  14 1.00000e+00  
117.0 3.7200e+01  14 1.00000e+00  
117.1 3.7273e+01  14 1.00000e+00  
117.2 3.7326e+01  14 1.00000e+00  
117.3 3.7379e+01  14 1.00000e+00  
117.4 3.7430e+01  14 1.00000e+00  
117.5 3.7474e+01  14 1.00000e+00  
117.6 3.6862e+01  14 1.00000e+00  
117.7 3.6910e+01  14 1.00000e+00  
117.8 3.6941e+01  14 1.00000e+00  
117.9 3.6969e+01  14 1.00000e+00  
118.0 3.7014e+01  14 1.00000e+00  
118.1 3.7077e+01  14 1.00000e+00  
118.2 3.7138e+01  14 1.00000e+00  
118.3 3.7200e+01  14 1.00000e+00  
118.4 3.7248e+01  14 1.00000e+00  
118.5 3.7310e+01  14 1.00000e+00  
118.6 3.7353e+01  14 1.00000e+00  
118.7 3.7414e+01  14 1.00000e+00  
118.8 3.6841e+01  14 1.00000e+00  
118.9 3.6860e+01  14 1.00000e+00  
119.0 3.6884e+01  14 1.00000e+00  
119.1 3.6929e+01  14 1.00000e+00  
119.2 3.6958e+01  14 1.00000e+00  
119.3 3.6984e+01  14 1.00000e+00  
119.4 3.7056e+01  14 1.00000e+00  
119.5 3.7096e+01  14 1.00000e+00  
119.6 3.7176e+01  14 1.00000e+00  
119.7 3.7211e+01  14 1.00000e+00  
119.8 3.7286e+01  14 1.00000e+00  
119.9 3.7323e+01  14 1.00000e+00  
120.0 3.6767e+01  14 1.00000e+00  
120.1 3.6824e+01  14 1.00000e+00  
120.2 3.6852e+01  14 1.00000e+00  
120.3 3.6861e+01  14 1.00000e+00  
120.4 3.6912e+01  14 1.00000e+00  
120.5 3.6942e+01  14 1.00000e+00  
120.6 3.6969e+01  14 1.00000e+00  
120.7 3.7017e+01  14 1.00000e+00  
120.8 3.7078e+01  14 1.00000e+00  
120.9 3.6639e+01  14 1.00000e+00  
121.0 3.6682e+01  14 1.00000e+00  
121.1 3.6699e+01  14 1.00000e+00  
121.2 3.6743e+01  14 1.00000e+00  
121.3 3.6769e+01  14 1.00000e+00  
121.4 3.6786e+01  14 1.00000e+00  
121.5 3.6839e+01  14 1.00000e+00  
121.6 3.6859e+01  14 1.00000e+00  
121.7 3.6876e+01  14 1.00000e+00  
121.8 3.6925e+01  14 1.00000e+00  
121.9 3.6954e+01  14 1.00000e+00  
122.0 3.6565e+01  14 1.00000e+00  
122.1 3.6580e+01  14 1.00000e+00  
122.2 3.6632e+01  14 1.00000e+00  
122.3 3.6642e+01  14 1.00000e+00  
122.4 3.6693e+01  14 1.00000e+00  
122.5 3.6701e+01  14 1.00000e+00  
122.6 3.6755e+01  14 1.00000e+00  
122.7 3.6768e+01  14 1.00000e+00  
122.8 3.6816e+01  14 1.00000e+00  
122.9 3.6846e+01  14 1.00000e+00  
123.0 3.6861e+01  14 1.00000e+00  
123.1 3.6899e+01  14 1.00000e+00  
123.2 3.6936e+01  14 1.00000e+00  
123.3 3.6529e+01  14 1.00000e+00  
123.4 3.6576e+01  14 1.00000e+00  
123.5 3.6582e+01  14 1.00000e+00  
123.6 3.6636e+01  14 1.00000e+00  
123.7 3.6642e+01  14 1.00000e+00  
123.8 4.6272e+01  14 1.00000e+00  
123.9 4.6311e+01  14 1.00000e+00  
124.0 4.6351e+01  14 1.00000e+00  
124.1 4.6424e+01  14 1.00000e+00  
124.2 4.6475e+01  14 1.00000e+00  
124.3 4.6522e+01  14 1.00000e+00  
124.4 4.5879e+01  14 1.00000e+00  
124.5 4.5932e+01  14 1.00000e+00  
124.6 4.5984e+01  14 1.00000e+00  
124.7 4.6036e+01  14 1.00000e+00  
124.8 4.6086e+01  14 1.00000e+00  
124.9 4.6136e+01  14 1.00000e+00  
125.0 4.5413e+01  14 1.00000e+00  
125.1 4.5482e+01  14 1.00000e+00  
125.2 4.5543e+01  14 1.00000e+00  
125.3 4.5601e+01  14 1.00000e+00  
125.4 4.5656e+01  14 1.00000e+00  
125.5 4.5708e+01  14 1.00000e+00  
125.6 4.4998e+01  14 1.00000e+00  
125.7 4.5049e+01  14 1.00000e+00  
125.8 4.5078e+01  14 1.00000e+00  
125.9 4.5148e+01  14 1.00000e+00  
126.0 4.5196e+01  14 1.00000e+00  
126.1 4.5259e+01  14 1.00000e+00  
126.2 4.4526e+01  14 1.00000e+00  
126.3 4.4561e+01  14 1.00000e+00  
126.4 4.4593e+01  14 1.00000e+00  
126.5 4.4643e+01  14 1.00000e+00  
126.6 4.4722e+01  14 1.00000e+00  
126.7 4.4789e+01  14 1.00000e+00  
126.8 4.4203e+01  14 1.00000e+00  
126.9 4.4244e+01  14 1.00000e+00  
127.0 4.4290e+01  14 1.00000e+00  
127.1 4.4327e+01  14 1.00000e+00  
127.2 4.4359e+01  14 1.00000e+00  
127.3 4.4377e+01  14 1.00000e+00  
127.4 4.3869e+01  14 1.00000e+00  
127.5 4.3928e+01  14 1.00000e+00  
127.6 4.3961e+01  14 1.00000e+00  
127.7 4.4001e+01  14 1.00000e+00  
127.8 4.4045e+01  14 1.00000e+00  
127.9 4.4075e+01  14 1.00000e+00  
128.0 4.4117e+01  14 1.00000e+00  
128.1 4.3513e+01  14 1.00000e+00  
128.2 4.3559e+01  14 1.00000e+00  
128.3 4.3596e+01  14 1.00000e+00  
128.4 4.3622e+01  14 1.00000e+00  
128.5 4.3762e+01  14 1.00000e+00  
128.6 4.3779e+01  14 1.00000e+00  
128.7 4.3150e+01  14 1.00000e+00  
128.8 4.3190e+01  14 1.00000e+00  
128.9 4.3223e+01  14 1.00000e+00  
129.0 4.3275e+01  14 1.00000e+00  
129.1 4.3328e+01  14 1.00000e+00  
129.2 4.3373e+01  14 1.00000e+00  
129.3 3.6635e+01  14 1.00000e+00  
129.4 3.6637e+01  14 1.00000e+00  
129.5 3.6693e+01  14 1.00000e+00  
129.6 3.6697e+01  14 1.00000e+00  
129.7 3.6751e+01  14 1.00000e+00  
129.8 3.6770e+01  14 1.00000e+00  
129.9 3.6804e+01  14 1.00000e+00  
130.0 3.6838e+01  14 1.00000e+00  
130.1 3.6858e+01  14 1.00000e+00  
130.2 3.6868e+01  14 1.00000e+00  
130.3 3.6918e+01  14 1.00000e+00  
130.4 3.6946e+01  14 1.00000e+00  
130.5 3.6975e+01  14 1.00000e+00  
130.6 3.7024e+01  14 1.00000e+00  
130.7 3.6616e+01  14 1.00000e+00  
130.8 3.6640e+01  14 1.00000e+00  
130.9 3.6673e+01  14 1.00000e+00  
131.0 3.6700e+01  14 1.00000e+00  
131.1 3.6733e+01  14 1.00000e+00  
131.2 3.6764e+01  14 1.00000e+00  
131.3 3.6766e+01  14 1.00000e+00  
131.4 3.6821e+01  14 1.00000e+00  
131.5 3.6848e+01  14 1.00000e+00  
131.6 3.6862e+01  14 1.00000e+00  
131.7 3.6903e+01  14 1.00000e+00  
131.8 3.6934e+01  14 1.00000e+00  
131.9 3.6960e+01  14 1.00000e+00  
132.0 3.6983e+01  14 1.00000e+00  
132.1 3.7050e+01  14 1.00000e+00  
132.2 3.7081e+01  14 1.00000e+00  
132.3 3.7158e+01  14 1.00000e+00  
132.4 3.7207e+01  14 1.00000e+00  
132.5 3.7258e+01  14 1.00000e+00  
132.6 3.7310e+01  14 1.00000e+00  
132.7 3.7354e+01  14 1.00000e+00  
132.8 3.7409e+01  14 1.00000e+00  
132.9 3.7434e+01  14 1.00000e+00  
133.0 3.6855e+01  14 1.00000e+00  
133.1 3.6861e+01  14 1.00000e+00  
133.2 3.6912e+01  14 1.00000e+00  
133.3 3.6943e+01  14 1.00000e+00  
133.4 3.6967e+01  14 1.00000e+00  
133.5 3.7000e+01  14 1.00000e+00  
133.6 3.7058e+01  14 1.00000e+00  
133.7 3.7096e+01  14 1.00000e+00  
133.8 3.7176e+01  14 1.00000e+00  
133.9 3.7211e+01  14 1.00000e+00  
134.0 3.7272e+01  14 1.00000e+00  
134.1 3.7319e+01  14 1.00000e+00  
134.2 3.7359e+01  14 1.00000e+00  
134.3 3.7412e+01  14 1.00000e+00  
134.4 3.6839e+01  14 1.00000e+00  
134.5 3.6858e+01  14 1.00000e+00  
134.6 3.6866e+01  14 1.00000e+00  
134.7 3.6916e+01  14 1.00000e+00  
134.8 3.6943e+01  14 1.00000e+00  
134.9 3.6970e+01  14 1.00000e+00  
135.0 3.7007e+01  14 1.00000e+00  
135.1 3.7067e+01  14 1.00000e+00  
135.2 3.7104e+01  14 1.00000e+00  
135.3 3.7173e+01  14 1.00000e+00  
135.4 3.7216e+01  14 1.00000e+00  
135.5 3.7275e+01  14 1.00000e+00  
135.6 3.7320e+01  14 1.00000e+00  
135.7 3.6770e+01  14 1.00000e+00  
135.8 3.6795e+01  14 1.00000e+00  
135.9 3.6835e+01  14 1.00000e+00  
136.0 3.6856e+01  14 1.00000e+00  
136.1 3.6862e+01  14 1.00000e+00  
136.2 3.6914e+01  14 1.00000e+00  
136.3 3.6941e+01  14 1.00000e+00  
136.4 3.6967e+01  14 1.00000e+00  
136.5 3.6998e+01  14 1.00000e+00  
136.6 3.7061e+01  14 1.00000e+00  
136.7 3.6635e+01  14 1.00000e+00  
136.8 3.6637e+01  14 1.00000e+00  
136.9 3.6690e+01  14 1.00000e+00  
137.0 3.6696e+01  14 1.00000e+00  
137.1 3.6745e+01  14 1.00000e+00  
137.2 3.6769e+01  14 1.00000e+00  
137.3 3.6778e+01  14 1.00000e+00  
137.4 3.6828e+01  14 1.00000e+00  
137.5 3.6852e+01  14 1.00000e+00  
137.6 3.6862e+01  14 1.00000e+00  
137.7 3.6904e+01  14 1.00000e+00  
137.8 3.6935e+01  14 1.00000e+00  
137.9 3.6532e+01  14 1.00000e+00  
138.0 3.6566e+01  14 1.00000e+00  
138.1 3.6585e+01  14 1.00000e+00  
138.2 3.6621e+01  14 1.00000e+00  
138.3 3.6640e+01  14 1.00000e+00  
138.4 3.6678e+01  14 1.00000e+00  
138.5 3.6700e+01  14 1.00000e+00  
138.6 3.6719e+01  14 1.00000e+00  
138.7 3.6760e+01  14 1.00000e+00  
138.8 3.6768e+01  14 1.00000e+00  
138.9 4.6400e+01  14 1.00000e+00  
139.0 4.6437e+01  14 1.00000e+00  
139.1 4.6473e+01  14 1.00000e+00  
139.2 4.6506e+01  14 1.00000e+00  
139.3 4.6535e+01  14 1.00000e+00  
139.4 4.6562e+01  14 1.00000e+00  
139.5 4.6041e+01  14 1.00000e+00  
139.6 4.6086e+01  14 1.00000e+00  
139.7 4.6131e+01  14 1.00000e+00  
139.8 4.6174e+01  14 1.00000e+00  
139.9 4.6215e+01  14 1.00000e+00  
140.0 4.6253e+01  14 1.00000e+00  
140.1 4.5571e+01  14 1.00000e+00  
140.2 4.5621e+01  14 1.00000e+00  
140.3 4.5669e+01  14 1.00000e+00  
140.4 4.5715e+01  14 1.00000e+00  
140.5 4.5761e+01  14 1.00000e+00  
140.6 4.5807e+01  14 1.00000e+00  
140.7 4.5076e+01  14 1.00000e+00  
140.8 4.5140e+01  14 1.00000e+00  
140.9 4.5189e+01  14 1.00000e+00  
141.0 4.5230e+01  14 1.00000e+00  
141.1 4.5294e+01  14 1.00000e+00  
141.2 4.5355e+01  14 1.00000e+00  
141.3 4.5401e+01  14 1.00000e+00  
141.4 4.4604e+01  14 1.00000e+00  
141.5 4.4666e+01  14 1.00000e+00  
141.6 4.4734e+01  14 1.00000e+00  
141.7 4.4801e+01  14 1.00000e+00  
141.8 4.4848e+01  14 1.00000e+00  
141.9 4.4922e+01  14 1.00000e+00  
142.0 4.4285e+01  14 1.00000e+00  
142.1 4.4320e+01  14 1.00000e+00  
142.2 4.4349e+01  14 1.00000e+00  
142.3 4.4373e+01  14 1.00000e+00  
142.4 4.4415e+01  14 1.00000e+00  
142.5 4.4457e+01  14 1.00000e+00  
142.6 4.3942e+01  14 1.00000e+00  
142.7 4.3964e+01  14 1.00000e+00  
142.8 4.4015e+01  14 1.00000e+00  
142.9 4.4052e+01  14 1.00000e+00  
143.0 4.4076e+01  14 1.00000e+00  
143.1 4.4116e+01  14 1.00000e+00  
143.2 4.4156e+01  14 1.00000e+00  
143.3 4.3554e+01  14 1.00000e+00  
143.4 4.3589e+01  14 1.00000e+00  
143.5 4.3617e+01  14 1.00000e+00  
143.6 4.3642e+01  14 1.00000e+00  
143.7 4.3773e+01  14 1.00000e+00  
143.8 4.3816e+01  14 1.00000e+00  
143.9 4.3166e+01  14 1.00000e+00  
144.0 4.3200e+01  14 1.00000e+00  
144.1 4.3227e+01  14 1.00000e+00  
144.2 4.3280e+01  14 1.00000e+00  
144.3 4.3332e+01  14 1.00000e+00  
144.4 4.3372e+01  14 1.00000e+00  
144.5 4.3408e+01  14 1.00000e+00  
144.6 3.6633e+01  14 1.00000e+00  
144.7 3.6684e+01  14 1.00000e+00  
144.8 3.6699e+01  14 1.00000e+00  
144.9 3.6738e+01  14 1.00000e+00  
145.0 3.6764e+01  14 1.00000e+00  
145.1 3.6766e+01  14 1.00000e+00  
145.2 3.6816e+01  14 1.00000e+00  
145.3 3.6842e+01  14 1.00000e+00  
145.4 3.6860e+01  14 1.00000e+00  
145.5 3.6875e+01  14 1.00000e+00  
145.6 3.6917e+01  14 1.00000e+00  
145.7 3.6942e+01  14 1.00000e+00  
145.8 3.6965e+01  14 1.00000e+00  
145.9 3.7002e+01  14 1.00000e+00  
146.0 3.6579e+01  14 1.00000e+00  
146.1 3.6630e+01  14 1.00000e+00  
146.2 3.6636e+01  14 1.00000e+00  
146.3 3.6681e+01  14 1.00000e+00  
146.4 3.6700e+01  14 1.00000e+00  
146.5 3.6736e+01  14 1.00000e+00  
146.6 3.6762e+01  14 1.00000e+00  
146.7 3.6768e+01  14 1.00000e+00  
146.8 3.6810e+01  14 1.00000e+00  
146.9 3.6837e+01  14 1.00000e+00  
147.0 3.6858e+01  14 1.00000e+00  
147.1 3.6862e+01  14 1.00000e+00  
147.2 3.6912e+01  14 1.00000e+00  
147.3 3.6939e+01  14 1.00000e+00  
147.4 3.6962e+01  14 1.00000e+00  
147.5 3.6982e+01  14 1.00000e+00  
147.6 3.7042e+01  14 1.00000e+00  
147.7 3.7081e+01  14 1.00000e+00  
147.8 3.7133e+01  14 1.00000e+00  
147.9 3.7186e+01  14 1.00000e+00  
148.0 3.7209e+01  14 1.00000e+00  
148.1 3.7278e+01  14 1.00000e+00  
148.2 3.7312e+01  14 1.00000e+00  
148.3 3.7361e+01  14 1.00000e+00  
148.4 3.7409e+01  14 1.00000e+00  
148.5 3.7432e+01  14 1.00000e+00  
148.6 3.7486e+01  14 1.00000e+00  
148.7 3.6862e+01  14 1.00000e+00  
148.8 3.6901e+01  14 1.00000e+00  
148.9 3.6928e+01  14 1.00000e+00  
149.0 3.6952e+01  14 1.00000e+00  
149.1 3.6973e+01  14 1.00000e+00  
149.2 3.7009e+01  14 1.00000e+00  
149.3 3.7064e+01  14 1.00000e+00  
149.4 3.7100e+01  14 1.00000e+00  
149.5 3.7166e+01  14 1.00000e+00  
149.6 3.7209e+01  14 1.00000e+00  
149.7 3.7245e+01  14 1.00000e+00  
149.8 3.7298e+01  14 1.00000e+00  
149.9 3.7317e+01  14 1.00000e+00  
150.0 3.7389e+01  14 1.00000e+00  
