 15.1 1.4591e+00  13 4.50358e-02  
 15.2 1.4666e+00  13 4.53862e-02  
 15.3 1.4741e+00  13 4.57326e-02  
 15.4 1.4816e+00  13 4.60747e-02  
 15.5 1.4891e+00  13 4.64126e-02  
 15.6 1.4966e+00  13 4.66932e-02  
 15.7 1.5041e+00  13 4.70222e-02  
 15.8 1.5116e+00  13 4.73473e-02  
 15.9 1.5191e+00  13 4.76685e-02  
 16.0 1.5266e+00  13 4.79859e-02  
 16.1 1.5341e+00  13 4.82995e-02  
 16.2 1.5416e+00  13 4.86096e-02  
 16.3 1.5491e+00  13 4.89160e-02  
 16.4 1.5566e+00  13 4.92189e-02  
 16.5 1.5641e+00  13 4.95184e-02  
 16.6 1.5716e+00  13 4.98145e-02  
 16.7 1.5791e+00  13 5.01071e-02  
 16.8 1.5865e+00  13 5.03965e-02  
 16.9 1.5940e+00  13 5.06827e-02  
 17.0 1.6015e+00  13 5.09657e-02  
 17.1 1.6090e+00  13 5.12456e-02  
 17.2 1.6165e+00  13 5.15224e-02  
 17.3 1.6239e+00  13 5.17963e-02  
 17.4 1.6314e+00  13 5.20671e-02  
 17.5 1.6389e+00  13 5.23351e-02  
 17.6 1.6463e+00  13 5.26001e-02  
 17.7 1.6538e+00  13 5.28623e-02  
 17.8 1.6613e+00  13 5.31218e-02  
 17.9 1.6687e+00  13 5.33785e-02  
 18.0 1.6762e+00  13 5.36325e-02  
 18.1 1.6839e+00  13 5.39038e-02  
 18.2 1.6960e+00  13 5.45086e-02  
 18.3 1.7082e+00  13 5.51151e-02  
 18.4 1.7205e+00  13 5.57233e-02  
 18.5 1.7329e+00  13 5.63333e-02  
 18.6 1.7453e+00  13 5.69451e-02  
 18.7 1.7579e+00  13 5.75588e-02  
 18.8 1.7705e+00  13 5.81744e-02  
 18.9 1.7833e+00  13 5.87919e-02  
 19.0 1.7962e+00  13 5.94115e-02  
 19.1 1.8091e+00  13 6.00332e-02  
 19.2 1.8222e+00  13 6.06570e-02  
 19.3 1.8353e+00  13 6.11892e-02  
 19.4 1.8485e+00  13 6.18157e-02  
 19.5 1.8619e+00  13 6.24446e-02  
 19.6 1.8753e+00  13 6.30757e-02  
 19.7 1.8889e+00  13 6.37092e-02  
 19.8 1.9025e+00  13 6.43451e-02  
 19.9 1.9163e+00  13 6.49833e-02  
 20.0 1.7488e+01  14 1.00000e+00  
 20.1 1.7572e+01  14 1.00000e+00  
 20.2 1.7656e+01  14 1.00000e+00  
 20.3 1.7739e+01  14 1.00000e+00  
 20.4 1.7823e+01  14 1.00000e+00  
 20.5 1.7906e+01  14 1.00000e+00  
 20.6 1.7990e+01  14 1.00000e+00  
 20.7 1.8073e+01  14 1.00000e+00  
 20.8 1.8157e+01  14 1.00000e+00  
 20.9 1.8240e+01  14 1.00000e+00  
 21.0 1.8324e+01  14 1.00000e+00  
 21.1 1.8407e+01  14 1.00000e+00  
 21.2 1.8490e+01  14 1.00000e+00  
 21.3 1.8573e+01  14 1.00000e+00  
 21.4 1.8656e+01  14 1.00000e+00  
 21.5 1.8740e+01  14 1.00000e+00  
 21.6 1.8823e+01  14 1.00000e+00  
 21.7 1.8906e+01  14 1.00000e+00  
 21.8 1.8989e+01  14 1.00000e+00  
 21.9 1.9072e+01  14 1.00000e+00  
 22.0 1.9155e+01  14 1.00000e+00  
 22.1 1.9237e+01  14 1.00000e+00  
 22.2 1.9320e+01  14 1.00000e+00  
 22.3 1.9403e+01  14 1.00000e+00  
 22.4 1.9486e+01  14 1.00000e+00  
 22.5 1.9568e+01  14 1.00000e+00  
 22.6 1.9651e+01  14 1.00000e+00  
 22.7 1.9734e+01  14 1.00000e+00  
 22.8 1.9816e+01  14 1.00000e+00  
 22.9 5.6049e+00  14 2.47642e-01  
 23.0 5.7221e+00  14 2.52716e-01  
 23.1 5.8410e+00  14 2.57831e-01  
 23.2 5.9615e+00  14 2.62987e-01  
 23.3 6.0836e+00  14 2.68184e-01  
 23.4 6.2073e+00  14 2.73421e-01  
 23.5 6.3327e+00  14 2.78698e-01  
 23.6 6.4596e+00  14 2.84016e-01  
 23.7 6.5883e+00  14 2.89373e-01  
 23.8 6.7186e+00  14 2.94770e-01  
 23.9 6.8505e+00  14 3.00207e-01  
 24.0 6.9841e+00  14 3.05682e-01  
 24.1 7.1194e+00  14 3.11197e-01  
 24.2 7.2564e+00  14 3.16751e-01  
 24.3 7.3950e+00  14 3.22344e-01  
 24.4 7.5353e+00  14 3.27975e-01  
 24.5 7.6773e+00  14 3.33645e-01  
 24.6 7.8210e+00  14 3.39354e-01  
 24.7 7.9664e+00  14 3.45100e-01  
 24.8 8.1135e+00  14 3.50885e-01  
 24.9 8.2623e+00  14 3.56708e-01  
 25.0 8.4128e+00  14 3.62568e-01  
 25.1 8.5651e+00  14 3.68466e-01  
 25.2 8.7191e+00  14 3.74402e-01  
 25.3 8.8748e+00  14 3.80376e-01  
 25.4 9.0323e+00  14 3.86386e-01  
 25.5 9.1915e+00  14 3.92434e-01  
 25.6 9.3524e+00  14 3.98519e-01  
 25.7 9.5152e+00  14 4.04641e-01  
 25.8 9.6796e+00  14 4.10800e-01  
 25.9 9.8459e+00  14 4.16996e-01  
 26.0 1.0014e+01  14 4.23229e-01  
 26.1 1.0184e+01  14 4.29498e-01  
 26.2 1.0355e+01  14 4.35804e-01  
 26.3 1.0529e+01  14 4.42146e-01  
 26.4 1.0704e+01  14 4.48525e-01  
 26.5 1.0881e+01  14 4.54940e-01  
 26.6 1.1060e+01  14 4.61391e-01  
 26.7 1.1240e+01  14 4.67879e-01  
 26.8 1.1423e+01  14 4.74403e-01  
 26.9 1.1607e+01  14 4.80965e-01  
 27.0 1.1773e+01  14 4.87890e-01  
 27.1 1.1960e+01  14 4.94522e-01  
 27.2 1.2149e+01  14 5.01187e-01  
 27.3 1.2340e+01  14 5.07888e-01  
 27.4 1.2533e+01  14 5.14624e-01  
 27.5 1.2727e+01  14 5.21396e-01  
 27.6 1.2924e+01  14 5.28204e-01  
 27.7 1.3122e+01  14 5.35047e-01  
 27.8 1.3322e+01  14 5.41925e-01  
 27.9 1.3524e+01  14 5.48843e-01  
 28.0 1.3701e+01  14 5.56076e-01  
 28.1 1.3906e+01  14 5.63056e-01  
 28.2 1.4113e+01  14 5.70071e-01  
 28.3 1.4321e+01  14 5.77123e-01  
 28.4 1.4532e+01  14 5.84208e-01  
 28.5 1.4745e+01  14 5.91328e-01  
 28.6 1.4959e+01  14 5.98484e-01  
 28.7 1.5175e+01  14 6.05679e-01  
 28.8 1.5393e+01  14 6.12906e-01  
 28.9 1.5579e+01  14 6.20410e-01  
 29.0 1.5800e+01  14 6.27702e-01  
 29.1 1.6023e+01  14 6.35028e-01  
 29.2 1.6248e+01  14 6.42389e-01  
 29.3 1.6475e+01  14 6.49785e-01  
 29.4 1.6704e+01  14 6.57214e-01  
 29.5 1.6934e+01  14 6.64683e-01  
 29.6 1.7167e+01  14 6.72185e-01  
 29.7 1.7401e+01  14 6.79721e-01  
 29.8 1.7637e+01  14 6.87292e-01  
 29.9 1.7834e+01  14 6.95092e-01  
 30.0 1.8073e+01  14 7.02726e-01  
 30.1 1.8314e+01  14 7.10396e-01  
 30.2 1.8558e+01  14 7.18099e-01  
 30.3 1.8803e+01  14 7.25838e-01  
 30.4 1.9050e+01  14 7.33613e-01  
 30.5 1.9299e+01  14 7.41422e-01  
 30.6 1.9550e+01  14 7.49266e-01  
 30.7 1.9803e+01  14 7.57144e-01  
 30.8 2.0058e+01  14 7.65056e-01  
 30.9 2.0263e+01  14 7.73149e-01  
 31.0 2.0521e+01  14 7.81125e-01  
 31.1 2.0781e+01  14 7.89135e-01  
 31.2 2.1043e+01  14 7.97180e-01  
 31.3 2.1306e+01  14 8.05263e-01  
 31.4 2.1572e+01  14 8.13378e-01  
 31.5 2.1840e+01  14 8.21528e-01  
 31.6 2.2109e+01  14 8.29712e-01  
 31.7 2.2381e+01  14 8.37931e-01  
 31.8 2.2655e+01  14 8.46185e-01  
 31.9 2.2868e+01  14 8.54567e-01  
 32.0 2.3145e+01  14 8.62884e-01  
 32.1 2.3424e+01  14 8.71236e-01  
 32.2 2.3704e+01  14 8.79624e-01  
 32.3 2.3986e+01  14 8.88046e-01  
 32.4 2.4271e+01  14 8.96503e-01  
 32.5 2.4558e+01  14 9.04994e-01  
 32.6 2.4847e+01  14 9.13520e-01  
 32.7 2.5137e+01  14 9.22081e-01  
 32.8 2.5430e+01  14 9.30676e-01  
 32.9 2.5649e+01  14 9.39346e-01  
 33.0 2.5945e+01  14 9.48005e-01  
 33.1 2.6243e+01  14 9.56700e-01  
 33.2 2.6542e+01  14 9.65429e-01  
 33.3 2.6844e+01  14 9.74193e-01  
 33.4 2.7148e+01  14 9.82992e-01  
 33.5 2.7453e+01  14 9.91826e-01  
 33.6 2.7743e+01  14 1.00000e+00  
 33.7 2.7813e+01  14 1.00000e+00  
 33.8 2.7883e+01  14 1.00000e+00  
 33.9 2.7865e+01  14 1.00000e+00  
 34.0 2.7935e+01  14 1.00000e+00  
 34.1 2.8004e+01  14 1.00000e+00  
 34.2 2.8073e+01  14 1.00000e+00  
 34.3 2.8142e+01  14 1.00000e+00  
 34.4 2.8211e+01  14 1.00000e+00  
 34.5 2.8280e+01  14 1.00000e+00  
 34.6 2.8348e+01  14 1.00000e+00  
 34.7 2.8284e+01  14 1.00000e+00  
 34.8 2.8353e+01  14 1.00000e+00  
 34.9 2.8327e+01  14 1.00000e+00  
 35.0 2.8395e+01  14 1.00000e+00  
 35.1 2.8463e+01  14 1.00000e+00  
 35.2 2.8386e+01  14 1.00000e+00  
 35.3 2.8453e+01  14 1.00000e+00  
 35.4 2.8521e+01  14 1.00000e+00  
 35.5 2.8589e+01  14 1.00000e+00  
 35.6 2.8509e+01  14 1.00000e+00  
 35.7 2.8577e+01  14 1.00000e+00  
 35.8 2.8644e+01  14 1.00000e+00  
 35.9 2.8609e+01  14 1.00000e+00  
 36.0 2.8676e+01  14 1.00000e+00  
 36.1 2.7987e+01  14 1.00000e+00  
 36.2 2.6672e+01  14 1.00000e+00  
 36.3 2.4064e+01  14 1.00000e+00  
 36.4 2.2227e+01  14 1.00000e+00  
 36.5 1.9625e+01  14 1.00000e+00  
 36.6 1.8334e+01  14 1.00000e+00  
 36.7 1.5750e+01  14 1.00000e+00  
 36.8 1.4472e+01  14 1.00000e+00  
 36.9 1.3638e+01  14 1.00000e+00  
 37.0 1.3581e+01  14 1.00000e+00  
 37.1 1.3551e+01  14 1.00000e+00  
 37.2 1.3526e+01  14 1.00000e+00  
 37.3 1.3477e+01  14 1.00000e+00  
 37.4 1.3463e+01  14 1.00000e+00  
 37.5 1.3424e+01  14 1.00000e+00  
 37.6 1.3390e+01  14 1.00000e+00  
 37.7 1.3422e+01  14 1.00000e+00  
 37.8 1.3318e+01  14 1.00000e+00  
 37.9 1.3362e+01  14 1.00000e+00  
 38.0 1.3406e+01  14 1.00000e+00  
 38.1 1.3414e+01  14 1.00000e+00  
 38.2 1.3448e+01  14 1.00000e+00  
 38.3 1.3491e+01  14 1.00000e+00  
 38.4 1.3535e+01  14 1.00000e+00  
 38.5 1.3579e+01  14 1.00000e+00  
 38.6 1.3639e+01  14 1.00000e+00  
 38.7 1.3619e+01  14 1.00000e+00  
 38.8 1.3664e+01  14 1.00000e+00  
 38.9 1.3708e+01  14 1.00000e+00  
 39.0 1.3752e+01  14 1.00000e+00  
 39.1 1.3811e+01  14 1.00000e+00  
 39.2 1.3869e+01  14 1.00000e+00  
 39.3 1.3837e+01  14 1.00000e+00  
 39.4 1.3881e+01  14 1.00000e+00  
 39.5 1.3928e+01  14 1.00000e+00  
 39.6 1.3988e+01  14 1.00000e+00  
 39.7 1.4041e+01  14 1.00000e+00  
 39.8 1.4142e+01  14 1.00000e+00  
 39.9 1.4055e+01  14 1.00000e+00  
 40.0 1.4108e+01  14 1.00000e+00  
 40.1 1.4166e+01  14 1.00000e+00  
 40.2 1.4278e+01  14 1.00000e+00  
 40.3 1.4315e+01  14 1.00000e+00  
 40.4 1.4351e+01  14 1.00000e+00  
 40.5 1.4289e+01  14 1.00000e+00  
 40.6 1.4344e+01  14 1.00000e+00  
 40.7 1.4450e+01  14 1.00000e+00  
 40.8 1.4488e+01  14 1.00000e+00  
 40.9 1.4523e+01  14 1.00000e+00  
 41.0 1.4558e+01  14 1.00000e+00  
 41.1 1.4586e+01  14 1.00000e+00  
 41.2 1.4623e+01  14 1.00000e+00  
 41.3 1.4660e+01  14 1.00000e+00  
 41.4 1.4694e+01  14 1.00000e+00  
 41.5 1.4730e+01  14 1.00000e+00  
 41.6 1.4759e+01  14 1.00000e+00  
 41.7 1.4795e+01  14 1.00000e+00  
 41.8 1.4831e+01  14 1.00000e+00  
 41.9 1.4866e+01  14 1.00000e+00  
 42.0 1.4901e+01  14 1.00000e+00  
 42.1 1.4936e+01  14 1.00000e+00  
 42.2 1.4967e+01  14 1.00000e+00  
 42.3 1.5002e+01  14 1.00000e+00  
 42.4 1.5037e+01  14 1.00000e+00  
 42.5 1.5072e+01  14 1.00000e+00  
 42.6 1.5103e+01  14 1.00000e+00  
 42.7 1.5138e+01  14 1.00000e+00  
 42.8 1.5173e+01  14 1.00000e+00  
 42.9 1.5208e+01  14 1.00000e+00  
 43.0 1.5243e+01  14 1.00000e+00  
 43.1 1.5274e+01  14 1.00000e+00  
 43.2 1.5309e+01  14 1.00000e+00  
 43.3 1.5344e+01  14 1.00000e+00  
 43.4 1.5379e+01  14 1.00000e+00  
 43.5 1.5409e+01  14 1.00000e+00  
 43.6 1.5444e+01  14 1.00000e+00  
 43.7 1.5479e+01  14 1.00000e+00  
 43.8 1.5510e+01  14 1.00000e+00  
 43.9 1.5545e+01  14 1.00000e+00  
 44.0 1.5580e+01  14 1.00000e+00  
 44.1 1.5608e+01  14 1.00000e+00  
 44.2 1.5645e+01  14 1.00000e+00  
 44.3 1.5680e+01  14 1.00000e+00  
 44.4 1.5609e+01  14 1.00000e+00  
 44.5 1.5743e+01  14 1.00000e+00  
 44.6 1.5640e+01  14 1.00000e+00  
 44.7 1.5685e+01  14 1.00000e+00  
 44.8 1.5683e+01  14 1.00000e+00  
 44.9 1.5710e+01  14 1.00000e+00  
 45.0 1.5737e+01  14 1.00000e+00  
 45.1 1.5599e+01  14 1.00000e+00  
 45.2 1.5633e+01  14 1.00000e+00  
 45.3 1.5667e+01  14 1.00000e+00  
 45.4 1.5700e+01  14 1.00000e+00  
 45.5 1.5730e+01  14 1.00000e+00  
 45.6 1.5917e+01  14 1.00000e+00  
 45.7 1.5953e+01  14 1.00000e+00  
 45.8 1.5989e+01  14 1.00000e+00  
 45.9 1.6025e+01  14 1.00000e+00  
 46.0 1.6063e+01  14 1.00000e+00  
 46.1 1.6096e+01  14 1.00000e+00  
 46.2 1.6129e+01  14 1.00000e+00  
 46.3 1.6164e+01  14 1.00000e+00  
 46.4 1.6198e+01  14 1.00000e+00  
 46.5 1.6232e+01  14 1.00000e+00  
 46.6 1.6265e+01  14 1.00000e+00  
 46.7 1.6299e+01  14 1.00000e+00  
 46.8 1.6332e+01  14 1.00000e+00  
 46.9 1.6365e+01  14 1.00000e+00  
 47.0 1.6407e+01  14 1.00000e+00  
 47.1 1.6452e+01  14 1.00000e+00  
 47.2 1.6629e+01  14 1.00000e+00  
 47.3 1.6667e+01  14 1.00000e+00  
 47.4 1.6703e+01  14 1.00000e+00  
 47.5 1.6741e+01  14 1.00000e+00  
 47.6 1.6774e+01  14 1.00000e+00  
 47.7 1.6809e+01  14 1.00000e+00  
 47.8 1.6843e+01  14 1.00000e+00  
 47.9 1.6877e+01  14 1.00000e+00  
 48.0 1.6912e+01  14 1.00000e+00  
 48.1 1.6934e+01  14 1.00000e+00  
 48.2 1.6968e+01  14 1.00000e+00  
 48.3 1.7001e+01  14 1.00000e+00  
 48.4 1.7043e+01  14 1.00000e+00  
 48.5 1.7089e+01  14 1.00000e+00  
 48.6 1.7135e+01  14 1.00000e+00  
 48.7 1.7181e+01  14 1.00000e+00  
 48.8 1.7346e+01  14 1.00000e+00  
 48.9 1.7383e+01  14 1.00000e+00  
 49.0 1.7421e+01  14 1.00000e+00  
 49.1 1.7455e+01  14 1.00000e+00  
 49.2 1.7490e+01  14 1.00000e+00  
 49.3 1.7525e+01  14 1.00000e+00  
 49.4 1.7559e+01  14 1.00000e+00  
 49.5 1.7594e+01  14 1.00000e+00  
 49.6 1.7628e+01  14 1.00000e+00  
 49.7 1.7662e+01  14 1.00000e+00  
 49.8 1.7695e+01  14 1.00000e+00  
 49.9 1.7729e+01  14 1.00000e+00  
 50.0 1.7774e+01  14 1.00000e+00  
 50.1 1.7820e+01  14 1.00000e+00  
 50.2 1.7866e+01  14 1.00000e+00  
 50.3 1.7913e+01  14 1.00000e+00  
 50.4 1.7973e+01  14 1.00000e+00  
 50.5 1.8120e+01  14 1.00000e+00  
 50.6 1.8160e+01  14 1.00000e+00  
 50.7 1.8196e+01  14 1.00000e+00  
 50.8 1.8230e+01  14 1.00000e+00  
 50.9 1.8266e+01  14 1.00000e+00  
 51.0 1.8301e+01  14 1.00000e+00  
 51.1 1.8336e+01  14 1.00000e+00  
 51.2 1.8360e+01  14 1.00000e+00  
 51.3 1.8394e+01  14 1.00000e+00  
 51.4 1.8428e+01  14 1.00000e+00  
 51.5 1.8463e+01  14 1.00000e+00  
 51.6 1.8508e+01  14 1.00000e+00  
 51.7 1.8555e+01  14 1.00000e+00  
 51.8 1.8601e+01  14 1.00000e+00  
 51.9 1.8647e+01  14 1.00000e+00  
 52.0 1.8694e+01  14 1.00000e+00  
 52.1 1.8771e+01  14 1.00000e+00  
 52.2 1.8835e+01  14 1.00000e+00  
 52.3 1.8940e+01  14 1.00000e+00  
 52.4 1.8977e+01  14 1.00000e+00  
 52.5 1.9012e+01  14 1.00000e+00  
 52.6 1.9048e+01  14 1.00000e+00  
 52.7 1.9083e+01  14 1.00000e+00  
 52.8 1.9119e+01  14 1.00000e+00  
 52.9 1.9154e+01  14 1.00000e+00  
 53.0 1.9188e+01  14 1.00000e+00  
 53.1 1.9223e+01  14 1.00000e+00  
 53.2 1.9257e+01  14 1.00000e+00  
 53.3 1.9293e+01  14 1.00000e+00  
 53.4 1.9339e+01  14 1.00000e+00  
 53.5 1.9386e+01  14 1.00000e+00  
 53.6 1.9432e+01  14 1.00000e+00  
 53.7 1.9509e+01  14 1.00000e+00  
 53.8 1.9567e+01  14 1.00000e+00  
 53.9 1.9620e+01  14 1.00000e+00  
 54.0 1.9669e+01  14 1.00000e+00  
 54.1 1.9781e+01  14 1.00000e+00  
 54.2 1.9821e+01  14 1.00000e+00  
 54.3 1.9856e+01  14 1.00000e+00  
 54.4 1.9883e+01  14 1.00000e+00  
 54.5 1.9919e+01  14 1.00000e+00  
 54.6 1.9955e+01  14 1.00000e+00  
 54.7 1.9990e+01  14 1.00000e+00  
 54.8 2.0025e+01  14 1.00000e+00  
 54.9 2.0060e+01  14 1.00000e+00  
 55.0 2.0092e+01  14 1.00000e+00  
 55.1 2.0128e+01  14 1.00000e+00  
 55.2 2.0173e+01  14 1.00000e+00  
 55.3 2.0220e+01  14 1.00000e+00  
 55.4 2.0267e+01  14 1.00000e+00  
 55.5 2.0333e+01  14 1.00000e+00  
 55.6 2.0394e+01  14 1.00000e+00  
 55.7 2.0450e+01  14 1.00000e+00  
 55.8 2.0503e+01  14 1.00000e+00  
 55.9 2.0552e+01  14 1.00000e+00  
 56.0 2.0669e+01  14 1.00000e+00  
 56.1 2.0708e+01  14 1.00000e+00  
 56.2 2.0744e+01  14 1.00000e+00  
 56.3 2.0780e+01  14 1.00000e+00  
 56.4 2.0816e+01  14 1.00000e+00  
 56.5 2.0853e+01  14 1.00000e+00  
 56.6 2.0888e+01  14 1.00000e+00  
 56.7 2.0924e+01  14 1.00000e+00  
 56.8 2.0960e+01  14 1.00000e+00  
 56.9 2.0995e+01  14 1.00000e+00  
 57.0 2.1029e+01  14 1.00000e+00  
 57.1 2.1063e+01  14 1.00000e+00  
 57.2 2.1105e+01  14 1.00000e+00  
 57.3 2.1152e+01  14 1.00000e+00  
 57.4 2.1199e+01  14 1.00000e+00  
 57.5 2.1246e+01  14 1.00000e+00  
 57.6 2.1307e+01  14 1.00000e+00  
 57.7 2.1365e+01  14 1.00000e+00  
 57.8 2.1426e+01  14 1.00000e+00  
 57.9 2.1474e+01  14 1.00000e+00  
 58.0 2.1529e+01  14 1.00000e+00  
 58.1 2.1576e+01  14 1.00000e+00  
 58.2 2.1623e+01  14 1.00000e+00  
 58.3 2.1672e+01  14 1.00000e+00  
 58.4 2.1718e+01  14 1.00000e+00  
 58.5 2.1765e+01  14 1.00000e+00  
 58.6 2.1881e+01  14 1.00000e+00  
 58.7 2.1934e+01  14 1.00000e+00  
 58.8 2.1961e+01  14 1.00000e+00  
 58.9 2.2017e+01  14 1.00000e+00  
 59.0 2.2070e+01  14 1.00000e+00  
 59.1 2.2096e+01  14 1.00000e+00  
 59.2 2.2154e+01  14 1.00000e+00  
 59.3 2.2209e+01  14 1.00000e+00  
 59.4 2.2233e+01  14 1.00000e+00  
 59.5 2.2292e+01  14 1.00000e+00  
 59.6 2.2351e+01  14 1.00000e+00  
 59.7 2.2370e+01  14 1.00000e+00  
 59.8 2.2429e+01  14 1.00000e+00  
 59.9 2.2489e+01  14 1.00000e+00  
 60.0 2.2552e+01  14 1.00000e+00  
 60.1 2.2569e+01  14 1.00000e+00  
 60.2 2.2632e+01  14 1.00000e+00  
 60.3 2.2693e+01  14 1.00000e+00  
 60.4 2.2707e+01  14 1.00000e+00  
 60.5 2.2771e+01  14 1.00000e+00  
 60.6 2.2833e+01  14 1.00000e+00  
 60.7 2.2793e+01  14 1.00000e+00  
 60.8 2.2907e+01  14 1.00000e+00  
 60.9 2.2975e+01  14 1.00000e+00  
 61.0 2.2934e+01  14 1.00000e+00  
 61.1 2.2973e+01  14 1.00000e+00  
 61.2 2.3109e+01  14 1.00000e+00  
 61.3 2.3074e+01  14 1.00000e+00  
 61.4 2.3117e+01  14 1.00000e+00  
 61.5 2.3146e+01  14 1.00000e+00  
 61.6 2.3311e+01  14 1.00000e+00  
 61.7 2.3260e+01  14 1.00000e+00  
 61.8 2.3296e+01  14 1.00000e+00  
 61.9 2.3308e+01  14 1.00000e+00  
 62.0 2.3402e+01  14 1.00000e+00  
 62.1 2.3443e+01  14 1.00000e+00  
 62.2 2.3469e+01  14 1.00000e+00  
 62.3 2.3496e+01  14 1.00000e+00  
 62.4 2.3589e+01  14 1.00000e+00  
 62.5 2.3631e+01  14 1.00000e+00  
 62.6 2.3657e+01  14 1.00000e+00  
 62.7 2.3684e+01  14 1.00000e+00  
 62.8 2.3730e+01  14 1.00000e+00  
 62.9 2.3817e+01  14 1.00000e+00  
 63.0 2.3838e+01  14 1.00000e+00  
 63.1 2.3872e+01  14 1.00000e+00  
 63.2 2.3919e+01  14 1.00000e+00  
 63.3 2.3965e+01  14 1.00000e+00  
 63.4 2.4027e+01  14 1.00000e+00  
 63.5 2.4057e+01  14 1.00000e+00  
 63.6 2.4100e+01  14 1.00000e+00  
 63.7 2.4145e+01  14 1.00000e+00  
 63.8 2.4224e+01  14 1.00000e+00  
 63.9 2.4233e+01  14 1.00000e+00  
 64.0 2.4277e+01  14 1.00000e+00  
 64.1 2.4326e+01  14 1.00000e+00  
 64.2 2.4404e+01  14 1.00000e+00  
 64.3 2.4481e+01  14 1.00000e+00  
 64.4 2.4453e+01  14 1.00000e+00  
 64.5 2.4505e+01  14 1.00000e+00  
 64.6 2.4583e+01  14 1.00000e+00  
 64.7 2.4657e+01  14 1.00000e+00  
 64.8 2.4729e+01  14 1.00000e+00  
 64.9 2.4803e+01  14 1.00000e+00  
 65.0 2.4752e+01  14 1.00000e+00  
 65.1 2.4827e+01  14 1.00000e+00  
 65.2 2.4899e+01  14 1.00000e+00  
 65.3 2.4971e+01  14 1.00000e+00  
 65.4 2.5042e+01  14 1.00000e+00  
 65.5 2.5091e+01  14 1.00000e+00  
 65.6 2.5059e+01  14 1.00000e+00  
 65.7 2.5133e+01  14 1.00000e+00  
 65.8 2.5203e+01  14 1.00000e+00  
 65.9 2.5281e+01  14 1.00000e+00  
 66.0 2.5216e+01  14 1.00000e+00  
 66.1 2.5236e+01  14 1.00000e+00  
 66.2 2.5363e+01  14 1.00000e+00  
 66.3 2.5434e+01  14 1.00000e+00  
 66.4 2.5398e+01  14 1.00000e+00  
 66.5 2.5440e+01  14 1.00000e+00  
 66.6 2.5470e+01  14 1.00000e+00  
 66.7 2.5476e+01  14 1.00000e+00  
 66.8 2.5669e+01  14 1.00000e+00  
 66.9 2.5719e+01  14 1.00000e+00  
 67.0 2.5668e+01  14 1.00000e+00  
 67.1 2.5701e+01  14 1.00000e+00  
 67.2 2.5699e+01  14 1.00000e+00  
 67.3 2.5743e+01  14 1.00000e+00  
 67.4 2.5787e+01  14 1.00000e+00  
 67.5 2.5893e+01  14 1.00000e+00  
 67.6 2.5937e+01  14 1.00000e+00  
 67.7 2.5962e+01  14 1.00000e+00  
 67.8 2.5968e+01  14 1.00000e+00  
 67.9 2.6012e+01  14 1.00000e+00  
 68.0 2.6056e+01  14 1.00000e+00  
 68.1 2.6125e+01  14 1.00000e+00  
 68.2 2.6191e+01  14 1.00000e+00  
 68.3 2.6235e+01  14 1.00000e+00  
 68.4 2.6237e+01  14 1.00000e+00  
 68.5 2.6281e+01  14 1.00000e+00  
 68.6 2.6326e+01  14 1.00000e+00  
 68.7 2.6391e+01  14 1.00000e+00  
 68.8 2.6466e+01  14 1.00000e+00  
 68.9 2.6541e+01  14 1.00000e+00  
 69.0 2.6509e+01  14 1.00000e+00  
 69.1 2.6552e+01  14 1.00000e+00  
 69.2 2.6596e+01  14 1.00000e+00  
 69.3 2.6646e+01  14 1.00000e+00  
 69.4 2.6722e+01  14 1.00000e+00  
 69.5 2.6795e+01  14 1.00000e+00  
 69.6 2.6870e+01  14 1.00000e+00  
 69.7 2.6939e+01  14 1.00000e+00  
 69.8 2.7007e+01  14 1.00000e+00  
 69.9 2.6912e+01  14 1.00000e+00  
 70.0 2.6963e+01  14 1.00000e+00  
 70.1 2.7040e+01  14 1.00000e+00  
 70.2 2.7112e+01  14 1.00000e+00  
 70.3 2.7182e+01  14 1.00000e+00  
 70.4 2.7254e+01  14 1.00000e+00  
 70.5 2.7322e+01  14 1.00000e+00  
 70.6 2.7392e+01  14 1.00000e+00  
 70.7 2.7349e+01  14 1.00000e+00  
 70.8 2.7340e+01  14 1.00000e+00  
 70.9 2.7415e+01  14 1.00000e+00  
 71.0 2.7486e+01  14 1.00000e+00  
 71.1 2.7549e+01  14 1.00000e+00  
 71.2 2.7617e+01  14 1.00000e+00  
 71.3 2.7686e+01  14 1.00000e+00  
 71.4 2.7753e+01  14 1.00000e+00  
 71.5 2.7714e+01  14 1.00000e+00  
 71.6 2.7759e+01  14 1.00000e+00  
 71.7 2.7788e+01  14 1.00000e+00  
 71.8 2.7838e+01  14 1.00000e+00  
 71.9 2.7907e+01  14 1.00000e+00  
 72.0 2.7977e+01  14 1.00000e+00  
 72.1 2.8043e+01  14 1.00000e+00  
 72.2 2.8113e+01  14 1.00000e+00  
 72.3 2.8079e+01  14 1.00000e+00  
 72.4 2.8129e+01  14 1.00000e+00  
 72.5 2.8171e+01  14 1.00000e+00  
 72.6 2.8198e+01  14 1.00000e+00  
 72.7 2.8263e+01  14 1.00000e+00  
 72.8 2.8316e+01  14 1.00000e+00  
 72.9 2.8386e+01  14 1.00000e+00  
 73.0 2.8455e+01  14 1.00000e+00  
 73.1 2.8517e+01  14 1.00000e+00  
 73.2 2.8588e+01  14 1.00000e+00  
 73.3 2.8545e+01  14 1.00000e+00  
 73.4 2.8590e+01  14 1.00000e+00  
 73.5 2.8624e+01  14 1.00000e+00  
 73.6 2.8625e+01  14 1.00000e+00  
 73.7 2.8644e+01  14 1.00000e+00  
 73.8 2.8777e+01  14 1.00000e+00  
 73.9 2.8849e+01  14 1.00000e+00  
 74.0 2.8916e+01  14 1.00000e+00  
 74.1 2.8980e+01  14 1.00000e+00  
 74.2 2.9048e+01  14 1.00000e+00  
 74.3 2.9007e+01  14 1.00000e+00  
 74.4 2.9053e+01  14 1.00000e+00  
 74.5 2.9095e+01  14 1.00000e+00  
 74.6 2.9126e+01  14 1.00000e+00  
 74.7 2.9127e+01  14 1.00000e+00  
 74.8 2.9148e+01  14 1.00000e+00  
 74.9 2.9193e+01  14 1.00000e+00  
 75.0 2.9356e+01  14 1.00000e+00  
 75.1 2.9423e+01  14 1.00000e+00  
 75.2 2.9488e+01  14 1.00000e+00  
 75.3 2.9555e+01  14 1.00000e+00  
 75.4 2.9516e+01  14 1.00000e+00  
 75.5 2.9566e+01  14 1.00000e+00  
 75.6 2.9609e+01  14 1.00000e+00  
 75.7 2.9647e+01  14 1.00000e+00  
 75.8 2.9660e+01  14 1.00000e+00  
 75.9 2.9688e+01  14 1.00000e+00  
 76.0 2.9705e+01  14 1.00000e+00  
 76.1 2.9747e+01  14 1.00000e+00  
 76.2 2.9793e+01  14 1.00000e+00  
 76.3 2.9970e+01  14 1.00000e+00  
 76.4 3.0033e+01  14 1.00000e+00  
 76.5 3.0094e+01  14 1.00000e+00  
 76.6 3.0163e+01  14 1.00000e+00  
 76.7 3.0122e+01  14 1.00000e+00  
 76.8 3.0175e+01  14 1.00000e+00  
 76.9 3.0219e+01  14 1.00000e+00  
 77.0 3.0260e+01  14 1.00000e+00  
 77.1 3.0268e+01  14 1.00000e+00  
 77.2 3.0303e+01  14 1.00000e+00  
 77.3 3.0325e+01  14 1.00000e+00  
 77.4 3.0350e+01  14 1.00000e+00  
 77.5 3.0396e+01  14 1.00000e+00  
 77.6 3.0531e+01  14 1.00000e+00  
 77.7 3.0624e+01  14 1.00000e+00  
 77.8 3.0686e+01  14 1.00000e+00  
 77.9 3.0751e+01  14 1.00000e+00  
 78.0 3.0816e+01  14 1.00000e+00  
 78.1 3.0778e+01  14 1.00000e+00  
 78.2 3.0828e+01  14 1.00000e+00  
 78.3 3.0877e+01  14 1.00000e+00  
 78.4 3.0923e+01  14 1.00000e+00  
 78.5 3.0962e+01  14 1.00000e+00  
 78.6 3.0972e+01  14 1.00000e+00  
 78.7 3.1010e+01  14 1.00000e+00  
 78.8 3.1036e+01  14 1.00000e+00  
 78.9 3.1056e+01  14 1.00000e+00  
 79.0 3.1111e+01  14 1.00000e+00  
 79.1 3.1325e+01  14 1.00000e+00  
 79.2 3.1313e+01  14 1.00000e+00  
 79.3 3.1376e+01  14 1.00000e+00  
 79.4 3.1438e+01  14 1.00000e+00  
 79.5 3.1499e+01  14 1.00000e+00  
 79.6 3.1560e+01  14 1.00000e+00  
 79.7 3.1528e+01  14 1.00000e+00  
 79.8 3.1583e+01  14 1.00000e+00  
 79.9 3.1636e+01  14 1.00000e+00  
 80.0 3.1683e+01  14 1.00000e+00  
 80.1 3.1725e+01  14 1.00000e+00  
 80.2 3.1766e+01  14 1.00000e+00  
 80.3 3.1783e+01  14 1.00000e+00  
 80.4 3.1817e+01  14 1.00000e+00  
 80.5 3.1852e+01  14 1.00000e+00  
 80.6 3.1876e+01  14 1.00000e+00  
 80.7 3.1998e+01  14 1.00000e+00  
 80.8 3.2028e+01  14 1.00000e+00  
 80.9 3.2091e+01  14 1.00000e+00  
 81.0 3.2147e+01  14 1.00000e+00  
 81.1 3.2209e+01  14 1.00000e+00  
 81.2 3.2268e+01  14 1.00000e+00  
 81.3 3.2332e+01  14 1.00000e+00  
 81.4 3.2393e+01  14 1.00000e+00  
 81.5 3.2450e+01  14 1.00000e+00  
 81.6 3.2515e+01  14 1.00000e+00  
 81.7 3.2480e+01  14 1.00000e+00  
 81.8 3.2536e+01  14 1.00000e+00  
 81.9 3.2585e+01  14 1.00000e+00  
 82.0 3.2634e+01  14 1.00000e+00  
 82.1 3.2679e+01  14 1.00000e+00  
 82.2 3.2725e+01  14 1.00000e+00  
 82.3 3.2766e+01  14 1.00000e+00  
 82.4 3.2782e+01  14 1.00000e+00  
 82.5 3.2819e+01  14 1.00000e+00  
 82.6 3.2916e+01  14 1.00000e+00  
 82.7 3.2884e+01  14 1.00000e+00  
 82.8 3.2948e+01  14 1.00000e+00  
 82.9 3.3007e+01  14 1.00000e+00  
 83.0 3.3068e+01  14 1.00000e+00  
 83.1 3.3128e+01  14 1.00000e+00  
 83.2 3.3188e+01  14 1.00000e+00  
 83.3 3.3251e+01  14 1.00000e+00  
 83.4 3.3309e+01  14 1.00000e+00  
 83.5 3.3365e+01  14 1.00000e+00  
 83.6 3.3424e+01  14 1.00000e+00  
 83.7 3.3486e+01  14 1.00000e+00  
 83.8 3.3548e+01  14 1.00000e+00  
 83.9 3.3605e+01  14 1.00000e+00  
 84.0 3.3666e+01  14 1.00000e+00  
 84.1 3.3633e+01  14 1.00000e+00  
 84.2 3.3685e+01  14 1.00000e+00  
 84.3 3.3736e+01  14 1.00000e+00  
 84.4 3.3783e+01  14 1.00000e+00  
 84.5 3.3832e+01  14 1.00000e+00  
 84.6 3.3910e+01  14 1.00000e+00  
 84.7 3.3832e+01  14 1.00000e+00  
 84.8 3.3860e+01  14 1.00000e+00  
 84.9 3.3889e+01  14 1.00000e+00  
 85.0 3.3937e+01  14 1.00000e+00  
 85.1 3.3989e+01  14 1.00000e+00  
 85.2 3.4047e+01  14 1.00000e+00  
 85.3 3.4111e+01  14 1.00000e+00  
 85.4 3.4174e+01  14 1.00000e+00  
 85.5 3.4236e+01  14 1.00000e+00  
 85.6 3.4294e+01  14 1.00000e+00  
 85.7 3.4356e+01  14 1.00000e+00  
 85.8 3.4413e+01  14 1.00000e+00  
 85.9 3.4472e+01  14 1.00000e+00  
 86.0 3.4531e+01  14 1.00000e+00  
 86.1 3.4588e+01  14 1.00000e+00  
 86.2 3.4649e+01  14 1.00000e+00  
 86.3 3.4707e+01  14 1.00000e+00  
 86.4 3.4764e+01  14 1.00000e+00  
 86.5 3.4815e+01  14 1.00000e+00  
 86.6 3.4837e+01  14 1.00000e+00  
 86.7 3.4764e+01  14 1.00000e+00  
 86.8 3.4948e+01  14 1.00000e+00  
 86.9 3.4999e+01  14 1.00000e+00  
 87.0 3.5046e+01  14 1.00000e+00  
 87.1 3.5094e+01  14 1.00000e+00  
 87.2 3.5144e+01  14 1.00000e+00  
 87.3 3.5190e+01  14 1.00000e+00  
 87.4 3.5233e+01  14 1.00000e+00  
 87.5 3.5257e+01  14 1.00000e+00  
 87.6 3.5306e+01  14 1.00000e+00  
 87.7 3.5346e+01  14 1.00000e+00  
 87.8 3.5393e+01  14 1.00000e+00  
 87.9 3.5432e+01  14 1.00000e+00  
 88.0 3.5475e+01  14 1.00000e+00  
 88.1 3.5509e+01  14 1.00000e+00  
 88.2 3.5550e+01  14 1.00000e+00  
 88.3 3.5585e+01  14 1.00000e+00  
 88.4 3.5614e+01  14 1.00000e+00  
 88.5 3.5641e+01  14 1.00000e+00  
 88.6 3.5675e+01  14 1.00000e+00  
 88.7 3.5724e+01  14 1.00000e+00  
 88.8 3.5779e+01  14 1.00000e+00  
 88.9 3.5838e+01  14 1.00000e+00  
 89.0 3.5898e+01  14 1.00000e+00  
 89.1 3.5959e+01  14 1.00000e+00  
 89.2 3.6019e+01  14 1.00000e+00  
 89.3 3.6067e+01  14 1.00000e+00  
 89.4 3.6074e+01  14 1.00000e+00  
 89.5 3.6265e+01  14 1.00000e+00  
 89.6 3.6314e+01  14 1.00000e+00  
 89.7 3.6369e+01  14 1.00000e+00  
 89.8 3.6425e+01  14 1.00000e+00  
 89.9 3.6480e+01  14 1.00000e+00  
 90.0 3.6535e+01  14 1.00000e+00  
 90.1 3.6590e+01  14 1.00000e+00  
 90.2 3.6645e+01  14 1.00000e+00  
 90.3 3.6700e+01  14 1.00000e+00  
 90.4 3.6756e+01  14 1.00000e+00  
 90.5 3.6812e+01  14 1.00000e+00  
 90.6 3.6873e+01  14 1.00000e+00  
 90.7 3.6918e+01  14 1.00000e+00  
 90.8 3.6889e+01  14 1.00000e+00  
 90.9 3.6941e+01  14 1.00000e+00  
 91.0 3.6995e+01  14 1.00000e+00  
 91.1 3.7046e+01  14 1.00000e+00  
 91.2 3.7102e+01  14 1.00000e+00  
 91.3 3.7149e+01  14 1.00000e+00  
 91.4 3.7201e+01  14 1.00000e+00  
 91.5 3.7255e+01  14 1.00000e+00  
 91.6 3.7299e+01  14 1.00000e+00  
 91.7 3.7343e+01  14 1.00000e+00  
 91.8 3.7246e+01  14 1.00000e+00  
 91.9 3.7402e+01  14 1.00000e+00  
 92.0 3.7471e+01  14 1.00000e+00  
 92.1 3.7522e+01  14 1.00000e+00  
 92.2 3.7569e+01  14 1.00000e+00  
 92.3 3.7611e+01  14 1.00000e+00  
 92.4 3.7659e+01  14 1.00000e+00  
 92.5 3.7709e+01  14 1.00000e+00  
 92.6 3.7750e+01  14 1.00000e+00  
 92.7 3.7796e+01  14 1.00000e+00  
 92.8 3.7841e+01  14 1.00000e+00  
 92.9 3.7877e+01  14 1.00000e+00  
 93.0 3.7929e+01  14 1.00000e+00  
 93.1 3.7969e+01  14 1.00000e+00  
 93.2 3.8008e+01  14 1.00000e+00  
 93.3 3.8054e+01  14 1.00000e+00  
 93.4 3.8095e+01  14 1.00000e+00  
 93.5 3.8134e+01  14 1.00000e+00  
 93.6 3.8172e+01  14 1.00000e+00  
 93.7 3.8210e+01  14 1.00000e+00  
 93.8 3.8247e+01  14 1.00000e+00  
 93.9 3.8285e+01  14 1.00000e+00  
 94.0 3.8331e+01  14 1.00000e+00  
 94.1 3.8383e+01  14 1.00000e+00  
 94.2 3.8438e+01  14 1.00000e+00  
 94.3 3.8495e+01  14 1.00000e+00  
 94.4 3.8551e+01  14 1.00000e+00  
 94.5 3.8608e+01  14 1.00000e+00  
 94.6 3.8666e+01  14 1.00000e+00  
 94.7 3.8711e+01  14 1.00000e+00  
 94.8 3.8762e+01  14 1.00000e+00  
 94.9 3.8814e+01  14 1.00000e+00  
 95.0 3.8865e+01  14 1.00000e+00  
 95.1 3.8916e+01  14 1.00000e+00  
 95.2 3.8967e+01  14 1.00000e+00  
 95.3 3.9018e+01  14 1.00000e+00  
 95.4 3.9097e+01  14 1.00000e+00  
 95.5 3.9191e+01  14 1.00000e+00  
 95.6 3.9219e+01  14 1.00000e+00  
 95.7 3.9315e+01  14 1.00000e+00  
 95.8 3.9344e+01  14 1.00000e+00  
 95.9 3.9375e+01  14 1.00000e+00  
 96.0 3.9406e+01  14 1.00000e+00  
 96.1 3.9504e+01  14 1.00000e+00  
 96.2 3.9538e+01  14 1.00000e+00  
 96.3 3.9609e+01  14 1.00000e+00  
 96.4 3.9698e+01  14 1.00000e+00  
 96.5 3.9788e+01  14 1.00000e+00  
 96.6 3.9877e+01  14 1.00000e+00  
 96.7 3.9966e+01  14 1.00000e+00  
 96.8 4.0056e+01  14 1.00000e+00  
 96.9 4.0145e+01  14 1.00000e+00  
 97.0 4.0235e+01  14 1.00000e+00  
 97.1 4.0324e+01  14 1.00000e+00  
 97.2 4.0414e+01  14 1.00000e+00  
 97.3 4.0503e+01  14 1.00000e+00  
 97.4 4.0593e+01  14 1.00000e+00  
 97.5 4.0682e+01  14 1.00000e+00  
 97.6 4.0772e+01  14 1.00000e+00  
 97.7 4.0862e+01  14 1.00000e+00  
 97.8 4.0951e+01  14 1.00000e+00  
 97.9 4.1041e+01  14 1.00000e+00  
 98.0 4.1131e+01  14 1.00000e+00  
 98.1 4.1221e+01  14 1.00000e+00  
 98.2 4.1311e+01  14 1.00000e+00  
 98.3 4.1400e+01  14 1.00000e+00  
 98.4 4.1490e+01  14 1.00000e+00  
 98.5 4.1580e+01  14 1.00000e+00  
 98.6 4.1670e+01  14 1.00000e+00  
 98.7 4.1760e+01  14 1.00000e+00  
 98.8 4.1850e+01  14 1.00000e+00  
 98.9 4.1934e+01  14 1.00000e+00  
 99.0 4.2024e+01  14 1.00000e+00  
 99.1 4.2114e+01  14 1.00000e+00  
 99.2 4.2205e+01  14 1.00000e+00  
 99.3 4.2295e+01  14 1.00000e+00  
 99.4 4.2385e+01  14 1.00000e+00  
 99.5 4.2475e+01  14 1.00000e+00  
 99.6 4.2565e+01  14 1.00000e+00  
 99.7 4.2656e+01  14 1.00000e+00  
 99.8 4.2746e+01  14 1.00000e+00  
 99.9 4.2836e+01  14 1.00000e+00  
100.0 4.2926e+01  14 1.00000e+00  
100.1 4.3017e+01  14 1.00000e+00  
100.2 4.3107e+01  14 1.00000e+00  
100.3 4.3197e+01  14 1.00000e+00  
100.4 4.3288e+01  14 1.00000e+00  
100.5 4.3378e+01  14 1.00000e+00  
100.6 4.3469e+01  14 1.00000e+00  
100.7 4.3559e+01  14 1.00000e+00  
100.8 4.3650e+01  14 1.00000e+00  
100.9 4.3740e+01  14 1.00000e+00  
101.0 4.3831e+01  14 1.00000e+00  
101.1 4.3921e+01  14 1.00000e+00  
101.2 4.4012e+01  14 1.00000e+00  
101.3 4.4103e+01  14 1.00000e+00  
101.4 4.4193e+01  14 1.00000e+00  
101.5 4.4284e+01  14 1.00000e+00  
101.6 4.4374e+01  14 1.00000e+00  
101.7 4.4465e+01  14 1.00000e+00  
101.8 4.4556e+01  14 1.00000e+00  
101.9 4.4646e+01  14 1.00000e+00  
102.0 4.4737e+01  14 1.00000e+00  
102.1 4.4828e+01  14 1.00000e+00  
102.2 4.4919e+01  14 1.00000e+00  
102.3 4.5009e+01  14 1.00000e+00  
102.4 4.5100e+01  14 1.00000e+00  
102.5 4.5191e+01  14 1.00000e+00  
102.6 4.5282e+01  14 1.00000e+00  
102.7 4.5373e+01  14 1.00000e+00  
102.8 4.5464e+01  14 1.00000e+00  
102.9 4.5554e+01  14 1.00000e+00  
103.0 4.5645e+01  14 1.00000e+00  
103.1 4.5736e+01  14 1.00000e+00  
103.2 4.5827e+01  14 1.00000e+00  
103.3 4.5918e+01  14 1.00000e+00  
103.4 4.6009e+01  14 1.00000e+00  
103.5 4.6100e+01  14 1.00000e+00  
103.6 4.6191e+01  14 1.00000e+00  
103.7 4.6282e+01  14 1.00000e+00  
103.8 4.6373e+01  14 1.00000e+00  
103.9 4.6464e+01  14 1.00000e+00  
104.0 4.6555e+01  14 1.00000e+00  
104.1 4.6646e+01  14 1.00000e+00  
104.2 4.6737e+01  14 1.00000e+00  
104.3 4.6828e+01  14 1.00000e+00  
104.4 4.6919e+01  14 1.00000e+00  
104.5 4.7010e+01  14 1.00000e+00  
104.6 4.7101e+01  14 1.00000e+00  
104.7 4.7192e+01  14 1.00000e+00  
104.8 4.7283e+01  14 1.00000e+00  
104.9 4.7374e+01  14 1.00000e+00  
105.0 4.7465e+01  14 1.00000e+00  
105.1 4.7557e+01  14 1.00000e+00  
105.2 4.7648e+01  14 1.00000e+00  
105.3 4.7739e+01  14 1.00000e+00  
105.4 4.7830e+01  14 1.00000e+00  
105.5 4.7921e+01  14 1.00000e+00  
105.6 4.8012e+01  14 1.00000e+00  
105.7 4.8104e+01  14 1.00000e+00  
105.8 4.8195e+01  14 1.00000e+00  
105.9 4.8281e+01  14 1.00000e+00  
106.0 4.8372e+01  14 1.00000e+00  
106.1 4.8463e+01  14 1.00000e+00  
106.2 4.8554e+01  14 1.00000e+00  
106.3 4.8646e+01  14 1.00000e+00  
106.4 4.8737e+01  14 1.00000e+00  
106.5 4.8828e+01  14 1.00000e+00  
106.6 4.8920e+01  14 1.00000e+00  
106.7 4.9011e+01  14 1.00000e+00  
106.8 4.9102e+01  14 1.00000e+00  
106.9 4.9193e+01  14 1.00000e+00  
107.0 4.9285e+01  14 1.00000e+00  
107.1 4.9376e+01  14 1.00000e+00  
107.2 4.9467e+01  14 1.00000e+00  
107.3 4.9559e+01  14 1.00000e+00  
107.4 4.9650e+01  14 1.00000e+00  
107.5 4.9741e+01  14 1.00000e+00  
107.6 4.9833e+01  14 1.00000e+00  
107.7 4.9924e+01  14 1.00000e+00  
107.8 5.0015e+01  14 1.00000e+00  
107.9 5.0107e+01  14 1.00000e+00  
108.0 5.0198e+01  14 1.00000e+00  
108.1 5.0290e+01  14 1.00000e+00  
108.2 5.0381e+01  14 1.00000e+00  
108.3 5.0472e+01  14 1.00000e+00  
108.4 5.0564e+01  14 1.00000e+00  
108.5 5.0655e+01  14 1.00000e+00  
108.6 5.0747e+01  14 1.00000e+00  
108.7 5.0838e+01  14 1.00000e+00  
108.8 5.0929e+01  14 1.00000e+00  
108.9 5.1021e+01  14 1.00000e+00  
109.0 5.1112e+01  14 1.00000e+00  
109.1 5.1204e+01  14 1.00000e+00  
109.2 5.1295e+01  14 1.00000e+00  
109.3 5.1387e+01  14 1.00000e+00  
109.4 5.1478e+01  14 1.00000e+00  
109.5 5.1569e+01  14 1.00000e+00  
109.6 5.1661e+01  14 1.00000e+00  
109.7 5.1752e+01  14 1.00000e+00  
109.8 5.1844e+01  14 1.00000e+00  
109.9 5.1935e+01  14 1.00000e+00  
110.0 5.2027e+01  14 1.00000e+00  
110.1 5.2118e+01  14 1.00000e+00  
110.2 5.2210e+01  14 1.00000e+00  
110.3 5.2301e+01  14 1.00000e+00  
110.4 5.2393e+01  14 1.00000e+00  
110.5 5.2484e+01  14 1.00000e+00  
110.6 5.2576e+01  14 1.00000e+00  
110.7 5.2667e+01  14 1.00000e+00  
110.8 5.2759e+01  14 1.00000e+00  
110.9 5.2850e+01  14 1.00000e+00  
111.0 5.2942e+01  14 1.00000e+00  
111.1 5.3033e+01  14 1.00000e+00  
111.2 5.3125e+01  14 1.00000e+00  
111.3 5.3216e+01  14 1.00000e+00  
111.4 5.3307e+01  14 1.00000e+00  
111.5 5.3399e+01  14 1.00000e+00  
111.6 5.3490e+01  14 1.00000e+00  
111.7 5.3582e+01  14 1.00000e+00  
111.8 5.3674e+01  14 1.00000e+00  
111.9 5.3765e+01  14 1.00000e+00  
112.0 5.3857e+01  14 1.00000e+00  
112.1 5.3948e+01  14 1.00000e+00  
112.2 5.4040e+01  14 1.00000e+00  
112.3 5.4131e+01  14 1.00000e+00  
112.4 5.4222e+01  14 1.00000e+00  
112.5 5.4314e+01  14 1.00000e+00  
112.6 5.4406e+01  14 1.00000e+00  
112.7 5.4497e+01  14 1.00000e+00  
112.8 5.4589e+01  14 1.00000e+00  
112.9 5.4680e+01  14 1.00000e+00  
113.0 5.4772e+01  14 1.00000e+00  
113.1 5.4863e+01  14 1.00000e+00  
113.2 5.4955e+01  14 1.00000e+00  
113.3 5.5046e+01  14 1.00000e+00  
113.4 5.5138e+01  14 1.00000e+00  
113.5 5.5229e+01  14 1.00000e+00  
113.6 5.5316e+01  14 1.00000e+00  
113.7 5.5407e+01  14 1.00000e+00  
113.8 5.5499e+01  14 1.00000e+00  
113.9 5.5590e+01  14 1.00000e+00  
114.0 5.5682e+01  14 1.00000e+00  
114.1 5.5773e+01  14 1.00000e+00  
114.2 5.5865e+01  14 1.00000e+00  
114.3 5.5956e+01  14 1.00000e+00  
114.4 5.6048e+01  14 1.00000e+00  
114.5 5.6139e+01  14 1.00000e+00  
114.6 5.6231e+01  14 1.00000e+00  
114.7 5.6322e+01  14 1.00000e+00  
114.8 5.6414e+01  14 1.00000e+00  
114.9 5.6505e+01  14 1.00000e+00  
115.0 5.6597e+01  14 1.00000e+00  
115.1 5.6688e+01  14 1.00000e+00  
115.2 5.6780e+01  14 1.00000e+00  
115.3 5.6871e+01  14 1.00000e+00  
115.4 5.6963e+01  14 1.00000e+00  
115.5 5.7054e+01  14 1.00000e+00  
115.6 5.7146e+01  14 1.00000e+00  
115.7 5.7237e+01  14 1.00000e+00  
115.8 5.7329e+01  14 1.00000e+00  
115.9 5.7420e+01  14 1.00000e+00  
116.0 5.7512e+01  14 1.00000e+00  
116.1 5.7603e+01  14 1.00000e+00  
116.2 5.7695e+01  14 1.00000e+00  
116.3 5.7786e+01  14 1.00000e+00  
116.4 5.7878e+01  14 1.00000e+00  
116.5 5.7969e+01  14 1.00000e+00  
116.6 5.8061e+01  14 1.00000e+00  
116.7 5.8152e+01  14 1.00000e+00  
116.8 5.8243e+01  14 1.00000e+00  
116.9 5.8335e+01  14 1.00000e+00  
117.0 5.8426e+01  14 1.00000e+00  
117.1 5.8518e+01  14 1.00000e+00  
117.2 5.8609e+01  14 1.00000e+00  
117.3 5.8701e+01  14 1.00000e+00  
117.4 5.8792e+01  14 1.00000e+00  
117.5 5.8883e+01  14 1.00000e+00  
117.6 5.8975e+01  14 1.00000e+00  
117.7 5.9066e+01  14 1.00000e+00  
117.8 5.9158e+01  14 1.00000e+00  
117.9 5.9249e+01  14 1.00000e+00  
118.0 5.9341e+01  14 1.00000e+00  
118.1 5.9432e+01  14 1.00000e+00  
118.2 5.9523e+01  14 1.00000e+00  
118.3 5.9615e+01  14 1.00000e+00  
118.4 5.9706e+01  14 1.00000e+00  
118.5 5.9797e+01  14 1.00000e+00  
118.6 5.9889e+01  14 1.00000e+00  
118.7 5.9980e+01  14 1.00000e+00  
118.8 6.0072e+01  14 1.00000e+00  
118.9 6.0163e+01  14 1.00000e+00  
119.0 6.0254e+01  14 1.00000e+00  
119.1 6.0346e+01  14 1.00000e+00  
119.2 6.0437e+01  14 1.00000e+00  
119.3 6.0528e+01  14 1.00000e+00  
119.4 6.0620e+01  14 1.00000e+00  
119.5 6.0711e+01  14 1.00000e+00  
119.6 6.0802e+01  14 1.00000e+00  
119.7 6.0894e+01  14 1.00000e+00  
119.8 6.0985e+01  14 1.00000e+00  
119.9 6.1076e+01  14 1.00000e+00  
120.0 6.1168e+01  14 1.00000e+00  
120.1 6.1259e+01  14 1.00000e+00  
120.2 6.1350e+01  14 1.00000e+00  
120.3 6.1442e+01  14 1.00000e+00  
120.4 6.1533e+01  14 1.00000e+00  
120.5 6.1624e+01  14 1.00000e+00  
120.6 6.1716e+01  14 1.00000e+00  
120.7 6.1807e+01  14 1.00000e+00  
120.8 6.1898e+01  14 1.00000e+00  
120.9 6.1989e+01  14 1.00000e+00  
121.0 6.2081e+01  14 1.00000e+00  
121.1 6.2172e+01  14 1.00000e+00  
121.2 6.2263e+01  14 1.00000e+00  
121.3 6.2354e+01  14 1.00000e+00  
121.4 6.2457e+01  14 1.00000e+00  
121.5 6.2548e+01  14 1.00000e+00  
121.6 6.2640e+01  14 1.00000e+00  
121.7 6.2731e+01  14 1.00000e+00  
121.8 6.2822e+01  14 1.00000e+00  
121.9 6.2914e+01  14 1.00000e+00  
122.0 6.3001e+01  14 1.00000e+00  
122.1 6.3092e+01  14 1.00000e+00  
122.2 6.3183e+01  14 1.00000e+00  
122.3 6.3274e+01  14 1.00000e+00  
122.4 6.3365e+01  14 1.00000e+00  
122.5 6.3457e+01  14 1.00000e+00  
122.6 6.3548e+01  14 1.00000e+00  
122.7 6.3639e+01  14 1.00000e+00  
122.8 6.3730e+01  14 1.00000e+00  
122.9 6.3821e+01  14 1.00000e+00  
123.0 6.3913e+01  14 1.00000e+00  
123.1 6.4004e+01  14 1.00000e+00  
123.2 6.4095e+01  14 1.00000e+00  
123.3 6.4186e+01  14 1.00000e+00  
123.4 6.4277e+01  14 1.00000e+00  
123.5 6.4368e+01  14 1.00000e+00  
123.6 6.4460e+01  14 1.00000e+00  
123.7 6.4551e+01  14 1.00000e+00  
123.8 6.4642e+01  14 1.00000e+00  
123.9 6.4733e+01  14 1.00000e+00  
124.0 6.4824e+01  14 1.00000e+00  
124.1 6.4915e+01  14 1.00000e+00  
124.2 6.5006e+01  14 1.00000e+00  
124.3 6.5097e+01  14 1.00000e+00  
124.4 6.5188e+01  14 1.00000e+00  
124.5 6.5279e+01  14 1.00000e+00  
124.6 6.5370e+01  14 1.00000e+00  
124.7 6.5461e+01  14 1.00000e+00  
124.8 6.5552e+01  14 1.00000e+00  
124.9 6.5643e+01  14 1.00000e+00  
125.0 6.5734e+01  14 1.00000e+00  
125.1 6.5825e+01  14 1.00000e+00  
125.2 6.5916e+01  14 1.00000e+00  
125.3 6.6007e+01  14 1.00000e+00  
125.4 6.6098e+01  14 1.00000e+00  
125.5 6.6189e+01  14 1.00000e+00  
125.6 6.6280e+01  14 1.00000e+00  
125.7 6.6371e+01  14 1.00000e+00  
125.8 6.6462e+01  14 1.00000e+00  
125.9 6.6553e+01  14 1.00000e+00  
126.0 6.6644e+01  14 1.00000e+00  
126.1 6.6735e+01  14 1.00000e+00  
126.2 6.6826e+01  14 1.00000e+00  
126.3 6.6917e+01  14 1.00000e+00  
126.4 6.7008e+01  14 1.00000e+00  
126.5 6.7099e+01  14 1.00000e+00  
126.6 6.7190e+01  14 1.00000e+00  
126.7 6.7281e+01  14 1.00000e+00  
126.8 6.7372e+01  14 1.00000e+00  
126.9 6.7462e+01  14 1.00000e+00  
127.0 6.7553e+01  14 1.00000e+00  
127.1 6.7644e+01  14 1.00000e+00  
127.2 6.7735e+01  14 1.00000e+00  
127.3 6.7826e+01  14 1.00000e+00  
127.4 6.7917e+01  14 1.00000e+00  
127.5 6.8008e+01  14 1.00000e+00  
127.6 6.8098e+01  14 1.00000e+00  
127.7 6.8189e+01  14 1.00000e+00  
127.8 6.8280e+01  14 1.00000e+00  
127.9 6.8371e+01  14 1.00000e+00  
128.0 6.8462e+01  14 1.00000e+00  
128.1 6.8552e+01  14 1.00000e+00  
128.2 6.8643e+01  14 1.00000e+00  
128.3 6.8734e+01  14 1.00000e+00  
128.4 6.8825e+01  14 1.00000e+00  
128.5 6.8915e+01  14 1.00000e+00  
128.6 6.9006e+01  14 1.00000e+00  
128.7 6.9097e+01  14 1.00000e+00  
128.8 6.9188e+01  14 1.00000e+00  
128.9 6.9278e+01  14 1.00000e+00  
129.0 6.9369e+01  14 1.00000e+00  
129.1 6.9460e+01  14 1.00000e+00  
129.2 6.9551e+01  14 1.00000e+00  
129.3 6.9641e+01  14 1.00000e+00  
129.4 6.9732e+01  14 1.00000e+00  
129.5 6.9823e+01  14 1.00000e+00  
129.6 6.9913e+01  14 1.00000e+00  
129.7 7.0004e+01  14 1.00000e+00  
129.8 7.0095e+01  14 1.00000e+00  
129.9 7.0185e+01  14 1.00000e+00  
130.0 7.0276e+01  14 1.00000e+00  
130.1 7.0366e+01  14 1.00000e+00  
130.2 7.0457e+01  14 1.00000e+00  
130.3 7.0548e+01  14 1.00000e+00  
130.4 7.0638e+01  14 1.00000e+00  
130.5 7.0729e+01  14 1.00000e+00  
130.6 7.0820e+01  14 1.00000e+00  
130.7 7.0910e+01  14 1.00000e+00  
130.8 7.1001e+01  14 1.00000e+00  
130.9 7.1091e+01  14 1.00000e+00  
131.0 7.1182e+01  14 1.00000e+00  
131.1 7.1272e+01  14 1.00000e+00  
131.2 7.1363e+01  14 1.00000e+00  
131.3 7.1450e+01  14 1.00000e+00  
131.4 7.1540e+01  14 1.00000e+00  
131.5 7.1631e+01  14 1.00000e+00  
131.6 7.1721e+01  14 1.00000e+00  
131.7 7.1812e+01  14 1.00000e+00  
131.8 7.1902e+01  14 1.00000e+00  
131.9 7.1993e+01  14 1.00000e+00  
132.0 7.2083e+01  14 1.00000e+00  
132.1 7.2174e+01  14 1.00000e+00  
132.2 7.2264e+01  14 1.00000e+00  
132.3 7.2355e+01  14 1.00000e+00  
132.4 7.2445e+01  14 1.00000e+00  
132.5 7.2535e+01  14 1.00000e+00  
132.6 7.2626e+01  14 1.00000e+00  
132.7 7.2716e+01  14 1.00000e+00  
132.8 7.2807e+01  14 1.00000e+00  
132.9 7.2897e+01  14 1.00000e+00  
133.0 7.2988e+01  14 1.00000e+00  
133.1 7.3078e+01  14 1.00000e+00  
133.2 7.3168e+01  14 1.00000e+00  
133.3 7.3259e+01  14 1.00000e+00  
133.4 7.3349e+01  14 1.00000e+00  
133.5 7.3439e+01  14 1.00000e+00  
133.6 7.3530e+01  14 1.00000e+00  
133.7 7.3620e+01  14 1.00000e+00  
133.8 7.3710e+01  14 1.00000e+00  
133.9 7.3801e+01  14 1.00000e+00  
134.0 7.3891e+01  14 1.00000e+00  
134.1 7.3981e+01  14 1.00000e+00  
134.2 7.4072e+01  14 1.00000e+00  
134.3 7.4162e+01  14 1.00000e+00  
134.4 7.4252e+01  14 1.00000e+00  
134.5 7.4342e+01  14 1.00000e+00  
134.6 7.4433e+01  14 1.00000e+00  
134.7 7.4523e+01  14 1.00000e+00  
134.8 7.4613e+01  14 1.00000e+00  
134.9 7.4703e+01  14 1.00000e+00  
135.0 7.4794e+01  14 1.00000e+00  
135.1 7.4884e+01  14 1.00000e+00  
135.2 7.4974e+01  14 1.00000e+00  
135.3 7.5064e+01  14 1.00000e+00  
135.4 7.5154e+01  14 1.00000e+00  
135.5 7.5245e+01  14 1.00000e+00  
135.6 7.5335e+01  14 1.00000e+00  
135.7 7.5425e+01  14 1.00000e+00  
135.8 7.5515e+01  14 1.00000e+00  
135.9 7.5605e+01  14 1.00000e+00  
136.0 7.5695e+01  14 1.00000e+00  
136.1 7.5785e+01  14 1.00000e+00  
136.2 7.5876e+01  14 1.00000e+00  
136.3 7.5966e+01  14 1.00000e+00  
136.4 7.6056e+01  14 1.00000e+00  
136.5 7.6146e+01  14 1.00000e+00  
136.6 7.6236e+01  14 1.00000e+00  
136.7 7.6326e+01  14 1.00000e+00  
136.8 7.6416e+01  14 1.00000e+00  
136.9 7.6506e+01  14 1.00000e+00  
137.0 7.6596e+01  14 1.00000e+00  
137.1 7.6686e+01  14 1.00000e+00  
137.2 7.6776e+01  14 1.00000e+00  
137.3 7.6866e+01  14 1.00000e+00  
137.4 7.6956e+01  14 1.00000e+00  
137.5 7.7046e+01  14 1.00000e+00  
137.6 7.7136e+01  14 1.00000e+00  
137.7 7.7226e+01  14 1.00000e+00  
137.8 7.7316e+01  14 1.00000e+00  
137.9 7.7406e+01  14 1.00000e+00  
138.0 7.7496e+01  14 1.00000e+00  
138.1 7.7586e+01  14 1.00000e+00  
138.2 7.7676e+01  14 1.00000e+00  
138.3 7.7766e+01  14 1.00000e+00  
138.4 7.7856e+01  14 1.00000e+00  
138.5 7.7946e+01  14 1.00000e+00  
138.6 7.8035e+01  14 1.00000e+00  
138.7 7.8125e+01  14 1.00000e+00  
138.8 7.8215e+01  14 1.00000e+00  
138.9 7.8305e+01  14 1.00000e+00  
139.0 7.8395e+01  14 1.00000e+00  
139.1 7.8485e+01  14 1.00000e+00  
139.2 7.8575e+01  14 1.00000e+00  
139.3 7.8665e+01  14 1.00000e+00  
139.4 7.8754e+01  14 1.00000e+00  
139.5 7.8844e+01  14 1.00000e+00  
139.6 7.8934e+01  14 1.00000e+00  
139.7 7.9024e+01  14 1.00000e+00  
139.8 7.9114e+01  14 1.00000e+00  
139.9 7.9203e+01  14 1.00000e+00  
140.0 7.9293e+01  14 1.00000e+00  
140.1 7.9383e+01  14 1.00000e+00  
140.2 7.9473e+01  14 1.00000e+00  
140.3 7.9562e+01  14 1.00000e+00  
140.4 7.9652e+01  14 1.00000e+00  
140.5 7.9742e+01  14 1.00000e+00  
140.6 7.9831e+01  14 1.00000e+00  
140.7 7.9921e+01  14 1.00000e+00  
140.8 8.0011e+01  14 1.00000e+00  
140.9 8.0101e+01  14 1.00000e+00  
141.0 8.0190e+01  14 1.00000e+00  
141.1 8.0280e+01  14 1.00000e+00  
141.2 8.0370e+01  14 1.00000e+00  
141.3 8.0459e+01  14 1.00000e+00  
141.4 8.0549e+01  14 1.00000e+00  
141.5 8.0638e+01  14 1.00000e+00  
141.6 8.0725e+01  14 1.00000e+00  
141.7 8.0814e+01  14 1.00000e+00  
141.8 8.0904e+01  14 1.00000e+00  
141.9 8.0994e+01  14 1.00000e+00  
142.0 8.1083e+01  14 1.00000e+00  
142.1 8.1173e+01  14 1.00000e+00  
142.2 8.1262e+01  14 1.00000e+00  
142.3 8.1352e+01  14 1.00000e+00  
142.4 8.1442e+01  14 1.00000e+00  
142.5 8.1531e+01  14 1.00000e+00  
142.6 8.1621e+01  14 1.00000e+00  
142.7 8.1710e+01  14 1.00000e+00  
142.8 8.1800e+01  14 1.00000e+00  
142.9 8.1889e+01  14 1.00000e+00  
143.0 8.1979e+01  14 1.00000e+00  
143.1 8.2068e+01  14 1.00000e+00  
143.2 8.2158e+01  14 1.00000e+00  
143.3 8.2247e+01  14 1.00000e+00  
143.4 8.2337e+01  14 1.00000e+00  
143.5 8.2426e+01  14 1.00000e+00  
143.6 8.2516e+01  14 1.00000e+00  
143.7 8.2605e+01  14 1.00000e+00  
143.8 8.2694e+01  14 1.00000e+00  
143.9 8.2784e+01  14 1.00000e+00  
144.0 8.2873e+01  14 1.00000e+00  
144.1 8.2963e+01  14 1.00000e+00  
144.2 8.3052e+01  14 1.00000e+00  
144.3 8.3141e+01  14 1.00000e+00  
144.4 8.3231e+01  14 1.00000e+00  
144.5 8.3320e+01  14 1.00000e+00  
144.6 8.3409e+01  14 1.00000e+00  
144.7 8.3499e+01  14 1.00000e+00  
144.8 8.3588e+01  14 1.00000e+00  
144.9 8.3677e+01  14 1.00000e+00  
145.0 8.3767e+01  14 1.00000e+00  
145.1 8.3856e+01  14 1.00000e+00  
145.2 8.3945e+01  14 1.00000e+00  
145.3 8.4035e+01  14 1.00000e+00  
145.4 8.4124e+01  14 1.00000e+00  
145.5 8.4213e+01  14 1.00000e+00  
145.6 8.4302e+01  14 1.00000e+00  
145.7 8.4392e+01  14 1.00000e+00  
145.8 8.4481e+01  14 1.00000e+00  
145.9 8.4570e+01  14 1.00000e+00  
146.0 8.4659e+01  14 1.00000e+00  
146.1 8.4748e+01  14 1.00000e+00  
146.2 8.4838e+01  14 1.00000e+00  
146.3 8.4927e+01  14 1.00000e+00  
146.4 8.5016e+01  14 1.00000e+00  
146.5 8.5105e+01  14 1.00000e+00  
146.6 8.5194e+01  14 1.00000e+00  
146.7 8.5283e+01  14 1.00000e+00  
146.8 8.5372e+01  14 1.00000e+00  
146.9 8.5461e+01  14 1.00000e+00  
147.0 8.5551e+01  14 1.00000e+00  
147.1 8.5640e+01  14 1.00000e+00  
147.2 8.5729e+01  14 1.00000e+00  
147.3 8.5818e+01  14 1.00000e+00  
147.4 8.5907e+01  14 1.00000e+00  
147.5 8.5996e+01  14 1.00000e+00  
147.6 8.6085e+01  14 1.00000e+00  
147.7 8.6174e+01  14 1.00000e+00  
147.8 8.6263e+01  14 1.00000e+00  
147.9 8.6352e+01  14 1.00000e+00  
148.0 8.6441e+01  14 1.00000e+00  
148.1 8.6530e+01  14 1.00000e+00  
148.2 8.6619e+01  14 1.00000e+00  
148.3 8.6708e+01  14 1.00000e+00  
148.4 8.6797e+01  14 1.00000e+00  
148.5 8.6886e+01  14 1.00000e+00  
148.6 8.6975e+01  14 1.00000e+00  
148.7 8.6530e+01  14 1.00000e+00  
148.8 8.6619e+01  14 1.00000e+00  
148.9 8.6708e+01  14 1.00000e+00  
149.0 8.6796e+01  14 1.00000e+00  
149.1 8.6885e+01  14 1.00000e+00  
149.2 8.6974e+01  14 1.00000e+00  
149.3 8.7063e+01  14 1.00000e+00  
149.4 8.7151e+01  14 1.00000e+00  
149.5 8.7240e+01  14 1.00000e+00  
149.6 8.7329e+01  14 1.00000e+00  
149.7 8.7418e+01  14 1.00000e+00  
149.8 8.7506e+01  14 1.00000e+00  
149.9 8.7595e+01  14 1.00000e+00  
150.0 8.7684e+01  14 1.00000e+00  
