 15.1 1.3960e+00  13 4.18612e-02  
 15.2 1.4036e+00  13 4.23052e-02  
 15.3 1.4113e+00  13 4.27449e-02  
 15.4 1.4189e+00  13 4.31802e-02  
 15.5 1.4265e+00  13 4.36120e-02  
 15.6 1.4342e+00  13 4.40401e-02  
 15.7 1.4418e+00  13 4.44645e-02  
 15.8 1.4495e+00  13 4.48853e-02  
 15.9 1.4571e+00  13 4.53027e-02  
 16.0 1.4648e+00  13 4.57165e-02  
 16.1 1.4724e+00  13 4.61273e-02  
 16.2 1.4801e+00  13 4.65347e-02  
 16.3 1.4877e+00  13 4.69390e-02  
 16.4 1.4954e+00  13 4.73403e-02  
 16.5 1.5030e+00  13 4.77385e-02  
 16.6 1.5107e+00  13 4.81342e-02  
 16.7 1.5183e+00  13 4.85198e-02  
 16.8 1.5260e+00  13 4.89096e-02  
 16.9 1.5336e+00  13 4.93269e-02  
 17.0 1.5412e+00  13 4.97123e-02  
 17.1 1.5489e+00  13 5.00957e-02  
 17.2 1.5565e+00  13 5.04766e-02  
 17.3 1.5642e+00  13 5.08554e-02  
 17.4 1.5718e+00  13 5.12322e-02  
 17.5 1.5795e+00  13 5.16070e-02  
 17.6 1.5871e+00  13 5.20053e-02  
 17.7 1.5947e+00  13 5.23765e-02  
 17.8 1.6024e+00  13 5.27457e-02  
 17.9 1.6100e+00  13 5.31135e-02  
 18.0 1.6177e+00  13 5.34799e-02  
 18.1 1.6253e+00  13 5.38807e-02  
 18.2 1.6329e+00  13 5.42366e-02  
 18.3 1.6406e+00  13 5.45986e-02  
 18.4 1.6482e+00  13 5.49591e-02  
 18.5 1.6558e+00  13 5.53563e-02  
 18.6 1.6635e+00  13 5.57153e-02  
 18.7 1.6711e+00  13 5.60732e-02  
 18.8 1.6787e+00  13 5.64211e-02  
 18.9 1.6863e+00  13 5.68162e-02  
 19.0 1.6940e+00  13 5.71715e-02  
 19.1 1.7016e+00  13 5.75259e-02  
 19.2 1.7092e+00  13 5.79213e-02  
 19.3 1.7191e+00  13 5.84539e-02  
 19.4 1.7310e+00  13 5.91600e-02  
 19.5 1.7429e+00  13 5.99139e-02  
 19.6 1.7550e+00  13 6.06319e-02  
 19.7 1.7671e+00  13 6.13440e-02  
 19.8 1.7793e+00  13 6.21154e-02  
 19.9 1.7916e+00  13 6.28486e-02  
 20.0 1.8040e+00  13 6.36341e-02  
 20.1 1.8165e+00  13 6.43691e-02  
 20.2 1.8290e+00  13 6.51665e-02  
 20.3 1.8417e+00  13 6.59712e-02  
 20.4 1.8544e+00  13 6.67377e-02  
 20.5 1.8672e+00  13 6.75450e-02  
 20.6 1.8801e+00  13 6.84580e-02  
 20.7 1.8931e+00  13 6.94271e-02  
 20.8 1.9062e+00  13 7.02288e-02  
 20.9 1.9193e+00  13 7.10226e-02  
 21.0 1.6094e+01  14 1.00000e+00  
 21.1 1.6135e+01  14 1.00000e+00  
 21.2 1.6176e+01  14 1.00000e+00  
 21.3 1.6220e+01  14 1.00000e+00  
 21.4 1.6260e+01  14 1.00000e+00  
 21.5 1.6299e+01  14 1.00000e+00  
 21.6 1.6340e+01  14 1.00000e+00  
 21.7 1.6378e+01  14 1.00000e+00  
 21.8 1.6416e+01  14 1.00000e+00  
 21.9 1.6452e+01  14 1.00000e+00  
 22.0 1.6491e+01  14 1.00000e+00  
 22.1 1.6527e+01  14 1.00000e+00  
 22.2 1.6561e+01  14 1.00000e+00  
 22.3 1.6598e+01  14 1.00000e+00  
 22.4 1.6631e+01  14 1.00000e+00  
 22.5 1.6663e+01  14 1.00000e+00  
 22.6 1.6693e+01  14 1.00000e+00  
 22.7 1.6727e+01  14 1.00000e+00  
 22.8 1.6756e+01  14 1.00000e+00  
 22.9 1.6785e+01  14 1.00000e+00  
 23.0 1.6816e+01  14 1.00000e+00  
 23.1 1.6844e+01  14 1.00000e+00  
 23.2 1.6870e+01  14 1.00000e+00  
 23.3 1.6896e+01  14 1.00000e+00  
 23.4 1.6926e+01  14 1.00000e+00  
 23.5 1.6951e+01  14 1.00000e+00  
 23.6 1.6975e+01  14 1.00000e+00  
 23.7 1.7003e+01  14 1.00000e+00  
 23.8 1.7027e+01  14 1.00000e+00  
 23.9 1.7050e+01  14 1.00000e+00  
 24.0 1.7072e+01  14 1.00000e+00  
 24.1 1.7099e+01  14 1.00000e+00  
 24.2 5.5551e+00  14 2.86991e-01  
 24.3 5.6424e+00  14 2.91997e-01  
 24.4 5.7303e+00  14 2.96949e-01  
 24.5 5.8185e+00  14 3.02001e-01  
 24.6 5.9072e+00  14 3.07078e-01  
 24.7 5.9964e+00  14 3.12182e-01  
 24.8 6.0862e+00  14 3.17223e-01  
 24.9 6.1762e+00  14 3.22370e-01  
 25.0 6.2667e+00  14 3.27541e-01  
 25.1 6.3577e+00  14 3.32702e-01  
 25.2 6.4492e+00  14 3.37865e-01  
 25.3 6.5410e+00  14 3.43100e-01  
 25.4 6.6330e+00  14 3.48358e-01  
 25.5 6.7260e+00  14 3.53556e-01  
 25.6 6.8190e+00  14 3.58851e-01  
 25.7 6.9123e+00  14 3.64169e-01  
 25.8 7.0059e+00  14 3.69508e-01  
 25.9 7.1007e+00  14 3.74789e-01  
 26.0 7.1951e+00  14 3.80168e-01  
 26.1 7.2899e+00  14 3.85564e-01  
 26.2 7.3850e+00  14 3.90983e-01  
 26.3 7.4814e+00  14 3.96339e-01  
 26.4 7.5773e+00  14 4.01794e-01  
 26.5 7.6735e+00  14 4.07271e-01  
 26.6 7.7700e+00  14 4.12767e-01  
 26.7 7.8673e+00  14 4.18147e-01  
 26.8 7.9646e+00  14 4.23672e-01  
 26.9 8.0622e+00  14 4.29217e-01  
 27.0 8.1600e+00  14 4.34783e-01  
 27.1 8.2581e+00  14 4.40371e-01  
 27.2 8.3590e+00  14 4.45930e-01  
 27.3 8.4580e+00  14 4.51544e-01  
 27.4 8.5572e+00  14 4.57176e-01  
 27.5 8.6568e+00  14 4.62830e-01  
 27.6 8.7565e+00  14 4.68505e-01  
 27.7 8.8587e+00  14 4.74102e-01  
 27.8 8.9593e+00  14 4.79805e-01  
 27.9 9.0601e+00  14 4.85527e-01  
 28.0 9.1611e+00  14 4.91269e-01  
 28.1 9.2630e+00  14 4.97006e-01  
 28.2 9.3670e+00  14 5.02699e-01  
 28.3 9.4692e+00  14 5.08481e-01  
 28.4 9.5718e+00  14 5.14282e-01  
 28.5 9.6745e+00  14 5.20102e-01  
 28.6 9.7775e+00  14 5.25937e-01  
 28.7 9.8810e+00  14 5.31785e-01  
 28.8 9.9874e+00  14 5.37576e-01  
 28.9 1.0091e+01  14 5.43463e-01  
 29.0 1.0196e+01  14 5.49365e-01  
 29.1 1.0300e+01  14 5.55275e-01  
 29.2 1.0406e+01  14 5.61204e-01  
 29.3 1.0511e+01  14 5.67145e-01  
 29.4 1.0617e+01  14 5.73108e-01  
 29.5 1.0725e+01  14 5.79039e-01  
 29.6 1.0833e+01  14 5.84989e-01  
 29.7 1.0940e+01  14 5.91003e-01  
 29.8 1.1046e+01  14 5.97031e-01  
 29.9 1.1153e+01  14 6.03075e-01  
 30.0 1.1261e+01  14 6.09140e-01  
 30.1 1.1372e+01  14 6.15145e-01  
 30.2 1.1480e+01  14 6.21243e-01  
 30.3 1.1588e+01  14 6.27362e-01  
 30.4 1.1698e+01  14 6.33455e-01  
 30.5 1.1808e+01  14 6.39579e-01  
 30.6 1.1919e+01  14 6.45709e-01  
 30.7 1.2025e+01  14 6.51928e-01  
 30.8 1.2136e+01  14 6.58105e-01  
 30.9 1.2247e+01  14 6.64292e-01  
 31.0 1.2358e+01  14 6.70500e-01  
 31.1 1.2469e+01  14 6.76726e-01  
 31.2 1.2581e+01  14 6.82971e-01  
 31.3 1.2692e+01  14 6.89235e-01  
 31.4 1.2803e+01  14 6.95525e-01  
 31.5 1.2920e+01  14 7.01765e-01  
 31.6 1.3034e+01  14 7.08063e-01  
 31.7 1.3146e+01  14 7.14399e-01  
 31.8 1.3258e+01  14 7.20755e-01  
 31.9 1.3369e+01  14 7.27134e-01  
 32.0 1.3486e+01  14 7.33470e-01  
 32.1 1.3600e+01  14 7.39860e-01  
 32.2 1.3714e+01  14 7.46270e-01  
 32.3 1.3828e+01  14 7.52700e-01  
 32.4 1.3940e+01  14 7.59157e-01  
 32.5 1.4055e+01  14 7.65613e-01  
 32.6 1.4172e+01  14 7.72066e-01  
 32.7 1.4288e+01  14 7.78551e-01  
 32.8 1.4397e+01  14 7.85095e-01  
 32.9 1.4518e+01  14 7.91579e-01  
 33.0 1.4636e+01  14 7.98106e-01  
 33.1 1.4753e+01  14 8.04653e-01  
 33.2 1.4869e+01  14 8.11222e-01  
 33.3 1.4978e+01  14 8.17845e-01  
 33.4 1.5091e+01  14 8.24460e-01  
 33.5 1.5208e+01  14 8.31077e-01  
 33.6 1.5334e+01  14 8.37666e-01  
 33.7 1.5443e+01  14 8.44348e-01  
 33.8 1.5567e+01  14 8.50984e-01  
 33.9 1.5677e+01  14 8.57692e-01  
 34.0 1.5794e+01  14 8.64389e-01  
 34.1 1.5912e+01  14 8.71100e-01  
 34.2 1.6028e+01  14 8.77830e-01  
 34.3 1.6151e+01  14 8.84558e-01  
 34.4 1.6256e+01  14 8.91349e-01  
 34.5 1.6381e+01  14 8.98106e-01  
 34.6 1.6491e+01  14 9.04911e-01  
 34.7 1.6614e+01  14 9.11704e-01  
 34.8 1.6733e+01  14 9.18523e-01  
 34.9 1.6849e+01  14 9.25363e-01  
 35.0 1.6956e+01  14 9.32231e-01  
 35.1 1.7083e+01  14 9.39083e-01  
 35.2 1.7190e+01  14 9.45976e-01  
 35.3 1.7313e+01  14 9.52866e-01  
 35.4 1.7429e+01  14 9.59778e-01  
 35.5 1.7547e+01  14 9.66703e-01  
 35.6 1.7663e+01  14 9.73644e-01  
 35.7 1.7776e+01  14 9.80600e-01  
 35.8 1.7898e+01  14 9.87568e-01  
 35.9 1.8003e+01  14 9.94553e-01  
 36.0 1.8096e+01  14 1.00000e+00  
 36.1 1.8097e+01  14 1.00000e+00  
 36.2 1.8076e+01  14 1.00000e+00  
 36.3 1.8070e+01  14 1.00000e+00  
 36.4 1.8064e+01  14 1.00000e+00  
 36.5 1.8061e+01  14 1.00000e+00  
 36.6 1.8066e+01  14 1.00000e+00  
 36.7 1.8057e+01  14 1.00000e+00  
 36.8 1.7939e+01  14 1.00000e+00  
 36.9 1.7929e+01  14 1.00000e+00  
 37.0 1.7920e+01  14 1.00000e+00  
 37.1 1.7910e+01  14 1.00000e+00  
 37.2 1.7899e+01  14 1.00000e+00  
 37.3 1.7768e+01  14 1.00000e+00  
 37.4 1.7757e+01  14 1.00000e+00  
 37.5 1.7746e+01  14 1.00000e+00  
 37.6 1.7734e+01  14 1.00000e+00  
 37.7 1.7724e+01  14 1.00000e+00  
 37.8 1.7592e+01  14 1.00000e+00  
 37.9 1.7581e+01  14 1.00000e+00  
 38.0 1.7571e+01  14 1.00000e+00  
 38.1 1.7560e+01  14 1.00000e+00  
 38.2 1.7549e+01  14 1.00000e+00  
 38.3 1.7538e+01  14 1.00000e+00  
 38.4 1.6180e+01  14 1.00000e+00  
 38.5 1.4879e+01  14 1.00000e+00  
 38.6 1.4208e+01  14 1.00000e+00  
 38.7 1.4025e+01  14 1.00000e+00  
 38.8 1.3945e+01  14 1.00000e+00  
 38.9 1.3909e+01  14 1.00000e+00  
 39.0 1.3860e+01  14 1.00000e+00  
 39.1 1.3839e+01  14 1.00000e+00  
 39.2 1.3668e+01  14 1.00000e+00  
 39.3 1.3588e+01  14 1.00000e+00  
 39.4 1.3548e+01  14 1.00000e+00  
 39.5 1.3531e+01  14 1.00000e+00  
 39.6 1.3408e+01  14 1.00000e+00  
 39.7 1.3361e+01  14 1.00000e+00  
 39.8 1.3269e+01  14 1.00000e+00  
 39.9 1.3228e+01  14 1.00000e+00  
 40.0 1.3212e+01  14 1.00000e+00  
 40.1 1.2915e+01  14 9.88232e-01  
 40.2 1.2771e+01  14 9.80896e-01  
 40.3 1.2732e+01  14 9.78904e-01  
 40.4 1.2633e+01  14 9.73821e-01  
 40.5 1.2594e+01  14 9.71847e-01  
 40.6 1.2421e+01  14 9.62957e-01  
 40.7 1.2079e+01  14 9.45292e-01  
 40.8 1.2066e+01  14 9.44611e-01  
 40.9 1.2034e+01  14 9.42949e-01  
 41.0 1.1782e+01  14 9.29849e-01  
 41.1 1.1659e+01  14 9.23388e-01  
 41.2 1.1524e+01  14 9.16293e-01  
 41.3 1.1508e+01  14 9.15492e-01  
 41.4 1.1484e+01  14 9.14211e-01  
 41.5 1.1221e+01  14 9.00289e-01  
 41.6 1.1060e+01  14 8.91745e-01  
 41.7 1.1017e+01  14 8.89475e-01  
 41.8 1.0993e+01  14 8.88181e-01  
 41.9 1.0956e+01  14 8.86247e-01  
 42.0 1.0914e+01  14 8.83985e-01  
 42.1 1.0774e+01  14 8.76481e-01  
 42.2 1.0684e+01  14 8.71684e-01  
 42.3 1.0567e+01  14 8.65387e-01  
 42.4 1.0479e+01  14 8.60620e-01  
 42.5 1.0363e+01  14 8.54398e-01  
 42.6 1.0318e+01  14 8.51922e-01  
 42.7 1.0268e+01  14 8.49254e-01  
 42.8 1.0287e+01  14 8.50274e-01  
 42.9 1.0298e+01  14 8.50870e-01  
 43.0 1.0407e+01  14 8.56740e-01  
 43.1 1.0506e+01  14 8.62101e-01  
 43.2 1.0632e+01  14 8.68877e-01  
 43.3 1.0661e+01  14 8.70437e-01  
 43.4 1.0690e+01  14 8.71995e-01  
 43.5 1.0701e+01  14 8.72583e-01  
 43.6 1.0807e+01  14 8.78243e-01  
 43.7 1.0914e+01  14 8.83965e-01  
 43.8 1.1064e+01  14 8.91959e-01  
 43.9 1.1130e+01  14 8.95506e-01  
 44.0 1.1170e+01  14 8.97591e-01  
 44.1 1.1230e+01  14 9.00775e-01  
 44.2 1.1286e+01  14 9.03759e-01  
 44.3 1.1340e+01  14 9.06594e-01  
 44.4 1.1391e+01  14 9.09328e-01  
 44.5 1.1436e+01  14 9.11694e-01  
 44.6 1.1490e+01  14 9.14542e-01  
 44.7 1.1620e+01  14 9.21342e-01  
 44.8 1.1728e+01  14 9.27011e-01  
 44.9 1.1829e+01  14 9.32307e-01  
 45.0 1.1913e+01  14 9.36676e-01  
 45.1 1.2071e+01  14 9.44904e-01  
 45.2 1.2135e+01  14 9.48195e-01  
 45.3 1.2202e+01  14 9.51656e-01  
 45.4 1.2261e+01  14 9.54745e-01  
 45.5 1.2317e+01  14 9.57614e-01  
 45.6 1.2381e+01  14 9.60926e-01  
 45.7 1.2437e+01  14 9.63766e-01  
 45.8 1.2490e+01  14 9.66523e-01  
 45.9 1.2539e+01  14 9.69025e-01  
 46.0 1.2621e+01  14 9.73231e-01  
 46.1 1.2787e+01  14 9.81729e-01  
 46.2 1.2897e+01  14 9.87318e-01  
 46.3 1.2989e+01  14 9.91964e-01  
 46.4 1.3147e+01  14 9.99968e-01  
 46.5 1.3180e+01  14 1.00000e+00  
 46.6 1.3208e+01  14 1.00000e+00  
 46.7 1.3232e+01  14 1.00000e+00  
 46.8 1.3254e+01  14 1.00000e+00  
 46.9 1.3280e+01  14 1.00000e+00  
 47.0 1.3304e+01  14 1.00000e+00  
 47.1 1.3326e+01  14 1.00000e+00  
 47.2 1.3344e+01  14 1.00000e+00  
 47.3 1.3374e+01  14 1.00000e+00  
 47.4 1.3435e+01  14 1.00000e+00  
 47.5 1.3480e+01  14 1.00000e+00  
 47.6 1.3522e+01  14 1.00000e+00  
 47.7 1.3555e+01  14 1.00000e+00  
 47.8 1.3592e+01  14 1.00000e+00  
 47.9 1.3652e+01  14 1.00000e+00  
 48.0 1.3679e+01  14 1.00000e+00  
 48.1 1.3704e+01  14 1.00000e+00  
 48.2 1.3728e+01  14 1.00000e+00  
 48.3 1.3751e+01  14 1.00000e+00  
 48.4 1.3775e+01  14 1.00000e+00  
 48.5 1.3798e+01  14 1.00000e+00  
 48.6 1.3817e+01  14 1.00000e+00  
 48.7 1.3846e+01  14 1.00000e+00  
 48.8 1.3886e+01  14 1.00000e+00  
 48.9 1.3950e+01  14 1.00000e+00  
 49.0 1.3992e+01  14 1.00000e+00  
 49.1 1.4029e+01  14 1.00000e+00  
 49.2 1.4063e+01  14 1.00000e+00  
 49.3 1.4126e+01  14 1.00000e+00  
 49.4 1.4154e+01  14 1.00000e+00  
 49.5 1.4176e+01  14 1.00000e+00  
 49.6 1.4202e+01  14 1.00000e+00  
 49.7 1.4227e+01  14 1.00000e+00  
 49.8 1.4247e+01  14 1.00000e+00  
 49.9 1.4272e+01  14 1.00000e+00  
 50.0 1.4294e+01  14 1.00000e+00  
 50.1 1.4320e+01  14 1.00000e+00  
 50.2 1.4363e+01  14 1.00000e+00  
 50.3 1.4420e+01  14 1.00000e+00  
 50.4 1.4464e+01  14 1.00000e+00  
 50.5 1.4505e+01  14 1.00000e+00  
 50.6 1.4542e+01  14 1.00000e+00  
 50.7 1.4575e+01  14 1.00000e+00  
 50.8 1.4637e+01  14 1.00000e+00  
 50.9 1.4666e+01  14 1.00000e+00  
 51.0 1.4691e+01  14 1.00000e+00  
 51.1 1.4715e+01  14 1.00000e+00  
 51.2 1.4741e+01  14 1.00000e+00  
 51.3 1.4765e+01  14 1.00000e+00  
 51.4 1.4789e+01  14 1.00000e+00  
 51.5 1.4801e+01  14 1.00000e+00  
 51.6 1.4837e+01  14 1.00000e+00  
 51.7 1.4880e+01  14 1.00000e+00  
 51.8 1.4932e+01  14 1.00000e+00  
 51.9 1.4976e+01  14 1.00000e+00  
 52.0 1.5017e+01  14 1.00000e+00  
 52.1 1.5054e+01  14 1.00000e+00  
 52.2 1.5088e+01  14 1.00000e+00  
 52.3 1.5150e+01  14 1.00000e+00  
 52.4 1.5188e+01  14 1.00000e+00  
 52.5 1.5209e+01  14 1.00000e+00  
 52.6 1.5232e+01  14 1.00000e+00  
 52.7 1.5260e+01  14 1.00000e+00  
 52.8 1.5284e+01  14 1.00000e+00  
 52.9 1.5307e+01  14 1.00000e+00  
 53.0 1.5331e+01  14 1.00000e+00  
 53.1 1.5350e+01  14 1.00000e+00  
 53.2 1.5394e+01  14 1.00000e+00  
 53.3 1.5432e+01  14 1.00000e+00  
 53.4 1.5488e+01  14 1.00000e+00  
 53.5 1.5532e+01  14 1.00000e+00  
 53.6 1.5573e+01  14 1.00000e+00  
 53.7 1.5611e+01  14 1.00000e+00  
 53.8 1.5646e+01  14 1.00000e+00  
 53.9 1.5680e+01  14 1.00000e+00  
 54.0 1.5739e+01  14 1.00000e+00  
 54.1 1.5769e+01  14 1.00000e+00  
 54.2 1.5791e+01  14 1.00000e+00  
 54.3 1.5812e+01  14 1.00000e+00  
 54.4 1.5838e+01  14 1.00000e+00  
 54.5 1.5861e+01  14 1.00000e+00  
 54.6 1.5882e+01  14 1.00000e+00  
 54.7 1.5906e+01  14 1.00000e+00  
 54.8 1.5953e+01  14 1.00000e+00  
 54.9 1.5995e+01  14 1.00000e+00  
 55.0 1.6035e+01  14 1.00000e+00  
 55.1 1.6089e+01  14 1.00000e+00  
 55.2 1.6131e+01  14 1.00000e+00  
 55.3 1.6171e+01  14 1.00000e+00  
 55.4 1.6208e+01  14 1.00000e+00  
 55.5 1.6239e+01  14 1.00000e+00  
 55.6 1.6300e+01  14 1.00000e+00  
 55.7 1.6339e+01  14 1.00000e+00  
 55.8 1.6359e+01  14 1.00000e+00  
 55.9 1.6385e+01  14 1.00000e+00  
 56.0 1.6410e+01  14 1.00000e+00  
 56.1 1.6437e+01  14 1.00000e+00  
 56.2 1.6461e+01  14 1.00000e+00  
 56.3 1.6480e+01  14 1.00000e+00  
 56.4 1.6505e+01  14 1.00000e+00  
 56.5 1.6554e+01  14 1.00000e+00  
 56.6 1.6598e+01  14 1.00000e+00  
 56.7 1.6636e+01  14 1.00000e+00  
 56.8 1.6683e+01  14 1.00000e+00  
 56.9 1.6730e+01  14 1.00000e+00  
 57.0 1.6773e+01  14 1.00000e+00  
 57.1 1.6805e+01  14 1.00000e+00  
 57.2 1.6842e+01  14 1.00000e+00  
 57.3 1.6899e+01  14 1.00000e+00  
 57.4 1.6936e+01  14 1.00000e+00  
 57.5 1.6961e+01  14 1.00000e+00  
 57.6 1.6988e+01  14 1.00000e+00  
 57.7 1.7005e+01  14 1.00000e+00  
 57.8 1.7034e+01  14 1.00000e+00  
 57.9 1.7056e+01  14 1.00000e+00  
 58.0 1.7085e+01  14 1.00000e+00  
 58.1 1.7108e+01  14 1.00000e+00  
 58.2 1.7147e+01  14 1.00000e+00  
 58.3 1.7194e+01  14 1.00000e+00  
 58.4 1.7235e+01  14 1.00000e+00  
 58.5 1.7269e+01  14 1.00000e+00  
 58.6 1.7324e+01  14 1.00000e+00  
 58.7 1.7362e+01  14 1.00000e+00  
 58.8 1.7398e+01  14 1.00000e+00  
 58.9 1.7438e+01  14 1.00000e+00  
 59.0 1.7475e+01  14 1.00000e+00  
 59.1 1.7507e+01  14 1.00000e+00  
 59.2 1.7565e+01  14 1.00000e+00  
 59.3 1.7594e+01  14 1.00000e+00  
 59.4 1.7622e+01  14 1.00000e+00  
 59.5 1.7649e+01  14 1.00000e+00  
 59.6 1.7670e+01  14 1.00000e+00  
 59.7 1.7688e+01  14 1.00000e+00  
 59.8 1.7719e+01  14 1.00000e+00  
 59.9 1.7736e+01  14 1.00000e+00  
 60.0 1.7772e+01  14 1.00000e+00  
 60.1 1.7823e+01  14 1.00000e+00  
 60.2 1.7864e+01  14 1.00000e+00  
 60.3 1.7908e+01  14 1.00000e+00  
 60.4 1.7954e+01  14 1.00000e+00  
 60.5 1.7993e+01  14 1.00000e+00  
 60.6 1.8029e+01  14 1.00000e+00  
 60.7 1.8075e+01  14 1.00000e+00  
 60.8 1.8108e+01  14 1.00000e+00  
 60.9 1.8148e+01  14 1.00000e+00  
 61.0 1.8218e+01  14 1.00000e+00  
 61.1 1.8250e+01  14 1.00000e+00  
 61.2 1.8278e+01  14 1.00000e+00  
 61.3 1.8299e+01  14 1.00000e+00  
 61.4 1.8330e+01  14 1.00000e+00  
 61.5 1.8354e+01  14 1.00000e+00  
 61.6 1.8380e+01  14 1.00000e+00  
 61.7 1.8401e+01  14 1.00000e+00  
 61.8 1.8426e+01  14 1.00000e+00  
 61.9 1.8476e+01  14 1.00000e+00  
 62.0 1.8525e+01  14 1.00000e+00  
 62.1 1.8568e+01  14 1.00000e+00  
 62.2 1.8605e+01  14 1.00000e+00  
 62.3 1.8636e+01  14 1.00000e+00  
 62.4 1.8687e+01  14 1.00000e+00  
 62.5 1.8719e+01  14 1.00000e+00  
 62.6 1.8768e+01  14 1.00000e+00  
 62.7 1.8803e+01  14 1.00000e+00  
 62.8 1.8842e+01  14 1.00000e+00  
 62.9 1.8874e+01  14 1.00000e+00  
 63.0 1.8932e+01  14 1.00000e+00  
 63.1 1.8968e+01  14 1.00000e+00  
 63.2 1.8988e+01  14 1.00000e+00  
 63.3 1.9005e+01  14 1.00000e+00  
 63.4 1.9040e+01  14 1.00000e+00  
 63.5 1.9065e+01  14 1.00000e+00  
 63.6 1.9084e+01  14 1.00000e+00  
 63.7 1.9106e+01  14 1.00000e+00  
 63.8 1.9144e+01  14 1.00000e+00  
 63.9 1.9183e+01  14 1.00000e+00  
 64.0 1.9239e+01  14 1.00000e+00  
 64.1 1.9283e+01  14 1.00000e+00  
 64.2 1.9316e+01  14 1.00000e+00  
 64.3 1.9376e+01  14 1.00000e+00  
 64.4 1.9412e+01  14 1.00000e+00  
 64.5 1.9450e+01  14 1.00000e+00  
 64.6 1.9493e+01  14 1.00000e+00  
 64.7 1.9527e+01  14 1.00000e+00  
 64.8 1.9557e+01  14 1.00000e+00  
 64.9 1.9587e+01  14 1.00000e+00  
 65.0 1.9660e+01  14 1.00000e+00  
 65.1 1.9683e+01  14 1.00000e+00  
 65.2 1.9720e+01  14 1.00000e+00  
 65.3 1.9747e+01  14 1.00000e+00  
 65.4 1.9770e+01  14 1.00000e+00  
 65.5 1.9795e+01  14 1.00000e+00  
 65.6 1.9825e+01  14 1.00000e+00  
 65.7 1.9840e+01  14 1.00000e+00  
 65.8 1.9864e+01  14 1.00000e+00  
 65.9 1.9904e+01  14 1.00000e+00  
 66.0 1.9963e+01  14 1.00000e+00  
 66.1 2.0014e+01  14 1.00000e+00  
 66.2 2.0042e+01  14 1.00000e+00  
 66.3 2.0097e+01  14 1.00000e+00  
 66.4 2.0137e+01  14 1.00000e+00  
 66.5 2.0181e+01  14 1.00000e+00  
 66.6 2.0212e+01  14 1.00000e+00  
 66.7 2.0264e+01  14 1.00000e+00  
 66.8 2.0297e+01  14 1.00000e+00  
 66.9 2.0340e+01  14 1.00000e+00  
 67.0 2.0358e+01  14 1.00000e+00  
 67.1 2.0429e+01  14 1.00000e+00  
 67.2 2.0473e+01  14 1.00000e+00  
 67.3 2.0493e+01  14 1.00000e+00  
 67.4 2.0523e+01  14 1.00000e+00  
 67.5 2.0550e+01  14 1.00000e+00  
 67.6 2.0577e+01  14 1.00000e+00  
 67.7 2.0594e+01  14 1.00000e+00  
 67.8 2.0627e+01  14 1.00000e+00  
 67.9 2.0650e+01  14 1.00000e+00  
 68.0 2.0683e+01  14 1.00000e+00  
 68.1 2.0725e+01  14 1.00000e+00  
 68.2 2.0786e+01  14 1.00000e+00  
 68.3 2.0833e+01  14 1.00000e+00  
 68.4 2.0876e+01  14 1.00000e+00  
 68.5 2.0907e+01  14 1.00000e+00  
 68.6 2.0947e+01  14 1.00000e+00  
 68.7 2.1007e+01  14 1.00000e+00  
 68.8 2.1033e+01  14 1.00000e+00  
 68.9 2.1081e+01  14 1.00000e+00  
 69.0 2.1115e+01  14 1.00000e+00  
 69.1 2.1151e+01  14 1.00000e+00  
 69.2 2.1186e+01  14 1.00000e+00  
 69.3 2.1222e+01  14 1.00000e+00  
 69.4 2.1303e+01  14 1.00000e+00  
 69.5 2.1316e+01  14 1.00000e+00  
 69.6 2.1344e+01  14 1.00000e+00  
 69.7 2.1378e+01  14 1.00000e+00  
 69.8 2.1405e+01  14 1.00000e+00  
 69.9 2.1416e+01  14 1.00000e+00  
 70.0 2.1455e+01  14 1.00000e+00  
 70.1 2.1478e+01  14 1.00000e+00  
 70.2 2.1492e+01  14 1.00000e+00  
 70.3 2.1553e+01  14 1.00000e+00  
 70.4 2.1596e+01  14 1.00000e+00  
 70.5 2.1653e+01  14 1.00000e+00  
 70.6 2.1698e+01  14 1.00000e+00  
 70.7 2.1738e+01  14 1.00000e+00  
 70.8 2.1780e+01  14 1.00000e+00  
 70.9 2.1830e+01  14 1.00000e+00  
 71.0 2.1873e+01  14 1.00000e+00  
 71.1 2.1903e+01  14 1.00000e+00  
 71.2 2.1946e+01  14 1.00000e+00  
 71.3 2.1980e+01  14 1.00000e+00  
 71.4 2.2025e+01  14 1.00000e+00  
 71.5 2.2052e+01  14 1.00000e+00  
 71.6 2.2086e+01  14 1.00000e+00  
 71.7 2.2174e+01  14 1.00000e+00  
 71.8 2.2180e+01  14 1.00000e+00  
 71.9 2.2211e+01  14 1.00000e+00  
 72.0 2.2247e+01  14 1.00000e+00  
 72.1 2.2259e+01  14 1.00000e+00  
 72.2 2.2300e+01  14 1.00000e+00  
 72.3 2.2329e+01  14 1.00000e+00  
 72.4 2.2356e+01  14 1.00000e+00  
 72.5 2.2383e+01  14 1.00000e+00  
 72.6 2.2408e+01  14 1.00000e+00  
 72.7 2.2453e+01  14 1.00000e+00  
 72.8 2.2517e+01  14 1.00000e+00  
 72.9 2.2566e+01  14 1.00000e+00  
 73.0 2.2595e+01  14 1.00000e+00  
 73.1 2.2655e+01  14 1.00000e+00  
 73.2 2.2684e+01  14 1.00000e+00  
 73.3 2.2727e+01  14 1.00000e+00  
 73.4 2.2788e+01  14 1.00000e+00  
 73.5 2.2830e+01  14 1.00000e+00  
 73.6 2.2857e+01  14 1.00000e+00  
 73.7 2.2890e+01  14 1.00000e+00  
 73.8 2.2942e+01  14 1.00000e+00  
 73.9 2.2960e+01  14 1.00000e+00  
 74.0 2.3008e+01  14 1.00000e+00  
 74.1 2.3067e+01  14 1.00000e+00  
 74.2 2.3113e+01  14 1.00000e+00  
 74.3 2.3138e+01  14 1.00000e+00  
 74.4 2.3156e+01  14 1.00000e+00  
 74.5 2.3196e+01  14 1.00000e+00  
 74.6 2.3219e+01  14 1.00000e+00  
 74.7 2.3252e+01  14 1.00000e+00  
 74.8 2.3271e+01  14 1.00000e+00  
 74.9 2.3293e+01  14 1.00000e+00  
 75.0 2.3328e+01  14 1.00000e+00  
 75.1 2.3375e+01  14 1.00000e+00  
 75.2 2.3432e+01  14 1.00000e+00  
 75.3 2.3475e+01  14 1.00000e+00  
 75.4 2.3530e+01  14 1.00000e+00  
 75.5 2.3576e+01  14 1.00000e+00  
 75.6 2.3604e+01  14 1.00000e+00  
 75.7 2.3658e+01  14 1.00000e+00  
 75.8 2.3699e+01  14 1.00000e+00  
 75.9 2.3752e+01  14 1.00000e+00  
 76.0 2.3797e+01  14 1.00000e+00  
 76.1 2.3837e+01  14 1.00000e+00  
 76.2 2.3876e+01  14 1.00000e+00  
 76.3 2.3914e+01  14 1.00000e+00  
 76.4 2.3943e+01  14 1.00000e+00  
 76.5 2.3985e+01  14 1.00000e+00  
 76.6 2.4018e+01  14 1.00000e+00  
 76.7 2.4105e+01  14 1.00000e+00  
 76.8 2.4126e+01  14 1.00000e+00  
 76.9 2.4151e+01  14 1.00000e+00  
 77.0 2.4180e+01  14 1.00000e+00  
 77.1 2.4201e+01  14 1.00000e+00  
 77.2 2.4238e+01  14 1.00000e+00  
 77.3 2.4265e+01  14 1.00000e+00  
 77.4 2.4285e+01  14 1.00000e+00  
 77.5 2.4312e+01  14 1.00000e+00  
 77.6 2.4333e+01  14 1.00000e+00  
 77.7 2.4392e+01  14 1.00000e+00  
 77.8 2.4431e+01  14 1.00000e+00  
 77.9 2.4498e+01  14 1.00000e+00  
 78.0 2.4549e+01  14 1.00000e+00  
 78.1 2.4594e+01  14 1.00000e+00  
 78.2 2.4626e+01  14 1.00000e+00  
 78.3 2.4679e+01  14 1.00000e+00  
 78.4 2.4722e+01  14 1.00000e+00  
 78.5 2.4763e+01  14 1.00000e+00  
 78.6 2.4817e+01  14 1.00000e+00  
 78.7 2.4859e+01  14 1.00000e+00  
 78.8 2.4899e+01  14 1.00000e+00  
 78.9 2.4937e+01  14 1.00000e+00  
 79.0 2.4966e+01  14 1.00000e+00  
 79.1 2.5009e+01  14 1.00000e+00  
 79.2 2.5034e+01  14 1.00000e+00  
 79.3 2.5078e+01  14 1.00000e+00  
 79.4 2.5164e+01  14 1.00000e+00  
 79.5 2.5202e+01  14 1.00000e+00  
 79.6 2.5230e+01  14 1.00000e+00  
 79.7 2.5250e+01  14 1.00000e+00  
 79.8 2.5270e+01  14 1.00000e+00  
 79.9 2.5320e+01  14 1.00000e+00  
 80.0 2.5349e+01  14 1.00000e+00  
 80.1 2.5377e+01  14 1.00000e+00  
 80.2 2.5406e+01  14 1.00000e+00  
 80.3 2.5416e+01  14 1.00000e+00  
 80.4 2.5470e+01  14 1.00000e+00  
 80.5 2.5542e+01  14 1.00000e+00  
 80.6 2.5600e+01  14 1.00000e+00  
 80.7 2.5650e+01  14 1.00000e+00  
 80.8 2.5697e+01  14 1.00000e+00  
 80.9 2.5725e+01  14 1.00000e+00  
 81.0 2.5786e+01  14 1.00000e+00  
 81.1 2.5828e+01  14 1.00000e+00  
 81.2 2.5869e+01  14 1.00000e+00  
 81.3 2.5916e+01  14 1.00000e+00  
 81.4 2.5966e+01  14 1.00000e+00  
 81.5 2.6008e+01  14 1.00000e+00  
 81.6 2.6043e+01  14 1.00000e+00  
 81.7 2.6071e+01  14 1.00000e+00  
 81.8 2.6119e+01  14 1.00000e+00  
 81.9 2.6145e+01  14 1.00000e+00  
 82.0 2.6190e+01  14 1.00000e+00  
 82.1 2.6224e+01  14 1.00000e+00  
 82.2 2.6284e+01  14 1.00000e+00  
 82.3 2.6329e+01  14 1.00000e+00  
 82.4 2.6357e+01  14 1.00000e+00  
 82.5 2.6382e+01  14 1.00000e+00  
 82.6 2.6403e+01  14 1.00000e+00  
 82.7 2.6438e+01  14 1.00000e+00  
 82.8 2.6480e+01  14 1.00000e+00  
 82.9 2.6509e+01  14 1.00000e+00  
 83.0 2.6517e+01  14 1.00000e+00  
 83.1 2.6563e+01  14 1.00000e+00  
 83.2 2.6611e+01  14 1.00000e+00  
 83.3 2.6671e+01  14 1.00000e+00  
 83.4 2.6725e+01  14 1.00000e+00  
 83.5 2.6759e+01  14 1.00000e+00  
 83.6 2.6816e+01  14 1.00000e+00  
 83.7 2.6877e+01  14 1.00000e+00  
 83.8 2.6913e+01  14 1.00000e+00  
 83.9 2.6966e+01  14 1.00000e+00  
 84.0 2.7010e+01  14 1.00000e+00  
 84.1 2.7051e+01  14 1.00000e+00  
 84.2 2.7091e+01  14 1.00000e+00  
 84.3 2.7142e+01  14 1.00000e+00  
 84.4 2.7188e+01  14 1.00000e+00  
 84.5 2.7226e+01  14 1.00000e+00  
 84.6 2.7251e+01  14 1.00000e+00  
 84.7 2.7308e+01  14 1.00000e+00  
 84.8 2.7342e+01  14 1.00000e+00  
 84.9 2.7382e+01  14 1.00000e+00  
 85.0 2.7408e+01  14 1.00000e+00  
 85.1 2.7452e+01  14 1.00000e+00  
 85.2 2.7534e+01  14 1.00000e+00  
 85.3 2.7545e+01  14 1.00000e+00  
 85.4 2.7572e+01  14 1.00000e+00  
 85.5 2.7607e+01  14 1.00000e+00  
 85.6 2.7653e+01  14 1.00000e+00  
 85.7 2.7684e+01  14 1.00000e+00  
 85.8 2.7709e+01  14 1.00000e+00  
 85.9 2.7739e+01  14 1.00000e+00  
 86.0 2.7754e+01  14 1.00000e+00  
 86.1 2.7794e+01  14 1.00000e+00  
 86.2 2.7843e+01  14 1.00000e+00  
 86.3 2.7903e+01  14 1.00000e+00  
 86.4 2.7960e+01  14 1.00000e+00  
 86.5 2.8013e+01  14 1.00000e+00  
 86.6 2.8065e+01  14 1.00000e+00  
 86.7 2.8112e+01  14 1.00000e+00  
 86.8 2.8151e+01  14 1.00000e+00  
 86.9 2.8204e+01  14 1.00000e+00  
 87.0 2.8252e+01  14 1.00000e+00  
 87.1 2.8294e+01  14 1.00000e+00  
 87.2 2.8336e+01  14 1.00000e+00  
 87.3 2.8381e+01  14 1.00000e+00  
 87.4 2.8420e+01  14 1.00000e+00  
 87.5 2.8465e+01  14 1.00000e+00  
 87.6 2.8499e+01  14 1.00000e+00  
 87.7 2.8559e+01  14 1.00000e+00  
 87.8 2.8598e+01  14 1.00000e+00  
 87.9 2.8621e+01  14 1.00000e+00  
 88.0 2.8673e+01  14 1.00000e+00  
 88.1 2.8694e+01  14 1.00000e+00  
 88.2 2.8744e+01  14 1.00000e+00  
 88.3 2.8830e+01  14 1.00000e+00  
 88.4 2.8839e+01  14 1.00000e+00  
 88.5 2.8865e+01  14 1.00000e+00  
 88.6 2.8906e+01  14 1.00000e+00  
 88.7 2.8936e+01  14 1.00000e+00  
 88.8 2.8973e+01  14 1.00000e+00  
 88.9 2.9011e+01  14 1.00000e+00  
 89.0 2.9045e+01  14 1.00000e+00  
 89.1 2.9078e+01  14 1.00000e+00  
 89.2 2.9103e+01  14 1.00000e+00  
 89.3 2.9135e+01  14 1.00000e+00  
 89.4 2.9183e+01  14 1.00000e+00  
 89.5 2.9244e+01  14 1.00000e+00  
 89.6 2.9303e+01  14 1.00000e+00  
 89.7 2.9358e+01  14 1.00000e+00  
 89.8 2.9407e+01  14 1.00000e+00  
 89.9 2.9445e+01  14 1.00000e+00  
 90.0 2.9512e+01  14 1.00000e+00  
 90.1 2.9543e+01  14 1.00000e+00  
 90.2 2.9599e+01  14 1.00000e+00  
 90.3 2.9645e+01  14 1.00000e+00  
 90.4 2.9687e+01  14 1.00000e+00  
 90.5 2.9745e+01  14 1.00000e+00  
 90.6 2.9789e+01  14 1.00000e+00  
 90.7 2.9820e+01  14 1.00000e+00  
 90.8 2.9874e+01  14 1.00000e+00  
 90.9 2.9916e+01  14 1.00000e+00  
 91.0 2.9954e+01  14 1.00000e+00  
 91.1 2.9974e+01  14 1.00000e+00  
 91.2 3.0033e+01  14 1.00000e+00  
 91.3 3.0060e+01  14 1.00000e+00  
 91.4 3.0108e+01  14 1.00000e+00  
 91.5 3.0127e+01  14 1.00000e+00  
 91.6 3.0232e+01  14 1.00000e+00  
 91.7 3.0260e+01  14 1.00000e+00  
 91.8 3.0292e+01  14 1.00000e+00  
 91.9 3.0324e+01  14 1.00000e+00  
 92.0 3.0355e+01  14 1.00000e+00  
 92.1 3.0371e+01  14 1.00000e+00  
 92.2 3.0415e+01  14 1.00000e+00  
 92.3 3.0455e+01  14 1.00000e+00  
 92.4 3.0487e+01  14 1.00000e+00  
 92.5 3.0499e+01  14 1.00000e+00  
 92.6 3.0550e+01  14 1.00000e+00  
 92.7 3.0564e+01  14 1.00000e+00  
 92.8 3.0638e+01  14 1.00000e+00  
 92.9 3.0704e+01  14 1.00000e+00  
 93.0 3.0763e+01  14 1.00000e+00  
 93.1 3.0819e+01  14 1.00000e+00  
 93.2 3.0872e+01  14 1.00000e+00  
 93.3 3.0902e+01  14 1.00000e+00  
 93.4 3.0974e+01  14 1.00000e+00  
 93.5 3.1009e+01  14 1.00000e+00  
 93.6 3.1057e+01  14 1.00000e+00  
 93.7 3.1110e+01  14 1.00000e+00  
 93.8 3.1156e+01  14 1.00000e+00  
 93.9 3.1197e+01  14 1.00000e+00  
 94.0 3.1259e+01  14 1.00000e+00  
 94.1 3.1305e+01  14 1.00000e+00  
 94.2 3.1349e+01  14 1.00000e+00  
 94.3 3.1392e+01  14 1.00000e+00  
 94.4 3.1430e+01  14 1.00000e+00  
 94.5 3.1451e+01  14 1.00000e+00  
 94.6 3.1513e+01  14 1.00000e+00  
 94.7 3.1551e+01  14 1.00000e+00  
 94.8 3.1570e+01  14 1.00000e+00  
 94.9 3.1620e+01  14 1.00000e+00  
 95.0 3.1659e+01  14 1.00000e+00  
 95.1 3.1732e+01  14 1.00000e+00  
 95.2 3.1759e+01  14 1.00000e+00  
 95.3 3.1805e+01  14 1.00000e+00  
 95.4 3.1846e+01  14 1.00000e+00  
 95.5 3.1879e+01  14 1.00000e+00  
 95.6 3.1897e+01  14 1.00000e+00  
 95.7 3.1938e+01  14 1.00000e+00  
 95.8 3.1979e+01  14 1.00000e+00  
 95.9 3.2012e+01  14 1.00000e+00  
 96.0 3.2037e+01  14 1.00000e+00  
 96.1 3.2078e+01  14 1.00000e+00  
 96.2 3.2102e+01  14 1.00000e+00  
 96.3 3.2161e+01  14 1.00000e+00  
 96.4 3.2220e+01  14 1.00000e+00  
 96.5 3.2276e+01  14 1.00000e+00  
 96.6 3.2322e+01  14 1.00000e+00  
 96.7 3.2397e+01  14 1.00000e+00  
 96.8 3.2450e+01  14 1.00000e+00  
 96.9 3.2479e+01  14 1.00000e+00  
 97.0 3.2553e+01  14 1.00000e+00  
 97.1 3.2602e+01  14 1.00000e+00  
 97.2 3.2628e+01  14 1.00000e+00  
 97.3 3.2685e+01  14 1.00000e+00  
 97.4 3.2735e+01  14 1.00000e+00  
 97.5 3.2777e+01  14 1.00000e+00  
 97.6 3.2811e+01  14 1.00000e+00  
 97.7 3.2888e+01  14 1.00000e+00  
 97.8 3.2931e+01  14 1.00000e+00  
 97.9 3.2977e+01  14 1.00000e+00  
 98.0 3.3010e+01  14 1.00000e+00  
 98.1 3.3052e+01  14 1.00000e+00  
 98.2 3.3106e+01  14 1.00000e+00  
 98.3 3.3142e+01  14 1.00000e+00  
 98.4 3.3163e+01  14 1.00000e+00  
 98.5 3.3226e+01  14 1.00000e+00  
 98.6 3.3251e+01  14 1.00000e+00  
 98.7 3.3302e+01  14 1.00000e+00  
 98.8 3.3409e+01  14 1.00000e+00  
 98.9 3.3453e+01  14 1.00000e+00  
 99.0 3.3498e+01  14 1.00000e+00  
 99.1 3.3529e+01  14 1.00000e+00  
 99.2 3.3550e+01  14 1.00000e+00  
 99.3 3.3603e+01  14 1.00000e+00  
 99.4 3.3637e+01  14 1.00000e+00  
 99.5 3.3657e+01  14 1.00000e+00  
 99.6 3.3707e+01  14 1.00000e+00  
 99.7 3.3731e+01  14 1.00000e+00  
 99.8 3.3764e+01  14 1.00000e+00  
 99.9 3.3774e+01  14 1.00000e+00  
100.0 3.3865e+01  14 1.00000e+00  
100.1 3.3928e+01  14 1.00000e+00  
100.2 3.3983e+01  14 1.00000e+00  
100.3 3.4023e+01  14 1.00000e+00  
100.4 3.4102e+01  14 1.00000e+00  
100.5 3.4154e+01  14 1.00000e+00  
100.6 3.4206e+01  14 1.00000e+00  
100.7 3.4255e+01  14 1.00000e+00  
100.8 3.4312e+01  14 1.00000e+00  
100.9 3.4360e+01  14 1.00000e+00  
101.0 3.4389e+01  14 1.00000e+00  
101.1 3.4437e+01  14 1.00000e+00  
101.2 3.4482e+01  14 1.00000e+00  
101.3 3.4522e+01  14 1.00000e+00  
101.4 3.4588e+01  14 1.00000e+00  
101.5 3.4639e+01  14 1.00000e+00  
101.6 3.4688e+01  14 1.00000e+00  
101.7 3.4734e+01  14 1.00000e+00  
101.8 3.4789e+01  14 1.00000e+00  
101.9 3.4832e+01  14 1.00000e+00  
102.0 3.4866e+01  14 1.00000e+00  
102.1 3.4902e+01  14 1.00000e+00  
102.2 3.4956e+01  14 1.00000e+00  
102.3 3.4992e+01  14 1.00000e+00  
102.4 3.5035e+01  14 1.00000e+00  
102.5 3.5077e+01  14 1.00000e+00  
102.6 3.5094e+01  14 1.00000e+00  
102.7 3.5205e+01  14 1.00000e+00  
102.8 3.5217e+01  14 1.00000e+00  
102.9 3.5275e+01  14 1.00000e+00  
103.0 3.5312e+01  14 1.00000e+00  
103.1 3.5339e+01  14 1.00000e+00  
103.2 3.5386e+01  14 1.00000e+00  
103.3 3.5407e+01  14 1.00000e+00  
103.4 3.5456e+01  14 1.00000e+00  
103.5 3.5492e+01  14 1.00000e+00  
103.6 3.5527e+01  14 1.00000e+00  
103.7 3.5559e+01  14 1.00000e+00  
103.8 3.5599e+01  14 1.00000e+00  
103.9 3.5616e+01  14 1.00000e+00  
104.0 3.5688e+01  14 1.00000e+00  
104.1 3.5735e+01  14 1.00000e+00  
104.2 3.5816e+01  14 1.00000e+00  
104.3 3.5877e+01  14 1.00000e+00  
104.4 3.5919e+01  14 1.00000e+00  
104.5 3.5992e+01  14 1.00000e+00  
104.6 3.6042e+01  14 1.00000e+00  
104.7 3.6102e+01  14 1.00000e+00  
104.8 3.6127e+01  14 1.00000e+00  
104.9 3.6201e+01  14 1.00000e+00  
105.0 3.6253e+01  14 1.00000e+00  
105.1 3.6301e+01  14 1.00000e+00  
105.2 3.6349e+01  14 1.00000e+00  
105.3 3.6396e+01  14 1.00000e+00  
105.4 3.6442e+01  14 1.00000e+00  
105.5 3.6487e+01  14 1.00000e+00  
105.6 3.6554e+01  14 1.00000e+00  
105.7 3.6601e+01  14 1.00000e+00  
105.8 3.6646e+01  14 1.00000e+00  
105.9 3.6689e+01  14 1.00000e+00  
106.0 3.6724e+01  14 1.00000e+00  
106.1 3.6758e+01  14 1.00000e+00  
106.2 3.6819e+01  14 1.00000e+00  
106.3 3.6861e+01  14 1.00000e+00  
106.4 3.6889e+01  14 1.00000e+00  
106.5 3.6943e+01  14 1.00000e+00  
106.6 3.6987e+01  14 1.00000e+00  
106.7 3.7006e+01  14 1.00000e+00  
106.8 3.7066e+01  14 1.00000e+00  
106.9 3.7152e+01  14 1.00000e+00  
107.0 3.7194e+01  14 1.00000e+00  
107.1 3.7207e+01  14 1.00000e+00  
107.2 3.7270e+01  14 1.00000e+00  
107.3 3.7281e+01  14 1.00000e+00  
107.4 3.7318e+01  14 1.00000e+00  
107.5 3.7351e+01  14 1.00000e+00  
107.6 3.7393e+01  14 1.00000e+00  
107.7 3.7422e+01  14 1.00000e+00  
107.8 3.7467e+01  14 1.00000e+00  
107.9 3.7501e+01  14 1.00000e+00  
108.0 3.7534e+01  14 1.00000e+00  
108.1 3.7577e+01  14 1.00000e+00  
108.2 3.7601e+01  14 1.00000e+00  
108.3 3.7636e+01  14 1.00000e+00  
108.4 3.7723e+01  14 1.00000e+00  
108.5 3.7784e+01  14 1.00000e+00  
108.6 3.7842e+01  14 1.00000e+00  
108.7 3.7911e+01  14 1.00000e+00  
108.8 3.7950e+01  14 1.00000e+00  
108.9 3.8027e+01  14 1.00000e+00  
109.0 3.8061e+01  14 1.00000e+00  
109.1 3.8136e+01  14 1.00000e+00  
109.2 3.8189e+01  14 1.00000e+00  
109.3 3.8220e+01  14 1.00000e+00  
109.4 3.8283e+01  14 1.00000e+00  
109.5 3.8342e+01  14 1.00000e+00  
109.6 3.8393e+01  14 1.00000e+00  
109.7 3.7726e+01  14 1.00000e+00  
109.8 3.7787e+01  14 1.00000e+00  
109.9 3.7839e+01  14 1.00000e+00  
110.0 3.7911e+01  14 1.00000e+00  
110.1 3.7950e+01  14 1.00000e+00  
110.2 3.8026e+01  14 1.00000e+00  
110.3 3.8058e+01  14 1.00000e+00  
110.4 3.8134e+01  14 1.00000e+00  
110.5 3.8187e+01  14 1.00000e+00  
110.6 3.7538e+01  14 1.00000e+00  
110.7 3.7578e+01  14 1.00000e+00  
110.8 3.7601e+01  14 1.00000e+00  
110.9 3.7630e+01  14 1.00000e+00  
111.0 3.7719e+01  14 1.00000e+00  
111.1 3.7775e+01  14 1.00000e+00  
111.2 3.7841e+01  14 1.00000e+00  
111.3 3.7900e+01  14 1.00000e+00  
111.4 3.7937e+01  14 1.00000e+00  
111.5 3.7391e+01  14 1.00000e+00  
111.6 3.7422e+01  14 1.00000e+00  
111.7 3.7462e+01  14 1.00000e+00  
111.8 3.7497e+01  14 1.00000e+00  
111.9 3.7516e+01  14 1.00000e+00  
112.0 3.7569e+01  14 1.00000e+00  
112.1 3.7597e+01  14 1.00000e+00  
112.2 3.7618e+01  14 1.00000e+00  
112.3 3.7700e+01  14 1.00000e+00  
112.4 3.7259e+01  14 1.00000e+00  
112.5 3.7283e+01  14 1.00000e+00  
112.6 3.7285e+01  14 1.00000e+00  
112.7 3.7344e+01  14 1.00000e+00  
112.8 3.7365e+01  14 1.00000e+00  
112.9 3.7414e+01  14 1.00000e+00  
113.0 3.7426e+01  14 1.00000e+00  
113.1 3.7484e+01  14 1.00000e+00  
113.2 3.7504e+01  14 1.00000e+00  
113.3 3.7552e+01  14 1.00000e+00  
113.4 3.7140e+01  14 1.00000e+00  
113.5 3.7146e+01  14 1.00000e+00  
113.6 3.7204e+01  14 1.00000e+00  
113.7 3.7223e+01  14 1.00000e+00  
113.8 3.7276e+01  14 1.00000e+00  
113.9 3.7283e+01  14 1.00000e+00  
114.0 3.7323e+01  14 1.00000e+00  
114.1 3.7351e+01  14 1.00000e+00  
114.2 3.7393e+01  14 1.00000e+00  
114.3 3.7422e+01  14 1.00000e+00  
114.4 3.6944e+01  14 1.00000e+00  
114.5 3.6985e+01  14 1.00000e+00  
114.6 3.7007e+01  14 1.00000e+00  
114.7 3.7057e+01  14 1.00000e+00  
114.8 3.7150e+01  14 1.00000e+00  
114.9 3.7179e+01  14 1.00000e+00  
115.0 3.7210e+01  14 1.00000e+00  
115.1 3.7249e+01  14 1.00000e+00  
115.2 3.7283e+01  14 1.00000e+00  
115.3 3.7281e+01  14 1.00000e+00  
115.4 3.6798e+01  14 1.00000e+00  
115.5 3.6839e+01  14 1.00000e+00  
115.6 3.6875e+01  14 1.00000e+00  
115.7 3.6892e+01  14 1.00000e+00  
115.8 3.6953e+01  14 1.00000e+00  
115.9 3.6991e+01  14 1.00000e+00  
116.0 3.7006e+01  14 1.00000e+00  
116.1 3.7064e+01  14 1.00000e+00  
116.2 3.7152e+01  14 1.00000e+00  
116.3 3.7185e+01  14 1.00000e+00  
116.4 3.7211e+01  14 1.00000e+00  
116.5 3.6685e+01  14 1.00000e+00  
116.6 3.6718e+01  14 1.00000e+00  
116.7 3.6739e+01  14 1.00000e+00  
116.8 3.6801e+01  14 1.00000e+00  
116.9 3.6841e+01  14 1.00000e+00  
117.0 3.6876e+01  14 1.00000e+00  
117.1 3.6892e+01  14 1.00000e+00  
117.2 3.6953e+01  14 1.00000e+00  
117.3 3.6991e+01  14 1.00000e+00  
117.4 3.7006e+01  14 1.00000e+00  
117.5 3.7063e+01  14 1.00000e+00  
117.6 3.6562e+01  14 1.00000e+00  
117.7 3.6603e+01  14 1.00000e+00  
117.8 3.6644e+01  14 1.00000e+00  
117.9 3.6682e+01  14 1.00000e+00  
118.0 3.6715e+01  14 1.00000e+00  
118.1 3.6738e+01  14 1.00000e+00  
118.2 3.6796e+01  14 1.00000e+00  
118.3 3.6836e+01  14 1.00000e+00  
118.4 3.6871e+01  14 1.00000e+00  
118.5 3.6891e+01  14 1.00000e+00  
118.6 3.6946e+01  14 1.00000e+00  
118.7 3.6411e+01  14 1.00000e+00  
118.8 3.6452e+01  14 1.00000e+00  
118.9 3.6510e+01  14 1.00000e+00  
119.0 3.6552e+01  14 1.00000e+00  
119.1 3.6593e+01  14 1.00000e+00  
119.2 3.6633e+01  14 1.00000e+00  
119.3 3.6672e+01  14 1.00000e+00  
119.4 3.6707e+01  14 1.00000e+00  
119.5 3.6733e+01  14 1.00000e+00  
119.6 3.6771e+01  14 1.00000e+00  
119.7 3.6823e+01  14 1.00000e+00  
119.8 3.6272e+01  14 1.00000e+00  
119.9 3.6314e+01  14 1.00000e+00  
120.0 3.6355e+01  14 1.00000e+00  
120.1 3.6396e+01  14 1.00000e+00  
120.2 3.6436e+01  14 1.00000e+00  
120.3 3.6475e+01  14 1.00000e+00  
120.4 3.6535e+01  14 1.00000e+00  
120.5 3.6576e+01  14 1.00000e+00  
120.6 3.6616e+01  14 1.00000e+00  
120.7 3.6655e+01  14 1.00000e+00  
120.8 3.6692e+01  14 1.00000e+00  
120.9 3.6121e+01  14 1.00000e+00  
121.0 3.6148e+01  14 1.00000e+00  
121.1 3.6207e+01  14 1.00000e+00  
121.2 3.6251e+01  14 1.00000e+00  
121.3 3.6293e+01  14 1.00000e+00  
121.4 3.6333e+01  14 1.00000e+00  
121.5 3.6373e+01  14 1.00000e+00  
121.6 3.6418e+01  14 1.00000e+00  
121.7 3.6458e+01  14 1.00000e+00  
121.8 3.6515e+01  14 1.00000e+00  
121.9 3.6557e+01  14 1.00000e+00  
122.0 3.6597e+01  14 1.00000e+00  
122.1 3.6636e+01  14 1.00000e+00  
122.2 3.6049e+01  14 1.00000e+00  
122.3 3.6098e+01  14 1.00000e+00  
122.4 3.6120e+01  14 1.00000e+00  
122.5 3.6180e+01  14 1.00000e+00  
122.6 3.6226e+01  14 1.00000e+00  
122.7 3.6268e+01  14 1.00000e+00  
122.8 3.6309e+01  14 1.00000e+00  
122.9 3.6354e+01  14 1.00000e+00  
123.0 3.6394e+01  14 1.00000e+00  
123.1 3.6433e+01  14 1.00000e+00  
123.2 3.6472e+01  14 1.00000e+00  
123.3 3.6529e+01  14 1.00000e+00  
123.4 3.6570e+01  14 1.00000e+00  
123.5 3.5975e+01  14 1.00000e+00  
123.6 3.6000e+01  14 1.00000e+00  
123.7 3.6066e+01  14 1.00000e+00  
123.8 3.6111e+01  14 1.00000e+00  
123.9 3.6128e+01  14 1.00000e+00  
124.0 3.6192e+01  14 1.00000e+00  
124.1 3.6237e+01  14 1.00000e+00  
124.2 3.6283e+01  14 1.00000e+00  
124.3 3.6323e+01  14 1.00000e+00  
124.4 3.6362e+01  14 1.00000e+00  
124.5 3.6401e+01  14 1.00000e+00  
124.6 3.6440e+01  14 1.00000e+00  
124.7 3.5811e+01  14 1.00000e+00  
124.8 3.5885e+01  14 1.00000e+00  
124.9 3.5914e+01  14 1.00000e+00  
125.0 3.5981e+01  14 1.00000e+00  
125.1 3.6001e+01  14 1.00000e+00  
125.2 3.6072e+01  14 1.00000e+00  
125.3 3.6115e+01  14 1.00000e+00  
125.4 3.6143e+01  14 1.00000e+00  
125.5 3.6201e+01  14 1.00000e+00  
125.6 3.6244e+01  14 1.00000e+00  
125.7 3.6284e+01  14 1.00000e+00  
125.8 3.6324e+01  14 1.00000e+00  
125.9 3.5675e+01  14 1.00000e+00  
126.0 3.5731e+01  14 1.00000e+00  
126.1 3.5784e+01  14 1.00000e+00  
126.2 3.5813e+01  14 1.00000e+00  
126.3 3.5884e+01  14 1.00000e+00  
126.4 3.5908e+01  14 1.00000e+00  
126.5 3.5983e+01  14 1.00000e+00  
126.6 3.6006e+01  14 1.00000e+00  
126.7 3.6073e+01  14 1.00000e+00  
126.8 3.6116e+01  14 1.00000e+00  
126.9 3.6135e+01  14 1.00000e+00  
127.0 3.6196e+01  14 1.00000e+00  
127.1 3.5573e+01  14 1.00000e+00  
127.2 3.5602e+01  14 1.00000e+00  
127.3 3.5616e+01  14 1.00000e+00  
127.4 3.5660e+01  14 1.00000e+00  
127.5 3.5723e+01  14 1.00000e+00  
127.6 3.5771e+01  14 1.00000e+00  
127.7 3.5819e+01  14 1.00000e+00  
127.8 3.5879e+01  14 1.00000e+00  
127.9 3.5902e+01  14 1.00000e+00  
128.0 3.5972e+01  14 1.00000e+00  
128.1 3.5997e+01  14 1.00000e+00  
128.2 3.6060e+01  14 1.00000e+00  
128.3 3.6105e+01  14 1.00000e+00  
128.4 3.5508e+01  14 1.00000e+00  
128.5 3.5530e+01  14 1.00000e+00  
128.6 3.5558e+01  14 1.00000e+00  
128.7 3.5592e+01  14 1.00000e+00  
128.8 3.5613e+01  14 1.00000e+00  
128.9 3.5635e+01  14 1.00000e+00  
129.0 3.5709e+01  14 1.00000e+00  
129.1 3.5747e+01  14 1.00000e+00  
129.2 3.5809e+01  14 1.00000e+00  
129.3 3.5852e+01  14 1.00000e+00  
129.4 3.5905e+01  14 1.00000e+00  
129.5 3.5949e+01  14 1.00000e+00  
129.6 3.5396e+01  14 1.00000e+00  
129.7 3.5436e+01  14 1.00000e+00  
129.8 3.5459e+01  14 1.00000e+00  
129.9 3.5492e+01  14 1.00000e+00  
130.0 3.5522e+01  14 1.00000e+00  
130.1 3.5529e+01  14 1.00000e+00  
130.2 3.5581e+01  14 1.00000e+00  
130.3 3.5606e+01  14 1.00000e+00  
130.4 3.5616e+01  14 1.00000e+00  
130.5 3.5675e+01  14 1.00000e+00  
130.6 3.5730e+01  14 1.00000e+00  
130.7 3.5781e+01  14 1.00000e+00  
130.8 3.5819e+01  14 1.00000e+00  
130.9 3.5878e+01  14 1.00000e+00  
131.0 3.5904e+01  14 1.00000e+00  
131.1 3.5970e+01  14 1.00000e+00  
131.2 3.5395e+01  14 1.00000e+00  
131.3 3.5448e+01  14 1.00000e+00  
131.4 3.5456e+01  14 1.00000e+00  
131.5 3.5502e+01  14 1.00000e+00  
131.6 3.5528e+01  14 1.00000e+00  
131.7 3.5537e+01  14 1.00000e+00  
131.8 3.5590e+01  14 1.00000e+00  
131.9 3.5611e+01  14 1.00000e+00  
132.0 3.5618e+01  14 1.00000e+00  
132.1 3.5693e+01  14 1.00000e+00  
132.2 3.5720e+01  14 1.00000e+00  
132.3 3.5795e+01  14 1.00000e+00  
132.4 3.5819e+01  14 1.00000e+00  
132.5 3.5889e+01  14 1.00000e+00  
132.6 3.5916e+01  14 1.00000e+00  
132.7 3.0627e+01  14 1.00000e+00  
132.8 3.5422e+01  14 1.00000e+00  
132.9 3.5452e+01  14 1.00000e+00  
133.0 3.5454e+01  14 1.00000e+00  
133.1 3.5507e+01  14 1.00000e+00  
133.2 3.5530e+01  14 1.00000e+00  
133.3 3.5548e+01  14 1.00000e+00  
133.4 3.5593e+01  14 1.00000e+00  
133.5 3.5612e+01  14 1.00000e+00  
133.6 3.5623e+01  14 1.00000e+00  
133.7 3.5697e+01  14 1.00000e+00  
133.8 3.5724e+01  14 1.00000e+00  
133.9 3.5797e+01  14 1.00000e+00  
134.0 3.5822e+01  14 1.00000e+00  
134.1 3.5889e+01  14 1.00000e+00  
134.2 3.5916e+01  14 1.00000e+00  
134.3 3.0627e+01  14 1.00000e+00  
134.4 3.5418e+01  14 1.00000e+00  
134.5 3.5451e+01  14 1.00000e+00  
134.6 3.5454e+01  14 1.00000e+00  
134.7 3.5505e+01  14 1.00000e+00  
134.8 3.5529e+01  14 1.00000e+00  
134.9 3.5540e+01  14 1.00000e+00  
135.0 3.5590e+01  14 1.00000e+00  
135.1 3.5611e+01  14 1.00000e+00  
135.2 3.5615e+01  14 1.00000e+00  
135.3 3.5689e+01  14 1.00000e+00  
135.4 3.5726e+01  14 1.00000e+00  
135.5 3.5789e+01  14 1.00000e+00  
135.6 3.5812e+01  14 1.00000e+00  
135.7 3.5881e+01  14 1.00000e+00  
135.8 3.5903e+01  14 1.00000e+00  
135.9 3.0641e+01  14 1.00000e+00  
136.0 3.0683e+01  14 1.00000e+00  
136.1 3.5445e+01  14 1.00000e+00  
136.2 3.5458e+01  14 1.00000e+00  
136.3 3.5497e+01  14 1.00000e+00  
136.4 3.5525e+01  14 1.00000e+00  
136.5 3.5533e+01  14 1.00000e+00  
136.6 3.5582e+01  14 1.00000e+00  
136.7 3.5606e+01  14 1.00000e+00  
136.8 3.5616e+01  14 1.00000e+00  
136.9 3.5666e+01  14 1.00000e+00  
137.0 3.5722e+01  14 1.00000e+00  
137.1 3.5766e+01  14 1.00000e+00  
137.2 3.5817e+01  14 1.00000e+00  
137.3 3.5860e+01  14 1.00000e+00  
137.4 3.0562e+01  14 1.00000e+00  
137.5 3.0625e+01  14 1.00000e+00  
137.6 3.0657e+01  14 1.00000e+00  
137.7 3.0704e+01  14 1.00000e+00  
137.8 3.5458e+01  14 1.00000e+00  
137.9 3.5475e+01  14 1.00000e+00  
138.0 3.5514e+01  14 1.00000e+00  
138.1 3.5531e+01  14 1.00000e+00  
138.2 3.5568e+01  14 1.00000e+00  
138.3 3.5596e+01  14 1.00000e+00  
138.4 3.5613e+01  14 1.00000e+00  
138.5 3.5623e+01  14 1.00000e+00  
138.6 3.5699e+01  14 1.00000e+00  
138.7 3.5725e+01  14 1.00000e+00  
138.8 3.5795e+01  14 1.00000e+00  
138.9 3.5813e+01  14 1.00000e+00  
139.0 3.5885e+01  14 1.00000e+00  
139.1 3.5902e+01  14 1.00000e+00  
139.2 3.0642e+01  14 1.00000e+00  
139.3 3.0684e+01  14 1.00000e+00  
139.4 3.5445e+01  14 1.00000e+00  
139.5 3.5459e+01  14 1.00000e+00  
139.6 3.5497e+01  14 1.00000e+00  
139.7 3.5523e+01  14 1.00000e+00  
139.8 3.5529e+01  14 1.00000e+00  
139.9 3.5579e+01  14 1.00000e+00  
140.0 3.5604e+01  14 1.00000e+00  
140.1 3.5616e+01  14 1.00000e+00  
140.2 3.5653e+01  14 1.00000e+00  
140.3 3.5715e+01  14 1.00000e+00  
140.4 3.5750e+01  14 1.00000e+00  
140.5 3.5808e+01  14 1.00000e+00  
140.6 3.5843e+01  14 1.00000e+00  
140.7 3.5896e+01  14 1.00000e+00  
140.8 3.5928e+01  14 1.00000e+00  
140.9 3.5982e+01  14 1.00000e+00  
141.0 3.5430e+01  14 1.00000e+00  
141.1 3.5456e+01  14 1.00000e+00  
141.2 3.5462e+01  14 1.00000e+00  
141.3 3.5510e+01  14 1.00000e+00  
141.4 3.5530e+01  14 1.00000e+00  
141.5 3.5546e+01  14 1.00000e+00  
141.6 3.5587e+01  14 1.00000e+00  
141.7 3.5609e+01  14 1.00000e+00  
141.8 3.5616e+01  14 1.00000e+00  
141.9 3.5683e+01  14 1.00000e+00  
142.0 3.5732e+01  14 1.00000e+00  
142.1 3.5779e+01  14 1.00000e+00  
142.2 3.5823e+01  14 1.00000e+00  
142.3 3.5868e+01  14 1.00000e+00  
142.4 3.5910e+01  14 1.00000e+00  
142.5 3.5951e+01  14 1.00000e+00  
142.6 3.5994e+01  14 1.00000e+00  
142.7 3.6020e+01  14 1.00000e+00  
142.8 3.6075e+01  14 1.00000e+00  
142.9 3.6113e+01  14 1.00000e+00  
143.0 3.5512e+01  14 1.00000e+00  
143.1 3.5530e+01  14 1.00000e+00  
143.2 3.5566e+01  14 1.00000e+00  
143.3 3.5594e+01  14 1.00000e+00  
143.4 3.5612e+01  14 1.00000e+00  
143.5 3.5618e+01  14 1.00000e+00  
143.6 3.5689e+01  14 1.00000e+00  
143.7 3.5731e+01  14 1.00000e+00  
143.8 3.5782e+01  14 1.00000e+00  
143.9 3.5824e+01  14 1.00000e+00  
144.0 3.5876e+01  14 1.00000e+00  
144.1 3.5906e+01  14 1.00000e+00  
144.2 3.5958e+01  14 1.00000e+00  
144.3 3.5999e+01  14 1.00000e+00  
144.4 3.6028e+01  14 1.00000e+00  
144.5 3.6079e+01  14 1.00000e+00  
144.6 3.6116e+01  14 1.00000e+00  
144.7 3.6127e+01  14 1.00000e+00  
144.8 3.6185e+01  14 1.00000e+00  
144.9 3.6224e+01  14 1.00000e+00  
145.0 3.5590e+01  14 1.00000e+00  
145.1 3.5610e+01  14 1.00000e+00  
145.2 3.5616e+01  14 1.00000e+00  
145.3 3.5690e+01  14 1.00000e+00  
145.4 3.5731e+01  14 1.00000e+00  
145.5 3.5781e+01  14 1.00000e+00  
145.6 3.5824e+01  14 1.00000e+00  
145.7 3.5867e+01  14 1.00000e+00  
145.8 3.5909e+01  14 1.00000e+00  
145.9 3.5948e+01  14 1.00000e+00  
146.0 3.5992e+01  14 1.00000e+00  
146.1 3.6024e+01  14 1.00000e+00  
146.2 3.6077e+01  14 1.00000e+00  
146.3 3.6114e+01  14 1.00000e+00  
146.4 3.6127e+01  14 1.00000e+00  
146.5 3.6182e+01  14 1.00000e+00  
146.6 3.6221e+01  14 1.00000e+00  
146.7 3.6257e+01  14 1.00000e+00  
146.8 3.6292e+01  14 1.00000e+00  
146.9 3.6326e+01  14 1.00000e+00  
147.0 3.6359e+01  14 1.00000e+00  
147.1 3.6393e+01  14 1.00000e+00  
147.2 3.6426e+01  14 1.00000e+00  
147.3 3.5809e+01  14 1.00000e+00  
147.4 3.5842e+01  14 1.00000e+00  
147.5 3.5894e+01  14 1.00000e+00  
147.6 3.5919e+01  14 1.00000e+00  
147.7 3.5976e+01  14 1.00000e+00  
147.8 3.5999e+01  14 1.00000e+00  
147.9 3.6051e+01  14 1.00000e+00  
148.0 3.6092e+01  14 1.00000e+00  
148.1 3.6121e+01  14 1.00000e+00  
148.2 3.6160e+01  14 1.00000e+00  
148.3 3.6207e+01  14 1.00000e+00  
148.4 3.6243e+01  14 1.00000e+00  
148.5 3.6277e+01  14 1.00000e+00  
148.6 3.6312e+01  14 1.00000e+00  
148.7 3.6350e+01  14 1.00000e+00  
148.8 3.6383e+01  14 1.00000e+00  
148.9 3.6416e+01  14 1.00000e+00  
149.0 3.6449e+01  14 1.00000e+00  
149.1 3.6480e+01  14 1.00000e+00  
149.2 3.6532e+01  14 1.00000e+00  
149.3 3.6566e+01  14 1.00000e+00  
149.4 3.6599e+01  14 1.00000e+00  
149.5 3.6631e+01  14 1.00000e+00  
149.6 3.6663e+01  14 1.00000e+00  
149.7 3.6078e+01  14 1.00000e+00  
149.8 3.6114e+01  14 1.00000e+00  
149.9 3.6127e+01  14 1.00000e+00  
150.0 3.6181e+01  14 1.00000e+00  
