 15.1 1.3945e+00  13 3.96589e-02  
 15.2 1.4017e+00  13 4.00313e-02  
 15.3 1.4090e+00  13 4.03998e-02  
 15.4 1.4162e+00  13 4.07642e-02  
 15.5 1.4235e+00  13 4.11246e-02  
 15.6 1.4316e+00  13 4.15602e-02  
 15.7 1.4420e+00  13 4.21890e-02  
 15.8 1.4525e+00  13 4.28185e-02  
 15.9 1.4631e+00  13 4.34488e-02  
 16.0 1.4738e+00  13 4.40800e-02  
 16.1 1.4845e+00  13 4.47120e-02  
 16.2 1.4954e+00  13 4.53451e-02  
 16.3 1.5063e+00  13 4.59792e-02  
 16.4 1.5173e+00  13 4.66145e-02  
 16.5 1.5284e+00  13 4.72510e-02  
 16.6 1.5396e+00  13 4.78889e-02  
 16.7 1.5509e+00  13 4.85281e-02  
 16.8 1.5623e+00  13 4.91687e-02  
 16.9 1.5738e+00  13 4.98109e-02  
 17.0 1.5853e+00  13 5.04546e-02  
 17.1 1.5970e+00  13 5.11000e-02  
 17.2 1.6087e+00  13 5.17472e-02  
 17.3 1.6205e+00  13 5.23961e-02  
 17.4 1.6325e+00  13 5.30469e-02  
 17.5 1.6445e+00  13 5.36996e-02  
 17.6 1.6566e+00  13 5.43543e-02  
 17.7 1.6688e+00  13 5.50111e-02  
 17.8 1.6811e+00  13 5.56700e-02  
 17.9 1.6935e+00  13 5.63311e-02  
 18.0 1.7060e+00  13 5.69945e-02  
 18.1 1.7186e+00  13 5.76601e-02  
 18.2 1.7313e+00  13 5.83282e-02  
 18.3 1.7441e+00  13 5.89987e-02  
 18.4 1.7570e+00  13 5.96717e-02  
 18.5 1.7700e+00  13 6.03472e-02  
 18.6 1.7831e+00  13 6.10254e-02  
 18.7 1.7963e+00  13 6.17063e-02  
 18.8 1.8096e+00  13 6.23900e-02  
 18.9 1.8230e+00  13 6.30764e-02  
 19.0 1.8365e+00  13 6.37658e-02  
 19.1 1.8502e+00  13 6.44580e-02  
 19.2 1.8639e+00  13 6.51533e-02  
 19.3 1.8777e+00  13 6.58540e-02  
 19.4 1.8916e+00  13 6.65555e-02  
 19.5 1.9057e+00  13 6.72601e-02  
 19.6 1.9198e+00  13 6.79680e-02  
 19.7 1.6817e+01  14 1.00000e+00  
 19.8 1.6894e+01  14 1.00000e+00  
 19.9 1.6970e+01  14 1.00000e+00  
 20.0 1.7047e+01  14 1.00000e+00  
 20.1 1.7123e+01  14 1.00000e+00  
 20.2 1.7199e+01  14 1.00000e+00  
 20.3 1.7276e+01  14 1.00000e+00  
 20.4 1.7352e+01  14 1.00000e+00  
 20.5 1.7427e+01  14 1.00000e+00  
 20.6 1.7503e+01  14 1.00000e+00  
 20.7 1.7579e+01  14 1.00000e+00  
 20.8 1.7655e+01  14 1.00000e+00  
 20.9 1.7730e+01  14 1.00000e+00  
 21.0 1.7805e+01  14 1.00000e+00  
 21.1 1.7880e+01  14 1.00000e+00  
 21.2 1.7955e+01  14 1.00000e+00  
 21.3 1.8030e+01  14 1.00000e+00  
 21.4 1.8105e+01  14 1.00000e+00  
 21.5 1.8180e+01  14 1.00000e+00  
 21.6 1.8254e+01  14 1.00000e+00  
 21.7 1.8329e+01  14 1.00000e+00  
 21.8 1.8403e+01  14 1.00000e+00  
 21.9 1.8477e+01  14 1.00000e+00  
 22.0 1.8551e+01  14 1.00000e+00  
 22.1 1.8625e+01  14 1.00000e+00  
 22.2 1.8699e+01  14 1.00000e+00  
 22.3 1.8772e+01  14 1.00000e+00  
 22.4 1.8846e+01  14 1.00000e+00  
 22.5 5.4977e+00  14 2.55154e-01  
 22.6 5.6114e+00  14 2.60407e-01  
 22.7 5.7266e+00  14 2.65704e-01  
 22.8 5.8434e+00  14 2.71043e-01  
 22.9 5.9617e+00  14 2.76437e-01  
 23.0 6.0815e+00  14 2.81862e-01  
 23.1 6.2028e+00  14 2.87329e-01  
 23.2 6.3257e+00  14 2.92839e-01  
 23.3 6.4501e+00  14 2.98391e-01  
 23.4 6.5760e+00  14 3.03985e-01  
 23.5 6.7036e+00  14 3.09609e-01  
 23.6 6.8326e+00  14 3.15286e-01  
 23.7 6.9632e+00  14 3.21004e-01  
 23.8 7.0954e+00  14 3.26762e-01  
 23.9 7.2290e+00  14 3.32561e-01  
 24.0 7.3643e+00  14 3.38401e-01  
 24.1 7.5011e+00  14 3.44281e-01  
 24.2 7.6394e+00  14 3.50201e-01  
 24.3 7.7793e+00  14 3.56161e-01  
 24.4 7.9208e+00  14 3.62162e-01  
 24.5 8.0639e+00  14 3.68201e-01  
 24.6 8.2085e+00  14 3.74281e-01  
 24.7 8.3547e+00  14 3.80400e-01  
 24.8 8.5024e+00  14 3.86558e-01  
 24.9 8.6518e+00  14 3.92755e-01  
 25.0 8.8027e+00  14 3.98991e-01  
 25.1 8.9552e+00  14 4.05266e-01  
 25.2 9.1092e+00  14 4.11580e-01  
 25.3 9.2649e+00  14 4.17932e-01  
 25.4 9.4221e+00  14 4.24323e-01  
 25.5 9.5810e+00  14 4.30752e-01  
 25.6 9.7414e+00  14 4.37219e-01  
 25.7 9.9034e+00  14 4.43724e-01  
 25.8 1.0067e+01  14 4.50268e-01  
 25.9 1.0232e+01  14 4.56849e-01  
 26.0 1.0399e+01  14 4.63468e-01  
 26.1 1.0568e+01  14 4.70125e-01  
 26.2 1.0738e+01  14 4.76819e-01  
 26.3 1.0909e+01  14 4.83551e-01  
 26.4 1.1082e+01  14 4.90320e-01  
 26.5 1.1257e+01  14 4.97127e-01  
 26.6 1.1434e+01  14 5.03970e-01  
 26.7 1.1612e+01  14 5.10851e-01  
 26.8 1.1792e+01  14 5.17769e-01  
 26.9 1.1973e+01  14 5.24724e-01  
 27.0 1.2156e+01  14 5.31716e-01  
 27.1 1.2341e+01  14 5.38745e-01  
 27.2 1.2527e+01  14 5.45811e-01  
 27.3 1.2715e+01  14 5.52913e-01  
 27.4 1.2904e+01  14 5.60052e-01  
 27.5 1.3095e+01  14 5.67228e-01  
 27.6 1.3288e+01  14 5.74440e-01  
 27.7 1.3482e+01  14 5.81688e-01  
 27.8 1.3678e+01  14 5.88973e-01  
 27.9 1.3876e+01  14 5.96294e-01  
 28.0 1.4075e+01  14 6.03652e-01  
 28.1 1.4276e+01  14 6.11046e-01  
 28.2 1.4479e+01  14 6.18476e-01  
 28.3 1.4683e+01  14 6.25942e-01  
 28.4 1.4889e+01  14 6.33444e-01  
 28.5 1.5096e+01  14 6.40983e-01  
 28.6 1.5306e+01  14 6.48557e-01  
 28.7 1.5516e+01  14 6.56168e-01  
 28.8 1.5729e+01  14 6.63814e-01  
 28.9 1.5943e+01  14 6.71496e-01  
 29.0 1.6159e+01  14 6.79215e-01  
 29.1 1.6376e+01  14 6.86969e-01  
 29.2 1.6595e+01  14 6.94759e-01  
 29.3 1.6816e+01  14 7.02584e-01  
 29.4 1.7039e+01  14 7.10446e-01  
 29.5 1.7263e+01  14 7.18343e-01  
 29.6 1.7489e+01  14 7.26276e-01  
 29.7 1.7716e+01  14 7.34245e-01  
 29.8 1.7945e+01  14 7.42249e-01  
 29.9 1.8176e+01  14 7.50289e-01  
 30.0 1.8408e+01  14 7.58365e-01  
 30.1 1.8642e+01  14 7.66476e-01  
 30.2 1.8878e+01  14 7.74623e-01  
 30.3 1.9116e+01  14 7.82806e-01  
 30.4 1.9355e+01  14 7.91024e-01  
 30.5 1.9596e+01  14 7.99278e-01  
 30.6 1.9838e+01  14 8.07568e-01  
 30.7 2.0082e+01  14 8.15893e-01  
 30.8 2.0328e+01  14 8.24254e-01  
 30.9 2.0576e+01  14 8.32650e-01  
 31.0 2.0825e+01  14 8.41082e-01  
 31.1 2.1076e+01  14 8.49549e-01  
 31.2 2.1328e+01  14 8.58052e-01  
 31.3 2.1583e+01  14 8.66591e-01  
 31.4 2.1838e+01  14 8.75165e-01  
 31.5 2.2096e+01  14 8.83775e-01  
 31.6 2.2355e+01  14 8.92420e-01  
 31.7 2.2616e+01  14 9.01101e-01  
 31.8 2.2879e+01  14 9.09817e-01  
 31.9 2.3143e+01  14 9.18569e-01  
 32.0 2.3409e+01  14 9.27357e-01  
 32.1 2.3677e+01  14 9.36180e-01  
 32.2 2.3946e+01  14 9.45039e-01  
 32.3 2.4217e+01  14 9.53934e-01  
 32.4 2.4490e+01  14 9.62864e-01  
 32.5 2.4764e+01  14 9.71830e-01  
 32.6 2.5041e+01  14 9.80832e-01  
 32.7 2.5318e+01  14 9.89869e-01  
 32.8 2.5598e+01  14 9.98942e-01  
 32.9 2.5679e+01  14 1.00000e+00  
 33.0 2.5735e+01  14 1.00000e+00  
 33.1 2.5790e+01  14 1.00000e+00  
 33.2 2.5844e+01  14 1.00000e+00  
 33.3 2.5899e+01  14 1.00000e+00  
 33.4 2.5953e+01  14 1.00000e+00  
 33.5 2.6008e+01  14 1.00000e+00  
 33.6 2.6062e+01  14 1.00000e+00  
 33.7 2.6115e+01  14 1.00000e+00  
 33.8 2.6169e+01  14 1.00000e+00  
 33.9 2.6222e+01  14 1.00000e+00  
 34.0 2.6275e+01  14 1.00000e+00  
 34.1 2.6328e+01  14 1.00000e+00  
 34.2 2.6380e+01  14 1.00000e+00  
 34.3 2.6433e+01  14 1.00000e+00  
 34.4 2.6350e+01  14 1.00000e+00  
 34.5 2.6403e+01  14 1.00000e+00  
 34.6 2.6455e+01  14 1.00000e+00  
 34.7 2.6507e+01  14 1.00000e+00  
 34.8 2.6410e+01  14 1.00000e+00  
 34.9 2.6462e+01  14 1.00000e+00  
 35.0 2.6514e+01  14 1.00000e+00  
 35.1 2.6566e+01  14 1.00000e+00  
 35.2 2.6467e+01  14 1.00000e+00  
 35.3 2.6519e+01  14 1.00000e+00  
 35.4 2.6570e+01  14 1.00000e+00  
 35.5 2.6621e+01  14 1.00000e+00  
 35.6 2.6672e+01  14 1.00000e+00  
 35.7 2.5702e+01  14 1.00000e+00  
 35.8 2.3349e+01  14 1.00000e+00  
 35.9 2.2204e+01  14 1.00000e+00  
 36.0 1.9865e+01  14 1.00000e+00  
 36.1 1.8734e+01  14 1.00000e+00  
 36.2 1.6409e+01  14 1.00000e+00  
 36.3 1.5291e+01  14 1.00000e+00  
 36.4 1.2980e+01  14 1.00000e+00  
 36.5 1.2901e+01  14 1.00000e+00  
 36.6 1.2417e+01  14 9.59239e-01  
 36.7 1.2361e+01  14 9.56353e-01  
 36.8 1.2322e+01  14 9.54329e-01  
 36.9 1.2494e+01  14 9.63220e-01  
 37.0 1.2390e+01  14 9.57839e-01  
 37.1 1.2352e+01  14 9.55872e-01  
 37.2 1.2544e+01  14 9.65813e-01  
 37.3 1.2522e+01  14 9.64641e-01  
 37.4 1.2384e+01  14 9.57568e-01  
 37.5 1.2570e+01  14 9.67126e-01  
 37.6 1.2534e+01  14 9.65293e-01  
 37.7 1.2420e+01  14 9.59422e-01  
 37.8 1.2572e+01  14 9.67243e-01  
 37.9 1.2525e+01  14 9.64807e-01  
 38.0 1.2459e+01  14 9.61439e-01  
 38.1 1.2552e+01  14 9.66230e-01  
 38.2 1.2494e+01  14 9.63232e-01  
 38.3 1.2671e+01  14 9.72345e-01  
 38.4 1.2537e+01  14 9.65421e-01  
 38.5 1.2504e+01  14 9.63743e-01  
 38.6 1.2617e+01  14 9.69546e-01  
 38.7 1.2789e+01  14 9.78357e-01  
 38.8 1.2624e+01  14 9.69918e-01  
 38.9 1.2589e+01  14 9.68111e-01  
 39.0 1.2713e+01  14 9.74477e-01  
 39.1 1.2818e+01  14 9.79838e-01  
 39.2 1.2907e+01  14 9.84414e-01  
 39.3 1.2997e+01  14 9.89007e-01  
 39.4 1.3088e+01  14 9.93614e-01  
 39.5 1.3179e+01  14 9.98233e-01  
 39.6 1.3235e+01  14 1.00000e+00  
 39.7 1.3269e+01  14 1.00000e+00  
 39.8 1.3303e+01  14 1.00000e+00  
 39.9 1.3347e+01  14 1.00000e+00  
 40.0 1.3392e+01  14 1.00000e+00  
 40.1 1.3436e+01  14 1.00000e+00  
 40.2 1.3481e+01  14 1.00000e+00  
 40.3 1.3600e+01  14 1.00000e+00  
 40.4 1.3635e+01  14 1.00000e+00  
 40.5 1.3670e+01  14 1.00000e+00  
 40.6 1.3705e+01  14 1.00000e+00  
 40.7 1.3739e+01  14 1.00000e+00  
 40.8 1.3774e+01  14 1.00000e+00  
 40.9 1.3809e+01  14 1.00000e+00  
 41.0 1.3843e+01  14 1.00000e+00  
 41.1 1.3878e+01  14 1.00000e+00  
 41.2 1.3922e+01  14 1.00000e+00  
 41.3 1.3967e+01  14 1.00000e+00  
 41.4 1.4012e+01  14 1.00000e+00  
 41.5 1.4057e+01  14 1.00000e+00  
 41.6 1.4193e+01  14 1.00000e+00  
 41.7 1.4229e+01  14 1.00000e+00  
 41.8 1.4264e+01  14 1.00000e+00  
 41.9 1.4299e+01  14 1.00000e+00  
 42.0 1.4334e+01  14 1.00000e+00  
 42.1 1.4358e+01  14 1.00000e+00  
 42.2 1.4393e+01  14 1.00000e+00  
 42.3 1.4428e+01  14 1.00000e+00  
 42.4 1.4463e+01  14 1.00000e+00  
 42.5 1.4501e+01  14 1.00000e+00  
 42.6 1.4546e+01  14 1.00000e+00  
 42.7 1.4591e+01  14 1.00000e+00  
 42.8 1.4636e+01  14 1.00000e+00  
 42.9 1.4681e+01  14 1.00000e+00  
 43.0 1.4821e+01  14 1.00000e+00  
 43.1 1.4857e+01  14 1.00000e+00  
 43.2 1.4893e+01  14 1.00000e+00  
 43.3 1.4928e+01  14 1.00000e+00  
 43.4 1.4964e+01  14 1.00000e+00  
 43.5 1.4999e+01  14 1.00000e+00  
 43.6 1.5035e+01  14 1.00000e+00  
 43.7 1.5070e+01  14 1.00000e+00  
 43.8 1.5105e+01  14 1.00000e+00  
 43.9 1.5129e+01  14 1.00000e+00  
 44.0 1.5173e+01  14 1.00000e+00  
 44.1 1.5218e+01  14 1.00000e+00  
 44.2 1.5264e+01  14 1.00000e+00  
 44.3 1.5309e+01  14 1.00000e+00  
 44.4 1.5354e+01  14 1.00000e+00  
 44.5 1.5496e+01  14 1.00000e+00  
 44.6 1.5533e+01  14 1.00000e+00  
 44.7 1.5569e+01  14 1.00000e+00  
 44.8 1.5605e+01  14 1.00000e+00  
 44.9 1.5640e+01  14 1.00000e+00  
 45.0 1.5676e+01  14 1.00000e+00  
 45.1 1.5712e+01  14 1.00000e+00  
 45.2 1.5747e+01  14 1.00000e+00  
 45.3 1.5782e+01  14 1.00000e+00  
 45.4 1.5816e+01  14 1.00000e+00  
 45.5 1.5851e+01  14 1.00000e+00  
 45.6 1.5895e+01  14 1.00000e+00  
 45.7 1.5941e+01  14 1.00000e+00  
 45.8 1.5986e+01  14 1.00000e+00  
 45.9 1.6032e+01  14 1.00000e+00  
 46.0 1.6175e+01  14 1.00000e+00  
 46.1 1.6209e+01  14 1.00000e+00  
 46.2 1.6243e+01  14 1.00000e+00  
 46.3 1.6276e+01  14 1.00000e+00  
 46.4 1.6308e+01  14 1.00000e+00  
 46.5 1.6340e+01  14 1.00000e+00  
 46.6 1.6372e+01  14 1.00000e+00  
 46.7 1.6402e+01  14 1.00000e+00  
 46.8 1.6439e+01  14 1.00000e+00  
 46.9 1.6485e+01  14 1.00000e+00  
 47.0 1.6531e+01  14 1.00000e+00  
 47.1 1.6682e+01  14 1.00000e+00  
 47.2 1.6707e+01  14 1.00000e+00  
 47.3 1.6729e+01  14 1.00000e+00  
 47.4 1.6747e+01  14 1.00000e+00  
 47.5 1.6761e+01  14 1.00000e+00  
 47.6 1.6804e+01  14 1.00000e+00  
 47.7 1.6849e+01  14 1.00000e+00  
 47.8 1.6999e+01  14 1.00000e+00  
 47.9 1.7037e+01  14 1.00000e+00  
 48.0 1.7073e+01  14 1.00000e+00  
 48.1 1.7110e+01  14 1.00000e+00  
 48.2 1.7146e+01  14 1.00000e+00  
 48.3 1.7182e+01  14 1.00000e+00  
 48.4 1.7219e+01  14 1.00000e+00  
 48.5 1.7255e+01  14 1.00000e+00  
 48.6 1.7291e+01  14 1.00000e+00  
 48.7 1.7327e+01  14 1.00000e+00  
 48.8 1.7363e+01  14 1.00000e+00  
 48.9 1.7399e+01  14 1.00000e+00  
 49.0 1.7441e+01  14 1.00000e+00  
 49.1 1.7487e+01  14 1.00000e+00  
 49.2 1.7533e+01  14 1.00000e+00  
 49.3 1.7579e+01  14 1.00000e+00  
 49.4 1.7625e+01  14 1.00000e+00  
 49.5 1.7671e+01  14 1.00000e+00  
 49.6 1.7717e+01  14 1.00000e+00  
 49.7 1.7861e+01  14 1.00000e+00  
 49.8 1.7897e+01  14 1.00000e+00  
 49.9 1.7934e+01  14 1.00000e+00  
 50.0 1.7971e+01  14 1.00000e+00  
 50.1 1.8007e+01  14 1.00000e+00  
 50.2 1.8044e+01  14 1.00000e+00  
 50.3 1.8081e+01  14 1.00000e+00  
 50.4 1.8117e+01  14 1.00000e+00  
 50.5 1.8154e+01  14 1.00000e+00  
 50.6 1.8190e+01  14 1.00000e+00  
 50.7 1.8226e+01  14 1.00000e+00  
 50.8 1.8266e+01  14 1.00000e+00  
 50.9 1.8312e+01  14 1.00000e+00  
 51.0 1.8358e+01  14 1.00000e+00  
 51.1 1.8404e+01  14 1.00000e+00  
 51.2 1.8450e+01  14 1.00000e+00  
 51.3 1.8496e+01  14 1.00000e+00  
 51.4 1.8542e+01  14 1.00000e+00  
 51.5 1.8589e+01  14 1.00000e+00  
 51.6 1.8746e+01  14 1.00000e+00  
 51.7 1.8784e+01  14 1.00000e+00  
 51.8 1.8821e+01  14 1.00000e+00  
 51.9 1.8848e+01  14 1.00000e+00  
 52.0 1.8885e+01  14 1.00000e+00  
 52.1 1.8922e+01  14 1.00000e+00  
 52.2 1.8959e+01  14 1.00000e+00  
 52.3 1.8995e+01  14 1.00000e+00  
 52.4 1.9032e+01  14 1.00000e+00  
 52.5 1.9069e+01  14 1.00000e+00  
 52.6 1.9106e+01  14 1.00000e+00  
 52.7 1.9142e+01  14 1.00000e+00  
 52.8 1.9185e+01  14 1.00000e+00  
 52.9 1.9232e+01  14 1.00000e+00  
 53.0 1.9278e+01  14 1.00000e+00  
 53.1 1.9324e+01  14 1.00000e+00  
 53.2 1.9369e+01  14 1.00000e+00  
 53.3 1.9412e+01  14 1.00000e+00  
 53.4 1.9455e+01  14 1.00000e+00  
 53.5 1.9498e+01  14 1.00000e+00  
 53.6 1.9542e+01  14 1.00000e+00  
 53.7 1.9585e+01  14 1.00000e+00  
 53.8 1.9628e+01  14 1.00000e+00  
 53.9 1.9788e+01  14 1.00000e+00  
 54.0 1.9816e+01  14 1.00000e+00  
 54.1 1.9853e+01  14 1.00000e+00  
 54.2 1.9891e+01  14 1.00000e+00  
 54.3 1.9928e+01  14 1.00000e+00  
 54.4 1.9966e+01  14 1.00000e+00  
 54.5 2.0003e+01  14 1.00000e+00  
 54.6 2.0040e+01  14 1.00000e+00  
 54.7 2.0078e+01  14 1.00000e+00  
 54.8 2.0115e+01  14 1.00000e+00  
 54.9 2.0152e+01  14 1.00000e+00  
 55.0 2.0190e+01  14 1.00000e+00  
 55.1 2.0227e+01  14 1.00000e+00  
 55.2 2.0264e+01  14 1.00000e+00  
 55.3 2.0301e+01  14 1.00000e+00  
 55.4 2.0338e+01  14 1.00000e+00  
 55.5 2.0375e+01  14 1.00000e+00  
 55.6 2.0412e+01  14 1.00000e+00  
 55.7 2.0450e+01  14 1.00000e+00  
 55.8 2.0494e+01  14 1.00000e+00  
 55.9 2.0538e+01  14 1.00000e+00  
 56.0 2.0581e+01  14 1.00000e+00  
 56.1 2.0625e+01  14 1.00000e+00  
 56.2 2.0669e+01  14 1.00000e+00  
 56.3 2.0712e+01  14 1.00000e+00  
 56.4 2.0756e+01  14 1.00000e+00  
 56.5 2.0800e+01  14 1.00000e+00  
 56.6 2.0844e+01  14 1.00000e+00  
 56.7 2.0888e+01  14 1.00000e+00  
 56.8 2.0935e+01  14 1.00000e+00  
 56.9 2.1100e+01  14 1.00000e+00  
 57.0 2.1136e+01  14 1.00000e+00  
 57.1 2.1172e+01  14 1.00000e+00  
 57.2 2.1207e+01  14 1.00000e+00  
 57.3 2.1242e+01  14 1.00000e+00  
 57.4 2.1277e+01  14 1.00000e+00  
 57.5 2.1310e+01  14 1.00000e+00  
 57.6 2.1343e+01  14 1.00000e+00  
 57.7 2.1375e+01  14 1.00000e+00  
 57.8 2.1405e+01  14 1.00000e+00  
 57.9 2.1433e+01  14 1.00000e+00  
 58.0 2.1459e+01  14 1.00000e+00  
 58.1 2.1500e+01  14 1.00000e+00  
 58.2 2.1544e+01  14 1.00000e+00  
 58.3 2.1589e+01  14 1.00000e+00  
 58.4 2.1633e+01  14 1.00000e+00  
 58.5 2.1687e+01  14 1.00000e+00  
 58.6 2.1833e+01  14 1.00000e+00  
 58.7 2.1848e+01  14 1.00000e+00  
 58.8 2.1858e+01  14 1.00000e+00  
 58.9 2.1863e+01  14 1.00000e+00  
 59.0 2.1896e+01  14 1.00000e+00  
 59.1 2.1940e+01  14 1.00000e+00  
 59.2 2.1984e+01  14 1.00000e+00  
 59.3 2.2029e+01  14 1.00000e+00  
 59.4 2.2073e+01  14 1.00000e+00  
 59.5 2.2117e+01  14 1.00000e+00  
 59.6 2.2162e+01  14 1.00000e+00  
 59.7 2.2206e+01  14 1.00000e+00  
 59.8 2.2251e+01  14 1.00000e+00  
 59.9 2.2295e+01  14 1.00000e+00  
 60.0 2.2340e+01  14 1.00000e+00  
 60.1 2.2392e+01  14 1.00000e+00  
 60.2 2.2443e+01  14 1.00000e+00  
 60.3 2.2492e+01  14 1.00000e+00  
 60.4 2.2652e+01  14 1.00000e+00  
 60.5 2.2690e+01  14 1.00000e+00  
 60.6 2.2728e+01  14 1.00000e+00  
 60.7 2.2766e+01  14 1.00000e+00  
 60.8 2.2794e+01  14 1.00000e+00  
 60.9 2.2832e+01  14 1.00000e+00  
 61.0 2.2870e+01  14 1.00000e+00  
 61.1 2.2908e+01  14 1.00000e+00  
 61.2 2.2946e+01  14 1.00000e+00  
 61.3 2.2984e+01  14 1.00000e+00  
 61.4 2.3022e+01  14 1.00000e+00  
 61.5 2.3060e+01  14 1.00000e+00  
 61.6 2.3098e+01  14 1.00000e+00  
 61.7 2.3136e+01  14 1.00000e+00  
 61.8 2.3174e+01  14 1.00000e+00  
 61.9 2.3212e+01  14 1.00000e+00  
 62.0 2.3250e+01  14 1.00000e+00  
 62.1 2.3288e+01  14 1.00000e+00  
 62.2 2.3325e+01  14 1.00000e+00  
 62.3 2.3363e+01  14 1.00000e+00  
 62.4 2.3405e+01  14 1.00000e+00  
 62.5 2.3450e+01  14 1.00000e+00  
 62.6 2.3495e+01  14 1.00000e+00  
 62.7 2.3540e+01  14 1.00000e+00  
 62.8 2.3585e+01  14 1.00000e+00  
 62.9 2.3630e+01  14 1.00000e+00  
 63.0 2.3675e+01  14 1.00000e+00  
 63.1 2.3720e+01  14 1.00000e+00  
 63.2 2.3765e+01  14 1.00000e+00  
 63.3 2.3824e+01  14 1.00000e+00  
 63.4 2.3876e+01  14 1.00000e+00  
 63.5 2.3927e+01  14 1.00000e+00  
 63.6 2.3976e+01  14 1.00000e+00  
 63.7 2.4023e+01  14 1.00000e+00  
 63.8 2.4175e+01  14 1.00000e+00  
 63.9 2.4213e+01  14 1.00000e+00  
 64.0 2.4251e+01  14 1.00000e+00  
 64.1 2.4290e+01  14 1.00000e+00  
 64.2 2.4328e+01  14 1.00000e+00  
 64.3 2.4367e+01  14 1.00000e+00  
 64.4 2.4405e+01  14 1.00000e+00  
 64.5 2.4444e+01  14 1.00000e+00  
 64.6 2.4482e+01  14 1.00000e+00  
 64.7 2.4521e+01  14 1.00000e+00  
 64.8 2.4560e+01  14 1.00000e+00  
 64.9 2.4598e+01  14 1.00000e+00  
 65.0 2.4636e+01  14 1.00000e+00  
 65.1 2.4675e+01  14 1.00000e+00  
 65.2 2.4713e+01  14 1.00000e+00  
 65.3 2.4751e+01  14 1.00000e+00  
 65.4 2.4789e+01  14 1.00000e+00  
 65.5 2.4827e+01  14 1.00000e+00  
 65.6 2.4854e+01  14 1.00000e+00  
 65.7 2.4893e+01  14 1.00000e+00  
 65.8 2.4934e+01  14 1.00000e+00  
 65.9 2.4980e+01  14 1.00000e+00  
 66.0 2.5026e+01  14 1.00000e+00  
 66.1 2.5071e+01  14 1.00000e+00  
 66.2 2.5117e+01  14 1.00000e+00  
 66.3 2.5162e+01  14 1.00000e+00  
 66.4 2.5208e+01  14 1.00000e+00  
 66.5 2.5253e+01  14 1.00000e+00  
 66.6 2.5299e+01  14 1.00000e+00  
 66.7 2.5373e+01  14 1.00000e+00  
 66.8 2.5427e+01  14 1.00000e+00  
 66.9 2.5479e+01  14 1.00000e+00  
 67.0 2.5527e+01  14 1.00000e+00  
 67.1 2.5574e+01  14 1.00000e+00  
 67.2 2.5712e+01  14 1.00000e+00  
 67.3 2.5746e+01  14 1.00000e+00  
 67.4 2.5785e+01  14 1.00000e+00  
 67.5 2.5819e+01  14 1.00000e+00  
 67.6 2.5852e+01  14 1.00000e+00  
 67.7 2.5884e+01  14 1.00000e+00  
 67.8 2.5915e+01  14 1.00000e+00  
 67.9 2.5945e+01  14 1.00000e+00  
 68.0 2.5972e+01  14 1.00000e+00  
 68.1 2.5998e+01  14 1.00000e+00  
 68.2 2.6026e+01  14 1.00000e+00  
 68.3 2.6072e+01  14 1.00000e+00  
 68.4 2.6118e+01  14 1.00000e+00  
 68.5 2.6170e+01  14 1.00000e+00  
 68.6 2.6258e+01  14 1.00000e+00  
 68.7 2.6404e+01  14 1.00000e+00  
 68.8 2.6415e+01  14 1.00000e+00  
 68.9 2.6423e+01  14 1.00000e+00  
 69.0 2.6429e+01  14 1.00000e+00  
 69.1 2.6467e+01  14 1.00000e+00  
 69.2 2.6506e+01  14 1.00000e+00  
 69.3 2.6544e+01  14 1.00000e+00  
 69.4 2.6582e+01  14 1.00000e+00  
 69.5 2.6621e+01  14 1.00000e+00  
 69.6 2.6667e+01  14 1.00000e+00  
 69.7 2.6713e+01  14 1.00000e+00  
 69.8 2.6760e+01  14 1.00000e+00  
 69.9 2.6806e+01  14 1.00000e+00  
 70.0 2.6852e+01  14 1.00000e+00  
 70.1 2.6898e+01  14 1.00000e+00  
 70.2 2.6944e+01  14 1.00000e+00  
 70.3 2.6995e+01  14 1.00000e+00  
 70.4 2.7049e+01  14 1.00000e+00  
 70.5 2.7102e+01  14 1.00000e+00  
 70.6 2.7172e+01  14 1.00000e+00  
 70.7 2.7225e+01  14 1.00000e+00  
 70.8 2.7276e+01  14 1.00000e+00  
 70.9 2.7328e+01  14 1.00000e+00  
 71.0 2.7375e+01  14 1.00000e+00  
 71.1 2.7420e+01  14 1.00000e+00  
 71.2 2.7557e+01  14 1.00000e+00  
 71.3 2.7596e+01  14 1.00000e+00  
 71.4 2.7636e+01  14 1.00000e+00  
 71.5 2.7675e+01  14 1.00000e+00  
 71.6 2.7715e+01  14 1.00000e+00  
 71.7 2.7754e+01  14 1.00000e+00  
 71.8 2.7793e+01  14 1.00000e+00  
 71.9 2.7833e+01  14 1.00000e+00  
 72.0 2.7872e+01  14 1.00000e+00  
 72.1 2.7912e+01  14 1.00000e+00  
 72.2 2.7951e+01  14 1.00000e+00  
 72.3 2.7990e+01  14 1.00000e+00  
 72.4 2.8029e+01  14 1.00000e+00  
 72.5 2.8068e+01  14 1.00000e+00  
 72.6 2.8107e+01  14 1.00000e+00  
 72.7 2.8146e+01  14 1.00000e+00  
 72.8 2.8185e+01  14 1.00000e+00  
 72.9 2.8224e+01  14 1.00000e+00  
 73.0 2.8263e+01  14 1.00000e+00  
 73.1 2.8301e+01  14 1.00000e+00  
 73.2 2.8340e+01  14 1.00000e+00  
 73.3 2.8380e+01  14 1.00000e+00  
 73.4 2.8424e+01  14 1.00000e+00  
 73.5 2.8471e+01  14 1.00000e+00  
 73.6 2.8517e+01  14 1.00000e+00  
 73.7 2.8564e+01  14 1.00000e+00  
 73.8 2.8614e+01  14 1.00000e+00  
 73.9 2.8671e+01  14 1.00000e+00  
 74.0 2.8727e+01  14 1.00000e+00  
 74.1 2.8782e+01  14 1.00000e+00  
 74.2 2.8834e+01  14 1.00000e+00  
 74.3 2.8885e+01  14 1.00000e+00  
 74.4 2.8956e+01  14 1.00000e+00  
 74.5 2.9007e+01  14 1.00000e+00  
 74.6 2.9057e+01  14 1.00000e+00  
 74.7 2.9106e+01  14 1.00000e+00  
 74.8 2.9154e+01  14 1.00000e+00  
 74.9 2.9201e+01  14 1.00000e+00  
 75.0 2.9247e+01  14 1.00000e+00  
 75.1 2.9381e+01  14 1.00000e+00  
 75.2 2.9421e+01  14 1.00000e+00  
 75.3 2.9460e+01  14 1.00000e+00  
 75.4 2.9500e+01  14 1.00000e+00  
 75.5 2.9540e+01  14 1.00000e+00  
 75.6 2.9580e+01  14 1.00000e+00  
 75.7 2.9620e+01  14 1.00000e+00  
 75.8 2.9660e+01  14 1.00000e+00  
 75.9 2.9699e+01  14 1.00000e+00  
 76.0 2.9739e+01  14 1.00000e+00  
 76.1 2.9778e+01  14 1.00000e+00  
 76.2 2.9817e+01  14 1.00000e+00  
 76.3 2.9856e+01  14 1.00000e+00  
 76.4 2.9882e+01  14 1.00000e+00  
 76.5 2.9920e+01  14 1.00000e+00  
 76.6 2.9958e+01  14 1.00000e+00  
 76.7 2.9995e+01  14 1.00000e+00  
 76.8 3.0031e+01  14 1.00000e+00  
 76.9 3.0067e+01  14 1.00000e+00  
 77.0 3.0108e+01  14 1.00000e+00  
 77.1 3.0156e+01  14 1.00000e+00  
 77.2 3.0203e+01  14 1.00000e+00  
 77.3 3.0253e+01  14 1.00000e+00  
 77.4 3.0320e+01  14 1.00000e+00  
 77.5 3.0384e+01  14 1.00000e+00  
 77.6 3.0444e+01  14 1.00000e+00  
 77.7 3.0518e+01  14 1.00000e+00  
 77.8 3.0573e+01  14 1.00000e+00  
 77.9 3.0623e+01  14 1.00000e+00  
 78.0 3.0744e+01  14 1.00000e+00  
 78.1 3.0783e+01  14 1.00000e+00  
 78.2 3.0808e+01  14 1.00000e+00  
 78.3 3.0830e+01  14 1.00000e+00  
 78.4 3.0845e+01  14 1.00000e+00  
 78.5 3.0853e+01  14 1.00000e+00  
 78.6 3.0865e+01  14 1.00000e+00  
 78.7 3.0966e+01  14 1.00000e+00  
 78.8 3.1053e+01  14 1.00000e+00  
 78.9 3.1100e+01  14 1.00000e+00  
 79.0 3.1147e+01  14 1.00000e+00  
 79.1 3.1264e+01  14 1.00000e+00  
 79.2 3.1305e+01  14 1.00000e+00  
 79.3 3.1345e+01  14 1.00000e+00  
 79.4 3.1386e+01  14 1.00000e+00  
 79.5 3.1427e+01  14 1.00000e+00  
 79.6 3.1468e+01  14 1.00000e+00  
 79.7 3.1509e+01  14 1.00000e+00  
 79.8 3.1550e+01  14 1.00000e+00  
 79.9 3.1591e+01  14 1.00000e+00  
 80.0 3.1631e+01  14 1.00000e+00  
 80.1 3.1672e+01  14 1.00000e+00  
 80.2 3.1713e+01  14 1.00000e+00  
 80.3 3.1753e+01  14 1.00000e+00  
 80.4 3.1797e+01  14 1.00000e+00  
 80.5 3.1835e+01  14 1.00000e+00  
 80.6 3.1875e+01  14 1.00000e+00  
 80.7 3.1914e+01  14 1.00000e+00  
 80.8 3.1954e+01  14 1.00000e+00  
 80.9 3.1994e+01  14 1.00000e+00  
 81.0 3.2033e+01  14 1.00000e+00  
 81.1 3.2073e+01  14 1.00000e+00  
 81.2 3.2112e+01  14 1.00000e+00  
 81.3 3.2152e+01  14 1.00000e+00  
 81.4 3.2196e+01  14 1.00000e+00  
 81.5 3.2245e+01  14 1.00000e+00  
 81.6 3.2295e+01  14 1.00000e+00  
 81.7 3.2357e+01  14 1.00000e+00  
 81.8 3.2419e+01  14 1.00000e+00  
 81.9 3.2477e+01  14 1.00000e+00  
 82.0 3.2534e+01  14 1.00000e+00  
 82.1 3.2590e+01  14 1.00000e+00  
 82.2 3.2651e+01  14 1.00000e+00  
 82.3 3.2704e+01  14 1.00000e+00  
 82.4 3.2757e+01  14 1.00000e+00  
 82.5 3.2809e+01  14 1.00000e+00  
 82.6 3.2860e+01  14 1.00000e+00  
 82.7 3.2911e+01  14 1.00000e+00  
 82.8 3.2961e+01  14 1.00000e+00  
 82.9 3.3010e+01  14 1.00000e+00  
 83.0 3.3059e+01  14 1.00000e+00  
 83.1 3.3136e+01  14 1.00000e+00  
 83.2 3.3161e+01  14 1.00000e+00  
 83.3 3.3267e+01  14 1.00000e+00  
 83.4 3.3293e+01  14 1.00000e+00  
 83.5 3.3322e+01  14 1.00000e+00  
 83.6 3.3358e+01  14 1.00000e+00  
 83.7 3.3464e+01  14 1.00000e+00  
 83.8 3.3571e+01  14 1.00000e+00  
 83.9 3.3678e+01  14 1.00000e+00  
 84.0 3.3784e+01  14 1.00000e+00  
 84.1 3.3891e+01  14 1.00000e+00  
 84.2 3.3997e+01  14 1.00000e+00  
 84.3 3.4103e+01  14 1.00000e+00  
 84.4 3.4210e+01  14 1.00000e+00  
 84.5 3.4316e+01  14 1.00000e+00  
 84.6 3.4422e+01  14 1.00000e+00  
 84.7 3.4528e+01  14 1.00000e+00  
 84.8 3.4634e+01  14 1.00000e+00  
 84.9 3.4740e+01  14 1.00000e+00  
 85.0 3.4846e+01  14 1.00000e+00  
 85.1 3.4952e+01  14 1.00000e+00  
 85.2 3.5058e+01  14 1.00000e+00  
 85.3 3.5134e+01  14 1.00000e+00  
 85.4 3.5240e+01  14 1.00000e+00  
 85.5 3.5346e+01  14 1.00000e+00  
 85.6 3.5452e+01  14 1.00000e+00  
 85.7 3.5557e+01  14 1.00000e+00  
 85.8 3.5663e+01  14 1.00000e+00  
 85.9 3.5769e+01  14 1.00000e+00  
 86.0 3.5874e+01  14 1.00000e+00  
 86.1 3.5980e+01  14 1.00000e+00  
 86.2 3.6085e+01  14 1.00000e+00  
 86.3 3.6191e+01  14 1.00000e+00  
 86.4 3.6296e+01  14 1.00000e+00  
 86.5 3.6401e+01  14 1.00000e+00  
 86.6 3.6507e+01  14 1.00000e+00  
 86.7 3.6612e+01  14 1.00000e+00  
 86.8 3.6717e+01  14 1.00000e+00  
 86.9 3.6822e+01  14 1.00000e+00  
 87.0 3.6927e+01  14 1.00000e+00  
 87.1 3.7032e+01  14 1.00000e+00  
 87.2 3.7137e+01  14 1.00000e+00  
 87.3 3.7242e+01  14 1.00000e+00  
 87.4 3.7347e+01  14 1.00000e+00  
 87.5 3.7452e+01  14 1.00000e+00  
 87.6 3.7557e+01  14 1.00000e+00  
 87.7 3.7662e+01  14 1.00000e+00  
 87.8 3.7767e+01  14 1.00000e+00  
 87.9 3.7871e+01  14 1.00000e+00  
 88.0 3.7976e+01  14 1.00000e+00  
 88.1 3.8081e+01  14 1.00000e+00  
 88.2 3.8185e+01  14 1.00000e+00  
 88.3 3.8290e+01  14 1.00000e+00  
 88.4 3.8394e+01  14 1.00000e+00  
 88.5 3.8466e+01  14 1.00000e+00  
 88.6 3.8570e+01  14 1.00000e+00  
 88.7 3.8675e+01  14 1.00000e+00  
 88.8 3.8779e+01  14 1.00000e+00  
 88.9 3.8883e+01  14 1.00000e+00  
 89.0 3.8988e+01  14 1.00000e+00  
 89.1 3.9092e+01  14 1.00000e+00  
 89.2 3.9196e+01  14 1.00000e+00  
 89.3 3.9300e+01  14 1.00000e+00  
 89.4 3.9404e+01  14 1.00000e+00  
 89.5 3.9509e+01  14 1.00000e+00  
 89.6 3.9613e+01  14 1.00000e+00  
 89.7 3.9717e+01  14 1.00000e+00  
 89.8 3.9821e+01  14 1.00000e+00  
 89.9 3.9924e+01  14 1.00000e+00  
 90.0 4.0028e+01  14 1.00000e+00  
 90.1 4.0132e+01  14 1.00000e+00  
 90.2 4.0236e+01  14 1.00000e+00  
 90.3 4.0340e+01  14 1.00000e+00  
 90.4 4.0443e+01  14 1.00000e+00  
 90.5 4.0547e+01  14 1.00000e+00  
 90.6 4.0651e+01  14 1.00000e+00  
 90.7 4.0754e+01  14 1.00000e+00  
 90.8 4.0858e+01  14 1.00000e+00  
 90.9 4.0961e+01  14 1.00000e+00  
 91.0 4.1065e+01  14 1.00000e+00  
 91.1 4.1168e+01  14 1.00000e+00  
 91.2 4.1272e+01  14 1.00000e+00  
 91.3 4.1375e+01  14 1.00000e+00  
 91.4 4.1478e+01  14 1.00000e+00  
 91.5 4.1581e+01  14 1.00000e+00  
 91.6 4.1647e+01  14 1.00000e+00  
 91.7 4.1751e+01  14 1.00000e+00  
 91.8 4.1854e+01  14 1.00000e+00  
 91.9 4.1957e+01  14 1.00000e+00  
 92.0 4.2060e+01  14 1.00000e+00  
 92.1 4.2163e+01  14 1.00000e+00  
 92.2 4.2266e+01  14 1.00000e+00  
 92.3 4.2369e+01  14 1.00000e+00  
 92.4 4.2472e+01  14 1.00000e+00  
 92.5 4.2575e+01  14 1.00000e+00  
 92.6 4.2678e+01  14 1.00000e+00  
 92.7 4.2781e+01  14 1.00000e+00  
 92.8 4.2884e+01  14 1.00000e+00  
 92.9 4.2987e+01  14 1.00000e+00  
 93.0 4.3090e+01  14 1.00000e+00  
 93.1 4.3193e+01  14 1.00000e+00  
 93.2 4.3295e+01  14 1.00000e+00  
 93.3 4.3398e+01  14 1.00000e+00  
 93.4 4.3501e+01  14 1.00000e+00  
 93.5 4.3603e+01  14 1.00000e+00  
 93.6 4.3706e+01  14 1.00000e+00  
 93.7 4.3808e+01  14 1.00000e+00  
 93.8 4.3911e+01  14 1.00000e+00  
 93.9 4.4013e+01  14 1.00000e+00  
 94.0 4.4116e+01  14 1.00000e+00  
 94.1 4.4218e+01  14 1.00000e+00  
 94.2 4.4320e+01  14 1.00000e+00  
 94.3 4.4423e+01  14 1.00000e+00  
 94.4 4.4525e+01  14 1.00000e+00  
 94.5 4.4627e+01  14 1.00000e+00  
 94.6 4.4729e+01  14 1.00000e+00  
 94.7 4.4832e+01  14 1.00000e+00  
 94.8 4.4887e+01  14 1.00000e+00  
 94.9 4.4989e+01  14 1.00000e+00  
 95.0 4.5091e+01  14 1.00000e+00  
 95.1 4.5194e+01  14 1.00000e+00  
 95.2 4.5296e+01  14 1.00000e+00  
 95.3 4.5398e+01  14 1.00000e+00  
 95.4 4.5500e+01  14 1.00000e+00  
 95.5 4.5602e+01  14 1.00000e+00  
 95.6 4.5704e+01  14 1.00000e+00  
 95.7 4.5806e+01  14 1.00000e+00  
 95.8 4.5908e+01  14 1.00000e+00  
 95.9 4.6010e+01  14 1.00000e+00  
 96.0 4.6112e+01  14 1.00000e+00  
 96.1 4.6214e+01  14 1.00000e+00  
 96.2 4.6315e+01  14 1.00000e+00  
 96.3 4.6417e+01  14 1.00000e+00  
 96.4 4.6519e+01  14 1.00000e+00  
 96.5 4.6621e+01  14 1.00000e+00  
 96.6 4.6722e+01  14 1.00000e+00  
 96.7 4.6824e+01  14 1.00000e+00  
 96.8 4.6926e+01  14 1.00000e+00  
 96.9 4.7027e+01  14 1.00000e+00  
 97.0 4.7129e+01  14 1.00000e+00  
 97.1 4.7230e+01  14 1.00000e+00  
 97.2 4.7332e+01  14 1.00000e+00  
 97.3 4.7433e+01  14 1.00000e+00  
 97.4 4.7535e+01  14 1.00000e+00  
 97.5 4.7636e+01  14 1.00000e+00  
 97.6 4.7737e+01  14 1.00000e+00  
 97.7 4.7839e+01  14 1.00000e+00  
 97.8 4.7940e+01  14 1.00000e+00  
 97.9 4.8041e+01  14 1.00000e+00  
 98.0 4.8069e+01  14 1.00000e+00  
 98.1 4.8170e+01  14 1.00000e+00  
 98.2 4.8271e+01  14 1.00000e+00  
 98.3 4.8372e+01  14 1.00000e+00  
 98.4 4.8473e+01  14 1.00000e+00  
 98.5 4.8574e+01  14 1.00000e+00  
 98.6 4.8675e+01  14 1.00000e+00  
 98.7 4.8777e+01  14 1.00000e+00  
 98.8 4.8878e+01  14 1.00000e+00  
 98.9 4.8978e+01  14 1.00000e+00  
 99.0 4.9079e+01  14 1.00000e+00  
 99.1 4.9180e+01  14 1.00000e+00  
 99.2 4.9281e+01  14 1.00000e+00  
 99.3 4.9382e+01  14 1.00000e+00  
 99.4 4.9409e+01  14 1.00000e+00  
 99.5 4.9510e+01  14 1.00000e+00  
 99.6 4.9538e+01  14 1.00000e+00  
 99.7 4.9638e+01  14 1.00000e+00  
 99.8 4.9739e+01  14 1.00000e+00  
 99.9 4.9842e+01  14 1.00000e+00  
100.0 4.9942e+01  14 1.00000e+00  
100.1 5.0042e+01  14 1.00000e+00  
100.2 5.0142e+01  14 1.00000e+00  
100.3 5.0242e+01  14 1.00000e+00  
100.4 5.0334e+01  14 1.00000e+00  
100.5 5.0425e+01  14 1.00000e+00  
100.6 5.0517e+01  14 1.00000e+00  
100.7 5.0611e+01  14 1.00000e+00  
100.8 5.0702e+01  14 1.00000e+00  
100.9 5.0793e+01  14 1.00000e+00  
101.0 5.0884e+01  14 1.00000e+00  
101.1 5.0976e+01  14 1.00000e+00  
101.2 5.1067e+01  14 1.00000e+00  
101.3 5.1160e+01  14 1.00000e+00  
101.4 5.1250e+01  14 1.00000e+00  
101.5 5.1343e+01  14 1.00000e+00  
101.6 5.1435e+01  14 1.00000e+00  
101.7 5.1526e+01  14 1.00000e+00  
101.8 5.1619e+01  14 1.00000e+00  
101.9 5.1711e+01  14 1.00000e+00  
102.0 5.1803e+01  14 1.00000e+00  
102.1 5.1893e+01  14 1.00000e+00  
102.2 5.1984e+01  14 1.00000e+00  
102.3 5.2079e+01  14 1.00000e+00  
102.4 5.2171e+01  14 1.00000e+00  
102.5 5.2263e+01  14 1.00000e+00  
102.6 5.2355e+01  14 1.00000e+00  
102.7 5.2447e+01  14 1.00000e+00  
102.8 5.2537e+01  14 1.00000e+00  
102.9 5.2628e+01  14 1.00000e+00  
103.0 5.2724e+01  14 1.00000e+00  
103.1 5.2816e+01  14 1.00000e+00  
103.2 5.2908e+01  14 1.00000e+00  
103.3 5.3000e+01  14 1.00000e+00  
103.4 5.3090e+01  14 1.00000e+00  
103.5 5.3185e+01  14 1.00000e+00  
103.6 5.3277e+01  14 1.00000e+00  
103.7 5.3369e+01  14 1.00000e+00  
103.8 5.3461e+01  14 1.00000e+00  
103.9 5.3551e+01  14 1.00000e+00  
104.0 5.3646e+01  14 1.00000e+00  
104.1 5.3739e+01  14 1.00000e+00  
104.2 5.3830e+01  14 1.00000e+00  
104.3 5.3920e+01  14 1.00000e+00  
104.4 5.4015e+01  14 1.00000e+00  
104.5 5.4107e+01  14 1.00000e+00  
104.6 5.4263e+01  14 1.00000e+00  
104.7 5.4356e+01  14 1.00000e+00  
104.8 5.4449e+01  14 1.00000e+00  
104.9 5.4543e+01  14 1.00000e+00  
105.0 5.4636e+01  14 1.00000e+00  
105.1 5.4729e+01  14 1.00000e+00  
105.2 5.4823e+01  14 1.00000e+00  
105.3 5.4916e+01  14 1.00000e+00  
105.4 5.5009e+01  14 1.00000e+00  
105.5 5.5102e+01  14 1.00000e+00  
105.6 5.5196e+01  14 1.00000e+00  
105.7 5.5289e+01  14 1.00000e+00  
105.8 5.5383e+01  14 1.00000e+00  
105.9 5.5476e+01  14 1.00000e+00  
106.0 5.5570e+01  14 1.00000e+00  
106.1 5.5663e+01  14 1.00000e+00  
106.2 5.5756e+01  14 1.00000e+00  
106.3 5.5850e+01  14 1.00000e+00  
106.4 5.5943e+01  14 1.00000e+00  
106.5 5.6037e+01  14 1.00000e+00  
106.6 5.6131e+01  14 1.00000e+00  
106.7 5.6224e+01  14 1.00000e+00  
106.8 5.6318e+01  14 1.00000e+00  
106.9 5.6411e+01  14 1.00000e+00  
107.0 5.6505e+01  14 1.00000e+00  
107.1 5.6599e+01  14 1.00000e+00  
107.2 5.6692e+01  14 1.00000e+00  
107.3 5.6786e+01  14 1.00000e+00  
107.4 5.6880e+01  14 1.00000e+00  
107.5 5.6973e+01  14 1.00000e+00  
107.6 5.7067e+01  14 1.00000e+00  
107.7 5.7161e+01  14 1.00000e+00  
107.8 5.7255e+01  14 1.00000e+00  
107.9 5.7348e+01  14 1.00000e+00  
108.0 5.7442e+01  14 1.00000e+00  
108.1 5.7536e+01  14 1.00000e+00  
108.2 5.7630e+01  14 1.00000e+00  
108.3 5.7723e+01  14 1.00000e+00  
108.4 5.7817e+01  14 1.00000e+00  
108.5 5.7911e+01  14 1.00000e+00  
108.6 5.8005e+01  14 1.00000e+00  
108.7 5.8099e+01  14 1.00000e+00  
108.8 5.8193e+01  14 1.00000e+00  
108.9 5.8287e+01  14 1.00000e+00  
109.0 5.8381e+01  14 1.00000e+00  
109.1 5.8475e+01  14 1.00000e+00  
109.2 5.8568e+01  14 1.00000e+00  
109.3 5.8662e+01  14 1.00000e+00  
109.4 5.8756e+01  14 1.00000e+00  
109.5 5.8850e+01  14 1.00000e+00  
109.6 5.8944e+01  14 1.00000e+00  
109.7 5.9038e+01  14 1.00000e+00  
109.8 5.9132e+01  14 1.00000e+00  
109.9 5.9226e+01  14 1.00000e+00  
110.0 5.9320e+01  14 1.00000e+00  
110.1 5.9414e+01  14 1.00000e+00  
110.2 5.9508e+01  14 1.00000e+00  
110.3 5.9603e+01  14 1.00000e+00  
110.4 5.9697e+01  14 1.00000e+00  
110.5 5.9791e+01  14 1.00000e+00  
110.6 5.9885e+01  14 1.00000e+00  
110.7 5.9979e+01  14 1.00000e+00  
110.8 6.0073e+01  14 1.00000e+00  
110.9 6.0167e+01  14 1.00000e+00  
111.0 6.0261e+01  14 1.00000e+00  
111.1 6.0355e+01  14 1.00000e+00  
111.2 6.0450e+01  14 1.00000e+00  
111.3 6.0544e+01  14 1.00000e+00  
111.4 6.0638e+01  14 1.00000e+00  
111.5 6.0732e+01  14 1.00000e+00  
111.6 6.0826e+01  14 1.00000e+00  
111.7 6.0920e+01  14 1.00000e+00  
111.8 6.1015e+01  14 1.00000e+00  
111.9 6.1109e+01  14 1.00000e+00  
112.0 6.1203e+01  14 1.00000e+00  
112.1 6.1297e+01  14 1.00000e+00  
112.2 6.1392e+01  14 1.00000e+00  
112.3 6.1486e+01  14 1.00000e+00  
112.4 6.1580e+01  14 1.00000e+00  
112.5 6.1674e+01  14 1.00000e+00  
112.6 6.1769e+01  14 1.00000e+00  
112.7 6.1863e+01  14 1.00000e+00  
112.8 6.1957e+01  14 1.00000e+00  
112.9 6.2052e+01  14 1.00000e+00  
113.0 6.2146e+01  14 1.00000e+00  
113.1 6.2240e+01  14 1.00000e+00  
113.2 6.2335e+01  14 1.00000e+00  
113.3 6.2429e+01  14 1.00000e+00  
113.4 6.2523e+01  14 1.00000e+00  
113.5 6.2618e+01  14 1.00000e+00  
113.6 6.2712e+01  14 1.00000e+00  
113.7 6.2806e+01  14 1.00000e+00  
113.8 6.2901e+01  14 1.00000e+00  
113.9 6.2995e+01  14 1.00000e+00  
114.0 6.3089e+01  14 1.00000e+00  
114.1 6.3184e+01  14 1.00000e+00  
114.2 6.3278e+01  14 1.00000e+00  
114.3 6.3373e+01  14 1.00000e+00  
114.4 6.3467e+01  14 1.00000e+00  
114.5 6.3561e+01  14 1.00000e+00  
114.6 6.3656e+01  14 1.00000e+00  
114.7 6.3750e+01  14 1.00000e+00  
114.8 6.3845e+01  14 1.00000e+00  
114.9 6.3939e+01  14 1.00000e+00  
115.0 6.4033e+01  14 1.00000e+00  
115.1 6.4128e+01  14 1.00000e+00  
115.2 6.4222e+01  14 1.00000e+00  
115.3 6.4317e+01  14 1.00000e+00  
115.4 6.4411e+01  14 1.00000e+00  
115.5 6.4506e+01  14 1.00000e+00  
115.6 6.4600e+01  14 1.00000e+00  
115.7 6.4695e+01  14 1.00000e+00  
115.8 6.4789e+01  14 1.00000e+00  
115.9 6.4884e+01  14 1.00000e+00  
116.0 6.4978e+01  14 1.00000e+00  
116.1 6.5073e+01  14 1.00000e+00  
116.2 6.5167e+01  14 1.00000e+00  
116.3 6.5262e+01  14 1.00000e+00  
116.4 6.5356e+01  14 1.00000e+00  
116.5 6.5450e+01  14 1.00000e+00  
116.6 6.5545e+01  14 1.00000e+00  
116.7 6.5639e+01  14 1.00000e+00  
116.8 6.5734e+01  14 1.00000e+00  
116.9 6.5828e+01  14 1.00000e+00  
117.0 6.5923e+01  14 1.00000e+00  
117.1 6.6018e+01  14 1.00000e+00  
117.2 6.6112e+01  14 1.00000e+00  
117.3 6.6207e+01  14 1.00000e+00  
117.4 6.6301e+01  14 1.00000e+00  
117.5 6.6396e+01  14 1.00000e+00  
117.6 6.6490e+01  14 1.00000e+00  
117.7 6.6585e+01  14 1.00000e+00  
117.8 6.6679e+01  14 1.00000e+00  
117.9 6.6774e+01  14 1.00000e+00  
118.0 6.6868e+01  14 1.00000e+00  
118.1 6.6963e+01  14 1.00000e+00  
118.2 6.7057e+01  14 1.00000e+00  
118.3 6.7152e+01  14 1.00000e+00  
118.4 6.7247e+01  14 1.00000e+00  
118.5 6.7341e+01  14 1.00000e+00  
118.6 6.7436e+01  14 1.00000e+00  
118.7 6.7530e+01  14 1.00000e+00  
118.8 6.7625e+01  14 1.00000e+00  
118.9 6.7719e+01  14 1.00000e+00  
119.0 6.7814e+01  14 1.00000e+00  
119.1 6.7909e+01  14 1.00000e+00  
119.2 6.8003e+01  14 1.00000e+00  
119.3 6.8098e+01  14 1.00000e+00  
119.4 6.8192e+01  14 1.00000e+00  
119.5 6.8287e+01  14 1.00000e+00  
119.6 6.8381e+01  14 1.00000e+00  
119.7 6.8476e+01  14 1.00000e+00  
119.8 6.8571e+01  14 1.00000e+00  
119.9 6.8665e+01  14 1.00000e+00  
120.0 6.8760e+01  14 1.00000e+00  
120.1 6.8854e+01  14 1.00000e+00  
120.2 6.8949e+01  14 1.00000e+00  
120.3 6.9044e+01  14 1.00000e+00  
120.4 6.9138e+01  14 1.00000e+00  
120.5 6.9233e+01  14 1.00000e+00  
120.6 6.9327e+01  14 1.00000e+00  
120.7 6.9422e+01  14 1.00000e+00  
120.8 6.9517e+01  14 1.00000e+00  
120.9 6.9611e+01  14 1.00000e+00  
121.0 6.9706e+01  14 1.00000e+00  
121.1 6.9800e+01  14 1.00000e+00  
121.2 6.9895e+01  14 1.00000e+00  
121.3 6.9990e+01  14 1.00000e+00  
121.4 7.0084e+01  14 1.00000e+00  
121.5 7.0179e+01  14 1.00000e+00  
121.6 7.0273e+01  14 1.00000e+00  
121.7 7.0368e+01  14 1.00000e+00  
121.8 7.0463e+01  14 1.00000e+00  
121.9 7.0557e+01  14 1.00000e+00  
122.0 7.0652e+01  14 1.00000e+00  
122.1 7.0746e+01  14 1.00000e+00  
122.2 7.0841e+01  14 1.00000e+00  
122.3 7.0935e+01  14 1.00000e+00  
122.4 7.1030e+01  14 1.00000e+00  
122.5 7.1125e+01  14 1.00000e+00  
122.6 7.1219e+01  14 1.00000e+00  
122.7 7.1314e+01  14 1.00000e+00  
122.8 7.1409e+01  14 1.00000e+00  
122.9 7.1503e+01  14 1.00000e+00  
123.0 7.1598e+01  14 1.00000e+00  
123.1 7.1692e+01  14 1.00000e+00  
123.2 7.1787e+01  14 1.00000e+00  
123.3 7.1882e+01  14 1.00000e+00  
123.4 7.1976e+01  14 1.00000e+00  
123.5 7.2071e+01  14 1.00000e+00  
123.6 7.2165e+01  14 1.00000e+00  
123.7 7.2260e+01  14 1.00000e+00  
123.8 7.2355e+01  14 1.00000e+00  
123.9 7.2449e+01  14 1.00000e+00  
124.0 7.2544e+01  14 1.00000e+00  
124.1 7.2638e+01  14 1.00000e+00  
124.2 7.2733e+01  14 1.00000e+00  
124.3 7.2827e+01  14 1.00000e+00  
124.4 7.2922e+01  14 1.00000e+00  
124.5 7.3017e+01  14 1.00000e+00  
124.6 7.3111e+01  14 1.00000e+00  
124.7 7.3206e+01  14 1.00000e+00  
124.8 7.3300e+01  14 1.00000e+00  
124.9 7.3395e+01  14 1.00000e+00  
125.0 7.3490e+01  14 1.00000e+00  
125.1 7.3584e+01  14 1.00000e+00  
125.2 7.3679e+01  14 1.00000e+00  
125.3 7.3773e+01  14 1.00000e+00  
125.4 7.3868e+01  14 1.00000e+00  
125.5 7.3962e+01  14 1.00000e+00  
125.6 7.4057e+01  14 1.00000e+00  
125.7 7.4152e+01  14 1.00000e+00  
125.8 7.4246e+01  14 1.00000e+00  
125.9 7.4341e+01  14 1.00000e+00  
126.0 7.4435e+01  14 1.00000e+00  
126.1 7.4530e+01  14 1.00000e+00  
126.2 7.4624e+01  14 1.00000e+00  
126.3 7.4719e+01  14 1.00000e+00  
126.4 7.4814e+01  14 1.00000e+00  
126.5 7.4908e+01  14 1.00000e+00  
126.6 7.5003e+01  14 1.00000e+00  
126.7 7.5097e+01  14 1.00000e+00  
126.8 7.5192e+01  14 1.00000e+00  
126.9 7.5286e+01  14 1.00000e+00  
127.0 7.5381e+01  14 1.00000e+00  
127.1 7.5475e+01  14 1.00000e+00  
127.2 7.5570e+01  14 1.00000e+00  
127.3 7.5665e+01  14 1.00000e+00  
127.4 7.5759e+01  14 1.00000e+00  
127.5 7.5854e+01  14 1.00000e+00  
127.6 7.5948e+01  14 1.00000e+00  
127.7 7.6043e+01  14 1.00000e+00  
127.8 7.6137e+01  14 1.00000e+00  
127.9 7.6232e+01  14 1.00000e+00  
128.0 7.6326e+01  14 1.00000e+00  
128.1 7.6421e+01  14 1.00000e+00  
128.2 7.6515e+01  14 1.00000e+00  
128.3 7.6610e+01  14 1.00000e+00  
128.4 7.6704e+01  14 1.00000e+00  
128.5 7.6799e+01  14 1.00000e+00  
128.6 7.6893e+01  14 1.00000e+00  
128.7 7.6988e+01  14 1.00000e+00  
128.8 7.7082e+01  14 1.00000e+00  
128.9 7.7177e+01  14 1.00000e+00  
129.0 7.7271e+01  14 1.00000e+00  
129.1 7.7366e+01  14 1.00000e+00  
129.2 7.7460e+01  14 1.00000e+00  
129.3 7.7555e+01  14 1.00000e+00  
129.4 7.7649e+01  14 1.00000e+00  
129.5 7.7744e+01  14 1.00000e+00  
129.6 7.7838e+01  14 1.00000e+00  
129.7 7.7933e+01  14 1.00000e+00  
129.8 7.8027e+01  14 1.00000e+00  
129.9 7.8122e+01  14 1.00000e+00  
130.0 7.8216e+01  14 1.00000e+00  
130.1 7.8311e+01  14 1.00000e+00  
130.2 7.8405e+01  14 1.00000e+00  
130.3 7.8500e+01  14 1.00000e+00  
130.4 7.8594e+01  14 1.00000e+00  
130.5 7.8689e+01  14 1.00000e+00  
130.6 7.8783e+01  14 1.00000e+00  
130.7 7.8878e+01  14 1.00000e+00  
130.8 7.8972e+01  14 1.00000e+00  
130.9 7.9066e+01  14 1.00000e+00  
131.0 7.9161e+01  14 1.00000e+00  
131.1 7.9255e+01  14 1.00000e+00  
131.2 7.9350e+01  14 1.00000e+00  
131.3 7.9444e+01  14 1.00000e+00  
131.4 7.9539e+01  14 1.00000e+00  
131.5 7.9633e+01  14 1.00000e+00  
131.6 7.9728e+01  14 1.00000e+00  
131.7 7.9822e+01  14 1.00000e+00  
131.8 7.9916e+01  14 1.00000e+00  
131.9 8.0011e+01  14 1.00000e+00  
132.0 8.0105e+01  14 1.00000e+00  
132.1 8.0200e+01  14 1.00000e+00  
132.2 8.0294e+01  14 1.00000e+00  
132.3 8.0389e+01  14 1.00000e+00  
132.4 8.0483e+01  14 1.00000e+00  
132.5 8.0577e+01  14 1.00000e+00  
132.6 8.0672e+01  14 1.00000e+00  
132.7 8.0766e+01  14 1.00000e+00  
132.8 8.0861e+01  14 1.00000e+00  
132.9 8.0955e+01  14 1.00000e+00  
133.0 8.1049e+01  14 1.00000e+00  
133.1 8.1144e+01  14 1.00000e+00  
133.2 8.1238e+01  14 1.00000e+00  
133.3 8.1332e+01  14 1.00000e+00  
133.4 8.1427e+01  14 1.00000e+00  
133.5 8.1521e+01  14 1.00000e+00  
133.6 8.1615e+01  14 1.00000e+00  
133.7 8.1710e+01  14 1.00000e+00  
133.8 8.1804e+01  14 1.00000e+00  
133.9 8.1899e+01  14 1.00000e+00  
134.0 8.1993e+01  14 1.00000e+00  
134.1 8.2087e+01  14 1.00000e+00  
134.2 8.2182e+01  14 1.00000e+00  
134.3 8.2276e+01  14 1.00000e+00  
134.4 8.2370e+01  14 1.00000e+00  
134.5 8.2465e+01  14 1.00000e+00  
134.6 8.2559e+01  14 1.00000e+00  
134.7 8.2653e+01  14 1.00000e+00  
134.8 8.2748e+01  14 1.00000e+00  
134.9 8.2842e+01  14 1.00000e+00  
135.0 8.2936e+01  14 1.00000e+00  
135.1 8.3031e+01  14 1.00000e+00  
135.2 8.3125e+01  14 1.00000e+00  
135.3 8.3219e+01  14 1.00000e+00  
135.4 8.3313e+01  14 1.00000e+00  
135.5 8.3408e+01  14 1.00000e+00  
135.6 8.3502e+01  14 1.00000e+00  
135.7 8.3596e+01  14 1.00000e+00  
135.8 8.3691e+01  14 1.00000e+00  
135.9 8.3785e+01  14 1.00000e+00  
136.0 8.3879e+01  14 1.00000e+00  
136.1 8.3973e+01  14 1.00000e+00  
136.2 8.4068e+01  14 1.00000e+00  
136.3 8.4162e+01  14 1.00000e+00  
136.4 8.4256e+01  14 1.00000e+00  
136.5 8.4350e+01  14 1.00000e+00  
136.6 8.4445e+01  14 1.00000e+00  
136.7 8.4539e+01  14 1.00000e+00  
136.8 8.4633e+01  14 1.00000e+00  
136.9 8.4727e+01  14 1.00000e+00  
137.0 8.4822e+01  14 1.00000e+00  
137.1 8.4916e+01  14 1.00000e+00  
137.2 8.5010e+01  14 1.00000e+00  
137.3 8.5104e+01  14 1.00000e+00  
137.4 8.5198e+01  14 1.00000e+00  
137.5 8.5293e+01  14 1.00000e+00  
137.6 8.5387e+01  14 1.00000e+00  
137.7 8.5481e+01  14 1.00000e+00  
137.8 8.5575e+01  14 1.00000e+00  
137.9 8.5670e+01  14 1.00000e+00  
138.0 8.5764e+01  14 1.00000e+00  
138.1 8.5858e+01  14 1.00000e+00  
138.2 8.5952e+01  14 1.00000e+00  
138.3 8.6046e+01  14 1.00000e+00  
138.4 8.6140e+01  14 1.00000e+00  
138.5 8.6235e+01  14 1.00000e+00  
138.6 8.6329e+01  14 1.00000e+00  
138.7 8.6423e+01  14 1.00000e+00  
138.8 8.6517e+01  14 1.00000e+00  
138.9 8.6611e+01  14 1.00000e+00  
139.0 8.6705e+01  14 1.00000e+00  
139.1 8.6800e+01  14 1.00000e+00  
139.2 8.6894e+01  14 1.00000e+00  
139.3 8.6988e+01  14 1.00000e+00  
139.4 8.7082e+01  14 1.00000e+00  
139.5 8.7176e+01  14 1.00000e+00  
139.6 8.7270e+01  14 1.00000e+00  
139.7 8.7364e+01  14 1.00000e+00  
139.8 8.7458e+01  14 1.00000e+00  
139.9 8.7553e+01  14 1.00000e+00  
140.0 8.7647e+01  14 1.00000e+00  
140.1 8.7741e+01  14 1.00000e+00  
140.2 8.7835e+01  14 1.00000e+00  
140.3 8.7929e+01  14 1.00000e+00  
140.4 8.8023e+01  14 1.00000e+00  
140.5 8.8117e+01  14 1.00000e+00  
140.6 8.8211e+01  14 1.00000e+00  
140.7 8.8305e+01  14 1.00000e+00  
140.8 8.8399e+01  14 1.00000e+00  
140.9 8.8493e+01  14 1.00000e+00  
141.0 8.8588e+01  14 1.00000e+00  
141.1 8.8682e+01  14 1.00000e+00  
141.2 8.8776e+01  14 1.00000e+00  
141.3 8.8870e+01  14 1.00000e+00  
141.4 8.8964e+01  14 1.00000e+00  
141.5 8.9058e+01  14 1.00000e+00  
141.6 8.9152e+01  14 1.00000e+00  
141.7 8.9246e+01  14 1.00000e+00  
141.8 8.9340e+01  14 1.00000e+00  
141.9 8.9434e+01  14 1.00000e+00  
142.0 8.9528e+01  14 1.00000e+00  
142.1 8.9622e+01  14 1.00000e+00  
142.2 8.9716e+01  14 1.00000e+00  
142.3 8.9810e+01  14 1.00000e+00  
142.4 8.9904e+01  14 1.00000e+00  
142.5 8.9998e+01  14 1.00000e+00  
142.6 9.0092e+01  14 1.00000e+00  
142.7 9.0186e+01  14 1.00000e+00  
142.8 9.0280e+01  14 1.00000e+00  
142.9 9.0374e+01  14 1.00000e+00  
143.0 9.0468e+01  14 1.00000e+00  
143.1 9.0562e+01  14 1.00000e+00  
143.2 9.0656e+01  14 1.00000e+00  
143.3 9.0750e+01  14 1.00000e+00  
143.4 9.0844e+01  14 1.00000e+00  
143.5 9.0938e+01  14 1.00000e+00  
143.6 9.1032e+01  14 1.00000e+00  
143.7 9.1126e+01  14 1.00000e+00  
143.8 9.1220e+01  14 1.00000e+00  
143.9 9.1313e+01  14 1.00000e+00  
144.0 9.1407e+01  14 1.00000e+00  
144.1 9.1501e+01  14 1.00000e+00  
144.2 9.1595e+01  14 1.00000e+00  
144.3 9.1689e+01  14 1.00000e+00  
144.4 9.1783e+01  14 1.00000e+00  
144.5 9.1877e+01  14 1.00000e+00  
144.6 9.1971e+01  14 1.00000e+00  
144.7 9.2065e+01  14 1.00000e+00  
144.8 9.2159e+01  14 1.00000e+00  
144.9 9.2253e+01  14 1.00000e+00  
145.0 9.2346e+01  14 1.00000e+00  
145.1 9.2440e+01  14 1.00000e+00  
145.2 9.2534e+01  14 1.00000e+00  
145.3 9.2628e+01  14 1.00000e+00  
145.4 9.2722e+01  14 1.00000e+00  
145.5 9.2816e+01  14 1.00000e+00  
145.6 9.2910e+01  14 1.00000e+00  
145.7 9.3004e+01  14 1.00000e+00  
145.8 9.3097e+01  14 1.00000e+00  
145.9 9.3191e+01  14 1.00000e+00  
146.0 9.3285e+01  14 1.00000e+00  
146.1 9.3379e+01  14 1.00000e+00  
146.2 9.3473e+01  14 1.00000e+00  
146.3 9.3567e+01  14 1.00000e+00  
146.4 9.3660e+01  14 1.00000e+00  
146.5 9.3754e+01  14 1.00000e+00  
146.6 9.3848e+01  14 1.00000e+00  
146.7 9.3942e+01  14 1.00000e+00  
146.8 9.4036e+01  14 1.00000e+00  
146.9 9.4129e+01  14 1.00000e+00  
147.0 9.4223e+01  14 1.00000e+00  
147.1 9.4317e+01  14 1.00000e+00  
147.2 9.4411e+01  14 1.00000e+00  
147.3 9.4505e+01  14 1.00000e+00  
147.4 9.4598e+01  14 1.00000e+00  
147.5 9.4692e+01  14 1.00000e+00  
147.6 9.4786e+01  14 1.00000e+00  
147.7 9.4880e+01  14 1.00000e+00  
147.8 9.4973e+01  14 1.00000e+00  
147.9 9.5067e+01  14 1.00000e+00  
148.0 9.5161e+01  14 1.00000e+00  
148.1 9.5255e+01  14 1.00000e+00  
148.2 9.5348e+01  14 1.00000e+00  
148.3 9.5442e+01  14 1.00000e+00  
148.4 9.5536e+01  14 1.00000e+00  
148.5 9.5630e+01  14 1.00000e+00  
148.6 9.5723e+01  14 1.00000e+00  
148.7 9.5817e+01  14 1.00000e+00  
148.8 9.5911e+01  14 1.00000e+00  
148.9 9.6004e+01  14 1.00000e+00  
149.0 9.6098e+01  14 1.00000e+00  
149.1 9.6192e+01  14 1.00000e+00  
149.2 9.6285e+01  14 1.00000e+00  
149.3 9.6379e+01  14 1.00000e+00  
149.4 9.6473e+01  14 1.00000e+00  
149.5 9.6566e+01  14 1.00000e+00  
149.6 9.6660e+01  14 1.00000e+00  
149.7 9.6754e+01  14 1.00000e+00  
149.8 9.6847e+01  14 1.00000e+00  
149.9 9.6941e+01  14 1.00000e+00  
150.0 9.7035e+01  14 1.00000e+00  
