 15.1 1.3900e+00  13 4.19758e-02  
 15.2 1.3976e+00  13 4.24357e-02  
 15.3 1.4053e+00  13 4.28915e-02  
 15.4 1.4129e+00  13 4.33433e-02  
 15.5 1.4206e+00  13 4.37915e-02  
 15.6 1.4282e+00  13 4.42358e-02  
 15.7 1.4358e+00  13 4.46768e-02  
 15.8 1.4435e+00  13 4.51140e-02  
 15.9 1.4511e+00  13 4.55482e-02  
 16.0 1.4588e+00  13 4.60009e-02  
 16.1 1.4664e+00  13 4.64292e-02  
 16.2 1.4740e+00  13 4.68481e-02  
 16.3 1.4817e+00  13 4.72688e-02  
 16.4 1.4893e+00  13 4.76877e-02  
 16.5 1.4970e+00  13 4.81036e-02  
 16.6 1.5046e+00  13 4.85173e-02  
 16.7 1.5123e+00  13 4.89282e-02  
 16.8 1.5199e+00  13 4.93368e-02  
 16.9 1.5275e+00  13 4.97684e-02  
 17.0 1.5352e+00  13 5.01728e-02  
 17.1 1.5428e+00  13 5.05754e-02  
 17.2 1.5505e+00  13 5.09761e-02  
 17.3 1.5581e+00  13 5.13660e-02  
 17.4 1.5657e+00  13 5.17621e-02  
 17.5 1.5734e+00  13 5.21852e-02  
 17.6 1.5810e+00  13 5.25787e-02  
 17.7 1.5886e+00  13 5.29706e-02  
 17.8 1.5963e+00  13 5.33612e-02  
 17.9 1.6039e+00  13 5.37813e-02  
 18.0 1.6115e+00  13 5.41603e-02  
 18.1 1.6192e+00  13 5.45468e-02  
 18.2 1.6268e+00  13 5.49325e-02  
 18.3 1.6344e+00  13 5.53494e-02  
 18.4 1.6421e+00  13 5.57344e-02  
 18.5 1.6497e+00  13 5.61190e-02  
 18.6 1.6573e+00  13 5.65239e-02  
 18.7 1.6650e+00  13 5.69058e-02  
 18.8 1.6726e+00  13 5.73216e-02  
 18.9 1.6802e+00  13 5.77045e-02  
 19.0 1.6878e+00  13 5.81206e-02  
 19.1 1.6954e+00  13 5.84902e-02  
 19.2 1.7030e+00  13 5.89056e-02  
 19.3 1.7118e+00  13 5.94180e-02  
 19.4 1.7236e+00  13 6.01937e-02  
 19.5 1.7354e+00  13 6.10866e-02  
 19.6 1.7474e+00  13 6.18776e-02  
 19.7 1.7594e+00  13 6.26430e-02  
 19.8 1.7715e+00  13 6.34155e-02  
 19.9 1.7837e+00  13 6.41961e-02  
 20.0 1.7960e+00  13 6.49677e-02  
 20.1 1.8084e+00  13 6.57609e-02  
 20.2 1.8208e+00  13 6.65616e-02  
 20.3 1.8334e+00  13 6.73708e-02  
 20.4 1.8460e+00  13 6.81709e-02  
 20.5 1.8587e+00  13 6.89942e-02  
 20.6 1.8715e+00  13 6.98269e-02  
 20.7 1.8843e+00  13 7.06621e-02  
 20.8 1.8973e+00  13 7.15036e-02  
 20.9 1.9103e+00  13 7.23616e-02  
 21.0 1.9235e+00  13 7.32287e-02  
 21.1 1.5696e+01  14 1.00000e+00  
 21.2 1.5729e+01  14 1.00000e+00  
 21.3 1.5760e+01  14 1.00000e+00  
 21.4 1.5791e+01  14 1.00000e+00  
 21.5 1.5825e+01  14 1.00000e+00  
 21.6 1.5854e+01  14 1.00000e+00  
 21.7 1.5883e+01  14 1.00000e+00  
 21.8 1.5912e+01  14 1.00000e+00  
 21.9 1.5942e+01  14 1.00000e+00  
 22.0 1.5969e+01  14 1.00000e+00  
 22.1 1.5995e+01  14 1.00000e+00  
 22.2 1.6024e+01  14 1.00000e+00  
 22.3 1.6049e+01  14 1.00000e+00  
 22.4 1.6073e+01  14 1.00000e+00  
 22.5 1.6097e+01  14 1.00000e+00  
 22.6 1.6124e+01  14 1.00000e+00  
 22.7 1.6146e+01  14 1.00000e+00  
 22.8 1.6167e+01  14 1.00000e+00  
 22.9 1.6192e+01  14 1.00000e+00  
 23.0 1.6213e+01  14 1.00000e+00  
 23.1 1.6232e+01  14 1.00000e+00  
 23.2 1.6253e+01  14 1.00000e+00  
 23.3 1.6275e+01  14 1.00000e+00  
 23.4 1.6293e+01  14 1.00000e+00  
 23.5 1.6310e+01  14 1.00000e+00  
 23.6 1.6332e+01  14 1.00000e+00  
 23.7 1.6348e+01  14 1.00000e+00  
 23.8 1.6364e+01  14 1.00000e+00  
 23.9 1.6379e+01  14 1.00000e+00  
 24.0 1.6399e+01  14 1.00000e+00  
 24.1 1.6413e+01  14 1.00000e+00  
 24.2 1.6427e+01  14 1.00000e+00  
 24.3 5.5495e+00  14 2.99094e-01  
 24.4 5.6311e+00  14 3.04086e-01  
 24.5 5.7130e+00  14 3.09103e-01  
 24.6 5.7952e+00  14 3.14146e-01  
 24.7 5.8779e+00  14 3.19106e-01  
 24.8 5.9608e+00  14 3.24184e-01  
 24.9 6.0440e+00  14 3.29286e-01  
 25.0 6.1274e+00  14 3.34408e-01  
 25.1 6.2115e+00  14 3.39448e-01  
 25.2 6.2956e+00  14 3.44609e-01  
 25.3 6.3799e+00  14 3.49789e-01  
 25.4 6.4645e+00  14 3.54991e-01  
 25.5 6.5500e+00  14 3.60104e-01  
 25.6 6.6352e+00  14 3.65332e-01  
 25.7 6.7206e+00  14 3.70589e-01  
 25.8 6.8062e+00  14 3.75867e-01  
 25.9 6.8929e+00  14 3.81047e-01  
 26.0 6.9791e+00  14 3.86351e-01  
 26.1 7.0655e+00  14 3.91675e-01  
 26.2 7.1521e+00  14 3.97015e-01  
 26.3 7.2394e+00  14 4.02229e-01  
 26.4 7.3265e+00  14 4.07601e-01  
 26.5 7.4138e+00  14 4.12984e-01  
 26.6 7.5013e+00  14 4.18385e-01  
 26.7 7.5890e+00  14 4.23808e-01  
 26.8 7.6791e+00  14 4.29174e-01  
 26.9 7.7673e+00  14 4.34622e-01  
 27.0 7.8556e+00  14 4.40090e-01  
 27.1 7.9441e+00  14 4.45578e-01  
 27.2 8.0341e+00  14 4.50991e-01  
 27.3 8.1238e+00  14 4.56465e-01  
 27.4 8.2131e+00  14 4.61984e-01  
 27.5 8.3025e+00  14 4.67523e-01  
 27.6 8.3922e+00  14 4.73074e-01  
 27.7 8.4819e+00  14 4.78643e-01  
 27.8 8.5731e+00  14 4.84169e-01  
 27.9 8.6644e+00  14 4.89715e-01  
 28.0 8.7547e+00  14 4.95329e-01  
 28.1 8.8451e+00  14 5.00961e-01  
 28.2 8.9361e+00  14 5.06590e-01  
 28.3 9.0272e+00  14 5.12235e-01  
 28.4 9.1187e+00  14 5.17888e-01  
 28.5 9.2129e+00  14 5.23459e-01  
 28.6 9.3050e+00  14 5.29135e-01  
 28.7 9.3968e+00  14 5.34840e-01  
 28.8 9.4886e+00  14 5.40564e-01  
 28.9 9.5807e+00  14 5.46297e-01  
 29.0 9.6730e+00  14 5.52045e-01  
 29.1 9.7666e+00  14 5.57771e-01  
 29.2 9.8611e+00  14 5.63492e-01  
 29.3 9.9537e+00  14 5.69288e-01  
 29.4 1.0046e+01  14 5.75111e-01  
 29.5 1.0142e+01  14 5.80838e-01  
 29.6 1.0236e+01  14 5.86668e-01  
 29.7 1.0331e+01  14 5.92479e-01  
 29.8 1.0426e+01  14 5.98303e-01  
 29.9 1.0515e+01  14 6.04262e-01  
 30.0 1.0611e+01  14 6.10116e-01  
 30.1 1.0706e+01  14 6.15997e-01  
 30.2 1.0800e+01  14 6.21894e-01  
 30.3 1.0895e+01  14 6.27818e-01  
 30.4 1.0992e+01  14 6.33699e-01  
 30.5 1.1090e+01  14 6.39586e-01  
 30.6 1.1185e+01  14 6.45552e-01  
 30.7 1.1280e+01  14 6.51537e-01  
 30.8 1.1374e+01  14 6.57537e-01  
 30.9 1.1471e+01  14 6.63513e-01  
 31.0 1.1568e+01  14 6.69508e-01  
 31.1 1.1664e+01  14 6.75530e-01  
 31.2 1.1760e+01  14 6.81568e-01  
 31.3 1.1855e+01  14 6.87636e-01  
 31.4 1.1949e+01  14 6.93738e-01  
 31.5 1.2051e+01  14 6.99740e-01  
 31.6 1.2143e+01  14 7.05889e-01  
 31.7 1.2245e+01  14 7.11927e-01  
 31.8 1.2336e+01  14 7.18113e-01  
 31.9 1.2436e+01  14 7.24203e-01  
 32.0 1.2534e+01  14 7.30337e-01  
 32.1 1.2631e+01  14 7.36494e-01  
 32.2 1.2724e+01  14 7.42717e-01  
 32.3 1.2818e+01  14 7.48927e-01  
 32.4 1.2915e+01  14 7.55128e-01  
 32.5 1.3019e+01  14 7.61268e-01  
 32.6 1.3107e+01  14 7.67577e-01  
 32.7 1.3213e+01  14 7.73742e-01  
 32.8 1.3304e+01  14 7.80045e-01  
 32.9 1.3400e+01  14 7.86313e-01  
 33.0 1.3497e+01  14 7.92590e-01  
 33.1 1.3590e+01  14 7.98911e-01  
 33.2 1.3692e+01  14 8.05181e-01  
 33.3 1.3787e+01  14 8.11512e-01  
 33.4 1.3884e+01  14 8.17838e-01  
 33.5 1.3980e+01  14 8.24187e-01  
 33.6 1.4072e+01  14 8.30572e-01  
 33.7 1.4169e+01  14 8.36937e-01  
 33.8 1.4265e+01  14 8.43316e-01  
 33.9 1.4361e+01  14 8.49713e-01  
 34.0 1.4449e+01  14 8.56152e-01  
 34.1 1.4544e+01  14 8.62574e-01  
 34.2 1.4648e+01  14 8.68967e-01  
 34.3 1.4743e+01  14 8.75414e-01  
 34.4 1.4836e+01  14 8.81876e-01  
 34.5 1.4920e+01  14 8.88378e-01  
 34.6 1.5025e+01  14 8.94821e-01  
 34.7 1.5116e+01  14 9.01322e-01  
 34.8 1.5212e+01  14 9.07818e-01  
 34.9 1.5293e+01  14 9.14364e-01  
 35.0 1.5385e+01  14 9.20888e-01  
 35.1 1.5477e+01  14 9.27421e-01  
 35.2 1.5571e+01  14 9.33963e-01  
 35.3 1.5669e+01  14 9.40507e-01  
 35.4 1.5766e+01  14 9.47064e-01  
 35.5 1.5855e+01  14 9.53644e-01  
 35.6 1.5944e+01  14 9.60233e-01  
 35.7 1.6033e+01  14 9.66830e-01  
 35.8 1.6121e+01  14 9.73437e-01  
 35.9 1.6208e+01  14 9.80052e-01  
 36.0 1.6295e+01  14 9.86676e-01  
 36.1 1.6382e+01  14 9.93307e-01  
 36.2 1.6468e+01  14 9.99947e-01  
 36.3 1.6450e+01  14 1.00000e+00  
 36.4 1.6434e+01  14 1.00000e+00  
 36.5 1.6417e+01  14 1.00000e+00  
 36.6 1.6400e+01  14 1.00000e+00  
 36.7 1.6383e+01  14 1.00000e+00  
 36.8 1.6366e+01  14 1.00000e+00  
 36.9 1.6348e+01  14 1.00000e+00  
 37.0 1.6225e+01  14 1.00000e+00  
 37.1 1.6207e+01  14 1.00000e+00  
 37.2 1.6188e+01  14 1.00000e+00  
 37.3 1.6169e+01  14 1.00000e+00  
 37.4 1.6150e+01  14 1.00000e+00  
 37.5 1.6015e+01  14 1.00000e+00  
 37.6 1.5996e+01  14 1.00000e+00  
 37.7 1.5976e+01  14 1.00000e+00  
 37.8 1.5956e+01  14 1.00000e+00  
 37.9 1.5936e+01  14 1.00000e+00  
 38.0 1.5797e+01  14 1.00000e+00  
 38.1 1.5777e+01  14 1.00000e+00  
 38.2 1.5756e+01  14 1.00000e+00  
 38.3 1.5735e+01  14 1.00000e+00  
 38.4 1.5714e+01  14 1.00000e+00  
 38.5 1.5692e+01  14 1.00000e+00  
 38.6 1.4952e+01  14 1.00000e+00  
 38.7 1.4120e+01  14 1.00000e+00  
 38.8 1.4050e+01  14 1.00000e+00  
 38.9 1.4015e+01  14 1.00000e+00  
 39.0 1.3963e+01  14 1.00000e+00  
 39.1 1.3740e+01  14 1.00000e+00  
 39.2 1.3702e+01  14 1.00000e+00  
 39.3 1.3672e+01  14 1.00000e+00  
 39.4 1.3639e+01  14 1.00000e+00  
 39.5 1.3516e+01  14 1.00000e+00  
 39.6 1.3397e+01  14 1.00000e+00  
 39.7 1.3357e+01  14 1.00000e+00  
 39.8 1.3329e+01  14 1.00000e+00  
 39.9 1.3281e+01  14 1.00000e+00  
 40.0 1.3210e+01  14 1.00000e+00  
 40.1 1.3000e+01  14 9.92945e-01  
 40.2 1.2912e+01  14 9.88484e-01  
 40.3 1.2826e+01  14 9.84124e-01  
 40.4 1.2778e+01  14 9.81702e-01  
 40.5 1.2437e+01  14 9.64245e-01  
 40.6 1.2301e+01  14 9.57262e-01  
 40.7 1.2218e+01  14 9.52943e-01  
 40.8 1.2194e+01  14 9.51697e-01  
 40.9 1.1973e+01  14 9.40261e-01  
 41.0 1.1892e+01  14 9.36025e-01  
 41.1 1.1643e+01  14 9.23044e-01  
 41.2 1.1632e+01  14 9.22483e-01  
 41.3 1.1538e+01  14 9.17519e-01  
 41.4 1.1388e+01  14 9.09632e-01  
 41.5 1.1307e+01  14 9.05341e-01  
 41.6 1.1108e+01  14 8.94797e-01  
 41.7 1.1089e+01  14 8.93788e-01  
 41.8 1.1067e+01  14 8.92613e-01  
 41.9 1.1024e+01  14 8.90329e-01  
 42.0 1.0657e+01  14 8.70748e-01  
 42.1 1.0654e+01  14 8.70582e-01  
 42.2 1.0635e+01  14 8.69543e-01  
 42.3 1.0610e+01  14 8.68177e-01  
 42.4 1.0488e+01  14 8.61619e-01  
 42.5 1.0386e+01  14 8.56105e-01  
 42.6 1.0275e+01  14 8.50131e-01  
 42.7 1.0271e+01  14 8.49887e-01  
 42.8 1.0248e+01  14 8.48686e-01  
 42.9 9.9945e+00  14 8.34892e-01  
 43.0 9.8842e+00  14 8.28876e-01  
 43.1 9.8724e+00  14 8.28230e-01  
 43.2 9.8822e+00  14 8.28767e-01  
 43.3 9.9882e+00  14 8.34546e-01  
 43.4 1.0079e+01  14 8.39479e-01  
 43.5 1.0193e+01  14 8.45691e-01  
 43.6 1.0214e+01  14 8.46816e-01  
 43.7 1.0237e+01  14 8.48084e-01  
 43.8 1.0243e+01  14 8.48409e-01  
 43.9 1.0367e+01  14 8.55114e-01  
 44.0 1.0452e+01  14 8.59672e-01  
 44.1 1.0561e+01  14 8.65541e-01  
 44.2 1.0608e+01  14 8.68090e-01  
 44.3 1.0660e+01  14 8.70873e-01  
 44.4 1.0710e+01  14 8.73551e-01  
 44.5 1.0758e+01  14 8.76143e-01  
 44.6 1.0803e+01  14 8.78546e-01  
 44.7 1.0841e+01  14 8.80567e-01  
 44.8 1.0897e+01  14 8.83586e-01  
 44.9 1.1028e+01  14 8.90534e-01  
 45.0 1.1121e+01  14 8.95504e-01  
 45.1 1.1212e+01  14 9.00300e-01  
 45.2 1.1284e+01  14 9.04113e-01  
 45.3 1.1421e+01  14 9.11360e-01  
 45.4 1.1479e+01  14 9.14398e-01  
 45.5 1.1541e+01  14 9.17665e-01  
 45.6 1.1595e+01  14 9.20539e-01  
 45.7 1.1649e+01  14 9.23370e-01  
 45.8 1.1700e+01  14 9.26025e-01  
 45.9 1.1737e+01  14 9.27939e-01  
 46.0 1.1777e+01  14 9.30052e-01  
 46.1 1.1841e+01  14 9.33382e-01  
 46.2 1.1986e+01  14 9.40934e-01  
 46.3 1.2091e+01  14 9.46366e-01  
 46.4 1.2185e+01  14 9.51269e-01  
 46.5 1.2270e+01  14 9.55631e-01  
 46.6 1.2418e+01  14 9.63243e-01  
 46.7 1.2480e+01  14 9.66465e-01  
 46.8 1.2551e+01  14 9.70066e-01  
 46.9 1.2609e+01  14 9.73042e-01  
 47.0 1.2667e+01  14 9.76044e-01  
 47.1 1.2719e+01  14 9.78703e-01  
 47.2 1.2782e+01  14 9.81900e-01  
 47.3 1.2834e+01  14 9.84534e-01  
 47.4 1.2876e+01  14 9.86689e-01  
 47.5 1.2960e+01  14 9.90924e-01  
 47.6 1.3115e+01  14 9.98793e-01  
 47.7 1.3173e+01  14 1.00000e+00  
 47.8 1.3209e+01  14 1.00000e+00  
 47.9 1.3244e+01  14 1.00000e+00  
 48.0 1.3275e+01  14 1.00000e+00  
 48.1 1.3331e+01  14 1.00000e+00  
 48.2 1.3361e+01  14 1.00000e+00  
 48.3 1.3377e+01  14 1.00000e+00  
 48.4 1.3401e+01  14 1.00000e+00  
 48.5 1.3424e+01  14 1.00000e+00  
 48.6 1.3445e+01  14 1.00000e+00  
 48.7 1.3465e+01  14 1.00000e+00  
 48.8 1.3482e+01  14 1.00000e+00  
 48.9 1.3523e+01  14 1.00000e+00  
 49.0 1.3579e+01  14 1.00000e+00  
 49.1 1.3621e+01  14 1.00000e+00  
 49.2 1.3660e+01  14 1.00000e+00  
 49.3 1.3695e+01  14 1.00000e+00  
 49.4 1.3727e+01  14 1.00000e+00  
 49.5 1.3787e+01  14 1.00000e+00  
 49.6 1.3814e+01  14 1.00000e+00  
 49.7 1.3835e+01  14 1.00000e+00  
 49.8 1.3860e+01  14 1.00000e+00  
 49.9 1.3880e+01  14 1.00000e+00  
 50.0 1.3904e+01  14 1.00000e+00  
 50.1 1.3927e+01  14 1.00000e+00  
 50.2 1.3948e+01  14 1.00000e+00  
 50.3 1.3972e+01  14 1.00000e+00  
 50.4 1.4014e+01  14 1.00000e+00  
 50.5 1.4067e+01  14 1.00000e+00  
 50.6 1.4110e+01  14 1.00000e+00  
 50.7 1.4149e+01  14 1.00000e+00  
 50.8 1.4184e+01  14 1.00000e+00  
 50.9 1.4213e+01  14 1.00000e+00  
 51.0 1.4271e+01  14 1.00000e+00  
 51.1 1.4296e+01  14 1.00000e+00  
 51.2 1.4320e+01  14 1.00000e+00  
 51.3 1.4346e+01  14 1.00000e+00  
 51.4 1.4368e+01  14 1.00000e+00  
 51.5 1.4392e+01  14 1.00000e+00  
 51.6 1.4411e+01  14 1.00000e+00  
 51.7 1.4433e+01  14 1.00000e+00  
 51.8 1.4465e+01  14 1.00000e+00  
 51.9 1.4507e+01  14 1.00000e+00  
 52.0 1.4554e+01  14 1.00000e+00  
 52.1 1.4594e+01  14 1.00000e+00  
 52.2 1.4636e+01  14 1.00000e+00  
 52.3 1.4672e+01  14 1.00000e+00  
 52.4 1.4706e+01  14 1.00000e+00  
 52.5 1.4762e+01  14 1.00000e+00  
 52.6 1.4792e+01  14 1.00000e+00  
 52.7 1.4819e+01  14 1.00000e+00  
 52.8 1.4846e+01  14 1.00000e+00  
 52.9 1.4868e+01  14 1.00000e+00  
 53.0 1.4891e+01  14 1.00000e+00  
 53.1 1.4917e+01  14 1.00000e+00  
 53.2 1.4936e+01  14 1.00000e+00  
 53.3 1.4957e+01  14 1.00000e+00  
 53.4 1.4996e+01  14 1.00000e+00  
 53.5 1.5033e+01  14 1.00000e+00  
 53.6 1.5088e+01  14 1.00000e+00  
 53.7 1.5128e+01  14 1.00000e+00  
 53.8 1.5169e+01  14 1.00000e+00  
 53.9 1.5203e+01  14 1.00000e+00  
 54.0 1.5235e+01  14 1.00000e+00  
 54.1 1.5293e+01  14 1.00000e+00  
 54.2 1.5321e+01  14 1.00000e+00  
 54.3 1.5351e+01  14 1.00000e+00  
 54.4 1.5372e+01  14 1.00000e+00  
 54.5 1.5396e+01  14 1.00000e+00  
 54.6 1.5420e+01  14 1.00000e+00  
 54.7 1.5440e+01  14 1.00000e+00  
 54.8 1.5466e+01  14 1.00000e+00  
 54.9 1.5488e+01  14 1.00000e+00  
 55.0 1.5528e+01  14 1.00000e+00  
 55.1 1.5569e+01  14 1.00000e+00  
 55.2 1.5599e+01  14 1.00000e+00  
 55.3 1.5659e+01  14 1.00000e+00  
 55.4 1.5695e+01  14 1.00000e+00  
 55.5 1.5736e+01  14 1.00000e+00  
 55.6 1.5766e+01  14 1.00000e+00  
 55.7 1.5805e+01  14 1.00000e+00  
 55.8 1.5857e+01  14 1.00000e+00  
 55.9 1.5886e+01  14 1.00000e+00  
 56.0 1.5918e+01  14 1.00000e+00  
 56.1 1.5942e+01  14 1.00000e+00  
 56.2 1.5967e+01  14 1.00000e+00  
 56.3 1.5993e+01  14 1.00000e+00  
 56.4 1.6015e+01  14 1.00000e+00  
 56.5 1.6026e+01  14 1.00000e+00  
 56.6 1.6054e+01  14 1.00000e+00  
 56.7 1.6100e+01  14 1.00000e+00  
 56.8 1.6140e+01  14 1.00000e+00  
 56.9 1.6181e+01  14 1.00000e+00  
 57.0 1.6232e+01  14 1.00000e+00  
 57.1 1.6273e+01  14 1.00000e+00  
 57.2 1.6311e+01  14 1.00000e+00  
 57.3 1.6342e+01  14 1.00000e+00  
 57.4 1.6380e+01  14 1.00000e+00  
 57.5 1.6401e+01  14 1.00000e+00  
 57.6 1.6464e+01  14 1.00000e+00  
 57.7 1.6499e+01  14 1.00000e+00  
 57.8 1.6522e+01  14 1.00000e+00  
 57.9 1.6539e+01  14 1.00000e+00  
 58.0 1.6569e+01  14 1.00000e+00  
 58.1 1.6585e+01  14 1.00000e+00  
 58.2 1.6614e+01  14 1.00000e+00  
 58.3 1.6632e+01  14 1.00000e+00  
 58.4 1.6671e+01  14 1.00000e+00  
 58.5 1.6718e+01  14 1.00000e+00  
 58.6 1.6760e+01  14 1.00000e+00  
 58.7 1.6795e+01  14 1.00000e+00  
 58.8 1.6847e+01  14 1.00000e+00  
 58.9 1.6886e+01  14 1.00000e+00  
 59.0 1.6924e+01  14 1.00000e+00  
 59.1 1.6956e+01  14 1.00000e+00  
 59.2 1.6987e+01  14 1.00000e+00  
 59.3 1.7021e+01  14 1.00000e+00  
 59.4 1.7074e+01  14 1.00000e+00  
 59.5 1.7102e+01  14 1.00000e+00  
 59.6 1.7136e+01  14 1.00000e+00  
 59.7 1.7164e+01  14 1.00000e+00  
 59.8 1.7184e+01  14 1.00000e+00  
 59.9 1.7208e+01  14 1.00000e+00  
 60.0 1.7235e+01  14 1.00000e+00  
 60.1 1.7257e+01  14 1.00000e+00  
 60.2 1.7295e+01  14 1.00000e+00  
 60.3 1.7342e+01  14 1.00000e+00  
 60.4 1.7383e+01  14 1.00000e+00  
 60.5 1.7414e+01  14 1.00000e+00  
 60.6 1.7458e+01  14 1.00000e+00  
 60.7 1.7492e+01  14 1.00000e+00  
 60.8 1.7532e+01  14 1.00000e+00  
 60.9 1.7574e+01  14 1.00000e+00  
 61.0 1.7606e+01  14 1.00000e+00  
 61.1 1.7641e+01  14 1.00000e+00  
 61.2 1.7671e+01  14 1.00000e+00  
 61.3 1.7733e+01  14 1.00000e+00  
 61.4 1.7748e+01  14 1.00000e+00  
 61.5 1.7781e+01  14 1.00000e+00  
 61.6 1.7800e+01  14 1.00000e+00  
 61.7 1.7831e+01  14 1.00000e+00  
 61.8 1.7855e+01  14 1.00000e+00  
 61.9 1.7872e+01  14 1.00000e+00  
 62.0 1.7890e+01  14 1.00000e+00  
 62.1 1.7926e+01  14 1.00000e+00  
 62.2 1.7979e+01  14 1.00000e+00  
 62.3 1.8024e+01  14 1.00000e+00  
 62.4 1.8061e+01  14 1.00000e+00  
 62.5 1.8099e+01  14 1.00000e+00  
 62.6 1.8142e+01  14 1.00000e+00  
 62.7 1.8179e+01  14 1.00000e+00  
 62.8 1.8222e+01  14 1.00000e+00  
 62.9 1.8255e+01  14 1.00000e+00  
 63.0 1.8276e+01  14 1.00000e+00  
 63.1 1.8311e+01  14 1.00000e+00  
 63.2 1.8376e+01  14 1.00000e+00  
 63.3 1.8397e+01  14 1.00000e+00  
 63.4 1.8430e+01  14 1.00000e+00  
 63.5 1.8453e+01  14 1.00000e+00  
 63.6 1.8468e+01  14 1.00000e+00  
 63.7 1.8509e+01  14 1.00000e+00  
 63.8 1.8522e+01  14 1.00000e+00  
 63.9 1.8556e+01  14 1.00000e+00  
 64.0 1.8579e+01  14 1.00000e+00  
 64.1 1.8627e+01  14 1.00000e+00  
 64.2 1.8665e+01  14 1.00000e+00  
 64.3 1.8711e+01  14 1.00000e+00  
 64.4 1.8746e+01  14 1.00000e+00  
 64.5 1.8787e+01  14 1.00000e+00  
 64.6 1.8824e+01  14 1.00000e+00  
 64.7 1.8861e+01  14 1.00000e+00  
 64.8 1.8913e+01  14 1.00000e+00  
 64.9 1.8949e+01  14 1.00000e+00  
 65.0 1.8978e+01  14 1.00000e+00  
 65.1 1.9015e+01  14 1.00000e+00  
 65.2 1.9045e+01  14 1.00000e+00  
 65.3 1.9114e+01  14 1.00000e+00  
 65.4 1.9134e+01  14 1.00000e+00  
 65.5 1.9156e+01  14 1.00000e+00  
 65.6 1.9182e+01  14 1.00000e+00  
 65.7 1.9205e+01  14 1.00000e+00  
 65.8 1.9228e+01  14 1.00000e+00  
 65.9 1.9245e+01  14 1.00000e+00  
 66.0 1.9266e+01  14 1.00000e+00  
 66.1 1.9309e+01  14 1.00000e+00  
 66.2 1.9360e+01  14 1.00000e+00  
 66.3 1.9401e+01  14 1.00000e+00  
 66.4 1.9443e+01  14 1.00000e+00  
 66.5 1.9469e+01  14 1.00000e+00  
 66.6 1.9512e+01  14 1.00000e+00  
 66.7 1.9568e+01  14 1.00000e+00  
 66.8 1.9601e+01  14 1.00000e+00  
 66.9 1.9646e+01  14 1.00000e+00  
 67.0 1.9681e+01  14 1.00000e+00  
 67.1 1.9708e+01  14 1.00000e+00  
 67.2 1.9748e+01  14 1.00000e+00  
 67.3 1.9778e+01  14 1.00000e+00  
 67.4 1.9826e+01  14 1.00000e+00  
 67.5 1.9870e+01  14 1.00000e+00  
 67.6 1.9893e+01  14 1.00000e+00  
 67.7 1.9919e+01  14 1.00000e+00  
 67.8 1.9944e+01  14 1.00000e+00  
 67.9 1.9969e+01  14 1.00000e+00  
 68.0 1.9987e+01  14 1.00000e+00  
 68.1 2.0001e+01  14 1.00000e+00  
 68.2 2.0028e+01  14 1.00000e+00  
 68.3 2.0074e+01  14 1.00000e+00  
 68.4 2.0137e+01  14 1.00000e+00  
 68.5 2.0173e+01  14 1.00000e+00  
 68.6 2.0208e+01  14 1.00000e+00  
 68.7 2.0262e+01  14 1.00000e+00  
 68.8 2.0298e+01  14 1.00000e+00  
 68.9 2.0347e+01  14 1.00000e+00  
 69.0 2.0379e+01  14 1.00000e+00  
 69.1 2.0424e+01  14 1.00000e+00  
 69.2 2.0460e+01  14 1.00000e+00  
 69.3 2.0483e+01  14 1.00000e+00  
 69.4 2.0523e+01  14 1.00000e+00  
 69.5 2.0555e+01  14 1.00000e+00  
 69.6 2.0589e+01  14 1.00000e+00  
 69.7 2.0648e+01  14 1.00000e+00  
 69.8 2.0671e+01  14 1.00000e+00  
 69.9 2.0698e+01  14 1.00000e+00  
 70.0 2.0708e+01  14 1.00000e+00  
 70.1 2.0744e+01  14 1.00000e+00  
 70.2 2.0775e+01  14 1.00000e+00  
 70.3 2.0797e+01  14 1.00000e+00  
 70.4 2.0822e+01  14 1.00000e+00  
 70.5 2.0865e+01  14 1.00000e+00  
 70.6 2.0908e+01  14 1.00000e+00  
 70.7 2.0961e+01  14 1.00000e+00  
 70.8 2.1004e+01  14 1.00000e+00  
 70.9 2.1045e+01  14 1.00000e+00  
 71.0 2.1075e+01  14 1.00000e+00  
 71.1 2.1113e+01  14 1.00000e+00  
 71.2 2.1170e+01  14 1.00000e+00  
 71.3 2.1202e+01  14 1.00000e+00  
 71.4 2.1247e+01  14 1.00000e+00  
 71.5 2.1282e+01  14 1.00000e+00  
 71.6 2.1309e+01  14 1.00000e+00  
 71.7 2.1350e+01  14 1.00000e+00  
 71.8 2.1376e+01  14 1.00000e+00  
 71.9 2.1396e+01  14 1.00000e+00  
 72.0 2.1482e+01  14 1.00000e+00  
 72.1 2.1494e+01  14 1.00000e+00  
 72.2 2.1529e+01  14 1.00000e+00  
 72.3 2.1556e+01  14 1.00000e+00  
 72.4 2.1577e+01  14 1.00000e+00  
 72.5 2.1609e+01  14 1.00000e+00  
 72.6 2.1627e+01  14 1.00000e+00  
 72.7 2.1646e+01  14 1.00000e+00  
 72.8 2.1677e+01  14 1.00000e+00  
 72.9 2.1737e+01  14 1.00000e+00  
 73.0 2.1782e+01  14 1.00000e+00  
 73.1 2.1832e+01  14 1.00000e+00  
 73.2 2.1874e+01  14 1.00000e+00  
 73.3 2.1910e+01  14 1.00000e+00  
 73.4 2.1953e+01  14 1.00000e+00  
 73.5 2.1989e+01  14 1.00000e+00  
 73.6 2.2040e+01  14 1.00000e+00  
 73.7 2.2071e+01  14 1.00000e+00  
 73.8 2.2116e+01  14 1.00000e+00  
 73.9 2.2149e+01  14 1.00000e+00  
 74.0 2.2174e+01  14 1.00000e+00  
 74.1 2.2221e+01  14 1.00000e+00  
 74.2 2.2253e+01  14 1.00000e+00  
 74.3 2.2274e+01  14 1.00000e+00  
 74.4 2.2358e+01  14 1.00000e+00  
 74.5 2.2372e+01  14 1.00000e+00  
 74.6 2.2405e+01  14 1.00000e+00  
 74.7 2.2421e+01  14 1.00000e+00  
 74.8 2.2459e+01  14 1.00000e+00  
 74.9 2.2473e+01  14 1.00000e+00  
 75.0 2.2512e+01  14 1.00000e+00  
 75.1 2.2538e+01  14 1.00000e+00  
 75.2 2.2563e+01  14 1.00000e+00  
 75.3 2.2602e+01  14 1.00000e+00  
 75.4 2.2645e+01  14 1.00000e+00  
 75.5 2.2703e+01  14 1.00000e+00  
 75.6 2.2748e+01  14 1.00000e+00  
 75.7 2.2792e+01  14 1.00000e+00  
 75.8 2.2833e+01  14 1.00000e+00  
 75.9 2.2873e+01  14 1.00000e+00  
 76.0 2.2910e+01  14 1.00000e+00  
 76.1 2.2960e+01  14 1.00000e+00  
 76.2 2.2985e+01  14 1.00000e+00  
 76.3 2.3036e+01  14 1.00000e+00  
 76.4 2.3074e+01  14 1.00000e+00  
 76.5 2.3100e+01  14 1.00000e+00  
 76.6 2.3146e+01  14 1.00000e+00  
 76.7 2.3175e+01  14 1.00000e+00  
 76.8 2.3199e+01  14 1.00000e+00  
 76.9 2.3290e+01  14 1.00000e+00  
 77.0 2.3308e+01  14 1.00000e+00  
 77.1 2.3331e+01  14 1.00000e+00  
 77.2 2.3358e+01  14 1.00000e+00  
 77.3 2.3379e+01  14 1.00000e+00  
 77.4 2.3414e+01  14 1.00000e+00  
 77.5 2.3439e+01  14 1.00000e+00  
 77.6 2.3459e+01  14 1.00000e+00  
 77.7 2.3484e+01  14 1.00000e+00  
 77.8 2.3517e+01  14 1.00000e+00  
 77.9 2.3563e+01  14 1.00000e+00  
 78.0 2.3621e+01  14 1.00000e+00  
 78.1 2.3700e+01  14 1.00000e+00  
 78.2 2.3745e+01  14 1.00000e+00  
 78.3 2.3788e+01  14 1.00000e+00  
 78.4 2.3822e+01  14 1.00000e+00  
 78.5 2.3855e+01  14 1.00000e+00  
 78.6 2.3886e+01  14 1.00000e+00  
 78.7 2.3957e+01  14 1.00000e+00  
 78.8 2.3985e+01  14 1.00000e+00  
 78.9 2.4028e+01  14 1.00000e+00  
 79.0 2.4062e+01  14 1.00000e+00  
 79.1 2.4109e+01  14 1.00000e+00  
 79.2 2.4141e+01  14 1.00000e+00  
 79.3 2.4177e+01  14 1.00000e+00  
 79.4 2.4201e+01  14 1.00000e+00  
 79.5 2.4240e+01  14 1.00000e+00  
 79.6 2.4317e+01  14 1.00000e+00  
 79.7 2.4319e+01  14 1.00000e+00  
 79.8 2.4367e+01  14 1.00000e+00  
 79.9 2.4395e+01  14 1.00000e+00  
 80.0 2.4416e+01  14 1.00000e+00  
 80.1 2.4439e+01  14 1.00000e+00  
 80.2 2.4479e+01  14 1.00000e+00  
 80.3 2.4506e+01  14 1.00000e+00  
 80.4 2.4532e+01  14 1.00000e+00  
 80.5 2.4567e+01  14 1.00000e+00  
 80.6 2.4623e+01  14 1.00000e+00  
 80.7 2.4676e+01  14 1.00000e+00  
 80.8 2.4709e+01  14 1.00000e+00  
 80.9 2.4769e+01  14 1.00000e+00  
 81.0 2.4813e+01  14 1.00000e+00  
 81.1 2.4851e+01  14 1.00000e+00  
 81.2 2.4883e+01  14 1.00000e+00  
 81.3 2.4923e+01  14 1.00000e+00  
 81.4 2.4983e+01  14 1.00000e+00  
 81.5 2.5019e+01  14 1.00000e+00  
 81.6 2.5054e+01  14 1.00000e+00  
 81.7 2.5091e+01  14 1.00000e+00  
 81.8 2.5140e+01  14 1.00000e+00  
 81.9 2.5176e+01  14 1.00000e+00  
 82.0 2.5194e+01  14 1.00000e+00  
 82.1 2.5243e+01  14 1.00000e+00  
 82.2 2.5277e+01  14 1.00000e+00  
 82.3 2.5299e+01  14 1.00000e+00  
 82.4 2.5377e+01  14 1.00000e+00  
 82.5 2.5409e+01  14 1.00000e+00  
 82.6 2.5433e+01  14 1.00000e+00  
 82.7 2.5457e+01  14 1.00000e+00  
 82.8 2.5483e+01  14 1.00000e+00  
 82.9 2.5511e+01  14 1.00000e+00  
 83.0 2.5551e+01  14 1.00000e+00  
 83.1 2.5579e+01  14 1.00000e+00  
 83.2 2.5587e+01  14 1.00000e+00  
 83.3 2.5635e+01  14 1.00000e+00  
 83.4 2.5694e+01  14 1.00000e+00  
 83.5 2.5736e+01  14 1.00000e+00  
 83.6 2.5787e+01  14 1.00000e+00  
 83.7 2.5834e+01  14 1.00000e+00  
 83.8 2.5879e+01  14 1.00000e+00  
 83.9 2.5936e+01  14 1.00000e+00  
 84.0 2.5977e+01  14 1.00000e+00  
 84.1 2.6005e+01  14 1.00000e+00  
 84.2 2.6044e+01  14 1.00000e+00  
 84.3 2.6075e+01  14 1.00000e+00  
 84.4 2.6151e+01  14 1.00000e+00  
 84.5 2.6192e+01  14 1.00000e+00  
 84.6 2.6229e+01  14 1.00000e+00  
 84.7 2.6270e+01  14 1.00000e+00  
 84.8 2.6299e+01  14 1.00000e+00  
 84.9 2.6336e+01  14 1.00000e+00  
 85.0 2.6370e+01  14 1.00000e+00  
 85.1 2.6406e+01  14 1.00000e+00  
 85.2 2.6424e+01  14 1.00000e+00  
 85.3 2.6521e+01  14 1.00000e+00  
 85.4 2.6543e+01  14 1.00000e+00  
 85.5 2.6570e+01  14 1.00000e+00  
 85.6 2.6600e+01  14 1.00000e+00  
 85.7 2.6629e+01  14 1.00000e+00  
 85.8 2.6658e+01  14 1.00000e+00  
 85.9 2.6685e+01  14 1.00000e+00  
 86.0 2.6715e+01  14 1.00000e+00  
 86.1 2.6745e+01  14 1.00000e+00  
 86.2 2.6773e+01  14 1.00000e+00  
 86.3 2.6813e+01  14 1.00000e+00  
 86.4 2.6851e+01  14 1.00000e+00  
 86.5 2.6915e+01  14 1.00000e+00  
 86.6 2.6972e+01  14 1.00000e+00  
 86.7 2.7018e+01  14 1.00000e+00  
 86.8 2.7049e+01  14 1.00000e+00  
 86.9 2.7114e+01  14 1.00000e+00  
 87.0 2.7157e+01  14 1.00000e+00  
 87.1 2.7185e+01  14 1.00000e+00  
 87.2 2.7232e+01  14 1.00000e+00  
 87.3 2.7266e+01  14 1.00000e+00  
 87.4 2.7334e+01  14 1.00000e+00  
 87.5 2.7377e+01  14 1.00000e+00  
 87.6 2.7417e+01  14 1.00000e+00  
 87.7 2.7457e+01  14 1.00000e+00  
 87.8 2.7493e+01  14 1.00000e+00  
 87.9 2.7518e+01  14 1.00000e+00  
 88.0 2.7566e+01  14 1.00000e+00  
 88.1 2.7588e+01  14 1.00000e+00  
 88.2 2.7635e+01  14 1.00000e+00  
 88.3 2.7653e+01  14 1.00000e+00  
 88.4 2.7754e+01  14 1.00000e+00  
 88.5 2.7778e+01  14 1.00000e+00  
 88.6 2.7805e+01  14 1.00000e+00  
 88.7 2.7835e+01  14 1.00000e+00  
 88.8 2.7866e+01  14 1.00000e+00  
 88.9 2.7896e+01  14 1.00000e+00  
 89.0 2.7925e+01  14 1.00000e+00  
 89.1 2.7955e+01  14 1.00000e+00  
 89.2 2.7977e+01  14 1.00000e+00  
 89.3 2.7995e+01  14 1.00000e+00  
 89.4 2.8039e+01  14 1.00000e+00  
 89.5 2.8098e+01  14 1.00000e+00  
 89.6 2.8152e+01  14 1.00000e+00  
 89.7 2.8193e+01  14 1.00000e+00  
 89.8 2.8255e+01  14 1.00000e+00  
 89.9 2.8305e+01  14 1.00000e+00  
 90.0 2.8338e+01  14 1.00000e+00  
 90.1 2.8396e+01  14 1.00000e+00  
 90.2 2.8439e+01  14 1.00000e+00  
 90.3 2.8467e+01  14 1.00000e+00  
 90.4 2.8508e+01  14 1.00000e+00  
 90.5 2.8547e+01  14 1.00000e+00  
 90.6 2.8616e+01  14 1.00000e+00  
 90.7 2.8663e+01  14 1.00000e+00  
 90.8 2.8704e+01  14 1.00000e+00  
 90.9 2.8743e+01  14 1.00000e+00  
 91.0 2.8777e+01  14 1.00000e+00  
 91.1 2.8798e+01  14 1.00000e+00  
 91.2 2.8854e+01  14 1.00000e+00  
 91.3 2.8875e+01  14 1.00000e+00  
 91.4 2.8925e+01  14 1.00000e+00  
 91.5 2.8945e+01  14 1.00000e+00  
 91.6 2.8995e+01  14 1.00000e+00  
 91.7 2.9072e+01  14 1.00000e+00  
 91.8 2.9096e+01  14 1.00000e+00  
 91.9 2.9129e+01  14 1.00000e+00  
 92.0 2.9144e+01  14 1.00000e+00  
 92.1 2.9184e+01  14 1.00000e+00  
 92.2 2.9222e+01  14 1.00000e+00  
 92.3 2.9256e+01  14 1.00000e+00  
 92.4 2.9287e+01  14 1.00000e+00  
 92.5 2.9316e+01  14 1.00000e+00  
 92.6 2.9336e+01  14 1.00000e+00  
 92.7 2.9377e+01  14 1.00000e+00  
 92.8 2.9411e+01  14 1.00000e+00  
 92.9 2.9473e+01  14 1.00000e+00  
 93.0 2.9532e+01  14 1.00000e+00  
 93.1 2.9580e+01  14 1.00000e+00  
 93.2 2.9626e+01  14 1.00000e+00  
 93.3 2.9692e+01  14 1.00000e+00  
 93.4 2.9725e+01  14 1.00000e+00  
 93.5 2.9783e+01  14 1.00000e+00  
 93.6 2.9828e+01  14 1.00000e+00  
 93.7 2.9851e+01  14 1.00000e+00  
 93.8 2.9892e+01  14 1.00000e+00  
 93.9 2.9928e+01  14 1.00000e+00  
 94.0 3.0002e+01  14 1.00000e+00  
 94.1 3.0049e+01  14 1.00000e+00  
 94.2 3.0092e+01  14 1.00000e+00  
 94.3 3.0128e+01  14 1.00000e+00  
 94.4 3.0157e+01  14 1.00000e+00  
 94.5 3.0210e+01  14 1.00000e+00  
 94.6 3.0244e+01  14 1.00000e+00  
 94.7 3.0261e+01  14 1.00000e+00  
 94.8 3.0319e+01  14 1.00000e+00  
 94.9 3.0338e+01  14 1.00000e+00  
 95.0 3.0390e+01  14 1.00000e+00  
 95.1 3.0406e+01  14 1.00000e+00  
 95.2 3.0496e+01  14 1.00000e+00  
 95.3 3.0518e+01  14 1.00000e+00  
 95.4 3.0598e+01  14 1.00000e+00  
 95.5 3.0632e+01  14 1.00000e+00  
 95.6 3.0662e+01  14 1.00000e+00  
 95.7 3.0681e+01  14 1.00000e+00  
 95.8 3.0725e+01  14 1.00000e+00  
 95.9 3.0758e+01  14 1.00000e+00  
 96.0 3.0767e+01  14 1.00000e+00  
 96.1 3.0820e+01  14 1.00000e+00  
 96.2 3.0865e+01  14 1.00000e+00  
 96.3 3.0923e+01  14 1.00000e+00  
 96.4 3.0970e+01  14 1.00000e+00  
 96.5 3.1023e+01  14 1.00000e+00  
 96.6 3.1094e+01  14 1.00000e+00  
 96.7 3.1143e+01  14 1.00000e+00  
 96.8 3.1183e+01  14 1.00000e+00  
 96.9 3.1234e+01  14 1.00000e+00  
 97.0 3.1287e+01  14 1.00000e+00  
 97.1 3.1330e+01  14 1.00000e+00  
 97.2 3.1370e+01  14 1.00000e+00  
 97.3 3.1406e+01  14 1.00000e+00  
 97.4 3.1458e+01  14 1.00000e+00  
 97.5 3.1499e+01  14 1.00000e+00  
 97.6 3.1550e+01  14 1.00000e+00  
 97.7 3.1596e+01  14 1.00000e+00  
 97.8 3.1629e+01  14 1.00000e+00  
 97.9 3.1685e+01  14 1.00000e+00  
 98.0 3.1725e+01  14 1.00000e+00  
 98.1 3.1759e+01  14 1.00000e+00  
 98.2 3.1796e+01  14 1.00000e+00  
 98.3 3.1837e+01  14 1.00000e+00  
 98.4 3.1854e+01  14 1.00000e+00  
 98.5 3.1910e+01  14 1.00000e+00  
 98.6 3.1925e+01  14 1.00000e+00  
 98.7 3.2013e+01  14 1.00000e+00  
 98.8 3.2033e+01  14 1.00000e+00  
 98.9 3.2079e+01  14 1.00000e+00  
 99.0 3.2118e+01  14 1.00000e+00  
 99.1 3.2151e+01  14 1.00000e+00  
 99.2 3.2169e+01  14 1.00000e+00  
 99.3 3.2217e+01  14 1.00000e+00  
 99.4 3.2250e+01  14 1.00000e+00  
 99.5 3.2268e+01  14 1.00000e+00  
 99.6 3.2315e+01  14 1.00000e+00  
 99.7 3.2328e+01  14 1.00000e+00  
 99.8 3.2379e+01  14 1.00000e+00  
 99.9 3.2427e+01  14 1.00000e+00  
100.0 3.2479e+01  14 1.00000e+00  
100.1 3.2540e+01  14 1.00000e+00  
100.2 3.2608e+01  14 1.00000e+00  
100.3 3.2661e+01  14 1.00000e+00  
100.4 3.2694e+01  14 1.00000e+00  
100.5 3.2762e+01  14 1.00000e+00  
100.6 3.2791e+01  14 1.00000e+00  
100.7 3.2856e+01  14 1.00000e+00  
100.8 3.2905e+01  14 1.00000e+00  
100.9 3.2951e+01  14 1.00000e+00  
101.0 3.2994e+01  14 1.00000e+00  
101.1 3.3038e+01  14 1.00000e+00  
101.2 3.3080e+01  14 1.00000e+00  
101.3 3.3122e+01  14 1.00000e+00  
101.4 3.3130e+01  14 1.00000e+00  
101.5 3.3173e+01  14 1.00000e+00  
101.6 3.3271e+01  14 1.00000e+00  
101.7 3.3313e+01  14 1.00000e+00  
101.8 3.3351e+01  14 1.00000e+00  
101.9 3.3377e+01  14 1.00000e+00  
102.0 3.3426e+01  14 1.00000e+00  
102.1 3.3464e+01  14 1.00000e+00  
102.2 3.3478e+01  14 1.00000e+00  
102.3 3.3540e+01  14 1.00000e+00  
102.4 3.3571e+01  14 1.00000e+00  
102.5 3.3615e+01  14 1.00000e+00  
102.6 3.3646e+01  14 1.00000e+00  
102.7 3.3732e+01  14 1.00000e+00  
102.8 3.3745e+01  14 1.00000e+00  
102.9 3.3796e+01  14 1.00000e+00  
103.0 3.3833e+01  14 1.00000e+00  
103.1 3.3855e+01  14 1.00000e+00  
103.2 3.3902e+01  14 1.00000e+00  
103.3 3.3934e+01  14 1.00000e+00  
103.4 3.3967e+01  14 1.00000e+00  
103.5 3.4003e+01  14 1.00000e+00  
103.6 3.4028e+01  14 1.00000e+00  
103.7 3.4069e+01  14 1.00000e+00  
103.8 3.4100e+01  14 1.00000e+00  
103.9 3.4173e+01  14 1.00000e+00  
104.0 3.4231e+01  14 1.00000e+00  
104.1 3.4279e+01  14 1.00000e+00  
104.2 3.4318e+01  14 1.00000e+00  
104.3 3.4395e+01  14 1.00000e+00  
104.4 3.4431e+01  14 1.00000e+00  
104.5 3.4496e+01  14 1.00000e+00  
104.6 3.4543e+01  14 1.00000e+00  
104.7 3.4585e+01  14 1.00000e+00  
104.8 3.4640e+01  14 1.00000e+00  
104.9 3.4690e+01  14 1.00000e+00  
105.0 3.4735e+01  14 1.00000e+00  
105.1 3.4779e+01  14 1.00000e+00  
105.2 3.4823e+01  14 1.00000e+00  
105.3 3.4864e+01  14 1.00000e+00  
105.4 3.4857e+01  14 1.00000e+00  
105.5 3.4903e+01  14 1.00000e+00  
105.6 3.4944e+01  14 1.00000e+00  
105.7 3.4989e+01  14 1.00000e+00  
105.8 3.5021e+01  14 1.00000e+00  
105.9 3.5119e+01  14 1.00000e+00  
106.0 3.5120e+01  14 1.00000e+00  
106.1 3.5179e+01  14 1.00000e+00  
106.2 3.5214e+01  14 1.00000e+00  
106.3 3.5236e+01  14 1.00000e+00  
106.4 3.5293e+01  14 1.00000e+00  
106.5 3.5313e+01  14 1.00000e+00  
106.6 3.5313e+01  14 1.00000e+00  
106.7 3.5313e+01  14 1.00000e+00  
106.8 3.5314e+01  14 1.00000e+00  
106.9 3.5315e+01  14 1.00000e+00  
107.0 2.8945e+01  14 1.00000e+00  
107.1 2.8980e+01  14 1.00000e+00  
107.2 2.8905e+01  14 1.00000e+00  
107.3 2.8935e+01  14 1.00000e+00  
107.4 2.8944e+01  14 1.00000e+00  
107.5 2.8702e+01  14 1.00000e+00  
107.6 2.8735e+01  14 1.00000e+00  
107.7 2.8765e+01  14 1.00000e+00  
107.8 2.8786e+01  14 1.00000e+00  
107.9 2.8828e+01  14 1.00000e+00  
108.0 2.8858e+01  14 1.00000e+00  
108.1 2.8875e+01  14 1.00000e+00  
108.2 2.8917e+01  14 1.00000e+00  
108.3 2.8943e+01  14 1.00000e+00  
108.4 2.8973e+01  14 1.00000e+00  
108.5 2.9002e+01  14 1.00000e+00  
108.6 2.8931e+01  14 1.00000e+00  
108.7 2.8946e+01  14 1.00000e+00  
108.8 2.8694e+01  14 1.00000e+00  
108.9 2.8727e+01  14 1.00000e+00  
109.0 2.8758e+01  14 1.00000e+00  
109.1 2.8782e+01  14 1.00000e+00  
109.2 2.8801e+01  14 1.00000e+00  
109.3 2.8850e+01  14 1.00000e+00  
109.4 2.8873e+01  14 1.00000e+00  
109.5 2.8906e+01  14 1.00000e+00  
109.6 2.8936e+01  14 1.00000e+00  
109.7 2.8948e+01  14 1.00000e+00  
109.8 2.8993e+01  14 1.00000e+00  
109.9 2.8920e+01  14 1.00000e+00  
110.0 2.8944e+01  14 1.00000e+00  
110.1 2.8971e+01  14 1.00000e+00  
110.2 2.8714e+01  14 1.00000e+00  
110.3 2.8745e+01  14 1.00000e+00  
110.4 2.8773e+01  14 1.00000e+00  
110.5 2.8788e+01  14 1.00000e+00  
110.6 2.8835e+01  14 1.00000e+00  
110.7 2.8864e+01  14 1.00000e+00  
110.8 2.8874e+01  14 1.00000e+00  
110.9 2.8922e+01  14 1.00000e+00  
111.0 2.8945e+01  14 1.00000e+00  
111.1 2.8978e+01  14 1.00000e+00  
111.2 2.8896e+01  14 1.00000e+00  
111.3 2.8932e+01  14 1.00000e+00  
111.4 2.8946e+01  14 1.00000e+00  
111.5 2.8695e+01  14 1.00000e+00  
111.6 2.8727e+01  14 1.00000e+00  
111.7 2.8757e+01  14 1.00000e+00  
111.8 2.8781e+01  14 1.00000e+00  
111.9 2.8794e+01  14 1.00000e+00  
112.0 2.8846e+01  14 1.00000e+00  
112.1 2.8871e+01  14 1.00000e+00  
112.2 2.8885e+01  14 1.00000e+00  
112.3 2.8931e+01  14 1.00000e+00  
112.4 2.8946e+01  14 1.00000e+00  
112.5 2.8986e+01  14 1.00000e+00  
112.6 2.8912e+01  14 1.00000e+00  
112.7 2.8939e+01  14 1.00000e+00  
112.8 2.8947e+01  14 1.00000e+00  
112.9 2.8702e+01  14 1.00000e+00  
113.0 2.8733e+01  14 1.00000e+00  
113.1 2.8762e+01  14 1.00000e+00  
113.2 2.8784e+01  14 1.00000e+00  
113.3 2.8807e+01  14 1.00000e+00  
113.4 2.8851e+01  14 1.00000e+00  
113.5 2.8873e+01  14 1.00000e+00  
113.6 2.8900e+01  14 1.00000e+00  
113.7 2.8934e+01  14 1.00000e+00  
113.8 2.8945e+01  14 1.00000e+00  
113.9 2.8989e+01  14 1.00000e+00  
114.0 2.9002e+01  14 1.00000e+00  
114.1 2.8941e+01  14 1.00000e+00  
114.2 2.8946e+01  14 1.00000e+00  
114.3 2.8703e+01  14 1.00000e+00  
114.4 2.8734e+01  14 1.00000e+00  
114.5 2.8763e+01  14 1.00000e+00  
114.6 2.8784e+01  14 1.00000e+00  
114.7 2.8809e+01  14 1.00000e+00  
114.8 2.8850e+01  14 1.00000e+00  
114.9 2.8873e+01  14 1.00000e+00  
115.0 2.8894e+01  14 1.00000e+00  
115.1 2.8932e+01  14 1.00000e+00  
115.2 2.8946e+01  14 1.00000e+00  
115.3 2.8986e+01  14 1.00000e+00  
115.4 2.9003e+01  14 1.00000e+00  
115.5 2.8939e+01  14 1.00000e+00  
115.6 2.8947e+01  14 1.00000e+00  
115.7 2.8702e+01  14 1.00000e+00  
115.8 2.8732e+01  14 1.00000e+00  
115.9 2.8761e+01  14 1.00000e+00  
116.0 2.8783e+01  14 1.00000e+00  
116.1 2.8799e+01  14 1.00000e+00  
116.2 2.8846e+01  14 1.00000e+00  
116.3 2.8871e+01  14 1.00000e+00  
116.4 2.8881e+01  14 1.00000e+00  
116.5 2.8928e+01  14 1.00000e+00  
116.6 2.8946e+01  14 1.00000e+00  
116.7 2.8981e+01  14 1.00000e+00  
116.8 2.8898e+01  14 1.00000e+00  
116.9 2.8931e+01  14 1.00000e+00  
117.0 2.8946e+01  14 1.00000e+00  
117.1 2.8692e+01  14 1.00000e+00  
117.2 2.8722e+01  14 1.00000e+00  
117.3 2.8754e+01  14 1.00000e+00  
117.4 2.8778e+01  14 1.00000e+00  
117.5 2.8794e+01  14 1.00000e+00  
117.6 2.8838e+01  14 1.00000e+00  
117.7 2.8864e+01  14 1.00000e+00  
117.8 2.8875e+01  14 1.00000e+00  
117.9 2.8918e+01  14 1.00000e+00  
118.0 2.8943e+01  14 1.00000e+00  
118.1 2.8867e+01  14 1.00000e+00  
118.2 2.8874e+01  14 1.00000e+00  
118.3 2.8918e+01  14 1.00000e+00  
118.4 2.8941e+01  14 1.00000e+00  
118.5 2.8946e+01  14 1.00000e+00  
118.6 2.8710e+01  14 1.00000e+00  
118.7 2.8739e+01  14 1.00000e+00  
118.8 2.8766e+01  14 1.00000e+00  
118.9 2.8785e+01  14 1.00000e+00  
119.0 2.8810e+01  14 1.00000e+00  
119.1 2.8852e+01  14 1.00000e+00  
119.2 2.8873e+01  14 1.00000e+00  
119.3 2.8896e+01  14 1.00000e+00  
119.4 2.8825e+01  14 1.00000e+00  
119.5 2.8852e+01  14 1.00000e+00  
119.6 2.8872e+01  14 1.00000e+00  
119.7 2.8882e+01  14 1.00000e+00  
119.8 2.8926e+01  14 1.00000e+00  
119.9 2.8945e+01  14 1.00000e+00  
120.0 2.8972e+01  14 1.00000e+00  
120.1 2.8722e+01  14 1.00000e+00  
120.2 2.8750e+01  14 1.00000e+00  
120.3 2.8775e+01  14 1.00000e+00  
120.4 2.8788e+01  14 1.00000e+00  
120.5 2.8831e+01  14 1.00000e+00  
120.6 2.8858e+01  14 1.00000e+00  
120.7 2.8875e+01  14 1.00000e+00  
120.8 2.8788e+01  14 1.00000e+00  
120.9 2.8831e+01  14 1.00000e+00  
121.0 2.8856e+01  14 1.00000e+00  
121.1 2.8874e+01  14 1.00000e+00  
121.2 2.8896e+01  14 1.00000e+00  
121.3 2.8930e+01  14 1.00000e+00  
121.4 2.8946e+01  14 1.00000e+00  
121.5 2.8697e+01  14 1.00000e+00  
121.6 2.8728e+01  14 1.00000e+00  
121.7 2.8755e+01  14 1.00000e+00  
121.8 2.8778e+01  14 1.00000e+00  
121.9 2.8793e+01  14 1.00000e+00  
122.0 2.8836e+01  14 1.00000e+00  
122.1 2.8753e+01  14 1.00000e+00  
122.2 2.8776e+01  14 1.00000e+00  
122.3 2.8788e+01  14 1.00000e+00  
122.4 2.8829e+01  14 1.00000e+00  
122.5 2.8854e+01  14 1.00000e+00  
122.6 2.8873e+01  14 1.00000e+00  
122.7 2.8895e+01  14 1.00000e+00  
122.8 2.8929e+01  14 1.00000e+00  
122.9 2.8946e+01  14 1.00000e+00  
123.0 2.8976e+01  14 1.00000e+00  
123.1 2.8727e+01  14 1.00000e+00  
123.2 2.8754e+01  14 1.00000e+00  
123.3 2.8778e+01  14 1.00000e+00  
123.4 2.8793e+01  14 1.00000e+00  
123.5 2.8835e+01  14 1.00000e+00  
123.6 2.8751e+01  14 1.00000e+00  
123.7 2.8773e+01  14 1.00000e+00  
123.8 2.8788e+01  14 1.00000e+00  
123.9 2.8825e+01  14 1.00000e+00  
124.0 2.8850e+01  14 1.00000e+00  
124.1 2.8871e+01  14 1.00000e+00  
124.2 2.8878e+01  14 1.00000e+00  
124.3 2.8922e+01  14 1.00000e+00  
124.4 2.8943e+01  14 1.00000e+00  
124.5 2.8954e+01  14 1.00000e+00  
124.6 3.3595e+01  14 1.00000e+00  
124.7 3.3633e+01  14 1.00000e+00  
124.8 3.3713e+01  14 1.00000e+00  
124.9 3.3737e+01  14 1.00000e+00  
125.0 3.3748e+01  14 1.00000e+00  
125.1 3.3790e+01  14 1.00000e+00  
125.2 2.8765e+01  14 1.00000e+00  
125.3 2.8783e+01  14 1.00000e+00  
125.4 2.8794e+01  14 1.00000e+00  
125.5 2.8840e+01  14 1.00000e+00  
125.6 2.8863e+01  14 1.00000e+00  
125.7 2.8875e+01  14 1.00000e+00  
125.8 2.8910e+01  14 1.00000e+00  
125.9 3.3529e+01  14 1.00000e+00  
126.0 3.3559e+01  14 1.00000e+00  
126.1 3.3572e+01  14 1.00000e+00  
126.2 3.3619e+01  14 1.00000e+00  
126.3 3.3644e+01  14 1.00000e+00  
126.4 3.3704e+01  14 1.00000e+00  
126.5 3.3750e+01  14 1.00000e+00  
126.6 3.3778e+01  14 1.00000e+00  
126.7 3.3803e+01  14 1.00000e+00  
126.8 3.3835e+01  14 1.00000e+00  
126.9 3.3857e+01  14 1.00000e+00  
127.0 3.3890e+01  14 1.00000e+00  
127.1 3.3910e+01  14 1.00000e+00  
127.2 3.3453e+01  14 1.00000e+00  
127.3 3.3477e+01  14 1.00000e+00  
127.4 3.3509e+01  14 1.00000e+00  
127.5 3.3544e+01  14 1.00000e+00  
127.6 3.3569e+01  14 1.00000e+00  
127.7 3.3596e+01  14 1.00000e+00  
127.8 3.3633e+01  14 1.00000e+00  
127.9 3.3713e+01  14 1.00000e+00  
128.0 3.3735e+01  14 1.00000e+00  
128.1 3.3750e+01  14 1.00000e+00  
128.2 3.3788e+01  14 1.00000e+00  
128.3 3.3803e+01  14 1.00000e+00  
128.4 3.3843e+01  14 1.00000e+00  
128.5 3.3853e+01  14 1.00000e+00  
128.6 3.3898e+01  14 1.00000e+00  
128.7 3.3907e+01  14 1.00000e+00  
128.8 3.3952e+01  14 1.00000e+00  
128.9 3.3965e+01  14 1.00000e+00  
129.0 3.4009e+01  14 1.00000e+00  
129.1 3.4028e+01  14 1.00000e+00  
129.2 3.4060e+01  14 1.00000e+00  
129.3 3.4086e+01  14 1.00000e+00  
129.4 3.4125e+01  14 1.00000e+00  
129.5 3.3716e+01  14 1.00000e+00  
129.6 3.3742e+01  14 1.00000e+00  
129.7 3.3743e+01  14 1.00000e+00  
129.8 3.3793e+01  14 1.00000e+00  
129.9 3.3796e+01  14 1.00000e+00  
130.0 3.3848e+01  14 1.00000e+00  
130.1 3.3855e+01  14 1.00000e+00  
130.2 3.3902e+01  14 1.00000e+00  
130.3 3.3907e+01  14 1.00000e+00  
130.4 3.3956e+01  14 1.00000e+00  
130.5 3.3965e+01  14 1.00000e+00  
130.6 3.4009e+01  14 1.00000e+00  
130.7 3.4028e+01  14 1.00000e+00  
130.8 3.4059e+01  14 1.00000e+00  
130.9 3.4084e+01  14 1.00000e+00  
131.0 3.4120e+01  14 1.00000e+00  
131.1 3.4178e+01  14 1.00000e+00  
131.2 3.4231e+01  14 1.00000e+00  
131.3 3.4262e+01  14 1.00000e+00  
131.4 3.4320e+01  14 1.00000e+00  
131.5 3.4355e+01  14 1.00000e+00  
131.6 3.4404e+01  14 1.00000e+00  
131.7 3.4428e+01  14 1.00000e+00  
131.8 3.3902e+01  14 1.00000e+00  
131.9 3.3906e+01  14 1.00000e+00  
132.0 3.3955e+01  14 1.00000e+00  
132.1 3.3966e+01  14 1.00000e+00  
132.2 3.4008e+01  14 1.00000e+00  
132.3 3.4027e+01  14 1.00000e+00  
132.4 3.4057e+01  14 1.00000e+00  
132.5 3.4081e+01  14 1.00000e+00  
132.6 3.4114e+01  14 1.00000e+00  
132.7 3.4175e+01  14 1.00000e+00  
132.8 3.4219e+01  14 1.00000e+00  
132.9 3.4245e+01  14 1.00000e+00  
133.0 3.4310e+01  14 1.00000e+00  
133.1 3.4335e+01  14 1.00000e+00  
133.2 3.4394e+01  14 1.00000e+00  
133.3 3.4412e+01  14 1.00000e+00  
133.4 3.4467e+01  14 1.00000e+00  
133.5 3.4512e+01  14 1.00000e+00  
133.6 3.4538e+01  14 1.00000e+00  
133.7 3.4578e+01  14 1.00000e+00  
133.8 3.4622e+01  14 1.00000e+00  
133.9 3.4664e+01  14 1.00000e+00  
134.0 3.4701e+01  14 1.00000e+00  
134.1 3.4737e+01  14 1.00000e+00  
134.2 3.4771e+01  14 1.00000e+00  
134.3 3.4806e+01  14 1.00000e+00  
134.4 3.4844e+01  14 1.00000e+00  
134.5 3.4876e+01  14 1.00000e+00  
134.6 3.4861e+01  14 1.00000e+00  
134.7 3.4322e+01  14 1.00000e+00  
134.8 3.4379e+01  14 1.00000e+00  
134.9 3.4419e+01  14 1.00000e+00  
135.0 3.4453e+01  14 1.00000e+00  
135.1 3.4498e+01  14 1.00000e+00  
135.2 3.4536e+01  14 1.00000e+00  
135.3 3.4557e+01  14 1.00000e+00  
135.4 3.4604e+01  14 1.00000e+00  
135.5 3.4648e+01  14 1.00000e+00  
135.6 3.4686e+01  14 1.00000e+00  
135.7 3.4722e+01  14 1.00000e+00  
135.8 3.4756e+01  14 1.00000e+00  
135.9 3.4790e+01  14 1.00000e+00  
136.0 3.4824e+01  14 1.00000e+00  
136.1 3.4857e+01  14 1.00000e+00  
136.2 3.4887e+01  14 1.00000e+00  
136.3 3.4874e+01  14 1.00000e+00  
136.4 3.4908e+01  14 1.00000e+00  
136.5 3.4941e+01  14 1.00000e+00  
136.6 3.4969e+01  14 1.00000e+00  
136.7 3.5005e+01  14 1.00000e+00  
136.8 3.5099e+01  14 1.00000e+00  
136.9 3.5120e+01  14 1.00000e+00  
137.0 3.5168e+01  14 1.00000e+00  
137.1 3.5200e+01  14 1.00000e+00  
137.2 3.5221e+01  14 1.00000e+00  
137.3 3.5236e+01  14 1.00000e+00  
137.4 3.4730e+01  14 1.00000e+00  
137.5 3.4769e+01  14 1.00000e+00  
137.6 3.4803e+01  14 1.00000e+00  
137.7 3.4836e+01  14 1.00000e+00  
137.8 3.4867e+01  14 1.00000e+00  
137.9 3.4849e+01  14 1.00000e+00  
138.0 3.4886e+01  14 1.00000e+00  
138.1 3.4919e+01  14 1.00000e+00  
138.2 3.4950e+01  14 1.00000e+00  
138.3 3.4987e+01  14 1.00000e+00  
138.4 3.5012e+01  14 1.00000e+00  
138.5 3.5103e+01  14 1.00000e+00  
138.6 3.5123e+01  14 1.00000e+00  
138.7 3.5176e+01  14 1.00000e+00  
138.8 3.5206e+01  14 1.00000e+00  
138.9 3.5224e+01  14 1.00000e+00  
139.0 3.5225e+01  14 1.00000e+00  
139.1 3.5254e+01  14 1.00000e+00  
139.2 3.5301e+01  14 1.00000e+00  
139.3 3.5326e+01  14 1.00000e+00  
139.4 3.5343e+01  14 1.00000e+00  
139.5 3.5390e+01  14 1.00000e+00  
139.6 3.5419e+01  14 1.00000e+00  
139.7 3.5423e+01  14 1.00000e+00  
139.8 3.5526e+01  14 1.00000e+00  
139.9 3.5534e+01  14 1.00000e+00  
140.0 3.5574e+01  14 1.00000e+00  
140.1 3.5591e+01  14 1.00000e+00  
140.2 3.5626e+01  14 1.00000e+00  
140.3 3.5654e+01  14 1.00000e+00  
140.4 3.5660e+01  14 1.00000e+00  
140.5 3.5709e+01  14 1.00000e+00  
140.6 3.5712e+01  14 1.00000e+00  
140.7 3.5761e+01  14 1.00000e+00  
140.8 3.5782e+01  14 1.00000e+00  
140.9 3.5793e+01  14 1.00000e+00  
141.0 3.5840e+01  14 1.00000e+00  
141.1 3.5857e+01  14 1.00000e+00  
141.2 3.5888e+01  14 1.00000e+00  
141.3 3.5918e+01  14 1.00000e+00  
141.4 3.5951e+01  14 1.00000e+00  
141.5 3.5980e+01  14 1.00000e+00  
141.6 3.5538e+01  14 1.00000e+00  
141.7 3.5560e+01  14 1.00000e+00  
141.8 3.5589e+01  14 1.00000e+00  
141.9 3.5593e+01  14 1.00000e+00  
142.0 3.5646e+01  14 1.00000e+00  
142.1 3.5653e+01  14 1.00000e+00  
142.2 3.5697e+01  14 1.00000e+00  
142.3 3.5717e+01  14 1.00000e+00  
142.4 3.5743e+01  14 1.00000e+00  
142.5 3.5776e+01  14 1.00000e+00  
142.6 3.5777e+01  14 1.00000e+00  
142.7 3.5827e+01  14 1.00000e+00  
142.8 3.5854e+01  14 1.00000e+00  
142.9 3.5864e+01  14 1.00000e+00  
143.0 3.5909e+01  14 1.00000e+00  
143.1 3.5933e+01  14 1.00000e+00  
143.2 3.5972e+01  14 1.00000e+00  
143.3 3.6027e+01  14 1.00000e+00  
143.4 3.6057e+01  14 1.00000e+00  
143.5 3.6115e+01  14 1.00000e+00  
143.6 3.6136e+01  14 1.00000e+00  
143.7 3.6199e+01  14 1.00000e+00  
143.8 3.6233e+01  14 1.00000e+00  
143.9 3.6277e+01  14 1.00000e+00  
144.0 3.6318e+01  14 1.00000e+00  
144.1 3.6335e+01  14 1.00000e+00  
144.2 3.6388e+01  14 1.00000e+00  
144.3 3.6433e+01  14 1.00000e+00  
144.4 3.6468e+01  14 1.00000e+00  
144.5 3.6491e+01  14 1.00000e+00  
144.6 3.6528e+01  14 1.00000e+00  
144.7 3.6575e+01  14 1.00000e+00  
144.8 3.6612e+01  14 1.00000e+00  
144.9 3.6647e+01  14 1.00000e+00  
145.0 3.6681e+01  14 1.00000e+00  
145.1 3.6714e+01  14 1.00000e+00  
145.2 3.6746e+01  14 1.00000e+00  
145.3 3.6775e+01  14 1.00000e+00  
145.4 3.6799e+01  14 1.00000e+00  
145.5 3.6208e+01  14 1.00000e+00  
145.6 3.6228e+01  14 1.00000e+00  
145.7 3.6287e+01  14 1.00000e+00  
145.8 3.6324e+01  14 1.00000e+00  
145.9 3.6339e+01  14 1.00000e+00  
146.0 3.6397e+01  14 1.00000e+00  
146.1 3.6438e+01  14 1.00000e+00  
146.2 3.6473e+01  14 1.00000e+00  
146.3 3.6490e+01  14 1.00000e+00  
146.4 3.6535e+01  14 1.00000e+00  
146.5 3.6581e+01  14 1.00000e+00  
146.6 3.6616e+01  14 1.00000e+00  
146.7 3.6651e+01  14 1.00000e+00  
146.8 3.6684e+01  14 1.00000e+00  
146.9 3.6717e+01  14 1.00000e+00  
147.0 3.6748e+01  14 1.00000e+00  
147.1 3.6777e+01  14 1.00000e+00  
147.2 3.6770e+01  14 1.00000e+00  
147.3 3.6749e+01  14 1.00000e+00  
147.4 3.6727e+01  14 1.00000e+00  
147.5 3.6704e+01  14 1.00000e+00  
147.6 2.9082e+01  14 1.00000e+00  
147.7 2.9114e+01  14 1.00000e+00  
147.8 2.9133e+01  14 1.00000e+00  
147.9 2.9149e+01  14 1.00000e+00  
148.0 2.9172e+01  14 1.00000e+00  
148.1 2.9186e+01  14 1.00000e+00  
148.2 2.9211e+01  14 1.00000e+00  
148.3 2.9219e+01  14 1.00000e+00  
148.4 2.9249e+01  14 1.00000e+00  
148.5 2.9256e+01  14 1.00000e+00  
148.6 2.9287e+01  14 1.00000e+00  
148.7 2.9293e+01  14 1.00000e+00  
148.8 2.9324e+01  14 1.00000e+00  
148.9 2.8946e+01  14 1.00000e+00  
149.0 2.8965e+01  14 1.00000e+00  
149.1 2.8995e+01  14 1.00000e+00  
149.2 2.9002e+01  14 1.00000e+00  
149.3 2.9075e+01  14 1.00000e+00  
149.4 2.9083e+01  14 1.00000e+00  
149.5 2.9114e+01  14 1.00000e+00  
149.6 2.9132e+01  14 1.00000e+00  
149.7 2.9149e+01  14 1.00000e+00  
149.8 2.9171e+01  14 1.00000e+00  
149.9 2.9186e+01  14 1.00000e+00  
150.0 2.9209e+01  14 1.00000e+00  
