 15.1 1.4391e+00  13 4.41053e-02  
 15.2 1.4467e+00  13 4.44891e-02  
 15.3 1.4544e+00  13 4.48270e-02  
 15.4 1.4620e+00  13 4.52151e-02  
 15.5 1.4696e+00  13 4.56426e-02  
 15.6 1.4772e+00  13 4.60224e-02  
 15.7 1.4848e+00  13 4.63958e-02  
 15.8 1.4925e+00  13 4.67702e-02  
 15.9 1.5001e+00  13 4.71413e-02  
 16.0 1.5077e+00  13 4.75089e-02  
 16.1 1.5153e+00  13 4.78730e-02  
 16.2 1.5230e+00  13 4.82340e-02  
 16.3 1.5306e+00  13 4.85914e-02  
 16.4 1.5382e+00  13 4.89459e-02  
 16.5 1.5458e+00  13 4.92976e-02  
 16.6 1.5534e+00  13 4.96465e-02  
 16.7 1.5611e+00  13 4.99921e-02  
 16.8 1.5687e+00  13 5.03334e-02  
 16.9 1.5763e+00  13 5.06667e-02  
 17.0 1.5839e+00  13 5.10031e-02  
 17.1 1.5915e+00  13 5.13372e-02  
 17.2 1.5991e+00  13 5.17253e-02  
 17.3 1.6067e+00  13 5.20547e-02  
 17.4 1.6144e+00  13 5.23824e-02  
 17.5 1.6220e+00  13 5.27077e-02  
 17.6 1.6296e+00  13 5.30303e-02  
 17.7 1.6372e+00  13 5.33500e-02  
 17.8 1.6448e+00  13 5.36680e-02  
 17.9 1.6524e+00  13 5.39839e-02  
 18.0 1.6600e+00  13 5.42868e-02  
 18.1 1.6676e+00  13 5.45975e-02  
 18.2 1.6752e+00  13 5.49061e-02  
 18.3 1.6828e+00  13 5.52127e-02  
 18.4 1.6904e+00  13 5.55845e-02  
 18.5 1.6980e+00  13 5.58884e-02  
 18.6 1.7056e+00  13 5.61904e-02  
 18.7 1.7132e+00  13 5.64905e-02  
 18.8 1.7208e+00  13 5.67883e-02  
 18.9 1.7284e+00  13 5.70851e-02  
 19.0 1.7399e+00  13 5.76915e-02  
 19.1 1.7522e+00  13 5.83502e-02  
 19.2 1.7646e+00  13 5.90203e-02  
 19.3 1.7771e+00  13 5.96950e-02  
 19.4 1.7897e+00  13 6.03733e-02  
 19.5 1.8023e+00  13 6.11328e-02  
 19.6 1.8151e+00  13 6.18199e-02  
 19.7 1.8279e+00  13 6.25114e-02  
 19.8 1.8409e+00  13 6.32067e-02  
 19.9 1.8539e+00  13 6.39070e-02  
 20.0 1.8670e+00  13 6.46088e-02  
 20.1 1.8803e+00  13 6.53038e-02  
 20.2 1.8936e+00  13 6.60158e-02  
 20.3 1.9070e+00  13 6.67322e-02  
 20.4 1.9205e+00  13 6.75417e-02  
 20.5 1.6914e+01  14 1.00000e+00  
 20.6 1.6974e+01  14 1.00000e+00  
 20.7 1.7035e+01  14 1.00000e+00  
 20.8 1.7095e+01  14 1.00000e+00  
 20.9 1.7155e+01  14 1.00000e+00  
 21.0 1.7219e+01  14 1.00000e+00  
 21.1 1.7279e+01  14 1.00000e+00  
 21.2 1.7338e+01  14 1.00000e+00  
 21.3 1.7374e+01  14 1.00000e+00  
 21.4 1.7432e+01  14 1.00000e+00  
 21.5 1.7490e+01  14 1.00000e+00  
 21.6 1.7547e+01  14 1.00000e+00  
 21.7 1.7604e+01  14 1.00000e+00  
 21.8 1.7661e+01  14 1.00000e+00  
 21.9 1.7719e+01  14 1.00000e+00  
 22.0 1.7777e+01  14 1.00000e+00  
 22.1 1.7832e+01  14 1.00000e+00  
 22.2 1.7863e+01  14 1.00000e+00  
 22.3 1.7918e+01  14 1.00000e+00  
 22.4 1.7972e+01  14 1.00000e+00  
 22.5 1.8025e+01  14 1.00000e+00  
 22.6 1.8078e+01  14 1.00000e+00  
 22.7 1.8131e+01  14 1.00000e+00  
 22.8 1.8186e+01  14 1.00000e+00  
 22.9 1.8240e+01  14 1.00000e+00  
 23.0 1.8266e+01  14 1.00000e+00  
 23.1 1.8317e+01  14 1.00000e+00  
 23.2 1.8368e+01  14 1.00000e+00  
 23.3 1.8417e+01  14 1.00000e+00  
 23.4 1.8467e+01  14 1.00000e+00  
 23.5 5.5817e+00  14 2.65767e-01  
 23.6 5.6838e+00  14 2.70820e-01  
 23.7 5.7870e+00  14 2.75820e-01  
 23.8 5.8912e+00  14 2.80936e-01  
 23.9 5.9952e+00  14 2.86470e-01  
 24.0 6.1010e+00  14 2.91653e-01  
 24.1 6.2078e+00  14 2.96869e-01  
 24.2 6.3156e+00  14 3.02119e-01  
 24.3 6.4242e+00  14 3.07403e-01  
 24.4 6.5338e+00  14 3.12726e-01  
 24.5 6.6446e+00  14 3.18024e-01  
 24.6 6.7563e+00  14 3.23377e-01  
 24.7 6.8657e+00  14 3.29161e-01  
 24.8 6.9788e+00  14 3.34605e-01  
 24.9 7.0927e+00  14 3.40079e-01  
 25.0 7.2075e+00  14 3.45587e-01  
 25.1 7.3232e+00  14 3.51125e-01  
 25.2 7.4398e+00  14 3.56698e-01  
 25.3 7.5574e+00  14 3.62286e-01  
 25.4 7.6764e+00  14 3.67862e-01  
 25.5 7.7903e+00  14 3.73884e-01  
 25.6 7.9100e+00  14 3.79575e-01  
 25.7 8.0306e+00  14 3.85295e-01  
 25.8 8.1519e+00  14 3.91047e-01  
 25.9 8.2740e+00  14 3.96830e-01  
 26.0 8.3969e+00  14 4.02644e-01  
 26.1 8.5209e+00  14 4.08475e-01  
 26.2 8.6390e+00  14 4.14638e-01  
 26.3 8.7648e+00  14 4.20570e-01  
 26.4 8.8905e+00  14 4.26499e-01  
 26.5 9.0171e+00  14 4.32455e-01  
 26.6 9.1443e+00  14 4.38443e-01  
 26.7 9.2722e+00  14 4.44462e-01  
 26.8 9.4008e+00  14 4.50511e-01  
 26.9 9.5302e+00  14 4.56589e-01  
 27.0 9.6518e+00  14 4.62956e-01  
 27.1 9.7823e+00  14 4.69082e-01  
 27.2 9.9135e+00  14 4.75238e-01  
 27.3 1.0045e+01  14 4.81422e-01  
 27.4 1.0178e+01  14 4.87637e-01  
 27.5 1.0311e+01  14 4.93880e-01  
 27.6 1.0444e+01  14 5.00152e-01  
 27.7 1.0578e+01  14 5.06454e-01  
 27.8 1.0702e+01  14 5.13031e-01  
 27.9 1.0837e+01  14 5.19375e-01  
 28.0 1.0973e+01  14 5.25747e-01  
 28.1 1.1109e+01  14 5.32147e-01  
 28.2 1.1246e+01  14 5.38576e-01  
 28.3 1.1383e+01  14 5.45035e-01  
 28.4 1.1521e+01  14 5.51521e-01  
 28.5 1.1659e+01  14 5.58026e-01  
 28.6 1.1783e+01  14 5.64815e-01  
 28.7 1.1922e+01  14 5.71370e-01  
 28.8 1.2062e+01  14 5.77952e-01  
 28.9 1.2201e+01  14 5.84563e-01  
 29.0 1.2342e+01  14 5.91200e-01  
 29.1 1.2482e+01  14 5.97862e-01  
 29.2 1.2623e+01  14 6.04550e-01  
 29.3 1.2741e+01  14 6.11562e-01  
 29.4 1.2887e+01  14 6.18238e-01  
 29.5 1.3029e+01  14 6.24998e-01  
 29.6 1.3171e+01  14 6.31784e-01  
 29.7 1.3314e+01  14 6.38594e-01  
 29.8 1.3456e+01  14 6.45429e-01  
 29.9 1.3600e+01  14 6.52288e-01  
 30.0 1.3743e+01  14 6.59173e-01  
 30.1 1.3857e+01  14 6.66361e-01  
 30.2 1.4006e+01  14 6.73229e-01  
 30.3 1.4150e+01  14 6.80183e-01  
 30.4 1.4294e+01  14 6.87160e-01  
 30.5 1.4438e+01  14 6.94162e-01  
 30.6 1.4582e+01  14 7.01188e-01  
 30.7 1.4726e+01  14 7.08237e-01  
 30.8 1.4836e+01  14 7.15558e-01  
 30.9 1.4980e+01  14 7.22647e-01  
 31.0 1.5131e+01  14 7.29712e-01  
 31.1 1.5275e+01  14 7.36847e-01  
 31.2 1.5420e+01  14 7.44007e-01  
 31.3 1.5564e+01  14 7.51190e-01  
 31.4 1.5708e+01  14 7.58396e-01  
 31.5 1.5812e+01  14 7.65840e-01  
 31.6 1.5955e+01  14 7.73086e-01  
 31.7 1.6098e+01  14 7.80355e-01  
 31.8 1.6251e+01  14 7.87600e-01  
 31.9 1.6394e+01  14 7.94912e-01  
 32.0 1.6537e+01  14 8.02245e-01  
 32.1 1.6635e+01  14 8.09783e-01  
 32.2 1.6777e+01  14 8.17154e-01  
 32.3 1.6919e+01  14 8.24546e-01  
 32.4 1.7061e+01  14 8.31958e-01  
 32.5 1.7202e+01  14 8.39392e-01  
 32.6 1.7354e+01  14 8.46812e-01  
 32.7 1.7445e+01  14 8.54433e-01  
 32.8 1.7584e+01  14 8.61922e-01  
 32.9 1.7724e+01  14 8.69431e-01  
 33.0 1.7863e+01  14 8.76959e-01  
 33.1 1.8002e+01  14 8.84507e-01  
 33.2 1.8084e+01  14 8.92189e-01  
 33.3 1.8221e+01  14 8.99769e-01  
 33.4 1.8365e+01  14 9.07355e-01  
 33.5 1.8507e+01  14 9.14963e-01  
 33.6 1.8643e+01  14 9.22599e-01  
 33.7 1.8718e+01  14 9.30330e-01  
 33.8 1.8851e+01  14 9.37995e-01  
 33.9 1.8985e+01  14 9.45677e-01  
 34.0 1.9117e+01  14 9.53377e-01  
 34.1 1.9184e+01  14 9.61138e-01  
 34.2 1.9313e+01  14 9.68863e-01  
 34.3 1.9458e+01  14 9.76598e-01  
 34.4 1.9519e+01  14 9.84376e-01  
 34.5 1.9645e+01  14 9.92089e-01  
 34.6 1.9701e+01  14 9.99870e-01  
 34.7 1.9405e+01  14 1.00000e+00  
 34.8 1.9379e+01  14 1.00000e+00  
 34.9 1.9353e+01  14 1.00000e+00  
 35.0 1.9326e+01  14 1.00000e+00  
 35.1 1.9297e+01  14 1.00000e+00  
 35.2 1.9287e+01  14 1.00000e+00  
 35.3 1.9258e+01  14 1.00000e+00  
 35.4 1.9228e+01  14 1.00000e+00  
 35.5 1.9094e+01  14 1.00000e+00  
 35.6 1.9063e+01  14 1.00000e+00  
 35.7 1.9031e+01  14 1.00000e+00  
 35.8 1.8998e+01  14 1.00000e+00  
 35.9 1.8964e+01  14 1.00000e+00  
 36.0 1.8823e+01  14 1.00000e+00  
 36.1 1.8801e+01  14 1.00000e+00  
 36.2 1.8765e+01  14 1.00000e+00  
 36.3 1.8729e+01  14 1.00000e+00  
 36.4 1.8692e+01  14 1.00000e+00  
 36.5 1.8540e+01  14 1.00000e+00  
 36.6 1.8502e+01  14 1.00000e+00  
 36.7 1.8464e+01  14 1.00000e+00  
 36.8 1.8424e+01  14 1.00000e+00  
 36.9 1.8404e+01  14 1.00000e+00  
 37.0 1.7506e+01  14 1.00000e+00  
 37.1 1.5815e+01  14 1.00000e+00  
 37.2 1.4086e+01  14 1.00000e+00  
 37.3 1.3836e+01  14 1.00000e+00  
 37.4 1.3846e+01  14 1.00000e+00  
 37.5 1.3778e+01  14 1.00000e+00  
 37.6 1.3708e+01  14 1.00000e+00  
 37.7 1.3711e+01  14 1.00000e+00  
 37.8 1.3643e+01  14 1.00000e+00  
 37.9 1.3615e+01  14 1.00000e+00  
 38.0 1.3627e+01  14 1.00000e+00  
 38.1 1.3576e+01  14 1.00000e+00  
 38.2 1.3489e+01  14 1.00000e+00  
 38.3 1.3500e+01  14 1.00000e+00  
 38.4 1.3438e+01  14 1.00000e+00  
 38.5 1.3370e+01  14 1.00000e+00  
 38.6 1.3391e+01  14 1.00000e+00  
 38.7 1.3354e+01  14 1.00000e+00  
 38.8 1.3297e+01  14 1.00000e+00  
 38.9 1.3306e+01  14 1.00000e+00  
 39.0 1.3278e+01  14 1.00000e+00  
 39.1 1.3190e+01  14 9.99958e-01  
 39.2 1.3157e+01  14 9.98274e-01  
 39.3 1.3128e+01  14 9.96809e-01  
 39.4 1.2937e+01  14 9.87093e-01  
 39.5 1.2867e+01  14 9.83527e-01  
 39.6 1.2712e+01  14 9.75621e-01  
 39.7 1.2558e+01  14 9.67687e-01  
 39.8 1.2400e+01  14 9.59566e-01  
 39.9 1.2539e+01  14 9.66712e-01  
 40.0 1.2282e+01  14 9.53476e-01  
 40.1 1.2228e+01  14 9.50673e-01  
 40.2 1.2098e+01  14 9.43895e-01  
 40.3 1.1939e+01  14 9.35645e-01  
 40.4 1.2109e+01  14 9.44487e-01  
 40.5 1.2233e+01  14 9.50934e-01  
 40.6 1.2375e+01  14 9.58277e-01  
 40.7 1.2449e+01  14 9.62092e-01  
 40.8 1.2500e+01  14 9.64714e-01  
 40.9 1.2542e+01  14 9.66857e-01  
 41.0 1.2699e+01  14 9.74921e-01  
 41.1 1.2844e+01  14 9.82347e-01  
 41.2 1.2953e+01  14 9.87908e-01  
 41.3 1.3132e+01  14 9.96988e-01  
 41.4 1.3202e+01  14 1.00000e+00  
 41.5 1.3232e+01  14 1.00000e+00  
 41.6 1.3262e+01  14 1.00000e+00  
 41.7 1.3291e+01  14 1.00000e+00  
 41.8 1.3320e+01  14 1.00000e+00  
 41.9 1.3347e+01  14 1.00000e+00  
 42.0 1.3396e+01  14 1.00000e+00  
 42.1 1.3457e+01  14 1.00000e+00  
 42.2 1.3508e+01  14 1.00000e+00  
 42.3 1.3554e+01  14 1.00000e+00  
 42.4 1.3595e+01  14 1.00000e+00  
 42.5 1.3662e+01  14 1.00000e+00  
 42.6 1.3695e+01  14 1.00000e+00  
 42.7 1.3725e+01  14 1.00000e+00  
 42.8 1.3756e+01  14 1.00000e+00  
 42.9 1.3785e+01  14 1.00000e+00  
 43.0 1.3814e+01  14 1.00000e+00  
 43.1 1.3841e+01  14 1.00000e+00  
 43.2 1.3893e+01  14 1.00000e+00  
 43.3 1.3960e+01  14 1.00000e+00  
 43.4 1.4008e+01  14 1.00000e+00  
 43.5 1.4052e+01  14 1.00000e+00  
 43.6 1.4091e+01  14 1.00000e+00  
 43.7 1.4158e+01  14 1.00000e+00  
 43.8 1.4189e+01  14 1.00000e+00  
 43.9 1.4219e+01  14 1.00000e+00  
 44.0 1.4250e+01  14 1.00000e+00  
 44.1 1.4279e+01  14 1.00000e+00  
 44.2 1.4308e+01  14 1.00000e+00  
 44.3 1.4340e+01  14 1.00000e+00  
 44.4 1.4374e+01  14 1.00000e+00  
 44.5 1.4444e+01  14 1.00000e+00  
 44.6 1.4487e+01  14 1.00000e+00  
 44.7 1.4542e+01  14 1.00000e+00  
 44.8 1.4591e+01  14 1.00000e+00  
 44.9 1.4631e+01  14 1.00000e+00  
 45.0 1.4677e+01  14 1.00000e+00  
 45.1 1.4722e+01  14 1.00000e+00  
 45.2 1.4763e+01  14 1.00000e+00  
 45.3 1.4806e+01  14 1.00000e+00  
 45.4 1.4847e+01  14 1.00000e+00  
 45.5 1.4890e+01  14 1.00000e+00  
 45.6 1.4932e+01  14 1.00000e+00  
 45.7 1.4974e+01  14 1.00000e+00  
 45.8 1.5016e+01  14 1.00000e+00  
 45.9 1.5055e+01  14 1.00000e+00  
 46.0 1.5101e+01  14 1.00000e+00  
 46.1 1.5140e+01  14 1.00000e+00  
 46.2 1.5185e+01  14 1.00000e+00  
 46.3 1.5223e+01  14 1.00000e+00  
 46.4 1.5270e+01  14 1.00000e+00  
 46.5 1.5339e+01  14 1.00000e+00  
 46.6 1.5355e+01  14 1.00000e+00  
 46.7 1.5393e+01  14 1.00000e+00  
 46.8 1.5439e+01  14 1.00000e+00  
 46.9 1.5481e+01  14 1.00000e+00  
 47.0 1.5524e+01  14 1.00000e+00  
 47.1 1.5567e+01  14 1.00000e+00  
 47.2 1.5596e+01  14 1.00000e+00  
 47.3 1.5653e+01  14 1.00000e+00  
 47.4 1.5689e+01  14 1.00000e+00  
 47.5 1.5737e+01  14 1.00000e+00  
 47.6 1.5779e+01  14 1.00000e+00  
 47.7 1.5805e+01  14 1.00000e+00  
 47.8 1.5866e+01  14 1.00000e+00  
 47.9 1.5903e+01  14 1.00000e+00  
 48.0 1.5903e+01  14 1.00000e+00  
 48.1 1.5995e+01  14 1.00000e+00  
 48.2 1.6026e+01  14 1.00000e+00  
 48.3 1.6027e+01  14 1.00000e+00  
 48.4 1.6123e+01  14 1.00000e+00  
 48.5 1.6151e+01  14 1.00000e+00  
 48.6 1.6153e+01  14 1.00000e+00  
 48.7 1.6251e+01  14 1.00000e+00  
 48.8 1.6285e+01  14 1.00000e+00  
 48.9 1.6289e+01  14 1.00000e+00  
 49.0 1.6381e+01  14 1.00000e+00  
 49.1 1.6418e+01  14 1.00000e+00  
 49.2 1.6419e+01  14 1.00000e+00  
 49.3 1.6458e+01  14 1.00000e+00  
 49.4 1.6550e+01  14 1.00000e+00  
 49.5 1.6576e+01  14 1.00000e+00  
 49.6 1.6579e+01  14 1.00000e+00  
 49.7 1.6622e+01  14 1.00000e+00  
 49.8 1.6718e+01  14 1.00000e+00  
 49.9 1.6722e+01  14 1.00000e+00  
 50.0 1.6758e+01  14 1.00000e+00  
 50.1 1.6855e+01  14 1.00000e+00  
 50.2 1.6888e+01  14 1.00000e+00  
 50.3 1.6891e+01  14 1.00000e+00  
 50.4 1.6934e+01  14 1.00000e+00  
 50.5 1.7027e+01  14 1.00000e+00  
 50.6 1.7060e+01  14 1.00000e+00  
 50.7 1.7066e+01  14 1.00000e+00  
 50.8 1.7103e+01  14 1.00000e+00  
 50.9 1.7174e+01  14 1.00000e+00  
 51.0 1.7237e+01  14 1.00000e+00  
 51.1 1.7260e+01  14 1.00000e+00  
 51.2 1.7267e+01  14 1.00000e+00  
 51.3 1.7335e+01  14 1.00000e+00  
 51.4 1.7415e+01  14 1.00000e+00  
 51.5 1.7448e+01  14 1.00000e+00  
 51.6 1.7474e+01  14 1.00000e+00  
 51.7 1.7479e+01  14 1.00000e+00  
 51.8 1.7549e+01  14 1.00000e+00  
 51.9 1.7632e+01  14 1.00000e+00  
 52.0 1.7669e+01  14 1.00000e+00  
 52.1 1.7692e+01  14 1.00000e+00  
 52.2 1.7697e+01  14 1.00000e+00  
 52.3 1.7763e+01  14 1.00000e+00  
 52.4 1.7849e+01  14 1.00000e+00  
 52.5 1.7890e+01  14 1.00000e+00  
 52.6 1.7919e+01  14 1.00000e+00  
 52.7 1.7929e+01  14 1.00000e+00  
 52.8 1.7963e+01  14 1.00000e+00  
 52.9 1.8003e+01  14 1.00000e+00  
 53.0 1.8111e+01  14 1.00000e+00  
 53.1 1.8150e+01  14 1.00000e+00  
 53.2 1.8180e+01  14 1.00000e+00  
 53.3 1.8191e+01  14 1.00000e+00  
 53.4 1.8221e+01  14 1.00000e+00  
 53.5 1.8328e+01  14 1.00000e+00  
 53.6 1.8371e+01  14 1.00000e+00  
 53.7 1.8415e+01  14 1.00000e+00  
 53.8 1.8451e+01  14 1.00000e+00  
 53.9 1.8461e+01  14 1.00000e+00  
 54.0 1.8490e+01  14 1.00000e+00  
 54.1 1.8525e+01  14 1.00000e+00  
 54.2 1.8623e+01  14 1.00000e+00  
 54.3 1.8677e+01  14 1.00000e+00  
 54.4 1.8723e+01  14 1.00000e+00  
 54.5 1.8761e+01  14 1.00000e+00  
 54.6 1.8791e+01  14 1.00000e+00  
 54.7 1.8809e+01  14 1.00000e+00  
 54.8 1.8893e+01  14 1.00000e+00  
 54.9 1.8953e+01  14 1.00000e+00  
 55.0 1.9014e+01  14 1.00000e+00  
 55.1 1.9026e+01  14 1.00000e+00  
 55.2 1.9074e+01  14 1.00000e+00  
 55.3 1.9115e+01  14 1.00000e+00  
 55.4 1.9151e+01  14 1.00000e+00  
 55.5 1.9192e+01  14 1.00000e+00  
 55.6 1.9231e+01  14 1.00000e+00  
 55.7 1.9290e+01  14 1.00000e+00  
 55.8 1.9350e+01  14 1.00000e+00  
 55.9 1.9407e+01  14 1.00000e+00  
 56.0 1.9422e+01  14 1.00000e+00  
 56.1 1.9470e+01  14 1.00000e+00  
 56.2 1.9515e+01  14 1.00000e+00  
 56.3 1.9555e+01  14 1.00000e+00  
 56.4 1.9548e+01  14 1.00000e+00  
 56.5 1.9609e+01  14 1.00000e+00  
 56.6 1.9669e+01  14 1.00000e+00  
 56.7 1.9729e+01  14 1.00000e+00  
 56.8 1.9787e+01  14 1.00000e+00  
 56.9 1.9846e+01  14 1.00000e+00  
 57.0 1.9859e+01  14 1.00000e+00  
 57.1 1.9913e+01  14 1.00000e+00  
 57.2 1.9983e+01  14 1.00000e+00  
 57.3 1.9955e+01  14 1.00000e+00  
 57.4 1.9985e+01  14 1.00000e+00  
 57.5 2.0024e+01  14 1.00000e+00  
 57.6 2.0086e+01  14 1.00000e+00  
 57.7 2.0146e+01  14 1.00000e+00  
 57.8 2.0204e+01  14 1.00000e+00  
 57.9 2.0261e+01  14 1.00000e+00  
 58.0 2.0312e+01  14 1.00000e+00  
 58.1 2.0368e+01  14 1.00000e+00  
 58.2 2.0362e+01  14 1.00000e+00  
 58.3 2.0448e+01  14 1.00000e+00  
 58.4 2.0491e+01  14 1.00000e+00  
 58.5 2.0530e+01  14 1.00000e+00  
 58.6 2.0565e+01  14 1.00000e+00  
 58.7 2.0584e+01  14 1.00000e+00  
 58.8 2.0617e+01  14 1.00000e+00  
 58.9 2.0648e+01  14 1.00000e+00  
 59.0 2.0689e+01  14 1.00000e+00  
 59.1 2.0749e+01  14 1.00000e+00  
 59.2 2.0806e+01  14 1.00000e+00  
 59.3 2.0827e+01  14 1.00000e+00  
 59.4 2.0970e+01  14 1.00000e+00  
 59.5 2.1021e+01  14 1.00000e+00  
 59.6 2.1026e+01  14 1.00000e+00  
 59.7 2.1075e+01  14 1.00000e+00  
 59.8 2.1123e+01  14 1.00000e+00  
 59.9 2.1167e+01  14 1.00000e+00  
 60.0 2.1213e+01  14 1.00000e+00  
 60.1 2.1259e+01  14 1.00000e+00  
 60.2 2.1301e+01  14 1.00000e+00  
 60.3 2.1340e+01  14 1.00000e+00  
 60.4 2.1378e+01  14 1.00000e+00  
 60.5 2.1440e+01  14 1.00000e+00  
 60.6 2.1464e+01  14 1.00000e+00  
 60.7 2.1468e+01  14 1.00000e+00  
 60.8 2.1527e+01  14 1.00000e+00  
 60.9 2.1579e+01  14 1.00000e+00  
 61.0 2.1635e+01  14 1.00000e+00  
 61.1 2.1688e+01  14 1.00000e+00  
 61.2 2.1740e+01  14 1.00000e+00  
 61.3 2.1792e+01  14 1.00000e+00  
 61.4 2.1840e+01  14 1.00000e+00  
 61.5 2.1893e+01  14 1.00000e+00  
 61.6 2.1943e+01  14 1.00000e+00  
 61.7 2.1991e+01  14 1.00000e+00  
 61.8 2.2047e+01  14 1.00000e+00  
 61.9 2.2055e+01  14 1.00000e+00  
 62.0 2.2118e+01  14 1.00000e+00  
 62.1 2.2165e+01  14 1.00000e+00  
 62.2 2.2210e+01  14 1.00000e+00  
 62.3 2.2254e+01  14 1.00000e+00  
 62.4 2.2300e+01  14 1.00000e+00  
 62.5 2.2341e+01  14 1.00000e+00  
 62.6 2.2385e+01  14 1.00000e+00  
 62.7 2.2427e+01  14 1.00000e+00  
 62.8 2.2469e+01  14 1.00000e+00  
 62.9 2.2510e+01  14 1.00000e+00  
 63.0 2.2534e+01  14 1.00000e+00  
 63.1 2.2575e+01  14 1.00000e+00  
 63.2 2.2621e+01  14 1.00000e+00  
 63.3 2.2661e+01  14 1.00000e+00  
 63.4 2.2705e+01  14 1.00000e+00  
 63.5 2.2744e+01  14 1.00000e+00  
 63.6 2.2785e+01  14 1.00000e+00  
 63.7 2.2841e+01  14 1.00000e+00  
 63.8 2.2941e+01  14 1.00000e+00  
 63.9 2.2945e+01  14 1.00000e+00  
 64.0 2.2977e+01  14 1.00000e+00  
 64.1 2.3019e+01  14 1.00000e+00  
 64.2 2.3074e+01  14 1.00000e+00  
 64.3 2.3124e+01  14 1.00000e+00  
 64.4 2.3165e+01  14 1.00000e+00  
 64.5 2.3219e+01  14 1.00000e+00  
 64.6 2.3268e+01  14 1.00000e+00  
 64.7 2.3317e+01  14 1.00000e+00  
 64.8 2.3359e+01  14 1.00000e+00  
 64.9 2.3407e+01  14 1.00000e+00  
 65.0 2.3458e+01  14 1.00000e+00  
 65.1 2.3481e+01  14 1.00000e+00  
 65.2 2.3567e+01  14 1.00000e+00  
 65.3 2.3626e+01  14 1.00000e+00  
 65.4 2.3674e+01  14 1.00000e+00  
 65.5 2.3722e+01  14 1.00000e+00  
 65.6 2.3766e+01  14 1.00000e+00  
 65.7 2.3818e+01  14 1.00000e+00  
 65.8 2.3861e+01  14 1.00000e+00  
 65.9 2.3914e+01  14 1.00000e+00  
 66.0 2.3964e+01  14 1.00000e+00  
 66.1 2.4009e+01  14 1.00000e+00  
 66.2 2.4058e+01  14 1.00000e+00  
 66.3 2.4107e+01  14 1.00000e+00  
 66.4 2.4155e+01  14 1.00000e+00  
 66.5 2.4194e+01  14 1.00000e+00  
 66.6 2.4241e+01  14 1.00000e+00  
 66.7 2.4289e+01  14 1.00000e+00  
 66.8 2.4338e+01  14 1.00000e+00  
 66.9 2.4384e+01  14 1.00000e+00  
 67.0 2.4431e+01  14 1.00000e+00  
 67.1 2.4476e+01  14 1.00000e+00  
 67.2 2.4523e+01  14 1.00000e+00  
 67.3 2.4574e+01  14 1.00000e+00  
 67.4 2.4619e+01  14 1.00000e+00  
 67.5 2.4664e+01  14 1.00000e+00  
 67.6 2.4707e+01  14 1.00000e+00  
 67.7 2.4758e+01  14 1.00000e+00  
 67.8 2.4799e+01  14 1.00000e+00  
 67.9 2.4843e+01  14 1.00000e+00  
 68.0 2.4881e+01  14 1.00000e+00  
 68.1 2.4843e+01  14 1.00000e+00  
 68.2 2.4965e+01  14 1.00000e+00  
 68.3 2.5050e+01  14 1.00000e+00  
 68.4 2.5087e+01  14 1.00000e+00  
 68.5 2.5135e+01  14 1.00000e+00  
 68.6 2.5182e+01  14 1.00000e+00  
 68.7 2.5221e+01  14 1.00000e+00  
 68.8 2.5269e+01  14 1.00000e+00  
 68.9 2.5305e+01  14 1.00000e+00  
 69.0 2.5353e+01  14 1.00000e+00  
 69.1 2.5388e+01  14 1.00000e+00  
 69.2 2.5438e+01  14 1.00000e+00  
 69.3 2.5483e+01  14 1.00000e+00  
 69.4 2.5527e+01  14 1.00000e+00  
 69.5 2.5559e+01  14 1.00000e+00  
 69.6 2.5535e+01  14 1.00000e+00  
 69.7 2.5673e+01  14 1.00000e+00  
 69.8 2.5716e+01  14 1.00000e+00  
 69.9 2.5747e+01  14 1.00000e+00  
 70.0 2.5799e+01  14 1.00000e+00  
 70.1 2.5845e+01  14 1.00000e+00  
 70.2 2.5878e+01  14 1.00000e+00  
 70.3 2.5927e+01  14 1.00000e+00  
 70.4 2.5974e+01  14 1.00000e+00  
 70.5 2.6011e+01  14 1.00000e+00  
 70.6 2.6055e+01  14 1.00000e+00  
 70.7 2.6099e+01  14 1.00000e+00  
 70.8 2.6136e+01  14 1.00000e+00  
 70.9 2.6175e+01  14 1.00000e+00  
 71.0 2.6168e+01  14 1.00000e+00  
 71.1 2.6323e+01  14 1.00000e+00  
 71.2 2.6325e+01  14 1.00000e+00  
 71.3 2.6362e+01  14 1.00000e+00  
 71.4 2.6392e+01  14 1.00000e+00  
 71.5 2.6442e+01  14 1.00000e+00  
 71.6 2.6478e+01  14 1.00000e+00  
 71.7 2.6516e+01  14 1.00000e+00  
 71.8 2.6554e+01  14 1.00000e+00  
 71.9 2.6592e+01  14 1.00000e+00  
 72.0 2.6629e+01  14 1.00000e+00  
 72.1 2.6668e+01  14 1.00000e+00  
 72.2 2.6732e+01  14 1.00000e+00  
 72.3 2.6796e+01  14 1.00000e+00  
 72.4 2.6857e+01  14 1.00000e+00  
 72.5 2.6917e+01  14 1.00000e+00  
 72.6 2.6961e+01  14 1.00000e+00  
 72.7 2.7025e+01  14 1.00000e+00  
 72.8 2.7084e+01  14 1.00000e+00  
 72.9 2.7168e+01  14 1.00000e+00  
 73.0 2.7266e+01  14 1.00000e+00  
 73.1 2.7233e+01  14 1.00000e+00  
 73.2 2.7276e+01  14 1.00000e+00  
 73.3 2.7335e+01  14 1.00000e+00  
 73.4 2.7404e+01  14 1.00000e+00  
 73.5 2.7449e+01  14 1.00000e+00  
 73.6 2.7513e+01  14 1.00000e+00  
 73.7 2.7552e+01  14 1.00000e+00  
 73.8 2.7611e+01  14 1.00000e+00  
 73.9 2.7664e+01  14 1.00000e+00  
 74.0 2.7703e+01  14 1.00000e+00  
 74.1 2.7757e+01  14 1.00000e+00  
 74.2 2.7810e+01  14 1.00000e+00  
 74.3 2.7855e+01  14 1.00000e+00  
 74.4 2.7896e+01  14 1.00000e+00  
 74.5 2.7928e+01  14 1.00000e+00  
 74.6 2.7987e+01  14 1.00000e+00  
 74.7 2.8025e+01  14 1.00000e+00  
 74.8 2.8082e+01  14 1.00000e+00  
 74.9 2.8115e+01  14 1.00000e+00  
 75.0 2.8168e+01  14 1.00000e+00  
 75.1 2.8291e+01  14 1.00000e+00  
 75.2 2.8309e+01  14 1.00000e+00  
 75.3 2.8366e+01  14 1.00000e+00  
 75.4 2.8403e+01  14 1.00000e+00  
 75.5 2.8441e+01  14 1.00000e+00  
 75.6 2.8477e+01  14 1.00000e+00  
 75.7 2.8516e+01  14 1.00000e+00  
 75.8 2.8569e+01  14 1.00000e+00  
 75.9 2.8601e+01  14 1.00000e+00  
 76.0 2.8673e+01  14 1.00000e+00  
 76.1 2.8669e+01  14 1.00000e+00  
 76.2 2.8717e+01  14 1.00000e+00  
 76.3 2.8765e+01  14 1.00000e+00  
 76.4 2.8809e+01  14 1.00000e+00  
 76.5 2.8837e+01  14 1.00000e+00  
 76.6 2.8884e+01  14 1.00000e+00  
 76.7 2.8917e+01  14 1.00000e+00  
 76.8 2.8948e+01  14 1.00000e+00  
 76.9 2.8978e+01  14 1.00000e+00  
 77.0 2.9007e+01  14 1.00000e+00  
 77.1 2.9038e+01  14 1.00000e+00  
 77.2 2.9104e+01  14 1.00000e+00  
 77.3 2.9183e+01  14 1.00000e+00  
 77.4 2.9258e+01  14 1.00000e+00  
 77.5 2.9305e+01  14 1.00000e+00  
 77.6 2.9405e+01  14 1.00000e+00  
 77.7 2.9548e+01  14 1.00000e+00  
 77.8 2.9483e+01  14 1.00000e+00  
 77.9 2.9546e+01  14 1.00000e+00  
 78.0 2.9599e+01  14 1.00000e+00  
 78.1 2.9677e+01  14 1.00000e+00  
 78.2 2.9719e+01  14 1.00000e+00  
 78.3 2.9782e+01  14 1.00000e+00  
 78.4 2.9834e+01  14 1.00000e+00  
 78.5 2.9862e+01  14 1.00000e+00  
 78.6 2.9909e+01  14 1.00000e+00  
 78.7 2.9980e+01  14 1.00000e+00  
 78.8 3.0026e+01  14 1.00000e+00  
 78.9 3.0058e+01  14 1.00000e+00  
 79.0 3.0108e+01  14 1.00000e+00  
 79.1 3.0220e+01  14 1.00000e+00  
 79.2 3.0222e+01  14 1.00000e+00  
 79.3 3.0302e+01  14 1.00000e+00  
 79.4 3.0347e+01  14 1.00000e+00  
 79.5 3.0398e+01  14 1.00000e+00  
 79.6 3.0430e+01  14 1.00000e+00  
 79.7 3.0475e+01  14 1.00000e+00  
 79.8 3.0490e+01  14 1.00000e+00  
 79.9 3.0538e+01  14 1.00000e+00  
 80.0 3.0580e+01  14 1.00000e+00  
 80.1 3.0618e+01  14 1.00000e+00  
 80.2 3.0704e+01  14 1.00000e+00  
 80.3 3.0582e+01  14 1.00000e+00  
 80.4 3.0704e+01  14 1.00000e+00  
 80.5 3.0774e+01  14 1.00000e+00  
 80.6 3.0815e+01  14 1.00000e+00  
 80.7 3.0850e+01  14 1.00000e+00  
 80.8 3.0878e+01  14 1.00000e+00  
 80.9 3.0899e+01  14 1.00000e+00  
 81.0 3.1019e+01  14 1.00000e+00  
 81.1 3.0970e+01  14 1.00000e+00  
 81.2 3.1015e+01  14 1.00000e+00  
 81.3 3.1082e+01  14 1.00000e+00  
 81.4 3.1171e+01  14 1.00000e+00  
 81.5 3.1247e+01  14 1.00000e+00  
 81.6 3.1288e+01  14 1.00000e+00  
 81.7 3.1376e+01  14 1.00000e+00  
 81.8 3.1435e+01  14 1.00000e+00  
 81.9 3.1470e+01  14 1.00000e+00  
 82.0 3.1544e+01  14 1.00000e+00  
 82.1 3.1627e+01  14 1.00000e+00  
 82.2 3.1651e+01  14 1.00000e+00  
 82.3 3.1729e+01  14 1.00000e+00  
 82.4 3.1784e+01  14 1.00000e+00  
 82.5 3.1833e+01  14 1.00000e+00  
 82.6 3.1881e+01  14 1.00000e+00  
 82.7 3.1918e+01  14 1.00000e+00  
 82.8 3.1975e+01  14 1.00000e+00  
 82.9 3.2021e+01  14 1.00000e+00  
 83.0 3.2055e+01  14 1.00000e+00  
 83.1 3.2107e+01  14 1.00000e+00  
 83.2 3.2148e+01  14 1.00000e+00  
 83.3 3.2285e+01  14 1.00000e+00  
 83.4 3.2320e+01  14 1.00000e+00  
 83.5 3.2359e+01  14 1.00000e+00  
 83.6 3.2400e+01  14 1.00000e+00  
 83.7 3.2439e+01  14 1.00000e+00  
 83.8 3.2477e+01  14 1.00000e+00  
 83.9 3.2471e+01  14 1.00000e+00  
 84.0 3.2518e+01  14 1.00000e+00  
 84.1 3.2596e+01  14 1.00000e+00  
 84.2 3.2636e+01  14 1.00000e+00  
 84.3 3.2647e+01  14 1.00000e+00  
 84.4 3.2753e+01  14 1.00000e+00  
 84.5 3.2745e+01  14 1.00000e+00  
 84.6 3.2785e+01  14 1.00000e+00  
 84.7 3.2808e+01  14 1.00000e+00  
 84.8 3.2862e+01  14 1.00000e+00  
 84.9 3.2898e+01  14 1.00000e+00  
 85.0 3.2858e+01  14 1.00000e+00  
 85.1 3.2959e+01  14 1.00000e+00  
 85.2 3.2991e+01  14 1.00000e+00  
 85.3 3.3019e+01  14 1.00000e+00  
 85.4 3.3197e+01  14 1.00000e+00  
 85.5 3.3116e+01  14 1.00000e+00  
 85.6 3.3185e+01  14 1.00000e+00  
 85.7 3.3326e+01  14 1.00000e+00  
 85.8 3.3390e+01  14 1.00000e+00  
 85.9 3.3412e+01  14 1.00000e+00  
 86.0 3.3469e+01  14 1.00000e+00  
 86.1 3.3537e+01  14 1.00000e+00  
 86.2 3.3648e+01  14 1.00000e+00  
 86.3 3.3652e+01  14 1.00000e+00  
 86.4 3.3735e+01  14 1.00000e+00  
 86.5 3.3784e+01  14 1.00000e+00  
 86.6 3.3835e+01  14 1.00000e+00  
 86.7 3.3893e+01  14 1.00000e+00  
 86.8 3.3928e+01  14 1.00000e+00  
 86.9 3.3970e+01  14 1.00000e+00  
 87.0 3.4019e+01  14 1.00000e+00  
 87.1 3.4145e+01  14 1.00000e+00  
 87.2 3.4139e+01  14 1.00000e+00  
 87.3 3.4030e+01  14 1.00000e+00  
 87.4 3.4237e+01  14 1.00000e+00  
 87.5 3.4268e+01  14 1.00000e+00  
 87.6 3.4327e+01  14 1.00000e+00  
 87.7 3.4369e+01  14 1.00000e+00  
 87.8 3.4413e+01  14 1.00000e+00  
 87.9 3.4531e+01  14 1.00000e+00  
 88.0 3.4577e+01  14 1.00000e+00  
 88.1 3.4617e+01  14 1.00000e+00  
 88.2 3.4648e+01  14 1.00000e+00  
 88.3 3.4708e+01  14 1.00000e+00  
 88.4 3.4748e+01  14 1.00000e+00  
 88.5 3.4787e+01  14 1.00000e+00  
 88.6 3.4807e+01  14 1.00000e+00  
 88.7 3.4822e+01  14 1.00000e+00  
 88.8 3.4908e+01  14 1.00000e+00  
 88.9 3.4843e+01  14 1.00000e+00  
 89.0 3.4984e+01  14 1.00000e+00  
 89.1 3.5008e+01  14 1.00000e+00  
 89.2 3.5040e+01  14 1.00000e+00  
 89.3 3.5068e+01  14 1.00000e+00  
 89.4 3.5139e+01  14 1.00000e+00  
 89.5 3.5177e+01  14 1.00000e+00  
 89.6 3.5210e+01  14 1.00000e+00  
 89.7 3.5239e+01  14 1.00000e+00  
 89.8 3.5265e+01  14 1.00000e+00  
 89.9 3.5290e+01  14 1.00000e+00  
 90.0 3.5331e+01  14 1.00000e+00  
 90.1 3.5416e+01  14 1.00000e+00  
 90.2 3.5508e+01  14 1.00000e+00  
 90.3 3.5585e+01  14 1.00000e+00  
 90.4 3.5640e+01  14 1.00000e+00  
 90.5 3.5721e+01  14 1.00000e+00  
 90.6 3.5780e+01  14 1.00000e+00  
 90.7 3.5846e+01  14 1.00000e+00  
 90.8 3.5909e+01  14 1.00000e+00  
 90.9 3.5991e+01  14 1.00000e+00  
 91.0 3.6051e+01  14 1.00000e+00  
 91.1 3.6099e+01  14 1.00000e+00  
 91.2 3.6097e+01  14 1.00000e+00  
 91.3 3.6146e+01  14 1.00000e+00  
 91.4 3.6107e+01  14 1.00000e+00  
 91.5 3.6305e+01  14 1.00000e+00  
 91.6 3.6357e+01  14 1.00000e+00  
 91.7 3.6407e+01  14 1.00000e+00  
 91.8 3.6458e+01  14 1.00000e+00  
 91.9 3.6506e+01  14 1.00000e+00  
 92.0 3.6548e+01  14 1.00000e+00  
 92.1 3.6573e+01  14 1.00000e+00  
 92.2 3.6649e+01  14 1.00000e+00  
 92.3 3.6689e+01  14 1.00000e+00  
 92.4 3.6739e+01  14 1.00000e+00  
 92.5 3.6782e+01  14 1.00000e+00  
 92.6 3.6826e+01  14 1.00000e+00  
 92.7 3.6948e+01  14 1.00000e+00  
 92.8 3.6990e+01  14 1.00000e+00  
 92.9 3.7039e+01  14 1.00000e+00  
 93.0 3.7083e+01  14 1.00000e+00  
 93.1 3.7123e+01  14 1.00000e+00  
 93.2 3.7147e+01  14 1.00000e+00  
 93.3 3.7205e+01  14 1.00000e+00  
 93.4 3.7249e+01  14 1.00000e+00  
 93.5 3.7264e+01  14 1.00000e+00  
 93.6 3.7328e+01  14 1.00000e+00  
 93.7 3.7371e+01  14 1.00000e+00  
 93.8 3.7405e+01  14 1.00000e+00  
 93.9 3.7451e+01  14 1.00000e+00  
 94.0 3.7491e+01  14 1.00000e+00  
 94.1 3.7508e+01  14 1.00000e+00  
 94.2 3.7562e+01  14 1.00000e+00  
 94.3 3.7601e+01  14 1.00000e+00  
 94.4 3.7636e+01  14 1.00000e+00  
 94.5 3.7667e+01  14 1.00000e+00  
 94.6 3.7695e+01  14 1.00000e+00  
 94.7 3.7722e+01  14 1.00000e+00  
 94.8 3.7798e+01  14 1.00000e+00  
 94.9 3.7891e+01  14 1.00000e+00  
 95.0 3.7969e+01  14 1.00000e+00  
 95.1 3.8025e+01  14 1.00000e+00  
 95.2 3.8108e+01  14 1.00000e+00  
 95.3 3.8157e+01  14 1.00000e+00  
 95.4 3.8237e+01  14 1.00000e+00  
 95.5 3.8283e+01  14 1.00000e+00  
 95.6 3.8359e+01  14 1.00000e+00  
 95.7 3.8385e+01  14 1.00000e+00  
 95.8 3.8472e+01  14 1.00000e+00  
 95.9 3.8531e+01  14 1.00000e+00  
 96.0 3.8585e+01  14 1.00000e+00  
 96.1 3.8664e+01  14 1.00000e+00  
 96.2 3.8702e+01  14 1.00000e+00  
 96.3 3.8756e+01  14 1.00000e+00  
 96.4 3.8820e+01  14 1.00000e+00  
 96.5 3.8874e+01  14 1.00000e+00  
 96.6 3.8924e+01  14 1.00000e+00  
 96.7 3.8968e+01  14 1.00000e+00  
 96.8 3.8999e+01  14 1.00000e+00  
 96.9 3.9081e+01  14 1.00000e+00  
 97.0 3.9131e+01  14 1.00000e+00  
 97.1 3.9170e+01  14 1.00000e+00  
 97.2 3.9225e+01  14 1.00000e+00  
 97.3 3.9273e+01  14 1.00000e+00  
 97.4 3.9287e+01  14 1.00000e+00  
 97.5 3.9365e+01  14 1.00000e+00  
 97.6 3.9382e+01  14 1.00000e+00  
 97.7 3.9540e+01  14 1.00000e+00  
 97.8 3.9580e+01  14 1.00000e+00  
 97.9 3.9601e+01  14 1.00000e+00  
 98.0 3.9667e+01  14 1.00000e+00  
 98.1 3.9711e+01  14 1.00000e+00  
 98.2 3.9726e+01  14 1.00000e+00  
 98.3 3.9791e+01  14 1.00000e+00  
 98.4 3.9839e+01  14 1.00000e+00  
 98.5 3.9849e+01  14 1.00000e+00  
 98.6 3.9923e+01  14 1.00000e+00  
 98.7 3.9964e+01  14 1.00000e+00  
 98.8 4.0007e+01  14 1.00000e+00  
 98.9 4.0029e+01  14 1.00000e+00  
 99.0 4.0091e+01  14 1.00000e+00  
 99.1 4.0123e+01  14 1.00000e+00  
 99.2 4.0151e+01  14 1.00000e+00  
 99.3 4.0211e+01  14 1.00000e+00  
 99.4 4.0250e+01  14 1.00000e+00  
 99.5 4.0284e+01  14 1.00000e+00  
 99.6 4.0315e+01  14 1.00000e+00  
 99.7 4.0351e+01  14 1.00000e+00  
 99.8 4.0449e+01  14 1.00000e+00  
 99.9 4.0530e+01  14 1.00000e+00  
100.0 4.0588e+01  14 1.00000e+00  
100.1 4.0677e+01  14 1.00000e+00  
100.2 4.0730e+01  14 1.00000e+00  
100.3 4.0812e+01  14 1.00000e+00  
100.4 4.0869e+01  14 1.00000e+00  
100.5 4.0939e+01  14 1.00000e+00  
100.6 4.0993e+01  14 1.00000e+00  
100.7 4.1062e+01  14 1.00000e+00  
100.8 4.1086e+01  14 1.00000e+00  
100.9 4.1175e+01  14 1.00000e+00  
101.0 4.1237e+01  14 1.00000e+00  
101.1 4.1292e+01  14 1.00000e+00  
101.2 4.1347e+01  14 1.00000e+00  
101.3 4.1426e+01  14 1.00000e+00  
101.4 4.1482e+01  14 1.00000e+00  
101.5 4.1536e+01  14 1.00000e+00  
101.6 4.1590e+01  14 1.00000e+00  
101.7 4.1644e+01  14 1.00000e+00  
101.8 4.1697e+01  14 1.00000e+00  
101.9 4.1748e+01  14 1.00000e+00  
102.0 4.1796e+01  14 1.00000e+00  
102.1 4.1828e+01  14 1.00000e+00  
102.2 4.1898e+01  14 1.00000e+00  
102.3 4.1949e+01  14 1.00000e+00  
102.4 4.1981e+01  14 1.00000e+00  
102.5 4.2046e+01  14 1.00000e+00  
102.6 4.2089e+01  14 1.00000e+00  
102.7 4.2138e+01  14 1.00000e+00  
102.8 4.2185e+01  14 1.00000e+00  
102.9 4.2229e+01  14 1.00000e+00  
103.0 4.2361e+01  14 1.00000e+00  
103.1 4.2370e+01  14 1.00000e+00  
103.2 4.2449e+01  14 1.00000e+00  
103.3 4.2495e+01  14 1.00000e+00  
103.4 4.2515e+01  14 1.00000e+00  
103.5 4.2584e+01  14 1.00000e+00  
103.6 4.2627e+01  14 1.00000e+00  
103.7 4.2663e+01  14 1.00000e+00  
103.8 4.2717e+01  14 1.00000e+00  
103.9 4.2744e+01  14 1.00000e+00  
104.0 4.2804e+01  14 1.00000e+00  
104.1 4.2838e+01  14 1.00000e+00  
104.2 4.2889e+01  14 1.00000e+00  
104.3 4.2933e+01  14 1.00000e+00  
104.4 4.2962e+01  14 1.00000e+00  
104.5 4.3005e+01  14 1.00000e+00  
104.6 4.3058e+01  14 1.00000e+00  
104.7 4.3098e+01  14 1.00000e+00  
104.8 4.3134e+01  14 1.00000e+00  
104.9 4.3171e+01  14 1.00000e+00  
105.0 4.3265e+01  14 1.00000e+00  
105.1 4.3334e+01  14 1.00000e+00  
105.2 4.3419e+01  14 1.00000e+00  
105.3 4.3492e+01  14 1.00000e+00  
105.4 4.3565e+01  14 1.00000e+00  
105.5 4.3599e+01  14 1.00000e+00  
105.6 4.3701e+01  14 1.00000e+00  
105.7 4.3745e+01  14 1.00000e+00  
105.8 4.3831e+01  14 1.00000e+00  
105.9 4.3864e+01  14 1.00000e+00  
106.0 4.3955e+01  14 1.00000e+00  
106.1 4.4015e+01  14 1.00000e+00  
106.2 4.4046e+01  14 1.00000e+00  
106.3 4.4128e+01  14 1.00000e+00  
106.4 4.4192e+01  14 1.00000e+00  
106.5 4.4250e+01  14 1.00000e+00  
106.6 4.4306e+01  14 1.00000e+00  
106.7 4.4351e+01  14 1.00000e+00  
106.8 4.4422e+01  14 1.00000e+00  
106.9 4.4484e+01  14 1.00000e+00  
107.0 4.4540e+01  14 1.00000e+00  
107.1 4.4599e+01  14 1.00000e+00  
107.2 4.4630e+01  14 1.00000e+00  
107.3 4.4688e+01  14 1.00000e+00  
107.4 4.4732e+01  14 1.00000e+00  
107.5 4.4776e+01  14 1.00000e+00  
107.6 4.4820e+01  14 1.00000e+00  
107.7 4.4865e+01  14 1.00000e+00  
107.8 4.4909e+01  14 1.00000e+00  
107.9 4.4953e+01  14 1.00000e+00  
108.0 4.4998e+01  14 1.00000e+00  
108.1 4.5042e+01  14 1.00000e+00  
108.2 4.5086e+01  14 1.00000e+00  
108.3 4.5130e+01  14 1.00000e+00  
108.4 4.5175e+01  14 1.00000e+00  
108.5 4.5239e+01  14 1.00000e+00  
108.6 4.5283e+01  14 1.00000e+00  
108.7 4.5328e+01  14 1.00000e+00  
108.8 4.5373e+01  14 1.00000e+00  
108.9 4.5418e+01  14 1.00000e+00  
109.0 4.5462e+01  14 1.00000e+00  
109.1 4.5507e+01  14 1.00000e+00  
109.2 4.5551e+01  14 1.00000e+00  
109.3 4.5596e+01  14 1.00000e+00  
109.4 4.5640e+01  14 1.00000e+00  
109.5 4.5685e+01  14 1.00000e+00  
109.6 4.5729e+01  14 1.00000e+00  
109.7 4.5773e+01  14 1.00000e+00  
109.8 4.5819e+01  14 1.00000e+00  
109.9 4.5871e+01  14 1.00000e+00  
110.0 4.5919e+01  14 1.00000e+00  
110.1 4.5961e+01  14 1.00000e+00  
110.2 4.6008e+01  14 1.00000e+00  
110.3 4.6052e+01  14 1.00000e+00  
110.4 4.6095e+01  14 1.00000e+00  
110.5 4.6142e+01  14 1.00000e+00  
110.6 4.6185e+01  14 1.00000e+00  
110.7 4.6232e+01  14 1.00000e+00  
110.8 4.6275e+01  14 1.00000e+00  
110.9 4.6319e+01  14 1.00000e+00  
111.0 4.6365e+01  14 1.00000e+00  
111.1 4.6409e+01  14 1.00000e+00  
111.2 4.6453e+01  14 1.00000e+00  
111.3 4.6497e+01  14 1.00000e+00  
111.4 4.6543e+01  14 1.00000e+00  
111.5 4.6587e+01  14 1.00000e+00  
111.6 4.6631e+01  14 1.00000e+00  
111.7 4.6675e+01  14 1.00000e+00  
111.8 4.6722e+01  14 1.00000e+00  
111.9 4.6766e+01  14 1.00000e+00  
112.0 4.5760e+01  14 1.00000e+00  
112.1 4.5803e+01  14 1.00000e+00  
112.2 4.5854e+01  14 1.00000e+00  
112.3 4.5902e+01  14 1.00000e+00  
112.4 4.5944e+01  14 1.00000e+00  
112.5 4.5991e+01  14 1.00000e+00  
112.6 4.6033e+01  14 1.00000e+00  
112.7 4.5540e+01  14 1.00000e+00  
112.8 4.5583e+01  14 1.00000e+00  
112.9 4.5626e+01  14 1.00000e+00  
113.0 4.5669e+01  14 1.00000e+00  
113.1 4.5712e+01  14 1.00000e+00  
113.2 4.5755e+01  14 1.00000e+00  
113.3 4.5798e+01  14 1.00000e+00  
113.4 4.5848e+01  14 1.00000e+00  
113.5 4.5895e+01  14 1.00000e+00  
113.6 4.5941e+01  14 1.00000e+00  
113.7 4.5983e+01  14 1.00000e+00  
113.8 4.6024e+01  14 1.00000e+00  
113.9 4.5531e+01  14 1.00000e+00  
114.0 4.5574e+01  14 1.00000e+00  
114.1 4.5617e+01  14 1.00000e+00  
114.2 4.5660e+01  14 1.00000e+00  
114.3 4.5702e+01  14 1.00000e+00  
114.4 4.5745e+01  14 1.00000e+00  
114.5 4.5787e+01  14 1.00000e+00  
114.6 4.5834e+01  14 1.00000e+00  
114.7 4.5882e+01  14 1.00000e+00  
114.8 4.5928e+01  14 1.00000e+00  
114.9 4.5969e+01  14 1.00000e+00  
115.0 4.6014e+01  14 1.00000e+00  
115.1 4.6055e+01  14 1.00000e+00  
115.2 4.6097e+01  14 1.00000e+00  
115.3 4.6142e+01  14 1.00000e+00  
115.4 4.6183e+01  14 1.00000e+00  
115.5 4.6228e+01  14 1.00000e+00  
115.6 4.6270e+01  14 1.00000e+00  
115.7 4.6312e+01  14 1.00000e+00  
115.8 4.6356e+01  14 1.00000e+00  
115.9 4.6398e+01  14 1.00000e+00  
116.0 4.6440e+01  14 1.00000e+00  
116.1 4.6485e+01  14 1.00000e+00  
116.2 4.6527e+01  14 1.00000e+00  
116.3 4.6569e+01  14 1.00000e+00  
116.4 4.6614e+01  14 1.00000e+00  
116.5 4.6656e+01  14 1.00000e+00  
116.6 4.6698e+01  14 1.00000e+00  
116.7 4.6740e+01  14 1.00000e+00  
116.8 4.6351e+01  14 1.00000e+00  
116.9 4.6393e+01  14 1.00000e+00  
117.0 4.6435e+01  14 1.00000e+00  
117.1 4.6480e+01  14 1.00000e+00  
117.2 4.6522e+01  14 1.00000e+00  
117.3 4.6564e+01  14 1.00000e+00  
117.4 4.6609e+01  14 1.00000e+00  
117.5 4.6651e+01  14 1.00000e+00  
117.6 4.6693e+01  14 1.00000e+00  
117.7 4.6736e+01  14 1.00000e+00  
117.8 4.6781e+01  14 1.00000e+00  
117.9 4.6823e+01  14 1.00000e+00  
118.0 4.6866e+01  14 1.00000e+00  
118.1 5.1111e+01  14 1.00000e+00  
118.2 5.1193e+01  14 1.00000e+00  
118.3 5.1275e+01  14 1.00000e+00  
118.4 5.1357e+01  14 1.00000e+00  
118.5 5.1439e+01  14 1.00000e+00  
118.6 5.1520e+01  14 1.00000e+00  
118.7 5.1602e+01  14 1.00000e+00  
118.8 5.1684e+01  14 1.00000e+00  
118.9 5.1766e+01  14 1.00000e+00  
119.0 5.1847e+01  14 1.00000e+00  
119.1 5.1929e+01  14 1.00000e+00  
119.2 5.2011e+01  14 1.00000e+00  
119.3 5.2092e+01  14 1.00000e+00  
119.4 5.2174e+01  14 1.00000e+00  
119.5 5.2256e+01  14 1.00000e+00  
119.6 5.2337e+01  14 1.00000e+00  
119.7 5.2419e+01  14 1.00000e+00  
119.8 5.2500e+01  14 1.00000e+00  
119.9 5.2582e+01  14 1.00000e+00  
120.0 5.2659e+01  14 1.00000e+00  
120.1 5.2741e+01  14 1.00000e+00  
120.2 5.2822e+01  14 1.00000e+00  
120.3 5.2904e+01  14 1.00000e+00  
120.4 5.2985e+01  14 1.00000e+00  
120.5 5.3067e+01  14 1.00000e+00  
120.6 5.3148e+01  14 1.00000e+00  
120.7 5.3230e+01  14 1.00000e+00  
120.8 5.3311e+01  14 1.00000e+00  
120.9 5.3392e+01  14 1.00000e+00  
121.0 5.3474e+01  14 1.00000e+00  
121.1 5.3555e+01  14 1.00000e+00  
121.2 5.3637e+01  14 1.00000e+00  
121.3 5.3718e+01  14 1.00000e+00  
121.4 5.3799e+01  14 1.00000e+00  
121.5 5.3880e+01  14 1.00000e+00  
121.6 5.3962e+01  14 1.00000e+00  
121.7 5.4043e+01  14 1.00000e+00  
121.8 5.4124e+01  14 1.00000e+00  
121.9 5.4205e+01  14 1.00000e+00  
122.0 5.4286e+01  14 1.00000e+00  
122.1 5.4368e+01  14 1.00000e+00  
122.2 5.4449e+01  14 1.00000e+00  
122.3 5.4530e+01  14 1.00000e+00  
122.4 5.4611e+01  14 1.00000e+00  
122.5 5.4692e+01  14 1.00000e+00  
122.6 5.4773e+01  14 1.00000e+00  
122.7 5.4854e+01  14 1.00000e+00  
122.8 5.4935e+01  14 1.00000e+00  
122.9 5.5016e+01  14 1.00000e+00  
123.0 5.5097e+01  14 1.00000e+00  
123.1 5.5178e+01  14 1.00000e+00  
123.2 5.5259e+01  14 1.00000e+00  
123.3 5.5340e+01  14 1.00000e+00  
123.4 5.5421e+01  14 1.00000e+00  
123.5 5.5502e+01  14 1.00000e+00  
123.6 5.5583e+01  14 1.00000e+00  
123.7 5.5663e+01  14 1.00000e+00  
123.8 5.5744e+01  14 1.00000e+00  
123.9 5.5825e+01  14 1.00000e+00  
124.0 5.5906e+01  14 1.00000e+00  
124.1 5.5987e+01  14 1.00000e+00  
124.2 5.6067e+01  14 1.00000e+00  
124.3 5.6148e+01  14 1.00000e+00  
124.4 5.6229e+01  14 1.00000e+00  
124.5 5.6310e+01  14 1.00000e+00  
124.6 5.6390e+01  14 1.00000e+00  
124.7 5.6471e+01  14 1.00000e+00  
124.8 5.6552e+01  14 1.00000e+00  
124.9 5.6632e+01  14 1.00000e+00  
125.0 5.6713e+01  14 1.00000e+00  
125.1 5.6794e+01  14 1.00000e+00  
125.2 5.6874e+01  14 1.00000e+00  
125.3 5.6955e+01  14 1.00000e+00  
125.4 5.7035e+01  14 1.00000e+00  
125.5 5.7116e+01  14 1.00000e+00  
125.6 5.7196e+01  14 1.00000e+00  
125.7 5.7277e+01  14 1.00000e+00  
125.8 5.7357e+01  14 1.00000e+00  
125.9 5.7438e+01  14 1.00000e+00  
126.0 5.7518e+01  14 1.00000e+00  
126.1 5.7599e+01  14 1.00000e+00  
126.2 5.7679e+01  14 1.00000e+00  
126.3 5.7759e+01  14 1.00000e+00  
126.4 5.7840e+01  14 1.00000e+00  
126.5 5.7920e+01  14 1.00000e+00  
126.6 5.8000e+01  14 1.00000e+00  
126.7 5.8076e+01  14 1.00000e+00  
126.8 5.8157e+01  14 1.00000e+00  
126.9 5.8237e+01  14 1.00000e+00  
127.0 5.8317e+01  14 1.00000e+00  
127.1 5.8397e+01  14 1.00000e+00  
127.2 5.8478e+01  14 1.00000e+00  
127.3 5.8558e+01  14 1.00000e+00  
127.4 5.8638e+01  14 1.00000e+00  
127.5 5.8718e+01  14 1.00000e+00  
127.6 5.8798e+01  14 1.00000e+00  
127.7 5.8878e+01  14 1.00000e+00  
127.8 5.8958e+01  14 1.00000e+00  
127.9 5.9039e+01  14 1.00000e+00  
128.0 5.9119e+01  14 1.00000e+00  
128.1 5.8115e+01  14 1.00000e+00  
128.2 5.8195e+01  14 1.00000e+00  
128.3 5.7201e+01  14 1.00000e+00  
128.4 5.7280e+01  14 1.00000e+00  
128.5 5.7358e+01  14 1.00000e+00  
128.6 4.6829e+01  14 1.00000e+00  
128.7 4.6866e+01  14 1.00000e+00  
128.8 4.6902e+01  14 1.00000e+00  
128.9 4.6936e+01  14 1.00000e+00  
129.0 4.6973e+01  14 1.00000e+00  
129.1 4.7010e+01  14 1.00000e+00  
129.2 4.7051e+01  14 1.00000e+00  
129.3 4.7088e+01  14 1.00000e+00  
129.4 4.7126e+01  14 1.00000e+00  
129.5 4.7156e+01  14 1.00000e+00  
129.6 4.6791e+01  14 1.00000e+00  
129.7 4.6826e+01  14 1.00000e+00  
129.8 4.6850e+01  14 1.00000e+00  
129.9 4.6887e+01  14 1.00000e+00  
130.0 4.6916e+01  14 1.00000e+00  
130.1 4.6953e+01  14 1.00000e+00  
130.2 4.6993e+01  14 1.00000e+00  
130.3 4.7023e+01  14 1.00000e+00  
130.4 4.7062e+01  14 1.00000e+00  
130.5 4.7103e+01  14 1.00000e+00  
130.6 4.6610e+01  14 1.00000e+00  
130.7 4.6648e+01  14 1.00000e+00  
130.8 4.6686e+01  14 1.00000e+00  
130.9 4.6726e+01  14 1.00000e+00  
131.0 4.6662e+01  14 1.00000e+00  
131.1 4.6700e+01  14 1.00000e+00  
131.2 4.6734e+01  14 1.00000e+00  
131.3 4.6774e+01  14 1.00000e+00  
131.4 4.6311e+01  14 1.00000e+00  
131.5 4.6351e+01  14 1.00000e+00  
131.6 4.6387e+01  14 1.00000e+00  
131.7 4.6380e+01  14 1.00000e+00  
131.8 4.6419e+01  14 1.00000e+00  
131.9 4.6456e+01  14 1.00000e+00  
132.0 4.5973e+01  14 1.00000e+00  
132.1 4.6011e+01  14 1.00000e+00  
132.2 4.6047e+01  14 1.00000e+00  
132.3 4.6085e+01  14 1.00000e+00  
132.4 4.6112e+01  14 1.00000e+00  
132.5 4.6151e+01  14 1.00000e+00  
132.6 4.6187e+01  14 1.00000e+00  
132.7 4.5688e+01  14 1.00000e+00  
132.8 4.5724e+01  14 1.00000e+00  
132.9 4.5761e+01  14 1.00000e+00  
133.0 4.5796e+01  14 1.00000e+00  
133.1 4.5838e+01  14 1.00000e+00  
133.2 4.5879e+01  14 1.00000e+00  
133.3 4.5919e+01  14 1.00000e+00  
133.4 4.5954e+01  14 1.00000e+00  
133.5 4.5993e+01  14 1.00000e+00  
133.6 4.6028e+01  14 1.00000e+00  
133.7 4.6067e+01  14 1.00000e+00  
133.8 4.5564e+01  14 1.00000e+00  
133.9 4.5601e+01  14 1.00000e+00  
134.0 4.5637e+01  14 1.00000e+00  
134.1 4.5673e+01  14 1.00000e+00  
134.2 4.5710e+01  14 1.00000e+00  
134.3 4.5746e+01  14 1.00000e+00  
134.4 4.5782e+01  14 1.00000e+00  
134.5 4.5820e+01  14 1.00000e+00  
134.6 4.5862e+01  14 1.00000e+00  
134.7 4.5902e+01  14 1.00000e+00  
134.8 4.5941e+01  14 1.00000e+00  
134.9 4.5975e+01  14 1.00000e+00  
135.0 4.5475e+01  14 1.00000e+00  
135.1 4.5511e+01  14 1.00000e+00  
135.2 4.5547e+01  14 1.00000e+00  
135.3 4.5583e+01  14 1.00000e+00  
135.4 4.5619e+01  14 1.00000e+00  
135.5 4.5655e+01  14 1.00000e+00  
135.6 4.5691e+01  14 1.00000e+00  
135.7 4.5726e+01  14 1.00000e+00  
135.8 4.5762e+01  14 1.00000e+00  
135.9 4.5798e+01  14 1.00000e+00  
136.0 4.5839e+01  14 1.00000e+00  
136.1 4.5879e+01  14 1.00000e+00  
136.2 4.5918e+01  14 1.00000e+00  
136.3 4.5952e+01  14 1.00000e+00  
136.4 4.5990e+01  14 1.00000e+00  
136.5 4.6024e+01  14 1.00000e+00  
136.6 4.6062e+01  14 1.00000e+00  
136.7 4.6096e+01  14 1.00000e+00  
136.8 4.6135e+01  14 1.00000e+00  
136.9 4.6169e+01  14 1.00000e+00  
137.0 4.6207e+01  14 1.00000e+00  
137.1 4.6241e+01  14 1.00000e+00  
137.2 4.6279e+01  14 1.00000e+00  
137.3 4.6314e+01  14 1.00000e+00  
137.4 4.5863e+01  14 1.00000e+00  
137.5 4.5901e+01  14 1.00000e+00  
137.6 4.5938e+01  14 1.00000e+00  
137.7 4.5971e+01  14 1.00000e+00  
137.8 4.6007e+01  14 1.00000e+00  
137.9 4.6040e+01  14 1.00000e+00  
138.0 4.6077e+01  14 1.00000e+00  
138.1 4.6110e+01  14 1.00000e+00  
138.2 4.6147e+01  14 1.00000e+00  
138.3 4.6180e+01  14 1.00000e+00  
138.4 4.6217e+01  14 1.00000e+00  
138.5 4.6250e+01  14 1.00000e+00  
138.6 4.6286e+01  14 1.00000e+00  
138.7 4.6320e+01  14 1.00000e+00  
138.8 4.6351e+01  14 1.00000e+00  
138.9 4.6385e+01  14 1.00000e+00  
139.0 4.6416e+01  14 1.00000e+00  
139.1 4.6450e+01  14 1.00000e+00  
139.2 4.6481e+01  14 1.00000e+00  
139.3 4.6515e+01  14 1.00000e+00  
139.4 4.6549e+01  14 1.00000e+00  
139.5 4.6583e+01  14 1.00000e+00  
139.6 4.6618e+01  14 1.00000e+00  
139.7 4.6659e+01  14 1.00000e+00  
139.8 4.6694e+01  14 1.00000e+00  
139.9 4.6734e+01  14 1.00000e+00  
140.0 4.6769e+01  14 1.00000e+00  
140.1 6.0732e+01  14 1.00000e+00  
140.2 6.0806e+01  14 1.00000e+00  
140.3 6.0880e+01  14 1.00000e+00  
140.4 5.9900e+01  14 1.00000e+00  
140.5 5.9974e+01  14 1.00000e+00  
140.6 5.8958e+01  14 1.00000e+00  
140.7 5.9031e+01  14 1.00000e+00  
140.8 5.9104e+01  14 1.00000e+00  
140.9 5.8094e+01  14 1.00000e+00  
141.0 5.8166e+01  14 1.00000e+00  
141.1 5.8239e+01  14 1.00000e+00  
141.2 5.7237e+01  14 1.00000e+00  
141.3 5.7309e+01  14 1.00000e+00  
141.4 4.6805e+01  14 1.00000e+00  
141.5 4.6841e+01  14 1.00000e+00  
141.6 4.6876e+01  14 1.00000e+00  
141.7 4.6905e+01  14 1.00000e+00  
141.8 4.6941e+01  14 1.00000e+00  
141.9 4.6975e+01  14 1.00000e+00  
142.0 4.7012e+01  14 1.00000e+00  
142.1 4.7038e+01  14 1.00000e+00  
142.2 4.7072e+01  14 1.00000e+00  
142.3 4.7107e+01  14 1.00000e+00  
142.4 4.7137e+01  14 1.00000e+00  
142.5 4.7171e+01  14 1.00000e+00  
142.6 4.6802e+01  14 1.00000e+00  
142.7 4.6826e+01  14 1.00000e+00  
142.8 4.6859e+01  14 1.00000e+00  
142.9 4.6895e+01  14 1.00000e+00  
143.0 4.6917e+01  14 1.00000e+00  
143.1 4.6951e+01  14 1.00000e+00  
143.2 4.6987e+01  14 1.00000e+00  
143.3 4.7007e+01  14 1.00000e+00  
143.4 4.7045e+01  14 1.00000e+00  
143.5 4.7081e+01  14 1.00000e+00  
143.6 4.6586e+01  14 1.00000e+00  
143.7 4.6620e+01  14 1.00000e+00  
143.8 4.6657e+01  14 1.00000e+00  
143.9 4.6592e+01  14 1.00000e+00  
144.0 4.6626e+01  14 1.00000e+00  
144.1 4.6663e+01  14 1.00000e+00  
144.2 4.6201e+01  14 1.00000e+00  
144.3 4.6234e+01  14 1.00000e+00  
144.4 4.6271e+01  14 1.00000e+00  
144.5 4.6304e+01  14 1.00000e+00  
144.6 4.6285e+01  14 1.00000e+00  
144.7 4.6318e+01  14 1.00000e+00  
144.8 4.6353e+01  14 1.00000e+00  
144.9 4.5884e+01  14 1.00000e+00  
145.0 4.5920e+01  14 1.00000e+00  
145.1 4.5952e+01  14 1.00000e+00  
145.2 4.5958e+01  14 1.00000e+00  
145.3 4.5994e+01  14 1.00000e+00  
145.4 4.6026e+01  14 1.00000e+00  
145.5 4.6063e+01  14 1.00000e+00  
145.6 4.6095e+01  14 1.00000e+00  
145.7 4.6131e+01  14 1.00000e+00  
145.8 4.6163e+01  14 1.00000e+00  
145.9 4.5659e+01  14 1.00000e+00  
146.0 4.5693e+01  14 1.00000e+00  
146.1 4.5726e+01  14 1.00000e+00  
146.2 4.5760e+01  14 1.00000e+00  
146.3 4.5793e+01  14 1.00000e+00  
146.4 4.5830e+01  14 1.00000e+00  
146.5 4.5868e+01  14 1.00000e+00  
146.6 4.5904e+01  14 1.00000e+00  
146.7 4.5940e+01  14 1.00000e+00  
146.8 4.5971e+01  14 1.00000e+00  
146.9 4.5468e+01  14 1.00000e+00  
147.0 4.5502e+01  14 1.00000e+00  
147.1 4.5535e+01  14 1.00000e+00  
147.2 4.5568e+01  14 1.00000e+00  
147.3 4.5601e+01  14 1.00000e+00  
147.4 4.5634e+01  14 1.00000e+00  
147.5 4.5667e+01  14 1.00000e+00  
147.6 4.5700e+01  14 1.00000e+00  
147.7 4.5733e+01  14 1.00000e+00  
147.8 4.5766e+01  14 1.00000e+00  
147.9 4.5799e+01  14 1.00000e+00  
148.0 4.5837e+01  14 1.00000e+00  
148.1 4.5874e+01  14 1.00000e+00  
148.2 4.5910e+01  14 1.00000e+00  
148.3 4.5945e+01  14 1.00000e+00  
148.4 4.5976e+01  14 1.00000e+00  
148.5 4.6011e+01  14 1.00000e+00  
148.6 4.6042e+01  14 1.00000e+00  
148.7 4.6077e+01  14 1.00000e+00  
148.8 4.6108e+01  14 1.00000e+00  
148.9 4.6143e+01  14 1.00000e+00  
149.0 4.6175e+01  14 1.00000e+00  
149.1 4.5686e+01  14 1.00000e+00  
149.2 4.5719e+01  14 1.00000e+00  
149.3 4.5752e+01  14 1.00000e+00  
149.4 4.5785e+01  14 1.00000e+00  
149.5 4.5819e+01  14 1.00000e+00  
149.6 4.5858e+01  14 1.00000e+00  
149.7 4.5894e+01  14 1.00000e+00  
149.8 4.5929e+01  14 1.00000e+00  
149.9 4.5960e+01  14 1.00000e+00  
150.0 4.5995e+01  14 1.00000e+00  
