 15.1 1.4492e+00  13 4.39133e-02  
 15.2 1.4566e+00  13 4.42591e-02  
 15.3 1.4640e+00  13 4.46005e-02  
 15.4 1.4715e+00  13 4.49377e-02  
 15.5 1.4789e+00  13 4.52708e-02  
 15.6 1.4863e+00  13 4.55998e-02  
 15.7 1.4938e+00  13 4.59248e-02  
 15.8 1.5012e+00  13 4.62460e-02  
 15.9 1.5086e+00  13 4.65633e-02  
 16.0 1.5160e+00  13 4.68768e-02  
 16.1 1.5235e+00  13 4.71866e-02  
 16.2 1.5309e+00  13 4.74928e-02  
 16.3 1.5383e+00  13 4.77954e-02  
 16.4 1.5457e+00  13 4.80945e-02  
 16.5 1.5531e+00  13 4.83901e-02  
 16.6 1.5605e+00  13 4.86824e-02  
 16.7 1.5680e+00  13 4.89714e-02  
 16.8 1.5754e+00  13 4.92571e-02  
 16.9 1.5828e+00  13 4.95395e-02  
 17.0 1.5902e+00  13 4.98189e-02  
 17.1 1.5976e+00  13 5.00372e-02  
 17.2 1.6050e+00  13 5.03096e-02  
 17.3 1.6124e+00  13 5.05790e-02  
 17.4 1.6198e+00  13 5.08454e-02  
 17.5 1.6309e+00  13 5.13982e-02  
 17.6 1.6427e+00  13 5.20041e-02  
 17.7 1.6546e+00  13 5.26115e-02  
 17.8 1.6666e+00  13 5.32203e-02  
 17.9 1.6788e+00  13 5.38306e-02  
 18.0 1.6910e+00  13 5.44425e-02  
 18.1 1.7032e+00  13 5.50559e-02  
 18.2 1.7156e+00  13 5.56711e-02  
 18.3 1.7281e+00  13 5.62880e-02  
 18.4 1.7407e+00  13 5.69067e-02  
 18.5 1.7534e+00  13 5.75272e-02  
 18.6 1.7661e+00  13 5.81496e-02  
 18.7 1.7790e+00  13 5.87739e-02  
 18.8 1.7920e+00  13 5.94003e-02  
 18.9 1.8051e+00  13 6.00287e-02  
 19.0 1.8182e+00  13 6.06592e-02  
 19.1 1.8315e+00  13 6.12919e-02  
 19.2 1.8449e+00  13 6.19267e-02  
 19.3 1.8583e+00  13 6.25638e-02  
 19.4 1.8719e+00  13 6.32032e-02  
 19.5 1.8856e+00  13 6.38450e-02  
 19.6 1.8994e+00  13 6.44892e-02  
 19.7 1.9133e+00  13 6.51358e-02  
 19.8 1.7397e+01  14 1.00000e+00  
 19.9 1.7482e+01  14 1.00000e+00  
 20.0 1.7566e+01  14 1.00000e+00  
 20.1 1.7651e+01  14 1.00000e+00  
 20.2 1.7735e+01  14 1.00000e+00  
 20.3 1.7820e+01  14 1.00000e+00  
 20.4 1.7904e+01  14 1.00000e+00  
 20.5 1.7989e+01  14 1.00000e+00  
 20.6 1.8073e+01  14 1.00000e+00  
 20.7 1.8157e+01  14 1.00000e+00  
 20.8 1.8242e+01  14 1.00000e+00  
 20.9 1.8326e+01  14 1.00000e+00  
 21.0 1.8410e+01  14 1.00000e+00  
 21.1 1.8494e+01  14 1.00000e+00  
 21.2 1.8579e+01  14 1.00000e+00  
 21.3 1.8663e+01  14 1.00000e+00  
 21.4 1.8747e+01  14 1.00000e+00  
 21.5 1.8831e+01  14 1.00000e+00  
 21.6 1.8915e+01  14 1.00000e+00  
 21.7 1.8999e+01  14 1.00000e+00  
 21.8 1.9083e+01  14 1.00000e+00  
 21.9 1.9167e+01  14 1.00000e+00  
 22.0 1.9251e+01  14 1.00000e+00  
 22.1 1.9334e+01  14 1.00000e+00  
 22.2 1.9418e+01  14 1.00000e+00  
 22.3 1.9502e+01  14 1.00000e+00  
 22.4 1.9586e+01  14 1.00000e+00  
 22.5 1.9669e+01  14 1.00000e+00  
 22.6 5.4925e+00  14 2.43598e-01  
 22.7 5.6101e+00  14 2.48730e-01  
 22.8 5.7293e+00  14 2.53904e-01  
 22.9 5.8501e+00  14 2.59121e-01  
 23.0 5.9726e+00  14 2.64379e-01  
 23.1 6.0969e+00  14 2.69680e-01  
 23.2 6.2227e+00  14 2.75023e-01  
 23.3 6.3503e+00  14 2.80407e-01  
 23.4 6.4796e+00  14 2.85833e-01  
 23.5 6.6106e+00  14 2.91300e-01  
 23.6 6.7432e+00  14 2.96808e-01  
 23.7 6.8776e+00  14 3.02356e-01  
 23.8 7.0137e+00  14 3.07946e-01  
 23.9 7.1516e+00  14 3.13575e-01  
 24.0 7.2911e+00  14 3.19246e-01  
 24.1 7.4324e+00  14 3.24956e-01  
 24.2 7.5755e+00  14 3.30706e-01  
 24.3 7.7202e+00  14 3.36496e-01  
 24.4 7.8668e+00  14 3.42326e-01  
 24.5 8.0151e+00  14 3.48195e-01  
 24.6 8.1651e+00  14 3.54103e-01  
 24.7 8.3170e+00  14 3.60051e-01  
 24.8 8.4706e+00  14 3.66038e-01  
 24.9 8.6260e+00  14 3.72064e-01  
 25.0 8.7832e+00  14 3.78128e-01  
 25.1 8.9421e+00  14 3.84232e-01  
 25.2 9.1029e+00  14 3.90374e-01  
 25.3 9.2655e+00  14 3.96554e-01  
 25.4 9.4299e+00  14 4.02773e-01  
 25.5 9.5962e+00  14 4.09030e-01  
 25.6 9.7642e+00  14 4.15325e-01  
 25.7 9.9341e+00  14 4.21658e-01  
 25.8 1.0106e+01  14 4.28029e-01  
 25.9 1.0279e+01  14 4.34438e-01  
 26.0 1.0455e+01  14 4.40885e-01  
 26.1 1.0632e+01  14 4.47369e-01  
 26.2 1.0811e+01  14 4.53891e-01  
 26.3 1.0992e+01  14 4.60450e-01  
 26.4 1.1175e+01  14 4.67047e-01  
 26.5 1.1360e+01  14 4.73681e-01  
 26.6 1.1547e+01  14 4.80352e-01  
 26.7 1.1735e+01  14 4.87061e-01  
 26.8 1.1926e+01  14 4.93806e-01  
 26.9 1.2118e+01  14 5.00589e-01  
 27.0 1.2313e+01  14 5.07409e-01  
 27.1 1.2509e+01  14 5.14265e-01  
 27.2 1.2707e+01  14 5.21158e-01  
 27.3 1.2907e+01  14 5.28088e-01  
 27.4 1.3109e+01  14 5.35055e-01  
 27.5 1.3313e+01  14 5.42059e-01  
 27.6 1.3519e+01  14 5.49096e-01  
 27.7 1.3727e+01  14 5.56173e-01  
 27.8 1.3937e+01  14 5.63286e-01  
 27.9 1.4149e+01  14 5.70436e-01  
 28.0 1.4363e+01  14 5.77622e-01  
 28.1 1.4579e+01  14 5.84845e-01  
 28.2 1.4797e+01  14 5.92104e-01  
 28.3 1.5017e+01  14 5.99399e-01  
 28.4 1.5239e+01  14 6.06731e-01  
 28.5 1.5463e+01  14 6.14099e-01  
 28.6 1.5689e+01  14 6.21503e-01  
 28.7 1.5917e+01  14 6.28943e-01  
 28.8 1.6147e+01  14 6.36420e-01  
 28.9 1.6379e+01  14 6.43932e-01  
 29.0 1.6613e+01  14 6.51481e-01  
 29.1 1.6849e+01  14 6.59066e-01  
 29.2 1.7087e+01  14 6.66687e-01  
 29.3 1.7328e+01  14 6.74344e-01  
 29.4 1.7570e+01  14 6.82037e-01  
 29.5 1.7815e+01  14 6.89767e-01  
 29.6 1.8061e+01  14 6.97532e-01  
 29.7 1.8310e+01  14 7.05333e-01  
 29.8 1.8561e+01  14 7.13171e-01  
 29.9 1.8814e+01  14 7.21044e-01  
 30.0 1.9069e+01  14 7.28953e-01  
 30.1 1.9327e+01  14 7.36899e-01  
 30.2 1.9586e+01  14 7.44880e-01  
 30.3 1.9847e+01  14 7.52898e-01  
 30.4 2.0111e+01  14 7.60951e-01  
 30.5 2.0377e+01  14 7.69041e-01  
 30.6 2.0645e+01  14 7.77166e-01  
 30.7 2.0915e+01  14 7.85328e-01  
 30.8 2.1134e+01  14 7.93654e-01  
 30.9 2.1407e+01  14 8.01883e-01  
 31.0 2.1683e+01  14 8.10148e-01  
 31.1 2.1960e+01  14 8.18448e-01  
 31.2 2.2240e+01  14 8.26785e-01  
 31.3 2.2523e+01  14 8.35158e-01  
 31.4 2.2807e+01  14 8.43567e-01  
 31.5 2.3094e+01  14 8.52012e-01  
 31.6 2.3382e+01  14 8.60493e-01  
 31.7 2.3674e+01  14 8.69011e-01  
 31.8 2.3967e+01  14 8.77564e-01  
 31.9 2.4263e+01  14 8.86154e-01  
 32.0 2.4560e+01  14 8.94780e-01  
 32.1 2.4861e+01  14 9.03442e-01  
 32.2 2.5163e+01  14 9.12140e-01  
 32.3 2.5468e+01  14 9.20875e-01  
 32.4 2.5775e+01  14 9.29645e-01  
 32.5 2.6084e+01  14 9.38453e-01  
 32.6 2.6396e+01  14 9.47296e-01  
 32.7 2.6710e+01  14 9.56176e-01  
 32.8 2.7026e+01  14 9.65092e-01  
 32.9 2.7345e+01  14 9.74045e-01  
 33.0 2.7666e+01  14 9.83034e-01  
 33.1 2.7989e+01  14 9.92060e-01  
 33.2 2.8284e+01  14 1.00000e+00  
 33.3 2.8362e+01  14 1.00000e+00  
 33.4 2.8440e+01  14 1.00000e+00  
 33.5 2.8518e+01  14 1.00000e+00  
 33.6 2.8596e+01  14 1.00000e+00  
 33.7 2.8673e+01  14 1.00000e+00  
 33.8 2.8751e+01  14 1.00000e+00  
 33.9 2.8829e+01  14 1.00000e+00  
 34.0 2.8907e+01  14 1.00000e+00  
 34.1 2.8984e+01  14 1.00000e+00  
 34.2 2.9062e+01  14 1.00000e+00  
 34.3 2.9139e+01  14 1.00000e+00  
 34.4 2.9216e+01  14 1.00000e+00  
 34.5 2.9159e+01  14 1.00000e+00  
 34.6 2.9236e+01  14 1.00000e+00  
 34.7 2.9313e+01  14 1.00000e+00  
 34.8 2.9390e+01  14 1.00000e+00  
 34.9 2.9216e+01  14 1.00000e+00  
 35.0 2.9292e+01  14 1.00000e+00  
 35.1 2.9368e+01  14 1.00000e+00  
 35.2 2.9444e+01  14 1.00000e+00  
 35.3 2.9372e+01  14 1.00000e+00  
 35.4 2.9448e+01  14 1.00000e+00  
 35.5 2.9525e+01  14 1.00000e+00  
 35.6 2.9601e+01  14 1.00000e+00  
 35.7 2.9678e+01  14 1.00000e+00  
 35.8 2.8910e+01  14 1.00000e+00  
 35.9 2.6385e+01  14 1.00000e+00  
 36.0 2.4436e+01  14 1.00000e+00  
 36.1 2.2362e+01  14 1.00000e+00  
 36.2 2.0798e+01  14 1.00000e+00  
 36.3 1.8455e+01  14 1.00000e+00  
 36.4 1.6803e+01  14 1.00000e+00  
 36.5 1.5033e+01  14 1.00000e+00  
 36.6 1.3373e+01  14 1.00000e+00  
 36.7 1.3402e+01  14 1.00000e+00  
 36.8 1.3364e+01  14 1.00000e+00  
 36.9 1.3376e+01  14 1.00000e+00  
 37.0 1.3409e+01  14 1.00000e+00  
 37.1 1.3446e+01  14 1.00000e+00  
 37.2 1.3482e+01  14 1.00000e+00  
 37.3 1.3518e+01  14 1.00000e+00  
 37.4 1.3551e+01  14 1.00000e+00  
 37.5 1.3588e+01  14 1.00000e+00  
 37.6 1.3625e+01  14 1.00000e+00  
 37.7 1.3661e+01  14 1.00000e+00  
 37.8 1.3697e+01  14 1.00000e+00  
 37.9 1.3733e+01  14 1.00000e+00  
 38.0 1.3769e+01  14 1.00000e+00  
 38.1 1.3804e+01  14 1.00000e+00  
 38.2 1.3840e+01  14 1.00000e+00  
 38.3 1.3876e+01  14 1.00000e+00  
 38.4 1.3912e+01  14 1.00000e+00  
 38.5 1.3948e+01  14 1.00000e+00  
 38.6 1.3984e+01  14 1.00000e+00  
 38.7 1.4020e+01  14 1.00000e+00  
 38.8 1.4056e+01  14 1.00000e+00  
 38.9 1.4091e+01  14 1.00000e+00  
 39.0 1.4127e+01  14 1.00000e+00  
 39.1 1.4163e+01  14 1.00000e+00  
 39.2 1.4199e+01  14 1.00000e+00  
 39.3 1.4235e+01  14 1.00000e+00  
 39.4 1.4271e+01  14 1.00000e+00  
 39.5 1.4307e+01  14 1.00000e+00  
 39.6 1.4341e+01  14 1.00000e+00  
 39.7 1.4377e+01  14 1.00000e+00  
 39.8 1.4413e+01  14 1.00000e+00  
 39.9 1.4449e+01  14 1.00000e+00  
 40.0 1.4485e+01  14 1.00000e+00  
 40.1 1.4521e+01  14 1.00000e+00  
 40.2 1.4562e+01  14 1.00000e+00  
 40.3 1.4592e+01  14 1.00000e+00  
 40.4 1.4628e+01  14 1.00000e+00  
 40.5 1.4663e+01  14 1.00000e+00  
 40.6 1.4699e+01  14 1.00000e+00  
 40.7 1.4741e+01  14 1.00000e+00  
 40.8 1.4786e+01  14 1.00000e+00  
 40.9 1.4830e+01  14 1.00000e+00  
 41.0 1.4842e+01  14 1.00000e+00  
 41.1 1.4878e+01  14 1.00000e+00  
 41.2 1.4921e+01  14 1.00000e+00  
 41.3 1.4966e+01  14 1.00000e+00  
 41.4 1.5010e+01  14 1.00000e+00  
 41.5 1.5055e+01  14 1.00000e+00  
 41.6 1.5105e+01  14 1.00000e+00  
 41.7 1.5102e+01  14 1.00000e+00  
 41.8 1.5146e+01  14 1.00000e+00  
 41.9 1.5191e+01  14 1.00000e+00  
 42.0 1.5236e+01  14 1.00000e+00  
 42.1 1.5288e+01  14 1.00000e+00  
 42.2 1.5344e+01  14 1.00000e+00  
 42.3 1.5465e+01  14 1.00000e+00  
 42.4 1.5372e+01  14 1.00000e+00  
 42.5 1.5417e+01  14 1.00000e+00  
 42.6 1.5473e+01  14 1.00000e+00  
 42.7 1.5608e+01  14 1.00000e+00  
 42.8 1.5645e+01  14 1.00000e+00  
 42.9 1.5684e+01  14 1.00000e+00  
 43.0 1.5720e+01  14 1.00000e+00  
 43.1 1.5659e+01  14 1.00000e+00  
 43.2 1.5788e+01  14 1.00000e+00  
 43.3 1.5826e+01  14 1.00000e+00  
 43.4 1.5863e+01  14 1.00000e+00  
 43.5 1.5899e+01  14 1.00000e+00  
 43.6 1.5936e+01  14 1.00000e+00  
 43.7 1.5969e+01  14 1.00000e+00  
 43.8 1.6007e+01  14 1.00000e+00  
 43.9 1.6042e+01  14 1.00000e+00  
 44.0 1.6079e+01  14 1.00000e+00  
 44.1 1.6115e+01  14 1.00000e+00  
 44.2 1.6152e+01  14 1.00000e+00  
 44.3 1.6186e+01  14 1.00000e+00  
 44.4 1.6222e+01  14 1.00000e+00  
 44.5 1.6258e+01  14 1.00000e+00  
 44.6 1.6295e+01  14 1.00000e+00  
 44.7 1.6331e+01  14 1.00000e+00  
 44.8 1.6368e+01  14 1.00000e+00  
 44.9 1.6401e+01  14 1.00000e+00  
 45.0 1.6438e+01  14 1.00000e+00  
 45.1 1.6474e+01  14 1.00000e+00  
 45.2 1.6511e+01  14 1.00000e+00  
 45.3 1.6547e+01  14 1.00000e+00  
 45.4 1.6583e+01  14 1.00000e+00  
 45.5 1.6617e+01  14 1.00000e+00  
 45.6 1.6654e+01  14 1.00000e+00  
 45.7 1.6690e+01  14 1.00000e+00  
 45.8 1.6726e+01  14 1.00000e+00  
 45.9 1.6762e+01  14 1.00000e+00  
 46.0 1.6798e+01  14 1.00000e+00  
 46.1 1.6833e+01  14 1.00000e+00  
 46.2 1.6869e+01  14 1.00000e+00  
 46.3 1.6905e+01  14 1.00000e+00  
 46.4 1.6941e+01  14 1.00000e+00  
 46.5 1.6977e+01  14 1.00000e+00  
 46.6 1.7011e+01  14 1.00000e+00  
 46.7 1.7047e+01  14 1.00000e+00  
 46.8 1.7083e+01  14 1.00000e+00  
 46.9 1.7119e+01  14 1.00000e+00  
 47.0 1.7154e+01  14 1.00000e+00  
 47.1 1.7190e+01  14 1.00000e+00  
 47.2 1.7226e+01  14 1.00000e+00  
 47.3 1.7262e+01  14 1.00000e+00  
 47.4 1.7298e+01  14 1.00000e+00  
 47.5 1.7332e+01  14 1.00000e+00  
 47.6 1.7368e+01  14 1.00000e+00  
 47.7 1.7404e+01  14 1.00000e+00  
 47.8 1.7440e+01  14 1.00000e+00  
 47.9 1.7475e+01  14 1.00000e+00  
 48.0 1.7510e+01  14 1.00000e+00  
 48.1 1.7546e+01  14 1.00000e+00  
 48.2 1.7581e+01  14 1.00000e+00  
 48.3 1.7617e+01  14 1.00000e+00  
 48.4 1.7653e+01  14 1.00000e+00  
 48.5 1.7688e+01  14 1.00000e+00  
 48.6 1.7723e+01  14 1.00000e+00  
 48.7 1.7759e+01  14 1.00000e+00  
 48.8 1.7793e+01  14 1.00000e+00  
 48.9 1.7829e+01  14 1.00000e+00  
 49.0 1.7865e+01  14 1.00000e+00  
 49.1 1.7899e+01  14 1.00000e+00  
 49.2 1.7935e+01  14 1.00000e+00  
 49.3 1.7969e+01  14 1.00000e+00  
 49.4 1.8002e+01  14 1.00000e+00  
 49.5 1.8038e+01  14 1.00000e+00  
 49.6 1.8072e+01  14 1.00000e+00  
 49.7 1.7934e+01  14 1.00000e+00  
 49.8 1.7949e+01  14 1.00000e+00  
 49.9 1.7979e+01  14 1.00000e+00  
 50.0 1.8015e+01  14 1.00000e+00  
 50.1 1.8051e+01  14 1.00000e+00  
 50.2 1.8087e+01  14 1.00000e+00  
 50.3 1.8122e+01  14 1.00000e+00  
 50.4 1.8158e+01  14 1.00000e+00  
 50.5 1.8193e+01  14 1.00000e+00  
 50.6 1.8228e+01  14 1.00000e+00  
 50.7 1.8263e+01  14 1.00000e+00  
 50.8 1.8299e+01  14 1.00000e+00  
 50.9 1.8515e+01  14 1.00000e+00  
 51.0 1.8554e+01  14 1.00000e+00  
 51.1 1.8593e+01  14 1.00000e+00  
 51.2 1.8632e+01  14 1.00000e+00  
 51.3 1.8670e+01  14 1.00000e+00  
 51.4 1.8705e+01  14 1.00000e+00  
 51.5 1.8730e+01  14 1.00000e+00  
 51.6 1.8766e+01  14 1.00000e+00  
 51.7 1.8802e+01  14 1.00000e+00  
 51.8 1.8838e+01  14 1.00000e+00  
 51.9 1.8874e+01  14 1.00000e+00  
 52.0 1.8911e+01  14 1.00000e+00  
 52.1 1.8946e+01  14 1.00000e+00  
 52.2 1.8982e+01  14 1.00000e+00  
 52.3 1.9018e+01  14 1.00000e+00  
 52.4 1.9053e+01  14 1.00000e+00  
 52.5 1.9088e+01  14 1.00000e+00  
 52.6 1.9132e+01  14 1.00000e+00  
 52.7 1.9179e+01  14 1.00000e+00  
 52.8 1.9226e+01  14 1.00000e+00  
 52.9 1.9428e+01  14 1.00000e+00  
 53.0 1.9466e+01  14 1.00000e+00  
 53.1 1.9496e+01  14 1.00000e+00  
 53.2 1.9532e+01  14 1.00000e+00  
 53.3 1.9568e+01  14 1.00000e+00  
 53.4 1.9605e+01  14 1.00000e+00  
 53.5 1.9642e+01  14 1.00000e+00  
 53.6 1.9676e+01  14 1.00000e+00  
 53.7 1.9713e+01  14 1.00000e+00  
 53.8 1.9749e+01  14 1.00000e+00  
 53.9 1.9784e+01  14 1.00000e+00  
 54.0 1.9820e+01  14 1.00000e+00  
 54.1 1.9856e+01  14 1.00000e+00  
 54.2 1.9891e+01  14 1.00000e+00  
 54.3 1.9926e+01  14 1.00000e+00  
 54.4 1.9969e+01  14 1.00000e+00  
 54.5 2.0016e+01  14 1.00000e+00  
 54.6 2.0063e+01  14 1.00000e+00  
 54.7 2.0110e+01  14 1.00000e+00  
 54.8 2.0157e+01  14 1.00000e+00  
 54.9 2.0352e+01  14 1.00000e+00  
 55.0 2.0391e+01  14 1.00000e+00  
 55.1 2.0429e+01  14 1.00000e+00  
 55.2 2.0465e+01  14 1.00000e+00  
 55.3 2.0502e+01  14 1.00000e+00  
 55.4 2.0538e+01  14 1.00000e+00  
 55.5 2.0575e+01  14 1.00000e+00  
 55.6 2.0612e+01  14 1.00000e+00  
 55.7 2.0648e+01  14 1.00000e+00  
 55.8 2.0685e+01  14 1.00000e+00  
 55.9 2.0721e+01  14 1.00000e+00  
 56.0 2.0757e+01  14 1.00000e+00  
 56.1 2.0793e+01  14 1.00000e+00  
 56.2 2.0829e+01  14 1.00000e+00  
 56.3 2.0864e+01  14 1.00000e+00  
 56.4 2.0903e+01  14 1.00000e+00  
 56.5 2.0950e+01  14 1.00000e+00  
 56.6 2.0997e+01  14 1.00000e+00  
 56.7 2.1044e+01  14 1.00000e+00  
 56.8 2.1091e+01  14 1.00000e+00  
 56.9 2.1138e+01  14 1.00000e+00  
 57.0 2.1185e+01  14 1.00000e+00  
 57.1 2.1371e+01  14 1.00000e+00  
 57.2 2.1410e+01  14 1.00000e+00  
 57.3 2.1446e+01  14 1.00000e+00  
 57.4 2.1483e+01  14 1.00000e+00  
 57.5 2.1520e+01  14 1.00000e+00  
 57.6 2.1557e+01  14 1.00000e+00  
 57.7 2.1594e+01  14 1.00000e+00  
 57.8 2.1631e+01  14 1.00000e+00  
 57.9 2.1668e+01  14 1.00000e+00  
 58.0 2.1705e+01  14 1.00000e+00  
 58.1 2.1741e+01  14 1.00000e+00  
 58.2 2.1777e+01  14 1.00000e+00  
 58.3 2.1813e+01  14 1.00000e+00  
 58.4 2.1849e+01  14 1.00000e+00  
 58.5 2.1885e+01  14 1.00000e+00  
 58.6 2.1932e+01  14 1.00000e+00  
 58.7 2.1979e+01  14 1.00000e+00  
 58.8 2.2027e+01  14 1.00000e+00  
 58.9 2.2074e+01  14 1.00000e+00  
 59.0 2.2121e+01  14 1.00000e+00  
 59.1 2.2168e+01  14 1.00000e+00  
 59.2 2.2215e+01  14 1.00000e+00  
 59.3 2.2262e+01  14 1.00000e+00  
 59.4 2.2309e+01  14 1.00000e+00  
 59.5 2.2494e+01  14 1.00000e+00  
 59.6 2.2533e+01  14 1.00000e+00  
 59.7 2.2569e+01  14 1.00000e+00  
 59.8 2.2607e+01  14 1.00000e+00  
 59.9 2.2645e+01  14 1.00000e+00  
 60.0 2.2682e+01  14 1.00000e+00  
 60.1 2.2719e+01  14 1.00000e+00  
 60.2 2.2757e+01  14 1.00000e+00  
 60.3 2.2795e+01  14 1.00000e+00  
 60.4 2.2832e+01  14 1.00000e+00  
 60.5 2.2861e+01  14 1.00000e+00  
 60.6 2.2898e+01  14 1.00000e+00  
 60.7 2.2936e+01  14 1.00000e+00  
 60.8 2.2973e+01  14 1.00000e+00  
 60.9 2.3010e+01  14 1.00000e+00  
 61.0 2.3047e+01  14 1.00000e+00  
 61.1 2.3084e+01  14 1.00000e+00  
 61.2 2.3121e+01  14 1.00000e+00  
 61.3 2.3158e+01  14 1.00000e+00  
 61.4 2.3194e+01  14 1.00000e+00  
 61.5 2.3231e+01  14 1.00000e+00  
 61.6 2.3273e+01  14 1.00000e+00  
 61.7 2.3317e+01  14 1.00000e+00  
 61.8 2.3361e+01  14 1.00000e+00  
 61.9 2.3405e+01  14 1.00000e+00  
 62.0 2.3449e+01  14 1.00000e+00  
 62.1 2.3493e+01  14 1.00000e+00  
 62.2 2.3537e+01  14 1.00000e+00  
 62.3 2.3582e+01  14 1.00000e+00  
 62.4 2.3626e+01  14 1.00000e+00  
 62.5 2.3670e+01  14 1.00000e+00  
 62.6 2.3718e+01  14 1.00000e+00  
 62.7 2.3772e+01  14 1.00000e+00  
 62.8 2.3824e+01  14 1.00000e+00  
 62.9 2.3874e+01  14 1.00000e+00  
 63.0 2.3923e+01  14 1.00000e+00  
 63.1 2.3970e+01  14 1.00000e+00  
 63.2 2.4016e+01  14 1.00000e+00  
 63.3 2.4061e+01  14 1.00000e+00  
 63.4 2.4207e+01  14 1.00000e+00  
 63.5 2.4243e+01  14 1.00000e+00  
 63.6 2.4281e+01  14 1.00000e+00  
 63.7 2.4318e+01  14 1.00000e+00  
 63.8 2.4357e+01  14 1.00000e+00  
 63.9 2.4396e+01  14 1.00000e+00  
 64.0 2.4433e+01  14 1.00000e+00  
 64.1 2.4471e+01  14 1.00000e+00  
 64.2 2.4510e+01  14 1.00000e+00  
 64.3 2.4548e+01  14 1.00000e+00  
 64.4 2.4577e+01  14 1.00000e+00  
 64.5 2.4616e+01  14 1.00000e+00  
 64.6 2.4653e+01  14 1.00000e+00  
 64.7 2.4690e+01  14 1.00000e+00  
 64.8 2.4727e+01  14 1.00000e+00  
 64.9 2.4765e+01  14 1.00000e+00  
 65.0 2.4803e+01  14 1.00000e+00  
 65.1 2.4840e+01  14 1.00000e+00  
 65.2 2.4876e+01  14 1.00000e+00  
 65.3 2.4913e+01  14 1.00000e+00  
 65.4 2.4953e+01  14 1.00000e+00  
 65.5 2.4997e+01  14 1.00000e+00  
 65.6 2.5042e+01  14 1.00000e+00  
 65.7 2.5087e+01  14 1.00000e+00  
 65.8 2.5131e+01  14 1.00000e+00  
 65.9 2.5176e+01  14 1.00000e+00  
 66.0 2.5221e+01  14 1.00000e+00  
 66.1 2.5266e+01  14 1.00000e+00  
 66.2 2.5311e+01  14 1.00000e+00  
 66.3 2.5355e+01  14 1.00000e+00  
 66.4 2.5400e+01  14 1.00000e+00  
 66.5 2.5469e+01  14 1.00000e+00  
 66.6 2.5522e+01  14 1.00000e+00  
 66.7 2.5573e+01  14 1.00000e+00  
 66.8 2.5623e+01  14 1.00000e+00  
 66.9 2.5672e+01  14 1.00000e+00  
 67.0 2.5719e+01  14 1.00000e+00  
 67.1 2.5765e+01  14 1.00000e+00  
 67.2 2.5810e+01  14 1.00000e+00  
 67.3 2.5957e+01  14 1.00000e+00  
 67.4 2.5994e+01  14 1.00000e+00  
 67.5 2.6033e+01  14 1.00000e+00  
 67.6 2.6071e+01  14 1.00000e+00  
 67.7 2.6108e+01  14 1.00000e+00  
 67.8 2.6147e+01  14 1.00000e+00  
 67.9 2.6190e+01  14 1.00000e+00  
 68.0 2.6232e+01  14 1.00000e+00  
 68.1 2.6267e+01  14 1.00000e+00  
 68.2 2.6308e+01  14 1.00000e+00  
 68.3 2.6352e+01  14 1.00000e+00  
 68.4 2.6389e+01  14 1.00000e+00  
 68.5 2.6434e+01  14 1.00000e+00  
 68.6 2.6480e+01  14 1.00000e+00  
 68.7 2.6529e+01  14 1.00000e+00  
 68.8 2.6559e+01  14 1.00000e+00  
 68.9 2.6608e+01  14 1.00000e+00  
 69.0 2.6657e+01  14 1.00000e+00  
 69.1 2.6710e+01  14 1.00000e+00  
 69.2 2.6736e+01  14 1.00000e+00  
 69.3 2.6786e+01  14 1.00000e+00  
 69.4 2.6831e+01  14 1.00000e+00  
 69.5 2.6885e+01  14 1.00000e+00  
 69.6 2.6910e+01  14 1.00000e+00  
 69.7 2.6962e+01  14 1.00000e+00  
 69.8 2.7016e+01  14 1.00000e+00  
 69.9 2.7072e+01  14 1.00000e+00  
 70.0 2.7107e+01  14 1.00000e+00  
 70.1 2.7148e+01  14 1.00000e+00  
 70.2 2.7201e+01  14 1.00000e+00  
 70.3 2.7258e+01  14 1.00000e+00  
 70.4 2.7317e+01  14 1.00000e+00  
 70.5 2.7333e+01  14 1.00000e+00  
 70.6 2.7390e+01  14 1.00000e+00  
 70.7 2.7447e+01  14 1.00000e+00  
 70.8 2.7505e+01  14 1.00000e+00  
 70.9 2.7566e+01  14 1.00000e+00  
 71.0 2.7576e+01  14 1.00000e+00  
 71.1 2.7634e+01  14 1.00000e+00  
 71.2 2.7693e+01  14 1.00000e+00  
 71.3 2.7755e+01  14 1.00000e+00  
 71.4 2.7719e+01  14 1.00000e+00  
 71.5 2.7821e+01  14 1.00000e+00  
 71.6 2.7880e+01  14 1.00000e+00  
 71.7 2.7942e+01  14 1.00000e+00  
 71.8 2.7904e+01  14 1.00000e+00  
 71.9 2.7952e+01  14 1.00000e+00  
 72.0 2.8066e+01  14 1.00000e+00  
 72.1 2.8126e+01  14 1.00000e+00  
 72.2 2.8088e+01  14 1.00000e+00  
 72.3 2.8136e+01  14 1.00000e+00  
 72.4 2.8176e+01  14 1.00000e+00  
 72.5 2.8228e+01  14 1.00000e+00  
 72.6 2.8273e+01  14 1.00000e+00  
 72.7 2.8319e+01  14 1.00000e+00  
 72.8 2.8362e+01  14 1.00000e+00  
 72.9 2.8399e+01  14 1.00000e+00  
 73.0 2.8404e+01  14 1.00000e+00  
 73.1 2.8504e+01  14 1.00000e+00  
 73.2 2.8548e+01  14 1.00000e+00  
 73.3 2.8585e+01  14 1.00000e+00  
 73.4 2.8594e+01  14 1.00000e+00  
 73.5 2.8622e+01  14 1.00000e+00  
 73.6 2.8656e+01  14 1.00000e+00  
 73.7 2.8774e+01  14 1.00000e+00  
 73.8 2.8785e+01  14 1.00000e+00  
 73.9 2.8816e+01  14 1.00000e+00  
 74.0 2.8841e+01  14 1.00000e+00  
 74.1 2.8885e+01  14 1.00000e+00  
 74.2 2.8930e+01  14 1.00000e+00  
 74.3 2.8986e+01  14 1.00000e+00  
 74.4 2.9048e+01  14 1.00000e+00  
 74.5 2.9070e+01  14 1.00000e+00  
 74.6 2.9114e+01  14 1.00000e+00  
 74.7 2.9160e+01  14 1.00000e+00  
 74.8 2.9221e+01  14 1.00000e+00  
 74.9 2.9290e+01  14 1.00000e+00  
 75.0 2.9360e+01  14 1.00000e+00  
 75.1 2.9344e+01  14 1.00000e+00  
 75.2 2.9390e+01  14 1.00000e+00  
 75.3 2.9450e+01  14 1.00000e+00  
 75.4 2.9520e+01  14 1.00000e+00  
 75.5 2.9590e+01  14 1.00000e+00  
 75.6 2.9660e+01  14 1.00000e+00  
 75.7 2.9726e+01  14 1.00000e+00  
 75.8 2.9676e+01  14 1.00000e+00  
 75.9 2.9746e+01  14 1.00000e+00  
 76.0 2.9814e+01  14 1.00000e+00  
 76.1 2.9883e+01  14 1.00000e+00  
 76.2 2.9949e+01  14 1.00000e+00  
 76.3 3.0018e+01  14 1.00000e+00  
 76.4 3.0084e+01  14 1.00000e+00  
 76.5 3.0042e+01  14 1.00000e+00  
 76.6 3.0101e+01  14 1.00000e+00  
 76.7 3.0170e+01  14 1.00000e+00  
 76.8 3.0236e+01  14 1.00000e+00  
 76.9 3.0303e+01  14 1.00000e+00  
 77.0 3.0370e+01  14 1.00000e+00  
 77.1 3.0438e+01  14 1.00000e+00  
 77.2 3.0406e+01  14 1.00000e+00  
 77.3 3.0473e+01  14 1.00000e+00  
 77.4 3.0515e+01  14 1.00000e+00  
 77.5 3.0582e+01  14 1.00000e+00  
 77.6 3.0647e+01  14 1.00000e+00  
 77.7 3.0715e+01  14 1.00000e+00  
 77.8 3.0686e+01  14 1.00000e+00  
 77.9 3.0734e+01  14 1.00000e+00  
 78.0 3.0777e+01  14 1.00000e+00  
 78.1 3.0792e+01  14 1.00000e+00  
 78.2 3.0920e+01  14 1.00000e+00  
 78.3 3.0986e+01  14 1.00000e+00  
 78.4 3.0962e+01  14 1.00000e+00  
 78.5 3.1016e+01  14 1.00000e+00  
 78.6 3.1062e+01  14 1.00000e+00  
 78.7 3.1102e+01  14 1.00000e+00  
 78.8 3.1117e+01  14 1.00000e+00  
 78.9 3.1144e+01  14 1.00000e+00  
 79.0 3.1157e+01  14 1.00000e+00  
 79.1 3.1294e+01  14 1.00000e+00  
 79.2 3.1346e+01  14 1.00000e+00  
 79.3 3.1393e+01  14 1.00000e+00  
 79.4 3.1435e+01  14 1.00000e+00  
 79.5 3.1450e+01  14 1.00000e+00  
 79.6 3.1481e+01  14 1.00000e+00  
 79.7 3.1499e+01  14 1.00000e+00  
 79.8 3.1524e+01  14 1.00000e+00  
 79.9 3.1571e+01  14 1.00000e+00  
 80.0 3.1722e+01  14 1.00000e+00  
 80.1 3.1768e+01  14 1.00000e+00  
 80.2 3.1805e+01  14 1.00000e+00  
 80.3 3.1823e+01  14 1.00000e+00  
 80.4 3.1853e+01  14 1.00000e+00  
 80.5 3.1866e+01  14 1.00000e+00  
 80.6 3.1898e+01  14 1.00000e+00  
 80.7 3.1955e+01  14 1.00000e+00  
 80.8 3.2025e+01  14 1.00000e+00  
 80.9 3.2095e+01  14 1.00000e+00  
 81.0 3.2183e+01  14 1.00000e+00  
 81.1 3.2201e+01  14 1.00000e+00  
 81.2 3.2229e+01  14 1.00000e+00  
 81.3 3.2247e+01  14 1.00000e+00  
 81.4 3.2274e+01  14 1.00000e+00  
 81.5 3.2326e+01  14 1.00000e+00  
 81.6 3.2397e+01  14 1.00000e+00  
 81.7 3.2468e+01  14 1.00000e+00  
 81.8 3.2534e+01  14 1.00000e+00  
 81.9 3.2606e+01  14 1.00000e+00  
 82.0 3.2674e+01  14 1.00000e+00  
 82.1 3.2645e+01  14 1.00000e+00  
 82.2 3.2659e+01  14 1.00000e+00  
 82.3 3.2697e+01  14 1.00000e+00  
 82.4 3.2756e+01  14 1.00000e+00  
 82.5 3.2826e+01  14 1.00000e+00  
 82.6 3.2895e+01  14 1.00000e+00  
 82.7 3.2966e+01  14 1.00000e+00  
 82.8 3.3032e+01  14 1.00000e+00  
 82.9 3.3102e+01  14 1.00000e+00  
 83.0 3.3169e+01  14 1.00000e+00  
 83.1 3.3235e+01  14 1.00000e+00  
 83.2 3.3246e+01  14 1.00000e+00  
 83.3 3.3178e+01  14 1.00000e+00  
 83.4 3.3246e+01  14 1.00000e+00  
 83.5 3.3315e+01  14 1.00000e+00  
 83.6 3.3382e+01  14 1.00000e+00  
 83.7 3.3449e+01  14 1.00000e+00  
 83.8 3.3519e+01  14 1.00000e+00  
 83.9 3.3586e+01  14 1.00000e+00  
 84.0 3.3650e+01  14 1.00000e+00  
 84.1 3.3719e+01  14 1.00000e+00  
 84.2 3.3786e+01  14 1.00000e+00  
 84.3 3.3759e+01  14 1.00000e+00  
 84.4 3.3866e+01  14 1.00000e+00  
 84.5 3.3786e+01  14 1.00000e+00  
 84.6 3.3853e+01  14 1.00000e+00  
 84.7 3.3921e+01  14 1.00000e+00  
 84.8 3.3990e+01  14 1.00000e+00  
 84.9 3.4053e+01  14 1.00000e+00  
 85.0 3.4122e+01  14 1.00000e+00  
 85.1 3.4183e+01  14 1.00000e+00  
 85.2 3.4247e+01  14 1.00000e+00  
 85.3 3.4231e+01  14 1.00000e+00  
 85.4 3.4287e+01  14 1.00000e+00  
 85.5 3.4340e+01  14 1.00000e+00  
 85.6 3.4389e+01  14 1.00000e+00  
 85.7 3.4425e+01  14 1.00000e+00  
 85.8 3.4440e+01  14 1.00000e+00  
 85.9 3.4507e+01  14 1.00000e+00  
 86.0 3.4573e+01  14 1.00000e+00  
 86.1 3.4637e+01  14 1.00000e+00  
 86.2 3.4708e+01  14 1.00000e+00  
 86.3 3.4763e+01  14 1.00000e+00  
 86.4 3.4825e+01  14 1.00000e+00  
 86.5 3.4814e+01  14 1.00000e+00  
 86.6 3.4867e+01  14 1.00000e+00  
 86.7 3.4920e+01  14 1.00000e+00  
 86.8 3.4967e+01  14 1.00000e+00  
 86.9 3.5012e+01  14 1.00000e+00  
 87.0 3.5034e+01  14 1.00000e+00  
 87.1 3.5110e+01  14 1.00000e+00  
 87.2 3.5145e+01  14 1.00000e+00  
 87.3 3.5206e+01  14 1.00000e+00  
 87.4 3.5266e+01  14 1.00000e+00  
 87.5 3.5326e+01  14 1.00000e+00  
 87.6 3.5385e+01  14 1.00000e+00  
 87.7 3.5381e+01  14 1.00000e+00  
 87.8 3.5436e+01  14 1.00000e+00  
 87.9 3.5488e+01  14 1.00000e+00  
 88.0 3.5537e+01  14 1.00000e+00  
 88.1 3.5583e+01  14 1.00000e+00  
 88.2 3.5627e+01  14 1.00000e+00  
 88.3 3.5656e+01  14 1.00000e+00  
 88.4 3.5696e+01  14 1.00000e+00  
 88.5 3.5736e+01  14 1.00000e+00  
 88.6 3.5801e+01  14 1.00000e+00  
 88.7 3.5878e+01  14 1.00000e+00  
 88.8 3.5939e+01  14 1.00000e+00  
 88.9 3.5999e+01  14 1.00000e+00  
 89.0 3.6061e+01  14 1.00000e+00  
 89.1 3.6050e+01  14 1.00000e+00  
 89.2 3.6103e+01  14 1.00000e+00  
 89.3 3.6155e+01  14 1.00000e+00  
 89.4 3.6205e+01  14 1.00000e+00  
 89.5 3.6252e+01  14 1.00000e+00  
 89.6 3.6282e+01  14 1.00000e+00  
 89.7 3.6328e+01  14 1.00000e+00  
 89.8 3.6369e+01  14 1.00000e+00  
 89.9 3.6407e+01  14 1.00000e+00  
 90.0 3.6440e+01  14 1.00000e+00  
 90.1 3.6465e+01  14 1.00000e+00  
 90.2 3.6544e+01  14 1.00000e+00  
 90.3 3.6662e+01  14 1.00000e+00  
 90.4 3.6723e+01  14 1.00000e+00  
 90.5 3.6785e+01  14 1.00000e+00  
 90.6 3.6767e+01  14 1.00000e+00  
 90.7 3.6823e+01  14 1.00000e+00  
 90.8 3.6870e+01  14 1.00000e+00  
 90.9 3.6972e+01  14 1.00000e+00  
 91.0 3.6999e+01  14 1.00000e+00  
 91.1 3.7028e+01  14 1.00000e+00  
 91.2 3.7058e+01  14 1.00000e+00  
 91.3 3.7153e+01  14 1.00000e+00  
 91.4 3.7191e+01  14 1.00000e+00  
 91.5 3.7294e+01  14 1.00000e+00  
 91.6 3.7397e+01  14 1.00000e+00  
 91.7 3.7499e+01  14 1.00000e+00  
 91.8 3.7602e+01  14 1.00000e+00  
 91.9 3.7705e+01  14 1.00000e+00  
 92.0 3.7808e+01  14 1.00000e+00  
 92.1 3.7910e+01  14 1.00000e+00  
 92.2 3.8013e+01  14 1.00000e+00  
 92.3 3.8115e+01  14 1.00000e+00  
 92.4 3.8218e+01  14 1.00000e+00  
 92.5 3.8320e+01  14 1.00000e+00  
 92.6 3.8423e+01  14 1.00000e+00  
 92.7 3.8525e+01  14 1.00000e+00  
 92.8 3.8628e+01  14 1.00000e+00  
 92.9 3.8730e+01  14 1.00000e+00  
 93.0 3.8832e+01  14 1.00000e+00  
 93.1 3.8934e+01  14 1.00000e+00  
 93.2 3.9037e+01  14 1.00000e+00  
 93.3 3.9139e+01  14 1.00000e+00  
 93.4 3.9241e+01  14 1.00000e+00  
 93.5 3.9343e+01  14 1.00000e+00  
 93.6 3.9445e+01  14 1.00000e+00  
 93.7 3.9547e+01  14 1.00000e+00  
 93.8 3.9649e+01  14 1.00000e+00  
 93.9 3.9751e+01  14 1.00000e+00  
 94.0 3.9853e+01  14 1.00000e+00  
 94.1 3.9955e+01  14 1.00000e+00  
 94.2 4.0056e+01  14 1.00000e+00  
 94.3 4.0158e+01  14 1.00000e+00  
 94.4 4.0260e+01  14 1.00000e+00  
 94.5 4.0362e+01  14 1.00000e+00  
 94.6 4.0463e+01  14 1.00000e+00  
 94.7 4.0565e+01  14 1.00000e+00  
 94.8 4.0666e+01  14 1.00000e+00  
 94.9 4.0768e+01  14 1.00000e+00  
 95.0 4.0869e+01  14 1.00000e+00  
 95.1 4.0971e+01  14 1.00000e+00  
 95.2 4.1072e+01  14 1.00000e+00  
 95.3 4.1174e+01  14 1.00000e+00  
 95.4 4.1275e+01  14 1.00000e+00  
 95.5 4.1376e+01  14 1.00000e+00  
 95.6 4.1478e+01  14 1.00000e+00  
 95.7 4.1579e+01  14 1.00000e+00  
 95.8 4.1680e+01  14 1.00000e+00  
 95.9 4.1781e+01  14 1.00000e+00  
 96.0 4.1882e+01  14 1.00000e+00  
 96.1 4.1984e+01  14 1.00000e+00  
 96.2 4.2085e+01  14 1.00000e+00  
 96.3 4.2186e+01  14 1.00000e+00  
 96.4 4.2287e+01  14 1.00000e+00  
 96.5 4.2388e+01  14 1.00000e+00  
 96.6 4.2489e+01  14 1.00000e+00  
 96.7 4.2589e+01  14 1.00000e+00  
 96.8 4.2690e+01  14 1.00000e+00  
 96.9 4.2791e+01  14 1.00000e+00  
 97.0 4.2892e+01  14 1.00000e+00  
 97.1 4.2993e+01  14 1.00000e+00  
 97.2 4.3093e+01  14 1.00000e+00  
 97.3 4.3194e+01  14 1.00000e+00  
 97.4 4.3295e+01  14 1.00000e+00  
 97.5 4.3395e+01  14 1.00000e+00  
 97.6 4.3487e+01  14 1.00000e+00  
 97.7 4.3578e+01  14 1.00000e+00  
 97.8 4.3669e+01  14 1.00000e+00  
 97.9 4.3759e+01  14 1.00000e+00  
 98.0 4.3850e+01  14 1.00000e+00  
 98.1 4.3934e+01  14 1.00000e+00  
 98.2 4.4025e+01  14 1.00000e+00  
 98.3 4.4116e+01  14 1.00000e+00  
 98.4 4.4206e+01  14 1.00000e+00  
 98.5 4.4297e+01  14 1.00000e+00  
 98.6 4.4388e+01  14 1.00000e+00  
 98.7 4.4479e+01  14 1.00000e+00  
 98.8 4.4570e+01  14 1.00000e+00  
 98.9 4.4662e+01  14 1.00000e+00  
 99.0 4.4753e+01  14 1.00000e+00  
 99.1 4.4844e+01  14 1.00000e+00  
 99.2 4.4935e+01  14 1.00000e+00  
 99.3 4.5026e+01  14 1.00000e+00  
 99.4 4.5118e+01  14 1.00000e+00  
 99.5 4.5209e+01  14 1.00000e+00  
 99.6 4.5300e+01  14 1.00000e+00  
 99.7 4.5391e+01  14 1.00000e+00  
 99.8 4.5483e+01  14 1.00000e+00  
 99.9 4.5574e+01  14 1.00000e+00  
100.0 4.5666e+01  14 1.00000e+00  
100.1 4.5757e+01  14 1.00000e+00  
100.2 4.5849e+01  14 1.00000e+00  
100.3 4.5940e+01  14 1.00000e+00  
100.4 4.6032e+01  14 1.00000e+00  
100.5 4.6123e+01  14 1.00000e+00  
100.6 4.6215e+01  14 1.00000e+00  
100.7 4.6306e+01  14 1.00000e+00  
100.8 4.6398e+01  14 1.00000e+00  
100.9 4.6490e+01  14 1.00000e+00  
101.0 4.6581e+01  14 1.00000e+00  
101.1 4.6673e+01  14 1.00000e+00  
101.2 4.6765e+01  14 1.00000e+00  
101.3 4.6856e+01  14 1.00000e+00  
101.4 4.6948e+01  14 1.00000e+00  
101.5 4.7040e+01  14 1.00000e+00  
101.6 4.7132e+01  14 1.00000e+00  
101.7 4.7224e+01  14 1.00000e+00  
101.8 4.7316e+01  14 1.00000e+00  
101.9 4.7408e+01  14 1.00000e+00  
102.0 4.7499e+01  14 1.00000e+00  
102.1 4.7591e+01  14 1.00000e+00  
102.2 4.7683e+01  14 1.00000e+00  
102.3 4.7775e+01  14 1.00000e+00  
102.4 4.7867e+01  14 1.00000e+00  
102.5 4.7959e+01  14 1.00000e+00  
102.6 4.8051e+01  14 1.00000e+00  
102.7 4.8144e+01  14 1.00000e+00  
102.8 4.8236e+01  14 1.00000e+00  
102.9 4.8328e+01  14 1.00000e+00  
103.0 4.8420e+01  14 1.00000e+00  
103.1 4.8512e+01  14 1.00000e+00  
103.2 4.8604e+01  14 1.00000e+00  
103.3 4.8696e+01  14 1.00000e+00  
103.4 4.8789e+01  14 1.00000e+00  
103.5 4.8881e+01  14 1.00000e+00  
103.6 4.8973e+01  14 1.00000e+00  
103.7 4.9065e+01  14 1.00000e+00  
103.8 4.9158e+01  14 1.00000e+00  
103.9 4.9250e+01  14 1.00000e+00  
104.0 4.9342e+01  14 1.00000e+00  
104.1 4.9435e+01  14 1.00000e+00  
104.2 4.9527e+01  14 1.00000e+00  
104.3 4.9619e+01  14 1.00000e+00  
104.4 4.9712e+01  14 1.00000e+00  
104.5 4.9804e+01  14 1.00000e+00  
104.6 4.9896e+01  14 1.00000e+00  
104.7 4.9989e+01  14 1.00000e+00  
104.8 5.0081e+01  14 1.00000e+00  
104.9 5.0174e+01  14 1.00000e+00  
105.0 5.0266e+01  14 1.00000e+00  
105.1 5.0359e+01  14 1.00000e+00  
105.2 5.0451e+01  14 1.00000e+00  
105.3 5.0544e+01  14 1.00000e+00  
105.4 5.0636e+01  14 1.00000e+00  
105.5 5.0729e+01  14 1.00000e+00  
105.6 5.0821e+01  14 1.00000e+00  
105.7 5.0908e+01  14 1.00000e+00  
105.8 5.1000e+01  14 1.00000e+00  
105.9 5.1093e+01  14 1.00000e+00  
106.0 5.1185e+01  14 1.00000e+00  
106.1 5.1278e+01  14 1.00000e+00  
106.2 5.1371e+01  14 1.00000e+00  
106.3 5.1463e+01  14 1.00000e+00  
106.4 5.1556e+01  14 1.00000e+00  
106.5 5.1649e+01  14 1.00000e+00  
106.6 5.1741e+01  14 1.00000e+00  
106.7 5.1834e+01  14 1.00000e+00  
106.8 5.1927e+01  14 1.00000e+00  
106.9 5.2020e+01  14 1.00000e+00  
107.0 5.2112e+01  14 1.00000e+00  
107.1 5.2205e+01  14 1.00000e+00  
107.2 5.2298e+01  14 1.00000e+00  
107.3 5.2391e+01  14 1.00000e+00  
107.4 5.2483e+01  14 1.00000e+00  
107.5 5.2576e+01  14 1.00000e+00  
107.6 5.2669e+01  14 1.00000e+00  
107.7 5.2762e+01  14 1.00000e+00  
107.8 5.2855e+01  14 1.00000e+00  
107.9 5.2948e+01  14 1.00000e+00  
108.0 5.3040e+01  14 1.00000e+00  
108.1 5.3133e+01  14 1.00000e+00  
108.2 5.3226e+01  14 1.00000e+00  
108.3 5.3319e+01  14 1.00000e+00  
108.4 5.3412e+01  14 1.00000e+00  
108.5 5.3505e+01  14 1.00000e+00  
108.6 5.3598e+01  14 1.00000e+00  
108.7 5.3691e+01  14 1.00000e+00  
108.8 5.3784e+01  14 1.00000e+00  
108.9 5.3876e+01  14 1.00000e+00  
109.0 5.3969e+01  14 1.00000e+00  
109.1 5.4062e+01  14 1.00000e+00  
109.2 5.4155e+01  14 1.00000e+00  
109.3 5.4248e+01  14 1.00000e+00  
109.4 5.4341e+01  14 1.00000e+00  
109.5 5.4434e+01  14 1.00000e+00  
109.6 5.4527e+01  14 1.00000e+00  
109.7 5.4620e+01  14 1.00000e+00  
109.8 5.4713e+01  14 1.00000e+00  
109.9 5.4806e+01  14 1.00000e+00  
110.0 5.4899e+01  14 1.00000e+00  
110.1 5.4992e+01  14 1.00000e+00  
110.2 5.5085e+01  14 1.00000e+00  
110.3 5.5178e+01  14 1.00000e+00  
110.4 5.5271e+01  14 1.00000e+00  
110.5 5.5364e+01  14 1.00000e+00  
110.6 5.5458e+01  14 1.00000e+00  
110.7 5.5551e+01  14 1.00000e+00  
110.8 5.5644e+01  14 1.00000e+00  
110.9 5.5737e+01  14 1.00000e+00  
111.0 5.5830e+01  14 1.00000e+00  
111.1 5.5923e+01  14 1.00000e+00  
111.2 5.6016e+01  14 1.00000e+00  
111.3 5.6109e+01  14 1.00000e+00  
111.4 5.6202e+01  14 1.00000e+00  
111.5 5.6295e+01  14 1.00000e+00  
111.6 5.6388e+01  14 1.00000e+00  
111.7 5.6482e+01  14 1.00000e+00  
111.8 5.6575e+01  14 1.00000e+00  
111.9 5.6668e+01  14 1.00000e+00  
112.0 5.6761e+01  14 1.00000e+00  
112.1 5.6854e+01  14 1.00000e+00  
112.2 5.6947e+01  14 1.00000e+00  
112.3 5.7040e+01  14 1.00000e+00  
112.4 5.7134e+01  14 1.00000e+00  
112.5 5.7227e+01  14 1.00000e+00  
112.6 5.7320e+01  14 1.00000e+00  
112.7 5.7413e+01  14 1.00000e+00  
112.8 5.7506e+01  14 1.00000e+00  
112.9 5.7599e+01  14 1.00000e+00  
113.0 5.7692e+01  14 1.00000e+00  
113.1 5.7786e+01  14 1.00000e+00  
113.2 5.7879e+01  14 1.00000e+00  
113.3 5.7972e+01  14 1.00000e+00  
113.4 5.8065e+01  14 1.00000e+00  
113.5 5.8158e+01  14 1.00000e+00  
113.6 5.8252e+01  14 1.00000e+00  
113.7 5.8345e+01  14 1.00000e+00  
113.8 5.8438e+01  14 1.00000e+00  
113.9 5.8531e+01  14 1.00000e+00  
114.0 5.8624e+01  14 1.00000e+00  
114.1 5.8718e+01  14 1.00000e+00  
114.2 5.8805e+01  14 1.00000e+00  
114.3 5.8899e+01  14 1.00000e+00  
114.4 5.8992e+01  14 1.00000e+00  
114.5 5.9085e+01  14 1.00000e+00  
114.6 5.9178e+01  14 1.00000e+00  
114.7 5.9271e+01  14 1.00000e+00  
114.8 5.9365e+01  14 1.00000e+00  
114.9 5.9458e+01  14 1.00000e+00  
115.0 5.9551e+01  14 1.00000e+00  
115.1 5.9644e+01  14 1.00000e+00  
115.2 5.9738e+01  14 1.00000e+00  
115.3 5.9831e+01  14 1.00000e+00  
115.4 5.9924e+01  14 1.00000e+00  
115.5 6.0017e+01  14 1.00000e+00  
115.6 6.0111e+01  14 1.00000e+00  
115.7 6.0204e+01  14 1.00000e+00  
115.8 6.0297e+01  14 1.00000e+00  
115.9 6.0390e+01  14 1.00000e+00  
116.0 6.0484e+01  14 1.00000e+00  
116.1 6.0577e+01  14 1.00000e+00  
116.2 6.0670e+01  14 1.00000e+00  
116.3 6.0763e+01  14 1.00000e+00  
116.4 6.0857e+01  14 1.00000e+00  
116.5 6.0950e+01  14 1.00000e+00  
116.6 6.1043e+01  14 1.00000e+00  
116.7 6.1136e+01  14 1.00000e+00  
116.8 6.1229e+01  14 1.00000e+00  
116.9 6.1323e+01  14 1.00000e+00  
117.0 6.1416e+01  14 1.00000e+00  
117.1 6.1509e+01  14 1.00000e+00  
117.2 6.1603e+01  14 1.00000e+00  
117.3 6.1696e+01  14 1.00000e+00  
117.4 6.1789e+01  14 1.00000e+00  
117.5 6.1882e+01  14 1.00000e+00  
117.6 6.1976e+01  14 1.00000e+00  
117.7 6.2069e+01  14 1.00000e+00  
117.8 6.2162e+01  14 1.00000e+00  
117.9 6.2255e+01  14 1.00000e+00  
118.0 6.2348e+01  14 1.00000e+00  
118.1 6.2442e+01  14 1.00000e+00  
118.2 6.2535e+01  14 1.00000e+00  
118.3 6.2628e+01  14 1.00000e+00  
118.4 6.2721e+01  14 1.00000e+00  
118.5 6.2815e+01  14 1.00000e+00  
118.6 6.2908e+01  14 1.00000e+00  
118.7 6.3001e+01  14 1.00000e+00  
118.8 6.3094e+01  14 1.00000e+00  
118.9 6.3188e+01  14 1.00000e+00  
119.0 6.3281e+01  14 1.00000e+00  
119.1 6.3374e+01  14 1.00000e+00  
119.2 6.3467e+01  14 1.00000e+00  
119.3 6.3561e+01  14 1.00000e+00  
119.4 6.3654e+01  14 1.00000e+00  
119.5 6.3747e+01  14 1.00000e+00  
119.6 6.3840e+01  14 1.00000e+00  
119.7 6.3933e+01  14 1.00000e+00  
119.8 6.4027e+01  14 1.00000e+00  
119.9 6.4120e+01  14 1.00000e+00  
120.0 6.4213e+01  14 1.00000e+00  
120.1 6.4306e+01  14 1.00000e+00  
120.2 6.4400e+01  14 1.00000e+00  
120.3 6.4493e+01  14 1.00000e+00  
120.4 6.4586e+01  14 1.00000e+00  
120.5 6.4679e+01  14 1.00000e+00  
120.6 6.4772e+01  14 1.00000e+00  
120.7 6.4866e+01  14 1.00000e+00  
120.8 6.4959e+01  14 1.00000e+00  
120.9 6.5052e+01  14 1.00000e+00  
121.0 6.5145e+01  14 1.00000e+00  
121.1 6.5238e+01  14 1.00000e+00  
121.2 6.5332e+01  14 1.00000e+00  
121.3 6.5425e+01  14 1.00000e+00  
121.4 6.5518e+01  14 1.00000e+00  
121.5 6.5611e+01  14 1.00000e+00  
121.6 6.5704e+01  14 1.00000e+00  
121.7 6.5797e+01  14 1.00000e+00  
121.8 6.5891e+01  14 1.00000e+00  
121.9 6.5984e+01  14 1.00000e+00  
122.0 6.6077e+01  14 1.00000e+00  
122.1 6.6170e+01  14 1.00000e+00  
122.2 6.6263e+01  14 1.00000e+00  
122.3 6.6356e+01  14 1.00000e+00  
122.4 6.6450e+01  14 1.00000e+00  
122.5 6.6543e+01  14 1.00000e+00  
122.6 6.6636e+01  14 1.00000e+00  
122.7 6.6729e+01  14 1.00000e+00  
122.8 6.6822e+01  14 1.00000e+00  
122.9 6.6915e+01  14 1.00000e+00  
123.0 6.7008e+01  14 1.00000e+00  
123.1 6.7101e+01  14 1.00000e+00  
123.2 6.7195e+01  14 1.00000e+00  
123.3 6.7288e+01  14 1.00000e+00  
123.4 6.7381e+01  14 1.00000e+00  
123.5 6.7474e+01  14 1.00000e+00  
123.6 6.7567e+01  14 1.00000e+00  
123.7 6.7660e+01  14 1.00000e+00  
123.8 6.7749e+01  14 1.00000e+00  
123.9 6.7842e+01  14 1.00000e+00  
124.0 6.7935e+01  14 1.00000e+00  
124.1 6.8028e+01  14 1.00000e+00  
124.2 6.8121e+01  14 1.00000e+00  
124.3 6.8214e+01  14 1.00000e+00  
124.4 6.8307e+01  14 1.00000e+00  
124.5 6.8400e+01  14 1.00000e+00  
124.6 6.8493e+01  14 1.00000e+00  
124.7 6.8586e+01  14 1.00000e+00  
124.8 6.8679e+01  14 1.00000e+00  
124.9 6.8772e+01  14 1.00000e+00  
125.0 6.8865e+01  14 1.00000e+00  
125.1 6.8958e+01  14 1.00000e+00  
125.2 6.9052e+01  14 1.00000e+00  
125.3 6.9145e+01  14 1.00000e+00  
125.4 6.9238e+01  14 1.00000e+00  
125.5 6.9331e+01  14 1.00000e+00  
125.6 6.9424e+01  14 1.00000e+00  
125.7 6.9517e+01  14 1.00000e+00  
125.8 6.9610e+01  14 1.00000e+00  
125.9 6.9703e+01  14 1.00000e+00  
126.0 6.9796e+01  14 1.00000e+00  
126.1 6.9889e+01  14 1.00000e+00  
126.2 6.9982e+01  14 1.00000e+00  
126.3 7.0075e+01  14 1.00000e+00  
126.4 7.0168e+01  14 1.00000e+00  
126.5 7.0261e+01  14 1.00000e+00  
126.6 7.0354e+01  14 1.00000e+00  
126.7 7.0447e+01  14 1.00000e+00  
126.8 7.0540e+01  14 1.00000e+00  
126.9 7.0633e+01  14 1.00000e+00  
127.0 7.0726e+01  14 1.00000e+00  
127.1 7.0819e+01  14 1.00000e+00  
127.2 7.0912e+01  14 1.00000e+00  
127.3 7.1005e+01  14 1.00000e+00  
127.4 7.1098e+01  14 1.00000e+00  
127.5 7.1190e+01  14 1.00000e+00  
127.6 7.1283e+01  14 1.00000e+00  
127.7 7.1376e+01  14 1.00000e+00  
127.8 7.1469e+01  14 1.00000e+00  
127.9 7.1562e+01  14 1.00000e+00  
128.0 7.1655e+01  14 1.00000e+00  
128.1 7.1748e+01  14 1.00000e+00  
128.2 7.1841e+01  14 1.00000e+00  
128.3 7.1934e+01  14 1.00000e+00  
128.4 7.2027e+01  14 1.00000e+00  
128.5 7.2120e+01  14 1.00000e+00  
128.6 7.2212e+01  14 1.00000e+00  
128.7 7.2305e+01  14 1.00000e+00  
128.8 7.2398e+01  14 1.00000e+00  
128.9 7.2491e+01  14 1.00000e+00  
129.0 7.2584e+01  14 1.00000e+00  
129.1 7.2677e+01  14 1.00000e+00  
129.2 7.2770e+01  14 1.00000e+00  
129.3 7.2863e+01  14 1.00000e+00  
129.4 7.2955e+01  14 1.00000e+00  
129.5 7.3048e+01  14 1.00000e+00  
129.6 7.3141e+01  14 1.00000e+00  
129.7 7.3234e+01  14 1.00000e+00  
129.8 7.3327e+01  14 1.00000e+00  
129.9 7.3420e+01  14 1.00000e+00  
130.0 7.3512e+01  14 1.00000e+00  
130.1 7.3605e+01  14 1.00000e+00  
130.2 7.3698e+01  14 1.00000e+00  
130.3 7.3791e+01  14 1.00000e+00  
130.4 7.3884e+01  14 1.00000e+00  
130.5 7.3976e+01  14 1.00000e+00  
130.6 7.4069e+01  14 1.00000e+00  
130.7 7.4162e+01  14 1.00000e+00  
130.8 7.4255e+01  14 1.00000e+00  
130.9 7.4347e+01  14 1.00000e+00  
131.0 7.4440e+01  14 1.00000e+00  
131.1 7.4533e+01  14 1.00000e+00  
131.2 7.4626e+01  14 1.00000e+00  
131.3 7.4718e+01  14 1.00000e+00  
131.4 7.4811e+01  14 1.00000e+00  
131.5 7.4904e+01  14 1.00000e+00  
131.6 7.4997e+01  14 1.00000e+00  
131.7 7.5089e+01  14 1.00000e+00  
131.8 7.5182e+01  14 1.00000e+00  
131.9 7.5275e+01  14 1.00000e+00  
132.0 7.5368e+01  14 1.00000e+00  
132.1 7.5460e+01  14 1.00000e+00  
132.2 7.5553e+01  14 1.00000e+00  
132.3 7.5646e+01  14 1.00000e+00  
132.4 7.5738e+01  14 1.00000e+00  
132.5 7.5831e+01  14 1.00000e+00  
132.6 7.5924e+01  14 1.00000e+00  
132.7 7.6016e+01  14 1.00000e+00  
132.8 7.6109e+01  14 1.00000e+00  
132.9 7.6202e+01  14 1.00000e+00  
133.0 7.6294e+01  14 1.00000e+00  
133.1 7.6387e+01  14 1.00000e+00  
133.2 7.6480e+01  14 1.00000e+00  
133.3 7.6572e+01  14 1.00000e+00  
133.4 7.6665e+01  14 1.00000e+00  
133.5 7.6757e+01  14 1.00000e+00  
133.6 7.6850e+01  14 1.00000e+00  
133.7 7.6943e+01  14 1.00000e+00  
133.8 7.7035e+01  14 1.00000e+00  
133.9 7.7128e+01  14 1.00000e+00  
134.0 7.7220e+01  14 1.00000e+00  
134.1 7.7313e+01  14 1.00000e+00  
134.2 7.7406e+01  14 1.00000e+00  
134.3 7.7498e+01  14 1.00000e+00  
134.4 7.7591e+01  14 1.00000e+00  
134.5 7.7683e+01  14 1.00000e+00  
134.6 7.7776e+01  14 1.00000e+00  
134.7 7.7868e+01  14 1.00000e+00  
134.8 7.7961e+01  14 1.00000e+00  
134.9 7.8053e+01  14 1.00000e+00  
135.0 7.8146e+01  14 1.00000e+00  
135.1 7.8234e+01  14 1.00000e+00  
135.2 7.8327e+01  14 1.00000e+00  
135.3 7.8420e+01  14 1.00000e+00  
135.4 7.8512e+01  14 1.00000e+00  
135.5 7.8605e+01  14 1.00000e+00  
135.6 7.8697e+01  14 1.00000e+00  
135.7 7.8790e+01  14 1.00000e+00  
135.8 7.8882e+01  14 1.00000e+00  
135.9 7.8974e+01  14 1.00000e+00  
136.0 7.9067e+01  14 1.00000e+00  
136.1 7.9159e+01  14 1.00000e+00  
136.2 7.9252e+01  14 1.00000e+00  
136.3 7.9344e+01  14 1.00000e+00  
136.4 7.9437e+01  14 1.00000e+00  
136.5 7.9529e+01  14 1.00000e+00  
136.6 7.9622e+01  14 1.00000e+00  
136.7 7.9714e+01  14 1.00000e+00  
136.8 7.9807e+01  14 1.00000e+00  
136.9 7.9899e+01  14 1.00000e+00  
137.0 7.9991e+01  14 1.00000e+00  
137.1 8.0084e+01  14 1.00000e+00  
137.2 8.0176e+01  14 1.00000e+00  
137.3 8.0269e+01  14 1.00000e+00  
137.4 8.0361e+01  14 1.00000e+00  
137.5 8.0453e+01  14 1.00000e+00  
137.6 8.0546e+01  14 1.00000e+00  
137.7 8.0638e+01  14 1.00000e+00  
137.8 8.0730e+01  14 1.00000e+00  
137.9 8.0823e+01  14 1.00000e+00  
138.0 8.0915e+01  14 1.00000e+00  
138.1 8.1007e+01  14 1.00000e+00  
138.2 8.1100e+01  14 1.00000e+00  
138.3 8.1192e+01  14 1.00000e+00  
138.4 8.1284e+01  14 1.00000e+00  
138.5 8.1377e+01  14 1.00000e+00  
138.6 8.1469e+01  14 1.00000e+00  
138.7 8.1561e+01  14 1.00000e+00  
138.8 8.1654e+01  14 1.00000e+00  
138.9 8.1746e+01  14 1.00000e+00  
139.0 8.1838e+01  14 1.00000e+00  
139.1 8.1930e+01  14 1.00000e+00  
139.2 8.2023e+01  14 1.00000e+00  
139.3 8.2115e+01  14 1.00000e+00  
139.4 8.2207e+01  14 1.00000e+00  
139.5 8.2300e+01  14 1.00000e+00  
139.6 8.2392e+01  14 1.00000e+00  
139.7 8.2484e+01  14 1.00000e+00  
139.8 8.2576e+01  14 1.00000e+00  
139.9 8.2668e+01  14 1.00000e+00  
140.0 8.2761e+01  14 1.00000e+00  
140.1 8.2853e+01  14 1.00000e+00  
140.2 8.2945e+01  14 1.00000e+00  
140.3 8.3037e+01  14 1.00000e+00  
140.4 8.3129e+01  14 1.00000e+00  
140.5 8.3221e+01  14 1.00000e+00  
140.6 8.3314e+01  14 1.00000e+00  
140.7 8.3406e+01  14 1.00000e+00  
140.8 8.3498e+01  14 1.00000e+00  
140.9 8.3590e+01  14 1.00000e+00  
141.0 8.3682e+01  14 1.00000e+00  
141.1 8.3774e+01  14 1.00000e+00  
141.2 8.3866e+01  14 1.00000e+00  
141.3 8.3958e+01  14 1.00000e+00  
141.4 8.4050e+01  14 1.00000e+00  
141.5 8.4143e+01  14 1.00000e+00  
141.6 8.4235e+01  14 1.00000e+00  
141.7 8.4327e+01  14 1.00000e+00  
141.8 8.4419e+01  14 1.00000e+00  
141.9 8.4511e+01  14 1.00000e+00  
142.0 8.4603e+01  14 1.00000e+00  
142.1 8.4695e+01  14 1.00000e+00  
142.2 8.4787e+01  14 1.00000e+00  
142.3 8.4879e+01  14 1.00000e+00  
142.4 8.4971e+01  14 1.00000e+00  
142.5 8.5063e+01  14 1.00000e+00  
142.6 8.5155e+01  14 1.00000e+00  
142.7 8.5247e+01  14 1.00000e+00  
142.8 8.5339e+01  14 1.00000e+00  
142.9 8.5431e+01  14 1.00000e+00  
143.0 8.5523e+01  14 1.00000e+00  
143.1 8.5615e+01  14 1.00000e+00  
143.2 8.5707e+01  14 1.00000e+00  
143.3 8.5799e+01  14 1.00000e+00  
143.4 8.5891e+01  14 1.00000e+00  
143.5 8.5983e+01  14 1.00000e+00  
143.6 8.6075e+01  14 1.00000e+00  
143.7 8.6167e+01  14 1.00000e+00  
143.8 8.6259e+01  14 1.00000e+00  
143.9 8.6351e+01  14 1.00000e+00  
144.0 8.6443e+01  14 1.00000e+00  
144.1 8.6535e+01  14 1.00000e+00  
144.2 8.6626e+01  14 1.00000e+00  
144.3 8.6718e+01  14 1.00000e+00  
144.4 8.6810e+01  14 1.00000e+00  
144.5 8.6902e+01  14 1.00000e+00  
144.6 8.6994e+01  14 1.00000e+00  
144.7 8.7086e+01  14 1.00000e+00  
144.8 8.7178e+01  14 1.00000e+00  
144.9 8.7270e+01  14 1.00000e+00  
145.0 8.7361e+01  14 1.00000e+00  
145.1 8.7453e+01  14 1.00000e+00  
145.2 8.7545e+01  14 1.00000e+00  
145.3 8.7637e+01  14 1.00000e+00  
145.4 8.7729e+01  14 1.00000e+00  
145.5 8.7821e+01  14 1.00000e+00  
145.6 8.7912e+01  14 1.00000e+00  
145.7 8.8004e+01  14 1.00000e+00  
145.8 8.8096e+01  14 1.00000e+00  
145.9 8.8188e+01  14 1.00000e+00  
146.0 8.8280e+01  14 1.00000e+00  
146.1 8.8371e+01  14 1.00000e+00  
146.2 8.8463e+01  14 1.00000e+00  
146.3 8.8555e+01  14 1.00000e+00  
146.4 8.8647e+01  14 1.00000e+00  
146.5 8.8738e+01  14 1.00000e+00  
146.6 8.8830e+01  14 1.00000e+00  
146.7 8.8922e+01  14 1.00000e+00  
146.8 8.9014e+01  14 1.00000e+00  
146.9 8.9105e+01  14 1.00000e+00  
147.0 8.9197e+01  14 1.00000e+00  
147.1 8.9289e+01  14 1.00000e+00  
147.2 8.9380e+01  14 1.00000e+00  
147.3 8.9472e+01  14 1.00000e+00  
147.4 8.9564e+01  14 1.00000e+00  
147.5 8.9655e+01  14 1.00000e+00  
147.6 8.9747e+01  14 1.00000e+00  
147.7 8.9839e+01  14 1.00000e+00  
147.8 8.9931e+01  14 1.00000e+00  
147.9 9.0022e+01  14 1.00000e+00  
148.0 9.0114e+01  14 1.00000e+00  
148.1 9.0205e+01  14 1.00000e+00  
148.2 9.0297e+01  14 1.00000e+00  
148.3 9.0389e+01  14 1.00000e+00  
148.4 9.0480e+01  14 1.00000e+00  
148.5 9.0572e+01  14 1.00000e+00  
148.6 9.0664e+01  14 1.00000e+00  
148.7 9.0755e+01  14 1.00000e+00  
148.8 9.0843e+01  14 1.00000e+00  
148.9 9.0935e+01  14 1.00000e+00  
149.0 9.1027e+01  14 1.00000e+00  
149.1 9.1118e+01  14 1.00000e+00  
149.2 9.1210e+01  14 1.00000e+00  
149.3 9.1301e+01  14 1.00000e+00  
149.4 9.1393e+01  14 1.00000e+00  
149.5 9.1484e+01  14 1.00000e+00  
149.6 9.1576e+01  14 1.00000e+00  
149.7 9.1667e+01  14 1.00000e+00  
149.8 9.1759e+01  14 1.00000e+00  
149.9 9.1851e+01  14 1.00000e+00  
150.0 9.1942e+01  14 1.00000e+00  
