 15.1 1.3940e+00  13 4.17332e-02  
 15.2 1.4016e+00  13 4.21794e-02  
 15.3 1.4093e+00  13 4.26215e-02  
 15.4 1.4169e+00  13 4.30596e-02  
 15.5 1.4246e+00  13 4.34938e-02  
 15.6 1.4322e+00  13 4.39242e-02  
 15.7 1.4398e+00  13 4.43505e-02  
 15.8 1.4475e+00  13 4.47736e-02  
 15.9 1.4551e+00  13 4.51935e-02  
 16.0 1.4628e+00  13 4.56340e-02  
 16.1 1.4704e+00  13 4.60479e-02  
 16.2 1.4781e+00  13 4.64585e-02  
 16.3 1.4857e+00  13 4.68662e-02  
 16.4 1.4934e+00  13 4.72645e-02  
 16.5 1.5010e+00  13 4.76658e-02  
 16.6 1.5087e+00  13 4.80645e-02  
 16.7 1.5163e+00  13 4.84603e-02  
 16.8 1.5240e+00  13 4.88537e-02  
 16.9 1.5316e+00  13 4.92447e-02  
 17.0 1.5392e+00  13 4.96623e-02  
 17.1 1.5469e+00  13 5.00494e-02  
 17.2 1.5545e+00  13 5.04340e-02  
 17.3 1.5622e+00  13 5.08165e-02  
 17.4 1.5698e+00  13 5.11900e-02  
 17.5 1.5774e+00  13 5.15680e-02  
 17.6 1.5851e+00  13 5.19764e-02  
 17.7 1.5927e+00  13 5.23517e-02  
 17.8 1.6004e+00  13 5.27252e-02  
 17.9 1.6080e+00  13 5.30975e-02  
 18.0 1.6156e+00  13 5.34606e-02  
 18.1 1.6233e+00  13 5.38633e-02  
 18.2 1.6309e+00  13 5.42313e-02  
 18.3 1.6386e+00  13 5.45981e-02  
 18.4 1.6462e+00  13 5.49634e-02  
 18.5 1.6538e+00  13 5.53636e-02  
 18.6 1.6614e+00  13 5.57196e-02  
 18.7 1.6691e+00  13 5.60816e-02  
 18.8 1.6767e+00  13 5.64800e-02  
 18.9 1.6843e+00  13 5.68419e-02  
 19.0 1.6919e+00  13 5.71938e-02  
 19.1 1.6995e+00  13 5.75910e-02  
 19.2 1.7072e+00  13 5.79502e-02  
 19.3 1.7167e+00  13 5.84664e-02  
 19.4 1.7285e+00  13 5.92176e-02  
 19.5 1.7405e+00  13 5.99236e-02  
 19.6 1.7525e+00  13 6.06851e-02  
 19.7 1.7646e+00  13 6.14132e-02  
 19.8 1.7768e+00  13 6.21884e-02  
 19.9 1.7890e+00  13 6.29576e-02  
 20.0 1.8014e+00  13 6.37028e-02  
 20.1 1.8138e+00  13 6.44976e-02  
 20.2 1.8263e+00  13 6.53410e-02  
 20.3 1.8389e+00  13 6.62907e-02  
 20.4 1.8516e+00  13 6.70688e-02  
 20.5 1.8644e+00  13 6.78540e-02  
 20.6 1.8773e+00  13 6.86443e-02  
 20.7 1.8902e+00  13 6.94305e-02  
 20.8 1.9032e+00  13 7.02351e-02  
 20.9 1.9164e+00  13 7.10468e-02  
 21.0 1.6042e+01  14 1.00000e+00  
 21.1 1.6082e+01  14 1.00000e+00  
 21.2 1.6122e+01  14 1.00000e+00  
 21.3 1.6161e+01  14 1.00000e+00  
 21.4 1.6203e+01  14 1.00000e+00  
 21.5 1.6241e+01  14 1.00000e+00  
 21.6 1.6278e+01  14 1.00000e+00  
 21.7 1.6318e+01  14 1.00000e+00  
 21.8 1.6353e+01  14 1.00000e+00  
 21.9 1.6388e+01  14 1.00000e+00  
 22.0 1.6422e+01  14 1.00000e+00  
 22.1 1.6458e+01  14 1.00000e+00  
 22.2 1.6490e+01  14 1.00000e+00  
 22.3 1.6521e+01  14 1.00000e+00  
 22.4 1.6556e+01  14 1.00000e+00  
 22.5 1.6586e+01  14 1.00000e+00  
 22.6 1.6616e+01  14 1.00000e+00  
 22.7 1.6649e+01  14 1.00000e+00  
 22.8 1.6678e+01  14 1.00000e+00  
 22.9 1.6706e+01  14 1.00000e+00  
 23.0 1.6733e+01  14 1.00000e+00  
 23.1 1.6764e+01  14 1.00000e+00  
 23.2 1.6791e+01  14 1.00000e+00  
 23.3 1.6817e+01  14 1.00000e+00  
 23.4 1.6846e+01  14 1.00000e+00  
 23.5 1.6871e+01  14 1.00000e+00  
 23.6 1.6896e+01  14 1.00000e+00  
 23.7 1.6921e+01  14 1.00000e+00  
 23.8 1.6948e+01  14 1.00000e+00  
 23.9 1.6971e+01  14 1.00000e+00  
 24.0 1.6994e+01  14 1.00000e+00  
 24.1 1.7021e+01  14 1.00000e+00  
 24.2 5.5259e+00  14 2.86559e-01  
 24.3 5.6123e+00  14 2.91527e-01  
 24.4 5.6992e+00  14 2.96496e-01  
 24.5 5.7866e+00  14 3.01446e-01  
 24.6 5.8745e+00  14 3.06481e-01  
 24.7 5.9628e+00  14 3.11537e-01  
 24.8 6.0518e+00  14 3.16537e-01  
 24.9 6.1410e+00  14 3.21637e-01  
 25.0 6.2307e+00  14 3.26761e-01  
 25.1 6.3208e+00  14 3.31908e-01  
 25.2 6.4117e+00  14 3.36993e-01  
 25.3 6.5026e+00  14 3.42178e-01  
 25.4 6.5940e+00  14 3.47386e-01  
 25.5 6.6858e+00  14 3.52615e-01  
 25.6 6.7786e+00  14 3.57780e-01  
 25.7 6.8713e+00  14 3.63048e-01  
 25.8 6.9643e+00  14 3.68338e-01  
 25.9 7.0577e+00  14 3.73652e-01  
 26.0 7.1524e+00  14 3.78888e-01  
 26.1 7.2466e+00  14 3.84231e-01  
 26.2 7.3413e+00  14 3.89594e-01  
 26.3 7.4363e+00  14 3.94980e-01  
 26.4 7.5327e+00  14 4.00299e-01  
 26.5 7.6278e+00  14 4.05674e-01  
 26.6 7.7240e+00  14 4.11107e-01  
 26.7 7.8206e+00  14 4.16558e-01  
 26.8 7.9175e+00  14 4.22033e-01  
 26.9 8.0162e+00  14 4.27435e-01  
 27.0 8.1139e+00  14 4.32941e-01  
 27.1 8.2128e+00  14 4.38510e-01  
 27.2 8.3112e+00  14 4.44057e-01  
 27.3 8.4115e+00  14 4.49540e-01  
 27.4 8.5110e+00  14 4.55104e-01  
 27.5 8.6108e+00  14 4.60693e-01  
 27.6 8.7109e+00  14 4.66301e-01  
 27.7 8.8113e+00  14 4.71929e-01  
 27.8 8.9120e+00  14 4.77575e-01  
 27.9 9.0141e+00  14 4.83196e-01  
 28.0 9.1167e+00  14 4.88833e-01  
 28.1 9.2186e+00  14 4.94530e-01  
 28.2 9.3207e+00  14 5.00248e-01  
 28.3 9.4235e+00  14 5.05972e-01  
 28.4 9.5266e+00  14 5.11712e-01  
 28.5 9.6302e+00  14 5.17468e-01  
 28.6 9.7361e+00  14 5.23179e-01  
 28.7 9.8414e+00  14 5.28940e-01  
 28.8 9.9460e+00  14 5.34751e-01  
 28.9 1.0051e+01  14 5.40582e-01  
 29.0 1.0156e+01  14 5.46427e-01  
 29.1 1.0262e+01  14 5.52289e-01  
 29.2 1.0369e+01  14 5.58143e-01  
 29.3 1.0477e+01  14 5.63994e-01  
 29.4 1.0583e+01  14 5.69911e-01  
 29.5 1.0690e+01  14 5.75855e-01  
 29.6 1.0800e+01  14 5.81734e-01  
 29.7 1.0908e+01  14 5.87693e-01  
 29.8 1.1018e+01  14 5.93647e-01  
 29.9 1.1125e+01  14 5.99672e-01  
 30.0 1.1233e+01  14 6.05690e-01  
 30.1 1.1343e+01  14 6.11702e-01  
 30.2 1.1453e+01  14 6.17734e-01  
 30.3 1.1564e+01  14 6.23787e-01  
 30.4 1.1674e+01  14 6.29871e-01  
 30.5 1.1786e+01  14 6.35934e-01  
 30.6 1.1901e+01  14 6.41984e-01  
 30.7 1.2013e+01  14 6.48113e-01  
 30.8 1.2124e+01  14 6.54264e-01  
 30.9 1.2236e+01  14 6.60430e-01  
 31.0 1.2349e+01  14 6.66597e-01  
 31.1 1.2463e+01  14 6.72768e-01  
 31.2 1.2577e+01  14 6.78973e-01  
 31.3 1.2691e+01  14 6.85197e-01  
 31.4 1.2804e+01  14 6.91449e-01  
 31.5 1.2915e+01  14 6.97737e-01  
 31.6 1.3035e+01  14 7.03953e-01  
 31.7 1.3146e+01  14 7.10284e-01  
 31.8 1.3267e+01  14 7.16543e-01  
 31.9 1.3377e+01  14 7.22916e-01  
 32.0 1.3496e+01  14 7.29228e-01  
 32.1 1.3614e+01  14 7.35578e-01  
 32.2 1.3730e+01  14 7.41952e-01  
 32.3 1.3843e+01  14 7.48378e-01  
 32.4 1.3957e+01  14 7.54809e-01  
 32.5 1.4074e+01  14 7.61236e-01  
 32.6 1.4199e+01  14 7.67624e-01  
 32.7 1.4310e+01  14 7.74133e-01  
 32.8 1.4433e+01  14 7.80575e-01  
 32.9 1.4546e+01  14 7.87098e-01  
 33.0 1.4664e+01  14 7.93610e-01  
 33.1 1.4783e+01  14 8.00133e-01  
 33.2 1.4900e+01  14 8.06685e-01  
 33.3 1.5023e+01  14 8.13224e-01  
 33.4 1.5138e+01  14 8.19821e-01  
 33.5 1.5258e+01  14 8.26411e-01  
 33.6 1.5380e+01  14 8.33011e-01  
 33.7 1.5489e+01  14 8.39682e-01  
 33.8 1.5613e+01  14 8.46309e-01  
 33.9 1.5732e+01  14 8.52970e-01  
 34.0 1.5854e+01  14 8.59637e-01  
 34.1 1.5965e+01  14 8.66358e-01  
 34.2 1.6089e+01  14 8.73053e-01  
 34.3 1.6214e+01  14 8.79763e-01  
 34.4 1.6331e+01  14 8.86512e-01  
 34.5 1.6443e+01  14 8.93290e-01  
 34.6 1.6567e+01  14 9.00052e-01  
 34.7 1.6681e+01  14 9.06854e-01  
 34.8 1.6800e+01  14 9.13659e-01  
 34.9 1.6925e+01  14 9.20469e-01  
 35.0 1.7047e+01  14 9.27300e-01  
 35.1 1.7155e+01  14 9.34169e-01  
 35.2 1.7274e+01  14 9.41034e-01  
 35.3 1.7394e+01  14 9.47914e-01  
 35.4 1.7517e+01  14 9.54806e-01  
 35.5 1.7644e+01  14 9.61710e-01  
 35.6 1.7762e+01  14 9.68639e-01  
 35.7 1.7879e+01  14 9.75581e-01  
 35.8 1.7996e+01  14 9.82538e-01  
 35.9 1.8113e+01  14 9.89509e-01  
 36.0 1.8229e+01  14 9.96494e-01  
 36.1 1.8285e+01  14 1.00000e+00  
 36.2 1.8279e+01  14 1.00000e+00  
 36.3 1.8273e+01  14 1.00000e+00  
 36.4 1.8266e+01  14 1.00000e+00  
 36.5 1.8261e+01  14 1.00000e+00  
 36.6 1.8255e+01  14 1.00000e+00  
 36.7 1.8250e+01  14 1.00000e+00  
 36.8 1.8134e+01  14 1.00000e+00  
 36.9 1.8128e+01  14 1.00000e+00  
 37.0 1.8122e+01  14 1.00000e+00  
 37.1 1.8116e+01  14 1.00000e+00  
 37.2 1.8109e+01  14 1.00000e+00  
 37.3 1.8102e+01  14 1.00000e+00  
 37.4 1.7973e+01  14 1.00000e+00  
 37.5 1.7966e+01  14 1.00000e+00  
 37.6 1.7958e+01  14 1.00000e+00  
 37.7 1.7950e+01  14 1.00000e+00  
 37.8 1.7942e+01  14 1.00000e+00  
 37.9 1.7810e+01  14 1.00000e+00  
 38.0 1.7802e+01  14 1.00000e+00  
 38.1 1.7793e+01  14 1.00000e+00  
 38.2 1.7784e+01  14 1.00000e+00  
 38.3 1.7774e+01  14 1.00000e+00  
 38.4 1.7633e+01  14 1.00000e+00  
 38.5 1.6317e+01  14 1.00000e+00  
 38.6 1.4985e+01  14 1.00000e+00  
 38.7 1.4215e+01  14 1.00000e+00  
 38.8 1.4035e+01  14 1.00000e+00  
 38.9 1.3997e+01  14 1.00000e+00  
 39.0 1.3948e+01  14 1.00000e+00  
 39.1 1.3918e+01  14 1.00000e+00  
 39.2 1.3760e+01  14 1.00000e+00  
 39.3 1.3650e+01  14 1.00000e+00  
 39.4 1.3610e+01  14 1.00000e+00  
 39.5 1.3594e+01  14 1.00000e+00  
 39.6 1.3470e+01  14 1.00000e+00  
 39.7 1.3427e+01  14 1.00000e+00  
 39.8 1.3309e+01  14 1.00000e+00  
 39.9 1.3298e+01  14 1.00000e+00  
 40.0 1.3247e+01  14 1.00000e+00  
 40.1 1.3226e+01  14 1.00000e+00  
 40.2 1.2868e+01  14 9.85961e-01  
 40.3 1.2786e+01  14 9.81800e-01  
 40.4 1.2689e+01  14 9.76873e-01  
 40.5 1.2650e+01  14 9.74860e-01  
 40.6 1.2572e+01  14 9.70884e-01  
 40.7 1.2109e+01  14 9.47025e-01  
 40.8 1.2081e+01  14 9.45558e-01  
 40.9 1.2047e+01  14 9.43781e-01  
 41.0 1.2003e+01  14 9.41529e-01  
 41.1 1.1689e+01  14 9.25121e-01  
 41.2 1.1527e+01  14 9.16643e-01  
 41.3 1.1489e+01  14 9.14603e-01  
 41.4 1.1461e+01  14 9.13159e-01  
 41.5 1.1424e+01  14 9.11222e-01  
 41.6 1.1373e+01  14 9.08517e-01  
 41.7 1.1199e+01  14 8.99325e-01  
 41.8 1.1030e+01  14 8.90349e-01  
 41.9 1.0904e+01  14 8.83612e-01  
 42.0 1.0864e+01  14 8.81454e-01  
 42.1 1.0814e+01  14 8.78779e-01  
 42.2 1.0662e+01  14 8.70681e-01  
 42.3 1.0568e+01  14 8.65584e-01  
 42.4 1.0447e+01  14 8.59097e-01  
 42.5 1.0363e+01  14 8.54537e-01  
 42.6 1.0321e+01  14 8.52282e-01  
 42.7 1.0277e+01  14 8.49902e-01  
 42.8 1.0124e+01  14 8.41598e-01  
 42.9 1.0162e+01  14 8.43659e-01  
 43.0 1.0175e+01  14 8.44367e-01  
 43.1 1.0262e+01  14 8.49057e-01  
 43.2 1.0370e+01  14 8.54903e-01  
 43.3 1.0495e+01  14 8.61656e-01  
 43.4 1.0517e+01  14 8.62860e-01  
 43.5 1.0541e+01  14 8.64122e-01  
 43.6 1.0548e+01  14 8.64531e-01  
 43.7 1.0665e+01  14 8.70820e-01  
 43.8 1.0765e+01  14 8.76168e-01  
 43.9 1.0903e+01  14 8.83547e-01  
 44.0 1.0960e+01  14 8.86573e-01  
 44.1 1.1011e+01  14 8.89316e-01  
 44.2 1.1066e+01  14 8.92236e-01  
 44.3 1.1119e+01  14 8.95078e-01  
 44.4 1.1171e+01  14 8.97830e-01  
 44.5 1.1220e+01  14 9.00394e-01  
 44.6 1.1261e+01  14 9.02586e-01  
 44.7 1.1322e+01  14 9.05830e-01  
 44.8 1.1451e+01  14 9.12630e-01  
 44.9 1.1564e+01  14 9.18547e-01  
 45.0 1.1651e+01  14 9.23123e-01  
 45.1 1.1732e+01  14 9.27353e-01  
 45.2 1.1875e+01  14 9.34847e-01  
 45.3 1.1957e+01  14 9.39098e-01  
 45.4 1.2009e+01  14 9.41831e-01  
 45.5 1.2065e+01  14 9.44708e-01  
 45.6 1.2127e+01  14 9.47954e-01  
 45.7 1.2184e+01  14 9.50893e-01  
 45.8 1.2238e+01  14 9.53698e-01  
 45.9 1.2283e+01  14 9.55988e-01  
 46.0 1.2333e+01  14 9.58574e-01  
 46.1 1.2462e+01  14 9.65207e-01  
 46.2 1.2593e+01  14 9.71963e-01  
 46.3 1.2695e+01  14 9.77142e-01  
 46.4 1.2784e+01  14 9.81705e-01  
 46.5 1.2942e+01  14 9.89713e-01  
 46.6 1.3011e+01  14 9.93239e-01  
 46.7 1.3081e+01  14 9.96759e-01  
 46.8 1.3141e+01  14 9.99796e-01  
 46.9 1.3166e+01  14 1.00000e+00  
 47.0 1.3193e+01  14 1.00000e+00  
 47.1 1.3215e+01  14 1.00000e+00  
 47.2 1.3236e+01  14 1.00000e+00  
 47.3 1.3253e+01  14 1.00000e+00  
 47.4 1.3288e+01  14 1.00000e+00  
 47.5 1.3350e+01  14 1.00000e+00  
 47.6 1.3394e+01  14 1.00000e+00  
 47.7 1.3430e+01  14 1.00000e+00  
 47.8 1.3469e+01  14 1.00000e+00  
 47.9 1.3532e+01  14 1.00000e+00  
 48.0 1.3556e+01  14 1.00000e+00  
 48.1 1.3586e+01  14 1.00000e+00  
 48.2 1.3610e+01  14 1.00000e+00  
 48.3 1.3634e+01  14 1.00000e+00  
 48.4 1.3658e+01  14 1.00000e+00  
 48.5 1.3681e+01  14 1.00000e+00  
 48.6 1.3703e+01  14 1.00000e+00  
 48.7 1.3714e+01  14 1.00000e+00  
 48.8 1.3756e+01  14 1.00000e+00  
 48.9 1.3816e+01  14 1.00000e+00  
 49.0 1.3859e+01  14 1.00000e+00  
 49.1 1.3898e+01  14 1.00000e+00  
 49.2 1.3932e+01  14 1.00000e+00  
 49.3 1.3998e+01  14 1.00000e+00  
 49.4 1.4023e+01  14 1.00000e+00  
 49.5 1.4052e+01  14 1.00000e+00  
 49.6 1.4076e+01  14 1.00000e+00  
 49.7 1.4101e+01  14 1.00000e+00  
 49.8 1.4124e+01  14 1.00000e+00  
 49.9 1.4148e+01  14 1.00000e+00  
 50.0 1.4171e+01  14 1.00000e+00  
 50.1 1.4190e+01  14 1.00000e+00  
 50.2 1.4221e+01  14 1.00000e+00  
 50.3 1.4262e+01  14 1.00000e+00  
 50.4 1.4317e+01  14 1.00000e+00  
 50.5 1.4357e+01  14 1.00000e+00  
 50.6 1.4402e+01  14 1.00000e+00  
 50.7 1.4437e+01  14 1.00000e+00  
 50.8 1.4469e+01  14 1.00000e+00  
 50.9 1.4531e+01  14 1.00000e+00  
 51.0 1.4560e+01  14 1.00000e+00  
 51.1 1.4578e+01  14 1.00000e+00  
 51.2 1.4607e+01  14 1.00000e+00  
 51.3 1.4626e+01  14 1.00000e+00  
 51.4 1.4647e+01  14 1.00000e+00  
 51.5 1.4672e+01  14 1.00000e+00  
 51.6 1.4690e+01  14 1.00000e+00  
 51.7 1.4730e+01  14 1.00000e+00  
 51.8 1.4772e+01  14 1.00000e+00  
 51.9 1.4826e+01  14 1.00000e+00  
 52.0 1.4868e+01  14 1.00000e+00  
 52.1 1.4907e+01  14 1.00000e+00  
 52.2 1.4940e+01  14 1.00000e+00  
 52.3 1.4978e+01  14 1.00000e+00  
 52.4 1.5038e+01  14 1.00000e+00  
 52.5 1.5071e+01  14 1.00000e+00  
 52.6 1.5093e+01  14 1.00000e+00  
 52.7 1.5117e+01  14 1.00000e+00  
 52.8 1.5139e+01  14 1.00000e+00  
 52.9 1.5165e+01  14 1.00000e+00  
 53.0 1.5186e+01  14 1.00000e+00  
 53.1 1.5213e+01  14 1.00000e+00  
 53.2 1.5231e+01  14 1.00000e+00  
 53.3 1.5279e+01  14 1.00000e+00  
 53.4 1.5316e+01  14 1.00000e+00  
 53.5 1.5366e+01  14 1.00000e+00  
 53.6 1.5415e+01  14 1.00000e+00  
 53.7 1.5454e+01  14 1.00000e+00  
 53.8 1.5490e+01  14 1.00000e+00  
 53.9 1.5524e+01  14 1.00000e+00  
 54.0 1.5582e+01  14 1.00000e+00  
 54.1 1.5616e+01  14 1.00000e+00  
 54.2 1.5634e+01  14 1.00000e+00  
 54.3 1.5665e+01  14 1.00000e+00  
 54.4 1.5690e+01  14 1.00000e+00  
 54.5 1.5710e+01  14 1.00000e+00  
 54.6 1.5732e+01  14 1.00000e+00  
 54.7 1.5760e+01  14 1.00000e+00  
 54.8 1.5779e+01  14 1.00000e+00  
 54.9 1.5830e+01  14 1.00000e+00  
 55.0 1.5870e+01  14 1.00000e+00  
 55.1 1.5909e+01  14 1.00000e+00  
 55.2 1.5964e+01  14 1.00000e+00  
 55.3 1.6005e+01  14 1.00000e+00  
 55.4 1.6042e+01  14 1.00000e+00  
 55.5 1.6078e+01  14 1.00000e+00  
 55.6 1.6103e+01  14 1.00000e+00  
 55.7 1.6174e+01  14 1.00000e+00  
 55.8 1.6198e+01  14 1.00000e+00  
 55.9 1.6228e+01  14 1.00000e+00  
 56.0 1.6254e+01  14 1.00000e+00  
 56.1 1.6279e+01  14 1.00000e+00  
 56.2 1.6300e+01  14 1.00000e+00  
 56.3 1.6325e+01  14 1.00000e+00  
 56.4 1.6342e+01  14 1.00000e+00  
 56.5 1.6369e+01  14 1.00000e+00  
 56.6 1.6413e+01  14 1.00000e+00  
 56.7 1.6464e+01  14 1.00000e+00  
 56.8 1.6501e+01  14 1.00000e+00  
 56.9 1.6554e+01  14 1.00000e+00  
 57.0 1.6599e+01  14 1.00000e+00  
 57.1 1.6636e+01  14 1.00000e+00  
 57.2 1.6672e+01  14 1.00000e+00  
 57.3 1.6701e+01  14 1.00000e+00  
 57.4 1.6769e+01  14 1.00000e+00  
 57.5 1.6798e+01  14 1.00000e+00  
 57.6 1.6817e+01  14 1.00000e+00  
 57.7 1.6846e+01  14 1.00000e+00  
 57.8 1.6872e+01  14 1.00000e+00  
 57.9 1.6898e+01  14 1.00000e+00  
 58.0 1.6922e+01  14 1.00000e+00  
 58.1 1.6942e+01  14 1.00000e+00  
 58.2 1.6965e+01  14 1.00000e+00  
 58.3 1.7000e+01  14 1.00000e+00  
 58.4 1.7044e+01  14 1.00000e+00  
 58.5 1.7094e+01  14 1.00000e+00  
 58.6 1.7126e+01  14 1.00000e+00  
 58.7 1.7183e+01  14 1.00000e+00  
 58.8 1.7218e+01  14 1.00000e+00  
 58.9 1.7262e+01  14 1.00000e+00  
 59.0 1.7287e+01  14 1.00000e+00  
 59.1 1.7328e+01  14 1.00000e+00  
 59.2 1.7393e+01  14 1.00000e+00  
 59.3 1.7419e+01  14 1.00000e+00  
 59.4 1.7448e+01  14 1.00000e+00  
 59.5 1.7465e+01  14 1.00000e+00  
 59.6 1.7497e+01  14 1.00000e+00  
 59.7 1.7524e+01  14 1.00000e+00  
 59.8 1.7548e+01  14 1.00000e+00  
 59.9 1.7562e+01  14 1.00000e+00  
 60.0 1.7587e+01  14 1.00000e+00  
 60.1 1.7624e+01  14 1.00000e+00  
 60.2 1.7672e+01  14 1.00000e+00  
 60.3 1.7714e+01  14 1.00000e+00  
 60.4 1.7773e+01  14 1.00000e+00  
 60.5 1.7819e+01  14 1.00000e+00  
 60.6 1.7864e+01  14 1.00000e+00  
 60.7 1.7896e+01  14 1.00000e+00  
 60.8 1.7933e+01  14 1.00000e+00  
 60.9 1.7972e+01  14 1.00000e+00  
 61.0 1.8004e+01  14 1.00000e+00  
 61.1 1.8049e+01  14 1.00000e+00  
 61.2 1.8094e+01  14 1.00000e+00  
 61.3 1.8115e+01  14 1.00000e+00  
 61.4 1.8145e+01  14 1.00000e+00  
 61.5 1.8167e+01  14 1.00000e+00  
 61.6 1.8190e+01  14 1.00000e+00  
 61.7 1.8216e+01  14 1.00000e+00  
 61.8 1.8237e+01  14 1.00000e+00  
 61.9 1.8261e+01  14 1.00000e+00  
 62.0 1.8309e+01  14 1.00000e+00  
 62.1 1.8357e+01  14 1.00000e+00  
 62.2 1.8400e+01  14 1.00000e+00  
 62.3 1.8436e+01  14 1.00000e+00  
 62.4 1.8483e+01  14 1.00000e+00  
 62.5 1.8521e+01  14 1.00000e+00  
 62.6 1.8570e+01  14 1.00000e+00  
 62.7 1.8600e+01  14 1.00000e+00  
 62.8 1.8634e+01  14 1.00000e+00  
 62.9 1.8673e+01  14 1.00000e+00  
 63.0 1.8704e+01  14 1.00000e+00  
 63.1 1.8769e+01  14 1.00000e+00  
 63.2 1.8782e+01  14 1.00000e+00  
 63.3 1.8804e+01  14 1.00000e+00  
 63.4 1.8842e+01  14 1.00000e+00  
 63.5 1.8866e+01  14 1.00000e+00  
 63.6 1.8892e+01  14 1.00000e+00  
 63.7 1.8907e+01  14 1.00000e+00  
 63.8 1.8928e+01  14 1.00000e+00  
 63.9 1.8961e+01  14 1.00000e+00  
 64.0 1.9019e+01  14 1.00000e+00  
 64.1 1.9070e+01  14 1.00000e+00  
 64.2 1.9112e+01  14 1.00000e+00  
 64.3 1.9142e+01  14 1.00000e+00  
 64.4 1.9202e+01  14 1.00000e+00  
 64.5 1.9236e+01  14 1.00000e+00  
 64.6 1.9270e+01  14 1.00000e+00  
 64.7 1.9313e+01  14 1.00000e+00  
 64.8 1.9348e+01  14 1.00000e+00  
 64.9 1.9388e+01  14 1.00000e+00  
 65.0 1.9421e+01  14 1.00000e+00  
 65.1 1.9471e+01  14 1.00000e+00  
 65.2 1.9511e+01  14 1.00000e+00  
 65.3 1.9525e+01  14 1.00000e+00  
 65.4 1.9557e+01  14 1.00000e+00  
 65.5 1.9577e+01  14 1.00000e+00  
 65.6 1.9603e+01  14 1.00000e+00  
 65.7 1.9636e+01  14 1.00000e+00  
 65.8 1.9669e+01  14 1.00000e+00  
 65.9 1.9677e+01  14 1.00000e+00  
 66.0 1.9728e+01  14 1.00000e+00  
 66.1 1.9784e+01  14 1.00000e+00  
 66.2 1.9815e+01  14 1.00000e+00  
 66.3 1.9859e+01  14 1.00000e+00  
 66.4 1.9911e+01  14 1.00000e+00  
 66.5 1.9959e+01  14 1.00000e+00  
 66.6 2.0002e+01  14 1.00000e+00  
 66.7 2.0029e+01  14 1.00000e+00  
 66.8 2.0071e+01  14 1.00000e+00  
 66.9 2.0100e+01  14 1.00000e+00  
 67.0 2.0146e+01  14 1.00000e+00  
 67.1 2.0181e+01  14 1.00000e+00  
 67.2 2.0238e+01  14 1.00000e+00  
 67.3 2.0271e+01  14 1.00000e+00  
 67.4 2.0287e+01  14 1.00000e+00  
 67.5 2.0322e+01  14 1.00000e+00  
 67.6 2.0347e+01  14 1.00000e+00  
 67.7 2.0376e+01  14 1.00000e+00  
 67.8 2.0407e+01  14 1.00000e+00  
 67.9 2.0425e+01  14 1.00000e+00  
 68.0 2.0449e+01  14 1.00000e+00  
 68.1 2.0477e+01  14 1.00000e+00  
 68.2 2.0539e+01  14 1.00000e+00  
 68.3 2.0591e+01  14 1.00000e+00  
 68.4 2.0618e+01  14 1.00000e+00  
 68.5 2.0677e+01  14 1.00000e+00  
 68.6 2.0708e+01  14 1.00000e+00  
 68.7 2.0766e+01  14 1.00000e+00  
 68.8 2.0806e+01  14 1.00000e+00  
 68.9 2.0831e+01  14 1.00000e+00  
 69.0 2.0876e+01  14 1.00000e+00  
 69.1 2.0904e+01  14 1.00000e+00  
 69.2 2.0956e+01  14 1.00000e+00  
 69.3 2.0969e+01  14 1.00000e+00  
 69.4 2.1008e+01  14 1.00000e+00  
 69.5 2.1082e+01  14 1.00000e+00  
 69.6 2.1116e+01  14 1.00000e+00  
 69.7 2.1142e+01  14 1.00000e+00  
 69.8 2.1162e+01  14 1.00000e+00  
 69.9 2.1190e+01  14 1.00000e+00  
 70.0 2.1197e+01  14 1.00000e+00  
 70.1 2.1242e+01  14 1.00000e+00  
 70.2 2.1267e+01  14 1.00000e+00  
 70.3 2.1291e+01  14 1.00000e+00  
 70.4 2.1331e+01  14 1.00000e+00  
 70.5 2.1396e+01  14 1.00000e+00  
 70.6 2.1443e+01  14 1.00000e+00  
 70.7 2.1487e+01  14 1.00000e+00  
 70.8 2.1528e+01  14 1.00000e+00  
 70.9 2.1567e+01  14 1.00000e+00  
 71.0 2.1599e+01  14 1.00000e+00  
 71.1 2.1659e+01  14 1.00000e+00  
 71.2 2.1682e+01  14 1.00000e+00  
 71.3 2.1727e+01  14 1.00000e+00  
 71.4 2.1757e+01  14 1.00000e+00  
 71.5 2.1807e+01  14 1.00000e+00  
 71.6 2.1832e+01  14 1.00000e+00  
 71.7 2.1861e+01  14 1.00000e+00  
 71.8 2.1942e+01  14 1.00000e+00  
 71.9 2.1971e+01  14 1.00000e+00  
 72.0 2.1997e+01  14 1.00000e+00  
 72.1 2.2020e+01  14 1.00000e+00  
 72.2 2.2052e+01  14 1.00000e+00  
 72.3 2.2059e+01  14 1.00000e+00  
 72.4 2.2106e+01  14 1.00000e+00  
 72.5 2.2129e+01  14 1.00000e+00  
 72.6 2.2156e+01  14 1.00000e+00  
 72.7 2.2184e+01  14 1.00000e+00  
 72.8 2.2245e+01  14 1.00000e+00  
 72.9 2.2295e+01  14 1.00000e+00  
 73.0 2.2336e+01  14 1.00000e+00  
 73.1 2.2380e+01  14 1.00000e+00  
 73.2 2.2429e+01  14 1.00000e+00  
 73.3 2.2458e+01  14 1.00000e+00  
 73.4 2.2494e+01  14 1.00000e+00  
 73.5 2.2560e+01  14 1.00000e+00  
 73.6 2.2594e+01  14 1.00000e+00  
 73.7 2.2621e+01  14 1.00000e+00  
 73.8 2.2674e+01  14 1.00000e+00  
 73.9 2.2708e+01  14 1.00000e+00  
 74.0 2.2743e+01  14 1.00000e+00  
 74.1 2.2761e+01  14 1.00000e+00  
 74.2 2.2857e+01  14 1.00000e+00  
 74.3 2.2878e+01  14 1.00000e+00  
 74.4 2.2890e+01  14 1.00000e+00  
 74.5 2.2931e+01  14 1.00000e+00  
 74.6 2.2945e+01  14 1.00000e+00  
 74.7 2.2985e+01  14 1.00000e+00  
 74.8 2.2994e+01  14 1.00000e+00  
 74.9 2.3040e+01  14 1.00000e+00  
 75.0 2.3066e+01  14 1.00000e+00  
 75.1 2.3078e+01  14 1.00000e+00  
 75.2 2.3140e+01  14 1.00000e+00  
 75.3 2.3192e+01  14 1.00000e+00  
 75.4 2.3247e+01  14 1.00000e+00  
 75.5 2.3294e+01  14 1.00000e+00  
 75.6 2.3338e+01  14 1.00000e+00  
 75.7 2.3366e+01  14 1.00000e+00  
 75.8 2.3416e+01  14 1.00000e+00  
 75.9 2.3453e+01  14 1.00000e+00  
 76.0 2.3510e+01  14 1.00000e+00  
 76.1 2.3552e+01  14 1.00000e+00  
 76.2 2.3591e+01  14 1.00000e+00  
 76.3 2.3629e+01  14 1.00000e+00  
 76.4 2.3665e+01  14 1.00000e+00  
 76.5 2.3687e+01  14 1.00000e+00  
 76.6 2.3734e+01  14 1.00000e+00  
 76.7 2.3768e+01  14 1.00000e+00  
 76.8 2.3848e+01  14 1.00000e+00  
 76.9 2.3869e+01  14 1.00000e+00  
 77.0 2.3893e+01  14 1.00000e+00  
 77.1 2.3906e+01  14 1.00000e+00  
 77.2 2.3954e+01  14 1.00000e+00  
 77.3 2.3975e+01  14 1.00000e+00  
 77.4 2.4003e+01  14 1.00000e+00  
 77.5 2.4030e+01  14 1.00000e+00  
 77.6 2.4057e+01  14 1.00000e+00  
 77.7 2.4077e+01  14 1.00000e+00  
 77.8 2.4140e+01  14 1.00000e+00  
 77.9 2.4198e+01  14 1.00000e+00  
 78.0 2.4237e+01  14 1.00000e+00  
 78.1 2.4273e+01  14 1.00000e+00  
 78.2 2.4339e+01  14 1.00000e+00  
 78.3 2.4376e+01  14 1.00000e+00  
 78.4 2.4422e+01  14 1.00000e+00  
 78.5 2.4461e+01  14 1.00000e+00  
 78.6 2.4507e+01  14 1.00000e+00  
 78.7 2.4556e+01  14 1.00000e+00  
 78.8 2.4597e+01  14 1.00000e+00  
 78.9 2.4636e+01  14 1.00000e+00  
 79.0 2.4689e+01  14 1.00000e+00  
 79.1 2.4731e+01  14 1.00000e+00  
 79.2 2.4758e+01  14 1.00000e+00  
 79.3 2.4798e+01  14 1.00000e+00  
 79.4 2.4882e+01  14 1.00000e+00  
 79.5 2.4904e+01  14 1.00000e+00  
 79.6 2.4922e+01  14 1.00000e+00  
 79.7 2.4944e+01  14 1.00000e+00  
 79.8 2.4990e+01  14 1.00000e+00  
 79.9 2.5018e+01  14 1.00000e+00  
 80.0 2.5039e+01  14 1.00000e+00  
 80.1 2.5064e+01  14 1.00000e+00  
 80.2 2.5093e+01  14 1.00000e+00  
 80.3 2.5130e+01  14 1.00000e+00  
 80.4 2.5170e+01  14 1.00000e+00  
 80.5 2.5229e+01  14 1.00000e+00  
 80.6 2.5268e+01  14 1.00000e+00  
 80.7 2.5320e+01  14 1.00000e+00  
 80.8 2.5365e+01  14 1.00000e+00  
 80.9 2.5426e+01  14 1.00000e+00  
 81.0 2.5465e+01  14 1.00000e+00  
 81.1 2.5513e+01  14 1.00000e+00  
 81.2 2.5553e+01  14 1.00000e+00  
 81.3 2.5590e+01  14 1.00000e+00  
 81.4 2.5644e+01  14 1.00000e+00  
 81.5 2.5687e+01  14 1.00000e+00  
 81.6 2.5726e+01  14 1.00000e+00  
 81.7 2.5757e+01  14 1.00000e+00  
 81.8 2.5800e+01  14 1.00000e+00  
 81.9 2.5836e+01  14 1.00000e+00  
 82.0 2.5872e+01  14 1.00000e+00  
 82.1 2.5896e+01  14 1.00000e+00  
 82.2 2.5991e+01  14 1.00000e+00  
 82.3 2.6002e+01  14 1.00000e+00  
 82.4 2.6040e+01  14 1.00000e+00  
 82.5 2.6071e+01  14 1.00000e+00  
 82.6 2.6101e+01  14 1.00000e+00  
 82.7 2.6131e+01  14 1.00000e+00  
 82.8 2.6158e+01  14 1.00000e+00  
 82.9 2.6185e+01  14 1.00000e+00  
 83.0 2.6216e+01  14 1.00000e+00  
 83.1 2.6246e+01  14 1.00000e+00  
 83.2 2.6265e+01  14 1.00000e+00  
 83.3 2.6325e+01  14 1.00000e+00  
 83.4 2.6389e+01  14 1.00000e+00  
 83.5 2.6444e+01  14 1.00000e+00  
 83.6 2.6494e+01  14 1.00000e+00  
 83.7 2.6539e+01  14 1.00000e+00  
 83.8 2.6567e+01  14 1.00000e+00  
 83.9 2.6629e+01  14 1.00000e+00  
 84.0 2.6675e+01  14 1.00000e+00  
 84.1 2.6715e+01  14 1.00000e+00  
 84.2 2.6755e+01  14 1.00000e+00  
 84.3 2.6801e+01  14 1.00000e+00  
 84.4 2.6847e+01  14 1.00000e+00  
 84.5 2.6888e+01  14 1.00000e+00  
 84.6 2.6923e+01  14 1.00000e+00  
 84.7 2.6963e+01  14 1.00000e+00  
 84.8 2.7007e+01  14 1.00000e+00  
 84.9 2.7028e+01  14 1.00000e+00  
 85.0 2.7079e+01  14 1.00000e+00  
 85.1 2.7112e+01  14 1.00000e+00  
 85.2 2.7181e+01  14 1.00000e+00  
 85.3 2.7223e+01  14 1.00000e+00  
 85.4 2.7250e+01  14 1.00000e+00  
 85.5 2.7255e+01  14 1.00000e+00  
 85.6 2.7288e+01  14 1.00000e+00  
 85.7 2.7317e+01  14 1.00000e+00  
 85.8 2.7346e+01  14 1.00000e+00  
 85.9 2.7379e+01  14 1.00000e+00  
 86.0 2.7419e+01  14 1.00000e+00  
 86.1 2.7455e+01  14 1.00000e+00  
 86.2 2.7483e+01  14 1.00000e+00  
 86.3 2.7544e+01  14 1.00000e+00  
 86.4 2.7605e+01  14 1.00000e+00  
 86.5 2.7660e+01  14 1.00000e+00  
 86.6 2.7711e+01  14 1.00000e+00  
 86.7 2.7753e+01  14 1.00000e+00  
 86.8 2.7807e+01  14 1.00000e+00  
 86.9 2.7848e+01  14 1.00000e+00  
 87.0 2.7897e+01  14 1.00000e+00  
 87.1 2.7939e+01  14 1.00000e+00  
 87.2 2.7980e+01  14 1.00000e+00  
 87.3 2.8034e+01  14 1.00000e+00  
 87.4 2.8060e+01  14 1.00000e+00  
 87.5 2.8105e+01  14 1.00000e+00  
 87.6 2.8144e+01  14 1.00000e+00  
 87.7 2.8200e+01  14 1.00000e+00  
 87.8 2.8239e+01  14 1.00000e+00  
 87.9 2.8267e+01  14 1.00000e+00  
 88.0 2.8313e+01  14 1.00000e+00  
 88.1 2.8344e+01  14 1.00000e+00  
 88.2 2.8385e+01  14 1.00000e+00  
 88.3 2.8473e+01  14 1.00000e+00  
 88.4 2.8494e+01  14 1.00000e+00  
 88.5 2.8520e+01  14 1.00000e+00  
 88.6 2.8555e+01  14 1.00000e+00  
 88.7 2.8588e+01  14 1.00000e+00  
 88.8 2.8620e+01  14 1.00000e+00  
 88.9 2.8651e+01  14 1.00000e+00  
 89.0 2.8683e+01  14 1.00000e+00  
 89.1 2.8712e+01  14 1.00000e+00  
 89.2 2.8729e+01  14 1.00000e+00  
 89.3 2.8773e+01  14 1.00000e+00  
 89.4 2.8809e+01  14 1.00000e+00  
 89.5 2.8870e+01  14 1.00000e+00  
 89.6 2.8929e+01  14 1.00000e+00  
 89.7 2.8983e+01  14 1.00000e+00  
 89.8 2.9034e+01  14 1.00000e+00  
 89.9 2.9085e+01  14 1.00000e+00  
 90.0 2.9133e+01  14 1.00000e+00  
 90.1 2.9174e+01  14 1.00000e+00  
 90.2 2.9223e+01  14 1.00000e+00  
 90.3 2.9268e+01  14 1.00000e+00  
 90.4 2.9309e+01  14 1.00000e+00  
 90.5 2.9348e+01  14 1.00000e+00  
 90.6 2.9408e+01  14 1.00000e+00  
 90.7 2.9441e+01  14 1.00000e+00  
 90.8 2.9493e+01  14 1.00000e+00  
 90.9 2.9535e+01  14 1.00000e+00  
 91.0 2.9573e+01  14 1.00000e+00  
 91.1 2.9601e+01  14 1.00000e+00  
 91.2 2.9650e+01  14 1.00000e+00  
 91.3 2.9681e+01  14 1.00000e+00  
 91.4 2.9723e+01  14 1.00000e+00  
 91.5 2.9749e+01  14 1.00000e+00  
 91.6 2.9831e+01  14 1.00000e+00  
 91.7 2.9874e+01  14 1.00000e+00  
 91.8 2.9904e+01  14 1.00000e+00  
 91.9 2.9918e+01  14 1.00000e+00  
 92.0 2.9952e+01  14 1.00000e+00  
 92.1 2.9989e+01  14 1.00000e+00  
 92.2 3.0031e+01  14 1.00000e+00  
 92.3 3.0066e+01  14 1.00000e+00  
 92.4 3.0096e+01  14 1.00000e+00  
 92.5 3.0116e+01  14 1.00000e+00  
 92.6 3.0160e+01  14 1.00000e+00  
 92.7 3.0178e+01  14 1.00000e+00  
 92.8 3.0233e+01  14 1.00000e+00  
 92.9 3.0291e+01  14 1.00000e+00  
 93.0 3.0359e+01  14 1.00000e+00  
 93.1 3.0423e+01  14 1.00000e+00  
 93.2 3.0476e+01  14 1.00000e+00  
 93.3 3.0517e+01  14 1.00000e+00  
 93.4 3.0575e+01  14 1.00000e+00  
 93.5 3.0599e+01  14 1.00000e+00  
 93.6 3.0662e+01  14 1.00000e+00  
 93.7 3.0711e+01  14 1.00000e+00  
 93.8 3.0755e+01  14 1.00000e+00  
 93.9 3.0796e+01  14 1.00000e+00  
 94.0 3.0856e+01  14 1.00000e+00  
 94.1 3.0901e+01  14 1.00000e+00  
 94.2 3.0944e+01  14 1.00000e+00  
 94.3 3.0986e+01  14 1.00000e+00  
 94.4 3.1023e+01  14 1.00000e+00  
 94.5 3.1046e+01  14 1.00000e+00  
 94.6 3.1099e+01  14 1.00000e+00  
 94.7 3.1129e+01  14 1.00000e+00  
 94.8 3.1174e+01  14 1.00000e+00  
 94.9 3.1209e+01  14 1.00000e+00  
 95.0 3.1248e+01  14 1.00000e+00  
 95.1 3.1313e+01  14 1.00000e+00  
 95.2 3.1342e+01  14 1.00000e+00  
 95.3 3.1387e+01  14 1.00000e+00  
 95.4 3.1430e+01  14 1.00000e+00  
 95.5 3.1463e+01  14 1.00000e+00  
 95.6 3.1490e+01  14 1.00000e+00  
 95.7 3.1517e+01  14 1.00000e+00  
 95.8 3.1562e+01  14 1.00000e+00  
 95.9 3.1593e+01  14 1.00000e+00  
 96.0 3.1616e+01  14 1.00000e+00  
 96.1 3.1658e+01  14 1.00000e+00  
 96.2 3.1680e+01  14 1.00000e+00  
 96.3 3.1746e+01  14 1.00000e+00  
 96.4 3.1808e+01  14 1.00000e+00  
 96.5 3.1866e+01  14 1.00000e+00  
 96.6 3.1920e+01  14 1.00000e+00  
 96.7 3.1956e+01  14 1.00000e+00  
 96.8 3.2028e+01  14 1.00000e+00  
 96.9 3.2074e+01  14 1.00000e+00  
 97.0 3.2128e+01  14 1.00000e+00  
 97.1 3.2161e+01  14 1.00000e+00  
 97.2 3.2209e+01  14 1.00000e+00  
 97.3 3.2262e+01  14 1.00000e+00  
 97.4 3.2308e+01  14 1.00000e+00  
 97.5 3.2349e+01  14 1.00000e+00  
 97.6 3.2382e+01  14 1.00000e+00  
 97.7 3.2457e+01  14 1.00000e+00  
 97.8 3.2546e+01  14 1.00000e+00  
 97.9 3.2577e+01  14 1.00000e+00  
 98.0 3.2626e+01  14 1.00000e+00  
 98.1 3.2671e+01  14 1.00000e+00  
 98.2 3.2708e+01  14 1.00000e+00  
 98.3 3.2735e+01  14 1.00000e+00  
 98.4 3.2789e+01  14 1.00000e+00  
 98.5 3.2813e+01  14 1.00000e+00  
 98.6 3.2865e+01  14 1.00000e+00  
 98.7 3.2955e+01  14 1.00000e+00  
 98.8 3.2983e+01  14 1.00000e+00  
 98.9 3.2997e+01  14 1.00000e+00  
 99.0 3.3051e+01  14 1.00000e+00  
 99.1 3.3088e+01  14 1.00000e+00  
 99.2 3.3097e+01  14 1.00000e+00  
 99.3 3.3126e+01  14 1.00000e+00  
 99.4 3.3178e+01  14 1.00000e+00  
 99.5 3.3215e+01  14 1.00000e+00  
 99.6 3.3240e+01  14 1.00000e+00  
 99.7 3.3282e+01  14 1.00000e+00  
 99.8 3.3310e+01  14 1.00000e+00  
 99.9 3.3365e+01  14 1.00000e+00  
100.0 3.3423e+01  14 1.00000e+00  
100.1 3.3472e+01  14 1.00000e+00  
100.2 3.3545e+01  14 1.00000e+00  
100.3 3.3603e+01  14 1.00000e+00  
100.4 3.3646e+01  14 1.00000e+00  
100.5 3.3709e+01  14 1.00000e+00  
100.6 3.3751e+01  14 1.00000e+00  
100.7 3.3811e+01  14 1.00000e+00  
100.8 3.3858e+01  14 1.00000e+00  
100.9 3.3884e+01  14 1.00000e+00  
101.0 3.3940e+01  14 1.00000e+00  
101.1 3.3980e+01  14 1.00000e+00  
101.2 3.4019e+01  14 1.00000e+00  
101.3 3.4063e+01  14 1.00000e+00  
101.4 3.4132e+01  14 1.00000e+00  
101.5 3.4170e+01  14 1.00000e+00  
101.6 3.4218e+01  14 1.00000e+00  
101.7 3.4270e+01  14 1.00000e+00  
101.8 3.4324e+01  14 1.00000e+00  
101.9 3.4365e+01  14 1.00000e+00  
102.0 3.4393e+01  14 1.00000e+00  
102.1 3.4439e+01  14 1.00000e+00  
102.2 3.4487e+01  14 1.00000e+00  
102.3 3.4514e+01  14 1.00000e+00  
102.4 3.4565e+01  14 1.00000e+00  
102.5 3.4599e+01  14 1.00000e+00  
102.6 3.4689e+01  14 1.00000e+00  
102.7 3.4726e+01  14 1.00000e+00  
102.8 3.4760e+01  14 1.00000e+00  
102.9 3.4781e+01  14 1.00000e+00  
103.0 3.4834e+01  14 1.00000e+00  
103.1 3.4855e+01  14 1.00000e+00  
103.2 3.4898e+01  14 1.00000e+00  
103.3 3.4940e+01  14 1.00000e+00  
103.4 3.4954e+01  14 1.00000e+00  
103.5 3.5010e+01  14 1.00000e+00  
103.6 3.5027e+01  14 1.00000e+00  
103.7 3.5079e+01  14 1.00000e+00  
103.8 3.5107e+01  14 1.00000e+00  
103.9 3.5159e+01  14 1.00000e+00  
104.0 3.5203e+01  14 1.00000e+00  
104.1 3.5285e+01  14 1.00000e+00  
104.2 3.5347e+01  14 1.00000e+00  
104.3 3.5390e+01  14 1.00000e+00  
104.4 3.5458e+01  14 1.00000e+00  
104.5 3.5514e+01  14 1.00000e+00  
104.6 3.5553e+01  14 1.00000e+00  
104.7 3.5609e+01  14 1.00000e+00  
104.8 3.5666e+01  14 1.00000e+00  
104.9 3.5715e+01  14 1.00000e+00  
105.0 3.5762e+01  14 1.00000e+00  
105.1 3.5808e+01  14 1.00000e+00  
105.2 3.5851e+01  14 1.00000e+00  
105.3 3.5900e+01  14 1.00000e+00  
105.4 3.5944e+01  14 1.00000e+00  
105.5 3.6010e+01  14 1.00000e+00  
105.6 3.6056e+01  14 1.00000e+00  
105.7 3.6101e+01  14 1.00000e+00  
105.8 3.6145e+01  14 1.00000e+00  
105.9 3.6185e+01  14 1.00000e+00  
106.0 3.6214e+01  14 1.00000e+00  
106.1 3.6268e+01  14 1.00000e+00  
106.2 3.6312e+01  14 1.00000e+00  
106.3 3.6350e+01  14 1.00000e+00  
106.4 3.6375e+01  14 1.00000e+00  
106.5 3.6435e+01  14 1.00000e+00  
106.6 3.6470e+01  14 1.00000e+00  
106.7 3.6512e+01  14 1.00000e+00  
106.8 3.6606e+01  14 1.00000e+00  
106.9 3.6607e+01  14 1.00000e+00  
107.0 3.6648e+01  14 1.00000e+00  
107.1 3.6662e+01  14 1.00000e+00  
107.2 3.6723e+01  14 1.00000e+00  
107.3 3.6741e+01  14 1.00000e+00  
107.4 3.6796e+01  14 1.00000e+00  
107.5 3.6829e+01  14 1.00000e+00  
107.6 3.6867e+01  14 1.00000e+00  
107.7 3.6902e+01  14 1.00000e+00  
107.8 3.6941e+01  14 1.00000e+00  
107.9 3.6952e+01  14 1.00000e+00  
108.0 3.7013e+01  14 1.00000e+00  
108.1 3.7041e+01  14 1.00000e+00  
108.2 3.7083e+01  14 1.00000e+00  
108.3 3.7155e+01  14 1.00000e+00  
108.4 3.7221e+01  14 1.00000e+00  
108.5 3.7262e+01  14 1.00000e+00  
108.6 3.7340e+01  14 1.00000e+00  
108.7 3.7394e+01  14 1.00000e+00  
108.8 3.7451e+01  14 1.00000e+00  
108.9 3.7503e+01  14 1.00000e+00  
109.0 3.7561e+01  14 1.00000e+00  
109.1 3.7599e+01  14 1.00000e+00  
109.2 3.7651e+01  14 1.00000e+00  
109.3 3.7712e+01  14 1.00000e+00  
109.4 3.7763e+01  14 1.00000e+00  
109.5 3.7812e+01  14 1.00000e+00  
109.6 3.7860e+01  14 1.00000e+00  
109.7 3.7906e+01  14 1.00000e+00  
109.8 3.7952e+01  14 1.00000e+00  
109.9 3.7996e+01  14 1.00000e+00  
110.0 3.8062e+01  14 1.00000e+00  
110.1 3.8103e+01  14 1.00000e+00  
110.2 3.8144e+01  14 1.00000e+00  
110.3 3.8178e+01  14 1.00000e+00  
110.4 3.8222e+01  14 1.00000e+00  
110.5 3.8277e+01  14 1.00000e+00  
110.6 3.8321e+01  14 1.00000e+00  
110.7 3.7754e+01  14 1.00000e+00  
110.8 3.7803e+01  14 1.00000e+00  
110.9 3.7850e+01  14 1.00000e+00  
111.0 3.7896e+01  14 1.00000e+00  
111.1 3.7942e+01  14 1.00000e+00  
111.2 3.7986e+01  14 1.00000e+00  
111.3 3.8050e+01  14 1.00000e+00  
111.4 3.8091e+01  14 1.00000e+00  
111.5 3.8133e+01  14 1.00000e+00  
111.6 3.8169e+01  14 1.00000e+00  
111.7 3.7587e+01  14 1.00000e+00  
111.8 3.7615e+01  14 1.00000e+00  
111.9 3.7684e+01  14 1.00000e+00  
112.0 3.7737e+01  14 1.00000e+00  
112.1 3.7786e+01  14 1.00000e+00  
112.2 3.7832e+01  14 1.00000e+00  
112.3 3.7878e+01  14 1.00000e+00  
112.4 3.7923e+01  14 1.00000e+00  
112.5 3.7968e+01  14 1.00000e+00  
112.6 3.8011e+01  14 1.00000e+00  
112.7 3.8071e+01  14 1.00000e+00  
112.8 3.7458e+01  14 1.00000e+00  
112.9 3.7511e+01  14 1.00000e+00  
113.0 3.7564e+01  14 1.00000e+00  
113.1 3.7599e+01  14 1.00000e+00  
113.2 3.7650e+01  14 1.00000e+00  
113.3 3.7710e+01  14 1.00000e+00  
113.4 3.7759e+01  14 1.00000e+00  
113.5 3.7806e+01  14 1.00000e+00  
113.6 3.7852e+01  14 1.00000e+00  
113.7 3.7897e+01  14 1.00000e+00  
113.8 3.7941e+01  14 1.00000e+00  
113.9 3.7984e+01  14 1.00000e+00  
114.0 3.7349e+01  14 1.00000e+00  
114.1 3.7427e+01  14 1.00000e+00  
114.2 3.7453e+01  14 1.00000e+00  
114.3 3.7530e+01  14 1.00000e+00  
114.4 3.7579e+01  14 1.00000e+00  
114.5 3.7605e+01  14 1.00000e+00  
114.6 3.7669e+01  14 1.00000e+00  
114.7 3.7724e+01  14 1.00000e+00  
114.8 3.7772e+01  14 1.00000e+00  
114.9 3.7818e+01  14 1.00000e+00  
115.0 3.7862e+01  14 1.00000e+00  
115.1 3.7217e+01  14 1.00000e+00  
115.2 3.7248e+01  14 1.00000e+00  
115.3 3.7329e+01  14 1.00000e+00  
115.4 3.7370e+01  14 1.00000e+00  
115.5 3.7436e+01  14 1.00000e+00  
115.6 3.7470e+01  14 1.00000e+00  
115.7 3.7538e+01  14 1.00000e+00  
115.8 3.7585e+01  14 1.00000e+00  
115.9 3.7608e+01  14 1.00000e+00  
116.0 3.7676e+01  14 1.00000e+00  
116.1 3.7729e+01  14 1.00000e+00  
116.2 3.7776e+01  14 1.00000e+00  
116.3 3.7096e+01  14 1.00000e+00  
116.4 3.7158e+01  14 1.00000e+00  
116.5 3.7220e+01  14 1.00000e+00  
116.6 3.7249e+01  14 1.00000e+00  
116.7 3.7331e+01  14 1.00000e+00  
116.8 3.7371e+01  14 1.00000e+00  
116.9 3.7436e+01  14 1.00000e+00  
117.0 3.7468e+01  14 1.00000e+00  
117.1 3.7536e+01  14 1.00000e+00  
117.2 3.7583e+01  14 1.00000e+00  
117.3 3.7605e+01  14 1.00000e+00  
117.4 3.6982e+01  14 1.00000e+00  
117.5 3.7020e+01  14 1.00000e+00  
117.6 3.7043e+01  14 1.00000e+00  
117.7 3.7086e+01  14 1.00000e+00  
117.8 3.7152e+01  14 1.00000e+00  
117.9 3.7210e+01  14 1.00000e+00  
118.0 3.7250e+01  14 1.00000e+00  
118.1 3.7322e+01  14 1.00000e+00  
118.2 3.7351e+01  14 1.00000e+00  
118.3 3.7426e+01  14 1.00000e+00  
118.4 3.7451e+01  14 1.00000e+00  
118.5 3.7525e+01  14 1.00000e+00  
118.6 3.7573e+01  14 1.00000e+00  
118.7 3.6945e+01  14 1.00000e+00  
118.8 3.6957e+01  14 1.00000e+00  
118.9 3.7011e+01  14 1.00000e+00  
119.0 3.7038e+01  14 1.00000e+00  
119.1 3.7052e+01  14 1.00000e+00  
119.2 3.7135e+01  14 1.00000e+00  
119.3 3.7180e+01  14 1.00000e+00  
119.4 3.7247e+01  14 1.00000e+00  
119.5 3.7298e+01  14 1.00000e+00  
119.6 3.7351e+01  14 1.00000e+00  
119.7 3.7404e+01  14 1.00000e+00  
119.8 3.7453e+01  14 1.00000e+00  
119.9 3.7498e+01  14 1.00000e+00  
120.0 3.6883e+01  14 1.00000e+00  
120.1 3.6932e+01  14 1.00000e+00  
120.2 3.6951e+01  14 1.00000e+00  
120.3 3.6993e+01  14 1.00000e+00  
120.4 3.7027e+01  14 1.00000e+00  
120.5 3.7045e+01  14 1.00000e+00  
120.6 3.7100e+01  14 1.00000e+00  
120.7 3.7159e+01  14 1.00000e+00  
120.8 3.7218e+01  14 1.00000e+00  
120.9 3.7251e+01  14 1.00000e+00  
121.0 3.7325e+01  14 1.00000e+00  
121.1 3.7355e+01  14 1.00000e+00  
121.2 3.7426e+01  14 1.00000e+00  
121.3 3.6848e+01  14 1.00000e+00  
121.4 3.6871e+01  14 1.00000e+00  
121.5 3.6910e+01  14 1.00000e+00  
121.6 3.6943e+01  14 1.00000e+00  
121.7 3.6948e+01  14 1.00000e+00  
121.8 3.7005e+01  14 1.00000e+00  
121.9 3.7035e+01  14 1.00000e+00  
122.0 3.7047e+01  14 1.00000e+00  
122.1 3.7122e+01  14 1.00000e+00  
122.2 3.7151e+01  14 1.00000e+00  
122.3 3.7233e+01  14 1.00000e+00  
122.4 3.7272e+01  14 1.00000e+00  
122.5 3.6737e+01  14 1.00000e+00  
122.6 3.6792e+01  14 1.00000e+00  
122.7 3.6799e+01  14 1.00000e+00  
122.8 3.6855e+01  14 1.00000e+00  
122.9 3.6870e+01  14 1.00000e+00  
123.0 3.6917e+01  14 1.00000e+00  
123.1 3.6946e+01  14 1.00000e+00  
123.2 3.6961e+01  14 1.00000e+00  
123.3 3.7010e+01  14 1.00000e+00  
123.4 3.7038e+01  14 1.00000e+00  
123.5 3.7047e+01  14 1.00000e+00  
123.6 3.7128e+01  14 1.00000e+00  
123.7 3.6664e+01  14 1.00000e+00  
123.8 3.6696e+01  14 1.00000e+00  
123.9 3.6730e+01  14 1.00000e+00  
124.0 3.6745e+01  14 1.00000e+00  
124.1 3.6793e+01  14 1.00000e+00  
124.2 3.6802e+01  14 1.00000e+00  
124.3 3.6856e+01  14 1.00000e+00  
124.4 3.6870e+01  14 1.00000e+00  
124.5 3.6917e+01  14 1.00000e+00  
124.6 3.6948e+01  14 1.00000e+00  
124.7 3.6964e+01  14 1.00000e+00  
124.8 3.7013e+01  14 1.00000e+00  
124.9 3.7039e+01  14 1.00000e+00  
125.0 3.7049e+01  14 1.00000e+00  
125.1 3.7131e+01  14 1.00000e+00  
125.2 3.6664e+01  14 1.00000e+00  
125.3 3.6696e+01  14 1.00000e+00  
125.4 3.6730e+01  14 1.00000e+00  
125.5 3.6743e+01  14 1.00000e+00  
125.6 3.6792e+01  14 1.00000e+00  
125.7 3.6797e+01  14 1.00000e+00  
125.8 3.6854e+01  14 1.00000e+00  
125.9 3.6871e+01  14 1.00000e+00  
126.0 3.6914e+01  14 1.00000e+00  
126.1 3.6944e+01  14 1.00000e+00  
126.2 3.6948e+01  14 1.00000e+00  
126.3 3.7009e+01  14 1.00000e+00  
126.4 3.7036e+01  14 1.00000e+00  
126.5 3.7047e+01  14 1.00000e+00  
126.6 3.7121e+01  14 1.00000e+00  
126.7 3.7151e+01  14 1.00000e+00  
126.8 3.7229e+01  14 1.00000e+00  
126.9 3.6725e+01  14 1.00000e+00  
127.0 3.6730e+01  14 1.00000e+00  
127.1 3.6786e+01  14 1.00000e+00  
127.2 3.6800e+01  14 1.00000e+00  
127.3 3.6846e+01  14 1.00000e+00  
127.4 3.6871e+01  14 1.00000e+00  
127.5 3.6904e+01  14 1.00000e+00  
127.6 3.6937e+01  14 1.00000e+00  
127.7 3.6951e+01  14 1.00000e+00  
127.8 3.6994e+01  14 1.00000e+00  
127.9 3.7026e+01  14 1.00000e+00  
128.0 3.7046e+01  14 1.00000e+00  
128.1 3.7098e+01  14 1.00000e+00  
128.2 3.7155e+01  14 1.00000e+00  
128.3 3.7208e+01  14 1.00000e+00  
128.4 3.7258e+01  14 1.00000e+00  
128.5 3.7310e+01  14 1.00000e+00  
128.6 3.6772e+01  14 1.00000e+00  
128.7 3.6800e+01  14 1.00000e+00  
128.8 3.6831e+01  14 1.00000e+00  
128.9 3.6864e+01  14 1.00000e+00  
129.0 3.6867e+01  14 1.00000e+00  
129.1 3.6923e+01  14 1.00000e+00  
129.2 3.6949e+01  14 1.00000e+00  
129.3 3.6962e+01  14 1.00000e+00  
129.4 3.7011e+01  14 1.00000e+00  
129.5 3.7037e+01  14 1.00000e+00  
129.6 3.7047e+01  14 1.00000e+00  
129.7 3.7129e+01  14 1.00000e+00  
129.8 3.7160e+01  14 1.00000e+00  
129.9 3.7233e+01  14 1.00000e+00  
130.0 3.7266e+01  14 1.00000e+00  
130.1 3.7332e+01  14 1.00000e+00  
130.2 3.6786e+01  14 1.00000e+00  
130.3 3.6800e+01  14 1.00000e+00  
130.4 3.6845e+01  14 1.00000e+00  
130.5 3.6870e+01  14 1.00000e+00  
130.6 3.6902e+01  14 1.00000e+00  
130.7 3.6934e+01  14 1.00000e+00  
130.8 3.6951e+01  14 1.00000e+00  
130.9 3.6990e+01  14 1.00000e+00  
131.0 3.7021e+01  14 1.00000e+00  
131.1 3.7042e+01  14 1.00000e+00  
131.2 3.7067e+01  14 1.00000e+00  
131.3 3.7144e+01  14 1.00000e+00  
131.4 3.7188e+01  14 1.00000e+00  
131.5 3.7246e+01  14 1.00000e+00  
131.6 3.7289e+01  14 1.00000e+00  
131.7 3.7342e+01  14 1.00000e+00  
131.8 3.6793e+01  14 1.00000e+00  
131.9 3.6795e+01  14 1.00000e+00  
132.0 3.6852e+01  14 1.00000e+00  
132.1 3.6871e+01  14 1.00000e+00  
132.2 3.6908e+01  14 1.00000e+00  
132.3 3.6939e+01  14 1.00000e+00  
132.4 3.6951e+01  14 1.00000e+00  
132.5 3.6995e+01  14 1.00000e+00  
132.6 3.7025e+01  14 1.00000e+00  
132.7 3.7044e+01  14 1.00000e+00  
132.8 3.7078e+01  14 1.00000e+00  
132.9 3.7149e+01  14 1.00000e+00  
133.0 3.7196e+01  14 1.00000e+00  
133.1 3.7249e+01  14 1.00000e+00  
133.2 3.7294e+01  14 1.00000e+00  
133.3 3.7345e+01  14 1.00000e+00  
133.4 3.7386e+01  14 1.00000e+00  
133.5 3.6799e+01  14 1.00000e+00  
133.6 3.6852e+01  14 1.00000e+00  
133.7 3.6871e+01  14 1.00000e+00  
133.8 3.6908e+01  14 1.00000e+00  
133.9 3.6939e+01  14 1.00000e+00  
134.0 3.6951e+01  14 1.00000e+00  
134.1 3.6993e+01  14 1.00000e+00  
134.2 3.7024e+01  14 1.00000e+00  
134.3 3.7043e+01  14 1.00000e+00  
134.4 3.7071e+01  14 1.00000e+00  
134.5 3.7138e+01  14 1.00000e+00  
134.6 3.7174e+01  14 1.00000e+00  
134.7 3.7238e+01  14 1.00000e+00  
134.8 3.7285e+01  14 1.00000e+00  
134.9 3.7339e+01  14 1.00000e+00  
135.0 3.7375e+01  14 1.00000e+00  
135.1 3.7431e+01  14 1.00000e+00  
135.2 3.7452e+01  14 1.00000e+00  
135.3 3.7516e+01  14 1.00000e+00  
135.4 3.6902e+01  14 1.00000e+00  
135.5 3.6933e+01  14 1.00000e+00  
135.6 3.6951e+01  14 1.00000e+00  
135.7 3.6986e+01  14 1.00000e+00  
135.8 3.7017e+01  14 1.00000e+00  
135.9 3.7040e+01  14 1.00000e+00  
136.0 3.7047e+01  14 1.00000e+00  
136.1 3.7124e+01  14 1.00000e+00  
136.2 3.7152e+01  14 1.00000e+00  
136.3 3.7224e+01  14 1.00000e+00  
136.4 3.7251e+01  14 1.00000e+00  
136.5 3.7319e+01  14 1.00000e+00  
136.6 3.7343e+01  14 1.00000e+00  
136.7 3.7408e+01  14 1.00000e+00  
136.8 3.7451e+01  14 1.00000e+00  
136.9 3.7495e+01  14 1.00000e+00  
137.0 3.7544e+01  14 1.00000e+00  
137.1 3.7584e+01  14 1.00000e+00  
137.2 3.7605e+01  14 1.00000e+00  
137.3 3.7654e+01  14 1.00000e+00  
137.4 3.7005e+01  14 1.00000e+00  
137.5 3.7032e+01  14 1.00000e+00  
137.6 3.7046e+01  14 1.00000e+00  
137.7 3.7096e+01  14 1.00000e+00  
137.8 3.7150e+01  14 1.00000e+00  
137.9 3.7196e+01  14 1.00000e+00  
138.0 3.7248e+01  14 1.00000e+00  
138.1 3.7289e+01  14 1.00000e+00  
138.2 3.7340e+01  14 1.00000e+00  
138.3 3.7375e+01  14 1.00000e+00  
138.4 3.7430e+01  14 1.00000e+00  
138.5 3.7454e+01  14 1.00000e+00  
138.6 3.7512e+01  14 1.00000e+00  
138.7 3.7556e+01  14 1.00000e+00  
138.8 3.7593e+01  14 1.00000e+00  
138.9 3.7609e+01  14 1.00000e+00  
139.0 3.7675e+01  14 1.00000e+00  
139.1 3.7720e+01  14 1.00000e+00  
139.2 3.7759e+01  14 1.00000e+00  
139.3 3.7797e+01  14 1.00000e+00  
139.4 3.7835e+01  14 1.00000e+00  
139.5 3.7150e+01  14 1.00000e+00  
139.6 3.7217e+01  14 1.00000e+00  
139.7 3.7254e+01  14 1.00000e+00  
139.8 3.7310e+01  14 1.00000e+00  
139.9 3.7352e+01  14 1.00000e+00  
140.0 3.7396e+01  14 1.00000e+00  
140.1 3.7441e+01  14 1.00000e+00  
140.2 3.7463e+01  14 1.00000e+00  
140.3 3.7525e+01  14 1.00000e+00  
140.4 3.7566e+01  14 1.00000e+00  
140.5 3.7602e+01  14 1.00000e+00  
140.6 3.7624e+01  14 1.00000e+00  
140.7 3.7678e+01  14 1.00000e+00  
140.8 3.7722e+01  14 1.00000e+00  
140.9 3.7760e+01  14 1.00000e+00  
141.0 3.7798e+01  14 1.00000e+00  
141.1 3.7835e+01  14 1.00000e+00  
141.2 3.7871e+01  14 1.00000e+00  
141.3 3.7913e+01  14 1.00000e+00  
141.4 3.7948e+01  14 1.00000e+00  
141.5 3.7982e+01  14 1.00000e+00  
141.6 3.8036e+01  14 1.00000e+00  
141.7 3.7402e+01  14 1.00000e+00  
141.8 3.7445e+01  14 1.00000e+00  
141.9 3.7470e+01  14 1.00000e+00  
142.0 3.7528e+01  14 1.00000e+00  
142.1 3.7568e+01  14 1.00000e+00  
142.2 3.7601e+01  14 1.00000e+00  
142.3 3.7626e+01  14 1.00000e+00  
142.4 3.7679e+01  14 1.00000e+00  
142.5 3.7722e+01  14 1.00000e+00  
142.6 3.7760e+01  14 1.00000e+00  
142.7 3.7798e+01  14 1.00000e+00  
142.8 3.7834e+01  14 1.00000e+00  
142.9 3.7870e+01  14 1.00000e+00  
143.0 3.7905e+01  14 1.00000e+00  
143.1 3.7940e+01  14 1.00000e+00  
143.2 3.7975e+01  14 1.00000e+00  
143.3 3.8008e+01  14 1.00000e+00  
143.4 3.8063e+01  14 1.00000e+00  
143.5 3.8093e+01  14 1.00000e+00  
143.6 3.8126e+01  14 1.00000e+00  
143.7 3.8155e+01  14 1.00000e+00  
143.8 3.8179e+01  14 1.00000e+00  
143.9 3.8206e+01  14 1.00000e+00  
144.0 3.8257e+01  14 1.00000e+00  
144.1 3.8298e+01  14 1.00000e+00  
144.2 3.8330e+01  14 1.00000e+00  
144.3 3.7753e+01  14 1.00000e+00  
144.4 3.7791e+01  14 1.00000e+00  
144.5 3.7827e+01  14 1.00000e+00  
144.6 3.7862e+01  14 1.00000e+00  
144.7 3.7897e+01  14 1.00000e+00  
144.8 3.7932e+01  14 1.00000e+00  
144.9 3.7966e+01  14 1.00000e+00  
145.0 3.7999e+01  14 1.00000e+00  
145.1 3.8054e+01  14 1.00000e+00  
145.2 3.8084e+01  14 1.00000e+00  
145.3 3.8117e+01  14 1.00000e+00  
145.4 3.8147e+01  14 1.00000e+00  
145.5 3.8173e+01  14 1.00000e+00  
145.6 3.8191e+01  14 1.00000e+00  
145.7 3.8244e+01  14 1.00000e+00  
145.8 3.8244e+01  14 1.00000e+00  
145.9 3.8229e+01  14 1.00000e+00  
146.0 3.8216e+01  14 1.00000e+00  
146.1 3.8211e+01  14 1.00000e+00  
146.2 3.8200e+01  14 1.00000e+00  
146.3 3.0191e+01  14 1.00000e+00  
146.4 3.0237e+01  14 1.00000e+00  
146.5 3.0274e+01  14 1.00000e+00  
146.6 3.0289e+01  14 1.00000e+00  
146.7 3.7979e+01  14 1.00000e+00  
146.8 3.8037e+01  14 1.00000e+00  
146.9 3.8068e+01  14 1.00000e+00  
147.0 3.8102e+01  14 1.00000e+00  
147.1 3.8133e+01  14 1.00000e+00  
147.2 3.8130e+01  14 1.00000e+00  
147.3 3.8121e+01  14 1.00000e+00  
147.4 3.8112e+01  14 1.00000e+00  
147.5 3.8103e+01  14 1.00000e+00  
147.6 3.8094e+01  14 1.00000e+00  
147.7 3.0116e+01  14 1.00000e+00  
147.8 3.0146e+01  14 1.00000e+00  
147.9 3.0165e+01  14 1.00000e+00  
148.0 3.0174e+01  14 1.00000e+00  
148.1 3.0220e+01  14 1.00000e+00  
148.2 3.0240e+01  14 1.00000e+00  
148.3 3.0295e+01  14 1.00000e+00  
148.4 3.0327e+01  14 1.00000e+00  
148.5 3.0348e+01  14 1.00000e+00  
148.6 3.0399e+01  14 1.00000e+00  
148.7 3.0422e+01  14 1.00000e+00  
148.8 3.0465e+01  14 1.00000e+00  
148.9 3.0488e+01  14 1.00000e+00  
149.0 3.0520e+01  14 1.00000e+00  
149.1 3.0046e+01  14 1.00000e+00  
149.2 3.0072e+01  14 1.00000e+00  
149.3 3.0078e+01  14 1.00000e+00  
149.4 3.0112e+01  14 1.00000e+00  
149.5 3.0114e+01  14 1.00000e+00  
149.6 3.0150e+01  14 1.00000e+00  
149.7 3.0168e+01  14 1.00000e+00  
149.8 3.0173e+01  14 1.00000e+00  
149.9 3.0226e+01  14 1.00000e+00  
150.0 3.0261e+01  14 1.00000e+00  
