 15.1 1.4586e+00  13 4.51024e-02  
 15.2 1.4661e+00  13 4.54554e-02  
 15.3 1.4736e+00  13 4.58041e-02  
 15.4 1.4812e+00  13 4.61485e-02  
 15.5 1.4887e+00  13 4.64888e-02  
 15.6 1.4962e+00  13 4.67725e-02  
 15.7 1.5037e+00  13 4.71041e-02  
 15.8 1.5113e+00  13 4.74318e-02  
 15.9 1.5188e+00  13 4.77558e-02  
 16.0 1.5263e+00  13 4.80762e-02  
 16.1 1.5338e+00  13 4.83931e-02  
 16.2 1.5414e+00  13 4.87064e-02  
 16.3 1.5489e+00  13 4.90163e-02  
 16.4 1.5564e+00  13 4.93229e-02  
 16.5 1.5639e+00  13 4.96263e-02  
 16.6 1.5714e+00  13 4.99262e-02  
 16.7 1.5789e+00  13 5.02232e-02  
 16.8 1.5864e+00  13 5.05169e-02  
 16.9 1.5940e+00  13 5.08074e-02  
 17.0 1.6015e+00  13 5.10946e-02  
 17.1 1.6090e+00  13 5.13788e-02  
 17.2 1.6165e+00  13 5.16599e-02  
 17.3 1.6240e+00  13 5.19379e-02  
 17.4 1.6315e+00  13 5.22129e-02  
 17.5 1.6390e+00  13 5.24850e-02  
 17.6 1.6465e+00  13 5.27543e-02  
 17.7 1.6540e+00  13 5.30207e-02  
 17.8 1.6615e+00  13 5.32843e-02  
 17.9 1.6690e+00  13 5.35451e-02  
 18.0 1.6765e+00  13 5.38032e-02  
 18.1 1.6839e+00  13 5.40586e-02  
 18.2 1.6914e+00  13 5.43115e-02  
 18.3 1.6990e+00  13 5.45669e-02  
 18.4 1.7111e+00  13 5.51719e-02  
 18.5 1.7234e+00  13 5.57786e-02  
 18.6 1.7357e+00  13 5.63036e-02  
 18.7 1.7482e+00  13 5.69124e-02  
 18.8 1.7607e+00  13 5.75231e-02  
 18.9 1.7734e+00  13 5.81357e-02  
 19.0 1.7861e+00  13 5.87502e-02  
 19.1 1.7989e+00  13 5.93669e-02  
 19.2 1.8118e+00  13 5.99855e-02  
 19.3 1.8248e+00  13 6.06064e-02  
 19.4 1.8380e+00  13 6.12294e-02  
 19.5 1.8512e+00  13 6.18546e-02  
 19.6 1.8645e+00  13 6.24819e-02  
 19.7 1.8779e+00  13 6.31118e-02  
 19.8 1.8914e+00  13 6.37440e-02  
 19.9 1.9050e+00  13 6.43786e-02  
 20.0 1.9187e+00  13 6.50157e-02  
 20.1 1.7523e+01  14 1.00000e+00  
 20.2 1.7606e+01  14 1.00000e+00  
 20.3 1.7689e+01  14 1.00000e+00  
 20.4 1.7772e+01  14 1.00000e+00  
 20.5 1.7855e+01  14 1.00000e+00  
 20.6 1.7938e+01  14 1.00000e+00  
 20.7 1.8021e+01  14 1.00000e+00  
 20.8 1.8103e+01  14 1.00000e+00  
 20.9 1.8186e+01  14 1.00000e+00  
 21.0 1.8269e+01  14 1.00000e+00  
 21.1 1.8351e+01  14 1.00000e+00  
 21.2 1.8434e+01  14 1.00000e+00  
 21.3 1.8516e+01  14 1.00000e+00  
 21.4 1.8599e+01  14 1.00000e+00  
 21.5 1.8681e+01  14 1.00000e+00  
 21.6 1.8764e+01  14 1.00000e+00  
 21.7 1.8846e+01  14 1.00000e+00  
 21.8 1.8928e+01  14 1.00000e+00  
 21.9 1.9011e+01  14 1.00000e+00  
 22.0 1.9093e+01  14 1.00000e+00  
 22.1 1.9175e+01  14 1.00000e+00  
 22.2 1.9257e+01  14 1.00000e+00  
 22.3 1.9339e+01  14 1.00000e+00  
 22.4 1.9421e+01  14 1.00000e+00  
 22.5 1.9503e+01  14 1.00000e+00  
 22.6 1.9585e+01  14 1.00000e+00  
 22.7 1.9667e+01  14 1.00000e+00  
 22.8 1.9749e+01  14 1.00000e+00  
 22.9 1.9830e+01  14 1.00000e+00  
 23.0 5.6017e+00  14 2.47298e-01  
 23.1 5.7182e+00  14 2.52343e-01  
 23.2 5.8363e+00  14 2.57427e-01  
 23.3 5.9560e+00  14 2.62552e-01  
 23.4 6.0773e+00  14 2.67717e-01  
 23.5 6.2002e+00  14 2.72922e-01  
 23.6 6.3247e+00  14 2.78167e-01  
 23.7 6.4508e+00  14 2.83451e-01  
 23.8 6.5785e+00  14 2.88774e-01  
 23.9 6.7079e+00  14 2.94136e-01  
 24.0 6.8388e+00  14 2.99537e-01  
 24.1 6.9714e+00  14 3.04977e-01  
 24.2 7.1057e+00  14 3.10458e-01  
 24.3 7.2415e+00  14 3.15978e-01  
 24.4 7.3790e+00  14 3.21537e-01  
 24.5 7.5182e+00  14 3.27133e-01  
 24.6 7.6531e+00  14 3.33180e-01  
 24.7 7.7951e+00  14 3.38852e-01  
 24.8 7.9388e+00  14 3.44559e-01  
 24.9 8.0841e+00  14 3.50303e-01  
 25.0 8.2311e+00  14 3.56084e-01  
 25.1 8.3798e+00  14 3.61902e-01  
 25.2 8.5302e+00  14 3.67758e-01  
 25.3 8.6823e+00  14 3.73650e-01  
 25.4 8.8359e+00  14 3.79586e-01  
 25.5 8.9912e+00  14 3.85555e-01  
 25.6 9.1381e+00  14 3.91931e-01  
 25.7 9.2964e+00  14 3.97966e-01  
 25.8 9.4565e+00  14 4.04038e-01  
 25.9 9.6182e+00  14 4.10147e-01  
 26.0 9.7815e+00  14 4.16296e-01  
 26.1 9.9465e+00  14 4.22480e-01  
 26.2 1.0113e+01  14 4.28700e-01  
 26.3 1.0282e+01  14 4.34956e-01  
 26.4 1.0452e+01  14 4.41246e-01  
 26.5 1.0609e+01  14 4.47904e-01  
 26.6 1.0783e+01  14 4.54261e-01  
 26.7 1.0958e+01  14 4.60653e-01  
 26.8 1.1134e+01  14 4.67087e-01  
 26.9 1.1312e+01  14 4.73553e-01  
 27.0 1.1492e+01  14 4.80054e-01  
 27.1 1.1674e+01  14 4.86590e-01  
 27.2 1.1858e+01  14 4.93161e-01  
 27.3 1.2043e+01  14 4.99767e-01  
 27.4 1.2210e+01  14 5.06702e-01  
 27.5 1.2398e+01  14 5.13376e-01  
 27.6 1.2588e+01  14 5.20084e-01  
 27.7 1.2780e+01  14 5.26826e-01  
 27.8 1.2974e+01  14 5.33604e-01  
 27.9 1.3169e+01  14 5.40415e-01  
 28.0 1.3366e+01  14 5.47261e-01  
 28.1 1.3565e+01  14 5.54142e-01  
 28.2 1.3765e+01  14 5.61058e-01  
 28.3 1.3942e+01  14 5.68270e-01  
 28.4 1.4145e+01  14 5.75250e-01  
 28.5 1.4351e+01  14 5.82266e-01  
 28.6 1.4558e+01  14 5.89315e-01  
 28.7 1.4767e+01  14 5.96399e-01  
 28.8 1.4977e+01  14 6.03517e-01  
 28.9 1.5190e+01  14 6.10670e-01  
 29.0 1.5404e+01  14 6.17857e-01  
 29.1 1.5620e+01  14 6.25081e-01  
 29.2 1.5837e+01  14 6.32338e-01  
 29.3 1.6025e+01  14 6.39843e-01  
 29.4 1.6245e+01  14 6.47163e-01  
 29.5 1.6468e+01  14 6.54517e-01  
 29.6 1.6692e+01  14 6.61905e-01  
 29.7 1.6919e+01  14 6.69327e-01  
 29.8 1.7147e+01  14 6.76783e-01  
 29.9 1.7377e+01  14 6.84273e-01  
 30.0 1.7608e+01  14 6.91800e-01  
 30.1 1.7841e+01  14 6.99359e-01  
 30.2 1.8036e+01  14 7.07128e-01  
 30.3 1.8273e+01  14 7.14749e-01  
 30.4 1.8511e+01  14 7.22405e-01  
 30.5 1.8751e+01  14 7.30094e-01  
 30.6 1.8993e+01  14 7.37818e-01  
 30.7 1.9237e+01  14 7.45575e-01  
 30.8 1.9483e+01  14 7.53366e-01  
 30.9 1.9730e+01  14 7.61193e-01  
 31.0 1.9979e+01  14 7.69053e-01  
 31.1 2.0230e+01  14 7.76947e-01  
 31.2 2.0433e+01  14 7.85006e-01  
 31.3 2.0688e+01  14 7.92961e-01  
 31.4 2.0944e+01  14 8.00951e-01  
 31.5 2.1201e+01  14 8.08975e-01  
 31.6 2.1461e+01  14 8.17033e-01  
 31.7 2.1723e+01  14 8.25125e-01  
 31.8 2.1986e+01  14 8.33251e-01  
 31.9 2.2251e+01  14 8.41412e-01  
 32.0 2.2518e+01  14 8.49606e-01  
 32.1 2.2787e+01  14 8.57834e-01  
 32.2 2.2997e+01  14 8.66178e-01  
 32.3 2.3269e+01  14 8.74468e-01  
 32.4 2.3543e+01  14 8.82792e-01  
 32.5 2.3818e+01  14 8.91150e-01  
 32.6 2.4096e+01  14 8.99542e-01  
 32.7 2.4376e+01  14 9.07968e-01  
 32.8 2.4657e+01  14 9.16428e-01  
 32.9 2.4939e+01  14 9.24924e-01  
 33.0 2.5224e+01  14 9.33452e-01  
 33.1 2.5510e+01  14 9.42015e-01  
 33.2 2.5726e+01  14 9.50641e-01  
 33.3 2.6016e+01  14 9.59266e-01  
 33.4 2.6308e+01  14 9.67924e-01  
 33.5 2.6601e+01  14 9.76617e-01  
 33.6 2.6896e+01  14 9.85344e-01  
 33.7 2.7194e+01  14 9.94105e-01  
 33.8 2.7416e+01  14 1.00000e+00  
 33.9 2.7481e+01  14 1.00000e+00  
 34.0 2.7546e+01  14 1.00000e+00  
 34.1 2.7610e+01  14 1.00000e+00  
 34.2 2.7593e+01  14 1.00000e+00  
 34.3 2.7659e+01  14 1.00000e+00  
 34.4 2.7724e+01  14 1.00000e+00  
 34.5 2.7788e+01  14 1.00000e+00  
 34.6 2.7853e+01  14 1.00000e+00  
 34.7 2.7917e+01  14 1.00000e+00  
 34.8 2.7981e+01  14 1.00000e+00  
 34.9 2.7913e+01  14 1.00000e+00  
 35.0 2.7975e+01  14 1.00000e+00  
 35.1 2.8038e+01  14 1.00000e+00  
 35.2 2.8012e+01  14 1.00000e+00  
 35.3 2.7933e+01  14 1.00000e+00  
 35.4 2.7996e+01  14 1.00000e+00  
 35.5 2.8059e+01  14 1.00000e+00  
 35.6 2.8122e+01  14 1.00000e+00  
 35.7 2.8185e+01  14 1.00000e+00  
 35.8 2.8101e+01  14 1.00000e+00  
 35.9 2.8163e+01  14 1.00000e+00  
 36.0 2.8224e+01  14 1.00000e+00  
 36.1 2.8286e+01  14 1.00000e+00  
 36.2 2.8251e+01  14 1.00000e+00  
 36.3 2.6660e+01  14 1.00000e+00  
 36.4 2.5332e+01  14 1.00000e+00  
 36.5 2.2707e+01  14 1.00000e+00  
 36.6 2.0088e+01  14 1.00000e+00  
 36.7 1.8777e+01  14 1.00000e+00  
 36.8 1.6167e+01  14 1.00000e+00  
 36.9 1.4871e+01  14 1.00000e+00  
 37.0 1.3664e+01  14 1.00000e+00  
 37.1 1.3656e+01  14 1.00000e+00  
 37.2 1.3629e+01  14 1.00000e+00  
 37.3 1.3564e+01  14 1.00000e+00  
 37.4 1.3535e+01  14 1.00000e+00  
 37.5 1.3511e+01  14 1.00000e+00  
 37.6 1.3471e+01  14 1.00000e+00  
 37.7 1.3437e+01  14 1.00000e+00  
 37.8 1.3410e+01  14 1.00000e+00  
 37.9 1.3361e+01  14 1.00000e+00  
 38.0 1.3329e+01  14 1.00000e+00  
 38.1 1.3347e+01  14 1.00000e+00  
 38.2 1.3306e+01  14 1.00000e+00  
 38.3 1.3354e+01  14 1.00000e+00  
 38.4 1.3316e+01  14 1.00000e+00  
 38.5 1.3360e+01  14 1.00000e+00  
 38.6 1.3428e+01  14 1.00000e+00  
 38.7 1.3479e+01  14 1.00000e+00  
 38.8 1.3526e+01  14 1.00000e+00  
 38.9 1.3612e+01  14 1.00000e+00  
 39.0 1.3530e+01  14 1.00000e+00  
 39.1 1.3593e+01  14 1.00000e+00  
 39.2 1.3652e+01  14 1.00000e+00  
 39.3 1.3745e+01  14 1.00000e+00  
 39.4 1.3781e+01  14 1.00000e+00  
 39.5 1.3816e+01  14 1.00000e+00  
 39.6 1.3768e+01  14 1.00000e+00  
 39.7 1.3820e+01  14 1.00000e+00  
 39.8 1.3913e+01  14 1.00000e+00  
 39.9 1.3949e+01  14 1.00000e+00  
 40.0 1.3984e+01  14 1.00000e+00  
 40.1 1.3944e+01  14 1.00000e+00  
 40.2 1.4045e+01  14 1.00000e+00  
 40.3 1.4081e+01  14 1.00000e+00  
 40.4 1.4116e+01  14 1.00000e+00  
 40.5 1.4151e+01  14 1.00000e+00  
 40.6 1.4185e+01  14 1.00000e+00  
 40.7 1.4213e+01  14 1.00000e+00  
 40.8 1.4249e+01  14 1.00000e+00  
 40.9 1.4283e+01  14 1.00000e+00  
 41.0 1.4318e+01  14 1.00000e+00  
 41.1 1.4352e+01  14 1.00000e+00  
 41.2 1.4381e+01  14 1.00000e+00  
 41.3 1.4416e+01  14 1.00000e+00  
 41.4 1.4450e+01  14 1.00000e+00  
 41.5 1.4484e+01  14 1.00000e+00  
 41.6 1.4513e+01  14 1.00000e+00  
 41.7 1.4548e+01  14 1.00000e+00  
 41.8 1.4582e+01  14 1.00000e+00  
 41.9 1.4617e+01  14 1.00000e+00  
 42.0 1.4651e+01  14 1.00000e+00  
 42.1 1.4680e+01  14 1.00000e+00  
 42.2 1.4714e+01  14 1.00000e+00  
 42.3 1.4749e+01  14 1.00000e+00  
 42.4 1.4776e+01  14 1.00000e+00  
 42.5 1.4812e+01  14 1.00000e+00  
 42.6 1.4846e+01  14 1.00000e+00  
 42.7 1.4799e+01  14 1.00000e+00  
 42.8 1.4907e+01  14 1.00000e+00  
 42.9 1.4944e+01  14 1.00000e+00  
 43.0 1.4866e+01  14 1.00000e+00  
 43.1 1.4926e+01  14 1.00000e+00  
 43.2 1.4897e+01  14 1.00000e+00  
 43.3 1.4911e+01  14 1.00000e+00  
 43.4 1.4943e+01  14 1.00000e+00  
 43.5 1.4969e+01  14 1.00000e+00  
 43.6 1.4837e+01  14 1.00000e+00  
 43.7 1.4870e+01  14 1.00000e+00  
 43.8 1.4903e+01  14 1.00000e+00  
 43.9 1.4935e+01  14 1.00000e+00  
 44.0 1.4967e+01  14 1.00000e+00  
 44.1 1.5008e+01  14 1.00000e+00  
 44.2 1.5178e+01  14 1.00000e+00  
 44.3 1.5216e+01  14 1.00000e+00  
 44.4 1.5252e+01  14 1.00000e+00  
 44.5 1.5289e+01  14 1.00000e+00  
 44.6 1.5323e+01  14 1.00000e+00  
 44.7 1.5356e+01  14 1.00000e+00  
 44.8 1.5389e+01  14 1.00000e+00  
 44.9 1.5423e+01  14 1.00000e+00  
 45.0 1.5444e+01  14 1.00000e+00  
 45.1 1.5476e+01  14 1.00000e+00  
 45.2 1.5508e+01  14 1.00000e+00  
 45.3 1.5543e+01  14 1.00000e+00  
 45.4 1.5589e+01  14 1.00000e+00  
 45.5 1.5634e+01  14 1.00000e+00  
 45.6 1.5795e+01  14 1.00000e+00  
 45.7 1.5832e+01  14 1.00000e+00  
 45.8 1.5868e+01  14 1.00000e+00  
 45.9 1.5903e+01  14 1.00000e+00  
 46.0 1.5936e+01  14 1.00000e+00  
 46.1 1.5970e+01  14 1.00000e+00  
 46.2 1.6004e+01  14 1.00000e+00  
 46.3 1.6037e+01  14 1.00000e+00  
 46.4 1.6070e+01  14 1.00000e+00  
 46.5 1.6103e+01  14 1.00000e+00  
 46.6 1.6135e+01  14 1.00000e+00  
 46.7 1.6173e+01  14 1.00000e+00  
 46.8 1.6218e+01  14 1.00000e+00  
 46.9 1.6264e+01  14 1.00000e+00  
 47.0 1.6309e+01  14 1.00000e+00  
 47.1 1.6375e+01  14 1.00000e+00  
 47.2 1.6504e+01  14 1.00000e+00  
 47.3 1.6541e+01  14 1.00000e+00  
 47.4 1.6573e+01  14 1.00000e+00  
 47.5 1.6608e+01  14 1.00000e+00  
 47.6 1.6642e+01  14 1.00000e+00  
 47.7 1.6676e+01  14 1.00000e+00  
 47.8 1.6698e+01  14 1.00000e+00  
 47.9 1.6731e+01  14 1.00000e+00  
 48.0 1.6764e+01  14 1.00000e+00  
 48.1 1.6805e+01  14 1.00000e+00  
 48.2 1.6851e+01  14 1.00000e+00  
 48.3 1.6897e+01  14 1.00000e+00  
 48.4 1.6947e+01  14 1.00000e+00  
 48.5 1.7015e+01  14 1.00000e+00  
 48.6 1.7070e+01  14 1.00000e+00  
 48.7 1.7177e+01  14 1.00000e+00  
 48.8 1.7213e+01  14 1.00000e+00  
 48.9 1.7247e+01  14 1.00000e+00  
 49.0 1.7282e+01  14 1.00000e+00  
 49.1 1.7316e+01  14 1.00000e+00  
 49.2 1.7350e+01  14 1.00000e+00  
 49.3 1.7384e+01  14 1.00000e+00  
 49.4 1.7417e+01  14 1.00000e+00  
 49.5 1.7449e+01  14 1.00000e+00  
 49.6 1.7486e+01  14 1.00000e+00  
 49.7 1.7532e+01  14 1.00000e+00  
 49.8 1.7598e+01  14 1.00000e+00  
 49.9 1.7660e+01  14 1.00000e+00  
 50.0 1.7716e+01  14 1.00000e+00  
 50.1 1.7767e+01  14 1.00000e+00  
 50.2 1.7813e+01  14 1.00000e+00  
 50.3 1.7909e+01  14 1.00000e+00  
 50.4 1.7945e+01  14 1.00000e+00  
 50.5 1.7979e+01  14 1.00000e+00  
 50.6 1.8013e+01  14 1.00000e+00  
 50.7 1.8048e+01  14 1.00000e+00  
 50.8 1.8073e+01  14 1.00000e+00  
 50.9 1.8107e+01  14 1.00000e+00  
 51.0 1.8140e+01  14 1.00000e+00  
 51.1 1.8173e+01  14 1.00000e+00  
 51.2 1.8215e+01  14 1.00000e+00  
 51.3 1.8261e+01  14 1.00000e+00  
 51.4 1.8335e+01  14 1.00000e+00  
 51.5 1.8395e+01  14 1.00000e+00  
 51.6 1.8450e+01  14 1.00000e+00  
 51.7 1.8500e+01  14 1.00000e+00  
 51.8 1.8546e+01  14 1.00000e+00  
 51.9 1.8643e+01  14 1.00000e+00  
 52.0 1.8680e+01  14 1.00000e+00  
 52.1 1.8715e+01  14 1.00000e+00  
 52.2 1.8750e+01  14 1.00000e+00  
 52.3 1.8785e+01  14 1.00000e+00  
 52.4 1.8820e+01  14 1.00000e+00  
 52.5 1.8854e+01  14 1.00000e+00  
 52.6 1.8888e+01  14 1.00000e+00  
 52.7 1.8922e+01  14 1.00000e+00  
 52.8 1.8955e+01  14 1.00000e+00  
 52.9 1.8995e+01  14 1.00000e+00  
 53.0 1.9041e+01  14 1.00000e+00  
 53.1 1.9090e+01  14 1.00000e+00  
 53.2 1.9170e+01  14 1.00000e+00  
 53.3 1.9228e+01  14 1.00000e+00  
 53.4 1.9281e+01  14 1.00000e+00  
 53.5 1.9330e+01  14 1.00000e+00  
 53.6 1.9376e+01  14 1.00000e+00  
 53.7 1.9477e+01  14 1.00000e+00  
 53.8 1.9513e+01  14 1.00000e+00  
 53.9 1.9548e+01  14 1.00000e+00  
 54.0 1.9583e+01  14 1.00000e+00  
 54.1 1.9619e+01  14 1.00000e+00  
 54.2 1.9654e+01  14 1.00000e+00  
 54.3 1.9692e+01  14 1.00000e+00  
 54.4 1.9727e+01  14 1.00000e+00  
 54.5 1.9766e+01  14 1.00000e+00  
 54.6 1.9800e+01  14 1.00000e+00  
 54.7 1.9844e+01  14 1.00000e+00  
 54.8 1.9870e+01  14 1.00000e+00  
 54.9 1.9917e+01  14 1.00000e+00  
 55.0 1.9965e+01  14 1.00000e+00  
 55.1 2.0010e+01  14 1.00000e+00  
 55.2 2.0056e+01  14 1.00000e+00  
 55.3 2.0102e+01  14 1.00000e+00  
 55.4 2.0149e+01  14 1.00000e+00  
 55.5 2.0195e+01  14 1.00000e+00  
 55.6 2.0242e+01  14 1.00000e+00  
 55.7 2.0288e+01  14 1.00000e+00  
 55.8 2.0340e+01  14 1.00000e+00  
 55.9 2.0381e+01  14 1.00000e+00  
 56.0 2.0427e+01  14 1.00000e+00  
 56.1 2.0479e+01  14 1.00000e+00  
 56.2 2.0520e+01  14 1.00000e+00  
 56.3 2.0566e+01  14 1.00000e+00  
 56.4 2.0615e+01  14 1.00000e+00  
 56.5 2.0659e+01  14 1.00000e+00  
 56.6 2.0705e+01  14 1.00000e+00  
 56.7 2.0752e+01  14 1.00000e+00  
 56.8 2.0798e+01  14 1.00000e+00  
 56.9 2.0849e+01  14 1.00000e+00  
 57.0 2.0892e+01  14 1.00000e+00  
 57.1 2.0938e+01  14 1.00000e+00  
 57.2 2.0994e+01  14 1.00000e+00  
 57.3 2.1031e+01  14 1.00000e+00  
 57.4 2.1077e+01  14 1.00000e+00  
 57.5 2.1136e+01  14 1.00000e+00  
 57.6 2.1207e+01  14 1.00000e+00  
 57.7 2.1217e+01  14 1.00000e+00  
 57.8 2.1276e+01  14 1.00000e+00  
 57.9 2.1350e+01  14 1.00000e+00  
 58.0 2.1357e+01  14 1.00000e+00  
 58.1 2.1416e+01  14 1.00000e+00  
 58.2 2.1489e+01  14 1.00000e+00  
 58.3 2.1560e+01  14 1.00000e+00  
 58.4 2.1543e+01  14 1.00000e+00  
 58.5 2.1613e+01  14 1.00000e+00  
 58.6 2.1686e+01  14 1.00000e+00  
 58.7 2.1758e+01  14 1.00000e+00  
 58.8 2.1745e+01  14 1.00000e+00  
 58.9 2.1817e+01  14 1.00000e+00  
 59.0 2.1890e+01  14 1.00000e+00  
 59.1 2.1961e+01  14 1.00000e+00  
 59.2 2.1945e+01  14 1.00000e+00  
 59.3 2.2019e+01  14 1.00000e+00  
 59.4 2.2090e+01  14 1.00000e+00  
 59.5 2.2160e+01  14 1.00000e+00  
 59.6 2.2143e+01  14 1.00000e+00  
 59.7 2.2215e+01  14 1.00000e+00  
 59.8 2.2287e+01  14 1.00000e+00  
 59.9 2.2358e+01  14 1.00000e+00  
 60.0 2.2429e+01  14 1.00000e+00  
 60.1 2.2408e+01  14 1.00000e+00  
 60.2 2.2479e+01  14 1.00000e+00  
 60.3 2.2551e+01  14 1.00000e+00  
 60.4 2.2542e+01  14 1.00000e+00  
 60.5 2.2595e+01  14 1.00000e+00  
 60.6 2.2667e+01  14 1.00000e+00  
 60.7 2.2736e+01  14 1.00000e+00  
 60.8 2.2807e+01  14 1.00000e+00  
 60.9 2.2778e+01  14 1.00000e+00  
 61.0 2.2848e+01  14 1.00000e+00  
 61.1 2.2918e+01  14 1.00000e+00  
 61.2 2.2992e+01  14 1.00000e+00  
 61.3 2.2967e+01  14 1.00000e+00  
 61.4 2.3004e+01  14 1.00000e+00  
 61.5 2.3050e+01  14 1.00000e+00  
 61.6 2.3165e+01  14 1.00000e+00  
 61.7 2.3151e+01  14 1.00000e+00  
 61.8 2.3199e+01  14 1.00000e+00  
 61.9 2.3229e+01  14 1.00000e+00  
 62.0 2.3231e+01  14 1.00000e+00  
 62.1 2.3406e+01  14 1.00000e+00  
 62.2 2.3386e+01  14 1.00000e+00  
 62.3 2.3435e+01  14 1.00000e+00  
 62.4 2.3468e+01  14 1.00000e+00  
 62.5 2.3466e+01  14 1.00000e+00  
 62.6 2.3512e+01  14 1.00000e+00  
 62.7 2.3708e+01  14 1.00000e+00  
 62.8 2.3671e+01  14 1.00000e+00  
 62.9 2.3707e+01  14 1.00000e+00  
 63.0 2.3701e+01  14 1.00000e+00  
 63.1 2.3748e+01  14 1.00000e+00  
 63.2 2.3795e+01  14 1.00000e+00  
 63.3 2.3906e+01  14 1.00000e+00  
 63.4 2.3949e+01  14 1.00000e+00  
 63.5 2.3978e+01  14 1.00000e+00  
 63.6 2.3984e+01  14 1.00000e+00  
 63.7 2.4031e+01  14 1.00000e+00  
 63.8 2.4078e+01  14 1.00000e+00  
 63.9 2.4187e+01  14 1.00000e+00  
 64.0 2.4230e+01  14 1.00000e+00  
 64.1 2.4253e+01  14 1.00000e+00  
 64.2 2.4267e+01  14 1.00000e+00  
 64.3 2.4314e+01  14 1.00000e+00  
 64.4 2.4360e+01  14 1.00000e+00  
 64.5 2.4437e+01  14 1.00000e+00  
 64.6 2.4515e+01  14 1.00000e+00  
 64.7 2.4543e+01  14 1.00000e+00  
 64.8 2.4550e+01  14 1.00000e+00  
 64.9 2.4597e+01  14 1.00000e+00  
 65.0 2.4644e+01  14 1.00000e+00  
 65.1 2.4705e+01  14 1.00000e+00  
 65.2 2.4783e+01  14 1.00000e+00  
 65.3 2.4824e+01  14 1.00000e+00  
 65.4 2.4862e+01  14 1.00000e+00  
 65.5 2.4881e+01  14 1.00000e+00  
 65.6 2.4928e+01  14 1.00000e+00  
 65.7 2.4971e+01  14 1.00000e+00  
 65.8 2.5045e+01  14 1.00000e+00  
 65.9 2.5121e+01  14 1.00000e+00  
 66.0 2.5191e+01  14 1.00000e+00  
 66.1 2.5151e+01  14 1.00000e+00  
 66.2 2.5195e+01  14 1.00000e+00  
 66.3 2.5239e+01  14 1.00000e+00  
 66.4 2.5293e+01  14 1.00000e+00  
 66.5 2.5364e+01  14 1.00000e+00  
 66.6 2.5436e+01  14 1.00000e+00  
 66.7 2.5511e+01  14 1.00000e+00  
 66.8 2.5582e+01  14 1.00000e+00  
 66.9 2.5513e+01  14 1.00000e+00  
 67.0 2.5551e+01  14 1.00000e+00  
 67.1 2.5600e+01  14 1.00000e+00  
 67.2 2.5678e+01  14 1.00000e+00  
 67.3 2.5750e+01  14 1.00000e+00  
 67.4 2.5819e+01  14 1.00000e+00  
 67.5 2.5889e+01  14 1.00000e+00  
 67.6 2.5959e+01  14 1.00000e+00  
 67.7 2.6035e+01  14 1.00000e+00  
 67.8 2.5960e+01  14 1.00000e+00  
 67.9 2.5974e+01  14 1.00000e+00  
 68.0 2.6049e+01  14 1.00000e+00  
 68.1 2.6120e+01  14 1.00000e+00  
 68.2 2.6192e+01  14 1.00000e+00  
 68.3 2.6257e+01  14 1.00000e+00  
 68.4 2.6326e+01  14 1.00000e+00  
 68.5 2.6393e+01  14 1.00000e+00  
 68.6 2.6343e+01  14 1.00000e+00  
 68.7 2.6388e+01  14 1.00000e+00  
 68.8 2.6403e+01  14 1.00000e+00  
 68.9 2.6472e+01  14 1.00000e+00  
 69.0 2.6542e+01  14 1.00000e+00  
 69.1 2.6609e+01  14 1.00000e+00  
 69.2 2.6678e+01  14 1.00000e+00  
 69.3 2.6747e+01  14 1.00000e+00  
 69.4 2.6707e+01  14 1.00000e+00  
 69.5 2.6753e+01  14 1.00000e+00  
 69.6 2.6785e+01  14 1.00000e+00  
 69.7 2.6834e+01  14 1.00000e+00  
 69.8 2.6880e+01  14 1.00000e+00  
 69.9 2.6950e+01  14 1.00000e+00  
 70.0 2.7015e+01  14 1.00000e+00  
 70.1 2.7083e+01  14 1.00000e+00  
 70.2 2.7149e+01  14 1.00000e+00  
 70.3 2.7218e+01  14 1.00000e+00  
 70.4 2.7163e+01  14 1.00000e+00  
 70.5 2.7208e+01  14 1.00000e+00  
 70.6 2.7236e+01  14 1.00000e+00  
 70.7 2.7225e+01  14 1.00000e+00  
 70.8 2.7344e+01  14 1.00000e+00  
 70.9 2.7398e+01  14 1.00000e+00  
 71.0 2.7465e+01  14 1.00000e+00  
 71.1 2.7531e+01  14 1.00000e+00  
 71.2 2.7593e+01  14 1.00000e+00  
 71.3 2.7662e+01  14 1.00000e+00  
 71.4 2.7619e+01  14 1.00000e+00  
 71.5 2.7669e+01  14 1.00000e+00  
 71.6 2.7711e+01  14 1.00000e+00  
 71.7 2.7743e+01  14 1.00000e+00  
 71.8 2.7736e+01  14 1.00000e+00  
 71.9 2.7766e+01  14 1.00000e+00  
 72.0 2.7894e+01  14 1.00000e+00  
 72.1 2.7962e+01  14 1.00000e+00  
 72.2 2.8022e+01  14 1.00000e+00  
 72.3 2.8090e+01  14 1.00000e+00  
 72.4 2.8155e+01  14 1.00000e+00  
 72.5 2.8224e+01  14 1.00000e+00  
 72.6 2.8177e+01  14 1.00000e+00  
 72.7 2.8224e+01  14 1.00000e+00  
 72.8 2.8262e+01  14 1.00000e+00  
 72.9 2.8296e+01  14 1.00000e+00  
 73.0 2.8297e+01  14 1.00000e+00  
 73.1 2.8315e+01  14 1.00000e+00  
 73.2 2.8455e+01  14 1.00000e+00  
 73.3 2.8502e+01  14 1.00000e+00  
 73.4 2.8566e+01  14 1.00000e+00  
 73.5 2.8630e+01  14 1.00000e+00  
 73.6 2.8693e+01  14 1.00000e+00  
 73.7 2.8753e+01  14 1.00000e+00  
 73.8 2.8824e+01  14 1.00000e+00  
 73.9 2.8779e+01  14 1.00000e+00  
 74.0 2.8822e+01  14 1.00000e+00  
 74.1 2.8871e+01  14 1.00000e+00  
 74.2 2.8908e+01  14 1.00000e+00  
 74.3 2.8915e+01  14 1.00000e+00  
 74.4 2.8941e+01  14 1.00000e+00  
 74.5 2.9044e+01  14 1.00000e+00  
 74.6 2.9073e+01  14 1.00000e+00  
 74.7 2.9140e+01  14 1.00000e+00  
 74.8 2.9203e+01  14 1.00000e+00  
 74.9 2.9268e+01  14 1.00000e+00  
 75.0 2.9332e+01  14 1.00000e+00  
 75.1 2.9388e+01  14 1.00000e+00  
 75.2 2.9455e+01  14 1.00000e+00  
 75.3 2.9522e+01  14 1.00000e+00  
 75.4 2.9475e+01  14 1.00000e+00  
 75.5 2.9528e+01  14 1.00000e+00  
 75.6 2.9572e+01  14 1.00000e+00  
 75.7 2.9613e+01  14 1.00000e+00  
 75.8 2.9650e+01  14 1.00000e+00  
 75.9 2.9663e+01  14 1.00000e+00  
 76.0 2.9740e+01  14 1.00000e+00  
 76.1 2.9774e+01  14 1.00000e+00  
 76.2 2.9804e+01  14 1.00000e+00  
 76.3 2.9866e+01  14 1.00000e+00  
 76.4 2.9929e+01  14 1.00000e+00  
 76.5 2.9989e+01  14 1.00000e+00  
 76.6 3.0052e+01  14 1.00000e+00  
 76.7 3.0110e+01  14 1.00000e+00  
 76.8 3.0176e+01  14 1.00000e+00  
 76.9 3.0239e+01  14 1.00000e+00  
 77.0 3.0301e+01  14 1.00000e+00  
 77.1 3.0268e+01  14 1.00000e+00  
 77.2 3.0322e+01  14 1.00000e+00  
 77.3 3.0369e+01  14 1.00000e+00  
 77.4 3.0414e+01  14 1.00000e+00  
 77.5 3.0465e+01  14 1.00000e+00  
 77.6 3.0502e+01  14 1.00000e+00  
 77.7 3.0549e+01  14 1.00000e+00  
 77.8 3.0491e+01  14 1.00000e+00  
 77.9 3.0550e+01  14 1.00000e+00  
 78.0 3.0617e+01  14 1.00000e+00  
 78.1 3.0683e+01  14 1.00000e+00  
 78.2 3.0745e+01  14 1.00000e+00  
 78.3 3.0809e+01  14 1.00000e+00  
 78.4 3.0869e+01  14 1.00000e+00  
 78.5 3.0927e+01  14 1.00000e+00  
 78.6 3.0988e+01  14 1.00000e+00  
 78.7 3.1050e+01  14 1.00000e+00  
 78.8 3.1109e+01  14 1.00000e+00  
 78.9 3.1165e+01  14 1.00000e+00  
 79.0 3.1227e+01  14 1.00000e+00  
 79.1 3.1287e+01  14 1.00000e+00  
 79.2 3.1353e+01  14 1.00000e+00  
 79.3 3.1313e+01  14 1.00000e+00  
 79.4 3.1420e+01  14 1.00000e+00  
 79.5 3.1337e+01  14 1.00000e+00  
 79.6 3.1401e+01  14 1.00000e+00  
 79.7 3.1431e+01  14 1.00000e+00  
 79.8 3.1456e+01  14 1.00000e+00  
 79.9 3.1481e+01  14 1.00000e+00  
 80.0 3.1525e+01  14 1.00000e+00  
 80.1 3.1572e+01  14 1.00000e+00  
 80.2 3.1624e+01  14 1.00000e+00  
 80.3 3.1683e+01  14 1.00000e+00  
 80.4 3.1747e+01  14 1.00000e+00  
 80.5 3.1812e+01  14 1.00000e+00  
 80.6 3.1875e+01  14 1.00000e+00  
 80.7 3.1933e+01  14 1.00000e+00  
 80.8 3.1991e+01  14 1.00000e+00  
 80.9 3.2051e+01  14 1.00000e+00  
 81.0 3.2110e+01  14 1.00000e+00  
 81.1 3.2167e+01  14 1.00000e+00  
 81.2 3.2222e+01  14 1.00000e+00  
 81.3 3.2285e+01  14 1.00000e+00  
 81.4 3.2257e+01  14 1.00000e+00  
 81.5 3.2365e+01  14 1.00000e+00  
 81.6 3.2413e+01  14 1.00000e+00  
 81.7 3.2462e+01  14 1.00000e+00  
 81.8 3.2514e+01  14 1.00000e+00  
 81.9 3.2563e+01  14 1.00000e+00  
 82.0 3.2609e+01  14 1.00000e+00  
 82.1 3.2648e+01  14 1.00000e+00  
 82.2 3.2700e+01  14 1.00000e+00  
 82.3 3.2740e+01  14 1.00000e+00  
 82.4 3.2757e+01  14 1.00000e+00  
 82.5 3.2803e+01  14 1.00000e+00  
 82.6 3.2844e+01  14 1.00000e+00  
 82.7 3.2879e+01  14 1.00000e+00  
 82.8 3.2917e+01  14 1.00000e+00  
 82.9 3.2948e+01  14 1.00000e+00  
 83.0 3.2974e+01  14 1.00000e+00  
 83.1 3.3003e+01  14 1.00000e+00  
 83.2 3.3046e+01  14 1.00000e+00  
 83.3 3.3093e+01  14 1.00000e+00  
 83.4 3.3147e+01  14 1.00000e+00  
 83.5 3.3204e+01  14 1.00000e+00  
 83.6 3.3266e+01  14 1.00000e+00  
 83.7 3.3289e+01  14 1.00000e+00  
 83.8 3.3425e+01  14 1.00000e+00  
 83.9 3.3573e+01  14 1.00000e+00  
 84.0 3.3572e+01  14 1.00000e+00  
 84.1 3.3629e+01  14 1.00000e+00  
 84.2 3.3686e+01  14 1.00000e+00  
 84.3 3.3738e+01  14 1.00000e+00  
 84.4 3.3788e+01  14 1.00000e+00  
 84.5 3.3850e+01  14 1.00000e+00  
 84.6 3.3908e+01  14 1.00000e+00  
 84.7 3.3963e+01  14 1.00000e+00  
 84.8 3.4019e+01  14 1.00000e+00  
 84.9 3.4070e+01  14 1.00000e+00  
 85.0 3.4132e+01  14 1.00000e+00  
 85.1 3.4088e+01  14 1.00000e+00  
 85.2 3.4148e+01  14 1.00000e+00  
 85.3 3.4190e+01  14 1.00000e+00  
 85.4 3.4251e+01  14 1.00000e+00  
 85.5 3.4301e+01  14 1.00000e+00  
 85.6 3.4347e+01  14 1.00000e+00  
 85.7 3.4401e+01  14 1.00000e+00  
 85.8 3.4453e+01  14 1.00000e+00  
 85.9 3.4494e+01  14 1.00000e+00  
 86.0 3.4550e+01  14 1.00000e+00  
 86.1 3.4549e+01  14 1.00000e+00  
 86.2 3.4604e+01  14 1.00000e+00  
 86.3 3.4654e+01  14 1.00000e+00  
 86.4 3.4699e+01  14 1.00000e+00  
 86.5 3.4736e+01  14 1.00000e+00  
 86.6 3.4784e+01  14 1.00000e+00  
 86.7 3.4826e+01  14 1.00000e+00  
 86.8 3.4859e+01  14 1.00000e+00  
 86.9 3.4907e+01  14 1.00000e+00  
 87.0 3.4945e+01  14 1.00000e+00  
 87.1 3.4980e+01  14 1.00000e+00  
 87.2 3.5013e+01  14 1.00000e+00  
 87.3 3.5045e+01  14 1.00000e+00  
 87.4 3.5080e+01  14 1.00000e+00  
 87.5 3.5123e+01  14 1.00000e+00  
 87.6 3.5176e+01  14 1.00000e+00  
 87.7 3.5229e+01  14 1.00000e+00  
 87.8 3.5284e+01  14 1.00000e+00  
 87.9 3.5343e+01  14 1.00000e+00  
 88.0 3.5401e+01  14 1.00000e+00  
 88.1 3.5460e+01  14 1.00000e+00  
 88.2 3.5517e+01  14 1.00000e+00  
 88.3 3.5575e+01  14 1.00000e+00  
 88.4 3.5632e+01  14 1.00000e+00  
 88.5 3.5689e+01  14 1.00000e+00  
 88.6 3.5741e+01  14 1.00000e+00  
 88.7 3.5788e+01  14 1.00000e+00  
 88.8 3.5851e+01  14 1.00000e+00  
 88.9 3.5908e+01  14 1.00000e+00  
 89.0 3.5960e+01  14 1.00000e+00  
 89.1 3.6010e+01  14 1.00000e+00  
 89.2 3.6072e+01  14 1.00000e+00  
 89.3 3.6124e+01  14 1.00000e+00  
 89.4 3.6174e+01  14 1.00000e+00  
 89.5 3.6187e+01  14 1.00000e+00  
 89.6 3.6178e+01  14 1.00000e+00  
 89.7 3.6305e+01  14 1.00000e+00  
 89.8 3.6414e+01  14 1.00000e+00  
 89.9 3.6488e+01  14 1.00000e+00  
 90.0 3.6546e+01  14 1.00000e+00  
 90.1 3.6594e+01  14 1.00000e+00  
 90.2 3.6652e+01  14 1.00000e+00  
 90.3 3.6697e+01  14 1.00000e+00  
 90.4 3.6758e+01  14 1.00000e+00  
 90.5 3.6797e+01  14 1.00000e+00  
 90.6 3.6861e+01  14 1.00000e+00  
 90.7 3.6911e+01  14 1.00000e+00  
 90.8 3.6965e+01  14 1.00000e+00  
 90.9 3.7021e+01  14 1.00000e+00  
 91.0 3.7059e+01  14 1.00000e+00  
 91.1 3.7122e+01  14 1.00000e+00  
 91.2 3.7177e+01  14 1.00000e+00  
 91.3 3.7216e+01  14 1.00000e+00  
 91.4 3.7192e+01  14 1.00000e+00  
 91.5 3.7246e+01  14 1.00000e+00  
 91.6 3.7297e+01  14 1.00000e+00  
 91.7 3.7345e+01  14 1.00000e+00  
 91.8 3.7389e+01  14 1.00000e+00  
 91.9 3.7448e+01  14 1.00000e+00  
 92.0 3.7503e+01  14 1.00000e+00  
 92.1 3.7556e+01  14 1.00000e+00  
 92.2 3.7675e+01  14 1.00000e+00  
 92.3 3.7661e+01  14 1.00000e+00  
 92.4 3.7554e+01  14 1.00000e+00  
 92.5 3.7768e+01  14 1.00000e+00  
 92.6 3.7818e+01  14 1.00000e+00  
 92.7 3.7864e+01  14 1.00000e+00  
 92.8 3.7910e+01  14 1.00000e+00  
 92.9 3.7965e+01  14 1.00000e+00  
 93.0 3.8011e+01  14 1.00000e+00  
 93.1 3.8065e+01  14 1.00000e+00  
 93.2 3.8117e+01  14 1.00000e+00  
 93.3 3.8170e+01  14 1.00000e+00  
 93.4 3.8222e+01  14 1.00000e+00  
 93.5 3.8274e+01  14 1.00000e+00  
 93.6 3.8325e+01  14 1.00000e+00  
 93.7 3.8376e+01  14 1.00000e+00  
 93.8 3.8438e+01  14 1.00000e+00  
 93.9 3.8483e+01  14 1.00000e+00  
 94.0 3.8518e+01  14 1.00000e+00  
 94.1 3.8583e+01  14 1.00000e+00  
 94.2 3.8472e+01  14 1.00000e+00  
 94.3 3.8664e+01  14 1.00000e+00  
 94.4 3.8712e+01  14 1.00000e+00  
 94.5 3.8760e+01  14 1.00000e+00  
 94.6 3.8809e+01  14 1.00000e+00  
 94.7 3.8857e+01  14 1.00000e+00  
 94.8 3.8905e+01  14 1.00000e+00  
 94.9 3.8953e+01  14 1.00000e+00  
 95.0 3.9001e+01  14 1.00000e+00  
 95.1 3.9048e+01  14 1.00000e+00  
 95.2 3.9096e+01  14 1.00000e+00  
 95.3 3.9144e+01  14 1.00000e+00  
 95.4 3.9193e+01  14 1.00000e+00  
 95.5 3.9118e+01  14 1.00000e+00  
 95.6 3.9247e+01  14 1.00000e+00  
 95.7 3.9318e+01  14 1.00000e+00  
 95.8 3.9389e+01  14 1.00000e+00  
 95.9 3.9453e+01  14 1.00000e+00  
 96.0 3.9466e+01  14 1.00000e+00  
 96.1 3.9521e+01  14 1.00000e+00  
 96.2 3.9573e+01  14 1.00000e+00  
 96.3 3.9624e+01  14 1.00000e+00  
 96.4 3.9674e+01  14 1.00000e+00  
 96.5 3.9721e+01  14 1.00000e+00  
 96.6 3.9771e+01  14 1.00000e+00  
 96.7 3.9820e+01  14 1.00000e+00  
 96.8 3.9869e+01  14 1.00000e+00  
 96.9 3.9910e+01  14 1.00000e+00  
 97.0 3.9960e+01  14 1.00000e+00  
 97.1 4.0010e+01  14 1.00000e+00  
 97.2 4.0059e+01  14 1.00000e+00  
 97.3 4.0109e+01  14 1.00000e+00  
 97.4 4.0159e+01  14 1.00000e+00  
 97.5 4.0208e+01  14 1.00000e+00  
 97.6 4.0270e+01  14 1.00000e+00  
 97.7 4.0300e+01  14 1.00000e+00  
 97.8 4.0331e+01  14 1.00000e+00  
 97.9 4.0420e+01  14 1.00000e+00  
 98.0 4.0452e+01  14 1.00000e+00  
 98.1 4.0485e+01  14 1.00000e+00  
 98.2 4.0520e+01  14 1.00000e+00  
 98.3 4.0611e+01  14 1.00000e+00  
 98.4 4.0647e+01  14 1.00000e+00  
 98.5 4.0684e+01  14 1.00000e+00  
 98.6 4.0723e+01  14 1.00000e+00  
 98.7 4.0757e+01  14 1.00000e+00  
 98.8 4.0852e+01  14 1.00000e+00  
 98.9 4.0894e+01  14 1.00000e+00  
 99.0 4.0937e+01  14 1.00000e+00  
 99.1 4.1021e+01  14 1.00000e+00  
 99.2 4.1110e+01  14 1.00000e+00  
 99.3 4.1200e+01  14 1.00000e+00  
 99.4 4.1289e+01  14 1.00000e+00  
 99.5 4.1379e+01  14 1.00000e+00  
 99.6 4.1468e+01  14 1.00000e+00  
 99.7 4.1558e+01  14 1.00000e+00  
 99.8 4.1647e+01  14 1.00000e+00  
 99.9 4.1737e+01  14 1.00000e+00  
100.0 4.1827e+01  14 1.00000e+00  
100.1 4.1916e+01  14 1.00000e+00  
100.2 4.2006e+01  14 1.00000e+00  
100.3 4.2096e+01  14 1.00000e+00  
100.4 4.2185e+01  14 1.00000e+00  
100.5 4.2275e+01  14 1.00000e+00  
100.6 4.2365e+01  14 1.00000e+00  
100.7 4.2455e+01  14 1.00000e+00  
100.8 4.2544e+01  14 1.00000e+00  
100.9 4.2634e+01  14 1.00000e+00  
101.0 4.2724e+01  14 1.00000e+00  
101.1 4.2814e+01  14 1.00000e+00  
101.2 4.2904e+01  14 1.00000e+00  
101.3 4.2994e+01  14 1.00000e+00  
101.4 4.3084e+01  14 1.00000e+00  
101.5 4.3173e+01  14 1.00000e+00  
101.6 4.3263e+01  14 1.00000e+00  
101.7 4.3353e+01  14 1.00000e+00  
101.8 4.3443e+01  14 1.00000e+00  
101.9 4.3533e+01  14 1.00000e+00  
102.0 4.3623e+01  14 1.00000e+00  
102.1 4.3713e+01  14 1.00000e+00  
102.2 4.3803e+01  14 1.00000e+00  
102.3 4.3893e+01  14 1.00000e+00  
102.4 4.3983e+01  14 1.00000e+00  
102.5 4.4073e+01  14 1.00000e+00  
102.6 4.4163e+01  14 1.00000e+00  
102.7 4.4254e+01  14 1.00000e+00  
102.8 4.4344e+01  14 1.00000e+00  
102.9 4.4434e+01  14 1.00000e+00  
103.0 4.4524e+01  14 1.00000e+00  
103.1 4.4614e+01  14 1.00000e+00  
103.2 4.4704e+01  14 1.00000e+00  
103.3 4.4794e+01  14 1.00000e+00  
103.4 4.4884e+01  14 1.00000e+00  
103.5 4.4975e+01  14 1.00000e+00  
103.6 4.5065e+01  14 1.00000e+00  
103.7 4.5155e+01  14 1.00000e+00  
103.8 4.5245e+01  14 1.00000e+00  
103.9 4.5335e+01  14 1.00000e+00  
104.0 4.5426e+01  14 1.00000e+00  
104.1 4.5516e+01  14 1.00000e+00  
104.2 4.5606e+01  14 1.00000e+00  
104.3 4.5696e+01  14 1.00000e+00  
104.4 4.5787e+01  14 1.00000e+00  
104.5 4.5877e+01  14 1.00000e+00  
104.6 4.5967e+01  14 1.00000e+00  
104.7 4.6057e+01  14 1.00000e+00  
104.8 4.6148e+01  14 1.00000e+00  
104.9 4.6238e+01  14 1.00000e+00  
105.0 4.6328e+01  14 1.00000e+00  
105.1 4.6419e+01  14 1.00000e+00  
105.2 4.6509e+01  14 1.00000e+00  
105.3 4.6599e+01  14 1.00000e+00  
105.4 4.6690e+01  14 1.00000e+00  
105.5 4.6780e+01  14 1.00000e+00  
105.6 4.6870e+01  14 1.00000e+00  
105.7 4.6956e+01  14 1.00000e+00  
105.8 4.7046e+01  14 1.00000e+00  
105.9 4.7137e+01  14 1.00000e+00  
106.0 4.7227e+01  14 1.00000e+00  
106.1 4.7317e+01  14 1.00000e+00  
106.2 4.7408e+01  14 1.00000e+00  
106.3 4.7498e+01  14 1.00000e+00  
106.4 4.7589e+01  14 1.00000e+00  
106.5 4.7679e+01  14 1.00000e+00  
106.6 4.7770e+01  14 1.00000e+00  
106.7 4.7860e+01  14 1.00000e+00  
106.8 4.7950e+01  14 1.00000e+00  
106.9 4.8041e+01  14 1.00000e+00  
107.0 4.8131e+01  14 1.00000e+00  
107.1 4.8222e+01  14 1.00000e+00  
107.2 4.8312e+01  14 1.00000e+00  
107.3 4.8403e+01  14 1.00000e+00  
107.4 4.8493e+01  14 1.00000e+00  
107.5 4.8584e+01  14 1.00000e+00  
107.6 4.8674e+01  14 1.00000e+00  
107.7 4.8765e+01  14 1.00000e+00  
107.8 4.8855e+01  14 1.00000e+00  
107.9 4.8946e+01  14 1.00000e+00  
108.0 4.9036e+01  14 1.00000e+00  
108.1 4.9127e+01  14 1.00000e+00  
108.2 4.9217e+01  14 1.00000e+00  
108.3 4.9308e+01  14 1.00000e+00  
108.4 4.9399e+01  14 1.00000e+00  
108.5 4.9489e+01  14 1.00000e+00  
108.6 4.9580e+01  14 1.00000e+00  
108.7 4.9670e+01  14 1.00000e+00  
108.8 4.9761e+01  14 1.00000e+00  
108.9 4.9851e+01  14 1.00000e+00  
109.0 4.9942e+01  14 1.00000e+00  
109.1 5.0026e+01  14 1.00000e+00  
109.2 5.0117e+01  14 1.00000e+00  
109.3 5.0207e+01  14 1.00000e+00  
109.4 5.0298e+01  14 1.00000e+00  
109.5 5.0388e+01  14 1.00000e+00  
109.6 5.0479e+01  14 1.00000e+00  
109.7 5.0569e+01  14 1.00000e+00  
109.8 5.0660e+01  14 1.00000e+00  
109.9 5.0750e+01  14 1.00000e+00  
110.0 5.0841e+01  14 1.00000e+00  
110.1 5.0931e+01  14 1.00000e+00  
110.2 5.1022e+01  14 1.00000e+00  
110.3 5.1113e+01  14 1.00000e+00  
110.4 5.1203e+01  14 1.00000e+00  
110.5 5.1294e+01  14 1.00000e+00  
110.6 5.1384e+01  14 1.00000e+00  
110.7 5.1475e+01  14 1.00000e+00  
110.8 5.1565e+01  14 1.00000e+00  
110.9 5.1656e+01  14 1.00000e+00  
111.0 5.1746e+01  14 1.00000e+00  
111.1 5.1837e+01  14 1.00000e+00  
111.2 5.1927e+01  14 1.00000e+00  
111.3 5.2018e+01  14 1.00000e+00  
111.4 5.2109e+01  14 1.00000e+00  
111.5 5.2199e+01  14 1.00000e+00  
111.6 5.2290e+01  14 1.00000e+00  
111.7 5.2380e+01  14 1.00000e+00  
111.8 5.2471e+01  14 1.00000e+00  
111.9 5.2561e+01  14 1.00000e+00  
112.0 5.2652e+01  14 1.00000e+00  
112.1 5.2742e+01  14 1.00000e+00  
112.2 5.2833e+01  14 1.00000e+00  
112.3 5.2923e+01  14 1.00000e+00  
112.4 5.3014e+01  14 1.00000e+00  
112.5 5.3105e+01  14 1.00000e+00  
112.6 5.3195e+01  14 1.00000e+00  
112.7 5.3286e+01  14 1.00000e+00  
112.8 5.3376e+01  14 1.00000e+00  
112.9 5.3467e+01  14 1.00000e+00  
113.0 5.3557e+01  14 1.00000e+00  
113.1 5.3648e+01  14 1.00000e+00  
113.2 5.3738e+01  14 1.00000e+00  
113.3 5.3829e+01  14 1.00000e+00  
113.4 5.3915e+01  14 1.00000e+00  
113.5 5.4005e+01  14 1.00000e+00  
113.6 5.4096e+01  14 1.00000e+00  
113.7 5.4186e+01  14 1.00000e+00  
113.8 5.4277e+01  14 1.00000e+00  
113.9 5.4367e+01  14 1.00000e+00  
114.0 5.4458e+01  14 1.00000e+00  
114.1 5.4548e+01  14 1.00000e+00  
114.2 5.4639e+01  14 1.00000e+00  
114.3 5.4729e+01  14 1.00000e+00  
114.4 5.4820e+01  14 1.00000e+00  
114.5 5.4910e+01  14 1.00000e+00  
114.6 5.5001e+01  14 1.00000e+00  
114.7 5.5091e+01  14 1.00000e+00  
114.8 5.5182e+01  14 1.00000e+00  
114.9 5.5272e+01  14 1.00000e+00  
115.0 5.5363e+01  14 1.00000e+00  
115.1 5.5453e+01  14 1.00000e+00  
115.2 5.5544e+01  14 1.00000e+00  
115.3 5.5634e+01  14 1.00000e+00  
115.4 5.5725e+01  14 1.00000e+00  
115.5 5.5815e+01  14 1.00000e+00  
115.6 5.5905e+01  14 1.00000e+00  
115.7 5.5996e+01  14 1.00000e+00  
115.8 5.6086e+01  14 1.00000e+00  
115.9 5.6177e+01  14 1.00000e+00  
116.0 5.6267e+01  14 1.00000e+00  
116.1 5.6358e+01  14 1.00000e+00  
116.2 5.6448e+01  14 1.00000e+00  
116.3 5.6538e+01  14 1.00000e+00  
116.4 5.6629e+01  14 1.00000e+00  
116.5 5.6719e+01  14 1.00000e+00  
116.6 5.6810e+01  14 1.00000e+00  
116.7 5.6900e+01  14 1.00000e+00  
116.8 5.6991e+01  14 1.00000e+00  
116.9 5.7081e+01  14 1.00000e+00  
117.0 5.7171e+01  14 1.00000e+00  
117.1 5.7262e+01  14 1.00000e+00  
117.2 5.7352e+01  14 1.00000e+00  
117.3 5.7442e+01  14 1.00000e+00  
117.4 5.7533e+01  14 1.00000e+00  
117.5 5.7623e+01  14 1.00000e+00  
117.6 5.7713e+01  14 1.00000e+00  
117.7 5.7804e+01  14 1.00000e+00  
117.8 5.7894e+01  14 1.00000e+00  
117.9 5.7984e+01  14 1.00000e+00  
118.0 5.8075e+01  14 1.00000e+00  
118.1 5.8165e+01  14 1.00000e+00  
118.2 5.8255e+01  14 1.00000e+00  
118.3 5.8346e+01  14 1.00000e+00  
118.4 5.8436e+01  14 1.00000e+00  
118.5 5.8526e+01  14 1.00000e+00  
118.6 5.8617e+01  14 1.00000e+00  
118.7 5.8707e+01  14 1.00000e+00  
118.8 5.8797e+01  14 1.00000e+00  
118.9 5.8888e+01  14 1.00000e+00  
119.0 5.8978e+01  14 1.00000e+00  
119.1 5.9068e+01  14 1.00000e+00  
119.2 5.9158e+01  14 1.00000e+00  
119.3 5.9249e+01  14 1.00000e+00  
119.4 5.9339e+01  14 1.00000e+00  
119.5 5.9429e+01  14 1.00000e+00  
119.6 5.9519e+01  14 1.00000e+00  
119.7 5.9609e+01  14 1.00000e+00  
119.8 5.9700e+01  14 1.00000e+00  
119.9 5.9790e+01  14 1.00000e+00  
120.0 5.9880e+01  14 1.00000e+00  
120.1 5.9970e+01  14 1.00000e+00  
120.2 6.0061e+01  14 1.00000e+00  
120.3 6.0151e+01  14 1.00000e+00  
120.4 6.0241e+01  14 1.00000e+00  
120.5 6.0331e+01  14 1.00000e+00  
120.6 6.0421e+01  14 1.00000e+00  
120.7 6.0511e+01  14 1.00000e+00  
120.8 6.0602e+01  14 1.00000e+00  
120.9 6.0692e+01  14 1.00000e+00  
121.0 6.0782e+01  14 1.00000e+00  
121.1 6.0872e+01  14 1.00000e+00  
121.2 6.0962e+01  14 1.00000e+00  
121.3 6.1052e+01  14 1.00000e+00  
121.4 6.1142e+01  14 1.00000e+00  
121.5 6.1232e+01  14 1.00000e+00  
121.6 6.1322e+01  14 1.00000e+00  
121.7 6.1408e+01  14 1.00000e+00  
121.8 6.1498e+01  14 1.00000e+00  
121.9 6.1588e+01  14 1.00000e+00  
122.0 6.1679e+01  14 1.00000e+00  
122.1 6.1769e+01  14 1.00000e+00  
122.2 6.1859e+01  14 1.00000e+00  
122.3 6.1949e+01  14 1.00000e+00  
122.4 6.2039e+01  14 1.00000e+00  
122.5 6.2129e+01  14 1.00000e+00  
122.6 6.2218e+01  14 1.00000e+00  
122.7 6.2309e+01  14 1.00000e+00  
122.8 6.2398e+01  14 1.00000e+00  
122.9 6.2488e+01  14 1.00000e+00  
123.0 6.2578e+01  14 1.00000e+00  
123.1 6.2668e+01  14 1.00000e+00  
123.2 6.2758e+01  14 1.00000e+00  
123.3 6.2848e+01  14 1.00000e+00  
123.4 6.2938e+01  14 1.00000e+00  
123.5 6.3028e+01  14 1.00000e+00  
123.6 6.3118e+01  14 1.00000e+00  
123.7 6.3208e+01  14 1.00000e+00  
123.8 6.3298e+01  14 1.00000e+00  
123.9 6.3387e+01  14 1.00000e+00  
124.0 6.3477e+01  14 1.00000e+00  
124.1 6.3567e+01  14 1.00000e+00  
124.2 6.3657e+01  14 1.00000e+00  
124.3 6.3747e+01  14 1.00000e+00  
124.4 6.3837e+01  14 1.00000e+00  
124.5 6.3927e+01  14 1.00000e+00  
124.6 6.4016e+01  14 1.00000e+00  
124.7 6.4106e+01  14 1.00000e+00  
124.8 6.4196e+01  14 1.00000e+00  
124.9 6.4286e+01  14 1.00000e+00  
125.0 6.4375e+01  14 1.00000e+00  
125.1 6.4465e+01  14 1.00000e+00  
125.2 6.4555e+01  14 1.00000e+00  
125.3 6.4645e+01  14 1.00000e+00  
125.4 6.4734e+01  14 1.00000e+00  
125.5 6.4824e+01  14 1.00000e+00  
125.6 6.4914e+01  14 1.00000e+00  
125.7 6.5004e+01  14 1.00000e+00  
125.8 6.5093e+01  14 1.00000e+00  
125.9 6.5183e+01  14 1.00000e+00  
126.0 6.5273e+01  14 1.00000e+00  
126.1 6.5362e+01  14 1.00000e+00  
126.2 6.5452e+01  14 1.00000e+00  
126.3 6.5542e+01  14 1.00000e+00  
126.4 6.5631e+01  14 1.00000e+00  
126.5 6.5721e+01  14 1.00000e+00  
126.6 6.5811e+01  14 1.00000e+00  
126.7 6.5900e+01  14 1.00000e+00  
126.8 6.5990e+01  14 1.00000e+00  
126.9 6.6080e+01  14 1.00000e+00  
127.0 6.6169e+01  14 1.00000e+00  
127.1 6.6259e+01  14 1.00000e+00  
127.2 6.6348e+01  14 1.00000e+00  
127.3 6.6438e+01  14 1.00000e+00  
127.4 6.6527e+01  14 1.00000e+00  
127.5 6.6617e+01  14 1.00000e+00  
127.6 6.6706e+01  14 1.00000e+00  
127.7 6.6796e+01  14 1.00000e+00  
127.8 6.6886e+01  14 1.00000e+00  
127.9 6.6975e+01  14 1.00000e+00  
128.0 6.7065e+01  14 1.00000e+00  
128.1 6.7154e+01  14 1.00000e+00  
128.2 6.7244e+01  14 1.00000e+00  
128.3 6.7333e+01  14 1.00000e+00  
128.4 6.7422e+01  14 1.00000e+00  
128.5 6.7512e+01  14 1.00000e+00  
128.6 6.7601e+01  14 1.00000e+00  
128.7 6.7691e+01  14 1.00000e+00  
128.8 6.7780e+01  14 1.00000e+00  
128.9 6.7870e+01  14 1.00000e+00  
129.0 6.7959e+01  14 1.00000e+00  
129.1 6.8048e+01  14 1.00000e+00  
129.2 6.8138e+01  14 1.00000e+00  
129.3 6.8227e+01  14 1.00000e+00  
129.4 6.8317e+01  14 1.00000e+00  
129.5 6.8406e+01  14 1.00000e+00  
129.6 6.8495e+01  14 1.00000e+00  
129.7 6.8585e+01  14 1.00000e+00  
129.8 6.8674e+01  14 1.00000e+00  
129.9 6.8763e+01  14 1.00000e+00  
130.0 6.8852e+01  14 1.00000e+00  
130.1 6.8942e+01  14 1.00000e+00  
130.2 6.9031e+01  14 1.00000e+00  
130.3 6.9120e+01  14 1.00000e+00  
130.4 6.9210e+01  14 1.00000e+00  
130.5 6.9299e+01  14 1.00000e+00  
130.6 6.9388e+01  14 1.00000e+00  
130.7 6.9477e+01  14 1.00000e+00  
130.8 6.9567e+01  14 1.00000e+00  
130.9 6.9656e+01  14 1.00000e+00  
131.0 6.9741e+01  14 1.00000e+00  
131.1 6.9831e+01  14 1.00000e+00  
131.2 6.9920e+01  14 1.00000e+00  
131.3 7.0009e+01  14 1.00000e+00  
131.4 7.0098e+01  14 1.00000e+00  
131.5 7.0187e+01  14 1.00000e+00  
131.6 7.0276e+01  14 1.00000e+00  
131.7 7.0366e+01  14 1.00000e+00  
131.8 7.0455e+01  14 1.00000e+00  
131.9 7.0544e+01  14 1.00000e+00  
132.0 7.0633e+01  14 1.00000e+00  
132.1 7.0722e+01  14 1.00000e+00  
132.2 7.0811e+01  14 1.00000e+00  
132.3 7.0900e+01  14 1.00000e+00  
132.4 7.0989e+01  14 1.00000e+00  
132.5 7.1078e+01  14 1.00000e+00  
132.6 7.1167e+01  14 1.00000e+00  
132.7 7.1256e+01  14 1.00000e+00  
132.8 7.1345e+01  14 1.00000e+00  
132.9 7.1435e+01  14 1.00000e+00  
133.0 7.1524e+01  14 1.00000e+00  
133.1 7.1612e+01  14 1.00000e+00  
133.2 7.1701e+01  14 1.00000e+00  
133.3 7.1790e+01  14 1.00000e+00  
133.4 7.1879e+01  14 1.00000e+00  
133.5 7.1968e+01  14 1.00000e+00  
133.6 7.2057e+01  14 1.00000e+00  
133.7 7.2146e+01  14 1.00000e+00  
133.8 7.2235e+01  14 1.00000e+00  
133.9 7.2324e+01  14 1.00000e+00  
134.0 7.2413e+01  14 1.00000e+00  
134.1 7.2502e+01  14 1.00000e+00  
134.2 7.2591e+01  14 1.00000e+00  
134.3 7.2680e+01  14 1.00000e+00  
134.4 7.2768e+01  14 1.00000e+00  
134.5 7.2857e+01  14 1.00000e+00  
134.6 7.2946e+01  14 1.00000e+00  
134.7 7.3035e+01  14 1.00000e+00  
134.8 7.1987e+01  14 1.00000e+00  
134.9 7.2076e+01  14 1.00000e+00  
135.0 7.2164e+01  14 1.00000e+00  
135.1 7.2253e+01  14 1.00000e+00  
135.2 7.2341e+01  14 1.00000e+00  
135.3 7.2429e+01  14 1.00000e+00  
135.4 7.2518e+01  14 1.00000e+00  
135.5 7.2606e+01  14 1.00000e+00  
135.6 7.2694e+01  14 1.00000e+00  
135.7 7.2783e+01  14 1.00000e+00  
135.8 7.2871e+01  14 1.00000e+00  
135.9 7.2959e+01  14 1.00000e+00  
136.0 7.3048e+01  14 1.00000e+00  
136.1 7.3136e+01  14 1.00000e+00  
136.2 7.3224e+01  14 1.00000e+00  
136.3 7.3313e+01  14 1.00000e+00  
136.4 7.3401e+01  14 1.00000e+00  
136.5 7.3489e+01  14 1.00000e+00  
136.6 7.3577e+01  14 1.00000e+00  
136.7 7.3666e+01  14 1.00000e+00  
136.8 7.3754e+01  14 1.00000e+00  
136.9 7.2527e+01  14 1.00000e+00  
137.0 7.2614e+01  14 1.00000e+00  
137.1 7.2701e+01  14 1.00000e+00  
137.2 7.2789e+01  14 1.00000e+00  
137.3 7.2876e+01  14 1.00000e+00  
137.4 7.2963e+01  14 1.00000e+00  
137.5 7.3050e+01  14 1.00000e+00  
137.6 7.3137e+01  14 1.00000e+00  
137.7 7.3224e+01  14 1.00000e+00  
137.8 7.3311e+01  14 1.00000e+00  
137.9 7.2433e+01  14 1.00000e+00  
138.0 7.2520e+01  14 1.00000e+00  
138.1 7.2607e+01  14 1.00000e+00  
138.2 7.2694e+01  14 1.00000e+00  
138.3 7.2781e+01  14 1.00000e+00  
138.4 7.2868e+01  14 1.00000e+00  
138.5 7.2955e+01  14 1.00000e+00  
138.6 7.3041e+01  14 1.00000e+00  
138.7 7.3128e+01  14 1.00000e+00  
138.8 7.3215e+01  14 1.00000e+00  
138.9 7.3302e+01  14 1.00000e+00  
139.0 7.3389e+01  14 1.00000e+00  
139.1 7.3476e+01  14 1.00000e+00  
139.2 7.3563e+01  14 1.00000e+00  
139.3 7.3650e+01  14 1.00000e+00  
139.4 7.3736e+01  14 1.00000e+00  
139.5 7.3823e+01  14 1.00000e+00  
139.6 7.3910e+01  14 1.00000e+00  
139.7 7.3997e+01  14 1.00000e+00  
139.8 7.4084e+01  14 1.00000e+00  
139.9 7.4170e+01  14 1.00000e+00  
140.0 7.4257e+01  14 1.00000e+00  
140.1 7.4344e+01  14 1.00000e+00  
140.2 7.4431e+01  14 1.00000e+00  
140.3 7.4517e+01  14 1.00000e+00  
140.4 7.4604e+01  14 1.00000e+00  
140.5 7.4691e+01  14 1.00000e+00  
140.6 7.4778e+01  14 1.00000e+00  
140.7 7.4864e+01  14 1.00000e+00  
140.8 7.4951e+01  14 1.00000e+00  
140.9 7.5038e+01  14 1.00000e+00  
141.0 7.5124e+01  14 1.00000e+00  
141.1 7.5211e+01  14 1.00000e+00  
141.2 7.5298e+01  14 1.00000e+00  
141.3 7.5384e+01  14 1.00000e+00  
141.4 7.5471e+01  14 1.00000e+00  
141.5 7.5558e+01  14 1.00000e+00  
141.6 7.5644e+01  14 1.00000e+00  
141.7 7.5731e+01  14 1.00000e+00  
141.8 7.5818e+01  14 1.00000e+00  
141.9 7.3154e+01  14 1.00000e+00  
142.0 7.3239e+01  14 1.00000e+00  
142.1 7.3323e+01  14 1.00000e+00  
142.2 7.3408e+01  14 1.00000e+00  
142.3 7.3492e+01  14 1.00000e+00  
142.4 7.3576e+01  14 1.00000e+00  
142.5 7.3661e+01  14 1.00000e+00  
142.6 7.3745e+01  14 1.00000e+00  
142.7 7.2932e+01  14 1.00000e+00  
142.8 7.3017e+01  14 1.00000e+00  
142.9 7.3101e+01  14 1.00000e+00  
143.0 7.3186e+01  14 1.00000e+00  
143.1 7.3270e+01  14 1.00000e+00  
143.2 7.3355e+01  14 1.00000e+00  
143.3 7.3439e+01  14 1.00000e+00  
143.4 7.3524e+01  14 1.00000e+00  
143.5 7.3608e+01  14 1.00000e+00  
143.6 7.3716e+01  14 1.00000e+00  
143.7 7.3800e+01  14 1.00000e+00  
143.8 7.3884e+01  14 1.00000e+00  
143.9 7.3968e+01  14 1.00000e+00  
144.0 7.4051e+01  14 1.00000e+00  
144.1 7.4135e+01  14 1.00000e+00  
144.2 7.4219e+01  14 1.00000e+00  
144.3 7.4303e+01  14 1.00000e+00  
144.4 7.4387e+01  14 1.00000e+00  
144.5 7.4471e+01  14 1.00000e+00  
144.6 7.4555e+01  14 1.00000e+00  
144.7 7.4639e+01  14 1.00000e+00  
144.8 7.4723e+01  14 1.00000e+00  
144.9 7.4807e+01  14 1.00000e+00  
145.0 7.4891e+01  14 1.00000e+00  
145.1 7.4975e+01  14 1.00000e+00  
145.2 7.5059e+01  14 1.00000e+00  
145.3 7.5143e+01  14 1.00000e+00  
145.4 7.5227e+01  14 1.00000e+00  
145.5 7.5311e+01  14 1.00000e+00  
145.6 7.5395e+01  14 1.00000e+00  
145.7 7.5479e+01  14 1.00000e+00  
145.8 7.5563e+01  14 1.00000e+00  
145.9 7.5647e+01  14 1.00000e+00  
146.0 7.5731e+01  14 1.00000e+00  
146.1 7.5815e+01  14 1.00000e+00  
146.2 7.5899e+01  14 1.00000e+00  
146.3 7.5983e+01  14 1.00000e+00  
146.4 7.6067e+01  14 1.00000e+00  
146.5 7.6151e+01  14 1.00000e+00  
146.6 7.6235e+01  14 1.00000e+00  
146.7 7.6320e+01  14 1.00000e+00  
146.8 7.6404e+01  14 1.00000e+00  
146.9 7.6488e+01  14 1.00000e+00  
147.0 7.6572e+01  14 1.00000e+00  
147.1 7.6656e+01  14 1.00000e+00  
147.2 7.6740e+01  14 1.00000e+00  
147.3 7.6824e+01  14 1.00000e+00  
147.4 7.6908e+01  14 1.00000e+00  
147.5 7.6992e+01  14 1.00000e+00  
147.6 7.7076e+01  14 1.00000e+00  
147.7 7.7160e+01  14 1.00000e+00  
147.8 7.7245e+01  14 1.00000e+00  
147.9 7.7329e+01  14 1.00000e+00  
148.0 7.7413e+01  14 1.00000e+00  
148.1 7.6815e+01  14 1.00000e+00  
148.2 7.6899e+01  14 1.00000e+00  
148.3 7.6983e+01  14 1.00000e+00  
148.4 7.7067e+01  14 1.00000e+00  
148.5 7.7151e+01  14 1.00000e+00  
148.6 7.7235e+01  14 1.00000e+00  
148.7 7.7319e+01  14 1.00000e+00  
148.8 7.7403e+01  14 1.00000e+00  
148.9 7.7488e+01  14 1.00000e+00  
149.0 7.7572e+01  14 1.00000e+00  
149.1 7.7656e+01  14 1.00000e+00  
149.2 7.7740e+01  14 1.00000e+00  
149.3 7.7824e+01  14 1.00000e+00  
149.4 7.7908e+01  14 1.00000e+00  
149.5 7.7992e+01  14 1.00000e+00  
149.6 7.8077e+01  14 1.00000e+00  
149.7 7.8161e+01  14 1.00000e+00  
149.8 7.8245e+01  14 1.00000e+00  
149.9 7.8329e+01  14 1.00000e+00  
150.0 7.8413e+01  14 1.00000e+00  
