 15.1 1.4528e+00  13 4.47288e-02  
 15.2 1.4604e+00  13 4.50933e-02  
 15.3 1.4680e+00  13 4.54535e-02  
 15.4 1.4756e+00  13 4.58094e-02  
 15.5 1.4832e+00  13 4.61613e-02  
 15.6 1.4907e+00  13 4.65089e-02  
 15.7 1.4983e+00  13 4.68524e-02  
 15.8 1.5059e+00  13 4.71920e-02  
 15.9 1.5135e+00  13 4.75275e-02  
 16.0 1.5210e+00  13 4.78053e-02  
 16.1 1.5286e+00  13 4.81324e-02  
 16.2 1.5362e+00  13 4.84557e-02  
 16.3 1.5437e+00  13 4.87754e-02  
 16.4 1.5513e+00  13 4.90915e-02  
 16.5 1.5589e+00  13 4.94040e-02  
 16.6 1.5664e+00  13 4.97130e-02  
 16.7 1.5740e+00  13 5.00187e-02  
 16.8 1.5816e+00  13 5.03210e-02  
 16.9 1.5891e+00  13 5.06200e-02  
 17.0 1.5967e+00  13 5.09158e-02  
 17.1 1.6043e+00  13 5.12084e-02  
 17.2 1.6118e+00  13 5.14977e-02  
 17.3 1.6194e+00  13 5.17840e-02  
 17.4 1.6269e+00  13 5.20675e-02  
 17.5 1.6345e+00  13 5.23479e-02  
 17.6 1.6420e+00  13 5.26253e-02  
 17.7 1.6496e+00  13 5.28999e-02  
 17.8 1.6571e+00  13 5.31717e-02  
 17.9 1.6647e+00  13 5.34408e-02  
 18.0 1.6722e+00  13 5.37071e-02  
 18.1 1.6798e+00  13 5.39708e-02  
 18.2 1.6873e+00  13 5.41564e-02  
 18.3 1.6949e+00  13 5.44139e-02  
 18.4 1.7024e+00  13 5.46688e-02  
 18.5 1.7099e+00  13 5.49212e-02  
 18.6 1.7175e+00  13 5.51711e-02  
 18.7 1.7289e+00  13 5.57113e-02  
 18.8 1.7412e+00  13 5.63157e-02  
 18.9 1.7536e+00  13 5.69219e-02  
 19.0 1.7661e+00  13 5.75300e-02  
 19.1 1.7787e+00  13 5.81400e-02  
 19.2 1.7913e+00  13 5.87521e-02  
 19.3 1.8041e+00  13 5.93662e-02  
 19.4 1.8170e+00  13 5.99825e-02  
 19.5 1.8300e+00  13 6.06009e-02  
 19.6 1.8430e+00  13 6.12215e-02  
 19.7 1.8562e+00  13 6.18443e-02  
 19.8 1.8695e+00  13 6.24694e-02  
 19.9 1.8828e+00  13 6.30969e-02  
 20.0 1.8963e+00  13 6.37268e-02  
 20.1 1.9098e+00  13 6.43591e-02  
 20.2 1.9235e+00  13 6.49939e-02  
 20.3 1.7612e+01  14 1.00000e+00  
 20.4 1.7694e+01  14 1.00000e+00  
 20.5 1.7775e+01  14 1.00000e+00  
 20.6 1.7856e+01  14 1.00000e+00  
 20.7 1.7937e+01  14 1.00000e+00  
 20.8 1.8017e+01  14 1.00000e+00  
 20.9 1.8070e+01  14 1.00000e+00  
 21.0 1.8150e+01  14 1.00000e+00  
 21.1 1.8229e+01  14 1.00000e+00  
 21.2 1.8309e+01  14 1.00000e+00  
 21.3 1.8388e+01  14 1.00000e+00  
 21.4 1.8468e+01  14 1.00000e+00  
 21.5 1.8547e+01  14 1.00000e+00  
 21.6 1.8626e+01  14 1.00000e+00  
 21.7 1.8675e+01  14 1.00000e+00  
 21.8 1.8754e+01  14 1.00000e+00  
 21.9 1.8832e+01  14 1.00000e+00  
 22.0 1.8910e+01  14 1.00000e+00  
 22.1 1.8989e+01  14 1.00000e+00  
 22.2 1.9066e+01  14 1.00000e+00  
 22.3 1.9144e+01  14 1.00000e+00  
 22.4 1.9221e+01  14 1.00000e+00  
 22.5 1.9267e+01  14 1.00000e+00  
 22.6 1.9345e+01  14 1.00000e+00  
 22.7 1.9422e+01  14 1.00000e+00  
 22.8 1.9498e+01  14 1.00000e+00  
 22.9 1.9575e+01  14 1.00000e+00  
 23.0 1.9651e+01  14 1.00000e+00  
 23.1 1.9727e+01  14 1.00000e+00  
 23.2 5.5856e+00  14 2.47881e-01  
 23.3 5.6992e+00  14 2.53337e-01  
 23.4 5.8145e+00  14 2.58363e-01  
 23.5 5.9313e+00  14 2.63459e-01  
 23.6 6.0496e+00  14 2.68595e-01  
 23.7 6.1693e+00  14 2.73771e-01  
 23.8 6.2904e+00  14 2.78984e-01  
 23.9 6.4130e+00  14 2.84240e-01  
 24.0 6.5371e+00  14 2.89533e-01  
 24.1 6.6627e+00  14 2.94863e-01  
 24.2 6.7868e+00  14 3.00587e-01  
 24.3 6.9151e+00  14 3.05985e-01  
 24.4 7.0448e+00  14 3.11419e-01  
 24.5 7.1759e+00  14 3.16894e-01  
 24.6 7.3085e+00  14 3.22406e-01  
 24.7 7.4426e+00  14 3.27954e-01  
 24.8 7.5782e+00  14 3.33538e-01  
 24.9 7.7152e+00  14 3.39160e-01  
 25.0 7.8481e+00  14 3.45169e-01  
 25.1 7.9882e+00  14 3.50832e-01  
 25.2 8.1293e+00  14 3.56559e-01  
 25.3 8.2720e+00  14 3.62319e-01  
 25.4 8.4161e+00  14 3.68115e-01  
 25.5 8.5616e+00  14 3.73946e-01  
 25.6 8.7087e+00  14 3.79814e-01  
 25.7 8.8572e+00  14 3.85717e-01  
 25.8 8.9986e+00  14 3.91981e-01  
 25.9 9.1504e+00  14 3.97925e-01  
 26.0 9.3030e+00  14 4.03927e-01  
 26.1 9.4571e+00  14 4.09964e-01  
 26.2 9.6127e+00  14 4.16035e-01  
 26.3 9.7697e+00  14 4.22142e-01  
 26.4 9.9282e+00  14 4.28284e-01  
 26.5 1.0088e+01  14 4.34459e-01  
 26.6 1.0249e+01  14 4.40673e-01  
 26.7 1.0400e+01  14 4.47209e-01  
 26.8 1.0565e+01  14 4.53458e-01  
 26.9 1.0731e+01  14 4.59764e-01  
 27.0 1.0898e+01  14 4.66105e-01  
 27.1 1.1066e+01  14 4.72480e-01  
 27.2 1.1236e+01  14 4.78887e-01  
 27.3 1.1408e+01  14 4.85332e-01  
 27.4 1.1580e+01  14 4.91809e-01  
 27.5 1.1739e+01  14 4.98584e-01  
 27.6 1.1916e+01  14 5.05098e-01  
 27.7 1.2093e+01  14 5.11668e-01  
 27.8 1.2271e+01  14 5.18271e-01  
 27.9 1.2451e+01  14 5.24907e-01  
 28.0 1.2632e+01  14 5.31576e-01  
 28.1 1.2815e+01  14 5.38280e-01  
 28.2 1.2999e+01  14 5.45016e-01  
 28.3 1.3184e+01  14 5.51785e-01  
 28.4 1.3351e+01  14 5.58820e-01  
 28.5 1.3541e+01  14 5.65626e-01  
 28.6 1.3731e+01  14 5.72487e-01  
 28.7 1.3922e+01  14 5.79380e-01  
 28.8 1.4114e+01  14 5.86306e-01  
 28.9 1.4308e+01  14 5.93263e-01  
 29.0 1.4503e+01  14 6.00257e-01  
 29.1 1.4700e+01  14 6.07281e-01  
 29.2 1.4873e+01  14 6.14541e-01  
 29.3 1.5074e+01  14 6.21615e-01  
 29.4 1.5276e+01  14 6.28720e-01  
 29.5 1.5478e+01  14 6.35866e-01  
 29.6 1.5682e+01  14 6.43045e-01  
 29.7 1.5887e+01  14 6.50256e-01  
 29.8 1.6093e+01  14 6.57500e-01  
 29.9 1.6301e+01  14 6.64778e-01  
 30.0 1.6510e+01  14 6.72086e-01  
 30.1 1.6690e+01  14 6.79598e-01  
 30.2 1.6905e+01  14 6.86947e-01  
 30.3 1.7118e+01  14 6.94344e-01  
 30.4 1.7333e+01  14 7.01773e-01  
 30.5 1.7549e+01  14 7.09233e-01  
 30.6 1.7766e+01  14 7.16726e-01  
 30.7 1.7985e+01  14 7.24251e-01  
 30.8 1.8205e+01  14 7.31809e-01  
 30.9 1.8390e+01  14 7.39540e-01  
 31.0 1.8612e+01  14 7.47154e-01  
 31.1 1.8840e+01  14 7.54787e-01  
 31.2 1.9065e+01  14 7.62465e-01  
 31.3 1.9293e+01  14 7.70205e-01  
 31.4 1.9521e+01  14 7.77947e-01  
 31.5 1.9751e+01  14 7.85719e-01  
 31.6 1.9981e+01  14 7.93523e-01  
 31.7 2.0213e+01  14 8.01360e-01  
 31.8 2.0403e+01  14 8.09333e-01  
 31.9 2.0639e+01  14 8.17222e-01  
 32.0 2.0878e+01  14 8.25141e-01  
 32.1 2.1115e+01  14 8.33097e-01  
 32.2 2.1354e+01  14 8.41085e-01  
 32.3 2.1593e+01  14 8.49104e-01  
 32.4 2.1835e+01  14 8.57154e-01  
 32.5 2.2077e+01  14 8.65236e-01  
 32.6 2.2270e+01  14 8.73420e-01  
 32.7 2.2515e+01  14 8.81559e-01  
 32.8 2.2766e+01  14 8.89723e-01  
 32.9 2.3013e+01  14 8.97925e-01  
 33.0 2.3262e+01  14 9.06157e-01  
 33.1 2.3512e+01  14 9.14422e-01  
 33.2 2.3763e+01  14 9.22717e-01  
 33.3 2.4015e+01  14 9.31044e-01  
 33.4 2.4269e+01  14 9.39402e-01  
 33.5 2.4464e+01  14 9.47821e-01  
 33.6 2.4720e+01  14 9.56236e-01  
 33.7 2.4984e+01  14 9.64679e-01  
 33.8 2.5243e+01  14 9.73156e-01  
 33.9 2.5502e+01  14 9.81665e-01  
 34.0 2.5762e+01  14 9.90205e-01  
 34.1 2.6025e+01  14 9.98776e-01  
 34.2 2.6102e+01  14 1.00000e+00  
 34.3 2.6149e+01  14 1.00000e+00  
 34.4 2.6125e+01  14 1.00000e+00  
 34.5 2.6171e+01  14 1.00000e+00  
 34.6 2.6224e+01  14 1.00000e+00  
 34.7 2.6270e+01  14 1.00000e+00  
 34.8 2.6315e+01  14 1.00000e+00  
 34.9 2.6360e+01  14 1.00000e+00  
 35.0 2.6403e+01  14 1.00000e+00  
 35.1 2.6320e+01  14 1.00000e+00  
 35.2 2.6363e+01  14 1.00000e+00  
 35.3 2.6332e+01  14 1.00000e+00  
 35.4 2.6374e+01  14 1.00000e+00  
 35.5 2.6421e+01  14 1.00000e+00  
 35.6 2.6328e+01  14 1.00000e+00  
 35.7 2.6371e+01  14 1.00000e+00  
 35.8 2.6413e+01  14 1.00000e+00  
 35.9 2.6456e+01  14 1.00000e+00  
 36.0 2.6498e+01  14 1.00000e+00  
 36.1 2.6397e+01  14 1.00000e+00  
 36.2 2.6357e+01  14 1.00000e+00  
 36.3 2.6397e+01  14 1.00000e+00  
 36.4 2.6440e+01  14 1.00000e+00  
 36.5 2.6487e+01  14 1.00000e+00  
 36.6 2.4729e+01  14 1.00000e+00  
 36.7 2.3396e+01  14 1.00000e+00  
 36.8 2.0784e+01  14 1.00000e+00  
 36.9 1.9469e+01  14 1.00000e+00  
 37.0 1.6886e+01  14 1.00000e+00  
 37.1 1.5497e+01  14 1.00000e+00  
 37.2 1.3840e+01  14 1.00000e+00  
 37.3 1.3822e+01  14 1.00000e+00  
 37.4 1.3752e+01  14 1.00000e+00  
 37.5 1.3787e+01  14 1.00000e+00  
 37.6 1.3688e+01  14 1.00000e+00  
 37.7 1.3652e+01  14 1.00000e+00  
 37.8 1.3573e+01  14 1.00000e+00  
 37.9 1.3591e+01  14 1.00000e+00  
 38.0 1.3510e+01  14 1.00000e+00  
 38.1 1.3456e+01  14 1.00000e+00  
 38.2 1.3401e+01  14 1.00000e+00  
 38.3 1.3395e+01  14 1.00000e+00  
 38.4 1.3357e+01  14 1.00000e+00  
 38.5 1.3373e+01  14 1.00000e+00  
 38.6 1.3330e+01  14 1.00000e+00  
 38.7 1.3238e+01  14 1.00000e+00  
 38.8 1.3242e+01  14 1.00000e+00  
 38.9 1.3097e+01  14 9.94717e-01  
 39.0 1.3080e+01  14 9.93847e-01  
 39.1 1.2952e+01  14 9.87350e-01  
 39.2 1.2860e+01  14 9.82657e-01  
 39.3 1.2933e+01  14 9.86366e-01  
 39.4 1.3017e+01  14 9.90649e-01  
 39.5 1.3100e+01  14 9.94875e-01  
 39.6 1.3169e+01  14 9.98366e-01  
 39.7 1.3222e+01  14 1.00000e+00  
 39.8 1.3244e+01  14 1.00000e+00  
 39.9 1.3085e+01  14 9.94084e-01  
 40.0 1.3103e+01  14 9.94990e-01  
 40.1 1.2791e+01  14 9.79127e-01  
 40.2 1.2874e+01  14 9.83331e-01  
 40.3 1.2986e+01  14 9.89061e-01  
 40.4 1.3264e+01  14 1.00000e+00  
 40.5 1.3297e+01  14 1.00000e+00  
 40.6 1.3334e+01  14 1.00000e+00  
 40.7 1.3367e+01  14 1.00000e+00  
 40.8 1.3397e+01  14 1.00000e+00  
 40.9 1.3429e+01  14 1.00000e+00  
 41.0 1.3460e+01  14 1.00000e+00  
 41.1 1.3491e+01  14 1.00000e+00  
 41.2 1.3521e+01  14 1.00000e+00  
 41.3 1.3550e+01  14 1.00000e+00  
 41.4 1.3591e+01  14 1.00000e+00  
 41.5 1.3634e+01  14 1.00000e+00  
 41.6 1.3766e+01  14 1.00000e+00  
 41.7 1.3801e+01  14 1.00000e+00  
 41.8 1.3833e+01  14 1.00000e+00  
 41.9 1.3865e+01  14 1.00000e+00  
 42.0 1.3897e+01  14 1.00000e+00  
 42.1 1.3928e+01  14 1.00000e+00  
 42.2 1.3959e+01  14 1.00000e+00  
 42.3 1.3989e+01  14 1.00000e+00  
 42.4 1.4020e+01  14 1.00000e+00  
 42.5 1.4064e+01  14 1.00000e+00  
 42.6 1.4108e+01  14 1.00000e+00  
 42.7 1.4166e+01  14 1.00000e+00  
 42.8 1.4285e+01  14 1.00000e+00  
 42.9 1.4320e+01  14 1.00000e+00  
 43.0 1.4354e+01  14 1.00000e+00  
 43.1 1.4386e+01  14 1.00000e+00  
 43.2 1.4418e+01  14 1.00000e+00  
 43.3 1.4450e+01  14 1.00000e+00  
 43.4 1.4481e+01  14 1.00000e+00  
 43.5 1.4512e+01  14 1.00000e+00  
 43.6 1.4542e+01  14 1.00000e+00  
 43.7 1.4585e+01  14 1.00000e+00  
 43.8 1.4629e+01  14 1.00000e+00  
 43.9 1.4688e+01  14 1.00000e+00  
 44.0 1.4750e+01  14 1.00000e+00  
 44.1 1.4841e+01  14 1.00000e+00  
 44.2 1.4875e+01  14 1.00000e+00  
 44.3 1.4907e+01  14 1.00000e+00  
 44.4 1.4939e+01  14 1.00000e+00  
 44.5 1.4972e+01  14 1.00000e+00  
 44.6 1.5012e+01  14 1.00000e+00  
 44.7 1.5031e+01  14 1.00000e+00  
 44.8 1.5064e+01  14 1.00000e+00  
 44.9 1.5119e+01  14 1.00000e+00  
 45.0 1.5183e+01  14 1.00000e+00  
 45.1 1.5239e+01  14 1.00000e+00  
 45.2 1.5288e+01  14 1.00000e+00  
 45.3 1.5333e+01  14 1.00000e+00  
 45.4 1.5413e+01  14 1.00000e+00  
 45.5 1.5447e+01  14 1.00000e+00  
 45.6 1.5480e+01  14 1.00000e+00  
 45.7 1.5513e+01  14 1.00000e+00  
 45.8 1.5545e+01  14 1.00000e+00  
 45.9 1.5577e+01  14 1.00000e+00  
 46.0 1.5608e+01  14 1.00000e+00  
 46.1 1.5639e+01  14 1.00000e+00  
 46.2 1.5680e+01  14 1.00000e+00  
 46.3 1.5750e+01  14 1.00000e+00  
 46.4 1.5809e+01  14 1.00000e+00  
 46.5 1.5862e+01  14 1.00000e+00  
 46.6 1.5909e+01  14 1.00000e+00  
 46.7 1.5952e+01  14 1.00000e+00  
 46.8 1.6032e+01  14 1.00000e+00  
 46.9 1.6066e+01  14 1.00000e+00  
 47.0 1.6099e+01  14 1.00000e+00  
 47.1 1.6132e+01  14 1.00000e+00  
 47.2 1.6165e+01  14 1.00000e+00  
 47.3 1.6197e+01  14 1.00000e+00  
 47.4 1.6228e+01  14 1.00000e+00  
 47.5 1.6259e+01  14 1.00000e+00  
 47.6 1.6301e+01  14 1.00000e+00  
 47.7 1.6381e+01  14 1.00000e+00  
 47.8 1.6437e+01  14 1.00000e+00  
 47.9 1.6487e+01  14 1.00000e+00  
 48.0 1.6533e+01  14 1.00000e+00  
 48.1 1.6619e+01  14 1.00000e+00  
 48.2 1.6657e+01  14 1.00000e+00  
 48.3 1.6689e+01  14 1.00000e+00  
 48.4 1.6724e+01  14 1.00000e+00  
 48.5 1.6763e+01  14 1.00000e+00  
 48.6 1.6798e+01  14 1.00000e+00  
 48.7 1.6840e+01  14 1.00000e+00  
 48.8 1.6874e+01  14 1.00000e+00  
 48.9 1.6919e+01  14 1.00000e+00  
 49.0 1.6954e+01  14 1.00000e+00  
 49.1 1.6982e+01  14 1.00000e+00  
 49.2 1.7036e+01  14 1.00000e+00  
 49.3 1.7062e+01  14 1.00000e+00  
 49.4 1.7119e+01  14 1.00000e+00  
 49.5 1.7150e+01  14 1.00000e+00  
 49.6 1.7201e+01  14 1.00000e+00  
 49.7 1.7260e+01  14 1.00000e+00  
 49.8 1.7286e+01  14 1.00000e+00  
 49.9 1.7346e+01  14 1.00000e+00  
 50.0 1.7372e+01  14 1.00000e+00  
 50.1 1.7433e+01  14 1.00000e+00  
 50.2 1.7458e+01  14 1.00000e+00  
 50.3 1.7518e+01  14 1.00000e+00  
 50.4 1.7580e+01  14 1.00000e+00  
 50.5 1.7600e+01  14 1.00000e+00  
 50.6 1.7665e+01  14 1.00000e+00  
 50.7 1.7683e+01  14 1.00000e+00  
 50.8 1.7737e+01  14 1.00000e+00  
 50.9 1.7803e+01  14 1.00000e+00  
 51.0 1.7818e+01  14 1.00000e+00  
 51.1 1.7884e+01  14 1.00000e+00  
 51.2 1.7953e+01  14 1.00000e+00  
 51.3 1.7962e+01  14 1.00000e+00  
 51.4 1.8029e+01  14 1.00000e+00  
 51.5 1.8099e+01  14 1.00000e+00  
 51.6 1.8106e+01  14 1.00000e+00  
 51.7 1.8176e+01  14 1.00000e+00  
 51.8 1.8244e+01  14 1.00000e+00  
 51.9 1.8249e+01  14 1.00000e+00  
 52.0 1.8317e+01  14 1.00000e+00  
 52.1 1.8386e+01  14 1.00000e+00  
 52.2 1.8388e+01  14 1.00000e+00  
 52.3 1.8457e+01  14 1.00000e+00  
 52.4 1.8526e+01  14 1.00000e+00  
 52.5 1.8524e+01  14 1.00000e+00  
 52.6 1.8591e+01  14 1.00000e+00  
 52.7 1.8662e+01  14 1.00000e+00  
 52.8 1.8734e+01  14 1.00000e+00  
 52.9 1.8726e+01  14 1.00000e+00  
 53.0 1.8795e+01  14 1.00000e+00  
 53.1 1.8864e+01  14 1.00000e+00  
 53.2 1.8855e+01  14 1.00000e+00  
 53.3 1.8924e+01  14 1.00000e+00  
 53.4 1.8991e+01  14 1.00000e+00  
 53.5 1.9061e+01  14 1.00000e+00  
 53.6 1.9049e+01  14 1.00000e+00  
 53.7 1.9117e+01  14 1.00000e+00  
 53.8 1.9186e+01  14 1.00000e+00  
 53.9 1.9193e+01  14 1.00000e+00  
 54.0 1.9228e+01  14 1.00000e+00  
 54.1 1.9298e+01  14 1.00000e+00  
 54.2 1.9368e+01  14 1.00000e+00  
 54.3 1.9377e+01  14 1.00000e+00  
 54.4 1.9413e+01  14 1.00000e+00  
 54.5 1.9482e+01  14 1.00000e+00  
 54.6 1.9553e+01  14 1.00000e+00  
 54.7 1.9560e+01  14 1.00000e+00  
 54.8 1.9604e+01  14 1.00000e+00  
 54.9 1.9662e+01  14 1.00000e+00  
 55.0 1.9730e+01  14 1.00000e+00  
 55.1 1.9742e+01  14 1.00000e+00  
 55.2 1.9790e+01  14 1.00000e+00  
 55.3 1.9832e+01  14 1.00000e+00  
 55.4 1.9902e+01  14 1.00000e+00  
 55.5 1.9972e+01  14 1.00000e+00  
 55.6 1.9974e+01  14 1.00000e+00  
 55.7 2.0016e+01  14 1.00000e+00  
 55.8 2.0061e+01  14 1.00000e+00  
 55.9 2.0136e+01  14 1.00000e+00  
 56.0 2.0204e+01  14 1.00000e+00  
 56.1 2.0204e+01  14 1.00000e+00  
 56.2 2.0245e+01  14 1.00000e+00  
 56.3 2.0268e+01  14 1.00000e+00  
 56.4 2.0364e+01  14 1.00000e+00  
 56.5 2.0435e+01  14 1.00000e+00  
 56.6 2.0434e+01  14 1.00000e+00  
 56.7 2.0478e+01  14 1.00000e+00  
 56.8 2.0507e+01  14 1.00000e+00  
 56.9 2.0597e+01  14 1.00000e+00  
 57.0 2.0651e+01  14 1.00000e+00  
 57.1 2.0660e+01  14 1.00000e+00  
 57.2 2.0711e+01  14 1.00000e+00  
 57.3 2.0751e+01  14 1.00000e+00  
 57.4 2.0784e+01  14 1.00000e+00  
 57.5 2.0847e+01  14 1.00000e+00  
 57.6 2.0921e+01  14 1.00000e+00  
 57.7 2.0985e+01  14 1.00000e+00  
 57.8 2.0987e+01  14 1.00000e+00  
 57.9 2.1032e+01  14 1.00000e+00  
 58.0 2.1065e+01  14 1.00000e+00  
 58.1 2.1068e+01  14 1.00000e+00  
 58.2 2.1190e+01  14 1.00000e+00  
 58.3 2.1256e+01  14 1.00000e+00  
 58.4 2.1260e+01  14 1.00000e+00  
 58.5 2.1311e+01  14 1.00000e+00  
 58.6 2.1355e+01  14 1.00000e+00  
 58.7 2.1383e+01  14 1.00000e+00  
 58.8 2.1386e+01  14 1.00000e+00  
 58.9 2.1513e+01  14 1.00000e+00  
 59.0 2.1579e+01  14 1.00000e+00  
 59.1 2.1643e+01  14 1.00000e+00  
 59.2 2.1637e+01  14 1.00000e+00  
 59.3 2.1682e+01  14 1.00000e+00  
 59.4 2.1717e+01  14 1.00000e+00  
 59.5 2.1722e+01  14 1.00000e+00  
 59.6 2.1822e+01  14 1.00000e+00  
 59.7 2.1888e+01  14 1.00000e+00  
 59.8 2.1953e+01  14 1.00000e+00  
 59.9 2.2016e+01  14 1.00000e+00  
 60.0 2.2009e+01  14 1.00000e+00  
 60.1 2.2055e+01  14 1.00000e+00  
 60.2 2.2092e+01  14 1.00000e+00  
 60.3 2.2098e+01  14 1.00000e+00  
 60.4 2.2182e+01  14 1.00000e+00  
 60.5 2.2248e+01  14 1.00000e+00  
 60.6 2.2313e+01  14 1.00000e+00  
 60.7 2.2373e+01  14 1.00000e+00  
 60.8 2.2438e+01  14 1.00000e+00  
 60.9 2.2426e+01  14 1.00000e+00  
 61.0 2.2473e+01  14 1.00000e+00  
 61.1 2.2517e+01  14 1.00000e+00  
 61.2 2.2567e+01  14 1.00000e+00  
 61.3 2.2582e+01  14 1.00000e+00  
 61.4 2.2648e+01  14 1.00000e+00  
 61.5 2.2712e+01  14 1.00000e+00  
 61.6 2.2775e+01  14 1.00000e+00  
 61.7 2.2837e+01  14 1.00000e+00  
 61.8 2.2902e+01  14 1.00000e+00  
 61.9 2.2892e+01  14 1.00000e+00  
 62.0 2.2944e+01  14 1.00000e+00  
 62.1 2.2990e+01  14 1.00000e+00  
 62.2 2.2960e+01  14 1.00000e+00  
 62.3 2.3028e+01  14 1.00000e+00  
 62.4 2.3094e+01  14 1.00000e+00  
 62.5 2.3159e+01  14 1.00000e+00  
 62.6 2.3223e+01  14 1.00000e+00  
 62.7 2.3285e+01  14 1.00000e+00  
 62.8 2.3347e+01  14 1.00000e+00  
 62.9 2.3408e+01  14 1.00000e+00  
 63.0 2.3469e+01  14 1.00000e+00  
 63.1 2.3454e+01  14 1.00000e+00  
 63.2 2.3428e+01  14 1.00000e+00  
 63.3 2.3463e+01  14 1.00000e+00  
 63.4 2.3511e+01  14 1.00000e+00  
 63.5 2.3574e+01  14 1.00000e+00  
 63.6 2.3641e+01  14 1.00000e+00  
 63.7 2.3705e+01  14 1.00000e+00  
 63.8 2.3769e+01  14 1.00000e+00  
 63.9 2.3829e+01  14 1.00000e+00  
 64.0 2.3893e+01  14 1.00000e+00  
 64.1 2.3951e+01  14 1.00000e+00  
 64.2 2.3969e+01  14 1.00000e+00  
 64.3 2.4017e+01  14 1.00000e+00  
 64.4 2.4058e+01  14 1.00000e+00  
 64.5 2.4090e+01  14 1.00000e+00  
 64.6 2.4098e+01  14 1.00000e+00  
 64.7 2.4124e+01  14 1.00000e+00  
 64.8 2.4168e+01  14 1.00000e+00  
 64.9 2.4214e+01  14 1.00000e+00  
 65.0 2.4272e+01  14 1.00000e+00  
 65.1 2.4330e+01  14 1.00000e+00  
 65.2 2.4397e+01  14 1.00000e+00  
 65.3 2.4456e+01  14 1.00000e+00  
 65.4 2.4519e+01  14 1.00000e+00  
 65.5 2.4565e+01  14 1.00000e+00  
 65.6 2.4705e+01  14 1.00000e+00  
 65.7 2.4680e+01  14 1.00000e+00  
 65.8 2.4726e+01  14 1.00000e+00  
 65.9 2.4779e+01  14 1.00000e+00  
 66.0 2.4823e+01  14 1.00000e+00  
 66.1 2.4869e+01  14 1.00000e+00  
 66.2 2.4908e+01  14 1.00000e+00  
 66.3 2.4939e+01  14 1.00000e+00  
 66.4 2.4954e+01  14 1.00000e+00  
 66.5 2.4981e+01  14 1.00000e+00  
 66.6 2.5016e+01  14 1.00000e+00  
 66.7 2.5063e+01  14 1.00000e+00  
 66.8 2.5110e+01  14 1.00000e+00  
 66.9 2.5234e+01  14 1.00000e+00  
 67.0 2.5294e+01  14 1.00000e+00  
 67.1 2.5349e+01  14 1.00000e+00  
 67.2 2.5410e+01  14 1.00000e+00  
 67.3 2.5467e+01  14 1.00000e+00  
 67.4 2.5523e+01  14 1.00000e+00  
 67.5 2.5581e+01  14 1.00000e+00  
 67.6 2.5636e+01  14 1.00000e+00  
 67.7 2.5692e+01  14 1.00000e+00  
 67.8 2.5752e+01  14 1.00000e+00  
 67.9 2.5798e+01  14 1.00000e+00  
 68.0 2.5775e+01  14 1.00000e+00  
 68.1 2.5821e+01  14 1.00000e+00  
 68.2 2.5870e+01  14 1.00000e+00  
 68.3 2.5910e+01  14 1.00000e+00  
 68.4 2.5964e+01  14 1.00000e+00  
 68.5 2.5988e+01  14 1.00000e+00  
 68.6 2.5964e+01  14 1.00000e+00  
 68.7 2.6012e+01  14 1.00000e+00  
 68.8 2.6059e+01  14 1.00000e+00  
 68.9 2.6106e+01  14 1.00000e+00  
 69.0 2.6157e+01  14 1.00000e+00  
 69.1 2.6214e+01  14 1.00000e+00  
 69.2 2.6276e+01  14 1.00000e+00  
 69.3 2.6327e+01  14 1.00000e+00  
 69.4 2.6388e+01  14 1.00000e+00  
 69.5 2.6448e+01  14 1.00000e+00  
 69.6 2.6503e+01  14 1.00000e+00  
 69.7 2.6560e+01  14 1.00000e+00  
 69.8 2.6615e+01  14 1.00000e+00  
 69.9 2.6673e+01  14 1.00000e+00  
 70.0 2.6727e+01  14 1.00000e+00  
 70.1 2.6779e+01  14 1.00000e+00  
 70.2 2.6725e+01  14 1.00000e+00  
 70.3 2.6938e+01  14 1.00000e+00  
 70.4 2.6993e+01  14 1.00000e+00  
 70.5 2.7048e+01  14 1.00000e+00  
 70.6 2.7104e+01  14 1.00000e+00  
 70.7 2.7156e+01  14 1.00000e+00  
 70.8 2.7108e+01  14 1.00000e+00  
 70.9 2.7155e+01  14 1.00000e+00  
 71.0 2.7195e+01  14 1.00000e+00  
 71.1 2.7244e+01  14 1.00000e+00  
 71.2 2.7299e+01  14 1.00000e+00  
 71.3 2.7348e+01  14 1.00000e+00  
 71.4 2.7391e+01  14 1.00000e+00  
 71.5 2.7420e+01  14 1.00000e+00  
 71.6 2.7472e+01  14 1.00000e+00  
 71.7 2.7501e+01  14 1.00000e+00  
 71.8 2.7508e+01  14 1.00000e+00  
 71.9 2.7541e+01  14 1.00000e+00  
 72.0 2.7575e+01  14 1.00000e+00  
 72.1 2.7617e+01  14 1.00000e+00  
 72.2 2.7662e+01  14 1.00000e+00  
 72.3 2.7708e+01  14 1.00000e+00  
 72.4 2.7753e+01  14 1.00000e+00  
 72.5 2.7817e+01  14 1.00000e+00  
 72.6 2.7946e+01  14 1.00000e+00  
 72.7 2.7934e+01  14 1.00000e+00  
 72.8 2.7991e+01  14 1.00000e+00  
 72.9 2.8047e+01  14 1.00000e+00  
 73.0 2.8098e+01  14 1.00000e+00  
 73.1 2.8153e+01  14 1.00000e+00  
 73.2 2.8209e+01  14 1.00000e+00  
 73.3 2.8255e+01  14 1.00000e+00  
 73.4 2.8315e+01  14 1.00000e+00  
 73.5 2.8363e+01  14 1.00000e+00  
 73.6 2.8418e+01  14 1.00000e+00  
 73.7 2.8470e+01  14 1.00000e+00  
 73.8 2.8516e+01  14 1.00000e+00  
 73.9 2.8564e+01  14 1.00000e+00  
 74.0 2.8621e+01  14 1.00000e+00  
 74.1 2.8666e+01  14 1.00000e+00  
 74.2 2.8719e+01  14 1.00000e+00  
 74.3 2.8772e+01  14 1.00000e+00  
 74.4 2.8770e+01  14 1.00000e+00  
 74.5 2.8818e+01  14 1.00000e+00  
 74.6 2.8945e+01  14 1.00000e+00  
 74.7 2.9011e+01  14 1.00000e+00  
 74.8 2.9060e+01  14 1.00000e+00  
 74.9 2.9106e+01  14 1.00000e+00  
 75.0 2.9163e+01  14 1.00000e+00  
 75.1 2.9096e+01  14 1.00000e+00  
 75.2 2.9146e+01  14 1.00000e+00  
 75.3 2.9203e+01  14 1.00000e+00  
 75.4 2.9255e+01  14 1.00000e+00  
 75.5 2.9302e+01  14 1.00000e+00  
 75.6 2.9348e+01  14 1.00000e+00  
 75.7 2.9386e+01  14 1.00000e+00  
 75.8 2.9438e+01  14 1.00000e+00  
 75.9 2.9480e+01  14 1.00000e+00  
 76.0 2.9527e+01  14 1.00000e+00  
 76.1 2.9583e+01  14 1.00000e+00  
 76.2 2.9621e+01  14 1.00000e+00  
 76.3 2.9677e+01  14 1.00000e+00  
 76.4 2.9725e+01  14 1.00000e+00  
 76.5 2.9773e+01  14 1.00000e+00  
 76.6 2.9819e+01  14 1.00000e+00  
 76.7 2.9863e+01  14 1.00000e+00  
 76.8 2.9906e+01  14 1.00000e+00  
 76.9 2.9947e+01  14 1.00000e+00  
 77.0 2.9988e+01  14 1.00000e+00  
 77.1 3.0043e+01  14 1.00000e+00  
 77.2 3.0091e+01  14 1.00000e+00  
 77.3 3.0139e+01  14 1.00000e+00  
 77.4 3.0183e+01  14 1.00000e+00  
 77.5 3.0227e+01  14 1.00000e+00  
 77.6 3.0244e+01  14 1.00000e+00  
 77.7 3.0291e+01  14 1.00000e+00  
 77.8 3.0338e+01  14 1.00000e+00  
 77.9 3.0385e+01  14 1.00000e+00  
 78.0 3.0432e+01  14 1.00000e+00  
 78.1 3.0479e+01  14 1.00000e+00  
 78.2 3.0526e+01  14 1.00000e+00  
 78.3 3.0573e+01  14 1.00000e+00  
 78.4 3.0622e+01  14 1.00000e+00  
 78.5 3.0710e+01  14 1.00000e+00  
 78.6 3.0775e+01  14 1.00000e+00  
 78.7 3.0908e+01  14 1.00000e+00  
 78.8 3.0850e+01  14 1.00000e+00  
 78.9 3.0825e+01  14 1.00000e+00  
 79.0 3.0874e+01  14 1.00000e+00  
 79.1 3.0923e+01  14 1.00000e+00  
 79.2 3.0971e+01  14 1.00000e+00  
 79.3 3.1020e+01  14 1.00000e+00  
 79.4 3.1070e+01  14 1.00000e+00  
 79.5 3.1119e+01  14 1.00000e+00  
 79.6 3.1167e+01  14 1.00000e+00  
 79.7 3.1217e+01  14 1.00000e+00  
 79.8 3.1266e+01  14 1.00000e+00  
 79.9 3.1316e+01  14 1.00000e+00  
 80.0 3.1366e+01  14 1.00000e+00  
 80.1 3.1416e+01  14 1.00000e+00  
 80.2 3.1466e+01  14 1.00000e+00  
 80.3 3.1516e+01  14 1.00000e+00  
 80.4 3.1567e+01  14 1.00000e+00  
 80.5 3.1617e+01  14 1.00000e+00  
 80.6 3.1666e+01  14 1.00000e+00  
 80.7 3.1715e+01  14 1.00000e+00  
 80.8 3.1786e+01  14 1.00000e+00  
 80.9 3.1807e+01  14 1.00000e+00  
 81.0 3.1845e+01  14 1.00000e+00  
 81.1 3.1899e+01  14 1.00000e+00  
 81.2 3.1952e+01  14 1.00000e+00  
 81.3 3.2003e+01  14 1.00000e+00  
 81.4 3.2052e+01  14 1.00000e+00  
 81.5 3.2101e+01  14 1.00000e+00  
 81.6 3.2139e+01  14 1.00000e+00  
 81.7 3.2195e+01  14 1.00000e+00  
 81.8 3.2250e+01  14 1.00000e+00  
 81.9 3.2304e+01  14 1.00000e+00  
 82.0 3.2357e+01  14 1.00000e+00  
 82.1 3.2410e+01  14 1.00000e+00  
 82.2 3.2461e+01  14 1.00000e+00  
 82.3 3.2509e+01  14 1.00000e+00  
 82.4 3.2589e+01  14 1.00000e+00  
 82.5 3.2645e+01  14 1.00000e+00  
 82.6 3.2661e+01  14 1.00000e+00  
 82.7 3.2703e+01  14 1.00000e+00  
 82.8 3.2751e+01  14 1.00000e+00  
 82.9 3.2800e+01  14 1.00000e+00  
 83.0 3.2842e+01  14 1.00000e+00  
 83.1 3.2914e+01  14 1.00000e+00  
 83.2 3.2981e+01  14 1.00000e+00  
 83.3 3.3035e+01  14 1.00000e+00  
 83.4 3.3082e+01  14 1.00000e+00  
 83.5 3.3127e+01  14 1.00000e+00  
 83.6 3.3187e+01  14 1.00000e+00  
 83.7 3.3239e+01  14 1.00000e+00  
 83.8 3.3288e+01  14 1.00000e+00  
 83.9 3.3335e+01  14 1.00000e+00  
 84.0 3.3382e+01  14 1.00000e+00  
 84.1 3.3432e+01  14 1.00000e+00  
 84.2 3.3469e+01  14 1.00000e+00  
 84.3 3.3518e+01  14 1.00000e+00  
 84.4 3.3568e+01  14 1.00000e+00  
 84.5 3.3616e+01  14 1.00000e+00  
 84.6 3.3677e+01  14 1.00000e+00  
 84.7 3.3717e+01  14 1.00000e+00  
 84.8 3.3832e+01  14 1.00000e+00  
 84.9 3.3793e+01  14 1.00000e+00  
 85.0 3.3796e+01  14 1.00000e+00  
 85.1 3.3910e+01  14 1.00000e+00  
 85.2 3.3971e+01  14 1.00000e+00  
 85.3 3.4020e+01  14 1.00000e+00  
 85.4 3.4071e+01  14 1.00000e+00  
 85.5 3.4119e+01  14 1.00000e+00  
 85.6 3.4161e+01  14 1.00000e+00  
 85.7 3.4194e+01  14 1.00000e+00  
 85.8 3.4256e+01  14 1.00000e+00  
 85.9 3.4307e+01  14 1.00000e+00  
 86.0 3.4345e+01  14 1.00000e+00  
 86.1 3.4475e+01  14 1.00000e+00  
 86.2 3.4523e+01  14 1.00000e+00  
 86.3 3.4527e+01  14 1.00000e+00  
 86.4 3.4419e+01  14 1.00000e+00  
 86.5 3.4667e+01  14 1.00000e+00  
 86.6 3.4717e+01  14 1.00000e+00  
 86.7 3.4764e+01  14 1.00000e+00  
 86.8 3.4802e+01  14 1.00000e+00  
 86.9 3.4845e+01  14 1.00000e+00  
 87.0 3.4895e+01  14 1.00000e+00  
 87.1 3.4930e+01  14 1.00000e+00  
 87.2 3.4948e+01  14 1.00000e+00  
 87.3 3.5030e+01  14 1.00000e+00  
 87.4 3.5063e+01  14 1.00000e+00  
 87.5 3.5119e+01  14 1.00000e+00  
 87.6 3.5154e+01  14 1.00000e+00  
 87.7 3.5209e+01  14 1.00000e+00  
 87.8 3.5243e+01  14 1.00000e+00  
 87.9 3.5298e+01  14 1.00000e+00  
 88.0 3.5334e+01  14 1.00000e+00  
 88.1 3.5385e+01  14 1.00000e+00  
 88.2 3.5426e+01  14 1.00000e+00  
 88.3 3.5471e+01  14 1.00000e+00  
 88.4 3.5518e+01  14 1.00000e+00  
 88.5 3.5548e+01  14 1.00000e+00  
 88.6 3.5601e+01  14 1.00000e+00  
 88.7 3.5648e+01  14 1.00000e+00  
 88.8 3.5682e+01  14 1.00000e+00  
 88.9 3.5714e+01  14 1.00000e+00  
 89.0 3.5774e+01  14 1.00000e+00  
 89.1 3.5811e+01  14 1.00000e+00  
 89.2 3.5849e+01  14 1.00000e+00  
 89.3 3.5887e+01  14 1.00000e+00  
 89.4 3.5924e+01  14 1.00000e+00  
 89.5 3.5961e+01  14 1.00000e+00  
 89.6 3.5998e+01  14 1.00000e+00  
 89.7 3.6035e+01  14 1.00000e+00  
 89.8 3.6080e+01  14 1.00000e+00  
 89.9 3.6125e+01  14 1.00000e+00  
 90.0 3.6185e+01  14 1.00000e+00  
 90.1 3.6262e+01  14 1.00000e+00  
 90.2 3.6337e+01  14 1.00000e+00  
 90.3 3.6409e+01  14 1.00000e+00  
 90.4 3.6474e+01  14 1.00000e+00  
 90.5 3.6520e+01  14 1.00000e+00  
 90.6 3.6600e+01  14 1.00000e+00  
 90.7 3.6655e+01  14 1.00000e+00  
 90.8 3.6763e+01  14 1.00000e+00  
 90.9 3.6865e+01  14 1.00000e+00  
 91.0 3.6825e+01  14 1.00000e+00  
 91.1 3.6877e+01  14 1.00000e+00  
 91.2 3.6942e+01  14 1.00000e+00  
 91.3 3.6991e+01  14 1.00000e+00  
 91.4 3.7033e+01  14 1.00000e+00  
 91.5 3.7097e+01  14 1.00000e+00  
 91.6 3.7179e+01  14 1.00000e+00  
 91.7 3.7226e+01  14 1.00000e+00  
 91.8 3.7274e+01  14 1.00000e+00  
 91.9 3.7335e+01  14 1.00000e+00  
 92.0 3.7391e+01  14 1.00000e+00  
 92.1 3.7443e+01  14 1.00000e+00  
 92.2 3.7493e+01  14 1.00000e+00  
 92.3 3.7545e+01  14 1.00000e+00  
 92.4 3.7590e+01  14 1.00000e+00  
 92.5 3.7620e+01  14 1.00000e+00  
 92.6 3.7685e+01  14 1.00000e+00  
 92.7 3.7804e+01  14 1.00000e+00  
 92.8 3.7797e+01  14 1.00000e+00  
 92.9 3.7832e+01  14 1.00000e+00  
 93.0 3.7878e+01  14 1.00000e+00  
 93.1 3.7928e+01  14 1.00000e+00  
 93.2 3.7969e+01  14 1.00000e+00  
 93.3 3.8096e+01  14 1.00000e+00  
 93.4 3.8124e+01  14 1.00000e+00  
 93.5 3.8191e+01  14 1.00000e+00  
 93.6 3.8230e+01  14 1.00000e+00  
 93.7 3.8285e+01  14 1.00000e+00  
 93.8 3.8328e+01  14 1.00000e+00  
 93.9 3.8354e+01  14 1.00000e+00  
 94.0 3.8411e+01  14 1.00000e+00  
 94.1 3.8455e+01  14 1.00000e+00  
 94.2 3.8315e+01  14 1.00000e+00  
 94.3 3.8454e+01  14 1.00000e+00  
 94.4 3.8555e+01  14 1.00000e+00  
 94.5 3.8617e+01  14 1.00000e+00  
 94.6 3.8646e+01  14 1.00000e+00  
 94.7 3.8711e+01  14 1.00000e+00  
 94.8 3.8750e+01  14 1.00000e+00  
 94.9 3.8792e+01  14 1.00000e+00  
 95.0 3.8788e+01  14 1.00000e+00  
 95.1 3.8881e+01  14 1.00000e+00  
 95.2 3.8897e+01  14 1.00000e+00  
 95.3 3.8966e+01  14 1.00000e+00  
 95.4 3.9008e+01  14 1.00000e+00  
 95.5 3.9043e+01  14 1.00000e+00  
 95.6 3.9077e+01  14 1.00000e+00  
 95.7 3.9111e+01  14 1.00000e+00  
 95.8 3.9144e+01  14 1.00000e+00  
 95.9 3.9177e+01  14 1.00000e+00  
 96.0 3.9258e+01  14 1.00000e+00  
 96.1 3.9344e+01  14 1.00000e+00  
 96.2 3.9425e+01  14 1.00000e+00  
 96.3 3.9485e+01  14 1.00000e+00  
 96.4 3.9555e+01  14 1.00000e+00  
 96.5 3.9620e+01  14 1.00000e+00  
 96.6 3.9686e+01  14 1.00000e+00  
 96.7 3.9726e+01  14 1.00000e+00  
 96.8 3.9812e+01  14 1.00000e+00  
 96.9 3.9852e+01  14 1.00000e+00  
 97.0 3.9928e+01  14 1.00000e+00  
 97.1 3.9981e+01  14 1.00000e+00  
 97.2 4.0031e+01  14 1.00000e+00  
 97.3 4.0098e+01  14 1.00000e+00  
 97.4 4.0150e+01  14 1.00000e+00  
 97.5 4.0202e+01  14 1.00000e+00  
 97.6 4.0262e+01  14 1.00000e+00  
 97.7 4.0332e+01  14 1.00000e+00  
 97.8 4.0392e+01  14 1.00000e+00  
 97.9 4.0448e+01  14 1.00000e+00  
 98.0 4.0500e+01  14 1.00000e+00  
 98.1 4.0552e+01  14 1.00000e+00  
 98.2 4.0601e+01  14 1.00000e+00  
 98.3 4.0645e+01  14 1.00000e+00  
 98.4 4.0678e+01  14 1.00000e+00  
 98.5 4.0775e+01  14 1.00000e+00  
 98.6 4.0757e+01  14 1.00000e+00  
 98.7 4.0817e+01  14 1.00000e+00  
 98.8 4.0910e+01  14 1.00000e+00  
 98.9 4.0934e+01  14 1.00000e+00  
 99.0 4.1001e+01  14 1.00000e+00  
 99.1 4.1023e+01  14 1.00000e+00  
 99.2 4.1091e+01  14 1.00000e+00  
 99.3 4.1146e+01  14 1.00000e+00  
 99.4 4.1182e+01  14 1.00000e+00  
 99.5 4.1233e+01  14 1.00000e+00  
 99.6 4.1277e+01  14 1.00000e+00  
 99.7 4.1318e+01  14 1.00000e+00  
 99.8 4.1368e+01  14 1.00000e+00  
 99.9 4.1413e+01  14 1.00000e+00  
100.0 4.1456e+01  14 1.00000e+00  
100.1 4.1502e+01  14 1.00000e+00  
100.2 4.1546e+01  14 1.00000e+00  
100.3 4.1590e+01  14 1.00000e+00  
100.4 4.1634e+01  14 1.00000e+00  
100.5 4.1677e+01  14 1.00000e+00  
100.6 4.1661e+01  14 1.00000e+00  
100.7 4.1767e+01  14 1.00000e+00  
100.8 4.1812e+01  14 1.00000e+00  
100.9 4.1857e+01  14 1.00000e+00  
101.0 4.1902e+01  14 1.00000e+00  
101.1 4.1923e+01  14 1.00000e+00  
101.2 4.1992e+01  14 1.00000e+00  
101.3 4.2037e+01  14 1.00000e+00  
101.4 4.2082e+01  14 1.00000e+00  
101.5 4.2120e+01  14 1.00000e+00  
101.6 4.2186e+01  14 1.00000e+00  
101.7 4.2226e+01  14 1.00000e+00  
101.8 4.2285e+01  14 1.00000e+00  
101.9 4.2355e+01  14 1.00000e+00  
102.0 4.2393e+01  14 1.00000e+00  
102.1 4.2454e+01  14 1.00000e+00  
102.2 4.2513e+01  14 1.00000e+00  
102.3 4.2553e+01  14 1.00000e+00  
102.4 4.2593e+01  14 1.00000e+00  
102.5 4.2653e+01  14 1.00000e+00  
102.6 4.2693e+01  14 1.00000e+00  
102.7 4.2734e+01  14 1.00000e+00  
102.8 4.2794e+01  14 1.00000e+00  
102.9 4.2835e+01  14 1.00000e+00  
103.0 4.2877e+01  14 1.00000e+00  
103.1 4.2919e+01  14 1.00000e+00  
103.2 4.2982e+01  14 1.00000e+00  
103.3 4.3024e+01  14 1.00000e+00  
103.4 4.3067e+01  14 1.00000e+00  
103.5 4.3110e+01  14 1.00000e+00  
103.6 4.3154e+01  14 1.00000e+00  
103.7 4.3221e+01  14 1.00000e+00  
103.8 4.3266e+01  14 1.00000e+00  
103.9 4.3312e+01  14 1.00000e+00  
104.0 4.3358e+01  14 1.00000e+00  
104.1 4.3406e+01  14 1.00000e+00  
104.2 4.3454e+01  14 1.00000e+00  
104.3 4.3503e+01  14 1.00000e+00  
104.4 4.3554e+01  14 1.00000e+00  
104.5 4.3606e+01  14 1.00000e+00  
104.6 4.3660e+01  14 1.00000e+00  
104.7 4.3716e+01  14 1.00000e+00  
104.8 4.3774e+01  14 1.00000e+00  
104.9 4.3850e+01  14 1.00000e+00  
105.0 4.3938e+01  14 1.00000e+00  
105.1 4.4026e+01  14 1.00000e+00  
105.2 4.4114e+01  14 1.00000e+00  
105.3 4.4202e+01  14 1.00000e+00  
105.4 4.4290e+01  14 1.00000e+00  
105.5 4.4378e+01  14 1.00000e+00  
105.6 4.4466e+01  14 1.00000e+00  
105.7 4.4554e+01  14 1.00000e+00  
105.8 4.4642e+01  14 1.00000e+00  
105.9 4.4730e+01  14 1.00000e+00  
106.0 4.4818e+01  14 1.00000e+00  
106.1 4.4906e+01  14 1.00000e+00  
106.2 4.4994e+01  14 1.00000e+00  
106.3 4.5082e+01  14 1.00000e+00  
106.4 4.5170e+01  14 1.00000e+00  
106.5 4.5258e+01  14 1.00000e+00  
106.6 4.5346e+01  14 1.00000e+00  
106.7 4.5434e+01  14 1.00000e+00  
106.8 4.5522e+01  14 1.00000e+00  
106.9 4.5610e+01  14 1.00000e+00  
107.0 4.5698e+01  14 1.00000e+00  
107.1 4.5786e+01  14 1.00000e+00  
107.2 4.5874e+01  14 1.00000e+00  
107.3 4.5962e+01  14 1.00000e+00  
107.4 4.6050e+01  14 1.00000e+00  
107.5 4.6138e+01  14 1.00000e+00  
107.6 4.6227e+01  14 1.00000e+00  
107.7 4.6310e+01  14 1.00000e+00  
107.8 4.6398e+01  14 1.00000e+00  
107.9 4.6486e+01  14 1.00000e+00  
108.0 4.6574e+01  14 1.00000e+00  
108.1 4.6662e+01  14 1.00000e+00  
108.2 4.6750e+01  14 1.00000e+00  
108.3 4.6838e+01  14 1.00000e+00  
108.4 4.6926e+01  14 1.00000e+00  
108.5 4.7014e+01  14 1.00000e+00  
108.6 4.7102e+01  14 1.00000e+00  
108.7 4.7190e+01  14 1.00000e+00  
108.8 4.7278e+01  14 1.00000e+00  
108.9 4.7368e+01  14 1.00000e+00  
109.0 4.7456e+01  14 1.00000e+00  
109.1 4.7544e+01  14 1.00000e+00  
109.2 4.7633e+01  14 1.00000e+00  
109.3 4.7720e+01  14 1.00000e+00  
109.4 4.7808e+01  14 1.00000e+00  
109.5 4.7896e+01  14 1.00000e+00  
109.6 4.7984e+01  14 1.00000e+00  
109.7 4.8072e+01  14 1.00000e+00  
109.8 4.8160e+01  14 1.00000e+00  
109.9 4.8248e+01  14 1.00000e+00  
110.0 4.8336e+01  14 1.00000e+00  
110.1 4.8424e+01  14 1.00000e+00  
110.2 4.8512e+01  14 1.00000e+00  
110.3 4.8600e+01  14 1.00000e+00  
110.4 4.8688e+01  14 1.00000e+00  
110.5 4.8776e+01  14 1.00000e+00  
110.6 4.8864e+01  14 1.00000e+00  
110.7 4.8952e+01  14 1.00000e+00  
110.8 4.9040e+01  14 1.00000e+00  
110.9 4.9128e+01  14 1.00000e+00  
111.0 4.9216e+01  14 1.00000e+00  
111.1 4.9304e+01  14 1.00000e+00  
111.2 4.9392e+01  14 1.00000e+00  
111.3 4.9480e+01  14 1.00000e+00  
111.4 4.9567e+01  14 1.00000e+00  
111.5 4.9655e+01  14 1.00000e+00  
111.6 4.9743e+01  14 1.00000e+00  
111.7 4.9831e+01  14 1.00000e+00  
111.8 4.9919e+01  14 1.00000e+00  
111.9 5.0007e+01  14 1.00000e+00  
112.0 5.0095e+01  14 1.00000e+00  
112.1 5.0183e+01  14 1.00000e+00  
112.2 5.0270e+01  14 1.00000e+00  
112.3 5.0358e+01  14 1.00000e+00  
112.4 5.0446e+01  14 1.00000e+00  
112.5 5.0534e+01  14 1.00000e+00  
112.6 5.0622e+01  14 1.00000e+00  
112.7 5.0710e+01  14 1.00000e+00  
112.8 5.0798e+01  14 1.00000e+00  
112.9 5.0885e+01  14 1.00000e+00  
113.0 5.0973e+01  14 1.00000e+00  
113.1 5.1061e+01  14 1.00000e+00  
113.2 5.1149e+01  14 1.00000e+00  
113.3 5.1237e+01  14 1.00000e+00  
113.4 5.1324e+01  14 1.00000e+00  
113.5 5.1412e+01  14 1.00000e+00  
113.6 5.1500e+01  14 1.00000e+00  
113.7 5.1588e+01  14 1.00000e+00  
113.8 5.1676e+01  14 1.00000e+00  
113.9 5.1763e+01  14 1.00000e+00  
114.0 5.1851e+01  14 1.00000e+00  
114.1 5.1939e+01  14 1.00000e+00  
114.2 5.2027e+01  14 1.00000e+00  
114.3 5.2114e+01  14 1.00000e+00  
114.4 5.2202e+01  14 1.00000e+00  
114.5 5.2290e+01  14 1.00000e+00  
114.6 5.2377e+01  14 1.00000e+00  
114.7 5.2465e+01  14 1.00000e+00  
114.8 5.2549e+01  14 1.00000e+00  
114.9 5.2636e+01  14 1.00000e+00  
115.0 5.2724e+01  14 1.00000e+00  
115.1 5.2812e+01  14 1.00000e+00  
115.2 5.2899e+01  14 1.00000e+00  
115.3 5.2987e+01  14 1.00000e+00  
115.4 5.3075e+01  14 1.00000e+00  
115.5 5.3162e+01  14 1.00000e+00  
115.6 5.3250e+01  14 1.00000e+00  
115.7 5.3337e+01  14 1.00000e+00  
115.8 5.3425e+01  14 1.00000e+00  
115.9 5.3513e+01  14 1.00000e+00  
116.0 5.3600e+01  14 1.00000e+00  
116.1 5.3688e+01  14 1.00000e+00  
116.2 5.3775e+01  14 1.00000e+00  
116.3 5.3863e+01  14 1.00000e+00  
116.4 5.3951e+01  14 1.00000e+00  
116.5 5.4038e+01  14 1.00000e+00  
116.6 5.4126e+01  14 1.00000e+00  
116.7 5.4213e+01  14 1.00000e+00  
116.8 5.4301e+01  14 1.00000e+00  
116.9 5.4388e+01  14 1.00000e+00  
117.0 5.4476e+01  14 1.00000e+00  
117.1 5.4563e+01  14 1.00000e+00  
117.2 5.4651e+01  14 1.00000e+00  
117.3 5.4738e+01  14 1.00000e+00  
117.4 5.4826e+01  14 1.00000e+00  
117.5 5.4913e+01  14 1.00000e+00  
117.6 5.5001e+01  14 1.00000e+00  
117.7 5.5088e+01  14 1.00000e+00  
117.8 5.5175e+01  14 1.00000e+00  
117.9 5.5263e+01  14 1.00000e+00  
118.0 5.5350e+01  14 1.00000e+00  
118.1 5.5438e+01  14 1.00000e+00  
118.2 5.5525e+01  14 1.00000e+00  
118.3 5.5612e+01  14 1.00000e+00  
118.4 5.5700e+01  14 1.00000e+00  
118.5 5.5787e+01  14 1.00000e+00  
118.6 5.5875e+01  14 1.00000e+00  
118.7 5.5962e+01  14 1.00000e+00  
118.8 5.6049e+01  14 1.00000e+00  
118.9 5.6137e+01  14 1.00000e+00  
119.0 5.6224e+01  14 1.00000e+00  
119.1 5.6311e+01  14 1.00000e+00  
119.2 5.6398e+01  14 1.00000e+00  
119.3 5.6486e+01  14 1.00000e+00  
119.4 5.6573e+01  14 1.00000e+00  
119.5 5.6660e+01  14 1.00000e+00  
119.6 5.6747e+01  14 1.00000e+00  
119.7 5.6835e+01  14 1.00000e+00  
119.8 5.6922e+01  14 1.00000e+00  
119.9 5.7009e+01  14 1.00000e+00  
120.0 5.7096e+01  14 1.00000e+00  
120.1 5.7184e+01  14 1.00000e+00  
120.2 5.7271e+01  14 1.00000e+00  
120.3 5.7358e+01  14 1.00000e+00  
120.4 5.7445e+01  14 1.00000e+00  
120.5 5.7532e+01  14 1.00000e+00  
120.6 5.7619e+01  14 1.00000e+00  
120.7 5.7706e+01  14 1.00000e+00  
120.8 5.7794e+01  14 1.00000e+00  
120.9 5.7881e+01  14 1.00000e+00  
121.0 5.7968e+01  14 1.00000e+00  
121.1 5.8055e+01  14 1.00000e+00  
121.2 5.8142e+01  14 1.00000e+00  
121.3 5.8229e+01  14 1.00000e+00  
121.4 5.8316e+01  14 1.00000e+00  
121.5 5.8403e+01  14 1.00000e+00  
121.6 5.8490e+01  14 1.00000e+00  
121.7 5.8577e+01  14 1.00000e+00  
121.8 5.8664e+01  14 1.00000e+00  
121.9 5.8751e+01  14 1.00000e+00  
122.0 5.8838e+01  14 1.00000e+00  
122.1 5.8925e+01  14 1.00000e+00  
122.2 5.9012e+01  14 1.00000e+00  
122.3 5.9099e+01  14 1.00000e+00  
122.4 5.9186e+01  14 1.00000e+00  
122.5 5.9268e+01  14 1.00000e+00  
122.6 5.9355e+01  14 1.00000e+00  
122.7 5.9442e+01  14 1.00000e+00  
122.8 5.9529e+01  14 1.00000e+00  
122.9 5.9615e+01  14 1.00000e+00  
123.0 5.9702e+01  14 1.00000e+00  
123.1 5.9789e+01  14 1.00000e+00  
123.2 5.9876e+01  14 1.00000e+00  
123.3 5.9962e+01  14 1.00000e+00  
123.4 6.0049e+01  14 1.00000e+00  
123.5 6.0136e+01  14 1.00000e+00  
123.6 6.0223e+01  14 1.00000e+00  
123.7 6.0309e+01  14 1.00000e+00  
123.8 6.0396e+01  14 1.00000e+00  
123.9 6.0483e+01  14 1.00000e+00  
124.0 6.0569e+01  14 1.00000e+00  
124.1 6.0656e+01  14 1.00000e+00  
124.2 6.0742e+01  14 1.00000e+00  
124.3 6.0829e+01  14 1.00000e+00  
124.4 6.0916e+01  14 1.00000e+00  
124.5 6.1002e+01  14 1.00000e+00  
124.6 6.1089e+01  14 1.00000e+00  
124.7 6.1175e+01  14 1.00000e+00  
124.8 6.1262e+01  14 1.00000e+00  
124.9 6.1349e+01  14 1.00000e+00  
125.0 6.1435e+01  14 1.00000e+00  
125.1 6.1522e+01  14 1.00000e+00  
125.2 6.1608e+01  14 1.00000e+00  
125.3 6.1695e+01  14 1.00000e+00  
125.4 6.1781e+01  14 1.00000e+00  
125.5 6.1868e+01  14 1.00000e+00  
125.6 6.1954e+01  14 1.00000e+00  
125.7 6.2040e+01  14 1.00000e+00  
125.8 6.2127e+01  14 1.00000e+00  
125.9 6.2213e+01  14 1.00000e+00  
126.0 6.2300e+01  14 1.00000e+00  
126.1 6.2386e+01  14 1.00000e+00  
126.2 6.2472e+01  14 1.00000e+00  
126.3 6.2559e+01  14 1.00000e+00  
126.4 6.2645e+01  14 1.00000e+00  
126.5 6.2731e+01  14 1.00000e+00  
126.6 6.2818e+01  14 1.00000e+00  
126.7 6.2904e+01  14 1.00000e+00  
126.8 6.2990e+01  14 1.00000e+00  
126.9 6.3077e+01  14 1.00000e+00  
127.0 6.3163e+01  14 1.00000e+00  
127.1 6.3249e+01  14 1.00000e+00  
127.2 6.3335e+01  14 1.00000e+00  
127.3 6.3422e+01  14 1.00000e+00  
127.4 6.3508e+01  14 1.00000e+00  
127.5 6.3594e+01  14 1.00000e+00  
127.6 6.3680e+01  14 1.00000e+00  
127.7 6.3767e+01  14 1.00000e+00  
127.8 6.3853e+01  14 1.00000e+00  
127.9 6.3939e+01  14 1.00000e+00  
128.0 6.4025e+01  14 1.00000e+00  
128.1 6.4111e+01  14 1.00000e+00  
128.2 6.4197e+01  14 1.00000e+00  
128.3 6.4284e+01  14 1.00000e+00  
128.4 6.4370e+01  14 1.00000e+00  
128.5 6.1148e+01  14 1.00000e+00  
128.6 6.1231e+01  14 1.00000e+00  
128.7 6.1315e+01  14 1.00000e+00  
128.8 6.1399e+01  14 1.00000e+00  
128.9 6.1482e+01  14 1.00000e+00  
129.0 6.1572e+01  14 1.00000e+00  
129.1 6.1650e+01  14 1.00000e+00  
129.2 6.1733e+01  14 1.00000e+00  
129.3 6.1816e+01  14 1.00000e+00  
129.4 6.1900e+01  14 1.00000e+00  
129.5 6.1972e+01  14 1.00000e+00  
129.6 6.2055e+01  14 1.00000e+00  
129.7 6.2139e+01  14 1.00000e+00  
129.8 6.2222e+01  14 1.00000e+00  
129.9 6.2305e+01  14 1.00000e+00  
130.0 6.2388e+01  14 1.00000e+00  
130.1 6.2471e+01  14 1.00000e+00  
130.2 6.2554e+01  14 1.00000e+00  
130.3 6.2638e+01  14 1.00000e+00  
130.4 6.2721e+01  14 1.00000e+00  
130.5 6.2804e+01  14 1.00000e+00  
130.6 6.2887e+01  14 1.00000e+00  
130.7 6.2970e+01  14 1.00000e+00  
130.8 6.3053e+01  14 1.00000e+00  
130.9 6.3136e+01  14 1.00000e+00  
131.0 6.3219e+01  14 1.00000e+00  
131.1 6.3302e+01  14 1.00000e+00  
131.2 6.3386e+01  14 1.00000e+00  
131.3 6.3469e+01  14 1.00000e+00  
131.4 6.2761e+01  14 1.00000e+00  
131.5 6.2844e+01  14 1.00000e+00  
131.6 6.2926e+01  14 1.00000e+00  
131.7 6.3008e+01  14 1.00000e+00  
131.8 6.3091e+01  14 1.00000e+00  
131.9 6.3173e+01  14 1.00000e+00  
132.0 6.3255e+01  14 1.00000e+00  
132.1 6.3338e+01  14 1.00000e+00  
132.2 6.3420e+01  14 1.00000e+00  
132.3 6.3502e+01  14 1.00000e+00  
132.4 6.0913e+01  14 1.00000e+00  
132.5 6.0994e+01  14 1.00000e+00  
132.6 6.1075e+01  14 1.00000e+00  
132.7 6.1157e+01  14 1.00000e+00  
132.8 6.1238e+01  14 1.00000e+00  
132.9 6.1320e+01  14 1.00000e+00  
133.0 6.1401e+01  14 1.00000e+00  
133.1 6.1482e+01  14 1.00000e+00  
133.2 6.1564e+01  14 1.00000e+00  
133.3 6.1645e+01  14 1.00000e+00  
133.4 6.1727e+01  14 1.00000e+00  
133.5 6.1808e+01  14 1.00000e+00  
133.6 6.1889e+01  14 1.00000e+00  
133.7 6.1971e+01  14 1.00000e+00  
133.8 6.2052e+01  14 1.00000e+00  
133.9 6.2133e+01  14 1.00000e+00  
134.0 6.1271e+01  14 1.00000e+00  
134.1 6.1350e+01  14 1.00000e+00  
134.2 6.1429e+01  14 1.00000e+00  
134.3 6.1508e+01  14 1.00000e+00  
134.4 6.1587e+01  14 1.00000e+00  
134.5 6.1666e+01  14 1.00000e+00  
134.6 6.1744e+01  14 1.00000e+00  
134.7 6.1823e+01  14 1.00000e+00  
134.8 6.1902e+01  14 1.00000e+00  
134.9 6.1980e+01  14 1.00000e+00  
135.0 6.2059e+01  14 1.00000e+00  
135.1 6.2138e+01  14 1.00000e+00  
135.2 6.2217e+01  14 1.00000e+00  
135.3 6.2295e+01  14 1.00000e+00  
135.4 6.2374e+01  14 1.00000e+00  
135.5 6.2453e+01  14 1.00000e+00  
135.6 6.2531e+01  14 1.00000e+00  
135.7 6.2610e+01  14 1.00000e+00  
135.8 6.2688e+01  14 1.00000e+00  
135.9 6.2767e+01  14 1.00000e+00  
136.0 6.2846e+01  14 1.00000e+00  
136.1 6.2924e+01  14 1.00000e+00  
136.2 6.3003e+01  14 1.00000e+00  
136.3 6.3081e+01  14 1.00000e+00  
136.4 6.3160e+01  14 1.00000e+00  
136.5 6.3238e+01  14 1.00000e+00  
136.6 6.3317e+01  14 1.00000e+00  
136.7 6.3395e+01  14 1.00000e+00  
136.8 6.3474e+01  14 1.00000e+00  
136.9 6.3552e+01  14 1.00000e+00  
137.0 6.3630e+01  14 1.00000e+00  
137.1 6.3709e+01  14 1.00000e+00  
137.2 6.3787e+01  14 1.00000e+00  
137.3 6.3866e+01  14 1.00000e+00  
137.4 6.3178e+01  14 1.00000e+00  
137.5 6.3255e+01  14 1.00000e+00  
137.6 6.3332e+01  14 1.00000e+00  
137.7 6.3409e+01  14 1.00000e+00  
137.8 6.3486e+01  14 1.00000e+00  
137.9 6.3563e+01  14 1.00000e+00  
138.0 6.3640e+01  14 1.00000e+00  
138.1 6.3717e+01  14 1.00000e+00  
138.2 6.3793e+01  14 1.00000e+00  
138.3 6.3870e+01  14 1.00000e+00  
138.4 6.3947e+01  14 1.00000e+00  
138.5 6.4024e+01  14 1.00000e+00  
138.6 6.4101e+01  14 1.00000e+00  
138.7 6.4178e+01  14 1.00000e+00  
138.8 6.4255e+01  14 1.00000e+00  
138.9 6.4332e+01  14 1.00000e+00  
139.0 6.4409e+01  14 1.00000e+00  
139.1 6.4485e+01  14 1.00000e+00  
139.2 6.4562e+01  14 1.00000e+00  
139.3 6.4639e+01  14 1.00000e+00  
139.4 6.4716e+01  14 1.00000e+00  
139.5 6.4792e+01  14 1.00000e+00  
139.6 6.4869e+01  14 1.00000e+00  
139.7 6.4946e+01  14 1.00000e+00  
139.8 6.5023e+01  14 1.00000e+00  
139.9 6.5099e+01  14 1.00000e+00  
140.0 6.5176e+01  14 1.00000e+00  
140.1 6.5253e+01  14 1.00000e+00  
140.2 6.5330e+01  14 1.00000e+00  
140.3 6.5406e+01  14 1.00000e+00  
140.4 6.5483e+01  14 1.00000e+00  
140.5 6.5560e+01  14 1.00000e+00  
140.6 6.5636e+01  14 1.00000e+00  
140.7 6.5713e+01  14 1.00000e+00  
140.8 6.5789e+01  14 1.00000e+00  
140.9 6.5866e+01  14 1.00000e+00  
141.0 6.5943e+01  14 1.00000e+00  
141.1 6.6019e+01  14 1.00000e+00  
141.2 6.6096e+01  14 1.00000e+00  
141.3 6.6172e+01  14 1.00000e+00  
141.4 6.6249e+01  14 1.00000e+00  
141.5 6.6322e+01  14 1.00000e+00  
141.6 6.6398e+01  14 1.00000e+00  
141.7 6.5833e+01  14 1.00000e+00  
141.8 6.5908e+01  14 1.00000e+00  
141.9 6.5984e+01  14 1.00000e+00  
142.0 6.6060e+01  14 1.00000e+00  
142.1 6.6135e+01  14 1.00000e+00  
142.2 6.6211e+01  14 1.00000e+00  
142.3 6.6287e+01  14 1.00000e+00  
142.4 6.6359e+01  14 1.00000e+00  
142.5 6.6434e+01  14 1.00000e+00  
142.6 6.6510e+01  14 1.00000e+00  
142.7 6.6586e+01  14 1.00000e+00  
142.8 6.6661e+01  14 1.00000e+00  
142.9 6.6737e+01  14 1.00000e+00  
143.0 6.6812e+01  14 1.00000e+00  
143.1 6.6888e+01  14 1.00000e+00  
143.2 6.6963e+01  14 1.00000e+00  
143.3 6.7039e+01  14 1.00000e+00  
143.4 6.7115e+01  14 1.00000e+00  
143.5 6.7190e+01  14 1.00000e+00  
143.6 6.7266e+01  14 1.00000e+00  
143.7 6.7341e+01  14 1.00000e+00  
143.8 6.7417e+01  14 1.00000e+00  
143.9 6.7494e+01  14 1.00000e+00  
144.0 6.1190e+01  14 1.00000e+00  
144.1 6.1266e+01  14 1.00000e+00  
144.2 6.1341e+01  14 1.00000e+00  
144.3 6.1416e+01  14 1.00000e+00  
144.4 6.1492e+01  14 1.00000e+00  
144.5 6.1567e+01  14 1.00000e+00  
144.6 6.1642e+01  14 1.00000e+00  
144.7 6.1718e+01  14 1.00000e+00  
144.8 6.1793e+01  14 1.00000e+00  
144.9 6.1868e+01  14 1.00000e+00  
145.0 6.1943e+01  14 1.00000e+00  
145.1 6.2019e+01  14 1.00000e+00  
145.2 6.2094e+01  14 1.00000e+00  
145.3 6.2169e+01  14 1.00000e+00  
145.4 6.2245e+01  14 1.00000e+00  
145.5 6.2320e+01  14 1.00000e+00  
145.6 6.2395e+01  14 1.00000e+00  
145.7 6.2470e+01  14 1.00000e+00  
145.8 6.2546e+01  14 1.00000e+00  
145.9 6.2621e+01  14 1.00000e+00  
146.0 6.2696e+01  14 1.00000e+00  
146.1 6.2771e+01  14 1.00000e+00  
146.2 6.2847e+01  14 1.00000e+00  
146.3 6.2922e+01  14 1.00000e+00  
146.4 6.2997e+01  14 1.00000e+00  
146.5 6.3072e+01  14 1.00000e+00  
146.6 6.3147e+01  14 1.00000e+00  
146.7 6.3222e+01  14 1.00000e+00  
146.8 6.3298e+01  14 1.00000e+00  
146.9 6.3373e+01  14 1.00000e+00  
147.0 6.3448e+01  14 1.00000e+00  
147.1 6.3523e+01  14 1.00000e+00  
147.2 6.3598e+01  14 1.00000e+00  
147.3 6.3696e+01  14 1.00000e+00  
147.4 6.3770e+01  14 1.00000e+00  
147.5 6.3844e+01  14 1.00000e+00  
147.6 6.3919e+01  14 1.00000e+00  
147.7 6.3993e+01  14 1.00000e+00  
147.8 6.4068e+01  14 1.00000e+00  
147.9 6.4142e+01  14 1.00000e+00  
148.0 6.4217e+01  14 1.00000e+00  
148.1 6.3549e+01  14 1.00000e+00  
148.2 6.3623e+01  14 1.00000e+00  
148.3 6.3697e+01  14 1.00000e+00  
148.4 6.3772e+01  14 1.00000e+00  
148.5 6.3846e+01  14 1.00000e+00  
148.6 6.3920e+01  14 1.00000e+00  
148.7 6.3994e+01  14 1.00000e+00  
148.8 6.4068e+01  14 1.00000e+00  
148.9 6.4143e+01  14 1.00000e+00  
149.0 6.4217e+01  14 1.00000e+00  
149.1 6.4291e+01  14 1.00000e+00  
149.2 6.4366e+01  14 1.00000e+00  
149.3 6.4440e+01  14 1.00000e+00  
149.4 6.4514e+01  14 1.00000e+00  
149.5 6.4589e+01  14 1.00000e+00  
149.6 6.4663e+01  14 1.00000e+00  
149.7 6.4738e+01  14 1.00000e+00  
149.8 6.4812e+01  14 1.00000e+00  
149.9 6.4887e+01  14 1.00000e+00  
150.0 6.4961e+01  14 1.00000e+00  
