 15.1 1.4577e+00  13 4.48154e-02  
 15.2 1.4652e+00  13 4.51630e-02  
 15.3 1.4727e+00  13 4.55062e-02  
 15.4 1.4802e+00  13 4.58453e-02  
 15.5 1.4876e+00  13 4.61802e-02  
 15.6 1.4951e+00  13 4.65110e-02  
 15.7 1.5026e+00  13 4.67837e-02  
 15.8 1.5101e+00  13 4.71057e-02  
 15.9 1.5175e+00  13 4.74239e-02  
 16.0 1.5250e+00  13 4.77383e-02  
 16.1 1.5325e+00  13 4.80490e-02  
 16.2 1.5399e+00  13 4.83560e-02  
 16.3 1.5474e+00  13 4.86595e-02  
 16.4 1.5549e+00  13 4.89594e-02  
 16.5 1.5623e+00  13 4.92559e-02  
 16.6 1.5698e+00  13 4.95490e-02  
 16.7 1.5773e+00  13 4.98387e-02  
 16.8 1.5847e+00  13 5.01252e-02  
 16.9 1.5922e+00  13 5.04084e-02  
 17.0 1.5996e+00  13 5.06885e-02  
 17.1 1.6071e+00  13 5.09655e-02  
 17.2 1.6145e+00  13 5.12394e-02  
 17.3 1.6220e+00  13 5.15103e-02  
 17.4 1.6294e+00  13 5.17782e-02  
 17.5 1.6369e+00  13 5.20432e-02  
 17.6 1.6443e+00  13 5.23054e-02  
 17.7 1.6518e+00  13 5.25648e-02  
 17.8 1.6592e+00  13 5.28214e-02  
 17.9 1.6674e+00  13 5.31300e-02  
 18.0 1.6794e+00  13 5.37347e-02  
 18.1 1.6915e+00  13 5.43409e-02  
 18.2 1.7037e+00  13 5.49487e-02  
 18.3 1.7160e+00  13 5.55582e-02  
 18.4 1.7284e+00  13 5.61694e-02  
 18.5 1.7408e+00  13 5.67824e-02  
 18.6 1.7534e+00  13 5.73973e-02  
 18.7 1.7661e+00  13 5.80141e-02  
 18.8 1.7789e+00  13 5.86328e-02  
 18.9 1.7917e+00  13 5.92535e-02  
 19.0 1.8047e+00  13 5.98762e-02  
 19.1 1.8178e+00  13 6.05011e-02  
 19.2 1.8309e+00  13 6.11281e-02  
 19.3 1.8442e+00  13 6.17572e-02  
 19.4 1.8576e+00  13 6.23887e-02  
 19.5 1.8710e+00  13 6.30224e-02  
 19.6 1.8846e+00  13 6.36585e-02  
 19.7 1.8983e+00  13 6.42969e-02  
 19.8 1.9120e+00  13 6.49379e-02  
 19.9 1.7424e+01  14 1.00000e+00  
 20.0 1.7508e+01  14 1.00000e+00  
 20.1 1.7592e+01  14 1.00000e+00  
 20.2 1.7676e+01  14 1.00000e+00  
 20.3 1.7760e+01  14 1.00000e+00  
 20.4 1.7871e+01  14 1.00000e+00  
 20.5 1.7955e+01  14 1.00000e+00  
 20.6 1.8039e+01  14 1.00000e+00  
 20.7 1.8123e+01  14 1.00000e+00  
 20.8 1.8207e+01  14 1.00000e+00  
 20.9 1.8291e+01  14 1.00000e+00  
 21.0 1.8375e+01  14 1.00000e+00  
 21.1 1.8459e+01  14 1.00000e+00  
 21.2 1.8543e+01  14 1.00000e+00  
 21.3 1.8627e+01  14 1.00000e+00  
 21.4 1.8711e+01  14 1.00000e+00  
 21.5 1.8794e+01  14 1.00000e+00  
 21.6 1.8878e+01  14 1.00000e+00  
 21.7 1.8962e+01  14 1.00000e+00  
 21.8 1.9045e+01  14 1.00000e+00  
 21.9 1.9129e+01  14 1.00000e+00  
 22.0 1.9212e+01  14 1.00000e+00  
 22.1 1.9296e+01  14 1.00000e+00  
 22.2 1.9379e+01  14 1.00000e+00  
 22.3 1.9463e+01  14 1.00000e+00  
 22.4 1.9546e+01  14 1.00000e+00  
 22.5 1.9629e+01  14 1.00000e+00  
 22.6 1.9713e+01  14 1.00000e+00  
 22.7 1.9796e+01  14 1.00000e+00  
 22.8 5.5858e+00  14 2.46891e-01  
 22.9 5.7035e+00  14 2.51990e-01  
 23.0 5.8229e+00  14 2.57131e-01  
 23.1 5.9439e+00  14 2.62313e-01  
 23.2 6.0666e+00  14 2.67536e-01  
 23.3 6.1909e+00  14 2.72800e-01  
 23.4 6.3169e+00  14 2.78105e-01  
 23.5 6.4445e+00  14 2.83451e-01  
 23.6 6.5738e+00  14 2.88837e-01  
 23.7 6.7047e+00  14 2.94263e-01  
 23.8 6.8374e+00  14 2.99729e-01  
 23.9 6.9717e+00  14 3.05235e-01  
 24.0 7.1078e+00  14 3.10781e-01  
 24.1 7.2455e+00  14 3.16366e-01  
 24.2 7.3849e+00  14 3.21991e-01  
 24.3 7.5261e+00  14 3.27655e-01  
 24.4 7.6689e+00  14 3.33358e-01  
 24.5 7.8135e+00  14 3.39100e-01  
 24.6 7.9598e+00  14 3.44880e-01  
 24.7 8.1078e+00  14 3.50699e-01  
 24.8 8.2576e+00  14 3.56557e-01  
 24.9 8.4091e+00  14 3.62453e-01  
 25.0 8.5624e+00  14 3.68387e-01  
 25.1 8.7174e+00  14 3.74359e-01  
 25.2 8.8742e+00  14 3.80370e-01  
 25.3 9.0327e+00  14 3.86418e-01  
 25.4 9.1931e+00  14 3.92504e-01  
 25.5 9.3552e+00  14 3.98627e-01  
 25.6 9.5191e+00  14 4.04788e-01  
 25.7 9.6848e+00  14 4.10987e-01  
 25.8 9.8522e+00  14 4.17222e-01  
 25.9 1.0022e+01  14 4.23495e-01  
 26.0 1.0193e+01  14 4.29805e-01  
 26.1 1.0366e+01  14 4.36149e-01  
 26.2 1.0540e+01  14 4.42533e-01  
 26.3 1.0717e+01  14 4.48954e-01  
 26.4 1.0895e+01  14 4.55412e-01  
 26.5 1.1076e+01  14 4.61906e-01  
 26.6 1.1258e+01  14 4.68437e-01  
 26.7 1.1442e+01  14 4.75005e-01  
 26.8 1.1628e+01  14 4.81609e-01  
 26.9 1.1815e+01  14 4.88250e-01  
 27.0 1.2005e+01  14 4.94927e-01  
 27.1 1.2196e+01  14 5.01640e-01  
 27.2 1.2390e+01  14 5.08389e-01  
 27.3 1.2585e+01  14 5.15174e-01  
 27.4 1.2782e+01  14 5.21996e-01  
 27.5 1.2957e+01  14 5.29156e-01  
 27.6 1.3158e+01  14 5.36045e-01  
 27.7 1.3360e+01  14 5.42971e-01  
 27.8 1.3564e+01  14 5.49932e-01  
 27.9 1.3770e+01  14 5.56929e-01  
 28.0 1.3978e+01  14 5.63962e-01  
 28.1 1.4187e+01  14 5.71031e-01  
 28.2 1.4399e+01  14 5.78136e-01  
 28.3 1.4613e+01  14 5.85276e-01  
 28.4 1.4828e+01  14 5.92451e-01  
 28.5 1.5046e+01  14 5.99662e-01  
 28.6 1.5266e+01  14 6.06909e-01  
 28.7 1.5487e+01  14 6.14191e-01  
 28.8 1.5711e+01  14 6.21509e-01  
 28.9 1.5936e+01  14 6.28863e-01  
 29.0 1.6164e+01  14 6.36251e-01  
 29.1 1.6393e+01  14 6.43675e-01  
 29.2 1.6625e+01  14 6.51135e-01  
 29.3 1.6858e+01  14 6.58630e-01  
 29.4 1.7094e+01  14 6.66160e-01  
 29.5 1.7332e+01  14 6.73726e-01  
 29.6 1.7571e+01  14 6.81327e-01  
 29.7 1.7813e+01  14 6.88963e-01  
 29.8 1.8057e+01  14 6.96634e-01  
 29.9 1.8302e+01  14 7.04341e-01  
 30.0 1.8550e+01  14 7.12083e-01  
 30.1 1.8800e+01  14 7.19861e-01  
 30.2 1.9051e+01  14 7.27676e-01  
 30.3 1.9305e+01  14 7.35525e-01  
 30.4 1.9561e+01  14 7.43409e-01  
 30.5 1.9819e+01  14 7.51328e-01  
 30.6 2.0025e+01  14 7.59446e-01  
 30.7 2.0286e+01  14 7.67430e-01  
 30.8 2.0549e+01  14 7.75449e-01  
 30.9 2.0815e+01  14 7.83503e-01  
 31.0 2.1082e+01  14 7.91593e-01  
 31.1 2.1351e+01  14 7.99720e-01  
 31.2 2.1622e+01  14 8.07881e-01  
 31.3 2.1896e+01  14 8.16077e-01  
 31.4 2.2172e+01  14 8.24308e-01  
 31.5 2.2450e+01  14 8.32575e-01  
 31.6 2.2663e+01  14 8.40986e-01  
 31.7 2.2944e+01  14 8.49317e-01  
 31.8 2.3227e+01  14 8.57683e-01  
 31.9 2.3512e+01  14 8.66086e-01  
 32.0 2.3799e+01  14 8.74523e-01  
 32.1 2.4089e+01  14 8.82996e-01  
 32.2 2.4380e+01  14 8.91504e-01  
 32.3 2.4674e+01  14 9.00048e-01  
 32.4 2.4969e+01  14 9.08627e-01  
 32.5 2.5267e+01  14 9.17241e-01  
 32.6 2.5487e+01  14 9.25942e-01  
 32.7 2.5789e+01  14 9.34622e-01  
 32.8 2.6092e+01  14 9.43336e-01  
 32.9 2.6397e+01  14 9.52087e-01  
 33.0 2.6704e+01  14 9.60873e-01  
 33.1 2.7014e+01  14 9.69694e-01  
 33.2 2.7325e+01  14 9.78551e-01  
 33.3 2.7639e+01  14 9.87444e-01  
 33.4 2.7955e+01  14 9.96372e-01  
 33.5 2.8129e+01  14 1.00000e+00  
 33.6 2.8109e+01  14 1.00000e+00  
 33.7 2.8183e+01  14 1.00000e+00  
 33.8 2.8256e+01  14 1.00000e+00  
 33.9 2.8330e+01  14 1.00000e+00  
 34.0 2.8403e+01  14 1.00000e+00  
 34.1 2.8476e+01  14 1.00000e+00  
 34.2 2.8550e+01  14 1.00000e+00  
 34.3 2.8623e+01  14 1.00000e+00  
 34.4 2.8696e+01  14 1.00000e+00  
 34.5 2.8769e+01  14 1.00000e+00  
 34.6 2.8608e+01  14 1.00000e+00  
 34.7 2.8681e+01  14 1.00000e+00  
 34.8 2.8753e+01  14 1.00000e+00  
 34.9 2.8825e+01  14 1.00000e+00  
 35.0 2.8897e+01  14 1.00000e+00  
 35.1 2.8823e+01  14 1.00000e+00  
 35.2 2.8895e+01  14 1.00000e+00  
 35.3 2.8968e+01  14 1.00000e+00  
 35.4 2.9040e+01  14 1.00000e+00  
 35.5 2.8965e+01  14 1.00000e+00  
 35.6 2.8929e+01  14 1.00000e+00  
 35.7 2.9001e+01  14 1.00000e+00  
 35.8 2.9072e+01  14 1.00000e+00  
 35.9 2.9143e+01  14 1.00000e+00  
 36.0 2.8656e+01  14 1.00000e+00  
 36.1 2.6055e+01  14 1.00000e+00  
 36.2 2.3466e+01  14 1.00000e+00  
 36.3 2.2503e+01  14 1.00000e+00  
 36.4 2.0304e+01  14 1.00000e+00  
 36.5 1.7796e+01  14 1.00000e+00  
 36.6 1.5873e+01  14 1.00000e+00  
 36.7 1.3700e+01  14 1.00000e+00  
 36.8 1.3529e+01  14 1.00000e+00  
 36.9 1.3489e+01  14 1.00000e+00  
 37.0 1.3462e+01  14 1.00000e+00  
 37.1 1.3441e+01  14 1.00000e+00  
 37.2 1.3413e+01  14 1.00000e+00  
 37.3 1.3400e+01  14 1.00000e+00  
 37.4 1.3373e+01  14 1.00000e+00  
 37.5 1.3395e+01  14 1.00000e+00  
 37.6 1.3431e+01  14 1.00000e+00  
 37.7 1.3464e+01  14 1.00000e+00  
 37.8 1.3499e+01  14 1.00000e+00  
 37.9 1.3535e+01  14 1.00000e+00  
 38.0 1.3570e+01  14 1.00000e+00  
 38.1 1.3605e+01  14 1.00000e+00  
 38.2 1.3640e+01  14 1.00000e+00  
 38.3 1.3674e+01  14 1.00000e+00  
 38.4 1.3709e+01  14 1.00000e+00  
 38.5 1.3745e+01  14 1.00000e+00  
 38.6 1.3780e+01  14 1.00000e+00  
 38.7 1.3815e+01  14 1.00000e+00  
 38.8 1.3852e+01  14 1.00000e+00  
 38.9 1.3884e+01  14 1.00000e+00  
 39.0 1.3919e+01  14 1.00000e+00  
 39.1 1.3954e+01  14 1.00000e+00  
 39.2 1.3989e+01  14 1.00000e+00  
 39.3 1.4027e+01  14 1.00000e+00  
 39.4 1.4072e+01  14 1.00000e+00  
 39.5 1.4116e+01  14 1.00000e+00  
 39.6 1.4128e+01  14 1.00000e+00  
 39.7 1.4163e+01  14 1.00000e+00  
 39.8 1.4203e+01  14 1.00000e+00  
 39.9 1.4247e+01  14 1.00000e+00  
 40.0 1.4292e+01  14 1.00000e+00  
 40.1 1.4336e+01  14 1.00000e+00  
 40.2 1.4337e+01  14 1.00000e+00  
 40.3 1.4379e+01  14 1.00000e+00  
 40.4 1.4424e+01  14 1.00000e+00  
 40.5 1.4468e+01  14 1.00000e+00  
 40.6 1.4513e+01  14 1.00000e+00  
 40.7 1.4573e+01  14 1.00000e+00  
 40.8 1.4556e+01  14 1.00000e+00  
 40.9 1.4600e+01  14 1.00000e+00  
 41.0 1.4645e+01  14 1.00000e+00  
 41.1 1.4695e+01  14 1.00000e+00  
 41.2 1.4753e+01  14 1.00000e+00  
 41.3 1.4733e+01  14 1.00000e+00  
 41.4 1.4778e+01  14 1.00000e+00  
 41.5 1.4823e+01  14 1.00000e+00  
 41.6 1.4878e+01  14 1.00000e+00  
 41.7 1.4934e+01  14 1.00000e+00  
 41.8 1.5050e+01  14 1.00000e+00  
 41.9 1.4956e+01  14 1.00000e+00  
 42.0 1.5001e+01  14 1.00000e+00  
 42.1 1.5061e+01  14 1.00000e+00  
 42.2 1.5188e+01  14 1.00000e+00  
 42.3 1.5226e+01  14 1.00000e+00  
 42.4 1.5134e+01  14 1.00000e+00  
 42.5 1.5187e+01  14 1.00000e+00  
 42.6 1.5245e+01  14 1.00000e+00  
 42.7 1.5364e+01  14 1.00000e+00  
 42.8 1.5403e+01  14 1.00000e+00  
 42.9 1.5313e+01  14 1.00000e+00  
 43.0 1.5374e+01  14 1.00000e+00  
 43.1 1.5503e+01  14 1.00000e+00  
 43.2 1.5540e+01  14 1.00000e+00  
 43.3 1.5578e+01  14 1.00000e+00  
 43.4 1.5503e+01  14 1.00000e+00  
 43.5 1.5642e+01  14 1.00000e+00  
 43.6 1.5680e+01  14 1.00000e+00  
 43.7 1.5717e+01  14 1.00000e+00  
 43.8 1.5752e+01  14 1.00000e+00  
 43.9 1.5692e+01  14 1.00000e+00  
 44.0 1.5818e+01  14 1.00000e+00  
 44.1 1.5856e+01  14 1.00000e+00  
 44.2 1.5891e+01  14 1.00000e+00  
 44.3 1.5824e+01  14 1.00000e+00  
 44.4 1.5957e+01  14 1.00000e+00  
 44.5 1.5994e+01  14 1.00000e+00  
 44.6 1.6030e+01  14 1.00000e+00  
 44.7 1.5957e+01  14 1.00000e+00  
 44.8 1.6095e+01  14 1.00000e+00  
 44.9 1.6132e+01  14 1.00000e+00  
 45.0 1.6037e+01  14 1.00000e+00  
 45.1 1.6091e+01  14 1.00000e+00  
 45.2 1.6234e+01  14 1.00000e+00  
 45.3 1.6128e+01  14 1.00000e+00  
 45.4 1.6174e+01  14 1.00000e+00  
 45.5 1.6226e+01  14 1.00000e+00  
 45.6 1.6220e+01  14 1.00000e+00  
 45.7 1.6266e+01  14 1.00000e+00  
 45.8 1.6269e+01  14 1.00000e+00  
 45.9 1.6302e+01  14 1.00000e+00  
 46.0 1.6337e+01  14 1.00000e+00  
 46.1 1.6369e+01  14 1.00000e+00  
 46.2 1.6401e+01  14 1.00000e+00  
 46.3 1.6421e+01  14 1.00000e+00  
 46.4 1.6286e+01  14 1.00000e+00  
 46.5 1.6321e+01  14 1.00000e+00  
 46.6 1.6356e+01  14 1.00000e+00  
 46.7 1.6390e+01  14 1.00000e+00  
 46.8 1.6425e+01  14 1.00000e+00  
 46.9 1.6459e+01  14 1.00000e+00  
 47.0 1.6493e+01  14 1.00000e+00  
 47.1 1.6527e+01  14 1.00000e+00  
 47.2 1.6722e+01  14 1.00000e+00  
 47.3 1.6760e+01  14 1.00000e+00  
 47.4 1.6797e+01  14 1.00000e+00  
 47.5 1.6834e+01  14 1.00000e+00  
 47.6 1.6872e+01  14 1.00000e+00  
 47.7 1.6905e+01  14 1.00000e+00  
 47.8 1.6939e+01  14 1.00000e+00  
 47.9 1.6974e+01  14 1.00000e+00  
 48.0 1.7009e+01  14 1.00000e+00  
 48.1 1.7043e+01  14 1.00000e+00  
 48.2 1.7078e+01  14 1.00000e+00  
 48.3 1.7112e+01  14 1.00000e+00  
 48.4 1.7146e+01  14 1.00000e+00  
 48.5 1.7168e+01  14 1.00000e+00  
 48.6 1.7203e+01  14 1.00000e+00  
 48.7 1.7249e+01  14 1.00000e+00  
 48.8 1.7295e+01  14 1.00000e+00  
 48.9 1.7479e+01  14 1.00000e+00  
 49.0 1.7518e+01  14 1.00000e+00  
 49.1 1.7555e+01  14 1.00000e+00  
 49.2 1.7591e+01  14 1.00000e+00  
 49.3 1.7625e+01  14 1.00000e+00  
 49.4 1.7660e+01  14 1.00000e+00  
 49.5 1.7696e+01  14 1.00000e+00  
 49.6 1.7731e+01  14 1.00000e+00  
 49.7 1.7766e+01  14 1.00000e+00  
 49.8 1.7800e+01  14 1.00000e+00  
 49.9 1.7835e+01  14 1.00000e+00  
 50.0 1.7869e+01  14 1.00000e+00  
 50.1 1.7903e+01  14 1.00000e+00  
 50.2 1.7938e+01  14 1.00000e+00  
 50.3 1.7984e+01  14 1.00000e+00  
 50.4 1.8030e+01  14 1.00000e+00  
 50.5 1.8076e+01  14 1.00000e+00  
 50.6 1.8123e+01  14 1.00000e+00  
 50.7 1.8298e+01  14 1.00000e+00  
 50.8 1.8336e+01  14 1.00000e+00  
 50.9 1.8373e+01  14 1.00000e+00  
 51.0 1.8408e+01  14 1.00000e+00  
 51.1 1.8443e+01  14 1.00000e+00  
 51.2 1.8479e+01  14 1.00000e+00  
 51.3 1.8514e+01  14 1.00000e+00  
 51.4 1.8549e+01  14 1.00000e+00  
 51.5 1.8574e+01  14 1.00000e+00  
 51.6 1.8609e+01  14 1.00000e+00  
 51.7 1.8643e+01  14 1.00000e+00  
 51.8 1.8678e+01  14 1.00000e+00  
 51.9 1.8721e+01  14 1.00000e+00  
 52.0 1.8767e+01  14 1.00000e+00  
 52.1 1.8814e+01  14 1.00000e+00  
 52.2 1.8860e+01  14 1.00000e+00  
 52.3 1.8907e+01  14 1.00000e+00  
 52.4 1.8960e+01  14 1.00000e+00  
 52.5 1.9123e+01  14 1.00000e+00  
 52.6 1.9161e+01  14 1.00000e+00  
 52.7 1.9196e+01  14 1.00000e+00  
 52.8 1.9232e+01  14 1.00000e+00  
 52.9 1.9268e+01  14 1.00000e+00  
 53.0 1.9303e+01  14 1.00000e+00  
 53.1 1.9339e+01  14 1.00000e+00  
 53.2 1.9375e+01  14 1.00000e+00  
 53.3 1.9410e+01  14 1.00000e+00  
 53.4 1.9445e+01  14 1.00000e+00  
 53.5 1.9480e+01  14 1.00000e+00  
 53.6 1.9514e+01  14 1.00000e+00  
 53.7 1.9555e+01  14 1.00000e+00  
 53.8 1.9601e+01  14 1.00000e+00  
 53.9 1.9648e+01  14 1.00000e+00  
 54.0 1.9695e+01  14 1.00000e+00  
 54.1 1.9742e+01  14 1.00000e+00  
 54.2 1.9788e+01  14 1.00000e+00  
 54.3 1.9851e+01  14 1.00000e+00  
 54.4 1.9924e+01  14 1.00000e+00  
 54.5 2.0045e+01  14 1.00000e+00  
 54.6 2.0084e+01  14 1.00000e+00  
 54.7 2.0119e+01  14 1.00000e+00  
 54.8 2.0147e+01  14 1.00000e+00  
 54.9 2.0183e+01  14 1.00000e+00  
 55.0 2.0219e+01  14 1.00000e+00  
 55.1 2.0255e+01  14 1.00000e+00  
 55.2 2.0290e+01  14 1.00000e+00  
 55.3 2.0325e+01  14 1.00000e+00  
 55.4 2.0360e+01  14 1.00000e+00  
 55.5 2.0395e+01  14 1.00000e+00  
 55.6 2.0438e+01  14 1.00000e+00  
 55.7 2.0485e+01  14 1.00000e+00  
 55.8 2.0532e+01  14 1.00000e+00  
 55.9 2.0578e+01  14 1.00000e+00  
 56.0 2.0637e+01  14 1.00000e+00  
 56.1 2.0698e+01  14 1.00000e+00  
 56.2 2.0754e+01  14 1.00000e+00  
 56.3 2.0806e+01  14 1.00000e+00  
 56.4 2.0855e+01  14 1.00000e+00  
 56.5 2.0982e+01  14 1.00000e+00  
 56.6 2.1017e+01  14 1.00000e+00  
 56.7 2.1053e+01  14 1.00000e+00  
 56.8 2.1090e+01  14 1.00000e+00  
 56.9 2.1126e+01  14 1.00000e+00  
 57.0 2.1163e+01  14 1.00000e+00  
 57.1 2.1199e+01  14 1.00000e+00  
 57.2 2.1235e+01  14 1.00000e+00  
 57.3 2.1271e+01  14 1.00000e+00  
 57.4 2.1306e+01  14 1.00000e+00  
 57.5 2.1341e+01  14 1.00000e+00  
 57.6 2.1376e+01  14 1.00000e+00  
 57.7 2.1418e+01  14 1.00000e+00  
 57.8 2.1465e+01  14 1.00000e+00  
 57.9 2.1512e+01  14 1.00000e+00  
 58.0 2.1559e+01  14 1.00000e+00  
 58.1 2.1606e+01  14 1.00000e+00  
 58.2 2.1673e+01  14 1.00000e+00  
 58.3 2.1730e+01  14 1.00000e+00  
 58.4 2.1784e+01  14 1.00000e+00  
 58.5 2.1832e+01  14 1.00000e+00  
 58.6 2.1975e+01  14 1.00000e+00  
 58.7 2.2016e+01  14 1.00000e+00  
 58.8 2.2043e+01  14 1.00000e+00  
 58.9 2.2080e+01  14 1.00000e+00  
 59.0 2.2118e+01  14 1.00000e+00  
 59.1 2.2155e+01  14 1.00000e+00  
 59.2 2.2191e+01  14 1.00000e+00  
 59.3 2.2228e+01  14 1.00000e+00  
 59.4 2.2264e+01  14 1.00000e+00  
 59.5 2.2300e+01  14 1.00000e+00  
 59.6 2.2336e+01  14 1.00000e+00  
 59.7 2.2371e+01  14 1.00000e+00  
 59.8 2.2405e+01  14 1.00000e+00  
 59.9 2.2448e+01  14 1.00000e+00  
 60.0 2.2495e+01  14 1.00000e+00  
 60.1 2.2542e+01  14 1.00000e+00  
 60.2 2.2590e+01  14 1.00000e+00  
 60.3 2.2637e+01  14 1.00000e+00  
 60.4 2.2684e+01  14 1.00000e+00  
 60.5 2.2734e+01  14 1.00000e+00  
 60.6 2.2794e+01  14 1.00000e+00  
 60.7 2.2850e+01  14 1.00000e+00  
 60.8 2.2902e+01  14 1.00000e+00  
 60.9 2.2952e+01  14 1.00000e+00  
 61.0 2.3110e+01  14 1.00000e+00  
 61.1 2.3156e+01  14 1.00000e+00  
 61.2 2.3189e+01  14 1.00000e+00  
 61.3 2.3239e+01  14 1.00000e+00  
 61.4 2.3268e+01  14 1.00000e+00  
 61.5 2.3314e+01  14 1.00000e+00  
 61.6 2.3366e+01  14 1.00000e+00  
 61.7 2.3395e+01  14 1.00000e+00  
 61.8 2.3445e+01  14 1.00000e+00  
 61.9 2.3498e+01  14 1.00000e+00  
 62.0 2.3553e+01  14 1.00000e+00  
 62.1 2.3577e+01  14 1.00000e+00  
 62.2 2.3634e+01  14 1.00000e+00  
 62.3 2.3687e+01  14 1.00000e+00  
 62.4 2.3712e+01  14 1.00000e+00  
 62.5 2.3769e+01  14 1.00000e+00  
 62.6 2.3826e+01  14 1.00000e+00  
 62.7 2.3838e+01  14 1.00000e+00  
 62.8 2.3892e+01  14 1.00000e+00  
 62.9 2.3954e+01  14 1.00000e+00  
 63.0 2.4014e+01  14 1.00000e+00  
 63.1 2.4029e+01  14 1.00000e+00  
 63.2 2.4089e+01  14 1.00000e+00  
 63.3 2.4036e+01  14 1.00000e+00  
 63.4 2.4076e+01  14 1.00000e+00  
 63.5 2.4224e+01  14 1.00000e+00  
 63.6 2.4169e+01  14 1.00000e+00  
 63.7 2.4208e+01  14 1.00000e+00  
 63.8 2.4232e+01  14 1.00000e+00  
 63.9 2.4417e+01  14 1.00000e+00  
 64.0 2.4341e+01  14 1.00000e+00  
 64.1 2.4366e+01  14 1.00000e+00  
 64.2 2.4396e+01  14 1.00000e+00  
 64.3 2.4478e+01  14 1.00000e+00  
 64.4 2.4504e+01  14 1.00000e+00  
 64.5 2.4529e+01  14 1.00000e+00  
 64.6 2.4573e+01  14 1.00000e+00  
 64.7 2.4646e+01  14 1.00000e+00  
 64.8 2.4662e+01  14 1.00000e+00  
 64.9 2.4706e+01  14 1.00000e+00  
 65.0 2.4750e+01  14 1.00000e+00  
 65.1 2.4794e+01  14 1.00000e+00  
 65.2 2.4839e+01  14 1.00000e+00  
 65.3 2.4883e+01  14 1.00000e+00  
 65.4 2.4927e+01  14 1.00000e+00  
 65.5 2.4984e+01  14 1.00000e+00  
 65.6 2.5016e+01  14 1.00000e+00  
 65.7 2.5060e+01  14 1.00000e+00  
 65.8 2.5104e+01  14 1.00000e+00  
 65.9 2.5172e+01  14 1.00000e+00  
 66.0 2.5244e+01  14 1.00000e+00  
 66.1 2.5238e+01  14 1.00000e+00  
 66.2 2.5283e+01  14 1.00000e+00  
 66.3 2.5358e+01  14 1.00000e+00  
 66.4 2.5427e+01  14 1.00000e+00  
 66.5 2.5499e+01  14 1.00000e+00  
 66.6 2.5568e+01  14 1.00000e+00  
 66.7 2.5534e+01  14 1.00000e+00  
 66.8 2.5605e+01  14 1.00000e+00  
 66.9 2.5670e+01  14 1.00000e+00  
 67.0 2.5740e+01  14 1.00000e+00  
 67.1 2.5809e+01  14 1.00000e+00  
 67.2 2.5770e+01  14 1.00000e+00  
 67.3 2.5839e+01  14 1.00000e+00  
 67.4 2.5912e+01  14 1.00000e+00  
 67.5 2.5982e+01  14 1.00000e+00  
 67.6 2.6048e+01  14 1.00000e+00  
 67.7 2.6008e+01  14 1.00000e+00  
 67.8 2.6079e+01  14 1.00000e+00  
 67.9 2.6148e+01  14 1.00000e+00  
 68.0 2.6218e+01  14 1.00000e+00  
 68.1 2.6286e+01  14 1.00000e+00  
 68.2 2.6234e+01  14 1.00000e+00  
 68.3 2.6265e+01  14 1.00000e+00  
 68.4 2.6380e+01  14 1.00000e+00  
 68.5 2.6447e+01  14 1.00000e+00  
 68.6 2.6520e+01  14 1.00000e+00  
 68.7 2.6459e+01  14 1.00000e+00  
 68.8 2.6490e+01  14 1.00000e+00  
 68.9 2.6492e+01  14 1.00000e+00  
 69.0 2.6536e+01  14 1.00000e+00  
 69.1 2.6741e+01  14 1.00000e+00  
 69.2 2.6686e+01  14 1.00000e+00  
 69.3 2.6718e+01  14 1.00000e+00  
 69.4 2.6717e+01  14 1.00000e+00  
 69.5 2.6761e+01  14 1.00000e+00  
 69.6 2.6806e+01  14 1.00000e+00  
 69.7 2.6852e+01  14 1.00000e+00  
 69.8 2.6956e+01  14 1.00000e+00  
 69.9 2.6982e+01  14 1.00000e+00  
 70.0 2.6987e+01  14 1.00000e+00  
 70.1 2.7032e+01  14 1.00000e+00  
 70.2 2.7076e+01  14 1.00000e+00  
 70.3 2.7136e+01  14 1.00000e+00  
 70.4 2.7213e+01  14 1.00000e+00  
 70.5 2.7254e+01  14 1.00000e+00  
 70.6 2.7258e+01  14 1.00000e+00  
 70.7 2.7303e+01  14 1.00000e+00  
 70.8 2.7348e+01  14 1.00000e+00  
 70.9 2.7409e+01  14 1.00000e+00  
 71.0 2.7486e+01  14 1.00000e+00  
 71.1 2.7556e+01  14 1.00000e+00  
 71.2 2.7601e+01  14 1.00000e+00  
 71.3 2.7575e+01  14 1.00000e+00  
 71.4 2.7620e+01  14 1.00000e+00  
 71.5 2.7665e+01  14 1.00000e+00  
 71.6 2.7738e+01  14 1.00000e+00  
 71.7 2.7809e+01  14 1.00000e+00  
 71.8 2.7882e+01  14 1.00000e+00  
 71.9 2.7955e+01  14 1.00000e+00  
 72.0 2.8024e+01  14 1.00000e+00  
 72.1 2.7938e+01  14 1.00000e+00  
 72.2 2.7987e+01  14 1.00000e+00  
 72.3 2.8063e+01  14 1.00000e+00  
 72.4 2.8136e+01  14 1.00000e+00  
 72.5 2.8206e+01  14 1.00000e+00  
 72.6 2.8275e+01  14 1.00000e+00  
 72.7 2.8342e+01  14 1.00000e+00  
 72.8 2.8411e+01  14 1.00000e+00  
 72.9 2.8433e+01  14 1.00000e+00  
 73.0 2.8372e+01  14 1.00000e+00  
 73.1 2.8444e+01  14 1.00000e+00  
 73.2 2.8515e+01  14 1.00000e+00  
 73.3 2.8587e+01  14 1.00000e+00  
 73.4 2.8654e+01  14 1.00000e+00  
 73.5 2.8720e+01  14 1.00000e+00  
 73.6 2.8790e+01  14 1.00000e+00  
 73.7 2.8748e+01  14 1.00000e+00  
 73.8 2.8792e+01  14 1.00000e+00  
 73.9 2.8811e+01  14 1.00000e+00  
 74.0 2.8882e+01  14 1.00000e+00  
 74.1 2.8952e+01  14 1.00000e+00  
 74.2 2.9021e+01  14 1.00000e+00  
 74.3 2.9088e+01  14 1.00000e+00  
 74.4 2.9154e+01  14 1.00000e+00  
 74.5 2.9117e+01  14 1.00000e+00  
 74.6 2.9166e+01  14 1.00000e+00  
 74.7 2.9204e+01  14 1.00000e+00  
 74.8 2.9209e+01  14 1.00000e+00  
 74.9 2.9305e+01  14 1.00000e+00  
 75.0 2.9372e+01  14 1.00000e+00  
 75.1 2.9440e+01  14 1.00000e+00  
 75.2 2.9506e+01  14 1.00000e+00  
 75.3 2.9574e+01  14 1.00000e+00  
 75.4 2.9535e+01  14 1.00000e+00  
 75.5 2.9582e+01  14 1.00000e+00  
 75.6 2.9621e+01  14 1.00000e+00  
 75.7 2.9631e+01  14 1.00000e+00  
 75.8 2.9655e+01  14 1.00000e+00  
 75.9 2.9679e+01  14 1.00000e+00  
 76.0 2.9838e+01  14 1.00000e+00  
 76.1 2.9906e+01  14 1.00000e+00  
 76.2 2.9969e+01  14 1.00000e+00  
 76.3 3.0037e+01  14 1.00000e+00  
 76.4 2.9998e+01  14 1.00000e+00  
 76.5 3.0048e+01  14 1.00000e+00  
 76.6 3.0091e+01  14 1.00000e+00  
 76.7 3.0127e+01  14 1.00000e+00  
 76.8 3.0133e+01  14 1.00000e+00  
 76.9 3.0149e+01  14 1.00000e+00  
 77.0 3.0187e+01  14 1.00000e+00  
 77.1 3.0241e+01  14 1.00000e+00  
 77.2 3.0426e+01  14 1.00000e+00  
 77.3 3.0491e+01  14 1.00000e+00  
 77.4 3.0558e+01  14 1.00000e+00  
 77.5 3.0515e+01  14 1.00000e+00  
 77.6 3.0563e+01  14 1.00000e+00  
 77.7 3.0603e+01  14 1.00000e+00  
 77.8 3.0641e+01  14 1.00000e+00  
 77.9 3.0652e+01  14 1.00000e+00  
 78.0 3.0674e+01  14 1.00000e+00  
 78.1 3.0698e+01  14 1.00000e+00  
 78.2 3.0744e+01  14 1.00000e+00  
 78.3 3.0795e+01  14 1.00000e+00  
 78.4 3.1004e+01  14 1.00000e+00  
 78.5 3.1051e+01  14 1.00000e+00  
 78.6 3.1119e+01  14 1.00000e+00  
 78.7 3.1078e+01  14 1.00000e+00  
 78.8 3.1124e+01  14 1.00000e+00  
 78.9 3.1170e+01  14 1.00000e+00  
 79.0 3.1208e+01  14 1.00000e+00  
 79.1 3.1220e+01  14 1.00000e+00  
 79.2 3.1252e+01  14 1.00000e+00  
 79.3 3.1270e+01  14 1.00000e+00  
 79.4 3.1303e+01  14 1.00000e+00  
 79.5 3.1350e+01  14 1.00000e+00  
 79.6 3.1407e+01  14 1.00000e+00  
 79.7 3.1443e+01  14 1.00000e+00  
 79.8 3.1661e+01  14 1.00000e+00  
 79.9 3.1724e+01  14 1.00000e+00  
 80.0 3.1687e+01  14 1.00000e+00  
 80.1 3.1739e+01  14 1.00000e+00  
 80.2 3.1785e+01  14 1.00000e+00  
 80.3 3.1829e+01  14 1.00000e+00  
 80.4 3.1867e+01  14 1.00000e+00  
 80.5 3.1879e+01  14 1.00000e+00  
 80.6 3.1915e+01  14 1.00000e+00  
 80.7 3.1933e+01  14 1.00000e+00  
 80.8 3.1959e+01  14 1.00000e+00  
 80.9 3.2006e+01  14 1.00000e+00  
 81.0 3.2059e+01  14 1.00000e+00  
 81.1 3.2120e+01  14 1.00000e+00  
 81.2 3.2204e+01  14 1.00000e+00  
 81.3 3.2362e+01  14 1.00000e+00  
 81.4 3.2427e+01  14 1.00000e+00  
 81.5 3.2394e+01  14 1.00000e+00  
 81.6 3.2448e+01  14 1.00000e+00  
 81.7 3.2495e+01  14 1.00000e+00  
 81.8 3.2543e+01  14 1.00000e+00  
 81.9 3.2584e+01  14 1.00000e+00  
 82.0 3.2602e+01  14 1.00000e+00  
 82.1 3.2643e+01  14 1.00000e+00  
 82.2 3.2677e+01  14 1.00000e+00  
 82.3 3.2704e+01  14 1.00000e+00  
 82.4 3.2724e+01  14 1.00000e+00  
 82.5 3.2759e+01  14 1.00000e+00  
 82.6 3.2806e+01  14 1.00000e+00  
 82.7 3.2854e+01  14 1.00000e+00  
 82.8 3.3019e+01  14 1.00000e+00  
 82.9 3.3104e+01  14 1.00000e+00  
 83.0 3.3165e+01  14 1.00000e+00  
 83.1 3.3227e+01  14 1.00000e+00  
 83.2 3.3291e+01  14 1.00000e+00  
 83.3 3.3255e+01  14 1.00000e+00  
 83.4 3.3305e+01  14 1.00000e+00  
 83.5 3.3357e+01  14 1.00000e+00  
 83.6 3.3403e+01  14 1.00000e+00  
 83.7 3.3446e+01  14 1.00000e+00  
 83.8 3.3466e+01  14 1.00000e+00  
 83.9 3.3504e+01  14 1.00000e+00  
 84.0 3.3545e+01  14 1.00000e+00  
 84.1 3.3579e+01  14 1.00000e+00  
 84.2 3.3608e+01  14 1.00000e+00  
 84.3 3.3629e+01  14 1.00000e+00  
 84.4 3.3660e+01  14 1.00000e+00  
 84.5 3.3768e+01  14 1.00000e+00  
 84.6 3.3869e+01  14 1.00000e+00  
 84.7 3.3928e+01  14 1.00000e+00  
 84.8 3.3992e+01  14 1.00000e+00  
 84.9 3.4054e+01  14 1.00000e+00  
 85.0 3.4116e+01  14 1.00000e+00  
 85.1 3.4174e+01  14 1.00000e+00  
 85.2 3.4237e+01  14 1.00000e+00  
 85.3 3.4203e+01  14 1.00000e+00  
 85.4 3.4258e+01  14 1.00000e+00  
 85.5 3.4313e+01  14 1.00000e+00  
 85.6 3.4363e+01  14 1.00000e+00  
 85.7 3.4410e+01  14 1.00000e+00  
 85.8 3.4457e+01  14 1.00000e+00  
 85.9 3.4502e+01  14 1.00000e+00  
 86.0 3.4523e+01  14 1.00000e+00  
 86.1 3.4569e+01  14 1.00000e+00  
 86.2 3.4605e+01  14 1.00000e+00  
 86.3 3.4645e+01  14 1.00000e+00  
 86.4 3.4679e+01  14 1.00000e+00  
 86.5 3.4750e+01  14 1.00000e+00  
 86.6 3.4835e+01  14 1.00000e+00  
 86.7 3.4840e+01  14 1.00000e+00  
 86.8 3.4899e+01  14 1.00000e+00  
 86.9 3.4959e+01  14 1.00000e+00  
 87.0 3.5019e+01  14 1.00000e+00  
 87.1 3.5075e+01  14 1.00000e+00  
 87.2 3.5138e+01  14 1.00000e+00  
 87.3 3.5195e+01  14 1.00000e+00  
 87.4 3.5253e+01  14 1.00000e+00  
 87.5 3.5313e+01  14 1.00000e+00  
 87.6 3.5374e+01  14 1.00000e+00  
 87.7 3.5433e+01  14 1.00000e+00  
 87.8 3.5493e+01  14 1.00000e+00  
 87.9 3.5462e+01  14 1.00000e+00  
 88.0 3.5517e+01  14 1.00000e+00  
 88.1 3.5566e+01  14 1.00000e+00  
 88.2 3.5622e+01  14 1.00000e+00  
 88.3 3.5669e+01  14 1.00000e+00  
 88.4 3.5716e+01  14 1.00000e+00  
 88.5 3.5766e+01  14 1.00000e+00  
 88.6 3.5815e+01  14 1.00000e+00  
 88.7 3.5863e+01  14 1.00000e+00  
 88.8 3.5972e+01  14 1.00000e+00  
 88.9 3.5828e+01  14 1.00000e+00  
 89.0 3.5867e+01  14 1.00000e+00  
 89.1 3.5924e+01  14 1.00000e+00  
 89.2 3.5984e+01  14 1.00000e+00  
 89.3 3.6046e+01  14 1.00000e+00  
 89.4 3.6108e+01  14 1.00000e+00  
 89.5 3.6169e+01  14 1.00000e+00  
 89.6 3.6226e+01  14 1.00000e+00  
 89.7 3.6287e+01  14 1.00000e+00  
 89.8 3.6344e+01  14 1.00000e+00  
 89.9 3.6406e+01  14 1.00000e+00  
 90.0 3.6464e+01  14 1.00000e+00  
 90.1 3.6522e+01  14 1.00000e+00  
 90.2 3.6580e+01  14 1.00000e+00  
 90.3 3.6642e+01  14 1.00000e+00  
 90.4 3.6687e+01  14 1.00000e+00  
 90.5 3.6739e+01  14 1.00000e+00  
 90.6 3.6792e+01  14 1.00000e+00  
 90.7 3.6845e+01  14 1.00000e+00  
 90.8 3.6898e+01  14 1.00000e+00  
 90.9 3.6919e+01  14 1.00000e+00  
 91.0 3.6898e+01  14 1.00000e+00  
 91.1 3.6973e+01  14 1.00000e+00  
 91.2 3.7071e+01  14 1.00000e+00  
 91.3 3.7118e+01  14 1.00000e+00  
 91.4 3.7165e+01  14 1.00000e+00  
 91.5 3.7211e+01  14 1.00000e+00  
 91.6 3.7243e+01  14 1.00000e+00  
 91.7 3.7290e+01  14 1.00000e+00  
 91.8 3.7336e+01  14 1.00000e+00  
 91.9 3.7381e+01  14 1.00000e+00  
 92.0 3.7426e+01  14 1.00000e+00  
 92.1 3.7469e+01  14 1.00000e+00  
 92.2 3.7513e+01  14 1.00000e+00  
 92.3 3.7554e+01  14 1.00000e+00  
 92.4 3.7596e+01  14 1.00000e+00  
 92.5 3.7636e+01  14 1.00000e+00  
 92.6 3.7680e+01  14 1.00000e+00  
 92.7 3.7719e+01  14 1.00000e+00  
 92.8 3.7761e+01  14 1.00000e+00  
 92.9 3.7790e+01  14 1.00000e+00  
 93.0 3.7821e+01  14 1.00000e+00  
 93.1 3.7867e+01  14 1.00000e+00  
 93.2 3.7922e+01  14 1.00000e+00  
 93.3 3.7980e+01  14 1.00000e+00  
 93.4 3.8032e+01  14 1.00000e+00  
 93.5 3.8086e+01  14 1.00000e+00  
 93.6 3.8147e+01  14 1.00000e+00  
 93.7 3.8244e+01  14 1.00000e+00  
 93.8 3.8342e+01  14 1.00000e+00  
 93.9 3.8369e+01  14 1.00000e+00  
 94.0 3.8469e+01  14 1.00000e+00  
 94.1 3.8498e+01  14 1.00000e+00  
 94.2 3.8528e+01  14 1.00000e+00  
 94.3 3.8566e+01  14 1.00000e+00  
 94.4 3.8666e+01  14 1.00000e+00  
 94.5 3.8767e+01  14 1.00000e+00  
 94.6 3.8868e+01  14 1.00000e+00  
 94.7 3.8969e+01  14 1.00000e+00  
 94.8 3.9070e+01  14 1.00000e+00  
 94.9 3.9170e+01  14 1.00000e+00  
 95.0 3.9271e+01  14 1.00000e+00  
 95.1 3.9371e+01  14 1.00000e+00  
 95.2 3.9472e+01  14 1.00000e+00  
 95.3 3.9573e+01  14 1.00000e+00  
 95.4 3.9673e+01  14 1.00000e+00  
 95.5 3.9774e+01  14 1.00000e+00  
 95.6 3.9874e+01  14 1.00000e+00  
 95.7 3.9974e+01  14 1.00000e+00  
 95.8 4.0075e+01  14 1.00000e+00  
 95.9 4.0175e+01  14 1.00000e+00  
 96.0 4.0275e+01  14 1.00000e+00  
 96.1 4.0375e+01  14 1.00000e+00  
 96.2 4.0473e+01  14 1.00000e+00  
 96.3 4.0563e+01  14 1.00000e+00  
 96.4 4.0652e+01  14 1.00000e+00  
 96.5 4.0742e+01  14 1.00000e+00  
 96.6 4.0832e+01  14 1.00000e+00  
 96.7 4.0921e+01  14 1.00000e+00  
 96.8 4.1011e+01  14 1.00000e+00  
 96.9 4.1101e+01  14 1.00000e+00  
 97.0 4.1191e+01  14 1.00000e+00  
 97.1 4.1281e+01  14 1.00000e+00  
 97.2 4.1371e+01  14 1.00000e+00  
 97.3 4.1461e+01  14 1.00000e+00  
 97.4 4.1551e+01  14 1.00000e+00  
 97.5 4.1641e+01  14 1.00000e+00  
 97.6 4.1731e+01  14 1.00000e+00  
 97.7 4.1821e+01  14 1.00000e+00  
 97.8 4.1911e+01  14 1.00000e+00  
 97.9 4.2001e+01  14 1.00000e+00  
 98.0 4.2091e+01  14 1.00000e+00  
 98.1 4.2181e+01  14 1.00000e+00  
 98.2 4.2272e+01  14 1.00000e+00  
 98.3 4.2362e+01  14 1.00000e+00  
 98.4 4.2452e+01  14 1.00000e+00  
 98.5 4.2543e+01  14 1.00000e+00  
 98.6 4.2633e+01  14 1.00000e+00  
 98.7 4.2723e+01  14 1.00000e+00  
 98.8 4.2814e+01  14 1.00000e+00  
 98.9 4.2904e+01  14 1.00000e+00  
 99.0 4.2989e+01  14 1.00000e+00  
 99.1 4.3079e+01  14 1.00000e+00  
 99.2 4.3170e+01  14 1.00000e+00  
 99.3 4.3260e+01  14 1.00000e+00  
 99.4 4.3351e+01  14 1.00000e+00  
 99.5 4.3441e+01  14 1.00000e+00  
 99.6 4.3532e+01  14 1.00000e+00  
 99.7 4.3623e+01  14 1.00000e+00  
 99.8 4.3714e+01  14 1.00000e+00  
 99.9 4.3804e+01  14 1.00000e+00  
100.0 4.3895e+01  14 1.00000e+00  
100.1 4.3986e+01  14 1.00000e+00  
100.2 4.4077e+01  14 1.00000e+00  
100.3 4.4168e+01  14 1.00000e+00  
100.4 4.4258e+01  14 1.00000e+00  
100.5 4.4349e+01  14 1.00000e+00  
100.6 4.4440e+01  14 1.00000e+00  
100.7 4.4531e+01  14 1.00000e+00  
100.8 4.4622e+01  14 1.00000e+00  
100.9 4.4713e+01  14 1.00000e+00  
101.0 4.4804e+01  14 1.00000e+00  
101.1 4.4895e+01  14 1.00000e+00  
101.2 4.4986e+01  14 1.00000e+00  
101.3 4.5077e+01  14 1.00000e+00  
101.4 4.5168e+01  14 1.00000e+00  
101.5 4.5259e+01  14 1.00000e+00  
101.6 4.5351e+01  14 1.00000e+00  
101.7 4.5442e+01  14 1.00000e+00  
101.8 4.5533e+01  14 1.00000e+00  
101.9 4.5624e+01  14 1.00000e+00  
102.0 4.5715e+01  14 1.00000e+00  
102.1 4.5807e+01  14 1.00000e+00  
102.2 4.5898e+01  14 1.00000e+00  
102.3 4.5989e+01  14 1.00000e+00  
102.4 4.6080e+01  14 1.00000e+00  
102.5 4.6172e+01  14 1.00000e+00  
102.6 4.6263e+01  14 1.00000e+00  
102.7 4.6354e+01  14 1.00000e+00  
102.8 4.6446e+01  14 1.00000e+00  
102.9 4.6537e+01  14 1.00000e+00  
103.0 4.6628e+01  14 1.00000e+00  
103.1 4.6720e+01  14 1.00000e+00  
103.2 4.6811e+01  14 1.00000e+00  
103.3 4.6903e+01  14 1.00000e+00  
103.4 4.6994e+01  14 1.00000e+00  
103.5 4.7086e+01  14 1.00000e+00  
103.6 4.7177e+01  14 1.00000e+00  
103.7 4.7269e+01  14 1.00000e+00  
103.8 4.7360e+01  14 1.00000e+00  
103.9 4.7452e+01  14 1.00000e+00  
104.0 4.7543e+01  14 1.00000e+00  
104.1 4.7635e+01  14 1.00000e+00  
104.2 4.7726e+01  14 1.00000e+00  
104.3 4.7818e+01  14 1.00000e+00  
104.4 4.7909e+01  14 1.00000e+00  
104.5 4.8001e+01  14 1.00000e+00  
104.6 4.8093e+01  14 1.00000e+00  
104.7 4.8184e+01  14 1.00000e+00  
104.8 4.8276e+01  14 1.00000e+00  
104.9 4.8368e+01  14 1.00000e+00  
105.0 4.8459e+01  14 1.00000e+00  
105.1 4.8551e+01  14 1.00000e+00  
105.2 4.8643e+01  14 1.00000e+00  
105.3 4.8734e+01  14 1.00000e+00  
105.4 4.8826e+01  14 1.00000e+00  
105.5 4.8918e+01  14 1.00000e+00  
105.6 4.9010e+01  14 1.00000e+00  
105.7 4.9101e+01  14 1.00000e+00  
105.8 4.9193e+01  14 1.00000e+00  
105.9 4.9285e+01  14 1.00000e+00  
106.0 4.9371e+01  14 1.00000e+00  
106.1 4.9463e+01  14 1.00000e+00  
106.2 4.9555e+01  14 1.00000e+00  
106.3 4.9647e+01  14 1.00000e+00  
106.4 4.9738e+01  14 1.00000e+00  
106.5 4.9830e+01  14 1.00000e+00  
106.6 4.9922e+01  14 1.00000e+00  
106.7 5.0014e+01  14 1.00000e+00  
106.8 5.0106e+01  14 1.00000e+00  
106.9 5.0198e+01  14 1.00000e+00  
107.0 5.0290e+01  14 1.00000e+00  
107.1 5.0382e+01  14 1.00000e+00  
107.2 5.0474e+01  14 1.00000e+00  
107.3 5.0565e+01  14 1.00000e+00  
107.4 5.0657e+01  14 1.00000e+00  
107.5 5.0749e+01  14 1.00000e+00  
107.6 5.0841e+01  14 1.00000e+00  
107.7 5.0933e+01  14 1.00000e+00  
107.8 5.1025e+01  14 1.00000e+00  
107.9 5.1117e+01  14 1.00000e+00  
108.0 5.1209e+01  14 1.00000e+00  
108.1 5.1301e+01  14 1.00000e+00  
108.2 5.1393e+01  14 1.00000e+00  
108.3 5.1485e+01  14 1.00000e+00  
108.4 5.1577e+01  14 1.00000e+00  
108.5 5.1669e+01  14 1.00000e+00  
108.6 5.1761e+01  14 1.00000e+00  
108.7 5.1853e+01  14 1.00000e+00  
108.8 5.1945e+01  14 1.00000e+00  
108.9 5.2037e+01  14 1.00000e+00  
109.0 5.2129e+01  14 1.00000e+00  
109.1 5.2221e+01  14 1.00000e+00  
109.2 5.2314e+01  14 1.00000e+00  
109.3 5.2406e+01  14 1.00000e+00  
109.4 5.2498e+01  14 1.00000e+00  
109.5 5.2590e+01  14 1.00000e+00  
109.6 5.2682e+01  14 1.00000e+00  
109.7 5.2774e+01  14 1.00000e+00  
109.8 5.2866e+01  14 1.00000e+00  
109.9 5.2958e+01  14 1.00000e+00  
110.0 5.3050e+01  14 1.00000e+00  
110.1 5.3142e+01  14 1.00000e+00  
110.2 5.3234e+01  14 1.00000e+00  
110.3 5.3327e+01  14 1.00000e+00  
110.4 5.3419e+01  14 1.00000e+00  
110.5 5.3511e+01  14 1.00000e+00  
110.6 5.3603e+01  14 1.00000e+00  
110.7 5.3695e+01  14 1.00000e+00  
110.8 5.3787e+01  14 1.00000e+00  
110.9 5.3879e+01  14 1.00000e+00  
111.0 5.3971e+01  14 1.00000e+00  
111.1 5.4064e+01  14 1.00000e+00  
111.2 5.4156e+01  14 1.00000e+00  
111.3 5.4248e+01  14 1.00000e+00  
111.4 5.4340e+01  14 1.00000e+00  
111.5 5.4432e+01  14 1.00000e+00  
111.6 5.4524e+01  14 1.00000e+00  
111.7 5.4617e+01  14 1.00000e+00  
111.8 5.4709e+01  14 1.00000e+00  
111.9 5.4801e+01  14 1.00000e+00  
112.0 5.4893e+01  14 1.00000e+00  
112.1 5.4985e+01  14 1.00000e+00  
112.2 5.5077e+01  14 1.00000e+00  
112.3 5.5170e+01  14 1.00000e+00  
112.4 5.5262e+01  14 1.00000e+00  
112.5 5.5354e+01  14 1.00000e+00  
112.6 5.5446e+01  14 1.00000e+00  
112.7 5.5538e+01  14 1.00000e+00  
112.8 5.5631e+01  14 1.00000e+00  
112.9 5.5723e+01  14 1.00000e+00  
113.0 5.5815e+01  14 1.00000e+00  
113.1 5.5907e+01  14 1.00000e+00  
113.2 5.5999e+01  14 1.00000e+00  
113.3 5.6092e+01  14 1.00000e+00  
113.4 5.6184e+01  14 1.00000e+00  
113.5 5.6276e+01  14 1.00000e+00  
113.6 5.6368e+01  14 1.00000e+00  
113.7 5.6455e+01  14 1.00000e+00  
113.8 5.6548e+01  14 1.00000e+00  
113.9 5.6640e+01  14 1.00000e+00  
114.0 5.6732e+01  14 1.00000e+00  
114.1 5.6824e+01  14 1.00000e+00  
114.2 5.6916e+01  14 1.00000e+00  
114.3 5.7009e+01  14 1.00000e+00  
114.4 5.7101e+01  14 1.00000e+00  
114.5 5.7193e+01  14 1.00000e+00  
114.6 5.7285e+01  14 1.00000e+00  
114.7 5.7378e+01  14 1.00000e+00  
114.8 5.7470e+01  14 1.00000e+00  
114.9 5.7562e+01  14 1.00000e+00  
115.0 5.7654e+01  14 1.00000e+00  
115.1 5.7746e+01  14 1.00000e+00  
115.2 5.7839e+01  14 1.00000e+00  
115.3 5.7931e+01  14 1.00000e+00  
115.4 5.8023e+01  14 1.00000e+00  
115.5 5.8115e+01  14 1.00000e+00  
115.6 5.8207e+01  14 1.00000e+00  
115.7 5.8300e+01  14 1.00000e+00  
115.8 5.8392e+01  14 1.00000e+00  
115.9 5.8484e+01  14 1.00000e+00  
116.0 5.8576e+01  14 1.00000e+00  
116.1 5.8668e+01  14 1.00000e+00  
116.2 5.8761e+01  14 1.00000e+00  
116.3 5.8853e+01  14 1.00000e+00  
116.4 5.8945e+01  14 1.00000e+00  
116.5 5.9037e+01  14 1.00000e+00  
116.6 5.9129e+01  14 1.00000e+00  
116.7 5.9221e+01  14 1.00000e+00  
116.8 5.9314e+01  14 1.00000e+00  
116.9 5.9406e+01  14 1.00000e+00  
117.0 5.9498e+01  14 1.00000e+00  
117.1 5.9590e+01  14 1.00000e+00  
117.2 5.9682e+01  14 1.00000e+00  
117.3 5.9775e+01  14 1.00000e+00  
117.4 5.9867e+01  14 1.00000e+00  
117.5 5.9959e+01  14 1.00000e+00  
117.6 6.0051e+01  14 1.00000e+00  
117.7 6.0143e+01  14 1.00000e+00  
117.8 6.0235e+01  14 1.00000e+00  
117.9 6.0328e+01  14 1.00000e+00  
118.0 6.0420e+01  14 1.00000e+00  
118.1 6.0512e+01  14 1.00000e+00  
118.2 6.0604e+01  14 1.00000e+00  
118.3 6.0696e+01  14 1.00000e+00  
118.4 6.0788e+01  14 1.00000e+00  
118.5 6.0881e+01  14 1.00000e+00  
118.6 6.0973e+01  14 1.00000e+00  
118.7 6.1065e+01  14 1.00000e+00  
118.8 6.1157e+01  14 1.00000e+00  
118.9 6.1249e+01  14 1.00000e+00  
119.0 6.1341e+01  14 1.00000e+00  
119.1 6.1433e+01  14 1.00000e+00  
119.2 6.1525e+01  14 1.00000e+00  
119.3 6.1618e+01  14 1.00000e+00  
119.4 6.1710e+01  14 1.00000e+00  
119.5 6.1802e+01  14 1.00000e+00  
119.6 6.1894e+01  14 1.00000e+00  
119.7 6.1986e+01  14 1.00000e+00  
119.8 6.2078e+01  14 1.00000e+00  
119.9 6.2170e+01  14 1.00000e+00  
120.0 6.2262e+01  14 1.00000e+00  
120.1 6.2354e+01  14 1.00000e+00  
120.2 6.2447e+01  14 1.00000e+00  
120.3 6.2539e+01  14 1.00000e+00  
120.4 6.2631e+01  14 1.00000e+00  
120.5 6.2723e+01  14 1.00000e+00  
120.6 6.2815e+01  14 1.00000e+00  
120.7 6.2907e+01  14 1.00000e+00  
120.8 6.2999e+01  14 1.00000e+00  
120.9 6.3091e+01  14 1.00000e+00  
121.0 6.3183e+01  14 1.00000e+00  
121.1 6.3275e+01  14 1.00000e+00  
121.2 6.3367e+01  14 1.00000e+00  
121.3 6.3459e+01  14 1.00000e+00  
121.4 6.3551e+01  14 1.00000e+00  
121.5 6.3643e+01  14 1.00000e+00  
121.6 6.3735e+01  14 1.00000e+00  
121.7 6.3827e+01  14 1.00000e+00  
121.8 6.3919e+01  14 1.00000e+00  
121.9 6.4011e+01  14 1.00000e+00  
122.0 6.4099e+01  14 1.00000e+00  
122.1 6.4191e+01  14 1.00000e+00  
122.2 6.4283e+01  14 1.00000e+00  
122.3 6.4375e+01  14 1.00000e+00  
122.4 6.4467e+01  14 1.00000e+00  
122.5 6.4559e+01  14 1.00000e+00  
122.6 6.4651e+01  14 1.00000e+00  
122.7 6.4743e+01  14 1.00000e+00  
122.8 6.4835e+01  14 1.00000e+00  
122.9 6.4927e+01  14 1.00000e+00  
123.0 6.5019e+01  14 1.00000e+00  
123.1 6.5111e+01  14 1.00000e+00  
123.2 6.5203e+01  14 1.00000e+00  
123.3 6.5295e+01  14 1.00000e+00  
123.4 6.5387e+01  14 1.00000e+00  
123.5 6.5479e+01  14 1.00000e+00  
123.6 6.5571e+01  14 1.00000e+00  
123.7 6.5663e+01  14 1.00000e+00  
123.8 6.5755e+01  14 1.00000e+00  
123.9 6.5846e+01  14 1.00000e+00  
124.0 6.5938e+01  14 1.00000e+00  
124.1 6.6030e+01  14 1.00000e+00  
124.2 6.6122e+01  14 1.00000e+00  
124.3 6.6214e+01  14 1.00000e+00  
124.4 6.6306e+01  14 1.00000e+00  
124.5 6.6398e+01  14 1.00000e+00  
124.6 6.6490e+01  14 1.00000e+00  
124.7 6.6582e+01  14 1.00000e+00  
124.8 6.6673e+01  14 1.00000e+00  
124.9 6.6765e+01  14 1.00000e+00  
125.0 6.6857e+01  14 1.00000e+00  
125.1 6.6949e+01  14 1.00000e+00  
125.2 6.7041e+01  14 1.00000e+00  
125.3 6.7133e+01  14 1.00000e+00  
125.4 6.7224e+01  14 1.00000e+00  
125.5 6.7316e+01  14 1.00000e+00  
125.6 6.7408e+01  14 1.00000e+00  
125.7 6.7500e+01  14 1.00000e+00  
125.8 6.7592e+01  14 1.00000e+00  
125.9 6.7683e+01  14 1.00000e+00  
126.0 6.7775e+01  14 1.00000e+00  
126.1 6.7867e+01  14 1.00000e+00  
126.2 6.7959e+01  14 1.00000e+00  
126.3 6.8050e+01  14 1.00000e+00  
126.4 6.8142e+01  14 1.00000e+00  
126.5 6.8234e+01  14 1.00000e+00  
126.6 6.8326e+01  14 1.00000e+00  
126.7 6.8417e+01  14 1.00000e+00  
126.8 6.8509e+01  14 1.00000e+00  
126.9 6.8601e+01  14 1.00000e+00  
127.0 6.8693e+01  14 1.00000e+00  
127.1 6.8784e+01  14 1.00000e+00  
127.2 6.8876e+01  14 1.00000e+00  
127.3 6.8968e+01  14 1.00000e+00  
127.4 6.9059e+01  14 1.00000e+00  
127.5 6.9151e+01  14 1.00000e+00  
127.6 6.9243e+01  14 1.00000e+00  
127.7 6.9334e+01  14 1.00000e+00  
127.8 6.9426e+01  14 1.00000e+00  
127.9 6.9518e+01  14 1.00000e+00  
128.0 6.9609e+01  14 1.00000e+00  
128.1 6.9701e+01  14 1.00000e+00  
128.2 6.9793e+01  14 1.00000e+00  
128.3 6.9884e+01  14 1.00000e+00  
128.4 6.9976e+01  14 1.00000e+00  
128.5 7.0067e+01  14 1.00000e+00  
128.6 7.0159e+01  14 1.00000e+00  
128.7 7.0251e+01  14 1.00000e+00  
128.8 7.0342e+01  14 1.00000e+00  
128.9 7.0434e+01  14 1.00000e+00  
129.0 7.0525e+01  14 1.00000e+00  
129.1 7.0617e+01  14 1.00000e+00  
129.2 7.0709e+01  14 1.00000e+00  
129.3 7.0800e+01  14 1.00000e+00  
129.4 7.0892e+01  14 1.00000e+00  
129.5 7.0983e+01  14 1.00000e+00  
129.6 7.1075e+01  14 1.00000e+00  
129.7 7.1166e+01  14 1.00000e+00  
129.8 7.1258e+01  14 1.00000e+00  
129.9 7.1349e+01  14 1.00000e+00  
130.0 7.1441e+01  14 1.00000e+00  
130.1 7.1532e+01  14 1.00000e+00  
130.2 7.1624e+01  14 1.00000e+00  
130.3 7.1715e+01  14 1.00000e+00  
130.4 7.1807e+01  14 1.00000e+00  
130.5 7.1898e+01  14 1.00000e+00  
130.6 7.1990e+01  14 1.00000e+00  
130.7 7.2081e+01  14 1.00000e+00  
130.8 7.2173e+01  14 1.00000e+00  
130.9 7.2264e+01  14 1.00000e+00  
131.0 7.2355e+01  14 1.00000e+00  
131.1 7.2447e+01  14 1.00000e+00  
131.2 7.2538e+01  14 1.00000e+00  
131.3 7.2626e+01  14 1.00000e+00  
131.4 7.2717e+01  14 1.00000e+00  
131.5 7.2809e+01  14 1.00000e+00  
131.6 7.2900e+01  14 1.00000e+00  
131.7 7.2992e+01  14 1.00000e+00  
131.8 7.3083e+01  14 1.00000e+00  
131.9 7.3174e+01  14 1.00000e+00  
132.0 7.3266e+01  14 1.00000e+00  
132.1 7.3357e+01  14 1.00000e+00  
132.2 7.3448e+01  14 1.00000e+00  
132.3 7.3540e+01  14 1.00000e+00  
132.4 7.3631e+01  14 1.00000e+00  
132.5 7.3722e+01  14 1.00000e+00  
132.6 7.3814e+01  14 1.00000e+00  
132.7 7.3905e+01  14 1.00000e+00  
132.8 7.3996e+01  14 1.00000e+00  
132.9 7.4088e+01  14 1.00000e+00  
133.0 7.4179e+01  14 1.00000e+00  
133.1 7.4270e+01  14 1.00000e+00  
133.2 7.4362e+01  14 1.00000e+00  
133.3 7.4453e+01  14 1.00000e+00  
133.4 7.4544e+01  14 1.00000e+00  
133.5 7.4635e+01  14 1.00000e+00  
133.6 7.4727e+01  14 1.00000e+00  
133.7 7.4818e+01  14 1.00000e+00  
133.8 7.4909e+01  14 1.00000e+00  
133.9 7.5000e+01  14 1.00000e+00  
134.0 7.5091e+01  14 1.00000e+00  
134.1 7.5183e+01  14 1.00000e+00  
134.2 7.5274e+01  14 1.00000e+00  
134.3 7.5365e+01  14 1.00000e+00  
134.4 7.5456e+01  14 1.00000e+00  
134.5 7.5547e+01  14 1.00000e+00  
134.6 7.5639e+01  14 1.00000e+00  
134.7 7.5730e+01  14 1.00000e+00  
134.8 7.5821e+01  14 1.00000e+00  
134.9 7.5912e+01  14 1.00000e+00  
135.0 7.6003e+01  14 1.00000e+00  
135.1 7.6094e+01  14 1.00000e+00  
135.2 7.6185e+01  14 1.00000e+00  
135.3 7.6277e+01  14 1.00000e+00  
135.4 7.6368e+01  14 1.00000e+00  
135.5 7.6459e+01  14 1.00000e+00  
135.6 7.6550e+01  14 1.00000e+00  
135.7 7.6641e+01  14 1.00000e+00  
135.8 7.6732e+01  14 1.00000e+00  
135.9 7.6823e+01  14 1.00000e+00  
136.0 7.6914e+01  14 1.00000e+00  
136.1 7.7005e+01  14 1.00000e+00  
136.2 7.7096e+01  14 1.00000e+00  
136.3 7.7187e+01  14 1.00000e+00  
136.4 7.6287e+01  14 1.00000e+00  
136.5 7.6378e+01  14 1.00000e+00  
136.6 7.6469e+01  14 1.00000e+00  
136.7 7.6560e+01  14 1.00000e+00  
136.8 7.6651e+01  14 1.00000e+00  
136.9 7.6474e+01  14 1.00000e+00  
137.0 7.6564e+01  14 1.00000e+00  
137.1 7.6655e+01  14 1.00000e+00  
137.2 7.6745e+01  14 1.00000e+00  
137.3 7.6835e+01  14 1.00000e+00  
137.4 7.6925e+01  14 1.00000e+00  
137.5 7.7015e+01  14 1.00000e+00  
137.6 7.6042e+01  14 1.00000e+00  
137.7 7.6132e+01  14 1.00000e+00  
137.8 7.6223e+01  14 1.00000e+00  
137.9 7.6313e+01  14 1.00000e+00  
138.0 7.6403e+01  14 1.00000e+00  
138.1 7.6494e+01  14 1.00000e+00  
138.2 7.6584e+01  14 1.00000e+00  
138.3 7.6674e+01  14 1.00000e+00  
138.4 7.6765e+01  14 1.00000e+00  
138.5 7.6855e+01  14 1.00000e+00  
138.6 7.6945e+01  14 1.00000e+00  
138.7 7.7036e+01  14 1.00000e+00  
138.8 7.7126e+01  14 1.00000e+00  
138.9 7.7216e+01  14 1.00000e+00  
139.0 7.7306e+01  14 1.00000e+00  
139.1 7.7397e+01  14 1.00000e+00  
139.2 7.7487e+01  14 1.00000e+00  
139.3 7.7577e+01  14 1.00000e+00  
139.4 7.7667e+01  14 1.00000e+00  
139.5 7.7757e+01  14 1.00000e+00  
139.6 7.7848e+01  14 1.00000e+00  
139.7 7.7938e+01  14 1.00000e+00  
139.8 7.8028e+01  14 1.00000e+00  
139.9 7.8118e+01  14 1.00000e+00  
140.0 7.8208e+01  14 1.00000e+00  
140.1 7.8299e+01  14 1.00000e+00  
140.2 7.6910e+01  14 1.00000e+00  
140.3 7.6999e+01  14 1.00000e+00  
140.4 7.6019e+01  14 1.00000e+00  
140.5 7.6108e+01  14 1.00000e+00  
140.6 7.6197e+01  14 1.00000e+00  
140.7 7.6286e+01  14 1.00000e+00  
140.8 7.6375e+01  14 1.00000e+00  
140.9 7.6464e+01  14 1.00000e+00  
141.0 7.6553e+01  14 1.00000e+00  
141.1 7.6642e+01  14 1.00000e+00  
141.2 7.6731e+01  14 1.00000e+00  
141.3 7.6820e+01  14 1.00000e+00  
141.4 7.6909e+01  14 1.00000e+00  
141.5 7.6998e+01  14 1.00000e+00  
141.6 7.7088e+01  14 1.00000e+00  
141.7 7.7177e+01  14 1.00000e+00  
141.8 7.7266e+01  14 1.00000e+00  
141.9 7.7355e+01  14 1.00000e+00  
142.0 7.7444e+01  14 1.00000e+00  
142.1 7.7533e+01  14 1.00000e+00  
142.2 7.7621e+01  14 1.00000e+00  
142.3 7.7711e+01  14 1.00000e+00  
142.4 7.7799e+01  14 1.00000e+00  
142.5 7.7888e+01  14 1.00000e+00  
142.6 7.7977e+01  14 1.00000e+00  
142.7 7.8066e+01  14 1.00000e+00  
142.8 7.8155e+01  14 1.00000e+00  
142.9 7.8244e+01  14 1.00000e+00  
143.0 7.8333e+01  14 1.00000e+00  
143.1 7.8422e+01  14 1.00000e+00  
143.2 7.8511e+01  14 1.00000e+00  
143.3 7.8600e+01  14 1.00000e+00  
143.4 7.8689e+01  14 1.00000e+00  
143.5 7.8778e+01  14 1.00000e+00  
143.6 7.8867e+01  14 1.00000e+00  
143.7 7.8955e+01  14 1.00000e+00  
143.8 7.9044e+01  14 1.00000e+00  
143.9 7.9133e+01  14 1.00000e+00  
144.0 7.9222e+01  14 1.00000e+00  
144.1 7.9311e+01  14 1.00000e+00  
144.2 7.9400e+01  14 1.00000e+00  
144.3 7.9489e+01  14 1.00000e+00  
144.4 7.9577e+01  14 1.00000e+00  
144.5 7.9666e+01  14 1.00000e+00  
144.6 7.8985e+01  14 1.00000e+00  
144.7 7.9074e+01  14 1.00000e+00  
144.8 7.9163e+01  14 1.00000e+00  
144.9 7.9253e+01  14 1.00000e+00  
145.0 7.9342e+01  14 1.00000e+00  
145.1 7.9431e+01  14 1.00000e+00  
145.2 7.9520e+01  14 1.00000e+00  
145.3 7.9610e+01  14 1.00000e+00  
145.4 7.9699e+01  14 1.00000e+00  
145.5 7.9788e+01  14 1.00000e+00  
145.6 7.9877e+01  14 1.00000e+00  
145.7 7.9967e+01  14 1.00000e+00  
145.8 8.0056e+01  14 1.00000e+00  
145.9 8.0145e+01  14 1.00000e+00  
146.0 8.0234e+01  14 1.00000e+00  
146.1 8.0323e+01  14 1.00000e+00  
146.2 8.0413e+01  14 1.00000e+00  
146.3 8.0502e+01  14 1.00000e+00  
146.4 8.0591e+01  14 1.00000e+00  
146.5 8.0680e+01  14 1.00000e+00  
146.6 8.0769e+01  14 1.00000e+00  
146.7 8.0858e+01  14 1.00000e+00  
146.8 8.0947e+01  14 1.00000e+00  
146.9 8.1037e+01  14 1.00000e+00  
147.0 8.1126e+01  14 1.00000e+00  
147.1 8.1215e+01  14 1.00000e+00  
147.2 8.1304e+01  14 1.00000e+00  
147.3 8.1393e+01  14 1.00000e+00  
147.4 8.1482e+01  14 1.00000e+00  
147.5 8.1571e+01  14 1.00000e+00  
147.6 7.7116e+01  14 1.00000e+00  
147.7 7.7203e+01  14 1.00000e+00  
147.8 7.7290e+01  14 1.00000e+00  
147.9 7.7377e+01  14 1.00000e+00  
148.0 7.7464e+01  14 1.00000e+00  
148.1 7.7551e+01  14 1.00000e+00  
148.2 7.7638e+01  14 1.00000e+00  
148.3 7.7725e+01  14 1.00000e+00  
148.4 7.7813e+01  14 1.00000e+00  
148.5 7.7900e+01  14 1.00000e+00  
148.6 7.7987e+01  14 1.00000e+00  
148.7 7.8074e+01  14 1.00000e+00  
148.8 7.8161e+01  14 1.00000e+00  
148.9 7.8248e+01  14 1.00000e+00  
149.0 7.8335e+01  14 1.00000e+00  
149.1 7.8422e+01  14 1.00000e+00  
149.2 7.8509e+01  14 1.00000e+00  
149.3 7.8596e+01  14 1.00000e+00  
149.4 7.8683e+01  14 1.00000e+00  
149.5 7.8770e+01  14 1.00000e+00  
149.6 7.8857e+01  14 1.00000e+00  
149.7 7.8944e+01  14 1.00000e+00  
149.8 7.9031e+01  14 1.00000e+00  
149.9 7.8313e+01  14 1.00000e+00  
150.0 7.8402e+01  14 1.00000e+00  
