 15.1 1.3532e+00  13 4.54378e-02  
 15.2 1.3606e+00  13 4.60718e-02  
 15.3 1.3681e+00  13 4.67033e-02  
 15.4 1.3756e+00  13 4.73326e-02  
 15.5 1.3830e+00  13 4.79594e-02  
 15.6 1.3905e+00  13 4.85832e-02  
 15.7 1.3979e+00  13 4.92052e-02  
 15.8 1.4054e+00  13 4.98243e-02  
 15.9 1.4128e+00  13 5.04421e-02  
 16.0 1.4202e+00  13 5.10541e-02  
 16.1 1.4277e+00  13 5.16515e-02  
 16.2 1.4351e+00  13 5.22625e-02  
 16.3 1.4425e+00  13 5.28725e-02  
 16.4 1.4499e+00  13 5.34809e-02  
 16.5 1.4574e+00  13 5.40889e-02  
 16.6 1.4730e+00  13 5.53654e-02  
 16.7 1.4806e+00  13 5.59866e-02  
 16.8 1.4882e+00  13 5.66083e-02  
 16.9 1.4958e+00  13 5.72046e-02  
 17.0 1.5034e+00  13 5.78231e-02  
 17.1 1.5110e+00  13 5.84436e-02  
 17.2 1.5186e+00  13 5.90647e-02  
 17.3 1.5261e+00  13 5.96869e-02  
 17.4 1.5337e+00  13 6.03099e-02  
 17.5 1.5413e+00  13 6.09347e-02  
 17.6 1.5489e+00  13 6.15609e-02  
 17.7 1.5565e+00  13 6.21586e-02  
 17.8 1.5641e+00  13 6.27864e-02  
 17.9 1.5717e+00  13 6.34153e-02  
 18.0 1.5793e+00  13 6.40476e-02  
 18.1 1.5869e+00  13 6.46819e-02  
 18.2 1.5944e+00  13 6.53186e-02  
 18.3 1.6020e+00  13 6.59555e-02  
 18.4 1.6096e+00  13 6.65661e-02  
 18.5 1.6172e+00  13 6.72098e-02  
 18.6 1.6247e+00  13 6.78570e-02  
 18.7 1.6323e+00  13 6.85075e-02  
 18.8 1.6399e+00  13 6.91630e-02  
 18.9 1.6474e+00  13 6.98213e-02  
 19.0 1.6550e+00  13 7.04450e-02  
 19.1 1.6625e+00  13 7.11098e-02  
 19.2 1.6701e+00  13 7.17790e-02  
 19.3 1.6776e+00  13 7.24537e-02  
 19.4 1.6852e+00  13 7.31339e-02  
 19.5 1.6933e+00  13 7.38439e-02  
 19.6 1.7047e+00  13 7.49965e-02  
 19.7 1.7161e+00  13 7.61659e-02  
 19.8 1.7277e+00  13 7.73539e-02  
 19.9 1.7393e+00  13 7.85602e-02  
 20.0 1.7510e+00  13 7.97383e-02  
 20.1 1.7627e+00  13 8.09787e-02  
 20.2 1.7746e+00  13 8.22371e-02  
 20.3 1.7865e+00  13 8.35181e-02  
 20.4 1.7985e+00  13 8.48199e-02  
 20.5 1.8105e+00  13 8.60864e-02  
 20.6 1.8226e+00  13 8.74256e-02  
 20.7 1.8348e+00  13 8.87860e-02  
 20.8 1.8471e+00  13 9.01715e-02  
 20.9 1.8570e+00  13 9.12996e-02  
 21.0 1.8693e+00  13 9.26556e-02  
 21.1 1.8814e+00  13 9.40565e-02  
 21.2 1.8939e+00  13 9.55158e-02  
 21.3 1.9064e+00  13 9.70005e-02  
 21.4 1.9190e+00  13 9.84889e-02  
 21.5 1.1807e+01  14 1.00000e+00  
 21.6 1.1786e+01  14 1.00000e+00  
 21.7 1.1764e+01  14 1.00000e+00  
 21.8 1.1740e+01  14 1.00000e+00  
 21.9 1.1724e+01  14 1.00000e+00  
 22.0 1.1699e+01  14 1.00000e+00  
 22.1 1.1673e+01  14 1.00000e+00  
 22.2 1.1645e+01  14 1.00000e+00  
 22.3 1.1622e+01  14 1.00000e+00  
 22.4 1.1597e+01  14 1.00000e+00  
 22.5 1.1557e+01  14 1.00000e+00  
 22.6 1.1525e+01  14 1.00000e+00  
 22.7 1.1492e+01  14 1.00000e+00  
 22.8 1.1468e+01  14 1.00000e+00  
 22.9 1.1434e+01  14 1.00000e+00  
 23.0 1.1399e+01  14 1.00000e+00  
 23.1 1.1363e+01  14 1.00000e+00  
 23.2 1.1336e+01  14 1.00000e+00  
 23.3 1.1299e+01  14 1.00000e+00  
 23.4 1.1261e+01  14 1.00000e+00  
 23.5 1.1223e+01  14 1.00000e+00  
 23.6 1.1183e+01  14 1.00000e+00  
 23.7 1.1153e+01  14 1.00000e+00  
 23.8 1.1112e+01  14 1.00000e+00  
 23.9 1.1071e+01  14 1.00000e+00  
 24.0 1.1028e+01  14 1.00000e+00  
 24.1 1.0997e+01  14 1.00000e+00  
 24.2 1.0955e+01  14 1.00000e+00  
 24.3 1.0912e+01  14 1.00000e+00  
 24.4 1.0868e+01  14 1.00000e+00  
 24.5 1.0824e+01  14 1.00000e+00  
 24.6 1.0779e+01  14 1.00000e+00  
 24.7 1.0745e+01  14 1.00000e+00  
 24.8 1.0699e+01  14 1.00000e+00  
 24.9 5.5059e+00  14 4.72253e-01  
 25.0 5.5420e+00  14 4.78261e-01  
 25.1 5.5777e+00  14 4.83658e-01  
 25.2 5.6127e+00  14 4.89570e-01  
 25.3 5.6470e+00  14 4.95496e-01  
 25.4 5.6808e+00  14 5.01433e-01  
 25.5 5.7139e+00  14 5.07382e-01  
 25.6 5.7464e+00  14 5.13375e-01  
 25.7 5.7777e+00  14 5.19748e-01  
 25.8 5.8070e+00  14 5.27109e-01  
 25.9 5.8348e+00  14 5.34730e-01  
 26.0 5.8468e+00  14 5.51646e-01  
 26.1 5.8597e+00  14 5.66314e-01  
 26.2 5.8759e+00  14 5.77666e-01  
 26.3 5.8858e+00  14 5.91533e-01  
 26.4 5.8945e+00  14 6.04940e-01  
 26.5 5.9229e+00  14 6.07224e-01  
 26.6 5.9544e+00  14 6.08174e-01  
 26.7 5.9868e+00  14 6.09041e-01  
 26.8 6.0199e+00  14 6.09963e-01  
 26.9 6.0535e+00  14 6.11026e-01  
 27.0 6.0874e+00  14 6.12252e-01  
 27.1 6.1219e+00  14 6.13545e-01  
 27.2 6.1570e+00  14 6.14870e-01  
 27.3 6.1943e+00  14 6.15812e-01  
 27.4 6.2306e+00  14 6.17315e-01  
 27.5 6.2524e+00  14 6.22815e-01  
 27.6 6.2778e+00  14 6.27258e-01  
 27.7 6.3024e+00  14 6.31800e-01  
 27.8 6.3309e+00  14 6.35366e-01  
 27.9 6.3687e+00  14 6.36869e-01  
 28.0 6.4035e+00  14 6.39196e-01  
 28.1 6.3526e+00  14 6.30531e-01  
 28.2 6.3407e+00  14 6.41719e-01  
 28.3 6.3523e+00  14 6.42254e-01  
 28.4 6.3725e+00  14 6.43187e-01  
 28.5 6.3844e+00  14 6.43743e-01  
 28.6 6.4026e+00  14 6.44592e-01  
 28.7 6.4224e+00  14 6.45526e-01  
 28.8 6.4360e+00  14 6.46168e-01  
 28.9 6.4520e+00  14 6.46928e-01  
 29.0 6.4600e+00  14 6.47312e-01  
 29.1 6.4838e+00  14 6.48450e-01  
 29.2 6.4970e+00  14 6.49090e-01  
 29.3 6.5088e+00  14 6.49658e-01  
 29.4 6.5286e+00  14 6.50620e-01  
 29.5 6.5497e+00  14 6.51652e-01  
 29.6 6.5684e+00  14 6.52569e-01  
 29.7 6.5850e+00  14 6.53386e-01  
 29.8 6.5969e+00  14 6.53970e-01  
 29.9 6.6139e+00  14 6.54814e-01  
 30.0 6.6286e+00  14 6.55543e-01  
 30.1 6.6453e+00  14 6.56378e-01  
 30.2 6.6692e+00  14 6.57576e-01  
 30.3 6.6835e+00  14 6.58294e-01  
 30.4 6.7012e+00  14 6.59188e-01  
 30.5 6.7255e+00  14 6.60416e-01  
 30.6 6.7320e+00  14 6.60743e-01  
 30.7 6.7612e+00  14 6.62229e-01  
 30.8 6.7764e+00  14 6.63008e-01  
 30.9 6.7955e+00  14 6.63983e-01  
 31.0 6.8078e+00  14 6.64615e-01  
 31.1 6.8213e+00  14 6.65311e-01  
 31.2 6.8408e+00  14 6.66314e-01  
 31.3 6.8660e+00  14 6.67619e-01  
 31.4 6.8824e+00  14 6.68473e-01  
 31.5 6.9068e+00  14 6.69741e-01  
 31.6 6.9232e+00  14 6.70597e-01  
 31.7 6.9322e+00  14 6.71066e-01  
 31.8 6.9511e+00  14 6.72057e-01  
 31.9 6.9694e+00  14 6.73015e-01  
 32.0 6.9893e+00  14 6.74061e-01  
 32.1 7.0066e+00  14 6.74974e-01  
 32.2 7.0224e+00  14 6.75805e-01  
 32.3 7.0387e+00  14 6.76667e-01  
 32.4 7.0567e+00  14 6.77619e-01  
 32.5 7.0858e+00  14 6.79162e-01  
 32.6 7.0970e+00  14 6.79760e-01  
 32.7 7.1143e+00  14 6.80680e-01  
 32.8 7.1400e+00  14 6.82053e-01  
 32.9 7.1513e+00  14 6.82655e-01  
 33.0 7.1805e+00  14 6.84215e-01  
 33.1 7.1965e+00  14 6.85071e-01  
 33.2 7.2086e+00  14 6.85722e-01  
 33.3 7.2289e+00  14 6.86811e-01  
 33.4 7.2527e+00  14 6.88090e-01  
 33.5 7.2662e+00  14 6.88814e-01  
 33.6 7.2818e+00  14 6.89655e-01  
 33.7 7.3116e+00  14 6.91264e-01  
 33.8 7.3267e+00  14 6.92080e-01  
 33.9 7.3553e+00  14 6.93629e-01  
 34.0 7.3644e+00  14 6.94121e-01  
 34.1 7.3937e+00  14 6.95712e-01  
 34.2 7.4127e+00  14 6.96748e-01  
 34.3 7.4380e+00  14 6.98122e-01  
 34.4 7.4443e+00  14 6.98465e-01  
 34.5 7.4729e+00  14 7.00024e-01  
 34.6 7.4959e+00  14 7.01276e-01  
 34.7 7.5188e+00  14 7.02526e-01  
 34.8 7.5400e+00  14 7.03684e-01  
 34.9 7.5627e+00  14 7.04926e-01  
 35.0 7.5712e+00  14 7.05393e-01  
 35.1 7.5955e+00  14 7.06721e-01  
 35.2 7.6181e+00  14 7.07961e-01  
 35.3 7.6292e+00  14 7.08567e-01  
 35.4 7.6495e+00  14 7.09681e-01  
 35.5 7.6789e+00  14 7.11294e-01  
 35.6 7.6970e+00  14 7.12288e-01  
 35.7 7.7139e+00  14 7.13219e-01  
 35.8 7.7377e+00  14 7.14525e-01  
 35.9 7.7630e+00  14 7.15920e-01  
 36.0 7.7789e+00  14 7.16791e-01  
 36.1 7.8022e+00  14 7.18074e-01  
 36.2 7.8215e+00  14 7.19138e-01  
 36.3 7.8400e+00  14 7.20158e-01  
 36.4 7.8523e+00  14 7.20836e-01  
 36.5 7.8793e+00  14 7.22327e-01  
 36.6 7.8941e+00  14 7.23145e-01  
 36.7 7.9231e+00  14 7.24744e-01  
 36.8 7.9410e+00  14 7.25735e-01  
 36.9 7.9560e+00  14 7.26567e-01  
 37.0 7.9821e+00  14 7.28007e-01  
 37.1 8.0044e+00  14 7.29241e-01  
 37.2 8.0360e+00  14 7.30987e-01  
 37.3 8.0521e+00  14 7.31882e-01  
 37.4 8.0694e+00  14 7.32840e-01  
 37.5 8.0987e+00  14 7.34459e-01  
 37.6 8.1181e+00  14 7.35535e-01  
 37.7 8.1277e+00  14 7.36063e-01  
 37.8 8.1424e+00  14 7.36877e-01  
 37.9 8.1712e+00  14 7.38474e-01  
 38.0 8.2006e+00  14 7.40105e-01  
 38.1 8.2284e+00  14 7.41640e-01  
 38.2 8.2322e+00  14 7.41854e-01  
 38.3 8.2650e+00  14 7.43669e-01  
 38.4 8.2847e+00  14 7.44762e-01  
 38.5 8.3024e+00  14 7.45744e-01  
 38.6 8.3201e+00  14 7.46723e-01  
 38.7 8.3412e+00  14 7.47891e-01  
 38.8 8.3640e+00  14 7.49157e-01  
 38.9 8.3808e+00  14 7.50088e-01  
 39.0 8.4112e+00  14 7.51768e-01  
 39.1 8.4411e+00  14 7.53425e-01  
 39.2 8.4622e+00  14 7.54597e-01  
 39.3 8.4859e+00  14 7.55906e-01  
 39.4 8.5113e+00  14 7.57314e-01  
 39.5 8.5295e+00  14 7.58327e-01  
 39.6 8.5548e+00  14 7.59727e-01  
 39.7 8.5811e+00  14 7.61184e-01  
 39.8 8.5950e+00  14 7.61955e-01  
 39.9 8.6093e+00  14 7.62747e-01  
 40.0 8.6450e+00  14 7.64724e-01  
 40.1 8.6580e+00  14 7.65444e-01  
 40.2 8.6892e+00  14 7.67174e-01  
 40.3 8.7167e+00  14 7.68697e-01  
 40.4 8.7345e+00  14 7.69682e-01  
 40.5 8.7474e+00  14 7.70394e-01  
 40.6 8.7773e+00  14 7.72048e-01  
 40.7 8.7987e+00  14 7.73232e-01  
 40.8 8.8242e+00  14 7.74641e-01  
 40.9 8.8542e+00  14 7.76305e-01  
 41.0 8.8768e+00  14 7.77551e-01  
 41.1 8.8968e+00  14 7.78657e-01  
 41.2 8.9147e+00  14 7.79643e-01  
 41.3 8.9424e+00  14 7.81174e-01  
 41.4 8.9648e+00  14 7.82413e-01  
 41.5 8.9764e+00  14 7.83051e-01  
 41.6 8.9975e+00  14 7.84217e-01  
 41.7 9.0226e+00  14 7.85601e-01  
 41.8 9.0517e+00  14 7.87210e-01  
 41.9 9.0721e+00  14 7.88330e-01  
 42.0 9.0806e+00  14 7.88800e-01  
 42.1 9.1294e+00  14 7.91493e-01  
 42.2 9.1470e+00  14 7.92458e-01  
 42.3 9.1663e+00  14 7.93524e-01  
 42.4 9.1920e+00  14 7.94936e-01  
 42.5 9.2092e+00  14 7.95882e-01  
 42.6 9.2092e+00  14 7.95885e-01  
 42.7 9.1276e+00  14 7.91390e-01  
 42.8 9.0053e+00  14 7.84648e-01  
 42.9 8.8945e+00  14 7.78530e-01  
 43.0 8.8405e+00  14 7.75542e-01  
 43.1 8.8336e+00  14 7.75165e-01  
 43.2 8.7943e+00  14 7.72992e-01  
 43.3 8.7798e+00  14 7.72188e-01  
 43.4 8.7510e+00  14 7.70591e-01  
 43.5 8.7265e+00  14 7.69237e-01  
 43.6 8.6460e+00  14 7.64782e-01  
 43.7 8.6043e+00  14 7.62473e-01  
 43.8 8.5515e+00  14 7.59544e-01  
 43.9 8.4769e+00  14 7.55411e-01  
 44.0 8.4172e+00  14 7.52101e-01  
 44.1 8.3954e+00  14 7.50892e-01  
 44.2 8.3931e+00  14 7.50768e-01  
 44.3 8.3562e+00  14 7.48723e-01  
 44.4 8.3533e+00  14 7.48564e-01  
 44.5 8.3291e+00  14 7.47220e-01  
 44.6 8.3262e+00  14 7.47059e-01  
 44.7 8.2784e+00  14 7.44413e-01  
 44.8 8.2124e+00  14 7.40756e-01  
 44.9 8.1855e+00  14 7.39268e-01  
 45.0 8.1458e+00  14 7.37069e-01  
 45.1 8.0976e+00  14 7.34399e-01  
 45.2 8.0901e+00  14 7.33981e-01  
 45.3 8.0310e+00  14 7.30713e-01  
 45.4 8.0273e+00  14 7.30507e-01  
 45.5 8.0107e+00  14 7.29589e-01  
 45.6 8.0155e+00  14 7.29852e-01  
 45.7 7.9963e+00  14 7.28793e-01  
 45.8 7.9651e+00  14 7.27069e-01  
 45.9 7.9686e+00  14 7.27259e-01  
 46.0 7.9420e+00  14 7.25793e-01  
 46.1 7.9384e+00  14 7.25592e-01  
 46.2 7.8776e+00  14 7.22232e-01  
 46.3 7.8962e+00  14 7.23259e-01  
 46.4 7.8909e+00  14 7.22967e-01  
 46.5 7.9444e+00  14 7.25922e-01  
 46.6 8.0079e+00  14 7.29435e-01  
 46.7 8.0295e+00  14 7.30628e-01  
 46.8 8.0628e+00  14 7.32475e-01  
 46.9 8.0878e+00  14 7.33855e-01  
 47.0 8.1133e+00  14 7.35270e-01  
 47.1 8.1351e+00  14 7.36475e-01  
 47.2 8.1640e+00  14 7.38077e-01  
 47.3 8.1800e+00  14 7.38963e-01  
 47.4 8.2103e+00  14 7.40642e-01  
 47.5 8.2837e+00  14 7.44708e-01  
 47.6 8.3408e+00  14 7.47872e-01  
 47.7 8.3799e+00  14 7.50037e-01  
 47.8 8.4243e+00  14 7.52498e-01  
 47.9 8.4629e+00  14 7.54632e-01  
 48.0 8.5322e+00  14 7.58473e-01  
 48.1 8.5619e+00  14 7.60123e-01  
 48.2 8.5828e+00  14 7.61282e-01  
 48.3 8.6206e+00  14 7.63372e-01  
 48.4 8.6489e+00  14 7.64943e-01  
 48.5 8.6746e+00  14 7.66366e-01  
 48.6 8.6901e+00  14 7.67223e-01  
 48.7 8.7208e+00  14 7.68923e-01  
 48.8 8.7576e+00  14 7.70957e-01  
 48.9 8.8309e+00  14 7.75013e-01  
 49.0 8.8865e+00  14 7.78089e-01  
 49.1 8.9314e+00  14 7.80569e-01  
 49.2 8.9825e+00  14 7.83389e-01  
 49.3 9.0294e+00  14 7.85977e-01  
 49.4 9.0648e+00  14 7.87929e-01  
 49.5 9.1187e+00  14 7.90898e-01  
 49.6 9.1839e+00  14 7.94489e-01  
 49.7 9.2069e+00  14 7.95758e-01  
 49.8 9.2378e+00  14 7.97457e-01  
 49.9 9.2695e+00  14 7.99201e-01  
 50.0 9.2930e+00  14 8.00490e-01  
 50.1 9.3266e+00  14 8.02337e-01  
 50.2 9.3541e+00  14 8.03853e-01  
 50.3 9.3953e+00  14 8.06113e-01  
 50.4 9.4463e+00  14 8.08911e-01  
 50.5 9.5101e+00  14 8.12409e-01  
 50.6 9.5834e+00  14 8.16419e-01  
 50.7 9.6353e+00  14 8.19258e-01  
 50.8 9.6740e+00  14 8.21369e-01  
 50.9 9.7243e+00  14 8.24118e-01  
 51.0 9.7839e+00  14 8.27366e-01  
 51.1 9.8217e+00  14 8.29424e-01  
 51.2 9.8620e+00  14 8.31617e-01  
 51.3 9.8960e+00  14 8.33467e-01  
 51.4 9.9356e+00  14 8.35617e-01  
 51.5 9.9754e+00  14 8.37780e-01  
 51.6 1.0008e+01  14 8.39537e-01  
 51.7 1.0036e+01  14 8.41080e-01  
 51.8 1.0079e+01  14 8.43401e-01  
 51.9 1.0119e+01  14 8.45569e-01  
 52.0 1.0204e+01  14 8.50160e-01  
 52.1 1.0258e+01  14 8.53092e-01  
 52.2 1.0319e+01  14 8.56354e-01  
 52.3 1.0378e+01  14 8.59548e-01  
 52.4 1.0433e+01  14 8.62512e-01  
 52.5 1.0473e+01  14 8.64620e-01  
 52.6 1.0515e+01  14 8.66896e-01  
 52.7 1.0603e+01  14 8.71618e-01  
 52.8 1.0651e+01  14 8.74199e-01  
 52.9 1.0685e+01  14 8.76012e-01  
 53.0 1.0706e+01  14 8.77112e-01  
 53.1 1.0755e+01  14 8.79737e-01  
 53.2 1.0789e+01  14 8.81571e-01  
 53.3 1.0812e+01  14 8.82753e-01  
 53.4 1.0853e+01  14 8.84950e-01  
 53.5 1.0928e+01  14 8.88925e-01  
 53.6 1.0982e+01  14 8.91798e-01  
 53.7 1.1069e+01  14 8.96394e-01  
 53.8 1.1130e+01  14 8.99655e-01  
 53.9 1.1190e+01  14 9.02817e-01  
 54.0 1.1247e+01  14 9.05841e-01  
 54.1 1.1297e+01  14 9.08432e-01  
 54.2 1.1348e+01  14 9.11157e-01  
 54.3 1.1428e+01  14 9.15365e-01  
 54.4 1.1474e+01  14 9.17766e-01  
 54.5 1.1519e+01  14 9.20131e-01  
 54.6 1.1539e+01  14 9.21163e-01  
 54.7 1.1596e+01  14 9.24120e-01  
 54.8 1.1630e+01  14 9.25890e-01  
 54.9 1.1672e+01  14 9.28104e-01  
 55.0 1.1707e+01  14 9.29927e-01  
 55.1 1.1778e+01  14 9.33643e-01  
 55.2 1.1832e+01  14 9.36442e-01  
 55.3 1.1896e+01  14 9.39782e-01  
 55.4 1.1991e+01  14 9.44689e-01  
 55.5 1.2060e+01  14 9.48227e-01  
 55.6 1.2123e+01  14 9.51476e-01  
 55.7 1.2168e+01  14 9.53810e-01  
 55.8 1.2218e+01  14 9.56411e-01  
 55.9 1.2281e+01  14 9.59617e-01  
 56.0 1.2369e+01  14 9.64161e-01  
 56.1 1.2417e+01  14 9.66618e-01  
 56.2 1.2467e+01  14 9.69153e-01  
 56.3 1.2490e+01  14 9.70332e-01  
 56.4 1.2553e+01  14 9.73532e-01  
 56.5 1.2594e+01  14 9.75619e-01  
 56.6 1.2613e+01  14 9.76626e-01  
 56.7 1.2649e+01  14 9.78437e-01  
 56.8 1.2728e+01  14 9.82471e-01  
 56.9 1.2821e+01  14 9.87172e-01  
 57.0 1.2873e+01  14 9.89808e-01  
 57.1 1.2974e+01  14 9.94934e-01  
 57.2 1.3048e+01  14 9.98673e-01  
 57.3 1.3091e+01  14 1.00000e+00  
 57.4 1.3114e+01  14 1.00000e+00  
 57.5 1.3138e+01  14 1.00000e+00  
 57.6 1.3162e+01  14 1.00000e+00  
 57.7 1.3174e+01  14 1.00000e+00  
 57.8 1.3220e+01  14 1.00000e+00  
 57.9 1.3239e+01  14 1.00000e+00  
 58.0 1.3259e+01  14 1.00000e+00  
 58.1 1.3275e+01  14 1.00000e+00  
 58.2 1.3286e+01  14 1.00000e+00  
 58.3 1.3299e+01  14 1.00000e+00  
 58.4 1.3323e+01  14 1.00000e+00  
 58.5 1.3336e+01  14 1.00000e+00  
 58.6 1.3369e+01  14 1.00000e+00  
 58.7 1.3399e+01  14 1.00000e+00  
 58.8 1.3417e+01  14 1.00000e+00  
 58.9 1.3441e+01  14 1.00000e+00  
 59.0 1.3483e+01  14 1.00000e+00  
 59.1 1.3515e+01  14 1.00000e+00  
 59.2 1.3540e+01  14 1.00000e+00  
 59.3 1.3563e+01  14 1.00000e+00  
 59.4 1.3582e+01  14 1.00000e+00  
 59.5 1.3605e+01  14 1.00000e+00  
 59.6 1.3647e+01  14 1.00000e+00  
 59.7 1.3660e+01  14 1.00000e+00  
 59.8 1.3684e+01  14 1.00000e+00  
 59.9 1.3693e+01  14 1.00000e+00  
 60.0 1.3718e+01  14 1.00000e+00  
 60.1 1.3735e+01  14 1.00000e+00  
 60.2 1.3743e+01  14 1.00000e+00  
 60.3 1.3768e+01  14 1.00000e+00  
 60.4 1.3792e+01  14 1.00000e+00  
 60.5 1.3825e+01  14 1.00000e+00  
 60.6 1.3852e+01  14 1.00000e+00  
 60.7 1.3877e+01  14 1.00000e+00  
 60.8 1.3909e+01  14 1.00000e+00  
 60.9 1.3930e+01  14 1.00000e+00  
 61.0 1.3962e+01  14 1.00000e+00  
 61.1 1.3992e+01  14 1.00000e+00  
 61.2 1.4006e+01  14 1.00000e+00  
 61.3 1.4040e+01  14 1.00000e+00  
 61.4 1.4060e+01  14 1.00000e+00  
 61.5 1.4081e+01  14 1.00000e+00  
 61.6 1.4116e+01  14 1.00000e+00  
 61.7 1.4139e+01  14 1.00000e+00  
 61.8 1.4154e+01  14 1.00000e+00  
 61.9 1.4171e+01  14 1.00000e+00  
 62.0 1.4186e+01  14 1.00000e+00  
 62.1 1.4205e+01  14 1.00000e+00  
 62.2 1.4226e+01  14 1.00000e+00  
 62.3 1.4244e+01  14 1.00000e+00  
 62.4 1.4273e+01  14 1.00000e+00  
 62.5 1.4297e+01  14 1.00000e+00  
 62.6 1.4332e+01  14 1.00000e+00  
 62.7 1.4357e+01  14 1.00000e+00  
 62.8 1.4391e+01  14 1.00000e+00  
 62.9 1.4411e+01  14 1.00000e+00  
 63.0 1.4446e+01  14 1.00000e+00  
 63.1 1.4470e+01  14 1.00000e+00  
 63.2 1.4491e+01  14 1.00000e+00  
 63.3 1.4518e+01  14 1.00000e+00  
 63.4 1.4539e+01  14 1.00000e+00  
 63.5 1.4560e+01  14 1.00000e+00  
 63.6 1.4593e+01  14 1.00000e+00  
 63.7 1.4622e+01  14 1.00000e+00  
 63.8 1.4634e+01  14 1.00000e+00  
 63.9 1.4645e+01  14 1.00000e+00  
 64.0 1.4660e+01  14 1.00000e+00  
 64.1 1.4684e+01  14 1.00000e+00  
 64.2 1.4705e+01  14 1.00000e+00  
 64.3 1.4721e+01  14 1.00000e+00  
 64.4 1.4759e+01  14 1.00000e+00  
 64.5 1.4782e+01  14 1.00000e+00  
 64.6 1.4807e+01  14 1.00000e+00  
 64.7 1.4842e+01  14 1.00000e+00  
 64.8 1.4866e+01  14 1.00000e+00  
 64.9 1.4900e+01  14 1.00000e+00  
 65.0 1.4930e+01  14 1.00000e+00  
 65.1 1.4955e+01  14 1.00000e+00  
 65.2 1.4983e+01  14 1.00000e+00  
 65.3 1.5006e+01  14 1.00000e+00  
 65.4 1.5028e+01  14 1.00000e+00  
 65.5 1.5042e+01  14 1.00000e+00  
 65.6 1.5065e+01  14 1.00000e+00  
 65.7 1.5104e+01  14 1.00000e+00  
 65.8 1.5129e+01  14 1.00000e+00  
 65.9 1.5140e+01  14 1.00000e+00  
 66.0 1.5159e+01  14 1.00000e+00  
 66.1 1.5176e+01  14 1.00000e+00  
 66.2 1.5188e+01  14 1.00000e+00  
 66.3 1.5211e+01  14 1.00000e+00  
 66.4 1.5235e+01  14 1.00000e+00  
 66.5 1.5265e+01  14 1.00000e+00  
 66.6 1.5298e+01  14 1.00000e+00  
 66.7 1.5327e+01  14 1.00000e+00  
 66.8 1.5348e+01  14 1.00000e+00  
 66.9 1.5374e+01  14 1.00000e+00  
 67.0 1.5409e+01  14 1.00000e+00  
 67.1 1.5440e+01  14 1.00000e+00  
 67.2 1.5468e+01  14 1.00000e+00  
 67.3 1.5486e+01  14 1.00000e+00  
 67.4 1.5514e+01  14 1.00000e+00  
 67.5 1.5541e+01  14 1.00000e+00  
 67.6 1.5563e+01  14 1.00000e+00  
 67.7 1.5584e+01  14 1.00000e+00  
 67.8 1.5605e+01  14 1.00000e+00  
 67.9 1.5636e+01  14 1.00000e+00  
 68.0 1.5667e+01  14 1.00000e+00  
 68.1 1.5682e+01  14 1.00000e+00  
 68.2 1.5700e+01  14 1.00000e+00  
 68.3 1.5708e+01  14 1.00000e+00  
 68.4 1.5735e+01  14 1.00000e+00  
 68.5 1.5742e+01  14 1.00000e+00  
 68.6 1.5777e+01  14 1.00000e+00  
 68.7 1.5810e+01  14 1.00000e+00  
 68.8 1.5834e+01  14 1.00000e+00  
 68.9 1.5859e+01  14 1.00000e+00  
 69.0 1.5898e+01  14 1.00000e+00  
 69.1 1.5919e+01  14 1.00000e+00  
 69.2 1.5948e+01  14 1.00000e+00  
 69.3 1.5981e+01  14 1.00000e+00  
 69.4 1.6013e+01  14 1.00000e+00  
 69.5 1.6038e+01  14 1.00000e+00  
 69.6 1.6063e+01  14 1.00000e+00  
 69.7 1.6088e+01  14 1.00000e+00  
 69.8 1.6103e+01  14 1.00000e+00  
 69.9 1.6123e+01  14 1.00000e+00  
 70.0 1.6145e+01  14 1.00000e+00  
 70.1 1.6163e+01  14 1.00000e+00  
 70.2 1.6213e+01  14 1.00000e+00  
 70.3 1.6232e+01  14 1.00000e+00  
 70.4 1.6249e+01  14 1.00000e+00  
 70.5 1.6261e+01  14 1.00000e+00  
 70.6 1.6285e+01  14 1.00000e+00  
 70.7 1.6292e+01  14 1.00000e+00  
 70.8 1.6320e+01  14 1.00000e+00  
 70.9 1.6351e+01  14 1.00000e+00  
 71.0 1.6382e+01  14 1.00000e+00  
 71.1 1.6415e+01  14 1.00000e+00  
 71.2 1.6445e+01  14 1.00000e+00  
 71.3 1.6467e+01  14 1.00000e+00  
 71.4 1.6498e+01  14 1.00000e+00  
 71.5 1.6522e+01  14 1.00000e+00  
 71.6 1.6558e+01  14 1.00000e+00  
 71.7 1.6589e+01  14 1.00000e+00  
 71.8 1.6617e+01  14 1.00000e+00  
 71.9 1.6645e+01  14 1.00000e+00  
 72.0 1.6669e+01  14 1.00000e+00  
 72.1 1.6681e+01  14 1.00000e+00  
 72.2 1.6705e+01  14 1.00000e+00  
 72.3 1.6725e+01  14 1.00000e+00  
 72.4 1.6744e+01  14 1.00000e+00  
 72.5 1.6764e+01  14 1.00000e+00  
 72.6 1.6800e+01  14 1.00000e+00  
 72.7 1.6832e+01  14 1.00000e+00  
 72.8 1.6847e+01  14 1.00000e+00  
 72.9 1.6864e+01  14 1.00000e+00  
 73.0 1.6883e+01  14 1.00000e+00  
 73.1 1.6899e+01  14 1.00000e+00  
 73.2 1.6910e+01  14 1.00000e+00  
 73.3 1.6944e+01  14 1.00000e+00  
 73.4 1.6975e+01  14 1.00000e+00  
 73.5 1.7002e+01  14 1.00000e+00  
 73.6 1.7027e+01  14 1.00000e+00  
 73.7 1.7062e+01  14 1.00000e+00  
 73.8 1.7079e+01  14 1.00000e+00  
 73.9 1.7103e+01  14 1.00000e+00  
 74.0 1.7135e+01  14 1.00000e+00  
 74.1 1.7175e+01  14 1.00000e+00  
 74.2 1.7203e+01  14 1.00000e+00  
 74.3 1.7205e+01  14 1.00000e+00  
 74.4 1.7229e+01  14 1.00000e+00  
 74.5 1.7275e+01  14 1.00000e+00  
 74.6 1.7297e+01  14 1.00000e+00  
 74.7 1.7315e+01  14 1.00000e+00  
 74.8 1.7335e+01  14 1.00000e+00  
 74.9 1.7354e+01  14 1.00000e+00  
 75.0 1.7374e+01  14 1.00000e+00  
 75.1 1.7412e+01  14 1.00000e+00  
 75.2 1.7432e+01  14 1.00000e+00  
 75.3 1.7446e+01  14 1.00000e+00  
 75.4 1.7468e+01  14 1.00000e+00  
 75.5 1.7485e+01  14 1.00000e+00  
 75.6 1.7496e+01  14 1.00000e+00  
 75.7 1.7513e+01  14 1.00000e+00  
 75.8 1.7553e+01  14 1.00000e+00  
 75.9 1.7576e+01  14 1.00000e+00  
 76.0 1.7615e+01  14 1.00000e+00  
 76.1 1.7642e+01  14 1.00000e+00  
 76.2 1.7664e+01  14 1.00000e+00  
 76.3 1.7700e+01  14 1.00000e+00  
 76.4 1.7726e+01  14 1.00000e+00  
 76.5 1.7749e+01  14 1.00000e+00  
 76.6 1.7786e+01  14 1.00000e+00  
 76.7 1.7815e+01  14 1.00000e+00  
 76.8 1.7814e+01  14 1.00000e+00  
 76.9 1.7841e+01  14 1.00000e+00  
 77.0 1.7863e+01  14 1.00000e+00  
 77.1 1.7914e+01  14 1.00000e+00  
 77.2 1.7935e+01  14 1.00000e+00  
 77.3 1.7948e+01  14 1.00000e+00  
 77.4 1.7967e+01  14 1.00000e+00  
 77.5 1.7987e+01  14 1.00000e+00  
 77.6 1.8014e+01  14 1.00000e+00  
 77.7 1.8051e+01  14 1.00000e+00  
 77.8 1.8065e+01  14 1.00000e+00  
 77.9 1.8075e+01  14 1.00000e+00  
 78.0 1.8101e+01  14 1.00000e+00  
 78.1 1.8116e+01  14 1.00000e+00  
 78.2 1.8130e+01  14 1.00000e+00  
 78.3 1.8144e+01  14 1.00000e+00  
 78.4 1.8185e+01  14 1.00000e+00  
 78.5 1.8210e+01  14 1.00000e+00  
 78.6 1.8248e+01  14 1.00000e+00  
 78.7 1.8277e+01  14 1.00000e+00  
 78.8 1.8301e+01  14 1.00000e+00  
 78.9 1.8335e+01  14 1.00000e+00  
 79.0 1.8354e+01  14 1.00000e+00  
 79.1 1.8380e+01  14 1.00000e+00  
 79.2 1.8409e+01  14 1.00000e+00  
 79.3 1.8443e+01  14 1.00000e+00  
 79.4 1.8443e+01  14 1.00000e+00  
 79.5 1.8473e+01  14 1.00000e+00  
 79.6 1.8498e+01  14 1.00000e+00  
 79.7 1.8519e+01  14 1.00000e+00  
 79.8 1.8548e+01  14 1.00000e+00  
 79.9 1.8596e+01  14 1.00000e+00  
 80.0 1.8613e+01  14 1.00000e+00  
 80.1 1.8629e+01  14 1.00000e+00  
 80.2 1.8651e+01  14 1.00000e+00  
 80.3 1.8664e+01  14 1.00000e+00  
 80.4 1.8698e+01  14 1.00000e+00  
 80.5 1.8726e+01  14 1.00000e+00  
 80.6 1.8749e+01  14 1.00000e+00  
 80.7 1.8765e+01  14 1.00000e+00  
 80.8 1.8774e+01  14 1.00000e+00  
 80.9 1.8805e+01  14 1.00000e+00  
 81.0 1.8823e+01  14 1.00000e+00  
 81.1 1.8847e+01  14 1.00000e+00  
 81.2 1.8885e+01  14 1.00000e+00  
 81.3 1.8910e+01  14 1.00000e+00  
 81.4 1.8942e+01  14 1.00000e+00  
 81.5 1.8971e+01  14 1.00000e+00  
 81.6 1.9002e+01  14 1.00000e+00  
 81.7 1.9036e+01  14 1.00000e+00  
 81.8 1.9063e+01  14 1.00000e+00  
 81.9 1.9087e+01  14 1.00000e+00  
 82.0 1.9106e+01  14 1.00000e+00  
 82.1 1.9115e+01  14 1.00000e+00  
 82.2 1.9143e+01  14 1.00000e+00  
 82.3 1.9169e+01  14 1.00000e+00  
 82.4 1.9194e+01  14 1.00000e+00  
 82.5 1.9217e+01  14 1.00000e+00  
 82.6 1.9247e+01  14 1.00000e+00  
 82.7 1.9297e+01  14 1.00000e+00  
 82.8 1.9311e+01  14 1.00000e+00  
 82.9 1.9326e+01  14 1.00000e+00  
 83.0 1.9339e+01  14 1.00000e+00  
 83.1 1.9361e+01  14 1.00000e+00  
 83.2 1.9385e+01  14 1.00000e+00  
 83.3 1.9436e+01  14 1.00000e+00  
 83.4 1.9440e+01  14 1.00000e+00  
 83.5 1.9466e+01  14 1.00000e+00  
 83.6 1.9486e+01  14 1.00000e+00  
 83.7 1.9504e+01  14 1.00000e+00  
 83.8 1.9521e+01  14 1.00000e+00  
 83.9 1.9542e+01  14 1.00000e+00  
 84.0 1.9567e+01  14 1.00000e+00  
 84.1 1.9610e+01  14 1.00000e+00  
 84.2 1.9642e+01  14 1.00000e+00  
 84.3 1.9673e+01  14 1.00000e+00  
 84.4 1.9705e+01  14 1.00000e+00  
 84.5 1.9736e+01  14 1.00000e+00  
 84.6 1.9757e+01  14 1.00000e+00  
 84.7 1.9791e+01  14 1.00000e+00  
 84.8 1.9817e+01  14 1.00000e+00  
 84.9 1.9832e+01  14 1.00000e+00  
 85.0 1.9865e+01  14 1.00000e+00  
 85.1 1.9869e+01  14 1.00000e+00  
 85.2 1.9895e+01  14 1.00000e+00  
 85.3 1.9921e+01  14 1.00000e+00  
 85.4 1.9946e+01  14 1.00000e+00  
 85.5 1.9970e+01  14 1.00000e+00  
 85.6 1.9991e+01  14 1.00000e+00  
 85.7 2.0018e+01  14 1.00000e+00  
 85.8 2.0061e+01  14 1.00000e+00  
 85.9 2.0076e+01  14 1.00000e+00  
 86.0 2.0097e+01  14 1.00000e+00  
 86.1 2.0118e+01  14 1.00000e+00  
 86.2 2.0143e+01  14 1.00000e+00  
 86.3 2.0179e+01  14 1.00000e+00  
 86.4 2.0204e+01  14 1.00000e+00  
 86.5 2.0221e+01  14 1.00000e+00  
 86.6 2.0240e+01  14 1.00000e+00  
 86.7 2.0257e+01  14 1.00000e+00  
 86.8 2.0275e+01  14 1.00000e+00  
 86.9 2.0293e+01  14 1.00000e+00  
 87.0 2.0339e+01  14 1.00000e+00  
 87.1 2.0372e+01  14 1.00000e+00  
 87.2 2.0395e+01  14 1.00000e+00  
 87.3 2.0426e+01  14 1.00000e+00  
 87.4 2.0459e+01  14 1.00000e+00  
 87.5 2.0504e+01  14 1.00000e+00  
 87.6 2.0534e+01  14 1.00000e+00  
 87.7 2.0518e+01  14 1.00000e+00  
 87.8 2.0538e+01  14 1.00000e+00  
 87.9 2.0570e+01  14 1.00000e+00  
 88.0 2.0590e+01  14 1.00000e+00  
 88.1 2.0644e+01  14 1.00000e+00  
 88.2 2.0656e+01  14 1.00000e+00  
 88.3 2.0681e+01  14 1.00000e+00  
 88.4 2.0707e+01  14 1.00000e+00  
 88.5 2.0733e+01  14 1.00000e+00  
 88.6 2.0758e+01  14 1.00000e+00  
 88.7 2.0780e+01  14 1.00000e+00  
 88.8 2.0792e+01  14 1.00000e+00  
 88.9 2.0848e+01  14 1.00000e+00  
 89.0 2.0871e+01  14 1.00000e+00  
 89.1 2.0891e+01  14 1.00000e+00  
 89.2 2.0913e+01  14 1.00000e+00  
 89.3 2.0936e+01  14 1.00000e+00  
 89.4 2.0979e+01  14 1.00000e+00  
 89.5 2.1001e+01  14 1.00000e+00  
 89.6 2.1010e+01  14 1.00000e+00  
 89.7 2.1027e+01  14 1.00000e+00  
 89.8 2.1048e+01  14 1.00000e+00  
 89.9 2.1067e+01  14 1.00000e+00  
 90.0 2.1088e+01  14 1.00000e+00  
 90.1 2.1123e+01  14 1.00000e+00  
 90.2 2.1158e+01  14 1.00000e+00  
 90.3 2.1178e+01  14 1.00000e+00  
 90.4 2.1214e+01  14 1.00000e+00  
 90.5 2.1253e+01  14 1.00000e+00  
 90.6 2.1288e+01  14 1.00000e+00  
 90.7 2.1319e+01  14 1.00000e+00  
 90.8 2.1308e+01  14 1.00000e+00  
 90.9 2.1344e+01  14 1.00000e+00  
 91.0 2.1370e+01  14 1.00000e+00  
 91.1 2.1395e+01  14 1.00000e+00  
 91.2 2.1415e+01  14 1.00000e+00  
 91.3 2.1437e+01  14 1.00000e+00  
 91.4 2.1474e+01  14 1.00000e+00  
 91.5 2.1418e+01  14 1.00000e+00  
 91.6 2.1446e+01  14 1.00000e+00  
 91.7 2.1474e+01  14 1.00000e+00  
 91.8 2.1489e+01  14 1.00000e+00  
 91.9 2.1432e+01  14 1.00000e+00  
 92.0 2.1472e+01  14 1.00000e+00  
 92.1 2.1482e+01  14 1.00000e+00  
 92.2 1.9674e+01  14 1.00000e+00  
 92.3 1.9702e+01  14 1.00000e+00  
 92.4 1.9704e+01  14 1.00000e+00  
 92.5 1.9717e+01  14 1.00000e+00  
 92.6 2.1783e+01  14 1.00000e+00  
 92.7 2.1839e+01  14 1.00000e+00  
 92.8 2.1849e+01  14 1.00000e+00  
 92.9 2.1856e+01  14 1.00000e+00  
 93.0 2.1875e+01  14 1.00000e+00  
 93.1 2.1901e+01  14 1.00000e+00  
 93.2 2.1922e+01  14 1.00000e+00  
 93.3 2.1945e+01  14 1.00000e+00  
 93.4 2.1976e+01  14 1.00000e+00  
 93.5 2.2011e+01  14 1.00000e+00  
 93.6 2.2032e+01  14 1.00000e+00  
 93.7 2.2065e+01  14 1.00000e+00  
 93.8 2.2103e+01  14 1.00000e+00  
 93.9 2.2147e+01  14 1.00000e+00  
 94.0 2.2148e+01  14 1.00000e+00  
 94.1 2.2169e+01  14 1.00000e+00  
 94.2 2.2204e+01  14 1.00000e+00  
 94.3 2.2232e+01  14 1.00000e+00  
 94.4 2.2259e+01  14 1.00000e+00  
 94.5 2.2285e+01  14 1.00000e+00  
 94.6 2.2310e+01  14 1.00000e+00  
 94.7 2.2332e+01  14 1.00000e+00  
 94.8 2.2352e+01  14 1.00000e+00  
 94.9 2.2384e+01  14 1.00000e+00  
 95.0 2.2336e+01  14 1.00000e+00  
 95.1 2.2344e+01  14 1.00000e+00  
 95.2 2.2379e+01  14 1.00000e+00  
 95.3 2.2403e+01  14 1.00000e+00  
 95.4 2.2146e+01  14 1.00000e+00  
 95.5 2.2163e+01  14 1.00000e+00  
 95.6 2.2144e+01  14 1.00000e+00  
 95.7 2.2156e+01  14 1.00000e+00  
 95.8 2.2132e+01  14 1.00000e+00  
 95.9 2.1898e+01  14 1.00000e+00  
 96.0 2.1899e+01  14 1.00000e+00  
 96.1 2.1923e+01  14 1.00000e+00  
 96.2 2.1942e+01  14 1.00000e+00  
 96.3 2.1901e+01  14 1.00000e+00  
 96.4 2.0529e+01  14 1.00000e+00  
 96.5 2.0541e+01  14 1.00000e+00  
 96.6 2.0555e+01  14 1.00000e+00  
 96.7 2.0570e+01  14 1.00000e+00  
 96.8 2.0577e+01  14 1.00000e+00  
 96.9 2.0586e+01  14 1.00000e+00  
 97.0 2.0637e+01  14 1.00000e+00  
 97.1 2.0539e+01  14 1.00000e+00  
 97.2 2.0547e+01  14 1.00000e+00  
 97.3 2.0554e+01  14 1.00000e+00  
 97.4 2.0568e+01  14 1.00000e+00  
 97.5 2.0574e+01  14 1.00000e+00  
 97.6 2.3092e+01  14 1.00000e+00  
 97.7 2.3124e+01  14 1.00000e+00  
 97.8 2.3152e+01  14 1.00000e+00  
 97.9 2.3179e+01  14 1.00000e+00  
 98.0 2.3206e+01  14 1.00000e+00  
 98.1 2.3233e+01  14 1.00000e+00  
 98.2 2.3259e+01  14 1.00000e+00  
 98.3 2.3284e+01  14 1.00000e+00  
 98.4 2.3312e+01  14 1.00000e+00  
 98.5 2.3338e+01  14 1.00000e+00  
 98.6 2.3278e+01  14 1.00000e+00  
 98.7 2.3106e+01  14 1.00000e+00  
 98.8 2.3119e+01  14 1.00000e+00  
 98.9 2.3055e+01  14 1.00000e+00  
 99.0 2.3043e+01  14 1.00000e+00  
 99.1 2.3059e+01  14 1.00000e+00  
 99.2 2.2847e+01  14 1.00000e+00  
 99.3 2.2807e+01  14 1.00000e+00  
 99.4 2.2796e+01  14 1.00000e+00  
 99.5 2.2808e+01  14 1.00000e+00  
 99.6 2.2811e+01  14 1.00000e+00  
 99.7 2.2648e+01  14 1.00000e+00  
 99.8 2.2547e+01  14 1.00000e+00  
 99.9 2.2558e+01  14 1.00000e+00  
100.0 2.2573e+01  14 1.00000e+00  
100.1 2.2627e+01  14 1.00000e+00  
100.2 2.2323e+01  14 1.00000e+00  
100.3 2.2326e+01  14 1.00000e+00  
100.4 2.2331e+01  14 1.00000e+00  
100.5 2.2342e+01  14 1.00000e+00  
100.6 2.0497e+01  14 1.00000e+00  
100.7 2.0522e+01  14 1.00000e+00  
100.8 2.0531e+01  14 1.00000e+00  
100.9 2.0536e+01  14 1.00000e+00  
101.0 2.0502e+01  14 1.00000e+00  
101.1 2.0511e+01  14 1.00000e+00  
101.2 2.0519e+01  14 1.00000e+00  
101.3 2.0496e+01  14 1.00000e+00  
101.4 2.0498e+01  14 1.00000e+00  
101.5 2.0509e+01  14 1.00000e+00  
101.6 2.0527e+01  14 1.00000e+00  
101.7 2.0497e+01  14 1.00000e+00  
101.8 2.0509e+01  14 1.00000e+00  
101.9 2.0520e+01  14 1.00000e+00  
102.0 2.0527e+01  14 1.00000e+00  
102.1 2.0533e+01  14 1.00000e+00  
102.2 2.0529e+01  14 1.00000e+00  
102.3 2.0530e+01  14 1.00000e+00  
102.4 2.3843e+01  14 1.00000e+00  
102.5 2.3792e+01  14 1.00000e+00  
102.6 2.3792e+01  14 1.00000e+00  
102.7 2.3793e+01  14 1.00000e+00  
102.8 2.3739e+01  14 1.00000e+00  
102.9 2.3558e+01  14 1.00000e+00  
103.0 2.3540e+01  14 1.00000e+00  
103.1 2.3538e+01  14 1.00000e+00  
103.2 2.3536e+01  14 1.00000e+00  
103.3 2.3476e+01  14 1.00000e+00  
103.4 2.3266e+01  14 1.00000e+00  
103.5 2.3283e+01  14 1.00000e+00  
103.6 2.3280e+01  14 1.00000e+00  
103.7 2.3223e+01  14 1.00000e+00  
103.8 2.3212e+01  14 1.00000e+00  
103.9 2.3219e+01  14 1.00000e+00  
104.0 2.3042e+01  14 1.00000e+00  
104.1 2.3044e+01  14 1.00000e+00  
104.2 2.2944e+01  14 1.00000e+00  
104.3 2.2946e+01  14 1.00000e+00  
104.4 2.2963e+01  14 1.00000e+00  
104.5 2.2761e+01  14 1.00000e+00  
104.6 2.0704e+01  14 1.00000e+00  
104.7 2.0709e+01  14 1.00000e+00  
104.8 2.0461e+01  14 1.00000e+00  
104.9 2.0469e+01  14 1.00000e+00  
105.0 2.0477e+01  14 1.00000e+00  
105.1 2.0488e+01  14 1.00000e+00  
105.2 2.0497e+01  14 1.00000e+00  
105.3 2.0500e+01  14 1.00000e+00  
105.4 2.0503e+01  14 1.00000e+00  
105.5 2.0432e+01  14 1.00000e+00  
105.6 2.0442e+01  14 1.00000e+00  
105.7 2.0454e+01  14 1.00000e+00  
105.8 2.0462e+01  14 1.00000e+00  
105.9 2.0461e+01  14 1.00000e+00  
106.0 2.0709e+01  14 1.00000e+00  
106.1 2.0466e+01  14 1.00000e+00  
106.2 2.0470e+01  14 1.00000e+00  
106.3 2.0472e+01  14 1.00000e+00  
106.4 2.0487e+01  14 1.00000e+00  
106.5 2.0497e+01  14 1.00000e+00  
106.6 2.0502e+01  14 1.00000e+00  
106.7 2.0503e+01  14 1.00000e+00  
106.8 2.0501e+01  14 1.00000e+00  
106.9 2.0440e+01  14 1.00000e+00  
107.0 2.0463e+01  14 1.00000e+00  
107.1 2.4170e+01  14 1.00000e+00  
107.2 2.3999e+01  14 1.00000e+00  
107.3 2.3919e+01  14 1.00000e+00  
107.4 2.3901e+01  14 1.00000e+00  
107.5 2.3899e+01  14 1.00000e+00  
107.6 2.3896e+01  14 1.00000e+00  
107.7 2.3689e+01  14 1.00000e+00  
107.8 2.3630e+01  14 1.00000e+00  
107.9 2.3650e+01  14 1.00000e+00  
108.0 2.3649e+01  14 1.00000e+00  
108.1 2.3647e+01  14 1.00000e+00  
108.2 2.3587e+01  14 1.00000e+00  
108.3 2.3389e+01  14 1.00000e+00  
108.4 2.3388e+01  14 1.00000e+00  
108.5 2.3387e+01  14 1.00000e+00  
108.6 2.0633e+01  14 1.00000e+00  
108.7 2.0639e+01  14 1.00000e+00  
108.8 2.0647e+01  14 1.00000e+00  
108.9 2.0657e+01  14 1.00000e+00  
109.0 2.0656e+01  14 1.00000e+00  
109.1 2.0584e+01  14 1.00000e+00  
109.2 2.0587e+01  14 1.00000e+00  
109.3 2.0635e+01  14 1.00000e+00  
109.4 2.0579e+01  14 1.00000e+00  
109.5 2.0585e+01  14 1.00000e+00  
109.6 2.0636e+01  14 1.00000e+00  
109.7 2.0431e+01  14 1.00000e+00  
109.8 2.0360e+01  14 1.00000e+00  
109.9 2.0372e+01  14 1.00000e+00  
110.0 2.0633e+01  14 1.00000e+00  
110.1 2.0641e+01  14 1.00000e+00  
110.2 2.0648e+01  14 1.00000e+00  
110.3 2.0655e+01  14 1.00000e+00  
110.4 2.0655e+01  14 1.00000e+00  
110.5 2.0584e+01  14 1.00000e+00  
110.6 2.0587e+01  14 1.00000e+00  
110.7 2.0636e+01  14 1.00000e+00  
110.8 2.0637e+01  14 1.00000e+00  
110.9 2.0586e+01  14 1.00000e+00  
111.0 2.0637e+01  14 1.00000e+00  
111.1 2.0431e+01  14 1.00000e+00  
111.2 2.0444e+01  14 1.00000e+00  
111.3 2.0372e+01  14 1.00000e+00  
111.4 2.0380e+01  14 1.00000e+00  
111.5 2.0396e+01  14 1.00000e+00  
111.6 2.0652e+01  14 1.00000e+00  
111.7 2.0659e+01  14 1.00000e+00  
111.8 2.0671e+01  14 1.00000e+00  
111.9 2.0679e+01  14 1.00000e+00  
112.0 2.0682e+01  14 1.00000e+00  
112.1 2.0640e+01  14 1.00000e+00  
112.2 2.0428e+01  14 1.00000e+00  
112.3 2.0445e+01  14 1.00000e+00  
112.4 2.0456e+01  14 1.00000e+00  
112.5 2.0458e+01  14 1.00000e+00  
112.6 2.0449e+01  14 1.00000e+00  
112.7 2.4086e+01  14 1.00000e+00  
112.8 2.4077e+01  14 1.00000e+00  
112.9 2.4066e+01  14 1.00000e+00  
113.0 2.3817e+01  14 1.00000e+00  
113.1 2.3765e+01  14 1.00000e+00  
113.2 2.3788e+01  14 1.00000e+00  
113.3 2.3783e+01  14 1.00000e+00  
113.4 2.3735e+01  14 1.00000e+00  
113.5 2.3498e+01  14 1.00000e+00  
113.6 2.0532e+01  14 1.00000e+00  
113.7 2.0500e+01  14 1.00000e+00  
113.8 2.0516e+01  14 1.00000e+00  
113.9 2.0519e+01  14 1.00000e+00  
114.0 2.0532e+01  14 1.00000e+00  
114.1 2.0499e+01  14 1.00000e+00  
114.2 2.0509e+01  14 1.00000e+00  
114.3 2.0518e+01  14 1.00000e+00  
114.4 2.0522e+01  14 1.00000e+00  
114.5 2.0530e+01  14 1.00000e+00  
114.6 2.0516e+01  14 1.00000e+00  
114.7 2.0524e+01  14 1.00000e+00  
114.8 2.0531e+01  14 1.00000e+00  
114.9 2.0530e+01  14 1.00000e+00  
115.0 2.0533e+01  14 1.00000e+00  
115.1 2.0539e+01  14 1.00000e+00  
115.2 2.0542e+01  14 1.00000e+00  
115.3 2.0528e+01  14 1.00000e+00  
115.4 2.0496e+01  14 1.00000e+00  
115.5 2.0508e+01  14 1.00000e+00  
115.6 2.0510e+01  14 1.00000e+00  
115.7 2.0520e+01  14 1.00000e+00  
115.8 2.0529e+01  14 1.00000e+00  
115.9 2.0529e+01  14 1.00000e+00  
116.0 2.0537e+01  14 1.00000e+00  
116.1 2.0544e+01  14 1.00000e+00  
116.2 2.0547e+01  14 1.00000e+00  
116.3 2.0533e+01  14 1.00000e+00  
116.4 2.0534e+01  14 1.00000e+00  
116.5 2.0543e+01  14 1.00000e+00  
116.6 2.0544e+01  14 1.00000e+00  
116.7 2.0544e+01  14 1.00000e+00  
116.8 2.0528e+01  14 1.00000e+00  
116.9 2.0494e+01  14 1.00000e+00  
117.0 2.0496e+01  14 1.00000e+00  
117.1 2.0504e+01  14 1.00000e+00  
117.2 2.0512e+01  14 1.00000e+00  
117.3 2.0518e+01  14 1.00000e+00  
117.4 2.0517e+01  14 1.00000e+00  
117.5 2.0499e+01  14 1.00000e+00  
117.6 2.0501e+01  14 1.00000e+00  
117.7 2.0507e+01  14 1.00000e+00  
117.8 2.0507e+01  14 1.00000e+00  
117.9 2.0508e+01  14 1.00000e+00  
118.0 2.0513e+01  14 1.00000e+00  
118.1 2.0482e+01  14 1.00000e+00  
118.2 2.4188e+01  14 1.00000e+00  
118.3 2.4022e+01  14 1.00000e+00  
118.4 2.3846e+01  14 1.00000e+00  
118.5 2.3844e+01  14 1.00000e+00  
118.6 2.3844e+01  14 1.00000e+00  
118.7 2.3629e+01  14 1.00000e+00  
118.8 2.3589e+01  14 1.00000e+00  
118.9 2.3611e+01  14 1.00000e+00  
119.0 2.3609e+01  14 1.00000e+00  
119.1 2.3507e+01  14 1.00000e+00  
119.2 2.0551e+01  14 1.00000e+00  
119.3 2.0565e+01  14 1.00000e+00  
119.4 2.0572e+01  14 1.00000e+00  
119.5 2.0579e+01  14 1.00000e+00  
119.6 2.0584e+01  14 1.00000e+00  
119.7 2.0590e+01  14 1.00000e+00  
119.8 2.0637e+01  14 1.00000e+00  
119.9 2.0637e+01  14 1.00000e+00  
120.0 2.0639e+01  14 1.00000e+00  
120.1 2.0639e+01  14 1.00000e+00  
120.2 2.0641e+01  14 1.00000e+00  
120.3 2.0547e+01  14 1.00000e+00  
120.4 2.0637e+01  14 1.00000e+00  
120.5 2.0639e+01  14 1.00000e+00  
120.6 2.0542e+01  14 1.00000e+00  
120.7 2.0546e+01  14 1.00000e+00  
120.8 2.0552e+01  14 1.00000e+00  
120.9 2.0555e+01  14 1.00000e+00  
121.0 2.0572e+01  14 1.00000e+00  
121.1 2.0576e+01  14 1.00000e+00  
121.2 2.0575e+01  14 1.00000e+00  
121.3 2.0579e+01  14 1.00000e+00  
121.4 2.0582e+01  14 1.00000e+00  
121.5 2.0585e+01  14 1.00000e+00  
121.6 2.0585e+01  14 1.00000e+00  
121.7 2.0574e+01  14 1.00000e+00  
121.8 2.0577e+01  14 1.00000e+00  
121.9 2.0577e+01  14 1.00000e+00  
122.0 2.0515e+01  14 1.00000e+00  
122.1 2.0520e+01  14 1.00000e+00  
122.2 2.0527e+01  14 1.00000e+00  
122.3 2.0526e+01  14 1.00000e+00  
122.4 2.0525e+01  14 1.00000e+00  
122.5 2.0531e+01  14 1.00000e+00  
122.6 2.0537e+01  14 1.00000e+00  
122.7 2.0542e+01  14 1.00000e+00  
122.8 2.0543e+01  14 1.00000e+00  
122.9 2.0533e+01  14 1.00000e+00  
123.0 2.0526e+01  14 1.00000e+00  
123.1 2.0531e+01  14 1.00000e+00  
123.2 2.0532e+01  14 1.00000e+00  
123.3 2.0532e+01  14 1.00000e+00  
123.4 2.0503e+01  14 1.00000e+00  
123.5 2.0516e+01  14 1.00000e+00  
123.6 2.4215e+01  14 1.00000e+00  
123.7 2.4038e+01  14 1.00000e+00  
123.8 2.3935e+01  14 1.00000e+00  
123.9 2.3872e+01  14 1.00000e+00  
124.0 2.3662e+01  14 1.00000e+00  
124.1 2.3610e+01  14 1.00000e+00  
124.2 2.3622e+01  14 1.00000e+00  
124.3 2.3607e+01  14 1.00000e+00  
124.4 2.3507e+01  14 1.00000e+00  
124.5 2.0565e+01  14 1.00000e+00  
124.6 2.0570e+01  14 1.00000e+00  
124.7 2.0576e+01  14 1.00000e+00  
124.8 2.0580e+01  14 1.00000e+00  
124.9 2.0583e+01  14 1.00000e+00  
125.0 2.0582e+01  14 1.00000e+00  
125.1 2.0585e+01  14 1.00000e+00  
125.2 2.0587e+01  14 1.00000e+00  
125.3 2.0590e+01  14 1.00000e+00  
125.4 2.0534e+01  14 1.00000e+00  
125.5 2.0584e+01  14 1.00000e+00  
125.6 2.0586e+01  14 1.00000e+00  
125.7 2.0591e+01  14 1.00000e+00  
125.8 2.0530e+01  14 1.00000e+00  
125.9 2.0533e+01  14 1.00000e+00  
126.0 2.0537e+01  14 1.00000e+00  
126.1 2.0543e+01  14 1.00000e+00  
126.2 2.0548e+01  14 1.00000e+00  
126.3 2.0547e+01  14 1.00000e+00  
126.4 2.0552e+01  14 1.00000e+00  
126.5 2.0556e+01  14 1.00000e+00  
126.6 2.0569e+01  14 1.00000e+00  
126.7 2.0573e+01  14 1.00000e+00  
126.8 2.0573e+01  14 1.00000e+00  
126.9 2.0552e+01  14 1.00000e+00  
127.0 2.0555e+01  14 1.00000e+00  
127.1 2.0556e+01  14 1.00000e+00  
127.2 2.0556e+01  14 1.00000e+00  
127.3 2.0497e+01  14 1.00000e+00  
127.4 2.0506e+01  14 1.00000e+00  
127.5 2.0514e+01  14 1.00000e+00  
127.6 2.0519e+01  14 1.00000e+00  
127.7 2.0517e+01  14 1.00000e+00  
127.8 2.0521e+01  14 1.00000e+00  
127.9 2.0525e+01  14 1.00000e+00  
128.0 2.0497e+01  14 1.00000e+00  
128.1 2.0498e+01  14 1.00000e+00  
128.2 2.0501e+01  14 1.00000e+00  
128.3 2.0500e+01  14 1.00000e+00  
128.4 2.0498e+01  14 1.00000e+00  
128.5 2.0501e+01  14 1.00000e+00  
128.6 2.0464e+01  14 1.00000e+00  
128.7 2.4173e+01  14 1.00000e+00  
128.8 2.3872e+01  14 1.00000e+00  
128.9 2.3818e+01  14 1.00000e+00  
129.0 2.3835e+01  14 1.00000e+00  
129.1 2.3813e+01  14 1.00000e+00  
129.2 2.3766e+01  14 1.00000e+00  
129.3 2.3553e+01  14 1.00000e+00  
129.4 2.3557e+01  14 1.00000e+00  
129.5 2.3550e+01  14 1.00000e+00  
129.6 2.3488e+01  14 1.00000e+00  
129.7 2.0529e+01  14 1.00000e+00  
129.8 2.0528e+01  14 1.00000e+00  
129.9 2.0534e+01  14 1.00000e+00  
130.0 2.0533e+01  14 1.00000e+00  
130.1 2.0539e+01  14 1.00000e+00  
130.2 2.0544e+01  14 1.00000e+00  
130.3 2.0549e+01  14 1.00000e+00  
130.4 2.0565e+01  14 1.00000e+00  
130.5 2.0569e+01  14 1.00000e+00  
130.6 2.0569e+01  14 1.00000e+00  
130.7 2.0547e+01  14 1.00000e+00  
130.8 2.0551e+01  14 1.00000e+00  
130.9 2.0554e+01  14 1.00000e+00  
131.0 2.0566e+01  14 1.00000e+00  
131.1 2.0566e+01  14 1.00000e+00  
131.2 2.0500e+01  14 1.00000e+00  
131.3 2.0506e+01  14 1.00000e+00  
131.4 2.0510e+01  14 1.00000e+00  
131.5 2.0508e+01  14 1.00000e+00  
131.6 2.0513e+01  14 1.00000e+00  
131.7 2.0517e+01  14 1.00000e+00  
131.8 2.0521e+01  14 1.00000e+00  
131.9 2.0521e+01  14 1.00000e+00  
132.0 2.0496e+01  14 1.00000e+00  
132.1 2.0499e+01  14 1.00000e+00  
132.2 2.0497e+01  14 1.00000e+00  
132.3 2.0495e+01  14 1.00000e+00  
132.4 2.0500e+01  14 1.00000e+00  
132.5 2.0502e+01  14 1.00000e+00  
132.6 2.0464e+01  14 1.00000e+00  
132.7 2.0458e+01  14 1.00000e+00  
132.8 2.0471e+01  14 1.00000e+00  
132.9 2.0468e+01  14 1.00000e+00  
133.0 2.0478e+01  14 1.00000e+00  
133.1 2.0711e+01  14 1.00000e+00  
133.2 2.0464e+01  14 1.00000e+00  
133.3 2.0464e+01  14 1.00000e+00  
133.4 2.0464e+01  14 1.00000e+00  
133.5 2.0462e+01  14 1.00000e+00  
133.6 2.0460e+01  14 1.00000e+00  
133.7 2.0454e+01  14 1.00000e+00  
133.8 2.4085e+01  14 1.00000e+00  
133.9 2.4092e+01  14 1.00000e+00  
134.0 2.4083e+01  14 1.00000e+00  
134.1 2.4045e+01  14 1.00000e+00  
134.2 2.3817e+01  14 1.00000e+00  
134.3 2.3761e+01  14 1.00000e+00  
134.4 2.3789e+01  14 1.00000e+00  
134.5 2.3784e+01  14 1.00000e+00  
134.6 2.3731e+01  14 1.00000e+00  
134.7 2.3510e+01  14 1.00000e+00  
134.8 2.3506e+01  14 1.00000e+00  
134.9 2.0528e+01  14 1.00000e+00  
135.0 2.0498e+01  14 1.00000e+00  
135.1 2.0503e+01  14 1.00000e+00  
135.2 2.0502e+01  14 1.00000e+00  
135.3 2.0509e+01  14 1.00000e+00  
135.4 2.0518e+01  14 1.00000e+00  
135.5 2.0519e+01  14 1.00000e+00  
135.6 2.0532e+01  14 1.00000e+00  
135.7 2.0503e+01  14 1.00000e+00  
135.8 2.0510e+01  14 1.00000e+00  
135.9 2.0515e+01  14 1.00000e+00  
136.0 2.0512e+01  14 1.00000e+00  
136.1 2.0510e+01  14 1.00000e+00  
136.2 2.0514e+01  14 1.00000e+00  
136.3 2.0516e+01  14 1.00000e+00  
136.4 2.0507e+01  14 1.00000e+00  
136.5 2.0432e+01  14 1.00000e+00  
136.6 2.0445e+01  14 1.00000e+00  
136.7 2.0453e+01  14 1.00000e+00  
136.8 2.0456e+01  14 1.00000e+00  
136.9 2.0695e+01  14 1.00000e+00  
137.0 2.0693e+01  14 1.00000e+00  
137.1 2.0696e+01  14 1.00000e+00  
137.2 2.0640e+01  14 1.00000e+00  
137.3 2.0436e+01  14 1.00000e+00  
137.4 2.0444e+01  14 1.00000e+00  
137.5 2.0450e+01  14 1.00000e+00  
137.6 2.0448e+01  14 1.00000e+00  
137.7 2.0425e+01  14 1.00000e+00  
137.8 2.0438e+01  14 1.00000e+00  
137.9 2.0448e+01  14 1.00000e+00  
138.0 2.0372e+01  14 1.00000e+00  
138.1 2.0634e+01  14 1.00000e+00  
138.2 2.0636e+01  14 1.00000e+00  
138.3 2.0640e+01  14 1.00000e+00  
138.4 2.0644e+01  14 1.00000e+00  
138.5 2.0640e+01  14 1.00000e+00  
138.6 2.0644e+01  14 1.00000e+00  
138.7 2.0572e+01  14 1.00000e+00  
138.8 2.0574e+01  14 1.00000e+00  
138.9 2.0573e+01  14 1.00000e+00  
139.0 2.0638e+01  14 1.00000e+00  
139.1 2.0548e+01  14 1.00000e+00  
139.2 2.4110e+01  14 1.00000e+00  
139.3 2.4027e+01  14 1.00000e+00  
139.4 2.4026e+01  14 1.00000e+00  
139.5 2.4007e+01  14 1.00000e+00  
139.6 2.3919e+01  14 1.00000e+00  
139.7 2.3661e+01  14 1.00000e+00  
139.8 2.3663e+01  14 1.00000e+00  
139.9 2.3657e+01  14 1.00000e+00  
140.0 2.3594e+01  14 1.00000e+00  
140.1 2.0434e+01  14 1.00000e+00  
140.2 2.0449e+01  14 1.00000e+00  
140.3 2.0463e+01  14 1.00000e+00  
140.4 2.0380e+01  14 1.00000e+00  
140.5 2.0391e+01  14 1.00000e+00  
140.6 2.0646e+01  14 1.00000e+00  
140.7 2.0650e+01  14 1.00000e+00  
140.8 2.0659e+01  14 1.00000e+00  
140.9 2.0662e+01  14 1.00000e+00  
141.0 2.0658e+01  14 1.00000e+00  
141.1 2.0583e+01  14 1.00000e+00  
141.2 2.0584e+01  14 1.00000e+00  
141.3 2.0585e+01  14 1.00000e+00  
141.4 2.0642e+01  14 1.00000e+00  
141.5 2.0574e+01  14 1.00000e+00  
141.6 2.0578e+01  14 1.00000e+00  
141.7 2.0581e+01  14 1.00000e+00  
141.8 2.0582e+01  14 1.00000e+00  
141.9 2.0585e+01  14 1.00000e+00  
142.0 2.0586e+01  14 1.00000e+00  
142.1 2.0590e+01  14 1.00000e+00  
142.2 2.0635e+01  14 1.00000e+00  
142.3 2.0633e+01  14 1.00000e+00  
142.4 2.0636e+01  14 1.00000e+00  
142.5 2.0638e+01  14 1.00000e+00  
142.6 2.0639e+01  14 1.00000e+00  
142.7 2.0537e+01  14 1.00000e+00  
142.8 2.0585e+01  14 1.00000e+00  
142.9 2.0584e+01  14 1.00000e+00  
143.0 2.0583e+01  14 1.00000e+00  
143.1 2.0524e+01  14 1.00000e+00  
143.2 2.0526e+01  14 1.00000e+00  
143.3 2.0530e+01  14 1.00000e+00  
143.4 2.0525e+01  14 1.00000e+00  
143.5 2.0530e+01  14 1.00000e+00  
143.6 2.0531e+01  14 1.00000e+00  
143.7 2.0526e+01  14 1.00000e+00  
143.8 2.0530e+01  14 1.00000e+00  
143.9 2.0505e+01  14 1.00000e+00  
144.0 2.0509e+01  14 1.00000e+00  
144.1 2.0506e+01  14 1.00000e+00  
144.2 2.0504e+01  14 1.00000e+00  
144.3 2.0504e+01  14 1.00000e+00  
144.4 2.0505e+01  14 1.00000e+00  
144.5 2.0466e+01  14 1.00000e+00  
144.6 2.4168e+01  14 1.00000e+00  
144.7 2.3843e+01  14 1.00000e+00  
144.8 2.3838e+01  14 1.00000e+00  
144.9 2.3822e+01  14 1.00000e+00  
145.0 2.3818e+01  14 1.00000e+00  
145.1 2.3763e+01  14 1.00000e+00  
145.2 2.3542e+01  14 1.00000e+00  
145.3 2.3552e+01  14 1.00000e+00  
145.4 2.3544e+01  14 1.00000e+00  
145.5 2.3539e+01  14 1.00000e+00  
145.6 2.0521e+01  14 1.00000e+00  
145.7 2.0527e+01  14 1.00000e+00  
145.8 2.0530e+01  14 1.00000e+00  
145.9 2.0528e+01  14 1.00000e+00  
146.0 2.0533e+01  14 1.00000e+00  
146.1 2.0529e+01  14 1.00000e+00  
146.2 2.0534e+01  14 1.00000e+00  
146.3 2.0535e+01  14 1.00000e+00  
146.4 2.0546e+01  14 1.00000e+00  
146.5 2.0546e+01  14 1.00000e+00  
146.6 2.0530e+01  14 1.00000e+00  
146.7 2.0534e+01  14 1.00000e+00  
146.8 2.0534e+01  14 1.00000e+00  
146.9 2.0531e+01  14 1.00000e+00  
147.0 2.0528e+01  14 1.00000e+00  
147.1 2.0504e+01  14 1.00000e+00  
147.2 2.0497e+01  14 1.00000e+00  
147.3 2.0500e+01  14 1.00000e+00  
147.4 2.0499e+01  14 1.00000e+00  
147.5 2.0505e+01  14 1.00000e+00  
147.6 2.0504e+01  14 1.00000e+00  
147.7 2.0511e+01  14 1.00000e+00  
147.8 2.0493e+01  14 1.00000e+00  
147.9 2.0495e+01  14 1.00000e+00  
148.0 2.0489e+01  14 1.00000e+00  
148.1 2.0492e+01  14 1.00000e+00  
148.2 2.0495e+01  14 1.00000e+00  
148.3 2.0496e+01  14 1.00000e+00  
148.4 2.0484e+01  14 1.00000e+00  
148.5 2.0489e+01  14 1.00000e+00  
148.6 2.0407e+01  14 1.00000e+00  
148.7 2.0404e+01  14 1.00000e+00  
148.8 2.0414e+01  14 1.00000e+00  
148.9 2.0663e+01  14 1.00000e+00  
149.0 2.0666e+01  14 1.00000e+00  
149.1 2.0664e+01  14 1.00000e+00  
149.2 2.0585e+01  14 1.00000e+00  
149.3 2.0585e+01  14 1.00000e+00  
149.4 2.0586e+01  14 1.00000e+00  
149.5 2.0584e+01  14 1.00000e+00  
149.6 2.0571e+01  14 1.00000e+00  
149.7 2.0575e+01  14 1.00000e+00  
149.8 2.4120e+01  14 1.00000e+00  
149.9 2.4047e+01  14 1.00000e+00  
150.0 2.4030e+01  14 1.00000e+00  
