 15.1 1.3176e+00  13 5.69275e-02  
 15.2 1.3247e+00  13 5.83137e-02  
 15.3 1.3317e+00  13 5.96559e-02  
 15.4 1.3388e+00  13 6.11852e-02  
 15.5 1.3520e+00  13 6.38204e-02  
 15.6 1.3592e+00  13 6.51059e-02  
 15.7 1.3663e+00  13 6.65872e-02  
 15.8 1.3734e+00  13 6.79069e-02  
 15.9 1.3805e+00  13 6.95298e-02  
 16.0 1.3877e+00  13 7.07797e-02  
 16.1 1.3948e+00  13 7.25103e-02  
 16.2 1.4020e+00  13 7.36971e-02  
 16.3 1.4090e+00  13 7.55508e-02  
 16.4 1.4161e+00  13 7.65937e-02  
 16.5 1.4232e+00  13 7.82518e-02  
 16.6 1.4303e+00  13 7.94437e-02  
 16.7 1.4375e+00  13 8.13114e-02  
 16.8 1.4447e+00  13 8.24289e-02  
 16.9 1.4518e+00  13 8.43759e-02  
 17.0 1.4586e+00  13 8.54299e-02  
 17.1 1.4656e+00  13 8.70820e-02  
 17.2 1.4726e+00  13 8.82442e-02  
 17.3 1.4797e+00  13 8.99332e-02  
 17.4 1.4949e+00  13 9.32930e-02  
 17.5 1.5021e+00  13 9.43072e-02  
 17.6 1.5092e+00  13 9.60886e-02  
 17.7 1.5164e+00  13 9.70616e-02  
 17.8 1.5235e+00  13 9.88977e-02  
 17.9 1.5307e+00  13 1.00033e-01  
 18.0 1.5379e+00  13 1.01932e-01  
 18.1 1.5450e+00  13 1.03038e-01  
 18.2 1.5522e+00  13 1.04658e-01  
 18.3 1.5593e+00  13 1.05703e-01  
 18.4 1.5664e+00  13 1.07253e-01  
 18.5 1.5735e+00  13 1.08607e-01  
 18.6 1.5806e+00  13 1.10081e-01  
 18.7 1.5877e+00  13 1.11530e-01  
 18.8 1.5947e+00  13 1.12507e-01  
 18.9 1.6018e+00  13 1.14062e-01  
 19.0 1.6089e+00  13 1.14821e-01  
 19.1 1.6159e+00  13 1.16745e-01  
 19.2 1.6229e+00  13 1.17376e-01  
 19.3 1.6299e+00  13 1.19449e-01  
 19.4 1.6370e+00  13 1.19374e-01  
 19.5 1.6439e+00  13 1.21300e-01  
 19.6 1.6509e+00  13 1.21269e-01  
 19.7 1.6577e+00  13 1.23675e-01  
 19.8 1.6646e+00  13 1.23537e-01  
 19.9 1.6716e+00  13 1.26014e-01  
 20.0 1.6903e+00  13 1.28153e-01  
 20.1 1.6975e+00  13 1.28641e-01  
 20.2 1.7046e+00  13 1.30385e-01  
 20.3 1.7130e+00  13 1.31899e-01  
 20.4 1.7236e+00  13 1.38217e-01  
 20.5 1.7343e+00  13 1.43187e-01  
 20.6 1.7450e+00  13 1.46425e-01  
 20.7 1.7558e+00  13 1.49743e-01  
 20.8 1.7666e+00  13 1.53140e-01  
 20.9 1.7774e+00  13 1.56434e-01  
 21.0 1.7884e+00  13 1.59883e-01  
 21.1 1.7993e+00  13 1.62045e-01  
 21.2 1.8103e+00  13 1.63353e-01  
 21.3 1.8214e+00  13 1.64673e-01  
 21.4 1.8325e+00  13 1.66014e-01  
 21.5 1.8436e+00  13 1.67395e-01  
 21.6 1.8548e+00  13 1.68450e-01  
 21.7 1.8661e+00  13 1.69786e-01  
 21.8 1.8774e+00  13 1.71127e-01  
 21.9 1.8887e+00  13 1.72474e-01  
 22.0 1.9001e+00  13 1.73836e-01  
 22.1 1.9117e+00  13 1.74993e-01  
 22.2 1.9228e+00  13 1.76225e-01  
 22.3 7.0566e+00  14 1.00000e+00  
 22.4 7.0927e+00  14 1.00000e+00  
 22.5 7.1198e+00  14 1.00000e+00  
 22.6 7.1506e+00  14 1.00000e+00  
 22.7 7.1833e+00  14 1.00000e+00  
 22.8 7.2168e+00  14 1.00000e+00  
 22.9 7.2702e+00  14 1.00000e+00  
 23.0 7.3135e+00  14 1.00000e+00  
 23.1 7.3469e+00  14 1.00000e+00  
 23.2 7.3514e+00  14 1.00000e+00  
 23.3 1.9194e+00  13 1.66389e-01  
 23.4 7.4033e+00  14 1.00000e+00  
 23.5 7.1692e+00  14 1.00000e+00  
 23.6 7.1737e+00  14 1.00000e+00  
 23.7 7.1772e+00  14 1.00000e+00  
 23.8 7.1878e+00  14 1.00000e+00  
 23.9 7.1979e+00  14 1.00000e+00  
 24.0 7.2001e+00  14 1.00000e+00  
 24.1 7.2476e+00  14 1.00000e+00  
 24.2 7.2572e+00  14 1.00000e+00  
 24.3 7.2659e+00  14 1.00000e+00  
 24.4 7.2720e+00  14 1.00000e+00  
 24.5 7.2816e+00  14 1.00000e+00  
 24.6 7.2882e+00  14 1.00000e+00  
 24.7 7.2960e+00  14 1.00000e+00  
 24.8 7.3104e+00  14 1.00000e+00  
 24.9 7.3176e+00  14 1.00000e+00  
 25.0 7.3252e+00  14 1.00000e+00  
 25.1 7.3394e+00  14 1.00000e+00  
 25.2 7.3491e+00  14 1.00000e+00  
 25.3 7.3547e+00  14 1.00000e+00  
 25.4 7.3621e+00  14 1.00000e+00  
 25.5 7.3783e+00  14 1.00000e+00  
 25.6 7.3870e+00  14 1.00000e+00  
 25.7 7.3935e+00  14 1.00000e+00  
 25.8 7.4044e+00  14 1.00000e+00  
 25.9 7.4178e+00  14 1.00000e+00  
 26.0 7.4274e+00  14 1.00000e+00  
 26.1 7.4407e+00  14 1.00000e+00  
 26.2 7.4405e+00  14 1.00000e+00  
 26.3 7.4440e+00  14 1.00000e+00  
 26.4 7.4588e+00  14 1.00000e+00  
 26.5 7.4654e+00  14 1.00000e+00  
 26.6 7.4765e+00  14 1.00000e+00  
 26.7 7.4848e+00  14 1.00000e+00  
 26.8 7.5044e+00  14 1.00000e+00  
 26.9 7.5124e+00  14 1.00000e+00  
 27.0 7.5199e+00  14 1.00000e+00  
 27.1 7.5316e+00  14 1.00000e+00  
 27.2 7.5373e+00  14 1.00000e+00  
 27.3 7.5499e+00  14 1.00000e+00  
 27.4 7.5642e+00  14 1.00000e+00  
 27.5 7.5725e+00  14 1.00000e+00  
 27.6 7.5781e+00  14 1.00000e+00  
 27.7 7.5848e+00  14 1.00000e+00  
 27.8 7.5985e+00  14 1.00000e+00  
 27.9 7.6061e+00  14 1.00000e+00  
 28.0 7.6143e+00  14 1.00000e+00  
 28.1 7.6270e+00  14 1.00000e+00  
 28.2 7.6325e+00  14 1.00000e+00  
 28.3 7.6419e+00  14 1.00000e+00  
 28.4 7.6479e+00  14 1.00000e+00  
 28.5 7.6631e+00  14 1.00000e+00  
 28.6 7.6717e+00  14 1.00000e+00  
 28.7 7.6745e+00  14 1.00000e+00  
 28.8 7.6920e+00  14 1.00000e+00  
 28.9 7.6944e+00  14 1.00000e+00  
 29.0 7.7120e+00  14 1.00000e+00  
 29.1 7.7189e+00  14 1.00000e+00  
 29.2 7.7320e+00  14 1.00000e+00  
 29.3 7.7411e+00  14 1.00000e+00  
 29.4 7.7497e+00  14 1.00000e+00  
 29.5 7.7606e+00  14 1.00000e+00  
 29.6 7.7692e+00  14 1.00000e+00  
 29.7 7.7830e+00  14 1.00000e+00  
 29.8 7.7947e+00  14 1.00000e+00  
 29.9 7.8083e+00  14 1.00000e+00  
 30.0 7.8149e+00  14 1.00000e+00  
 30.1 7.8263e+00  14 1.00000e+00  
 30.2 7.8333e+00  14 1.00000e+00  
 30.3 7.8463e+00  14 1.00000e+00  
 30.4 7.8573e+00  14 1.00000e+00  
 30.5 7.8615e+00  14 1.00000e+00  
 30.6 7.8715e+00  14 1.00000e+00  
 30.7 7.8873e+00  14 1.00000e+00  
 30.8 7.8968e+00  14 1.00000e+00  
 30.9 7.9049e+00  14 1.00000e+00  
 31.0 7.9113e+00  14 1.00000e+00  
 31.1 7.9216e+00  14 1.00000e+00  
 31.2 7.9302e+00  14 1.00000e+00  
 31.3 7.9437e+00  14 1.00000e+00  
 31.4 7.9469e+00  14 1.00000e+00  
 31.5 7.9602e+00  14 1.00000e+00  
 31.6 7.9774e+00  14 1.00000e+00  
 31.7 7.9828e+00  14 1.00000e+00  
 31.8 7.9872e+00  14 1.00000e+00  
 31.9 7.9949e+00  14 1.00000e+00  
 32.0 8.0076e+00  14 1.00000e+00  
 32.1 8.0138e+00  14 1.00000e+00  
 32.2 8.0237e+00  14 1.00000e+00  
 32.3 8.0336e+00  14 1.00000e+00  
 32.4 8.0442e+00  14 1.00000e+00  
 32.5 8.0546e+00  14 1.00000e+00  
 32.6 8.0617e+00  14 1.00000e+00  
 32.7 8.0709e+00  14 1.00000e+00  
 32.8 8.0801e+00  14 1.00000e+00  
 32.9 8.0807e+00  14 1.00000e+00  
 33.0 8.0940e+00  14 1.00000e+00  
 33.1 8.1083e+00  14 1.00000e+00  
 33.2 8.1169e+00  14 1.00000e+00  
 33.3 8.1285e+00  14 1.00000e+00  
 33.4 8.1365e+00  14 1.00000e+00  
 33.5 8.1475e+00  14 1.00000e+00  
 33.6 8.1582e+00  14 1.00000e+00  
 33.7 8.1207e+00  14 1.00000e+00  
 33.8 8.1333e+00  14 1.00000e+00  
 33.9 8.1312e+00  14 1.00000e+00  
 34.0 8.1431e+00  14 1.00000e+00  
 34.1 8.1521e+00  14 1.00000e+00  
 34.2 8.1643e+00  14 1.00000e+00  
 34.3 8.2124e+00  14 1.00000e+00  
 34.4 8.2197e+00  14 1.00000e+00  
 34.5 8.2351e+00  14 1.00000e+00  
 34.6 8.2442e+00  14 1.00000e+00  
 34.7 8.2498e+00  14 1.00000e+00  
 34.8 8.2608e+00  14 1.00000e+00  
 34.9 5.4955e+00  14 6.23236e-01  
 35.0 5.4993e+00  14 6.23235e-01  
 35.1 5.5024e+00  14 6.23236e-01  
 35.2 5.5072e+00  14 6.23241e-01  
 35.3 5.5126e+00  14 6.23250e-01  
 35.4 5.5166e+00  14 6.23260e-01  
 35.5 5.5213e+00  14 6.23274e-01  
 35.6 5.5276e+00  14 6.23298e-01  
 35.7 5.5321e+00  14 6.23319e-01  
 35.8 5.5362e+00  14 6.23340e-01  
 35.9 5.5434e+00  14 6.23382e-01  
 36.0 5.5495e+00  14 6.23424e-01  
 36.1 5.5540e+00  14 6.23458e-01  
 36.2 5.5542e+00  14 6.23459e-01  
 36.3 5.5601e+00  14 6.23508e-01  
 36.4 5.5708e+00  14 6.23606e-01  
 36.5 5.5757e+00  14 6.23656e-01  
 36.6 5.5850e+00  14 6.23757e-01  
 36.7 5.5883e+00  14 6.23796e-01  
 36.8 5.5950e+00  14 6.23877e-01  
 36.9 5.5977e+00  14 6.23911e-01  
 37.0 5.6021e+00  14 6.23969e-01  
 37.1 5.6116e+00  14 6.24101e-01  
 37.2 5.6148e+00  14 6.24147e-01  
 37.3 5.6242e+00  14 6.24290e-01  
 37.4 5.6306e+00  14 6.24392e-01  
 37.5 5.6358e+00  14 6.24477e-01  
 37.6 5.6397e+00  14 6.24544e-01  
 37.7 5.6457e+00  14 6.24647e-01  
 37.8 5.6497e+00  14 6.24718e-01  
 37.9 5.6557e+00  14 6.24828e-01  
 38.0 5.6659e+00  14 6.25023e-01  
 38.1 5.6658e+00  14 6.25022e-01  
 38.2 5.6702e+00  14 6.25110e-01  
 38.3 5.6777e+00  14 6.25260e-01  
 38.4 5.6821e+00  14 6.25353e-01  
 38.5 5.6885e+00  14 6.25488e-01  
 38.6 5.6924e+00  14 6.25573e-01  
 38.7 5.6948e+00  14 6.25624e-01  
 38.8 5.7055e+00  14 6.25864e-01  
 38.9 5.7078e+00  14 6.25916e-01  
 39.0 5.7147e+00  14 6.26077e-01  
 39.1 5.7224e+00  14 6.26259e-01  
 39.2 5.7250e+00  14 6.26322e-01  
 39.3 5.7323e+00  14 6.26501e-01  
 39.4 5.7358e+00  14 6.26589e-01  
 39.5 5.7368e+00  14 6.26614e-01  
 39.6 5.7431e+00  14 6.26773e-01  
 39.7 5.7539e+00  14 6.27052e-01  
 39.8 5.7639e+00  14 6.27317e-01  
 39.9 5.7678e+00  14 6.27423e-01  
 40.0 5.7704e+00  14 6.27493e-01  
 40.1 5.7805e+00  14 6.27775e-01  
 40.2 5.7896e+00  14 6.28031e-01  
 40.3 5.7952e+00  14 6.28191e-01  
 40.4 5.7942e+00  14 6.28161e-01  
 40.5 5.8031e+00  14 6.28421e-01  
 40.6 5.8096e+00  14 6.28611e-01  
 40.7 5.8156e+00  14 6.28791e-01  
 40.8 5.8214e+00  14 6.28966e-01  
 40.9 5.8268e+00  14 6.29132e-01  
 41.0 5.8361e+00  14 6.29417e-01  
 41.1 5.8378e+00  14 6.29471e-01  
 41.2 5.8479e+00  14 6.29789e-01  
 41.3 5.8517e+00  14 6.29910e-01  
 41.4 5.8514e+00  14 6.29901e-01  
 41.5 5.8607e+00  14 6.30200e-01  
 41.6 5.8634e+00  14 6.30288e-01  
 41.7 5.8691e+00  14 6.30474e-01  
 41.8 5.8801e+00  14 6.30837e-01  
 41.9 5.8825e+00  14 6.30919e-01  
 42.0 5.8865e+00  14 6.31055e-01  
 42.1 5.8974e+00  14 6.31422e-01  
 42.2 5.8987e+00  14 6.31468e-01  
 42.3 5.9067e+00  14 6.31744e-01  
 42.4 5.9093e+00  14 6.31832e-01  
 42.5 5.9176e+00  14 6.32124e-01  
 42.6 5.9192e+00  14 6.32180e-01  
 42.7 5.9251e+00  14 6.32388e-01  
 42.8 5.9276e+00  14 6.32476e-01  
 42.9 5.9334e+00  14 6.32681e-01  
 43.0 5.9386e+00  14 6.32871e-01  
 43.1 5.9514e+00  14 6.33334e-01  
 43.2 5.9559e+00  14 6.33498e-01  
 43.3 5.9610e+00  14 6.33687e-01  
 43.4 5.9658e+00  14 6.33862e-01  
 43.5 5.9728e+00  14 6.34125e-01  
 43.6 5.9861e+00  14 6.34623e-01  
 43.7 5.9942e+00  14 6.34931e-01  
 43.8 5.9918e+00  14 6.34840e-01  
 43.9 6.0029e+00  14 6.35264e-01  
 44.0 6.0103e+00  14 6.35552e-01  
 44.1 6.0159e+00  14 6.35769e-01  
 44.2 6.0189e+00  14 6.35886e-01  
 44.3 6.0214e+00  14 6.35984e-01  
 44.4 6.0329e+00  14 6.36433e-01  
 44.5 6.0352e+00  14 6.36527e-01  
 44.6 6.0422e+00  14 6.36803e-01  
 44.7 6.0454e+00  14 6.36930e-01  
 44.8 6.0521e+00  14 6.37199e-01  
 44.9 6.0602e+00  14 6.37526e-01  
 45.0 6.0669e+00  14 6.37796e-01  
 45.1 6.0708e+00  14 6.37957e-01  
 45.2 6.0687e+00  14 6.37870e-01  
 45.3 6.0814e+00  14 6.38387e-01  
 45.4 6.0892e+00  14 6.38711e-01  
 45.5 6.0879e+00  14 6.38658e-01  
 45.6 6.0999e+00  14 6.39154e-01  
 45.7 6.1014e+00  14 6.39216e-01  
 45.8 6.1058e+00  14 6.39400e-01  
 45.9 6.1102e+00  14 6.39582e-01  
 46.0 6.1170e+00  14 6.39869e-01  
 46.1 6.1186e+00  14 6.39935e-01  
 46.2 6.1257e+00  14 6.40235e-01  
 46.3 6.1318e+00  14 6.40497e-01  
 46.4 6.1409e+00  14 6.40883e-01  
 46.5 6.1501e+00  14 6.41277e-01  
 46.6 6.1594e+00  14 6.41678e-01  
 46.7 6.1628e+00  14 6.41826e-01  
 46.8 6.1725e+00  14 6.42248e-01  
 46.9 6.1709e+00  14 6.42176e-01  
 47.0 6.1821e+00  14 6.42669e-01  
 47.1 6.1902e+00  14 6.43021e-01  
 47.2 6.1966e+00  14 6.43304e-01  
 47.3 6.2047e+00  14 6.43663e-01  
 47.4 6.2071e+00  14 6.43771e-01  
 47.5 6.1509e+00  14 6.41313e-01  
 47.6 6.1474e+00  14 6.41161e-01  
 47.7 6.1453e+00  14 6.41070e-01  
 47.8 6.1432e+00  14 6.40982e-01  
 47.9 6.1412e+00  14 6.40895e-01  
 48.0 6.1394e+00  14 6.40819e-01  
 48.1 6.1382e+00  14 6.40768e-01  
 48.2 6.1000e+00  14 6.39158e-01  
 48.3 6.0964e+00  14 6.39008e-01  
 48.4 6.1037e+00  14 6.39312e-01  
 48.5 6.1114e+00  14 6.39634e-01  
 48.6 6.1138e+00  14 6.39737e-01  
 48.7 6.1168e+00  14 6.39860e-01  
 48.8 6.1195e+00  14 6.39976e-01  
 48.9 6.1223e+00  14 6.40092e-01  
 49.0 6.1215e+00  14 6.40059e-01  
 49.1 6.1229e+00  14 6.40118e-01  
 49.2 6.1357e+00  14 6.40660e-01  
 49.3 6.1377e+00  14 6.40748e-01  
 49.4 6.1375e+00  14 6.40738e-01  
 49.5 6.1452e+00  14 6.41069e-01  
 49.6 6.1503e+00  14 6.41285e-01  
 49.7 6.1548e+00  14 6.41481e-01  
 49.8 6.1551e+00  14 6.41494e-01  
 49.9 6.1652e+00  14 6.41930e-01  
 50.0 6.1726e+00  14 6.42252e-01  
 50.1 6.1723e+00  14 6.42237e-01  
 50.2 6.1686e+00  14 6.42079e-01  
 50.3 6.1676e+00  14 6.42035e-01  
 50.4 6.1566e+00  14 6.41557e-01  
 50.5 6.1458e+00  14 6.41094e-01  
 50.6 6.1488e+00  14 6.41223e-01  
 50.7 6.1411e+00  14 6.40890e-01  
 50.8 6.1357e+00  14 6.40662e-01  
 50.9 6.1429e+00  14 6.40971e-01  
 51.0 6.1492e+00  14 6.41241e-01  
 51.1 6.1739e+00  14 6.42307e-01  
 51.2 6.1919e+00  14 6.43100e-01  
 51.3 6.2067e+00  14 6.43753e-01  
 51.4 6.2236e+00  14 6.44505e-01  
 51.5 6.2375e+00  14 6.45130e-01  
 51.6 6.2453e+00  14 6.45483e-01  
 51.7 6.2701e+00  14 6.46613e-01  
 51.8 6.2827e+00  14 6.47194e-01  
 51.9 6.2978e+00  14 6.47890e-01  
 52.0 6.3057e+00  14 6.48233e-01  
 52.1 6.3144e+00  14 6.48610e-01  
 52.2 6.3286e+00  14 6.49234e-01  
 52.3 6.3366e+00  14 6.49588e-01  
 52.4 6.3435e+00  14 6.49893e-01  
 52.5 6.3614e+00  14 6.50686e-01  
 52.6 6.3737e+00  14 6.51234e-01  
 52.7 6.4001e+00  14 6.52422e-01  
 52.8 6.4189e+00  14 6.53280e-01  
 52.9 6.4378e+00  14 6.54148e-01  
 53.0 6.4573e+00  14 6.55047e-01  
 53.1 6.4677e+00  14 6.55532e-01  
 53.2 6.4843e+00  14 6.56302e-01  
 53.3 6.5043e+00  14 6.57238e-01  
 53.4 6.1650e+00  14 6.41923e-01  
 53.5 6.1637e+00  14 6.41863e-01  
 53.6 6.1594e+00  14 6.41680e-01  
 53.7 6.1688e+00  14 6.42087e-01  
 53.8 6.1658e+00  14 6.41958e-01  
 53.9 6.1680e+00  14 6.42052e-01  
 54.0 6.1616e+00  14 6.41772e-01  
 54.1 6.1567e+00  14 6.41563e-01  
 54.2 6.1561e+00  14 6.41538e-01  
 54.3 6.1510e+00  14 6.41317e-01  
 54.4 6.1449e+00  14 6.41056e-01  
 54.5 6.1442e+00  14 6.41025e-01  
 54.6 6.1452e+00  14 6.41067e-01  
 54.7 6.1434e+00  14 6.40989e-01  
 54.8 6.1398e+00  14 6.40836e-01  
 54.9 6.1377e+00  14 6.40745e-01  
 55.0 6.1428e+00  14 6.40965e-01  
 55.1 6.1431e+00  14 6.40979e-01  
 55.2 6.1432e+00  14 6.40980e-01  
 55.3 6.1431e+00  14 6.40976e-01  
 55.4 6.8533e+00  14 6.74350e-01  
 55.5 6.8645e+00  14 6.74916e-01  
 55.6 6.8772e+00  14 6.75567e-01  
 55.7 6.8898e+00  14 6.76206e-01  
 55.8 6.8949e+00  14 6.76465e-01  
 55.9 6.9140e+00  14 6.77447e-01  
 56.0 6.9312e+00  14 6.78327e-01  
 56.1 6.9491e+00  14 6.79245e-01  
 56.2 6.9710e+00  14 6.80375e-01  
 56.3 6.9873e+00  14 6.81214e-01  
 56.4 7.0203e+00  14 6.82925e-01  
 56.5 7.0391e+00  14 6.83901e-01  
 56.6 7.0603e+00  14 6.85004e-01  
 56.7 7.0830e+00  14 6.86190e-01  
 56.8 7.1014e+00  14 6.87152e-01  
 56.9 7.1172e+00  14 6.87979e-01  
 57.0 7.1350e+00  14 6.88910e-01  
 57.1 6.4790e+00  14 6.56056e-01  
 57.2 6.4845e+00  14 6.56312e-01  
 57.3 6.4967e+00  14 6.56886e-01  
 57.4 6.4783e+00  14 6.56022e-01  
 57.5 6.4833e+00  14 6.56255e-01  
 57.6 6.4964e+00  14 6.56872e-01  
 57.7 6.5046e+00  14 6.57254e-01  
 57.8 6.5095e+00  14 6.57486e-01  
 57.9 6.5189e+00  14 6.57927e-01  
 58.0 6.5303e+00  14 6.58466e-01  
 58.1 6.5432e+00  14 6.59077e-01  
 58.2 6.5473e+00  14 6.59275e-01  
 58.3 6.5601e+00  14 6.59882e-01  
 58.4 6.5647e+00  14 6.60105e-01  
 58.5 6.5686e+00  14 6.60291e-01  
 58.6 6.5593e+00  14 6.59846e-01  
 58.7 6.5620e+00  14 6.59977e-01  
 58.8 6.5632e+00  14 6.60032e-01  
 58.9 6.5729e+00  14 6.60494e-01  
 59.0 6.5791e+00  14 6.60792e-01  
 59.1 6.5847e+00  14 6.61062e-01  
 59.2 6.5901e+00  14 6.61322e-01  
 59.3 6.5959e+00  14 6.61598e-01  
 59.4 6.6017e+00  14 6.61881e-01  
 59.5 7.6104e+00  14 7.14329e-01  
 59.6 7.6257e+00  14 7.15157e-01  
 59.7 7.6383e+00  14 7.15840e-01  
 59.8 7.6603e+00  14 7.17035e-01  
 59.9 7.6858e+00  14 7.18417e-01  
 60.0 7.7018e+00  14 7.19285e-01  
 60.1 7.7274e+00  14 7.20678e-01  
 60.2 7.7480e+00  14 7.21795e-01  
 60.3 7.7314e+00  14 7.20893e-01  
 60.4 6.8956e+00  14 6.76503e-01  
 60.5 6.8963e+00  14 6.76537e-01  
 60.6 6.9065e+00  14 6.77062e-01  
 60.7 6.9119e+00  14 6.77337e-01  
 60.8 6.9165e+00  14 6.77573e-01  
 60.9 6.9232e+00  14 6.77917e-01  
 61.0 6.9337e+00  14 6.78454e-01  
 61.1 6.9375e+00  14 6.78649e-01  
 61.2 6.9160e+00  14 6.77544e-01  
 61.3 6.9258e+00  14 6.78049e-01  
 61.4 6.9329e+00  14 6.78414e-01  
 61.5 6.9389e+00  14 6.78724e-01  
 61.6 6.9532e+00  14 6.79457e-01  
 61.7 6.9616e+00  14 6.79890e-01  
 61.8 6.9690e+00  14 6.80270e-01  
 61.9 6.9760e+00  14 6.80632e-01  
 62.0 6.9825e+00  14 6.80967e-01  
 62.1 6.9979e+00  14 6.81762e-01  
 62.2 7.0073e+00  14 6.82250e-01  
 62.3 6.9781e+00  14 6.80743e-01  
 62.4 6.9807e+00  14 6.80876e-01  
 62.5 6.9829e+00  14 6.80990e-01  
 62.6 6.9990e+00  14 6.81821e-01  
 62.7 7.0082e+00  14 6.82300e-01  
 62.8 8.3429e+00  14 7.54379e-01  
 62.9 8.3693e+00  14 7.55829e-01  
 63.0 8.3902e+00  14 7.56978e-01  
 63.1 8.4099e+00  14 7.58057e-01  
 63.2 8.3895e+00  14 7.56937e-01  
 63.3 7.3542e+00  14 7.00533e-01  
 63.4 7.3618e+00  14 7.00940e-01  
 63.5 7.3663e+00  14 7.01179e-01  
 63.6 7.3351e+00  14 6.99512e-01  
 63.7 7.3524e+00  14 7.00437e-01  
 63.8 7.3505e+00  14 7.00337e-01  
 63.9 7.3619e+00  14 7.00944e-01  
 64.0 7.3667e+00  14 7.01205e-01  
 64.1 7.3793e+00  14 7.01879e-01  
 64.2 7.3837e+00  14 7.02113e-01  
 64.3 7.3976e+00  14 7.02859e-01  
 64.4 7.3980e+00  14 7.02879e-01  
 64.5 7.4130e+00  14 7.03684e-01  
 64.6 7.4229e+00  14 7.04217e-01  
 64.7 7.3972e+00  14 7.02838e-01  
 64.8 7.4002e+00  14 7.02997e-01  
 64.9 7.3991e+00  14 7.02936e-01  
 65.0 7.4035e+00  14 7.03172e-01  
 65.1 7.4158e+00  14 7.03833e-01  
 65.2 7.4230e+00  14 7.04220e-01  
 65.3 7.4289e+00  14 7.04538e-01  
 65.4 7.4280e+00  14 7.04492e-01  
 65.5 7.4366e+00  14 7.04953e-01  
 65.6 7.4160e+00  14 7.03843e-01  
 65.7 7.4174e+00  14 7.03922e-01  
 65.8 7.4188e+00  14 7.03996e-01  
 65.9 7.4201e+00  14 7.04067e-01  
 66.0 8.9870e+00  14 7.89755e-01  
 66.1 7.8009e+00  14 7.24681e-01  
 66.2 7.8033e+00  14 7.24809e-01  
 66.3 7.8060e+00  14 7.24956e-01  
 66.4 7.8085e+00  14 7.25093e-01  
 66.5 7.8153e+00  14 7.25467e-01  
 66.6 7.8267e+00  14 7.26089e-01  
 66.7 7.8279e+00  14 7.26150e-01  
 66.8 7.8391e+00  14 7.26764e-01  
 66.9 7.8491e+00  14 7.27311e-01  
 67.0 7.8238e+00  14 7.25928e-01  
 67.1 7.8262e+00  14 7.26061e-01  
 67.2 7.8285e+00  14 7.26186e-01  
 67.3 7.8276e+00  14 7.26136e-01  
 67.4 7.8278e+00  14 7.26149e-01  
 67.5 7.8405e+00  14 7.26842e-01  
 67.6 7.8515e+00  14 7.27441e-01  
 67.7 7.8574e+00  14 7.27764e-01  
 67.8 7.8615e+00  14 7.27988e-01  
 67.9 7.8272e+00  14 7.26115e-01  
 68.0 7.8283e+00  14 7.26174e-01  
 68.1 7.8299e+00  14 7.26264e-01  
 68.2 7.8325e+00  14 7.26402e-01  
 68.3 7.8318e+00  14 7.26365e-01  
 68.4 7.8377e+00  14 7.26689e-01  
 68.5 7.8473e+00  14 7.27212e-01  
 68.6 7.8536e+00  14 7.27556e-01  
 68.7 7.8587e+00  14 7.27837e-01  
 68.8 7.8308e+00  14 7.26311e-01  
 68.9 8.2698e+00  14 7.50367e-01  
 69.0 8.2841e+00  14 7.51149e-01  
 69.1 8.2927e+00  14 7.51623e-01  
 69.2 8.2688e+00  14 7.50313e-01  
 69.3 8.2691e+00  14 7.50329e-01  
 69.4 8.2693e+00  14 7.50341e-01  
 69.5 8.2696e+00  14 7.50357e-01  
 69.6 8.2702e+00  14 7.50390e-01  
 69.7 8.2710e+00  14 7.50433e-01  
 69.8 8.2749e+00  14 7.50647e-01  
 69.9 8.2881e+00  14 7.51371e-01  
 70.0 8.2983e+00  14 7.51930e-01  
 70.1 8.3035e+00  14 7.52214e-01  
 70.2 8.2720e+00  14 7.50487e-01  
 70.3 8.2681e+00  14 7.50272e-01  
 70.4 8.2637e+00  14 7.50033e-01  
 70.5 8.2590e+00  14 7.49776e-01  
 70.6 8.2535e+00  14 7.49471e-01  
 70.7 8.2663e+00  14 7.50174e-01  
 70.8 8.2712e+00  14 7.50445e-01  
 70.9 8.2668e+00  14 7.50199e-01  
 71.0 8.2449e+00  14 7.49000e-01  
 71.1 8.2418e+00  14 7.48831e-01  
 71.2 8.2382e+00  14 7.48631e-01  
 71.3 8.2343e+00  14 7.48416e-01  
 71.4 8.2296e+00  14 7.48160e-01  
 71.5 8.2414e+00  14 7.48809e-01  
 71.6 8.2469e+00  14 7.49111e-01  
 71.7 8.7228e+00  14 7.75262e-01  
 71.8 8.7217e+00  14 7.75204e-01  
 71.9 8.7100e+00  14 7.74561e-01  
 72.0 8.7089e+00  14 7.74501e-01  
 72.1 8.7246e+00  14 7.75362e-01  
 72.2 8.7376e+00  14 7.76075e-01  
 72.3 8.7063e+00  14 7.74358e-01  
 72.4 8.7056e+00  14 7.74319e-01  
 72.5 8.7085e+00  14 7.74476e-01  
 72.6 8.7032e+00  14 7.74185e-01  
 72.7 8.6969e+00  14 7.73837e-01  
 72.8 8.6910e+00  14 7.73515e-01  
 72.9 8.6930e+00  14 7.73626e-01  
 73.0 8.6963e+00  14 7.73806e-01  
 73.1 8.6779e+00  14 7.72797e-01  
 73.2 8.6730e+00  14 7.72524e-01  
 73.3 8.6678e+00  14 7.72243e-01  
 73.4 8.6628e+00  14 7.71965e-01  
 73.5 8.6578e+00  14 7.71691e-01  
 73.6 8.6525e+00  14 7.71398e-01  
 73.7 8.6580e+00  14 7.71700e-01  
 73.8 8.6624e+00  14 7.71945e-01  
 73.9 8.6332e+00  14 7.70341e-01  
 74.0 8.6259e+00  14 7.69936e-01  
 74.1 8.6292e+00  14 7.70117e-01  
 74.2 8.6247e+00  14 7.69873e-01  
 74.3 8.6194e+00  14 7.69583e-01  
 74.4 9.1918e+00  14 8.00961e-01  
 74.5 9.1707e+00  14 7.99809e-01  
 74.6 9.1621e+00  14 7.99336e-01  
 74.7 9.1532e+00  14 7.98852e-01  
 74.8 9.1611e+00  14 7.99281e-01  
 74.9 9.1581e+00  14 7.99118e-01  
 75.0 9.1534e+00  14 7.98864e-01  
 75.1 9.1518e+00  14 7.98773e-01  
 75.2 9.1542e+00  14 7.98903e-01  
 75.3 9.1145e+00  14 7.96735e-01  
 75.4 9.1079e+00  14 7.96375e-01  
 75.5 9.0947e+00  14 7.95651e-01  
 75.6 9.0971e+00  14 7.95781e-01  
 75.7 9.0915e+00  14 7.95479e-01  
 75.8 9.0833e+00  14 7.95029e-01  
 75.9 9.0901e+00  14 7.95398e-01  
 76.0 9.0667e+00  14 7.94120e-01  
 76.1 9.0714e+00  14 7.94378e-01  
 76.2 9.0669e+00  14 7.94132e-01  
 76.3 9.0575e+00  14 7.93618e-01  
 76.4 9.0586e+00  14 7.93675e-01  
 76.5 9.0488e+00  14 7.93140e-01  
 76.6 9.0466e+00  14 7.93020e-01  
 76.7 9.0568e+00  14 7.93579e-01  
 76.8 9.0378e+00  14 7.92538e-01  
 76.9 9.0343e+00  14 7.92344e-01  
 77.0 9.6553e+00  14 8.26214e-01  
 77.1 9.6560e+00  14 8.26253e-01  
 77.2 9.6527e+00  14 8.26073e-01  
 77.3 9.6557e+00  14 8.26238e-01  
 77.4 9.6454e+00  14 8.25679e-01  
 77.5 9.6403e+00  14 8.25403e-01  
 77.6 9.6363e+00  14 8.25186e-01  
 77.7 9.5970e+00  14 8.23054e-01  
 77.8 9.6010e+00  14 8.23268e-01  
 77.9 9.5950e+00  14 8.22944e-01  
 78.0 9.5901e+00  14 8.22675e-01  
 78.1 9.5952e+00  14 8.22956e-01  
 78.2 9.5538e+00  14 8.20702e-01  
 78.3 9.5529e+00  14 8.20653e-01  
 78.4 9.5462e+00  14 8.20292e-01  
 78.5 9.5324e+00  14 8.19540e-01  
 78.6 9.5328e+00  14 8.19563e-01  
 78.7 9.5270e+00  14 8.19247e-01  
 78.8 9.5290e+00  14 8.19357e-01  
 78.9 9.5141e+00  14 8.18546e-01  
 79.0 9.5103e+00  14 8.18338e-01  
 79.1 9.5006e+00  14 8.17809e-01  
 79.2 9.4922e+00  14 8.17355e-01  
 79.3 9.4920e+00  14 8.17343e-01  
 79.4 9.4878e+00  14 8.17114e-01  
 79.5 9.4826e+00  14 8.16830e-01  
 79.6 9.4845e+00  14 8.16932e-01  
 79.7 1.0155e+01  14 8.53197e-01  
 79.8 1.0151e+01  14 8.52965e-01  
 79.9 1.0115e+01  14 8.51031e-01  
 80.0 1.0103e+01  14 8.50405e-01  
 80.1 1.0085e+01  14 8.49421e-01  
 80.2 1.0070e+01  14 8.48593e-01  
 80.3 1.0057e+01  14 8.47928e-01  
 80.4 1.0046e+01  14 8.47321e-01  
 80.5 1.0038e+01  14 8.46915e-01  
 80.6 1.0035e+01  14 8.46744e-01  
 80.7 1.0026e+01  14 8.46272e-01  
 80.8 1.0030e+01  14 8.46474e-01  
 80.9 1.0028e+01  14 8.46357e-01  
 81.0 1.0029e+01  14 8.46435e-01  
 81.1 9.9965e+00  14 8.44663e-01  
 81.2 9.9907e+00  14 8.44352e-01  
 81.3 9.9709e+00  14 8.43281e-01  
 81.4 9.9688e+00  14 8.43173e-01  
 81.5 9.9519e+00  14 8.42262e-01  
 81.6 9.9244e+00  14 8.40778e-01  
 81.7 9.9187e+00  14 8.40470e-01  
 81.8 9.9219e+00  14 8.40643e-01  
 81.9 9.9102e+00  14 8.40008e-01  
 82.0 9.9035e+00  14 8.39647e-01  
 82.1 9.8913e+00  14 8.38990e-01  
 82.2 9.8779e+00  14 8.38265e-01  
 82.3 1.0626e+01  14 8.78396e-01  
 82.4 1.0612e+01  14 8.77650e-01  
 82.5 1.0598e+01  14 8.76901e-01  
 82.6 1.0584e+01  14 8.76162e-01  
 82.7 1.0573e+01  14 8.75544e-01  
 82.8 1.0569e+01  14 8.75351e-01  
 82.9 1.0556e+01  14 8.74634e-01  
 83.0 1.0539e+01  14 8.73742e-01  
 83.1 1.0516e+01  14 8.72497e-01  
 83.2 1.0514e+01  14 8.72385e-01  
 83.3 1.0495e+01  14 8.71403e-01  
 83.4 1.0484e+01  14 8.70819e-01  
 83.5 1.0469e+01  14 8.70016e-01  
 83.6 1.0456e+01  14 8.69303e-01  
 83.7 1.0440e+01  14 8.68451e-01  
 83.8 1.0427e+01  14 8.67784e-01  
 83.9 1.0414e+01  14 8.67083e-01  
 84.0 1.0414e+01  14 8.67069e-01  
 84.1 1.0397e+01  14 8.66175e-01  
 84.2 1.0393e+01  14 8.65957e-01  
 84.3 1.0378e+01  14 8.65137e-01  
 84.4 1.0380e+01  14 8.65240e-01  
 84.5 1.0365e+01  14 8.64474e-01  
 84.6 1.0345e+01  14 8.63410e-01  
 84.7 1.0345e+01  14 8.63376e-01  
 84.8 1.0334e+01  14 8.62789e-01  
 84.9 1.1128e+01  14 9.04915e-01  
 85.0 1.1129e+01  14 9.04920e-01  
 85.1 1.1108e+01  14 9.03862e-01  
 85.2 1.1106e+01  14 9.03746e-01  
 85.3 1.1095e+01  14 9.03165e-01  
 85.4 1.1082e+01  14 9.02461e-01  
 85.5 1.1072e+01  14 9.01976e-01  
 85.6 1.1066e+01  14 9.01656e-01  
 85.7 1.1037e+01  14 9.00113e-01  
 85.8 1.1021e+01  14 8.99285e-01  
 85.9 1.1010e+01  14 8.98689e-01  
 86.0 1.0995e+01  14 8.97902e-01  
 86.1 1.0976e+01  14 8.96913e-01  
 86.2 1.0974e+01  14 8.96800e-01  
 86.3 1.0952e+01  14 8.95627e-01  
 86.4 1.0955e+01  14 8.95785e-01  
 86.5 1.0946e+01  14 8.95297e-01  
 86.6 1.0936e+01  14 8.94782e-01  
 86.7 1.0931e+01  14 8.94528e-01  
 86.8 1.0931e+01  14 8.94503e-01  
 86.9 1.0888e+01  14 8.92269e-01  
 87.0 1.0871e+01  14 8.91341e-01  
 87.1 1.0842e+01  14 8.89850e-01  
 87.2 1.0825e+01  14 8.88943e-01  
 87.3 1.0809e+01  14 8.88079e-01  
 87.4 1.0792e+01  14 8.87164e-01  
 87.5 1.0774e+01  14 8.86233e-01  
 87.6 1.1670e+01  14 9.33191e-01  
 87.7 1.1661e+01  14 9.32701e-01  
 87.8 1.1648e+01  14 9.32060e-01  
 87.9 1.1634e+01  14 9.31309e-01  
 88.0 1.1618e+01  14 9.30473e-01  
 88.1 1.1600e+01  14 9.29541e-01  
 88.2 1.1579e+01  14 9.28446e-01  
 88.3 1.1556e+01  14 9.27258e-01  
 88.4 1.1553e+01  14 9.27122e-01  
 88.5 1.1537e+01  14 9.26269e-01  
 88.6 1.1518e+01  14 9.25315e-01  
 88.7 1.1527e+01  14 9.25764e-01  
 88.8 1.1483e+01  14 9.23471e-01  
 88.9 1.1478e+01  14 9.23211e-01  
 89.0 1.1469e+01  14 9.22736e-01  
 89.1 1.1457e+01  14 9.22097e-01  
 89.2 1.1443e+01  14 9.21406e-01  
 89.3 1.1430e+01  14 9.20711e-01  
 89.4 1.1411e+01  14 9.19723e-01  
 89.5 1.1391e+01  14 9.18647e-01  
 89.6 1.1370e+01  14 9.17551e-01  
 89.7 1.1343e+01  14 9.16167e-01  
 89.8 1.1325e+01  14 9.15210e-01  
 89.9 1.1301e+01  14 9.13989e-01  
 90.0 1.1279e+01  14 9.12818e-01  
 90.1 1.1252e+01  14 9.11401e-01  
 90.2 1.1235e+01  14 9.10515e-01  
 90.3 1.1213e+01  14 9.09341e-01  
 90.4 1.2207e+01  14 9.60834e-01  
 90.5 1.2194e+01  14 9.60137e-01  
 90.6 1.2163e+01  14 9.58577e-01  
 90.7 1.2149e+01  14 9.57835e-01  
 90.8 1.2110e+01  14 9.55866e-01  
 90.9 1.2102e+01  14 9.55466e-01  
 91.0 1.2083e+01  14 9.54492e-01  
 91.1 1.2046e+01  14 9.52566e-01  
 91.2 1.2049e+01  14 9.52756e-01  
 91.3 1.2028e+01  14 9.51640e-01  
 91.4 1.2025e+01  14 9.51477e-01  
 91.5 1.2011e+01  14 9.50760e-01  
 91.6 1.1993e+01  14 9.49838e-01  
 91.7 1.1989e+01  14 9.49626e-01  
 91.8 1.1963e+01  14 9.48334e-01  
 91.9 1.1961e+01  14 9.48208e-01  
 92.0 1.1948e+01  14 9.47564e-01  
 92.1 1.1907e+01  14 9.45445e-01  
 92.2 1.1889e+01  14 9.44495e-01  
 92.3 1.1859e+01  14 9.42975e-01  
 92.4 1.1844e+01  14 9.42198e-01  
 92.5 1.1818e+01  14 9.40831e-01  
 92.6 1.1817e+01  14 9.40791e-01  
 92.7 1.1801e+01  14 9.39977e-01  
 92.8 1.1775e+01  14 9.38610e-01  
 92.9 1.1774e+01  14 9.38565e-01  
 93.0 1.1722e+01  14 9.35884e-01  
 93.1 1.2786e+01  14 9.90201e-01  
 93.2 1.2770e+01  14 9.89408e-01  
 93.3 1.2744e+01  14 9.88112e-01  
 93.4 1.2746e+01  14 9.88194e-01  
 93.5 1.2727e+01  14 9.87238e-01  
 93.6 1.2674e+01  14 9.84579e-01  
 93.7 1.2661e+01  14 9.83910e-01  
 93.8 1.2644e+01  14 9.83057e-01  
 93.9 1.2610e+01  14 9.81338e-01  
 94.0 1.2606e+01  14 9.81109e-01  
 94.1 1.2595e+01  14 9.80559e-01  
 94.2 1.2580e+01  14 9.79817e-01  
 94.3 1.2564e+01  14 9.78997e-01  
 94.4 1.2545e+01  14 9.78046e-01  
 94.5 1.2517e+01  14 9.76637e-01  
 94.6 1.2485e+01  14 9.75013e-01  
 94.7 1.2443e+01  14 9.72844e-01  
 94.8 1.2432e+01  14 9.72280e-01  
 94.9 1.2401e+01  14 9.70731e-01  
 95.0 1.2377e+01  14 9.69498e-01  
 95.1 1.2371e+01  14 9.69214e-01  
 95.2 1.2359e+01  14 9.68555e-01  
 95.3 1.2335e+01  14 9.67356e-01  
 95.4 1.2311e+01  14 9.66155e-01  
 95.5 1.2287e+01  14 9.64886e-01  
 95.6 1.2249e+01  14 9.62958e-01  
 95.7 1.2240e+01  14 9.62492e-01  
 95.8 1.2205e+01  14 9.60731e-01  
 95.9 1.3137e+01  14 1.00000e+00  
 96.0 1.3128e+01  14 1.00000e+00  
 96.1 1.3120e+01  14 1.00000e+00  
 96.2 1.3111e+01  14 1.00000e+00  
 96.3 1.3101e+01  14 1.00000e+00  
 96.4 1.3086e+01  14 1.00000e+00  
 96.5 1.3083e+01  14 1.00000e+00  
 96.6 1.3067e+01  14 1.00000e+00  
 96.7 1.3063e+01  14 1.00000e+00  
 96.8 1.3048e+01  14 1.00000e+00  
 96.9 1.3043e+01  14 1.00000e+00  
 97.0 1.3032e+01  14 1.00000e+00  
 97.1 1.3018e+01  14 1.00000e+00  
 97.2 1.3003e+01  14 1.00000e+00  
 97.3 1.2992e+01  14 1.00000e+00  
 97.4 1.2985e+01  14 1.00000e+00  
 97.5 1.2971e+01  14 9.99537e-01  
 97.6 1.2950e+01  14 9.98451e-01  
 97.7 1.2930e+01  14 9.97474e-01  
 97.8 1.2918e+01  14 9.96851e-01  
 97.9 1.2892e+01  14 9.95548e-01  
 98.0 1.2852e+01  14 9.93525e-01  
 98.1 1.2839e+01  14 9.92872e-01  
 98.2 1.2789e+01  14 9.90381e-01  
 98.3 1.2788e+01  14 9.90344e-01  
 98.4 1.2770e+01  14 9.89407e-01  
 98.5 1.2747e+01  14 9.88254e-01  
 98.6 1.2736e+01  14 9.87703e-01  
 98.7 1.2678e+01  14 9.84762e-01  
 98.8 1.3342e+01  14 1.00000e+00  
 98.9 1.3331e+01  14 1.00000e+00  
 99.0 1.3328e+01  14 1.00000e+00  
 99.1 1.3316e+01  14 1.00000e+00  
 99.2 1.3316e+01  14 1.00000e+00  
 99.3 1.3311e+01  14 1.00000e+00  
 99.4 1.3300e+01  14 1.00000e+00  
 99.5 1.3278e+01  14 1.00000e+00  
 99.6 1.3272e+01  14 1.00000e+00  
 99.7 1.3260e+01  14 1.00000e+00  
 99.8 1.3251e+01  14 1.00000e+00  
 99.9 1.3234e+01  14 1.00000e+00  
100.0 1.3221e+01  14 1.00000e+00  
100.1 1.3208e+01  14 1.00000e+00  
100.2 1.3197e+01  14 1.00000e+00  
100.3 1.3190e+01  14 1.00000e+00  
100.4 1.3183e+01  14 1.00000e+00  
100.5 1.3171e+01  14 1.00000e+00  
100.6 1.3166e+01  14 1.00000e+00  
100.7 1.3151e+01  14 1.00000e+00  
100.8 1.3149e+01  14 1.00000e+00  
100.9 1.3140e+01  14 1.00000e+00  
101.0 1.3131e+01  14 1.00000e+00  
101.1 1.3121e+01  14 1.00000e+00  
101.2 1.3111e+01  14 1.00000e+00  
101.3 1.3098e+01  14 1.00000e+00  
101.4 1.3088e+01  14 1.00000e+00  
101.5 1.3074e+01  14 1.00000e+00  
101.6 1.3552e+01  14 1.00000e+00  
101.7 1.3541e+01  14 1.00000e+00  
101.8 1.3539e+01  14 1.00000e+00  
101.9 1.3531e+01  14 1.00000e+00  
102.0 1.3523e+01  14 1.00000e+00  
102.1 1.3513e+01  14 1.00000e+00  
102.2 1.3502e+01  14 1.00000e+00  
102.3 1.3512e+01  14 1.00000e+00  
102.4 1.3492e+01  14 1.00000e+00  
102.5 1.3475e+01  14 1.00000e+00  
102.6 1.3459e+01  14 1.00000e+00  
102.7 1.3442e+01  14 1.00000e+00  
102.8 1.3426e+01  14 1.00000e+00  
102.9 1.3414e+01  14 1.00000e+00  
103.0 1.3400e+01  14 1.00000e+00  
103.1 1.3401e+01  14 1.00000e+00  
103.2 1.3391e+01  14 1.00000e+00  
103.3 1.3382e+01  14 1.00000e+00  
103.4 1.3378e+01  14 1.00000e+00  
103.5 1.3370e+01  14 1.00000e+00  
103.6 1.3349e+01  14 1.00000e+00  
103.7 1.3336e+01  14 1.00000e+00  
103.8 1.3327e+01  14 1.00000e+00  
103.9 1.3321e+01  14 1.00000e+00  
104.0 1.3316e+01  14 1.00000e+00  
104.1 1.3310e+01  14 1.00000e+00  
104.2 1.3302e+01  14 1.00000e+00  
104.3 1.3276e+01  14 1.00000e+00  
104.4 1.3270e+01  14 1.00000e+00  
104.5 1.3778e+01  14 1.00000e+00  
104.6 1.3768e+01  14 1.00000e+00  
104.7 1.3760e+01  14 1.00000e+00  
104.8 1.3759e+01  14 1.00000e+00  
104.9 1.3750e+01  14 1.00000e+00  
105.0 1.3742e+01  14 1.00000e+00  
105.1 1.3709e+01  14 1.00000e+00  
105.2 1.3702e+01  14 1.00000e+00  
105.3 1.3693e+01  14 1.00000e+00  
105.4 1.3678e+01  14 1.00000e+00  
105.5 1.3666e+01  14 1.00000e+00  
105.6 1.3654e+01  14 1.00000e+00  
105.7 1.3641e+01  14 1.00000e+00  
105.8 1.3629e+01  14 1.00000e+00  
105.9 1.3617e+01  14 1.00000e+00  
106.0 1.3605e+01  14 1.00000e+00  
106.1 1.3594e+01  14 1.00000e+00  
106.2 1.3592e+01  14 1.00000e+00  
106.3 1.3582e+01  14 1.00000e+00  
106.4 1.3553e+01  14 1.00000e+00  
106.5 1.3540e+01  14 1.00000e+00  
106.6 1.3531e+01  14 1.00000e+00  
106.7 1.3520e+01  14 1.00000e+00  
106.8 1.3507e+01  14 1.00000e+00  
106.9 1.3519e+01  14 1.00000e+00  
107.0 1.3509e+01  14 1.00000e+00  
107.1 1.3490e+01  14 1.00000e+00  
107.2 1.3481e+01  14 1.00000e+00  
107.3 1.3469e+01  14 1.00000e+00  
107.4 1.3457e+01  14 1.00000e+00  
107.5 1.3986e+01  14 1.00000e+00  
107.6 1.3973e+01  14 1.00000e+00  
107.7 1.3956e+01  14 1.00000e+00  
107.8 1.3944e+01  14 1.00000e+00  
107.9 1.3935e+01  14 1.00000e+00  
108.0 1.3933e+01  14 1.00000e+00  
108.1 1.3910e+01  14 1.00000e+00  
108.2 1.3898e+01  14 1.00000e+00  
108.3 1.3882e+01  14 1.00000e+00  
108.4 1.3866e+01  14 1.00000e+00  
108.5 1.3843e+01  14 1.00000e+00  
108.6 1.3840e+01  14 1.00000e+00  
108.7 1.3831e+01  14 1.00000e+00  
108.8 1.3822e+01  14 1.00000e+00  
108.9 1.3814e+01  14 1.00000e+00  
109.0 1.3805e+01  14 1.00000e+00  
109.1 1.3776e+01  14 1.00000e+00  
109.2 1.3775e+01  14 1.00000e+00  
109.3 1.3758e+01  14 1.00000e+00  
109.4 1.3756e+01  14 1.00000e+00  
109.5 1.3749e+01  14 1.00000e+00  
109.6 1.3742e+01  14 1.00000e+00  
109.7 1.3713e+01  14 1.00000e+00  
109.8 1.3703e+01  14 1.00000e+00  
109.9 1.3698e+01  14 1.00000e+00  
110.0 1.3687e+01  14 1.00000e+00  
110.1 1.3673e+01  14 1.00000e+00  
110.2 1.3666e+01  14 1.00000e+00  
110.3 1.3655e+01  14 1.00000e+00  
110.4 1.4203e+01  14 1.00000e+00  
110.5 1.4190e+01  14 1.00000e+00  
110.6 1.4159e+01  14 1.00000e+00  
110.7 1.4154e+01  14 1.00000e+00  
110.8 1.4147e+01  14 1.00000e+00  
110.9 1.4135e+01  14 1.00000e+00  
111.0 1.4115e+01  14 1.00000e+00  
111.1 1.4105e+01  14 1.00000e+00  
111.2 1.4093e+01  14 1.00000e+00  
111.3 1.4078e+01  14 1.00000e+00  
111.4 1.4062e+01  14 1.00000e+00  
111.5 1.4055e+01  14 1.00000e+00  
111.6 1.4050e+01  14 1.00000e+00  
111.7 1.4019e+01  14 1.00000e+00  
111.8 1.4012e+01  14 1.00000e+00  
111.9 1.4003e+01  14 1.00000e+00  
112.0 1.3991e+01  14 1.00000e+00  
112.1 1.3980e+01  14 1.00000e+00  
112.2 1.3967e+01  14 1.00000e+00  
112.3 1.3951e+01  14 1.00000e+00  
112.4 1.3937e+01  14 1.00000e+00  
112.5 1.3947e+01  14 1.00000e+00  
112.6 1.3929e+01  14 1.00000e+00  
112.7 1.3914e+01  14 1.00000e+00  
112.8 1.3895e+01  14 1.00000e+00  
112.9 1.3882e+01  14 1.00000e+00  
113.0 1.3872e+01  14 1.00000e+00  
113.1 1.3848e+01  14 1.00000e+00  
113.2 1.3843e+01  14 1.00000e+00  
113.3 1.3832e+01  14 1.00000e+00  
113.4 1.4392e+01  14 1.00000e+00  
113.5 1.4392e+01  14 1.00000e+00  
113.6 1.4372e+01  14 1.00000e+00  
113.7 1.4353e+01  14 1.00000e+00  
113.8 1.4335e+01  14 1.00000e+00  
113.9 1.4323e+01  14 1.00000e+00  
114.0 1.4308e+01  14 1.00000e+00  
114.1 1.4296e+01  14 1.00000e+00  
114.2 1.4283e+01  14 1.00000e+00  
114.3 1.4274e+01  14 1.00000e+00  
114.4 1.4271e+01  14 1.00000e+00  
114.5 1.4245e+01  14 1.00000e+00  
114.6 1.4236e+01  14 1.00000e+00  
114.7 1.4217e+01  14 1.00000e+00  
114.8 1.4215e+01  14 1.00000e+00  
114.9 1.4207e+01  14 1.00000e+00  
115.0 1.4200e+01  14 1.00000e+00  
115.1 1.4166e+01  14 1.00000e+00  
115.2 1.4158e+01  14 1.00000e+00  
115.3 1.4148e+01  14 1.00000e+00  
115.4 1.4139e+01  14 1.00000e+00  
115.5 1.4125e+01  14 1.00000e+00  
115.6 1.4110e+01  14 1.00000e+00  
115.7 1.4102e+01  14 1.00000e+00  
115.8 1.4091e+01  14 1.00000e+00  
115.9 1.4075e+01  14 1.00000e+00  
116.0 1.4058e+01  14 1.00000e+00  
116.1 1.4047e+01  14 1.00000e+00  
116.2 1.4027e+01  14 1.00000e+00  
116.3 1.4013e+01  14 1.00000e+00  
116.4 1.4459e+01  14 1.00000e+00  
116.5 1.4445e+01  14 1.00000e+00  
116.6 1.4432e+01  14 1.00000e+00  
116.7 1.4413e+01  14 1.00000e+00  
116.8 1.4399e+01  14 1.00000e+00  
116.9 1.4389e+01  14 1.00000e+00  
117.0 1.4385e+01  14 1.00000e+00  
117.1 1.4364e+01  14 1.00000e+00  
117.2 1.4345e+01  14 1.00000e+00  
117.3 1.4327e+01  14 1.00000e+00  
117.4 1.4462e+01  14 1.00000e+00  
117.5 1.4448e+01  14 1.00000e+00  
117.6 1.4434e+01  14 1.00000e+00  
117.7 1.4421e+01  14 1.00000e+00  
117.8 1.4403e+01  14 1.00000e+00  
117.9 1.4391e+01  14 1.00000e+00  
118.0 1.4395e+01  14 1.00000e+00  
118.1 1.4373e+01  14 1.00000e+00  
118.2 1.4352e+01  14 1.00000e+00  
118.3 1.4335e+01  14 1.00000e+00  
118.4 1.4320e+01  14 1.00000e+00  
118.5 1.4306e+01  14 1.00000e+00  
118.6 1.4300e+01  14 1.00000e+00  
118.7 1.4291e+01  14 1.00000e+00  
118.8 1.4273e+01  14 1.00000e+00  
118.9 1.4271e+01  14 1.00000e+00  
119.0 1.4243e+01  14 1.00000e+00  
119.1 1.4230e+01  14 1.00000e+00  
119.2 1.4219e+01  14 1.00000e+00  
119.3 1.4209e+01  14 1.00000e+00  
119.4 1.4394e+01  14 1.00000e+00  
119.5 1.4389e+01  14 1.00000e+00  
119.6 1.4368e+01  14 1.00000e+00  
119.7 1.4341e+01  14 1.00000e+00  
119.8 1.4475e+01  14 1.00000e+00  
119.9 1.4464e+01  14 1.00000e+00  
120.0 1.4447e+01  14 1.00000e+00  
120.1 1.4435e+01  14 1.00000e+00  
120.2 1.4417e+01  14 1.00000e+00  
120.3 1.4394e+01  14 1.00000e+00  
120.4 1.4403e+01  14 1.00000e+00  
120.5 1.4384e+01  14 1.00000e+00  
120.6 1.4353e+01  14 1.00000e+00  
120.7 1.4339e+01  14 1.00000e+00  
120.8 1.4323e+01  14 1.00000e+00  
120.9 1.4459e+01  14 1.00000e+00  
121.0 1.4442e+01  14 1.00000e+00  
121.1 1.4430e+01  14 1.00000e+00  
121.2 1.4417e+01  14 1.00000e+00  
121.3 1.4395e+01  14 1.00000e+00  
121.4 1.4403e+01  14 1.00000e+00  
121.5 1.4387e+01  14 1.00000e+00  
121.6 1.4363e+01  14 1.00000e+00  
121.7 1.4486e+01  14 1.00000e+00  
121.8 1.4468e+01  14 1.00000e+00  
121.9 1.4452e+01  14 1.00000e+00  
122.0 1.4434e+01  14 1.00000e+00  
122.1 1.4420e+01  14 1.00000e+00  
122.2 1.4394e+01  14 1.00000e+00  
122.3 1.4404e+01  14 1.00000e+00  
122.4 1.4382e+01  14 1.00000e+00  
122.5 1.4493e+01  14 1.00000e+00  
122.6 1.4318e+01  14 1.00000e+00  
122.7 1.4449e+01  14 1.00000e+00  
122.8 1.4434e+01  14 1.00000e+00  
122.9 1.4405e+01  14 1.00000e+00  
123.0 1.4394e+01  14 1.00000e+00  
123.1 1.4397e+01  14 1.00000e+00  
123.2 1.4368e+01  14 1.00000e+00  
123.3 1.4352e+01  14 1.00000e+00  
123.4 1.4320e+01  14 1.00000e+00  
123.5 1.4461e+01  14 1.00000e+00  
123.6 1.4441e+01  14 1.00000e+00  
123.7 1.4426e+01  14 1.00000e+00  
123.8 1.4405e+01  14 1.00000e+00  
123.9 1.4389e+01  14 1.00000e+00  
124.0 1.4385e+01  14 1.00000e+00  
124.1 1.4366e+01  14 1.00000e+00  
124.2 1.4342e+01  14 1.00000e+00  
124.3 1.4319e+01  14 1.00000e+00  
124.4 1.4307e+01  14 1.00000e+00  
124.5 1.4442e+01  14 1.00000e+00  
124.6 1.4423e+01  14 1.00000e+00  
124.7 1.4393e+01  14 1.00000e+00  
124.8 1.4402e+01  14 1.00000e+00  
124.9 1.4369e+01  14 1.00000e+00  
125.0 1.4347e+01  14 1.00000e+00  
125.1 1.4325e+01  14 1.00000e+00  
125.2 1.4457e+01  14 1.00000e+00  
125.3 1.4441e+01  14 1.00000e+00  
125.4 1.4426e+01  14 1.00000e+00  
125.5 1.4408e+01  14 1.00000e+00  
125.6 1.4382e+01  14 1.00000e+00  
125.7 1.4352e+01  14 1.00000e+00  
125.8 1.4465e+01  14 1.00000e+00  
125.9 1.4439e+01  14 1.00000e+00  
126.0 1.4417e+01  14 1.00000e+00  
126.1 1.4391e+01  14 1.00000e+00  
126.2 1.4394e+01  14 1.00000e+00  
126.3 1.4356e+01  14 1.00000e+00  
126.4 1.4471e+01  14 1.00000e+00  
126.5 1.4442e+01  14 1.00000e+00  
126.6 1.4428e+01  14 1.00000e+00  
126.7 1.4394e+01  14 1.00000e+00  
126.8 1.4400e+01  14 1.00000e+00  
126.9 1.4362e+01  14 1.00000e+00  
127.0 1.4340e+01  14 1.00000e+00  
127.1 1.4313e+01  14 1.00000e+00  
127.2 1.4451e+01  14 1.00000e+00  
127.3 1.4429e+01  14 1.00000e+00  
127.4 1.4405e+01  14 1.00000e+00  
127.5 1.4395e+01  14 1.00000e+00  
127.6 1.4368e+01  14 1.00000e+00  
127.7 1.4338e+01  14 1.00000e+00  
127.8 1.4463e+01  14 1.00000e+00  
127.9 1.4441e+01  14 1.00000e+00  
128.0 1.4426e+01  14 1.00000e+00  
128.1 1.4393e+01  14 1.00000e+00  
128.2 1.4400e+01  14 1.00000e+00  
128.3 1.4370e+01  14 1.00000e+00  
128.4 1.4348e+01  14 1.00000e+00  
128.5 1.4319e+01  14 1.00000e+00  
128.6 1.4307e+01  14 1.00000e+00  
128.7 1.4404e+01  14 1.00000e+00  
128.8 1.4395e+01  14 1.00000e+00  
128.9 1.4364e+01  14 1.00000e+00  
129.0 1.4477e+01  14 1.00000e+00  
129.1 1.4455e+01  14 1.00000e+00  
129.2 1.4435e+01  14 1.00000e+00  
129.3 1.4410e+01  14 1.00000e+00  
129.4 1.4394e+01  14 1.00000e+00  
129.5 1.4401e+01  14 1.00000e+00  
129.6 1.4364e+01  14 1.00000e+00  
129.7 1.4321e+01  14 1.00000e+00  
129.8 1.4452e+01  14 1.00000e+00  
129.9 1.4423e+01  14 1.00000e+00  
130.0 1.4404e+01  14 1.00000e+00  
130.1 1.4396e+01  14 1.00000e+00  
130.2 1.4349e+01  14 1.00000e+00  
130.3 1.4469e+01  14 1.00000e+00  
130.4 1.4434e+01  14 1.00000e+00  
130.5 1.4401e+01  14 1.00000e+00  
130.6 1.4394e+01  14 1.00000e+00  
130.7 1.4474e+01  14 1.00000e+00  
130.8 1.4442e+01  14 1.00000e+00  
130.9 1.4414e+01  14 1.00000e+00  
131.0 1.4389e+01  14 1.00000e+00  
131.1 1.4370e+01  14 1.00000e+00  
131.2 1.4336e+01  14 1.00000e+00  
131.3 1.4311e+01  14 1.00000e+00  
131.4 1.4448e+01  14 1.00000e+00  
131.5 1.4419e+01  14 1.00000e+00  
131.6 1.4396e+01  14 1.00000e+00  
131.7 1.4390e+01  14 1.00000e+00  
131.8 1.4368e+01  14 1.00000e+00  
131.9 1.4416e+01  14 1.00000e+00  
132.0 1.4395e+01  14 1.00000e+00  
132.1 1.4387e+01  14 1.00000e+00  
132.2 1.4356e+01  14 1.00000e+00  
132.3 1.4327e+01  14 1.00000e+00  
132.4 1.4456e+01  14 1.00000e+00  
132.5 1.4428e+01  14 1.00000e+00  
132.6 1.4414e+01  14 1.00000e+00  
132.7 1.4405e+01  14 1.00000e+00  
132.8 1.4398e+01  14 1.00000e+00  
132.9 1.4372e+01  14 1.00000e+00  
133.0 1.4477e+01  14 1.00000e+00  
133.1 1.4456e+01  14 1.00000e+00  
133.2 1.4434e+01  14 1.00000e+00  
133.3 1.4401e+01  14 1.00000e+00  
133.4 1.4400e+01  14 1.00000e+00  
133.5 1.4347e+01  14 1.00000e+00  
133.6 1.4307e+01  14 1.00000e+00  
133.7 1.4427e+01  14 1.00000e+00  
133.8 1.4393e+01  14 1.00000e+00  
133.9 1.4382e+01  14 1.00000e+00  
134.0 1.4322e+01  14 1.00000e+00  
134.1 1.4450e+01  14 1.00000e+00  
134.2 1.4419e+01  14 1.00000e+00  
134.3 1.4391e+01  14 1.00000e+00  
134.4 1.4376e+01  14 1.00000e+00  
134.5 1.4459e+01  14 1.00000e+00  
134.6 1.4433e+01  14 1.00000e+00  
134.7 1.4415e+01  14 1.00000e+00  
134.8 1.4398e+01  14 1.00000e+00  
134.9 1.4364e+01  14 1.00000e+00  
135.0 1.4443e+01  14 1.00000e+00  
135.1 1.4432e+01  14 1.00000e+00  
135.2 1.4414e+01  14 1.00000e+00  
135.3 1.4388e+01  14 1.00000e+00  
135.4 1.4384e+01  14 1.00000e+00  
135.5 1.4355e+01  14 1.00000e+00  
135.6 1.4338e+01  14 1.00000e+00  
135.7 1.4458e+01  14 1.00000e+00  
135.8 1.4435e+01  14 1.00000e+00  
135.9 1.4420e+01  14 1.00000e+00  
136.0 1.4403e+01  14 1.00000e+00  
136.1 1.4387e+01  14 1.00000e+00  
136.2 1.4375e+01  14 1.00000e+00  
136.3 1.4335e+01  14 1.00000e+00  
136.4 1.4306e+01  14 1.00000e+00  
136.5 1.4429e+01  14 1.00000e+00  
136.6 1.4393e+01  14 1.00000e+00  
136.7 1.4385e+01  14 1.00000e+00  
136.8 1.4335e+01  14 1.00000e+00  
136.9 1.4457e+01  14 1.00000e+00  
137.0 1.4426e+01  14 1.00000e+00  
137.1 1.4404e+01  14 1.00000e+00  
137.2 1.4386e+01  14 1.00000e+00  
137.3 1.4340e+01  14 1.00000e+00  
137.4 1.4454e+01  14 1.00000e+00  
137.5 1.4431e+01  14 1.00000e+00  
137.6 1.4393e+01  14 1.00000e+00  
137.7 1.4396e+01  14 1.00000e+00  
137.8 1.4324e+01  14 1.00000e+00  
137.9 1.4447e+01  14 1.00000e+00  
138.0 1.4424e+01  14 1.00000e+00  
138.1 1.4394e+01  14 1.00000e+00  
138.2 1.4383e+01  14 1.00000e+00  
138.3 1.4366e+01  14 1.00000e+00  
138.4 1.4450e+01  14 1.00000e+00  
138.5 1.4421e+01  14 1.00000e+00  
138.6 1.4396e+01  14 1.00000e+00  
138.7 1.4385e+01  14 1.00000e+00  
138.8 1.4355e+01  14 1.00000e+00  
138.9 1.4334e+01  14 1.00000e+00  
139.0 1.4307e+01  14 1.00000e+00  
139.1 1.4445e+01  14 1.00000e+00  
139.2 1.4422e+01  14 1.00000e+00  
139.3 1.4396e+01  14 1.00000e+00  
139.4 1.4387e+01  14 1.00000e+00  
139.5 1.4373e+01  14 1.00000e+00  
139.6 1.4335e+01  14 1.00000e+00  
139.7 1.4454e+01  14 1.00000e+00  
139.8 1.4426e+01  14 1.00000e+00  
139.9 1.4395e+01  14 1.00000e+00  
140.0 1.4387e+01  14 1.00000e+00  
140.1 1.4345e+01  14 1.00000e+00  
140.2 1.4459e+01  14 1.00000e+00  
140.3 1.4434e+01  14 1.00000e+00  
140.4 1.4402e+01  14 1.00000e+00  
140.5 1.4403e+01  14 1.00000e+00  
140.6 1.4357e+01  14 1.00000e+00  
140.7 1.4315e+01  14 1.00000e+00  
140.8 1.4444e+01  14 1.00000e+00  
140.9 1.4417e+01  14 1.00000e+00  
141.0 1.4395e+01  14 1.00000e+00  
141.1 1.4379e+01  14 1.00000e+00  
141.2 1.4323e+01  14 1.00000e+00  
141.3 1.4452e+01  14 1.00000e+00  
141.4 1.4423e+01  14 1.00000e+00  
141.5 1.4402e+01  14 1.00000e+00  
141.6 1.4393e+01  14 1.00000e+00  
141.7 1.4367e+01  14 1.00000e+00  
141.8 1.4453e+01  14 1.00000e+00  
141.9 1.4431e+01  14 1.00000e+00  
142.0 1.4410e+01  14 1.00000e+00  
142.1 1.4401e+01  14 1.00000e+00  
142.2 1.4370e+01  14 1.00000e+00  
142.3 1.4495e+01  14 1.00000e+00  
142.4 1.4445e+01  14 1.00000e+00  
142.5 1.4422e+01  14 1.00000e+00  
142.6 1.4390e+01  14 1.00000e+00  
142.7 1.4381e+01  14 1.00000e+00  
142.8 1.4348e+01  14 1.00000e+00  
142.9 1.4468e+01  14 1.00000e+00  
143.0 1.4454e+01  14 1.00000e+00  
143.1 1.4431e+01  14 1.00000e+00  
143.2 1.4393e+01  14 1.00000e+00  
143.3 1.4397e+01  14 1.00000e+00  
143.4 1.4363e+01  14 1.00000e+00  
143.5 1.4318e+01  14 1.00000e+00  
143.6 1.4445e+01  14 1.00000e+00  
143.7 1.4419e+01  14 1.00000e+00  
143.8 1.4394e+01  14 1.00000e+00  
143.9 1.4383e+01  14 1.00000e+00  
144.0 1.4348e+01  14 1.00000e+00  
144.1 1.4306e+01  14 1.00000e+00  
144.2 1.4435e+01  14 1.00000e+00  
144.3 1.4414e+01  14 1.00000e+00  
144.4 1.4388e+01  14 1.00000e+00  
144.5 1.4381e+01  14 1.00000e+00  
144.6 1.4475e+01  14 1.00000e+00  
144.7 1.4453e+01  14 1.00000e+00  
144.8 1.4431e+01  14 1.00000e+00  
144.9 1.4404e+01  14 1.00000e+00  
145.0 1.4402e+01  14 1.00000e+00  
145.1 1.4371e+01  14 1.00000e+00  
145.2 1.4305e+01  14 1.00000e+00  
145.3 1.4443e+01  14 1.00000e+00  
145.4 1.4422e+01  14 1.00000e+00  
145.5 1.4394e+01  14 1.00000e+00  
145.6 1.4385e+01  14 1.00000e+00  
145.7 1.4308e+01  14 1.00000e+00  
145.8 1.4432e+01  14 1.00000e+00  
145.9 1.4399e+01  14 1.00000e+00  
146.0 1.4387e+01  14 1.00000e+00  
146.1 1.4344e+01  14 1.00000e+00  
146.2 1.4311e+01  14 1.00000e+00  
146.3 1.4442e+01  14 1.00000e+00  
146.4 1.4416e+01  14 1.00000e+00  
146.5 1.4393e+01  14 1.00000e+00  
146.6 1.4373e+01  14 1.00000e+00  
146.7 1.4369e+01  14 1.00000e+00  
146.8 1.4335e+01  14 1.00000e+00  
146.9 1.4456e+01  14 1.00000e+00  
147.0 1.4426e+01  14 1.00000e+00  
147.1 1.4407e+01  14 1.00000e+00  
147.2 1.4399e+01  14 1.00000e+00  
147.3 1.4370e+01  14 1.00000e+00  
147.4 1.4339e+01  14 1.00000e+00  
147.5 1.4455e+01  14 1.00000e+00  
147.6 1.4433e+01  14 1.00000e+00  
147.7 1.4418e+01  14 1.00000e+00  
147.8 1.4401e+01  14 1.00000e+00  
147.9 1.4382e+01  14 1.00000e+00  
148.0 1.4489e+01  14 1.00000e+00  
148.1 1.4457e+01  14 1.00000e+00  
148.2 1.4439e+01  14 1.00000e+00  
148.3 1.4416e+01  14 1.00000e+00  
148.4 1.4394e+01  14 1.00000e+00  
148.5 1.4387e+01  14 1.00000e+00  
148.6 1.4335e+01  14 1.00000e+00  
148.7 1.4308e+01  14 1.00000e+00  
148.8 1.4427e+01  14 1.00000e+00  
148.9 1.4396e+01  14 1.00000e+00  
149.0 1.4387e+01  14 1.00000e+00  
149.1 1.4468e+01  14 1.00000e+00  
149.2 1.4434e+01  14 1.00000e+00  
149.3 1.4415e+01  14 1.00000e+00  
149.4 1.4401e+01  14 1.00000e+00  
149.5 1.4364e+01  14 1.00000e+00  
149.6 1.4439e+01  14 1.00000e+00  
149.7 1.4419e+01  14 1.00000e+00  
149.8 1.4393e+01  14 1.00000e+00  
149.9 1.4387e+01  14 1.00000e+00  
150.0 1.4354e+01  14 1.00000e+00  
