 15.1 1.4262e+00  13 4.16556e-02  
 15.2 1.4336e+00  13 4.20031e-02  
 15.3 1.4409e+00  13 4.23464e-02  
 15.4 1.4483e+00  13 4.26853e-02  
 15.5 1.4556e+00  13 4.30201e-02  
 15.6 1.4630e+00  13 4.33509e-02  
 15.7 1.4703e+00  13 4.36772e-02  
 15.8 1.4777e+00  13 4.40000e-02  
 15.9 1.4850e+00  13 4.43190e-02  
 16.0 1.4923e+00  13 4.46342e-02  
 16.1 1.4997e+00  13 4.49457e-02  
 16.2 1.5070e+00  13 4.52535e-02  
 16.3 1.5144e+00  13 4.55578e-02  
 16.4 1.5217e+00  13 4.58585e-02  
 16.5 1.5291e+00  13 4.61553e-02  
 16.6 1.5364e+00  13 4.64492e-02  
 16.7 1.5469e+00  13 4.69977e-02  
 16.8 1.5582e+00  13 4.76010e-02  
 16.9 1.5696e+00  13 4.82052e-02  
 17.0 1.5810e+00  13 4.88104e-02  
 17.1 1.5926e+00  13 4.94167e-02  
 17.2 1.6042e+00  13 5.00242e-02  
 17.3 1.6159e+00  13 5.06328e-02  
 17.4 1.6277e+00  13 5.12427e-02  
 17.5 1.6397e+00  13 5.18540e-02  
 17.6 1.6517e+00  13 5.24659e-02  
 17.7 1.6638e+00  13 5.30799e-02  
 17.8 1.6759e+00  13 5.36955e-02  
 17.9 1.6882e+00  13 5.43126e-02  
 18.0 1.7006e+00  13 5.49313e-02  
 18.1 1.7131e+00  13 5.55520e-02  
 18.2 1.7257e+00  13 5.61768e-02  
 18.3 1.7383e+00  13 5.68040e-02  
 18.4 1.7511e+00  13 5.74330e-02  
 18.5 1.7640e+00  13 5.80646e-02  
 18.6 1.7770e+00  13 5.86976e-02  
 18.7 1.7900e+00  13 5.93327e-02  
 18.8 1.8032e+00  13 5.99701e-02  
 18.9 1.8165e+00  13 6.06097e-02  
 19.0 1.8299e+00  13 6.12522e-02  
 19.1 1.8433e+00  13 6.18974e-02  
 19.2 1.8569e+00  13 6.25444e-02  
 19.3 1.8706e+00  13 6.31934e-02  
 19.4 1.8844e+00  13 6.39078e-02  
 19.5 1.8983e+00  13 6.45630e-02  
 19.6 1.9123e+00  13 6.52207e-02  
 19.7 1.7358e+01  14 1.00000e+00  
 19.8 1.7442e+01  14 1.00000e+00  
 19.9 1.7526e+01  14 1.00000e+00  
 20.0 1.7609e+01  14 1.00000e+00  
 20.1 1.7693e+01  14 1.00000e+00  
 20.2 1.7777e+01  14 1.00000e+00  
 20.3 1.7861e+01  14 1.00000e+00  
 20.4 1.7945e+01  14 1.00000e+00  
 20.5 1.8028e+01  14 1.00000e+00  
 20.6 1.8111e+01  14 1.00000e+00  
 20.7 1.8177e+01  14 1.00000e+00  
 20.8 1.8260e+01  14 1.00000e+00  
 20.9 1.8343e+01  14 1.00000e+00  
 21.0 1.8426e+01  14 1.00000e+00  
 21.1 1.8509e+01  14 1.00000e+00  
 21.2 1.8592e+01  14 1.00000e+00  
 21.3 1.8675e+01  14 1.00000e+00  
 21.4 1.8757e+01  14 1.00000e+00  
 21.5 1.8840e+01  14 1.00000e+00  
 21.6 1.8923e+01  14 1.00000e+00  
 21.7 1.9005e+01  14 1.00000e+00  
 21.8 1.9088e+01  14 1.00000e+00  
 21.9 1.9170e+01  14 1.00000e+00  
 22.0 1.9252e+01  14 1.00000e+00  
 22.1 1.9334e+01  14 1.00000e+00  
 22.2 1.9396e+01  14 1.00000e+00  
 22.3 1.9478e+01  14 1.00000e+00  
 22.4 1.9560e+01  14 1.00000e+00  
 22.5 1.9642e+01  14 1.00000e+00  
 22.6 5.5863e+00  14 2.48963e-01  
 22.7 5.7063e+00  14 2.54234e-01  
 22.8 5.8279e+00  14 2.59547e-01  
 22.9 5.9511e+00  14 2.64903e-01  
 23.0 6.0761e+00  14 2.70304e-01  
 23.1 6.2027e+00  14 2.75745e-01  
 23.2 6.3309e+00  14 2.81232e-01  
 23.3 6.4609e+00  14 2.86759e-01  
 23.4 6.5925e+00  14 2.92332e-01  
 23.5 6.7258e+00  14 2.97941e-01  
 23.6 6.8609e+00  14 3.03592e-01  
 23.7 6.9953e+00  14 3.09525e-01  
 23.8 7.1336e+00  14 3.15256e-01  
 23.9 7.2735e+00  14 3.21030e-01  
 24.0 7.4151e+00  14 3.26841e-01  
 24.1 7.5585e+00  14 3.32694e-01  
 24.2 7.7036e+00  14 3.38589e-01  
 24.3 7.8503e+00  14 3.44523e-01  
 24.4 7.9989e+00  14 3.50497e-01  
 24.5 8.1491e+00  14 3.56510e-01  
 24.6 8.3011e+00  14 3.62564e-01  
 24.7 8.4549e+00  14 3.68657e-01  
 24.8 8.6104e+00  14 3.74790e-01  
 24.9 8.7676e+00  14 3.80961e-01  
 25.0 8.9266e+00  14 3.87174e-01  
 25.1 9.0873e+00  14 3.93424e-01  
 25.2 9.2499e+00  14 3.99712e-01  
 25.3 9.4080e+00  14 4.06245e-01  
 25.4 9.5738e+00  14 4.12610e-01  
 25.5 9.7414e+00  14 4.19012e-01  
 25.6 9.9106e+00  14 4.25457e-01  
 25.7 1.0082e+01  14 4.31937e-01  
 25.8 1.0255e+01  14 4.38454e-01  
 25.9 1.0429e+01  14 4.45009e-01  
 26.0 1.0606e+01  14 4.51603e-01  
 26.1 1.0784e+01  14 4.58236e-01  
 26.2 1.0964e+01  14 4.64905e-01  
 26.3 1.1146e+01  14 4.71612e-01  
 26.4 1.1330e+01  14 4.78356e-01  
 26.5 1.1516e+01  14 4.85138e-01  
 26.6 1.1703e+01  14 4.91960e-01  
 26.7 1.1892e+01  14 4.98818e-01  
 26.8 1.2084e+01  14 5.05713e-01  
 26.9 1.2276e+01  14 5.12646e-01  
 27.0 1.2460e+01  14 5.19779e-01  
 27.1 1.2656e+01  14 5.26783e-01  
 27.2 1.2854e+01  14 5.33823e-01  
 27.3 1.3054e+01  14 5.40903e-01  
 27.4 1.3256e+01  14 5.48018e-01  
 27.5 1.3460e+01  14 5.55169e-01  
 27.6 1.3665e+01  14 5.62359e-01  
 27.7 1.3873e+01  14 5.69584e-01  
 27.8 1.4082e+01  14 5.76846e-01  
 27.9 1.4293e+01  14 5.84147e-01  
 28.0 1.4506e+01  14 5.91483e-01  
 28.1 1.4721e+01  14 5.98855e-01  
 28.2 1.4938e+01  14 6.06264e-01  
 28.3 1.5157e+01  14 6.13709e-01  
 28.4 1.5378e+01  14 6.21191e-01  
 28.5 1.5600e+01  14 6.28709e-01  
 28.6 1.5825e+01  14 6.36265e-01  
 28.7 1.6051e+01  14 6.43856e-01  
 28.8 1.6261e+01  14 6.51601e-01  
 28.9 1.6491e+01  14 6.59262e-01  
 29.0 1.6723e+01  14 6.66958e-01  
 29.1 1.6957e+01  14 6.74691e-01  
 29.2 1.7193e+01  14 6.82461e-01  
 29.3 1.7430e+01  14 6.90268e-01  
 29.4 1.7670e+01  14 6.98110e-01  
 29.5 1.7911e+01  14 7.05988e-01  
 29.6 1.8154e+01  14 7.13905e-01  
 29.7 1.8400e+01  14 7.21856e-01  
 29.8 1.8647e+01  14 7.29842e-01  
 29.9 1.8897e+01  14 7.37865e-01  
 30.0 1.9148e+01  14 7.45925e-01  
 30.1 1.9401e+01  14 7.54020e-01  
 30.2 1.9657e+01  14 7.62151e-01  
 30.3 1.9914e+01  14 7.70318e-01  
 30.4 2.0173e+01  14 7.78522e-01  
 30.5 2.0435e+01  14 7.86761e-01  
 30.6 2.0670e+01  14 7.95107e-01  
 30.7 2.0935e+01  14 8.03416e-01  
 30.8 2.1202e+01  14 8.11761e-01  
 30.9 2.1470e+01  14 8.20143e-01  
 31.0 2.1741e+01  14 8.28560e-01  
 31.1 2.2014e+01  14 8.37013e-01  
 31.2 2.2289e+01  14 8.45503e-01  
 31.3 2.2565e+01  14 8.54028e-01  
 31.4 2.2844e+01  14 8.62590e-01  
 31.5 2.3125e+01  14 8.71188e-01  
 31.6 2.3407e+01  14 8.79823e-01  
 31.7 2.3693e+01  14 8.88493e-01  
 31.8 2.3980e+01  14 8.97200e-01  
 31.9 2.4269e+01  14 9.05942e-01  
 32.0 2.4560e+01  14 9.14721e-01  
 32.1 2.4853e+01  14 9.23536e-01  
 32.2 2.5149e+01  14 9.32387e-01  
 32.3 2.5446e+01  14 9.41275e-01  
 32.4 2.5746e+01  14 9.50198e-01  
 32.5 2.6048e+01  14 9.59158e-01  
 32.6 2.6309e+01  14 9.68166e-01  
 32.7 2.6614e+01  14 9.77195e-01  
 32.8 2.6921e+01  14 9.86261e-01  
 32.9 2.7230e+01  14 9.95363e-01  
 33.0 2.7422e+01  14 1.00000e+00  
 33.1 2.7491e+01  14 1.00000e+00  
 33.2 2.7560e+01  14 1.00000e+00  
 33.3 2.7628e+01  14 1.00000e+00  
 33.4 2.7697e+01  14 1.00000e+00  
 33.5 2.7765e+01  14 1.00000e+00  
 33.6 2.7833e+01  14 1.00000e+00  
 33.7 2.7901e+01  14 1.00000e+00  
 33.8 2.7969e+01  14 1.00000e+00  
 33.9 2.8037e+01  14 1.00000e+00  
 34.0 2.8105e+01  14 1.00000e+00  
 34.1 2.8173e+01  14 1.00000e+00  
 34.2 2.8241e+01  14 1.00000e+00  
 34.3 2.8308e+01  14 1.00000e+00  
 34.4 2.8241e+01  14 1.00000e+00  
 34.5 2.8309e+01  14 1.00000e+00  
 34.6 2.8375e+01  14 1.00000e+00  
 34.7 2.8442e+01  14 1.00000e+00  
 34.8 2.8311e+01  14 1.00000e+00  
 34.9 2.8378e+01  14 1.00000e+00  
 35.0 2.8445e+01  14 1.00000e+00  
 35.1 2.8512e+01  14 1.00000e+00  
 35.2 2.8429e+01  14 1.00000e+00  
 35.3 2.8495e+01  14 1.00000e+00  
 35.4 2.8561e+01  14 1.00000e+00  
 35.5 2.8627e+01  14 1.00000e+00  
 35.6 2.8694e+01  14 1.00000e+00  
 35.7 2.7915e+01  14 1.00000e+00  
 35.8 2.5420e+01  14 1.00000e+00  
 35.9 2.4188e+01  14 1.00000e+00  
 36.0 2.1709e+01  14 1.00000e+00  
 36.1 1.9466e+01  14 1.00000e+00  
 36.2 1.7672e+01  14 1.00000e+00  
 36.3 1.6468e+01  14 1.00000e+00  
 36.4 1.4017e+01  14 1.00000e+00  
 36.5 1.3190e+01  14 1.00000e+00  
 36.6 1.3236e+01  14 1.00000e+00  
 36.7 1.3055e+01  14 9.91970e-01  
 36.8 1.3189e+01  14 9.98797e-01  
 36.9 1.3112e+01  14 9.94878e-01  
 37.0 1.2953e+01  14 9.86798e-01  
 37.1 1.2920e+01  14 9.85104e-01  
 37.2 1.3087e+01  14 9.93589e-01  
 37.3 1.2972e+01  14 9.87768e-01  
 37.4 1.2931e+01  14 9.85659e-01  
 37.5 1.3203e+01  14 9.99513e-01  
 37.6 1.3097e+01  14 9.94106e-01  
 37.7 1.3279e+01  14 1.00000e+00  
 37.8 1.3315e+01  14 1.00000e+00  
 37.9 1.3350e+01  14 1.00000e+00  
 38.0 1.3385e+01  14 1.00000e+00  
 38.1 1.3420e+01  14 1.00000e+00  
 38.2 1.3456e+01  14 1.00000e+00  
 38.3 1.3491e+01  14 1.00000e+00  
 38.4 1.3526e+01  14 1.00000e+00  
 38.5 1.3561e+01  14 1.00000e+00  
 38.6 1.3595e+01  14 1.00000e+00  
 38.7 1.3631e+01  14 1.00000e+00  
 38.8 1.3665e+01  14 1.00000e+00  
 38.9 1.3700e+01  14 1.00000e+00  
 39.0 1.3735e+01  14 1.00000e+00  
 39.1 1.3776e+01  14 1.00000e+00  
 39.2 1.3819e+01  14 1.00000e+00  
 39.3 1.3862e+01  14 1.00000e+00  
 39.4 1.3908e+01  14 1.00000e+00  
 39.5 1.3962e+01  14 1.00000e+00  
 39.6 1.4012e+01  14 1.00000e+00  
 39.7 1.4023e+01  14 1.00000e+00  
 39.8 1.4076e+01  14 1.00000e+00  
 39.9 1.4124e+01  14 1.00000e+00  
 40.0 1.4229e+01  14 1.00000e+00  
 40.1 1.4265e+01  14 1.00000e+00  
 40.2 1.4300e+01  14 1.00000e+00  
 40.3 1.4336e+01  14 1.00000e+00  
 40.4 1.4371e+01  14 1.00000e+00  
 40.5 1.4407e+01  14 1.00000e+00  
 40.6 1.4442e+01  14 1.00000e+00  
 40.7 1.4477e+01  14 1.00000e+00  
 40.8 1.4512e+01  14 1.00000e+00  
 40.9 1.4547e+01  14 1.00000e+00  
 41.0 1.4583e+01  14 1.00000e+00  
 41.1 1.4618e+01  14 1.00000e+00  
 41.2 1.4653e+01  14 1.00000e+00  
 41.3 1.4689e+01  14 1.00000e+00  
 41.4 1.4731e+01  14 1.00000e+00  
 41.5 1.4775e+01  14 1.00000e+00  
 41.6 1.4819e+01  14 1.00000e+00  
 41.7 1.4868e+01  14 1.00000e+00  
 41.8 1.4922e+01  14 1.00000e+00  
 41.9 1.4973e+01  14 1.00000e+00  
 42.0 1.4984e+01  14 1.00000e+00  
 42.1 1.5037e+01  14 1.00000e+00  
 42.2 1.5086e+01  14 1.00000e+00  
 42.3 1.5195e+01  14 1.00000e+00  
 42.4 1.5232e+01  14 1.00000e+00  
 42.5 1.5268e+01  14 1.00000e+00  
 42.6 1.5304e+01  14 1.00000e+00  
 42.7 1.5339e+01  14 1.00000e+00  
 42.8 1.5375e+01  14 1.00000e+00  
 42.9 1.5411e+01  14 1.00000e+00  
 43.0 1.5447e+01  14 1.00000e+00  
 43.1 1.5482e+01  14 1.00000e+00  
 43.2 1.5518e+01  14 1.00000e+00  
 43.3 1.5553e+01  14 1.00000e+00  
 43.4 1.5588e+01  14 1.00000e+00  
 43.5 1.5624e+01  14 1.00000e+00  
 43.6 1.5660e+01  14 1.00000e+00  
 43.7 1.5697e+01  14 1.00000e+00  
 43.8 1.5741e+01  14 1.00000e+00  
 43.9 1.5786e+01  14 1.00000e+00  
 44.0 1.5830e+01  14 1.00000e+00  
 44.1 1.5881e+01  14 1.00000e+00  
 44.2 1.5936e+01  14 1.00000e+00  
 44.3 1.5988e+01  14 1.00000e+00  
 44.4 1.5998e+01  14 1.00000e+00  
 44.5 1.6051e+01  14 1.00000e+00  
 44.6 1.6101e+01  14 1.00000e+00  
 44.7 1.6216e+01  14 1.00000e+00  
 44.8 1.6253e+01  14 1.00000e+00  
 44.9 1.6289e+01  14 1.00000e+00  
 45.0 1.6325e+01  14 1.00000e+00  
 45.1 1.6361e+01  14 1.00000e+00  
 45.2 1.6397e+01  14 1.00000e+00  
 45.3 1.6433e+01  14 1.00000e+00  
 45.4 1.6469e+01  14 1.00000e+00  
 45.5 1.6505e+01  14 1.00000e+00  
 45.6 1.6540e+01  14 1.00000e+00  
 45.7 1.6575e+01  14 1.00000e+00  
 45.8 1.6610e+01  14 1.00000e+00  
 45.9 1.6646e+01  14 1.00000e+00  
 46.0 1.6681e+01  14 1.00000e+00  
 46.1 1.6719e+01  14 1.00000e+00  
 46.2 1.6760e+01  14 1.00000e+00  
 46.3 1.6805e+01  14 1.00000e+00  
 46.4 1.6850e+01  14 1.00000e+00  
 46.5 1.6894e+01  14 1.00000e+00  
 46.6 1.6939e+01  14 1.00000e+00  
 46.7 1.6983e+01  14 1.00000e+00  
 46.8 1.7028e+01  14 1.00000e+00  
 46.9 1.7073e+01  14 1.00000e+00  
 47.0 1.7095e+01  14 1.00000e+00  
 47.1 1.7140e+01  14 1.00000e+00  
 47.2 1.7185e+01  14 1.00000e+00  
 47.3 1.7229e+01  14 1.00000e+00  
 47.4 1.7274e+01  14 1.00000e+00  
 47.5 1.7320e+01  14 1.00000e+00  
 47.6 1.7363e+01  14 1.00000e+00  
 47.7 1.7408e+01  14 1.00000e+00  
 47.8 1.7453e+01  14 1.00000e+00  
 47.9 1.7497e+01  14 1.00000e+00  
 48.0 1.7542e+01  14 1.00000e+00  
 48.1 1.7587e+01  14 1.00000e+00  
 48.2 1.7632e+01  14 1.00000e+00  
 48.3 1.7654e+01  14 1.00000e+00  
 48.4 1.7699e+01  14 1.00000e+00  
 48.5 1.7743e+01  14 1.00000e+00  
 48.6 1.7788e+01  14 1.00000e+00  
 48.7 1.7833e+01  14 1.00000e+00  
 48.8 1.7878e+01  14 1.00000e+00  
 48.9 1.7923e+01  14 1.00000e+00  
 49.0 1.7967e+01  14 1.00000e+00  
 49.1 1.8019e+01  14 1.00000e+00  
 49.2 1.8075e+01  14 1.00000e+00  
 49.3 1.8102e+01  14 1.00000e+00  
 49.4 1.8154e+01  14 1.00000e+00  
 49.5 1.8209e+01  14 1.00000e+00  
 49.6 1.8264e+01  14 1.00000e+00  
 49.7 1.8258e+01  14 1.00000e+00  
 49.8 1.8311e+01  14 1.00000e+00  
 49.9 1.8370e+01  14 1.00000e+00  
 50.0 1.8427e+01  14 1.00000e+00  
 50.1 1.8447e+01  14 1.00000e+00  
 50.2 1.8503e+01  14 1.00000e+00  
 50.3 1.8562e+01  14 1.00000e+00  
 50.4 1.8619e+01  14 1.00000e+00  
 50.5 1.8679e+01  14 1.00000e+00  
 50.6 1.8737e+01  14 1.00000e+00  
 50.7 1.8797e+01  14 1.00000e+00  
 50.8 1.8811e+01  14 1.00000e+00  
 50.9 1.8870e+01  14 1.00000e+00  
 51.0 1.8929e+01  14 1.00000e+00  
 51.1 1.8910e+01  14 1.00000e+00  
 51.2 1.8969e+01  14 1.00000e+00  
 51.3 1.9029e+01  14 1.00000e+00  
 51.4 1.9090e+01  14 1.00000e+00  
 51.5 1.9149e+01  14 1.00000e+00  
 51.6 1.9124e+01  14 1.00000e+00  
 51.7 1.9222e+01  14 1.00000e+00  
 51.8 1.9282e+01  14 1.00000e+00  
 51.9 1.9342e+01  14 1.00000e+00  
 52.0 1.9300e+01  14 1.00000e+00  
 52.1 1.9331e+01  14 1.00000e+00  
 52.2 1.9366e+01  14 1.00000e+00  
 52.3 1.9411e+01  14 1.00000e+00  
 52.4 1.9456e+01  14 1.00000e+00  
 52.5 1.9507e+01  14 1.00000e+00  
 52.6 1.9522e+01  14 1.00000e+00  
 52.7 1.9682e+01  14 1.00000e+00  
 52.8 1.9638e+01  14 1.00000e+00  
 52.9 1.9667e+01  14 1.00000e+00  
 53.0 1.9704e+01  14 1.00000e+00  
 53.1 1.9749e+01  14 1.00000e+00  
 53.2 1.9794e+01  14 1.00000e+00  
 53.3 1.9847e+01  14 1.00000e+00  
 53.4 1.9910e+01  14 1.00000e+00  
 53.5 1.9950e+01  14 1.00000e+00  
 53.6 1.9976e+01  14 1.00000e+00  
 53.7 2.0031e+01  14 1.00000e+00  
 53.8 2.0093e+01  14 1.00000e+00  
 53.9 2.0157e+01  14 1.00000e+00  
 54.0 2.0220e+01  14 1.00000e+00  
 54.1 2.0177e+01  14 1.00000e+00  
 54.2 2.0232e+01  14 1.00000e+00  
 54.3 2.0295e+01  14 1.00000e+00  
 54.4 2.0361e+01  14 1.00000e+00  
 54.5 2.0424e+01  14 1.00000e+00  
 54.6 2.0489e+01  14 1.00000e+00  
 54.7 2.0485e+01  14 1.00000e+00  
 54.8 2.0543e+01  14 1.00000e+00  
 54.9 2.0608e+01  14 1.00000e+00  
 55.0 2.0672e+01  14 1.00000e+00  
 55.1 2.0735e+01  14 1.00000e+00  
 55.2 2.0799e+01  14 1.00000e+00  
 55.3 2.0744e+01  14 1.00000e+00  
 55.4 2.0772e+01  14 1.00000e+00  
 55.5 2.0817e+01  14 1.00000e+00  
 55.6 2.0930e+01  14 1.00000e+00  
 55.7 2.0996e+01  14 1.00000e+00  
 55.8 2.0948e+01  14 1.00000e+00  
 55.9 2.0979e+01  14 1.00000e+00  
 56.0 2.1108e+01  14 1.00000e+00  
 56.1 2.1173e+01  14 1.00000e+00  
 56.2 2.1131e+01  14 1.00000e+00  
 56.3 2.1165e+01  14 1.00000e+00  
 56.4 2.1203e+01  14 1.00000e+00  
 56.5 2.1248e+01  14 1.00000e+00  
 56.6 2.1294e+01  14 1.00000e+00  
 56.7 2.1339e+01  14 1.00000e+00  
 56.8 2.1401e+01  14 1.00000e+00  
 56.9 2.1467e+01  14 1.00000e+00  
 57.0 2.1449e+01  14 1.00000e+00  
 57.1 2.1493e+01  14 1.00000e+00  
 57.2 2.1537e+01  14 1.00000e+00  
 57.3 2.1582e+01  14 1.00000e+00  
 57.4 2.1626e+01  14 1.00000e+00  
 57.5 2.1670e+01  14 1.00000e+00  
 57.6 2.1714e+01  14 1.00000e+00  
 57.7 2.1773e+01  14 1.00000e+00  
 57.8 2.1839e+01  14 1.00000e+00  
 57.9 2.1904e+01  14 1.00000e+00  
 58.0 2.1970e+01  14 1.00000e+00  
 58.1 2.2036e+01  14 1.00000e+00  
 58.2 2.2101e+01  14 1.00000e+00  
 58.3 2.2045e+01  14 1.00000e+00  
 58.4 2.2112e+01  14 1.00000e+00  
 58.5 2.2163e+01  14 1.00000e+00  
 58.6 2.2143e+01  14 1.00000e+00  
 58.7 2.2210e+01  14 1.00000e+00  
 58.8 2.2278e+01  14 1.00000e+00  
 58.9 2.2344e+01  14 1.00000e+00  
 59.0 2.2408e+01  14 1.00000e+00  
 59.1 2.2475e+01  14 1.00000e+00  
 59.2 2.2423e+01  14 1.00000e+00  
 59.3 2.2452e+01  14 1.00000e+00  
 59.4 2.2554e+01  14 1.00000e+00  
 59.5 2.2621e+01  14 1.00000e+00  
 59.6 2.2577e+01  14 1.00000e+00  
 59.7 2.2610e+01  14 1.00000e+00  
 59.8 2.2715e+01  14 1.00000e+00  
 59.9 2.2782e+01  14 1.00000e+00  
 60.0 2.2849e+01  14 1.00000e+00  
 60.1 2.2801e+01  14 1.00000e+00  
 60.2 2.2833e+01  14 1.00000e+00  
 60.3 2.2861e+01  14 1.00000e+00  
 60.4 2.2999e+01  14 1.00000e+00  
 60.5 2.2953e+01  14 1.00000e+00  
 60.6 2.2986e+01  14 1.00000e+00  
 60.7 2.3012e+01  14 1.00000e+00  
 60.8 2.3056e+01  14 1.00000e+00  
 60.9 2.3100e+01  14 1.00000e+00  
 61.0 2.3179e+01  14 1.00000e+00  
 61.1 2.3163e+01  14 1.00000e+00  
 61.2 2.3309e+01  14 1.00000e+00  
 61.3 2.3379e+01  14 1.00000e+00  
 61.4 2.3330e+01  14 1.00000e+00  
 61.5 2.3360e+01  14 1.00000e+00  
 61.6 2.3386e+01  14 1.00000e+00  
 61.7 2.3533e+01  14 1.00000e+00  
 61.8 2.3482e+01  14 1.00000e+00  
 61.9 2.3508e+01  14 1.00000e+00  
 62.0 2.3537e+01  14 1.00000e+00  
 62.1 2.3581e+01  14 1.00000e+00  
 62.2 2.3632e+01  14 1.00000e+00  
 62.3 2.3658e+01  14 1.00000e+00  
 62.4 2.3688e+01  14 1.00000e+00  
 62.5 2.3837e+01  14 1.00000e+00  
 62.6 2.3777e+01  14 1.00000e+00  
 62.7 2.3737e+01  14 1.00000e+00  
 62.8 2.3793e+01  14 1.00000e+00  
 62.9 2.3830e+01  14 1.00000e+00  
 63.0 2.3843e+01  14 1.00000e+00  
 63.1 2.3887e+01  14 1.00000e+00  
 63.2 2.3931e+01  14 1.00000e+00  
 63.3 2.3999e+01  14 1.00000e+00  
 63.4 2.4021e+01  14 1.00000e+00  
 63.5 2.4065e+01  14 1.00000e+00  
 63.6 2.4109e+01  14 1.00000e+00  
 63.7 2.4179e+01  14 1.00000e+00  
 63.8 2.4253e+01  14 1.00000e+00  
 63.9 2.4325e+01  14 1.00000e+00  
 64.0 2.4396e+01  14 1.00000e+00  
 64.1 2.4450e+01  14 1.00000e+00  
 64.2 2.4427e+01  14 1.00000e+00  
 64.3 2.4499e+01  14 1.00000e+00  
 64.4 2.4570e+01  14 1.00000e+00  
 64.5 2.4640e+01  14 1.00000e+00  
 64.6 2.4603e+01  14 1.00000e+00  
 64.7 2.4634e+01  14 1.00000e+00  
 64.8 2.4647e+01  14 1.00000e+00  
 64.9 2.4691e+01  14 1.00000e+00  
 65.0 2.4866e+01  14 1.00000e+00  
 65.1 2.4828e+01  14 1.00000e+00  
 65.2 2.4861e+01  14 1.00000e+00  
 65.3 2.4871e+01  14 1.00000e+00  
 65.4 2.4915e+01  14 1.00000e+00  
 65.5 2.4960e+01  14 1.00000e+00  
 65.6 2.5028e+01  14 1.00000e+00  
 65.7 2.5099e+01  14 1.00000e+00  
 65.8 2.5146e+01  14 1.00000e+00  
 65.9 2.5140e+01  14 1.00000e+00  
 66.0 2.5184e+01  14 1.00000e+00  
 66.1 2.5252e+01  14 1.00000e+00  
 66.2 2.5323e+01  14 1.00000e+00  
 66.3 2.5395e+01  14 1.00000e+00  
 66.4 2.5464e+01  14 1.00000e+00  
 66.5 2.5536e+01  14 1.00000e+00  
 66.6 2.5509e+01  14 1.00000e+00  
 66.7 2.5550e+01  14 1.00000e+00  
 66.8 2.5610e+01  14 1.00000e+00  
 66.9 2.5680e+01  14 1.00000e+00  
 67.0 2.5750e+01  14 1.00000e+00  
 67.1 2.5819e+01  14 1.00000e+00  
 67.2 2.5782e+01  14 1.00000e+00  
 67.3 2.5825e+01  14 1.00000e+00  
 67.4 2.5852e+01  14 1.00000e+00  
 67.5 2.5862e+01  14 1.00000e+00  
 67.6 2.5907e+01  14 1.00000e+00  
 67.7 2.5952e+01  14 1.00000e+00  
 67.8 2.6056e+01  14 1.00000e+00  
 67.9 2.6099e+01  14 1.00000e+00  
 68.0 2.6127e+01  14 1.00000e+00  
 68.1 2.6134e+01  14 1.00000e+00  
 68.2 2.6179e+01  14 1.00000e+00  
 68.3 2.6224e+01  14 1.00000e+00  
 68.4 2.6287e+01  14 1.00000e+00  
 68.5 2.6358e+01  14 1.00000e+00  
 68.6 2.6429e+01  14 1.00000e+00  
 68.7 2.6500e+01  14 1.00000e+00  
 68.8 2.6568e+01  14 1.00000e+00  
 68.9 2.6497e+01  14 1.00000e+00  
 69.0 2.6547e+01  14 1.00000e+00  
 69.1 2.6616e+01  14 1.00000e+00  
 69.2 2.6685e+01  14 1.00000e+00  
 69.3 2.6754e+01  14 1.00000e+00  
 69.4 2.6823e+01  14 1.00000e+00  
 69.5 2.6890e+01  14 1.00000e+00  
 69.6 2.6959e+01  14 1.00000e+00  
 69.7 2.6927e+01  14 1.00000e+00  
 69.8 2.6972e+01  14 1.00000e+00  
 69.9 2.7008e+01  14 1.00000e+00  
 70.0 2.7023e+01  14 1.00000e+00  
 70.1 2.7127e+01  14 1.00000e+00  
 70.2 2.7195e+01  14 1.00000e+00  
 70.3 2.7262e+01  14 1.00000e+00  
 70.4 2.7330e+01  14 1.00000e+00  
 70.5 2.7295e+01  14 1.00000e+00  
 70.6 2.7338e+01  14 1.00000e+00  
 70.7 2.7369e+01  14 1.00000e+00  
 70.8 2.7378e+01  14 1.00000e+00  
 70.9 2.7410e+01  14 1.00000e+00  
 71.0 2.7455e+01  14 1.00000e+00  
 71.1 2.7509e+01  14 1.00000e+00  
 71.2 2.7578e+01  14 1.00000e+00  
 71.3 2.7592e+01  14 1.00000e+00  
 71.4 2.7708e+01  14 1.00000e+00  
 71.5 2.7742e+01  14 1.00000e+00  
 71.6 2.7752e+01  14 1.00000e+00  
 71.7 2.7777e+01  14 1.00000e+00  
 71.8 2.7822e+01  14 1.00000e+00  
 71.9 2.7867e+01  14 1.00000e+00  
 72.0 2.7936e+01  14 1.00000e+00  
 72.1 2.8002e+01  14 1.00000e+00  
 72.2 2.8071e+01  14 1.00000e+00  
 72.3 2.8137e+01  14 1.00000e+00  
 72.4 2.8204e+01  14 1.00000e+00  
 72.5 2.8270e+01  14 1.00000e+00  
 72.6 2.8325e+01  14 1.00000e+00  
 72.7 2.8352e+01  14 1.00000e+00  
 72.8 2.8281e+01  14 1.00000e+00  
 72.9 2.8344e+01  14 1.00000e+00  
 73.0 2.8413e+01  14 1.00000e+00  
 73.1 2.8480e+01  14 1.00000e+00  
 73.2 2.8546e+01  14 1.00000e+00  
 73.3 2.8611e+01  14 1.00000e+00  
 73.4 2.8667e+01  14 1.00000e+00  
 73.5 2.8732e+01  14 1.00000e+00  
 73.6 2.8796e+01  14 1.00000e+00  
 73.7 2.8773e+01  14 1.00000e+00  
 73.8 2.8824e+01  14 1.00000e+00  
 73.9 2.8869e+01  14 1.00000e+00  
 74.0 2.8906e+01  14 1.00000e+00  
 74.1 2.8920e+01  14 1.00000e+00  
 74.2 2.8972e+01  14 1.00000e+00  
 74.3 2.9072e+01  14 1.00000e+00  
 74.4 2.9125e+01  14 1.00000e+00  
 74.5 2.9190e+01  14 1.00000e+00  
 74.6 2.9254e+01  14 1.00000e+00  
 74.7 2.9319e+01  14 1.00000e+00  
 74.8 2.9289e+01  14 1.00000e+00  
 74.9 2.9338e+01  14 1.00000e+00  
 75.0 2.9380e+01  14 1.00000e+00  
 75.1 2.9417e+01  14 1.00000e+00  
 75.2 2.9434e+01  14 1.00000e+00  
 75.3 2.9461e+01  14 1.00000e+00  
 75.4 2.9485e+01  14 1.00000e+00  
 75.5 2.9531e+01  14 1.00000e+00  
 75.6 2.9584e+01  14 1.00000e+00  
 75.7 2.9650e+01  14 1.00000e+00  
 75.8 2.9716e+01  14 1.00000e+00  
 75.9 2.9754e+01  14 1.00000e+00  
 76.0 2.9853e+01  14 1.00000e+00  
 76.1 2.9900e+01  14 1.00000e+00  
 76.2 2.9942e+01  14 1.00000e+00  
 76.3 2.9960e+01  14 1.00000e+00  
 76.4 2.9996e+01  14 1.00000e+00  
 76.5 3.0026e+01  14 1.00000e+00  
 76.6 3.0049e+01  14 1.00000e+00  
 76.7 3.0090e+01  14 1.00000e+00  
 76.8 3.0140e+01  14 1.00000e+00  
 76.9 3.0204e+01  14 1.00000e+00  
 77.0 3.0270e+01  14 1.00000e+00  
 77.1 3.0336e+01  14 1.00000e+00  
 77.2 3.0399e+01  14 1.00000e+00  
 77.3 3.0463e+01  14 1.00000e+00  
 77.4 3.0527e+01  14 1.00000e+00  
 77.5 3.0589e+01  14 1.00000e+00  
 77.6 3.0652e+01  14 1.00000e+00  
 77.7 3.0715e+01  14 1.00000e+00  
 77.8 3.0664e+01  14 1.00000e+00  
 77.9 3.0670e+01  14 1.00000e+00  
 78.0 3.0698e+01  14 1.00000e+00  
 78.1 3.0745e+01  14 1.00000e+00  
 78.2 3.0803e+01  14 1.00000e+00  
 78.3 3.0868e+01  14 1.00000e+00  
 78.4 3.0931e+01  14 1.00000e+00  
 78.5 3.0994e+01  14 1.00000e+00  
 78.6 3.1058e+01  14 1.00000e+00  
 78.7 3.1121e+01  14 1.00000e+00  
 78.8 3.1184e+01  14 1.00000e+00  
 78.9 3.1247e+01  14 1.00000e+00  
 79.0 3.1309e+01  14 1.00000e+00  
 79.1 3.1371e+01  14 1.00000e+00  
 79.2 3.1352e+01  14 1.00000e+00  
 79.3 3.1407e+01  14 1.00000e+00  
 79.4 3.1459e+01  14 1.00000e+00  
 79.5 3.1507e+01  14 1.00000e+00  
 79.6 3.1552e+01  14 1.00000e+00  
 79.7 3.1593e+01  14 1.00000e+00  
 79.8 3.1640e+01  14 1.00000e+00  
 79.9 3.1634e+01  14 1.00000e+00  
 80.0 3.1697e+01  14 1.00000e+00  
 80.1 3.1759e+01  14 1.00000e+00  
 80.2 3.1822e+01  14 1.00000e+00  
 80.3 3.1883e+01  14 1.00000e+00  
 80.4 3.1945e+01  14 1.00000e+00  
 80.5 3.2006e+01  14 1.00000e+00  
 80.6 3.2067e+01  14 1.00000e+00  
 80.7 3.2129e+01  14 1.00000e+00  
 80.8 3.2111e+01  14 1.00000e+00  
 80.9 3.2166e+01  14 1.00000e+00  
 81.0 3.2219e+01  14 1.00000e+00  
 81.1 3.2269e+01  14 1.00000e+00  
 81.2 3.2317e+01  14 1.00000e+00  
 81.3 3.2361e+01  14 1.00000e+00  
 81.4 3.2405e+01  14 1.00000e+00  
 81.5 3.2430e+01  14 1.00000e+00  
 81.6 3.2470e+01  14 1.00000e+00  
 81.7 3.2508e+01  14 1.00000e+00  
 81.8 3.2542e+01  14 1.00000e+00  
 81.9 3.2569e+01  14 1.00000e+00  
 82.0 3.2650e+01  14 1.00000e+00  
 82.1 3.2741e+01  14 1.00000e+00  
 82.2 3.2796e+01  14 1.00000e+00  
 82.3 3.2856e+01  14 1.00000e+00  
 82.4 3.2917e+01  14 1.00000e+00  
 82.5 3.2974e+01  14 1.00000e+00  
 82.6 3.3032e+01  14 1.00000e+00  
 82.7 3.3019e+01  14 1.00000e+00  
 82.8 3.3075e+01  14 1.00000e+00  
 82.9 3.3128e+01  14 1.00000e+00  
 83.0 3.3178e+01  14 1.00000e+00  
 83.1 3.3227e+01  14 1.00000e+00  
 83.2 3.3273e+01  14 1.00000e+00  
 83.3 3.3318e+01  14 1.00000e+00  
 83.4 3.3343e+01  14 1.00000e+00  
 83.5 3.3386e+01  14 1.00000e+00  
 83.6 3.3426e+01  14 1.00000e+00  
 83.7 3.3463e+01  14 1.00000e+00  
 83.8 3.3497e+01  14 1.00000e+00  
 83.9 3.3530e+01  14 1.00000e+00  
 84.0 3.3556e+01  14 1.00000e+00  
 84.1 3.3586e+01  14 1.00000e+00  
 84.2 3.3645e+01  14 1.00000e+00  
 84.3 3.3706e+01  14 1.00000e+00  
 84.4 3.3769e+01  14 1.00000e+00  
 84.5 3.3806e+01  14 1.00000e+00  
 84.6 3.3894e+01  14 1.00000e+00  
 84.7 3.3977e+01  14 1.00000e+00  
 84.8 3.4022e+01  14 1.00000e+00  
 84.9 3.4075e+01  14 1.00000e+00  
 85.0 3.4127e+01  14 1.00000e+00  
 85.1 3.4178e+01  14 1.00000e+00  
 85.2 3.4228e+01  14 1.00000e+00  
 85.3 3.4277e+01  14 1.00000e+00  
 85.4 3.4324e+01  14 1.00000e+00  
 85.5 3.4370e+01  14 1.00000e+00  
 85.6 3.4399e+01  14 1.00000e+00  
 85.7 3.4443e+01  14 1.00000e+00  
 85.8 3.4487e+01  14 1.00000e+00  
 85.9 3.4528e+01  14 1.00000e+00  
 86.0 3.4568e+01  14 1.00000e+00  
 86.1 3.4606e+01  14 1.00000e+00  
 86.2 3.4641e+01  14 1.00000e+00  
 86.3 3.4674e+01  14 1.00000e+00  
 86.4 3.4702e+01  14 1.00000e+00  
 86.5 3.4745e+01  14 1.00000e+00  
 86.6 3.4804e+01  14 1.00000e+00  
 86.7 3.4863e+01  14 1.00000e+00  
 86.8 3.4921e+01  14 1.00000e+00  
 86.9 3.4978e+01  14 1.00000e+00  
 87.0 3.5036e+01  14 1.00000e+00  
 87.1 3.5095e+01  14 1.00000e+00  
 87.2 3.5152e+01  14 1.00000e+00  
 87.3 3.5243e+01  14 1.00000e+00  
 87.4 3.5270e+01  14 1.00000e+00  
 87.5 3.5374e+01  14 1.00000e+00  
 87.6 3.5403e+01  14 1.00000e+00  
 87.7 3.5434e+01  14 1.00000e+00  
 87.8 3.5472e+01  14 1.00000e+00  
 87.9 3.5577e+01  14 1.00000e+00  
 88.0 3.5682e+01  14 1.00000e+00  
 88.1 3.5787e+01  14 1.00000e+00  
 88.2 3.5892e+01  14 1.00000e+00  
 88.3 3.5996e+01  14 1.00000e+00  
 88.4 3.6101e+01  14 1.00000e+00  
 88.5 3.6206e+01  14 1.00000e+00  
 88.6 3.6311e+01  14 1.00000e+00  
 88.7 3.6416e+01  14 1.00000e+00  
 88.8 3.6520e+01  14 1.00000e+00  
 88.9 3.6625e+01  14 1.00000e+00  
 89.0 3.6729e+01  14 1.00000e+00  
 89.1 3.6834e+01  14 1.00000e+00  
 89.2 3.6938e+01  14 1.00000e+00  
 89.3 3.7043e+01  14 1.00000e+00  
 89.4 3.7147e+01  14 1.00000e+00  
 89.5 3.7251e+01  14 1.00000e+00  
 89.6 3.7356e+01  14 1.00000e+00  
 89.7 3.7460e+01  14 1.00000e+00  
 89.8 3.7564e+01  14 1.00000e+00  
 89.9 3.7668e+01  14 1.00000e+00  
 90.0 3.7772e+01  14 1.00000e+00  
 90.1 3.7875e+01  14 1.00000e+00  
 90.2 3.7979e+01  14 1.00000e+00  
 90.3 3.8083e+01  14 1.00000e+00  
 90.4 3.8187e+01  14 1.00000e+00  
 90.5 3.8291e+01  14 1.00000e+00  
 90.6 3.8395e+01  14 1.00000e+00  
 90.7 3.8498e+01  14 1.00000e+00  
 90.8 3.8602e+01  14 1.00000e+00  
 90.9 3.8706e+01  14 1.00000e+00  
 91.0 3.8809e+01  14 1.00000e+00  
 91.1 3.8913e+01  14 1.00000e+00  
 91.2 3.9017e+01  14 1.00000e+00  
 91.3 3.9120e+01  14 1.00000e+00  
 91.4 3.9224e+01  14 1.00000e+00  
 91.5 3.9327e+01  14 1.00000e+00  
 91.6 3.9431e+01  14 1.00000e+00  
 91.7 3.9534e+01  14 1.00000e+00  
 91.8 3.9637e+01  14 1.00000e+00  
 91.9 3.9741e+01  14 1.00000e+00  
 92.0 3.9844e+01  14 1.00000e+00  
 92.1 3.9947e+01  14 1.00000e+00  
 92.2 4.0050e+01  14 1.00000e+00  
 92.3 4.0154e+01  14 1.00000e+00  
 92.4 4.0257e+01  14 1.00000e+00  
 92.5 4.0360e+01  14 1.00000e+00  
 92.6 4.0463e+01  14 1.00000e+00  
 92.7 4.0566e+01  14 1.00000e+00  
 92.8 4.0669e+01  14 1.00000e+00  
 92.9 4.0772e+01  14 1.00000e+00  
 93.0 4.0874e+01  14 1.00000e+00  
 93.1 4.0977e+01  14 1.00000e+00  
 93.2 4.1080e+01  14 1.00000e+00  
 93.3 4.1183e+01  14 1.00000e+00  
 93.4 4.1286e+01  14 1.00000e+00  
 93.5 4.1388e+01  14 1.00000e+00  
 93.6 4.1491e+01  14 1.00000e+00  
 93.7 4.1593e+01  14 1.00000e+00  
 93.8 4.1696e+01  14 1.00000e+00  
 93.9 4.1799e+01  14 1.00000e+00  
 94.0 4.1901e+01  14 1.00000e+00  
 94.1 4.2004e+01  14 1.00000e+00  
 94.2 4.2106e+01  14 1.00000e+00  
 94.3 4.2208e+01  14 1.00000e+00  
 94.4 4.2311e+01  14 1.00000e+00  
 94.5 4.2413e+01  14 1.00000e+00  
 94.6 4.2515e+01  14 1.00000e+00  
 94.7 4.2618e+01  14 1.00000e+00  
 94.8 4.2720e+01  14 1.00000e+00  
 94.9 4.2822e+01  14 1.00000e+00  
 95.0 4.2924e+01  14 1.00000e+00  
 95.1 4.3026e+01  14 1.00000e+00  
 95.2 4.3128e+01  14 1.00000e+00  
 95.3 4.3230e+01  14 1.00000e+00  
 95.4 4.3332e+01  14 1.00000e+00  
 95.5 4.3434e+01  14 1.00000e+00  
 95.6 4.3536e+01  14 1.00000e+00  
 95.7 4.3638e+01  14 1.00000e+00  
 95.8 4.3740e+01  14 1.00000e+00  
 95.9 4.3842e+01  14 1.00000e+00  
 96.0 4.3943e+01  14 1.00000e+00  
 96.1 4.4045e+01  14 1.00000e+00  
 96.2 4.4147e+01  14 1.00000e+00  
 96.3 4.4248e+01  14 1.00000e+00  
 96.4 4.4350e+01  14 1.00000e+00  
 96.5 4.4452e+01  14 1.00000e+00  
 96.6 4.4553e+01  14 1.00000e+00  
 96.7 4.4655e+01  14 1.00000e+00  
 96.8 4.4756e+01  14 1.00000e+00  
 96.9 4.4849e+01  14 1.00000e+00  
 97.0 4.4950e+01  14 1.00000e+00  
 97.1 4.5052e+01  14 1.00000e+00  
 97.2 4.5153e+01  14 1.00000e+00  
 97.3 4.5255e+01  14 1.00000e+00  
 97.4 4.5356e+01  14 1.00000e+00  
 97.5 4.5457e+01  14 1.00000e+00  
 97.6 4.5558e+01  14 1.00000e+00  
 97.7 4.5660e+01  14 1.00000e+00  
 97.8 4.5761e+01  14 1.00000e+00  
 97.9 4.5862e+01  14 1.00000e+00  
 98.0 4.5963e+01  14 1.00000e+00  
 98.1 4.6064e+01  14 1.00000e+00  
 98.2 4.6165e+01  14 1.00000e+00  
 98.3 4.6266e+01  14 1.00000e+00  
 98.4 4.6367e+01  14 1.00000e+00  
 98.5 4.6468e+01  14 1.00000e+00  
 98.6 4.6569e+01  14 1.00000e+00  
 98.7 4.6670e+01  14 1.00000e+00  
 98.8 4.6771e+01  14 1.00000e+00  
 98.9 4.6866e+01  14 1.00000e+00  
 99.0 4.6958e+01  14 1.00000e+00  
 99.1 4.7049e+01  14 1.00000e+00  
 99.2 4.7141e+01  14 1.00000e+00  
 99.3 4.7232e+01  14 1.00000e+00  
 99.4 4.7324e+01  14 1.00000e+00  
 99.5 4.7416e+01  14 1.00000e+00  
 99.6 4.7507e+01  14 1.00000e+00  
 99.7 4.7599e+01  14 1.00000e+00  
 99.8 4.7691e+01  14 1.00000e+00  
 99.9 4.7783e+01  14 1.00000e+00  
100.0 4.7875e+01  14 1.00000e+00  
100.1 4.7966e+01  14 1.00000e+00  
100.2 4.8058e+01  14 1.00000e+00  
100.3 4.8150e+01  14 1.00000e+00  
100.4 4.8242e+01  14 1.00000e+00  
100.5 4.8334e+01  14 1.00000e+00  
100.6 4.8426e+01  14 1.00000e+00  
100.7 4.8518e+01  14 1.00000e+00  
100.8 4.8610e+01  14 1.00000e+00  
100.9 4.8702e+01  14 1.00000e+00  
101.0 4.8795e+01  14 1.00000e+00  
101.1 4.8887e+01  14 1.00000e+00  
101.2 4.8979e+01  14 1.00000e+00  
101.3 4.9071e+01  14 1.00000e+00  
101.4 4.9163e+01  14 1.00000e+00  
101.5 4.9256e+01  14 1.00000e+00  
101.6 4.9348e+01  14 1.00000e+00  
101.7 4.9440e+01  14 1.00000e+00  
101.8 4.9533e+01  14 1.00000e+00  
101.9 4.9625e+01  14 1.00000e+00  
102.0 4.9717e+01  14 1.00000e+00  
102.1 4.9810e+01  14 1.00000e+00  
102.2 4.9902e+01  14 1.00000e+00  
102.3 4.9995e+01  14 1.00000e+00  
102.4 5.0087e+01  14 1.00000e+00  
102.5 5.0180e+01  14 1.00000e+00  
102.6 5.0272e+01  14 1.00000e+00  
102.7 5.0365e+01  14 1.00000e+00  
102.8 5.0458e+01  14 1.00000e+00  
102.9 5.0550e+01  14 1.00000e+00  
103.0 5.0643e+01  14 1.00000e+00  
103.1 5.0735e+01  14 1.00000e+00  
103.2 5.0828e+01  14 1.00000e+00  
103.3 5.0921e+01  14 1.00000e+00  
103.4 5.1014e+01  14 1.00000e+00  
103.5 5.1106e+01  14 1.00000e+00  
103.6 5.1199e+01  14 1.00000e+00  
103.7 5.1292e+01  14 1.00000e+00  
103.8 5.1385e+01  14 1.00000e+00  
103.9 5.1477e+01  14 1.00000e+00  
104.0 5.1570e+01  14 1.00000e+00  
104.1 5.1663e+01  14 1.00000e+00  
104.2 5.1756e+01  14 1.00000e+00  
104.3 5.1849e+01  14 1.00000e+00  
104.4 5.1942e+01  14 1.00000e+00  
104.5 5.2035e+01  14 1.00000e+00  
104.6 5.2128e+01  14 1.00000e+00  
104.7 5.2221e+01  14 1.00000e+00  
104.8 5.2314e+01  14 1.00000e+00  
104.9 5.2407e+01  14 1.00000e+00  
105.0 5.2500e+01  14 1.00000e+00  
105.1 5.2593e+01  14 1.00000e+00  
105.2 5.2686e+01  14 1.00000e+00  
105.3 5.2779e+01  14 1.00000e+00  
105.4 5.2872e+01  14 1.00000e+00  
105.5 5.2965e+01  14 1.00000e+00  
105.6 5.3058e+01  14 1.00000e+00  
105.7 5.3152e+01  14 1.00000e+00  
105.8 5.3245e+01  14 1.00000e+00  
105.9 5.3338e+01  14 1.00000e+00  
106.0 5.3431e+01  14 1.00000e+00  
106.1 5.3524e+01  14 1.00000e+00  
106.2 5.3618e+01  14 1.00000e+00  
106.3 5.3711e+01  14 1.00000e+00  
106.4 5.3804e+01  14 1.00000e+00  
106.5 5.3897e+01  14 1.00000e+00  
106.6 5.3991e+01  14 1.00000e+00  
106.7 5.4084e+01  14 1.00000e+00  
106.8 5.4177e+01  14 1.00000e+00  
106.9 5.4271e+01  14 1.00000e+00  
107.0 5.4364e+01  14 1.00000e+00  
107.1 5.4457e+01  14 1.00000e+00  
107.2 5.4551e+01  14 1.00000e+00  
107.3 5.4644e+01  14 1.00000e+00  
107.4 5.4738e+01  14 1.00000e+00  
107.5 5.4831e+01  14 1.00000e+00  
107.6 5.4925e+01  14 1.00000e+00  
107.7 5.5018e+01  14 1.00000e+00  
107.8 5.5111e+01  14 1.00000e+00  
107.9 5.5205e+01  14 1.00000e+00  
108.0 5.5298e+01  14 1.00000e+00  
108.1 5.5392e+01  14 1.00000e+00  
108.2 5.5485e+01  14 1.00000e+00  
108.3 5.5579e+01  14 1.00000e+00  
108.4 5.5672e+01  14 1.00000e+00  
108.5 5.5766e+01  14 1.00000e+00  
108.6 5.5860e+01  14 1.00000e+00  
108.7 5.5953e+01  14 1.00000e+00  
108.8 5.6047e+01  14 1.00000e+00  
108.9 5.6140e+01  14 1.00000e+00  
109.0 5.6234e+01  14 1.00000e+00  
109.1 5.6327e+01  14 1.00000e+00  
109.2 5.6421e+01  14 1.00000e+00  
109.3 5.6515e+01  14 1.00000e+00  
109.4 5.6608e+01  14 1.00000e+00  
109.5 5.6702e+01  14 1.00000e+00  
109.6 5.6796e+01  14 1.00000e+00  
109.7 5.6889e+01  14 1.00000e+00  
109.8 5.6983e+01  14 1.00000e+00  
109.9 5.7077e+01  14 1.00000e+00  
110.0 5.7170e+01  14 1.00000e+00  
110.1 5.7264e+01  14 1.00000e+00  
110.2 5.7358e+01  14 1.00000e+00  
110.3 5.7451e+01  14 1.00000e+00  
110.4 5.7545e+01  14 1.00000e+00  
110.5 5.7639e+01  14 1.00000e+00  
110.6 5.7733e+01  14 1.00000e+00  
110.7 5.7827e+01  14 1.00000e+00  
110.8 5.7920e+01  14 1.00000e+00  
110.9 5.8014e+01  14 1.00000e+00  
111.0 5.8108e+01  14 1.00000e+00  
111.1 5.8202e+01  14 1.00000e+00  
111.2 5.8295e+01  14 1.00000e+00  
111.3 5.8389e+01  14 1.00000e+00  
111.4 5.8483e+01  14 1.00000e+00  
111.5 5.8577e+01  14 1.00000e+00  
111.6 5.8671e+01  14 1.00000e+00  
111.7 5.8764e+01  14 1.00000e+00  
111.8 5.8858e+01  14 1.00000e+00  
111.9 5.8952e+01  14 1.00000e+00  
112.0 5.9046e+01  14 1.00000e+00  
112.1 5.9140e+01  14 1.00000e+00  
112.2 5.9234e+01  14 1.00000e+00  
112.3 5.9328e+01  14 1.00000e+00  
112.4 5.9421e+01  14 1.00000e+00  
112.5 5.9515e+01  14 1.00000e+00  
112.6 5.9609e+01  14 1.00000e+00  
112.7 5.9703e+01  14 1.00000e+00  
112.8 5.9797e+01  14 1.00000e+00  
112.9 5.9891e+01  14 1.00000e+00  
113.0 5.9985e+01  14 1.00000e+00  
113.1 6.0079e+01  14 1.00000e+00  
113.2 6.0173e+01  14 1.00000e+00  
113.3 6.0267e+01  14 1.00000e+00  
113.4 6.0361e+01  14 1.00000e+00  
113.5 6.0455e+01  14 1.00000e+00  
113.6 6.0549e+01  14 1.00000e+00  
113.7 6.0642e+01  14 1.00000e+00  
113.8 6.0736e+01  14 1.00000e+00  
113.9 6.0830e+01  14 1.00000e+00  
114.0 6.0924e+01  14 1.00000e+00  
114.1 6.1018e+01  14 1.00000e+00  
114.2 6.1118e+01  14 1.00000e+00  
114.3 6.1212e+01  14 1.00000e+00  
114.4 6.1306e+01  14 1.00000e+00  
114.5 6.1400e+01  14 1.00000e+00  
114.6 6.1494e+01  14 1.00000e+00  
114.7 6.1588e+01  14 1.00000e+00  
114.8 6.1682e+01  14 1.00000e+00  
114.9 6.1776e+01  14 1.00000e+00  
115.0 6.1870e+01  14 1.00000e+00  
115.1 6.1964e+01  14 1.00000e+00  
115.2 6.2058e+01  14 1.00000e+00  
115.3 6.2152e+01  14 1.00000e+00  
115.4 6.2246e+01  14 1.00000e+00  
115.5 6.2340e+01  14 1.00000e+00  
115.6 6.2434e+01  14 1.00000e+00  
115.7 6.2528e+01  14 1.00000e+00  
115.8 6.2622e+01  14 1.00000e+00  
115.9 6.2716e+01  14 1.00000e+00  
116.0 6.2810e+01  14 1.00000e+00  
116.1 6.2904e+01  14 1.00000e+00  
116.2 6.2998e+01  14 1.00000e+00  
116.3 6.3092e+01  14 1.00000e+00  
116.4 6.3186e+01  14 1.00000e+00  
116.5 6.3280e+01  14 1.00000e+00  
116.6 6.3374e+01  14 1.00000e+00  
116.7 6.3468e+01  14 1.00000e+00  
116.8 6.3562e+01  14 1.00000e+00  
116.9 6.3656e+01  14 1.00000e+00  
117.0 6.3750e+01  14 1.00000e+00  
117.1 6.3845e+01  14 1.00000e+00  
117.2 6.3939e+01  14 1.00000e+00  
117.3 6.4036e+01  14 1.00000e+00  
117.4 6.4130e+01  14 1.00000e+00  
117.5 6.4224e+01  14 1.00000e+00  
117.6 6.4318e+01  14 1.00000e+00  
117.7 6.4412e+01  14 1.00000e+00  
117.8 6.4506e+01  14 1.00000e+00  
117.9 6.4600e+01  14 1.00000e+00  
118.0 6.4694e+01  14 1.00000e+00  
118.1 6.4789e+01  14 1.00000e+00  
118.2 6.4883e+01  14 1.00000e+00  
118.3 6.4977e+01  14 1.00000e+00  
118.4 6.5071e+01  14 1.00000e+00  
118.5 6.5165e+01  14 1.00000e+00  
118.6 6.5259e+01  14 1.00000e+00  
118.7 6.5353e+01  14 1.00000e+00  
118.8 6.5447e+01  14 1.00000e+00  
118.9 6.5541e+01  14 1.00000e+00  
119.0 6.5635e+01  14 1.00000e+00  
119.1 6.5729e+01  14 1.00000e+00  
119.2 6.5823e+01  14 1.00000e+00  
119.3 6.5917e+01  14 1.00000e+00  
119.4 6.6012e+01  14 1.00000e+00  
119.5 6.6106e+01  14 1.00000e+00  
119.6 6.6200e+01  14 1.00000e+00  
119.7 6.6294e+01  14 1.00000e+00  
119.8 6.6388e+01  14 1.00000e+00  
119.9 6.6482e+01  14 1.00000e+00  
120.0 6.6576e+01  14 1.00000e+00  
120.1 6.6670e+01  14 1.00000e+00  
120.2 6.6764e+01  14 1.00000e+00  
120.3 6.6858e+01  14 1.00000e+00  
120.4 6.6952e+01  14 1.00000e+00  
120.5 6.7046e+01  14 1.00000e+00  
120.6 6.7140e+01  14 1.00000e+00  
120.7 6.7235e+01  14 1.00000e+00  
120.8 6.7329e+01  14 1.00000e+00  
120.9 6.7423e+01  14 1.00000e+00  
121.0 6.7517e+01  14 1.00000e+00  
121.1 6.7611e+01  14 1.00000e+00  
121.2 6.7701e+01  14 1.00000e+00  
121.3 6.7795e+01  14 1.00000e+00  
121.4 6.7889e+01  14 1.00000e+00  
121.5 6.7983e+01  14 1.00000e+00  
121.6 6.8077e+01  14 1.00000e+00  
121.7 6.8170e+01  14 1.00000e+00  
121.8 6.8264e+01  14 1.00000e+00  
121.9 6.8358e+01  14 1.00000e+00  
122.0 6.8452e+01  14 1.00000e+00  
122.1 6.8546e+01  14 1.00000e+00  
122.2 6.8640e+01  14 1.00000e+00  
122.3 6.8734e+01  14 1.00000e+00  
122.4 6.8828e+01  14 1.00000e+00  
122.5 6.8922e+01  14 1.00000e+00  
122.6 6.9016e+01  14 1.00000e+00  
122.7 6.9110e+01  14 1.00000e+00  
122.8 6.9204e+01  14 1.00000e+00  
122.9 6.9298e+01  14 1.00000e+00  
123.0 6.9392e+01  14 1.00000e+00  
123.1 6.9486e+01  14 1.00000e+00  
123.2 6.9580e+01  14 1.00000e+00  
123.3 6.9674e+01  14 1.00000e+00  
123.4 6.9768e+01  14 1.00000e+00  
123.5 6.9862e+01  14 1.00000e+00  
123.6 6.9956e+01  14 1.00000e+00  
123.7 7.0050e+01  14 1.00000e+00  
123.8 7.0144e+01  14 1.00000e+00  
123.9 7.0238e+01  14 1.00000e+00  
124.0 7.0332e+01  14 1.00000e+00  
124.1 7.0426e+01  14 1.00000e+00  
124.2 7.0520e+01  14 1.00000e+00  
124.3 7.0614e+01  14 1.00000e+00  
124.4 7.0708e+01  14 1.00000e+00  
124.5 7.0802e+01  14 1.00000e+00  
124.6 7.0896e+01  14 1.00000e+00  
124.7 7.0990e+01  14 1.00000e+00  
124.8 7.1084e+01  14 1.00000e+00  
124.9 7.1177e+01  14 1.00000e+00  
125.0 7.1271e+01  14 1.00000e+00  
125.1 7.1365e+01  14 1.00000e+00  
125.2 7.1459e+01  14 1.00000e+00  
125.3 7.1553e+01  14 1.00000e+00  
125.4 7.1647e+01  14 1.00000e+00  
125.5 7.1741e+01  14 1.00000e+00  
125.6 7.1835e+01  14 1.00000e+00  
125.7 7.1929e+01  14 1.00000e+00  
125.8 7.2023e+01  14 1.00000e+00  
125.9 7.2117e+01  14 1.00000e+00  
126.0 7.2211e+01  14 1.00000e+00  
126.1 7.2305e+01  14 1.00000e+00  
126.2 7.2399e+01  14 1.00000e+00  
126.3 7.2493e+01  14 1.00000e+00  
126.4 7.2586e+01  14 1.00000e+00  
126.5 7.2680e+01  14 1.00000e+00  
126.6 7.2779e+01  14 1.00000e+00  
126.7 7.2873e+01  14 1.00000e+00  
126.8 7.2967e+01  14 1.00000e+00  
126.9 7.3061e+01  14 1.00000e+00  
127.0 7.3154e+01  14 1.00000e+00  
127.1 7.3248e+01  14 1.00000e+00  
127.2 7.3342e+01  14 1.00000e+00  
127.3 7.3436e+01  14 1.00000e+00  
127.4 7.3530e+01  14 1.00000e+00  
127.5 7.3624e+01  14 1.00000e+00  
127.6 7.3718e+01  14 1.00000e+00  
127.7 7.3812e+01  14 1.00000e+00  
127.8 7.3905e+01  14 1.00000e+00  
127.9 7.3999e+01  14 1.00000e+00  
128.0 7.4093e+01  14 1.00000e+00  
128.1 7.4187e+01  14 1.00000e+00  
128.2 7.4281e+01  14 1.00000e+00  
128.3 7.4375e+01  14 1.00000e+00  
128.4 7.4468e+01  14 1.00000e+00  
128.5 7.4562e+01  14 1.00000e+00  
128.6 7.4656e+01  14 1.00000e+00  
128.7 7.4750e+01  14 1.00000e+00  
128.8 7.4844e+01  14 1.00000e+00  
128.9 7.4938e+01  14 1.00000e+00  
129.0 7.5031e+01  14 1.00000e+00  
129.1 7.5125e+01  14 1.00000e+00  
129.2 7.5219e+01  14 1.00000e+00  
129.3 7.5313e+01  14 1.00000e+00  
129.4 7.5406e+01  14 1.00000e+00  
129.5 7.5500e+01  14 1.00000e+00  
129.6 7.5594e+01  14 1.00000e+00  
129.7 7.5688e+01  14 1.00000e+00  
129.8 7.5782e+01  14 1.00000e+00  
129.9 7.5875e+01  14 1.00000e+00  
130.0 7.5969e+01  14 1.00000e+00  
130.1 7.6063e+01  14 1.00000e+00  
130.2 7.6157e+01  14 1.00000e+00  
130.3 7.6250e+01  14 1.00000e+00  
130.4 7.6344e+01  14 1.00000e+00  
130.5 7.6438e+01  14 1.00000e+00  
130.6 7.6532e+01  14 1.00000e+00  
130.7 7.6625e+01  14 1.00000e+00  
130.8 7.6719e+01  14 1.00000e+00  
130.9 7.6813e+01  14 1.00000e+00  
131.0 7.6906e+01  14 1.00000e+00  
131.1 7.7000e+01  14 1.00000e+00  
131.2 7.7094e+01  14 1.00000e+00  
131.3 7.7188e+01  14 1.00000e+00  
131.4 7.7281e+01  14 1.00000e+00  
131.5 7.7375e+01  14 1.00000e+00  
131.6 7.7469e+01  14 1.00000e+00  
131.7 7.7562e+01  14 1.00000e+00  
131.8 7.7656e+01  14 1.00000e+00  
131.9 7.7750e+01  14 1.00000e+00  
132.0 7.7843e+01  14 1.00000e+00  
132.1 7.7937e+01  14 1.00000e+00  
132.2 7.8031e+01  14 1.00000e+00  
132.3 7.8124e+01  14 1.00000e+00  
132.4 7.8218e+01  14 1.00000e+00  
132.5 7.8312e+01  14 1.00000e+00  
132.6 7.8405e+01  14 1.00000e+00  
132.7 7.8499e+01  14 1.00000e+00  
132.8 7.8593e+01  14 1.00000e+00  
132.9 7.8686e+01  14 1.00000e+00  
133.0 7.8784e+01  14 1.00000e+00  
133.1 7.8878e+01  14 1.00000e+00  
133.2 7.8971e+01  14 1.00000e+00  
133.3 7.9065e+01  14 1.00000e+00  
133.4 7.9158e+01  14 1.00000e+00  
133.5 7.9252e+01  14 1.00000e+00  
133.6 7.9346e+01  14 1.00000e+00  
133.7 7.9439e+01  14 1.00000e+00  
133.8 7.9533e+01  14 1.00000e+00  
133.9 7.9626e+01  14 1.00000e+00  
134.0 7.9720e+01  14 1.00000e+00  
134.1 7.9814e+01  14 1.00000e+00  
134.2 7.9907e+01  14 1.00000e+00  
134.3 8.0001e+01  14 1.00000e+00  
134.4 8.0094e+01  14 1.00000e+00  
134.5 8.0188e+01  14 1.00000e+00  
134.6 8.0281e+01  14 1.00000e+00  
134.7 8.0375e+01  14 1.00000e+00  
134.8 8.0468e+01  14 1.00000e+00  
134.9 8.0562e+01  14 1.00000e+00  
135.0 8.0655e+01  14 1.00000e+00  
135.1 8.0749e+01  14 1.00000e+00  
135.2 8.0842e+01  14 1.00000e+00  
135.3 8.0936e+01  14 1.00000e+00  
135.4 8.1029e+01  14 1.00000e+00  
135.5 8.1123e+01  14 1.00000e+00  
135.6 8.1216e+01  14 1.00000e+00  
135.7 8.1310e+01  14 1.00000e+00  
135.8 8.1403e+01  14 1.00000e+00  
135.9 8.1497e+01  14 1.00000e+00  
136.0 8.1590e+01  14 1.00000e+00  
136.1 8.1684e+01  14 1.00000e+00  
136.2 8.1777e+01  14 1.00000e+00  
136.3 8.1871e+01  14 1.00000e+00  
136.4 8.1964e+01  14 1.00000e+00  
136.5 8.2057e+01  14 1.00000e+00  
136.6 8.2151e+01  14 1.00000e+00  
136.7 8.2244e+01  14 1.00000e+00  
136.8 8.2338e+01  14 1.00000e+00  
136.9 8.2431e+01  14 1.00000e+00  
137.0 8.2525e+01  14 1.00000e+00  
137.1 8.2618e+01  14 1.00000e+00  
137.2 8.2711e+01  14 1.00000e+00  
137.3 8.2805e+01  14 1.00000e+00  
137.4 8.2898e+01  14 1.00000e+00  
137.5 8.2992e+01  14 1.00000e+00  
137.6 8.3089e+01  14 1.00000e+00  
137.7 8.3182e+01  14 1.00000e+00  
137.8 8.3275e+01  14 1.00000e+00  
137.9 8.3369e+01  14 1.00000e+00  
138.0 8.3462e+01  14 1.00000e+00  
138.1 8.3556e+01  14 1.00000e+00  
138.2 8.3649e+01  14 1.00000e+00  
138.3 8.3742e+01  14 1.00000e+00  
138.4 8.3836e+01  14 1.00000e+00  
138.5 8.3929e+01  14 1.00000e+00  
138.6 8.4022e+01  14 1.00000e+00  
138.7 8.4115e+01  14 1.00000e+00  
138.8 8.4209e+01  14 1.00000e+00  
138.9 8.4302e+01  14 1.00000e+00  
139.0 8.4395e+01  14 1.00000e+00  
139.1 8.4489e+01  14 1.00000e+00  
139.2 8.4582e+01  14 1.00000e+00  
139.3 8.4675e+01  14 1.00000e+00  
139.4 8.4769e+01  14 1.00000e+00  
139.5 8.4862e+01  14 1.00000e+00  
139.6 8.4955e+01  14 1.00000e+00  
139.7 8.5048e+01  14 1.00000e+00  
139.8 8.5142e+01  14 1.00000e+00  
139.9 8.5235e+01  14 1.00000e+00  
140.0 8.5328e+01  14 1.00000e+00  
140.1 8.5421e+01  14 1.00000e+00  
140.2 8.5514e+01  14 1.00000e+00  
140.3 8.5608e+01  14 1.00000e+00  
140.4 8.5701e+01  14 1.00000e+00  
140.5 8.5794e+01  14 1.00000e+00  
140.6 8.5887e+01  14 1.00000e+00  
140.7 8.5980e+01  14 1.00000e+00  
140.8 8.6074e+01  14 1.00000e+00  
140.9 8.6167e+01  14 1.00000e+00  
141.0 8.6260e+01  14 1.00000e+00  
141.1 8.6353e+01  14 1.00000e+00  
141.2 8.6450e+01  14 1.00000e+00  
141.3 8.6543e+01  14 1.00000e+00  
141.4 8.6636e+01  14 1.00000e+00  
141.5 8.6729e+01  14 1.00000e+00  
141.6 8.6823e+01  14 1.00000e+00  
141.7 8.6916e+01  14 1.00000e+00  
141.8 8.7009e+01  14 1.00000e+00  
141.9 8.7102e+01  14 1.00000e+00  
142.0 8.7195e+01  14 1.00000e+00  
142.1 8.7288e+01  14 1.00000e+00  
142.2 8.7381e+01  14 1.00000e+00  
142.3 8.7474e+01  14 1.00000e+00  
142.4 8.7567e+01  14 1.00000e+00  
142.5 8.7661e+01  14 1.00000e+00  
142.6 8.7754e+01  14 1.00000e+00  
142.7 8.7847e+01  14 1.00000e+00  
142.8 8.7940e+01  14 1.00000e+00  
142.9 8.8033e+01  14 1.00000e+00  
143.0 8.8126e+01  14 1.00000e+00  
143.1 8.8219e+01  14 1.00000e+00  
143.2 8.8312e+01  14 1.00000e+00  
143.3 8.8405e+01  14 1.00000e+00  
143.4 8.8498e+01  14 1.00000e+00  
143.5 8.8591e+01  14 1.00000e+00  
143.6 8.8684e+01  14 1.00000e+00  
143.7 8.8777e+01  14 1.00000e+00  
143.8 8.8870e+01  14 1.00000e+00  
143.9 8.8963e+01  14 1.00000e+00  
144.0 8.9056e+01  14 1.00000e+00  
144.1 8.9152e+01  14 1.00000e+00  
144.2 8.9245e+01  14 1.00000e+00  
144.3 8.9338e+01  14 1.00000e+00  
144.4 8.9431e+01  14 1.00000e+00  
144.5 8.9524e+01  14 1.00000e+00  
144.6 8.9617e+01  14 1.00000e+00  
144.7 8.9710e+01  14 1.00000e+00  
144.8 8.9803e+01  14 1.00000e+00  
144.9 8.9896e+01  14 1.00000e+00  
145.0 8.9989e+01  14 1.00000e+00  
145.1 9.0082e+01  14 1.00000e+00  
145.2 9.0175e+01  14 1.00000e+00  
145.3 9.0268e+01  14 1.00000e+00  
145.4 9.0361e+01  14 1.00000e+00  
145.5 9.0454e+01  14 1.00000e+00  
145.6 9.0546e+01  14 1.00000e+00  
145.7 9.0639e+01  14 1.00000e+00  
145.8 9.0732e+01  14 1.00000e+00  
145.9 9.0825e+01  14 1.00000e+00  
146.0 9.0918e+01  14 1.00000e+00  
146.1 9.1011e+01  14 1.00000e+00  
146.2 9.1104e+01  14 1.00000e+00  
146.3 9.1197e+01  14 1.00000e+00  
146.4 9.1289e+01  14 1.00000e+00  
146.5 9.1385e+01  14 1.00000e+00  
146.6 9.1478e+01  14 1.00000e+00  
146.7 9.1571e+01  14 1.00000e+00  
146.8 9.1664e+01  14 1.00000e+00  
146.9 9.1757e+01  14 1.00000e+00  
147.0 9.1850e+01  14 1.00000e+00  
147.1 9.1942e+01  14 1.00000e+00  
147.2 9.2035e+01  14 1.00000e+00  
147.3 9.2128e+01  14 1.00000e+00  
147.4 9.2221e+01  14 1.00000e+00  
147.5 9.2313e+01  14 1.00000e+00  
147.6 9.2406e+01  14 1.00000e+00  
147.7 9.2499e+01  14 1.00000e+00  
147.8 9.2592e+01  14 1.00000e+00  
147.9 9.2684e+01  14 1.00000e+00  
148.0 9.2777e+01  14 1.00000e+00  
148.1 9.2870e+01  14 1.00000e+00  
148.2 9.2963e+01  14 1.00000e+00  
148.3 9.3055e+01  14 1.00000e+00  
148.4 9.3148e+01  14 1.00000e+00  
148.5 9.3241e+01  14 1.00000e+00  
148.6 9.3337e+01  14 1.00000e+00  
148.7 9.3429e+01  14 1.00000e+00  
148.8 9.3522e+01  14 1.00000e+00  
148.9 9.3615e+01  14 1.00000e+00  
149.0 9.3707e+01  14 1.00000e+00  
149.1 9.3800e+01  14 1.00000e+00  
149.2 9.3893e+01  14 1.00000e+00  
149.3 9.3985e+01  14 1.00000e+00  
149.4 9.4078e+01  14 1.00000e+00  
149.5 9.4171e+01  14 1.00000e+00  
149.6 9.4263e+01  14 1.00000e+00  
149.7 9.4356e+01  14 1.00000e+00  
149.8 9.4448e+01  14 1.00000e+00  
149.9 9.4541e+01  14 1.00000e+00  
150.0 9.4634e+01  14 1.00000e+00  
