 15.1 1.4592e+00  13 4.50481e-02  
 15.2 1.4667e+00  13 4.53985e-02  
 15.3 1.4742e+00  13 4.57448e-02  
 15.4 1.4817e+00  13 4.60870e-02  
 15.5 1.4892e+00  13 4.64254e-02  
 15.6 1.4967e+00  13 4.67597e-02  
 15.7 1.5042e+00  13 4.70899e-02  
 15.8 1.5117e+00  13 4.74163e-02  
 15.9 1.5192e+00  13 4.77388e-02  
 16.0 1.5267e+00  13 4.80006e-02  
 16.1 1.5342e+00  13 4.83147e-02  
 16.2 1.5417e+00  13 4.86252e-02  
 16.3 1.5492e+00  13 4.89320e-02  
 16.4 1.5567e+00  13 4.92354e-02  
 16.5 1.5642e+00  13 4.95353e-02  
 16.6 1.5717e+00  13 4.98317e-02  
 16.7 1.5792e+00  13 5.01248e-02  
 16.8 1.5866e+00  13 5.04147e-02  
 16.9 1.5941e+00  13 5.07012e-02  
 17.0 1.6016e+00  13 5.09846e-02  
 17.1 1.6091e+00  13 5.12649e-02  
 17.2 1.6166e+00  13 5.15422e-02  
 17.3 1.6241e+00  13 5.18164e-02  
 17.4 1.6315e+00  13 5.20876e-02  
 17.5 1.6390e+00  13 5.23559e-02  
 17.6 1.6465e+00  13 5.26214e-02  
 17.7 1.6540e+00  13 5.28840e-02  
 17.8 1.6614e+00  13 5.31439e-02  
 17.9 1.6689e+00  13 5.34009e-02  
 18.0 1.6764e+00  13 5.36553e-02  
 18.1 1.6838e+00  13 5.39071e-02  
 18.2 1.6948e+00  13 5.44236e-02  
 18.3 1.7069e+00  13 5.50294e-02  
 18.4 1.7192e+00  13 5.56369e-02  
 18.5 1.7316e+00  13 5.62462e-02  
 18.6 1.7440e+00  13 5.68573e-02  
 18.7 1.7566e+00  13 5.74702e-02  
 18.8 1.7692e+00  13 5.80851e-02  
 18.9 1.7819e+00  13 5.87019e-02  
 19.0 1.7948e+00  13 5.93208e-02  
 19.1 1.8077e+00  13 5.99417e-02  
 19.2 1.8207e+00  13 6.05648e-02  
 19.3 1.8339e+00  13 6.11900e-02  
 19.4 1.8471e+00  13 6.18175e-02  
 19.5 1.8604e+00  13 6.24472e-02  
 19.6 1.8738e+00  13 6.30792e-02  
 19.7 1.8874e+00  13 6.37136e-02  
 19.8 1.9010e+00  13 6.43504e-02  
 19.9 1.9147e+00  13 6.49897e-02  
 20.0 1.7459e+01  14 1.00000e+00  
 20.1 1.7569e+01  14 1.00000e+00  
 20.2 1.7653e+01  14 1.00000e+00  
 20.3 1.7736e+01  14 1.00000e+00  
 20.4 1.7820e+01  14 1.00000e+00  
 20.5 1.7903e+01  14 1.00000e+00  
 20.6 1.7987e+01  14 1.00000e+00  
 20.7 1.8070e+01  14 1.00000e+00  
 20.8 1.8153e+01  14 1.00000e+00  
 20.9 1.8237e+01  14 1.00000e+00  
 21.0 1.8320e+01  14 1.00000e+00  
 21.1 1.8403e+01  14 1.00000e+00  
 21.2 1.8486e+01  14 1.00000e+00  
 21.3 1.8570e+01  14 1.00000e+00  
 21.4 1.8653e+01  14 1.00000e+00  
 21.5 1.8736e+01  14 1.00000e+00  
 21.6 1.8819e+01  14 1.00000e+00  
 21.7 1.8902e+01  14 1.00000e+00  
 21.8 1.8985e+01  14 1.00000e+00  
 21.9 1.9068e+01  14 1.00000e+00  
 22.0 1.9151e+01  14 1.00000e+00  
 22.1 1.9233e+01  14 1.00000e+00  
 22.2 1.9316e+01  14 1.00000e+00  
 22.3 1.9399e+01  14 1.00000e+00  
 22.4 1.9482e+01  14 1.00000e+00  
 22.5 1.9564e+01  14 1.00000e+00  
 22.6 1.9647e+01  14 1.00000e+00  
 22.7 1.9729e+01  14 1.00000e+00  
 22.8 1.9812e+01  14 1.00000e+00  
 22.9 5.5888e+00  14 2.46850e-01  
 23.0 5.7057e+00  14 2.51914e-01  
 23.1 5.8243e+00  14 2.57020e-01  
 23.2 5.9445e+00  14 2.62166e-01  
 23.3 6.0663e+00  14 2.67353e-01  
 23.4 6.1897e+00  14 2.72580e-01  
 23.5 6.3148e+00  14 2.77847e-01  
 23.6 6.4415e+00  14 2.83155e-01  
 23.7 6.5698e+00  14 2.88501e-01  
 23.8 6.6998e+00  14 2.93888e-01  
 23.9 6.8314e+00  14 2.99314e-01  
 24.0 6.9647e+00  14 3.04780e-01  
 24.1 7.0997e+00  14 3.10284e-01  
 24.2 7.2363e+00  14 3.15828e-01  
 24.3 7.3746e+00  14 3.21410e-01  
 24.4 7.5146e+00  14 3.27031e-01  
 24.5 7.6562e+00  14 3.32691e-01  
 24.6 7.7996e+00  14 3.38389e-01  
 24.7 7.9446e+00  14 3.44124e-01  
 24.8 8.0914e+00  14 3.49898e-01  
 24.9 8.2399e+00  14 3.55710e-01  
 25.0 8.3900e+00  14 3.61560e-01  
 25.1 8.5419e+00  14 3.67448e-01  
 25.2 8.6956e+00  14 3.73372e-01  
 25.3 8.8509e+00  14 3.79335e-01  
 25.4 9.0080e+00  14 3.85335e-01  
 25.5 9.1668e+00  14 3.91371e-01  
 25.6 9.3274e+00  14 3.97445e-01  
 25.7 9.4898e+00  14 4.03556e-01  
 25.8 9.6539e+00  14 4.09704e-01  
 25.9 9.8197e+00  14 4.15889e-01  
 26.0 9.9874e+00  14 4.22110e-01  
 26.1 1.0157e+01  14 4.28368e-01  
 26.2 1.0328e+01  14 4.34662e-01  
 26.3 1.0501e+01  14 4.40993e-01  
 26.4 1.0676e+01  14 4.47360e-01  
 26.5 1.0852e+01  14 4.53764e-01  
 26.6 1.1014e+01  14 4.60551e-01  
 26.7 1.1193e+01  14 4.67026e-01  
 26.8 1.1374e+01  14 4.73536e-01  
 26.9 1.1557e+01  14 4.80082e-01  
 27.0 1.1742e+01  14 4.86664e-01  
 27.1 1.1929e+01  14 4.93281e-01  
 27.2 1.2118e+01  14 4.99934e-01  
 27.3 1.2308e+01  14 5.06623e-01  
 27.4 1.2500e+01  14 5.13347e-01  
 27.5 1.2694e+01  14 5.20112e-01  
 27.6 1.2866e+01  14 5.27208e-01  
 27.7 1.3063e+01  14 5.34035e-01  
 27.8 1.3262e+01  14 5.40897e-01  
 27.9 1.3463e+01  14 5.47794e-01  
 28.0 1.3665e+01  14 5.54727e-01  
 28.1 1.3870e+01  14 5.61694e-01  
 28.2 1.4076e+01  14 5.68696e-01  
 28.3 1.4284e+01  14 5.75738e-01  
 28.4 1.4494e+01  14 5.82813e-01  
 28.5 1.4676e+01  14 5.90182e-01  
 28.6 1.4889e+01  14 5.97321e-01  
 28.7 1.5104e+01  14 6.04494e-01  
 28.8 1.5320e+01  14 6.11703e-01  
 28.9 1.5539e+01  14 6.18946e-01  
 29.0 1.5760e+01  14 6.26224e-01  
 29.1 1.5982e+01  14 6.33541e-01  
 29.2 1.6206e+01  14 6.40889e-01  
 29.3 1.6432e+01  14 6.48273e-01  
 29.4 1.6660e+01  14 6.55692e-01  
 29.5 1.6852e+01  14 6.63358e-01  
 29.6 1.7083e+01  14 6.70840e-01  
 29.7 1.7316e+01  14 6.78357e-01  
 29.8 1.7551e+01  14 6.85908e-01  
 29.9 1.7787e+01  14 6.93497e-01  
 30.0 1.8026e+01  14 7.01119e-01  
 30.1 1.8267e+01  14 7.08775e-01  
 30.2 1.8509e+01  14 7.16466e-01  
 30.3 1.8753e+01  14 7.24191e-01  
 30.4 1.9000e+01  14 7.31951e-01  
 30.5 1.9201e+01  14 7.39910e-01  
 30.6 1.9451e+01  14 7.47734e-01  
 30.7 1.9702e+01  14 7.55591e-01  
 30.8 1.9955e+01  14 7.63486e-01  
 30.9 2.0210e+01  14 7.71414e-01  
 31.0 2.0467e+01  14 7.79376e-01  
 31.1 2.0726e+01  14 7.87373e-01  
 31.2 2.0987e+01  14 7.95405e-01  
 31.3 2.1250e+01  14 8.03470e-01  
 31.4 2.1459e+01  14 8.11692e-01  
 31.5 2.1725e+01  14 8.19821e-01  
 31.6 2.1993e+01  14 8.27984e-01  
 31.7 2.2263e+01  14 8.36184e-01  
 31.8 2.2534e+01  14 8.44418e-01  
 31.9 2.2808e+01  14 8.52686e-01  
 32.0 2.3084e+01  14 8.60988e-01  
 32.1 2.3362e+01  14 8.69325e-01  
 32.2 2.3642e+01  14 8.77697e-01  
 32.3 2.3924e+01  14 8.86103e-01  
 32.4 2.4139e+01  14 8.94613e-01  
 32.5 2.4424e+01  14 9.03082e-01  
 32.6 2.4711e+01  14 9.11587e-01  
 32.7 2.4999e+01  14 9.20127e-01  
 32.8 2.5289e+01  14 9.28701e-01  
 32.9 2.5582e+01  14 9.37310e-01  
 33.0 2.5876e+01  14 9.45953e-01  
 33.1 2.6173e+01  14 9.54632e-01  
 33.2 2.6472e+01  14 9.63344e-01  
 33.3 2.6773e+01  14 9.72092e-01  
 33.4 2.6993e+01  14 9.80887e-01  
 33.5 2.7297e+01  14 9.89699e-01  
 33.6 2.7603e+01  14 9.98545e-01  
 33.7 2.7711e+01  14 1.00000e+00  
 33.8 2.7780e+01  14 1.00000e+00  
 33.9 2.7849e+01  14 1.00000e+00  
 34.0 2.7918e+01  14 1.00000e+00  
 34.1 2.7987e+01  14 1.00000e+00  
 34.2 2.8057e+01  14 1.00000e+00  
 34.3 2.8126e+01  14 1.00000e+00  
 34.4 2.8103e+01  14 1.00000e+00  
 34.5 2.8172e+01  14 1.00000e+00  
 34.6 2.8240e+01  14 1.00000e+00  
 34.7 2.8174e+01  14 1.00000e+00  
 34.8 2.8242e+01  14 1.00000e+00  
 34.9 2.8310e+01  14 1.00000e+00  
 35.0 2.8378e+01  14 1.00000e+00  
 35.1 2.8445e+01  14 1.00000e+00  
 35.2 2.8368e+01  14 1.00000e+00  
 35.3 2.8436e+01  14 1.00000e+00  
 35.4 2.8503e+01  14 1.00000e+00  
 35.5 2.8472e+01  14 1.00000e+00  
 35.6 2.8540e+01  14 1.00000e+00  
 35.7 2.8460e+01  14 1.00000e+00  
 35.8 2.8526e+01  14 1.00000e+00  
 35.9 2.8592e+01  14 1.00000e+00  
 36.0 2.8659e+01  14 1.00000e+00  
 36.1 2.8576e+01  14 1.00000e+00  
 36.2 2.6905e+01  14 1.00000e+00  
 36.3 2.4291e+01  14 1.00000e+00  
 36.4 2.2985e+01  14 1.00000e+00  
 36.5 2.0276e+01  14 1.00000e+00  
 36.6 1.7683e+01  14 1.00000e+00  
 36.7 1.6400e+01  14 1.00000e+00  
 36.8 1.3818e+01  14 1.00000e+00  
 36.9 1.3604e+01  14 1.00000e+00  
 37.0 1.3554e+01  14 1.00000e+00  
 37.1 1.3533e+01  14 1.00000e+00  
 37.2 1.3503e+01  14 1.00000e+00  
 37.3 1.3491e+01  14 1.00000e+00  
 37.4 1.3440e+01  14 1.00000e+00  
 37.5 1.3487e+01  14 1.00000e+00  
 37.6 1.3448e+01  14 1.00000e+00  
 37.7 1.3416e+01  14 1.00000e+00  
 37.8 1.3317e+01  14 1.00000e+00  
 37.9 1.3337e+01  14 1.00000e+00  
 38.0 1.3371e+01  14 1.00000e+00  
 38.1 1.3406e+01  14 1.00000e+00  
 38.2 1.3445e+01  14 1.00000e+00  
 38.3 1.3489e+01  14 1.00000e+00  
 38.4 1.3507e+01  14 1.00000e+00  
 38.5 1.3542e+01  14 1.00000e+00  
 38.6 1.3576e+01  14 1.00000e+00  
 38.7 1.3617e+01  14 1.00000e+00  
 38.8 1.3661e+01  14 1.00000e+00  
 38.9 1.3706e+01  14 1.00000e+00  
 39.0 1.3772e+01  14 1.00000e+00  
 39.1 1.3746e+01  14 1.00000e+00  
 39.2 1.3790e+01  14 1.00000e+00  
 39.3 1.3834e+01  14 1.00000e+00  
 39.4 1.3879e+01  14 1.00000e+00  
 39.5 1.3938e+01  14 1.00000e+00  
 39.6 1.3999e+01  14 1.00000e+00  
 39.7 1.3963e+01  14 1.00000e+00  
 39.8 1.4008e+01  14 1.00000e+00  
 39.9 1.4054e+01  14 1.00000e+00  
 40.0 1.4115e+01  14 1.00000e+00  
 40.1 1.4169e+01  14 1.00000e+00  
 40.2 1.4270e+01  14 1.00000e+00  
 40.3 1.4182e+01  14 1.00000e+00  
 40.4 1.4235e+01  14 1.00000e+00  
 40.5 1.4294e+01  14 1.00000e+00  
 40.6 1.4405e+01  14 1.00000e+00  
 40.7 1.4443e+01  14 1.00000e+00  
 40.8 1.4356e+01  14 1.00000e+00  
 40.9 1.4417e+01  14 1.00000e+00  
 41.0 1.4472e+01  14 1.00000e+00  
 41.1 1.4577e+01  14 1.00000e+00  
 41.2 1.4615e+01  14 1.00000e+00  
 41.3 1.4650e+01  14 1.00000e+00  
 41.4 1.4598e+01  14 1.00000e+00  
 41.5 1.4712e+01  14 1.00000e+00  
 41.6 1.4749e+01  14 1.00000e+00  
 41.7 1.4786e+01  14 1.00000e+00  
 41.8 1.4821e+01  14 1.00000e+00  
 41.9 1.4778e+01  14 1.00000e+00  
 42.0 1.4885e+01  14 1.00000e+00  
 42.1 1.4922e+01  14 1.00000e+00  
 42.2 1.4957e+01  14 1.00000e+00  
 42.3 1.4992e+01  14 1.00000e+00  
 42.4 1.5020e+01  14 1.00000e+00  
 42.5 1.5057e+01  14 1.00000e+00  
 42.6 1.5093e+01  14 1.00000e+00  
 42.7 1.5127e+01  14 1.00000e+00  
 42.8 1.5154e+01  14 1.00000e+00  
 42.9 1.5192e+01  14 1.00000e+00  
 43.0 1.5228e+01  14 1.00000e+00  
 43.1 1.5263e+01  14 1.00000e+00  
 43.2 1.5290e+01  14 1.00000e+00  
 43.3 1.5327e+01  14 1.00000e+00  
 43.4 1.5364e+01  14 1.00000e+00  
 43.5 1.5398e+01  14 1.00000e+00  
 43.6 1.5425e+01  14 1.00000e+00  
 43.7 1.5462e+01  14 1.00000e+00  
 43.8 1.5499e+01  14 1.00000e+00  
 43.9 1.5417e+01  14 1.00000e+00  
 44.0 1.5559e+01  14 1.00000e+00  
 44.1 1.5597e+01  14 1.00000e+00  
 44.2 1.5498e+01  14 1.00000e+00  
 44.3 1.5547e+01  14 1.00000e+00  
 44.4 1.5541e+01  14 1.00000e+00  
 44.5 1.5586e+01  14 1.00000e+00  
 44.6 1.5598e+01  14 1.00000e+00  
 44.7 1.5629e+01  14 1.00000e+00  
 44.8 1.5651e+01  14 1.00000e+00  
 44.9 1.5517e+01  14 1.00000e+00  
 45.0 1.5552e+01  14 1.00000e+00  
 45.1 1.5586e+01  14 1.00000e+00  
 45.2 1.5616e+01  14 1.00000e+00  
 45.3 1.5649e+01  14 1.00000e+00  
 45.4 1.5682e+01  14 1.00000e+00  
 45.5 1.5715e+01  14 1.00000e+00  
 45.6 1.5901e+01  14 1.00000e+00  
 45.7 1.5937e+01  14 1.00000e+00  
 45.8 1.5973e+01  14 1.00000e+00  
 45.9 1.6011e+01  14 1.00000e+00  
 46.0 1.6046e+01  14 1.00000e+00  
 46.1 1.6079e+01  14 1.00000e+00  
 46.2 1.6114e+01  14 1.00000e+00  
 46.3 1.6148e+01  14 1.00000e+00  
 46.4 1.6182e+01  14 1.00000e+00  
 46.5 1.6215e+01  14 1.00000e+00  
 46.6 1.6249e+01  14 1.00000e+00  
 46.7 1.6282e+01  14 1.00000e+00  
 46.8 1.6315e+01  14 1.00000e+00  
 46.9 1.6349e+01  14 1.00000e+00  
 47.0 1.6395e+01  14 1.00000e+00  
 47.1 1.6440e+01  14 1.00000e+00  
 47.2 1.6613e+01  14 1.00000e+00  
 47.3 1.6651e+01  14 1.00000e+00  
 47.4 1.6688e+01  14 1.00000e+00  
 47.5 1.6723e+01  14 1.00000e+00  
 47.6 1.6757e+01  14 1.00000e+00  
 47.7 1.6792e+01  14 1.00000e+00  
 47.8 1.6826e+01  14 1.00000e+00  
 47.9 1.6861e+01  14 1.00000e+00  
 48.0 1.6895e+01  14 1.00000e+00  
 48.1 1.6917e+01  14 1.00000e+00  
 48.2 1.6950e+01  14 1.00000e+00  
 48.3 1.6984e+01  14 1.00000e+00  
 48.4 1.7030e+01  14 1.00000e+00  
 48.5 1.7076e+01  14 1.00000e+00  
 48.6 1.7122e+01  14 1.00000e+00  
 48.7 1.7168e+01  14 1.00000e+00  
 48.8 1.7330e+01  14 1.00000e+00  
 48.9 1.7367e+01  14 1.00000e+00  
 49.0 1.7403e+01  14 1.00000e+00  
 49.1 1.7437e+01  14 1.00000e+00  
 49.2 1.7472e+01  14 1.00000e+00  
 49.3 1.7507e+01  14 1.00000e+00  
 49.4 1.7541e+01  14 1.00000e+00  
 49.5 1.7576e+01  14 1.00000e+00  
 49.6 1.7610e+01  14 1.00000e+00  
 49.7 1.7643e+01  14 1.00000e+00  
 49.8 1.7676e+01  14 1.00000e+00  
 49.9 1.7715e+01  14 1.00000e+00  
 50.0 1.7761e+01  14 1.00000e+00  
 50.1 1.7807e+01  14 1.00000e+00  
 50.2 1.7853e+01  14 1.00000e+00  
 50.3 1.7904e+01  14 1.00000e+00  
 50.4 1.7970e+01  14 1.00000e+00  
 50.5 1.8104e+01  14 1.00000e+00  
 50.6 1.8143e+01  14 1.00000e+00  
 50.7 1.8177e+01  14 1.00000e+00  
 50.8 1.8212e+01  14 1.00000e+00  
 50.9 1.8247e+01  14 1.00000e+00  
 51.0 1.8282e+01  14 1.00000e+00  
 51.1 1.8307e+01  14 1.00000e+00  
 51.2 1.8341e+01  14 1.00000e+00  
 51.3 1.8375e+01  14 1.00000e+00  
 51.4 1.8408e+01  14 1.00000e+00  
 51.5 1.8448e+01  14 1.00000e+00  
 51.6 1.8495e+01  14 1.00000e+00  
 51.7 1.8541e+01  14 1.00000e+00  
 51.8 1.8587e+01  14 1.00000e+00  
 51.9 1.8660e+01  14 1.00000e+00  
 52.0 1.8727e+01  14 1.00000e+00  
 52.1 1.8776e+01  14 1.00000e+00  
 52.2 1.8884e+01  14 1.00000e+00  
 52.3 1.8923e+01  14 1.00000e+00  
 52.4 1.8957e+01  14 1.00000e+00  
 52.5 1.8992e+01  14 1.00000e+00  
 52.6 1.9028e+01  14 1.00000e+00  
 52.7 1.9064e+01  14 1.00000e+00  
 52.8 1.9099e+01  14 1.00000e+00  
 52.9 1.9133e+01  14 1.00000e+00  
 53.0 1.9168e+01  14 1.00000e+00  
 53.1 1.9202e+01  14 1.00000e+00  
 53.2 1.9236e+01  14 1.00000e+00  
 53.3 1.9279e+01  14 1.00000e+00  
 53.4 1.9325e+01  14 1.00000e+00  
 53.5 1.9372e+01  14 1.00000e+00  
 53.6 1.9445e+01  14 1.00000e+00  
 53.7 1.9504e+01  14 1.00000e+00  
 53.8 1.9559e+01  14 1.00000e+00  
 53.9 1.9609e+01  14 1.00000e+00  
 54.0 1.9656e+01  14 1.00000e+00  
 54.1 1.9763e+01  14 1.00000e+00  
 54.2 1.9800e+01  14 1.00000e+00  
 54.3 1.9827e+01  14 1.00000e+00  
 54.4 1.9862e+01  14 1.00000e+00  
 54.5 1.9905e+01  14 1.00000e+00  
 54.6 1.9941e+01  14 1.00000e+00  
 54.7 1.9976e+01  14 1.00000e+00  
 54.8 2.0011e+01  14 1.00000e+00  
 54.9 2.0036e+01  14 1.00000e+00  
 55.0 2.0070e+01  14 1.00000e+00  
 55.1 2.0112e+01  14 1.00000e+00  
 55.2 2.0159e+01  14 1.00000e+00  
 55.3 2.0206e+01  14 1.00000e+00  
 55.4 2.0252e+01  14 1.00000e+00  
 55.5 2.0331e+01  14 1.00000e+00  
 55.6 2.0389e+01  14 1.00000e+00  
 55.7 2.0442e+01  14 1.00000e+00  
 55.8 2.0492e+01  14 1.00000e+00  
 55.9 2.0538e+01  14 1.00000e+00  
 56.0 2.0651e+01  14 1.00000e+00  
 56.1 2.0686e+01  14 1.00000e+00  
 56.2 2.0721e+01  14 1.00000e+00  
 56.3 2.0758e+01  14 1.00000e+00  
 56.4 2.0794e+01  14 1.00000e+00  
 56.5 2.0830e+01  14 1.00000e+00  
 56.6 2.0866e+01  14 1.00000e+00  
 56.7 2.0901e+01  14 1.00000e+00  
 56.8 2.0936e+01  14 1.00000e+00  
 56.9 2.0971e+01  14 1.00000e+00  
 57.0 2.1004e+01  14 1.00000e+00  
 57.1 2.1043e+01  14 1.00000e+00  
 57.2 2.1090e+01  14 1.00000e+00  
 57.3 2.1137e+01  14 1.00000e+00  
 57.4 2.1184e+01  14 1.00000e+00  
 57.5 2.1231e+01  14 1.00000e+00  
 57.6 2.1278e+01  14 1.00000e+00  
 57.7 2.1355e+01  14 1.00000e+00  
 57.8 2.1399e+01  14 1.00000e+00  
 57.9 2.1446e+01  14 1.00000e+00  
 58.0 2.1508e+01  14 1.00000e+00  
 58.1 2.1551e+01  14 1.00000e+00  
 58.2 2.1609e+01  14 1.00000e+00  
 58.3 2.1653e+01  14 1.00000e+00  
 58.4 2.1697e+01  14 1.00000e+00  
 58.5 2.1751e+01  14 1.00000e+00  
 58.6 2.1798e+01  14 1.00000e+00  
 58.7 2.1842e+01  14 1.00000e+00  
 58.8 2.1891e+01  14 1.00000e+00  
 58.9 2.1938e+01  14 1.00000e+00  
 59.0 2.1982e+01  14 1.00000e+00  
 59.1 2.2114e+01  14 1.00000e+00  
 59.2 2.2079e+01  14 1.00000e+00  
 59.3 2.2123e+01  14 1.00000e+00  
 59.4 2.2250e+01  14 1.00000e+00  
 59.5 2.2219e+01  14 1.00000e+00  
 59.6 2.2261e+01  14 1.00000e+00  
 59.7 2.2299e+01  14 1.00000e+00  
 59.8 2.2360e+01  14 1.00000e+00  
 59.9 2.2403e+01  14 1.00000e+00  
 60.0 2.2440e+01  14 1.00000e+00  
 60.1 2.2500e+01  14 1.00000e+00  
 60.2 2.2544e+01  14 1.00000e+00  
 60.3 2.2580e+01  14 1.00000e+00  
 60.4 2.2603e+01  14 1.00000e+00  
 60.5 2.2686e+01  14 1.00000e+00  
 60.6 2.2723e+01  14 1.00000e+00  
 60.7 2.2748e+01  14 1.00000e+00  
 60.8 2.2776e+01  14 1.00000e+00  
 60.9 2.2868e+01  14 1.00000e+00  
 61.0 2.2894e+01  14 1.00000e+00  
 61.1 2.2917e+01  14 1.00000e+00  
 61.2 2.2963e+01  14 1.00000e+00  
 61.3 2.3045e+01  14 1.00000e+00  
 61.4 2.3058e+01  14 1.00000e+00  
 61.5 2.3104e+01  14 1.00000e+00  
 61.6 2.3151e+01  14 1.00000e+00  
 61.7 2.3221e+01  14 1.00000e+00  
 61.8 2.3246e+01  14 1.00000e+00  
 61.9 2.3292e+01  14 1.00000e+00  
 62.0 2.3339e+01  14 1.00000e+00  
 62.1 2.3396e+01  14 1.00000e+00  
 62.2 2.3434e+01  14 1.00000e+00  
 62.3 2.3480e+01  14 1.00000e+00  
 62.4 2.3529e+01  14 1.00000e+00  
 62.5 2.3595e+01  14 1.00000e+00  
 62.6 2.3622e+01  14 1.00000e+00  
 62.7 2.3668e+01  14 1.00000e+00  
 62.8 2.3715e+01  14 1.00000e+00  
 62.9 2.3785e+01  14 1.00000e+00  
 63.0 2.3863e+01  14 1.00000e+00  
 63.1 2.3857e+01  14 1.00000e+00  
 63.2 2.3903e+01  14 1.00000e+00  
 63.3 2.3969e+01  14 1.00000e+00  
 63.4 2.4044e+01  14 1.00000e+00  
 63.5 2.4121e+01  14 1.00000e+00  
 63.6 2.4092e+01  14 1.00000e+00  
 63.7 2.4151e+01  14 1.00000e+00  
 63.8 2.4225e+01  14 1.00000e+00  
 63.9 2.4303e+01  14 1.00000e+00  
 64.0 2.4377e+01  14 1.00000e+00  
 64.1 2.4328e+01  14 1.00000e+00  
 64.2 2.4404e+01  14 1.00000e+00  
 64.3 2.4479e+01  14 1.00000e+00  
 64.4 2.4552e+01  14 1.00000e+00  
 64.5 2.4623e+01  14 1.00000e+00  
 64.6 2.4585e+01  14 1.00000e+00  
 64.7 2.4648e+01  14 1.00000e+00  
 64.8 2.4721e+01  14 1.00000e+00  
 64.9 2.4793e+01  14 1.00000e+00  
 65.0 2.4865e+01  14 1.00000e+00  
 65.1 2.4805e+01  14 1.00000e+00  
 65.2 2.4949e+01  14 1.00000e+00  
 65.3 2.4957e+01  14 1.00000e+00  
 65.4 2.5030e+01  14 1.00000e+00  
 65.5 2.4989e+01  14 1.00000e+00  
 65.6 2.5025e+01  14 1.00000e+00  
 65.7 2.5025e+01  14 1.00000e+00  
 65.8 2.5069e+01  14 1.00000e+00  
 65.9 2.5257e+01  14 1.00000e+00  
 66.0 2.5214e+01  14 1.00000e+00  
 66.1 2.5248e+01  14 1.00000e+00  
 66.2 2.5247e+01  14 1.00000e+00  
 66.3 2.5291e+01  14 1.00000e+00  
 66.4 2.5335e+01  14 1.00000e+00  
 66.5 2.5438e+01  14 1.00000e+00  
 66.6 2.5481e+01  14 1.00000e+00  
 66.7 2.5507e+01  14 1.00000e+00  
 66.8 2.5514e+01  14 1.00000e+00  
 66.9 2.5558e+01  14 1.00000e+00  
 67.0 2.5602e+01  14 1.00000e+00  
 67.1 2.5676e+01  14 1.00000e+00  
 67.2 2.5743e+01  14 1.00000e+00  
 67.3 2.5738e+01  14 1.00000e+00  
 67.4 2.5782e+01  14 1.00000e+00  
 67.5 2.5826e+01  14 1.00000e+00  
 67.6 2.5875e+01  14 1.00000e+00  
 67.7 2.5955e+01  14 1.00000e+00  
 67.8 2.6029e+01  14 1.00000e+00  
 67.9 2.6063e+01  14 1.00000e+00  
 68.0 2.6051e+01  14 1.00000e+00  
 68.1 2.6095e+01  14 1.00000e+00  
 68.2 2.6144e+01  14 1.00000e+00  
 68.3 2.6221e+01  14 1.00000e+00  
 68.4 2.6293e+01  14 1.00000e+00  
 68.5 2.6367e+01  14 1.00000e+00  
 68.6 2.6440e+01  14 1.00000e+00  
 68.7 2.6437e+01  14 1.00000e+00  
 68.8 2.6409e+01  14 1.00000e+00  
 68.9 2.6476e+01  14 1.00000e+00  
 69.0 2.6551e+01  14 1.00000e+00  
 69.1 2.6624e+01  14 1.00000e+00  
 69.2 2.6695e+01  14 1.00000e+00  
 69.3 2.6763e+01  14 1.00000e+00  
 69.4 2.6836e+01  14 1.00000e+00  
 69.5 2.6797e+01  14 1.00000e+00  
 69.6 2.6793e+01  14 1.00000e+00  
 69.7 2.6867e+01  14 1.00000e+00  
 69.8 2.6941e+01  14 1.00000e+00  
 69.9 2.7010e+01  14 1.00000e+00  
 70.0 2.7078e+01  14 1.00000e+00  
 70.1 2.7148e+01  14 1.00000e+00  
 70.2 2.7115e+01  14 1.00000e+00  
 70.3 2.7161e+01  14 1.00000e+00  
 70.4 2.7193e+01  14 1.00000e+00  
 70.5 2.7243e+01  14 1.00000e+00  
 70.6 2.7313e+01  14 1.00000e+00  
 70.7 2.7384e+01  14 1.00000e+00  
 70.8 2.7452e+01  14 1.00000e+00  
 70.9 2.7521e+01  14 1.00000e+00  
 71.0 2.7481e+01  14 1.00000e+00  
 71.1 2.7526e+01  14 1.00000e+00  
 71.2 2.7561e+01  14 1.00000e+00  
 71.3 2.7559e+01  14 1.00000e+00  
 71.4 2.7684e+01  14 1.00000e+00  
 71.5 2.7735e+01  14 1.00000e+00  
 71.6 2.7804e+01  14 1.00000e+00  
 71.7 2.7871e+01  14 1.00000e+00  
 71.8 2.7940e+01  14 1.00000e+00  
 71.9 2.7894e+01  14 1.00000e+00  
 72.0 2.7937e+01  14 1.00000e+00  
 72.1 2.7970e+01  14 1.00000e+00  
 72.2 2.7964e+01  14 1.00000e+00  
 72.3 2.7996e+01  14 1.00000e+00  
 72.4 2.8120e+01  14 1.00000e+00  
 72.5 2.8216e+01  14 1.00000e+00  
 72.6 2.8280e+01  14 1.00000e+00  
 72.7 2.8346e+01  14 1.00000e+00  
 72.8 2.8308e+01  14 1.00000e+00  
 72.9 2.8356e+01  14 1.00000e+00  
 73.0 2.8392e+01  14 1.00000e+00  
 73.1 2.8394e+01  14 1.00000e+00  
 73.2 2.8412e+01  14 1.00000e+00  
 73.3 2.8453e+01  14 1.00000e+00  
 73.4 2.8498e+01  14 1.00000e+00  
 73.5 2.8620e+01  14 1.00000e+00  
 73.6 2.8743e+01  14 1.00000e+00  
 73.7 2.8809e+01  14 1.00000e+00  
 73.8 2.8770e+01  14 1.00000e+00  
 73.9 2.8818e+01  14 1.00000e+00  
 74.0 2.8860e+01  14 1.00000e+00  
 74.1 2.8891e+01  14 1.00000e+00  
 74.2 2.8893e+01  14 1.00000e+00  
 74.3 2.8912e+01  14 1.00000e+00  
 74.4 2.8958e+01  14 1.00000e+00  
 74.5 2.9003e+01  14 1.00000e+00  
 74.6 2.9064e+01  14 1.00000e+00  
 74.7 2.9186e+01  14 1.00000e+00  
 74.8 2.9316e+01  14 1.00000e+00  
 74.9 2.9280e+01  14 1.00000e+00  
 75.0 2.9329e+01  14 1.00000e+00  
 75.1 2.9373e+01  14 1.00000e+00  
 75.2 2.9410e+01  14 1.00000e+00  
 75.3 2.9419e+01  14 1.00000e+00  
 75.4 2.9444e+01  14 1.00000e+00  
 75.5 2.9465e+01  14 1.00000e+00  
 75.6 2.9511e+01  14 1.00000e+00  
 75.7 2.9557e+01  14 1.00000e+00  
 75.8 2.9611e+01  14 1.00000e+00  
 75.9 2.9660e+01  14 1.00000e+00  
 76.0 2.9859e+01  14 1.00000e+00  
 76.1 2.9925e+01  14 1.00000e+00  
 76.2 2.9885e+01  14 1.00000e+00  
 76.3 2.9937e+01  14 1.00000e+00  
 76.4 2.9981e+01  14 1.00000e+00  
 76.5 3.0021e+01  14 1.00000e+00  
 76.6 3.0030e+01  14 1.00000e+00  
 76.7 3.0062e+01  14 1.00000e+00  
 76.8 3.0081e+01  14 1.00000e+00  
 76.9 3.0113e+01  14 1.00000e+00  
 77.0 3.0159e+01  14 1.00000e+00  
 77.1 3.0208e+01  14 1.00000e+00  
 77.2 3.0277e+01  14 1.00000e+00  
 77.3 3.0299e+01  14 1.00000e+00  
 77.4 3.0512e+01  14 1.00000e+00  
 77.5 3.0579e+01  14 1.00000e+00  
 77.6 3.0541e+01  14 1.00000e+00  
 77.7 3.0590e+01  14 1.00000e+00  
 77.8 3.0637e+01  14 1.00000e+00  
 77.9 3.0683e+01  14 1.00000e+00  
 78.0 3.0720e+01  14 1.00000e+00  
 78.1 3.0732e+01  14 1.00000e+00  
 78.2 3.0765e+01  14 1.00000e+00  
 78.3 3.0790e+01  14 1.00000e+00  
 78.4 3.0812e+01  14 1.00000e+00  
 78.5 3.0859e+01  14 1.00000e+00  
 78.6 3.0905e+01  14 1.00000e+00  
 78.7 3.0966e+01  14 1.00000e+00  
 78.8 3.1022e+01  14 1.00000e+00  
 78.9 3.1204e+01  14 1.00000e+00  
 79.0 3.1266e+01  14 1.00000e+00  
 79.1 3.1328e+01  14 1.00000e+00  
 79.2 3.1294e+01  14 1.00000e+00  
 79.3 3.1345e+01  14 1.00000e+00  
 79.4 3.1397e+01  14 1.00000e+00  
 79.5 3.1442e+01  14 1.00000e+00  
 79.6 3.1484e+01  14 1.00000e+00  
 79.7 3.1523e+01  14 1.00000e+00  
 79.8 3.1537e+01  14 1.00000e+00  
 79.9 3.1575e+01  14 1.00000e+00  
 80.0 3.1603e+01  14 1.00000e+00  
 80.1 3.1624e+01  14 1.00000e+00  
 80.2 3.1656e+01  14 1.00000e+00  
 80.3 3.1703e+01  14 1.00000e+00  
 80.4 3.1811e+01  14 1.00000e+00  
 80.5 3.1916e+01  14 1.00000e+00  
 80.6 3.1978e+01  14 1.00000e+00  
 80.7 3.2040e+01  14 1.00000e+00  
 80.8 3.2103e+01  14 1.00000e+00  
 80.9 3.2161e+01  14 1.00000e+00  
 81.0 3.2217e+01  14 1.00000e+00  
 81.1 3.2281e+01  14 1.00000e+00  
 81.2 3.2243e+01  14 1.00000e+00  
 81.3 3.2295e+01  14 1.00000e+00  
 81.4 3.2345e+01  14 1.00000e+00  
 81.5 3.2391e+01  14 1.00000e+00  
 81.6 3.2438e+01  14 1.00000e+00  
 81.7 3.2477e+01  14 1.00000e+00  
 81.8 3.2495e+01  14 1.00000e+00  
 81.9 3.2538e+01  14 1.00000e+00  
 82.0 3.2571e+01  14 1.00000e+00  
 82.1 3.2604e+01  14 1.00000e+00  
 82.2 3.2628e+01  14 1.00000e+00  
 82.3 3.2777e+01  14 1.00000e+00  
 82.4 3.2777e+01  14 1.00000e+00  
 82.5 3.2838e+01  14 1.00000e+00  
 82.6 3.2898e+01  14 1.00000e+00  
 82.7 3.2954e+01  14 1.00000e+00  
 82.8 3.3017e+01  14 1.00000e+00  
 82.9 3.3076e+01  14 1.00000e+00  
 83.0 3.3134e+01  14 1.00000e+00  
 83.1 3.3193e+01  14 1.00000e+00  
 83.2 3.3254e+01  14 1.00000e+00  
 83.3 3.3310e+01  14 1.00000e+00  
 83.4 3.3372e+01  14 1.00000e+00  
 83.5 3.3334e+01  14 1.00000e+00  
 83.6 3.3392e+01  14 1.00000e+00  
 83.7 3.3447e+01  14 1.00000e+00  
 83.8 3.3495e+01  14 1.00000e+00  
 83.9 3.3543e+01  14 1.00000e+00  
 84.0 3.3592e+01  14 1.00000e+00  
 84.1 3.3636e+01  14 1.00000e+00  
 84.2 3.3681e+01  14 1.00000e+00  
 84.3 3.3733e+01  14 1.00000e+00  
 84.4 3.3736e+01  14 1.00000e+00  
 84.5 3.3698e+01  14 1.00000e+00  
 84.6 3.3754e+01  14 1.00000e+00  
 84.7 3.3818e+01  14 1.00000e+00  
 84.8 3.3881e+01  14 1.00000e+00  
 84.9 3.3943e+01  14 1.00000e+00  
 85.0 3.4004e+01  14 1.00000e+00  
 85.1 3.4065e+01  14 1.00000e+00  
 85.2 3.4121e+01  14 1.00000e+00  
 85.3 3.4183e+01  14 1.00000e+00  
 85.4 3.4242e+01  14 1.00000e+00  
 85.5 3.4299e+01  14 1.00000e+00  
 85.6 3.4354e+01  14 1.00000e+00  
 85.7 3.4417e+01  14 1.00000e+00  
 85.8 3.4471e+01  14 1.00000e+00  
 85.9 3.4532e+01  14 1.00000e+00  
 86.0 3.4582e+01  14 1.00000e+00  
 86.1 3.4647e+01  14 1.00000e+00  
 86.2 3.4697e+01  14 1.00000e+00  
 86.3 3.4678e+01  14 1.00000e+00  
 86.4 3.4693e+01  14 1.00000e+00  
 86.5 3.4804e+01  14 1.00000e+00  
 86.6 3.4853e+01  14 1.00000e+00  
 86.7 3.4896e+01  14 1.00000e+00  
 86.8 3.4943e+01  14 1.00000e+00  
 86.9 3.4967e+01  14 1.00000e+00  
 87.0 3.5012e+01  14 1.00000e+00  
 87.1 3.5050e+01  14 1.00000e+00  
 87.2 3.5100e+01  14 1.00000e+00  
 87.3 3.5134e+01  14 1.00000e+00  
 87.4 3.5181e+01  14 1.00000e+00  
 87.5 3.5214e+01  14 1.00000e+00  
 87.6 3.5256e+01  14 1.00000e+00  
 87.7 3.5289e+01  14 1.00000e+00  
 87.8 3.5319e+01  14 1.00000e+00  
 87.9 3.5345e+01  14 1.00000e+00  
 88.0 3.5381e+01  14 1.00000e+00  
 88.1 3.5432e+01  14 1.00000e+00  
 88.2 3.5488e+01  14 1.00000e+00  
 88.3 3.5546e+01  14 1.00000e+00  
 88.4 3.5608e+01  14 1.00000e+00  
 88.5 3.5668e+01  14 1.00000e+00  
 88.6 3.5729e+01  14 1.00000e+00  
 88.7 3.5789e+01  14 1.00000e+00  
 88.8 3.5844e+01  14 1.00000e+00  
 88.9 3.5901e+01  14 1.00000e+00  
 89.0 3.5956e+01  14 1.00000e+00  
 89.1 3.5936e+01  14 1.00000e+00  
 89.2 3.6087e+01  14 1.00000e+00  
 89.3 3.6188e+01  14 1.00000e+00  
 89.4 3.6244e+01  14 1.00000e+00  
 89.5 3.6299e+01  14 1.00000e+00  
 89.6 3.6353e+01  14 1.00000e+00  
 89.7 3.6409e+01  14 1.00000e+00  
 89.8 3.6466e+01  14 1.00000e+00  
 89.9 3.6520e+01  14 1.00000e+00  
 90.0 3.6574e+01  14 1.00000e+00  
 90.1 3.6545e+01  14 1.00000e+00  
 90.2 3.6595e+01  14 1.00000e+00  
 90.3 3.6651e+01  14 1.00000e+00  
 90.4 3.6702e+01  14 1.00000e+00  
 90.5 3.6753e+01  14 1.00000e+00  
 90.6 3.6809e+01  14 1.00000e+00  
 90.7 3.6855e+01  14 1.00000e+00  
 90.8 3.6908e+01  14 1.00000e+00  
 90.9 3.6962e+01  14 1.00000e+00  
 91.0 3.7013e+01  14 1.00000e+00  
 91.1 3.7061e+01  14 1.00000e+00  
 91.2 3.7109e+01  14 1.00000e+00  
 91.3 3.7158e+01  14 1.00000e+00  
 91.4 3.7210e+01  14 1.00000e+00  
 91.5 3.7247e+01  14 1.00000e+00  
 91.6 3.7291e+01  14 1.00000e+00  
 91.7 3.7384e+01  14 1.00000e+00  
 91.8 3.7401e+01  14 1.00000e+00  
 91.9 3.7377e+01  14 1.00000e+00  
 92.0 3.7401e+01  14 1.00000e+00  
 92.1 3.7487e+01  14 1.00000e+00  
 92.2 3.7536e+01  14 1.00000e+00  
 92.3 3.7580e+01  14 1.00000e+00  
 92.4 3.7625e+01  14 1.00000e+00  
 92.5 3.7664e+01  14 1.00000e+00  
 92.6 3.7709e+01  14 1.00000e+00  
 92.7 3.7749e+01  14 1.00000e+00  
 92.8 3.7787e+01  14 1.00000e+00  
 92.9 3.7825e+01  14 1.00000e+00  
 93.0 3.7861e+01  14 1.00000e+00  
 93.1 3.7898e+01  14 1.00000e+00  
 93.2 3.7937e+01  14 1.00000e+00  
 93.3 3.7986e+01  14 1.00000e+00  
 93.4 3.8039e+01  14 1.00000e+00  
 93.5 3.8095e+01  14 1.00000e+00  
 93.6 3.8150e+01  14 1.00000e+00  
 93.7 3.8206e+01  14 1.00000e+00  
 93.8 3.8264e+01  14 1.00000e+00  
 93.9 3.8320e+01  14 1.00000e+00  
 94.0 3.8376e+01  14 1.00000e+00  
 94.1 3.8432e+01  14 1.00000e+00  
 94.2 3.8489e+01  14 1.00000e+00  
 94.3 3.8548e+01  14 1.00000e+00  
 94.4 3.8593e+01  14 1.00000e+00  
 94.5 3.8640e+01  14 1.00000e+00  
 94.6 3.8690e+01  14 1.00000e+00  
 94.7 3.8741e+01  14 1.00000e+00  
 94.8 3.8792e+01  14 1.00000e+00  
 94.9 3.8843e+01  14 1.00000e+00  
 95.0 3.8894e+01  14 1.00000e+00  
 95.1 3.8944e+01  14 1.00000e+00  
 95.2 3.8995e+01  14 1.00000e+00  
 95.3 3.9045e+01  14 1.00000e+00  
 95.4 3.9096e+01  14 1.00000e+00  
 95.5 3.9146e+01  14 1.00000e+00  
 95.6 3.9196e+01  14 1.00000e+00  
 95.7 3.9258e+01  14 1.00000e+00  
 95.8 3.9352e+01  14 1.00000e+00  
 95.9 3.9380e+01  14 1.00000e+00  
 96.0 3.9476e+01  14 1.00000e+00  
 96.1 3.9505e+01  14 1.00000e+00  
 96.2 3.9535e+01  14 1.00000e+00  
 96.3 3.9567e+01  14 1.00000e+00  
 96.4 3.9665e+01  14 1.00000e+00  
 96.5 3.9698e+01  14 1.00000e+00  
 96.6 3.9734e+01  14 1.00000e+00  
 96.7 3.9816e+01  14 1.00000e+00  
 96.8 3.9905e+01  14 1.00000e+00  
 96.9 3.9994e+01  14 1.00000e+00  
 97.0 4.0084e+01  14 1.00000e+00  
 97.1 4.0173e+01  14 1.00000e+00  
 97.2 4.0263e+01  14 1.00000e+00  
 97.3 4.0352e+01  14 1.00000e+00  
 97.4 4.0442e+01  14 1.00000e+00  
 97.5 4.0531e+01  14 1.00000e+00  
 97.6 4.0621e+01  14 1.00000e+00  
 97.7 4.0711e+01  14 1.00000e+00  
 97.8 4.0800e+01  14 1.00000e+00  
 97.9 4.0890e+01  14 1.00000e+00  
 98.0 4.0979e+01  14 1.00000e+00  
 98.1 4.1069e+01  14 1.00000e+00  
 98.2 4.1159e+01  14 1.00000e+00  
 98.3 4.1249e+01  14 1.00000e+00  
 98.4 4.1339e+01  14 1.00000e+00  
 98.5 4.1428e+01  14 1.00000e+00  
 98.6 4.1518e+01  14 1.00000e+00  
 98.7 4.1608e+01  14 1.00000e+00  
 98.8 4.1698e+01  14 1.00000e+00  
 98.9 4.1782e+01  14 1.00000e+00  
 99.0 4.1872e+01  14 1.00000e+00  
 99.1 4.1962e+01  14 1.00000e+00  
 99.2 4.2052e+01  14 1.00000e+00  
 99.3 4.2142e+01  14 1.00000e+00  
 99.4 4.2232e+01  14 1.00000e+00  
 99.5 4.2322e+01  14 1.00000e+00  
 99.6 4.2413e+01  14 1.00000e+00  
 99.7 4.2503e+01  14 1.00000e+00  
 99.8 4.2593e+01  14 1.00000e+00  
 99.9 4.2683e+01  14 1.00000e+00  
100.0 4.2773e+01  14 1.00000e+00  
100.1 4.2864e+01  14 1.00000e+00  
100.2 4.2954e+01  14 1.00000e+00  
100.3 4.3044e+01  14 1.00000e+00  
100.4 4.3135e+01  14 1.00000e+00  
100.5 4.3225e+01  14 1.00000e+00  
100.6 4.3315e+01  14 1.00000e+00  
100.7 4.3406e+01  14 1.00000e+00  
100.8 4.3496e+01  14 1.00000e+00  
100.9 4.3586e+01  14 1.00000e+00  
101.0 4.3677e+01  14 1.00000e+00  
101.1 4.3767e+01  14 1.00000e+00  
101.2 4.3858e+01  14 1.00000e+00  
101.3 4.3948e+01  14 1.00000e+00  
101.4 4.4039e+01  14 1.00000e+00  
101.5 4.4129e+01  14 1.00000e+00  
101.6 4.4220e+01  14 1.00000e+00  
101.7 4.4311e+01  14 1.00000e+00  
101.8 4.4401e+01  14 1.00000e+00  
101.9 4.4492e+01  14 1.00000e+00  
102.0 4.4582e+01  14 1.00000e+00  
102.1 4.4673e+01  14 1.00000e+00  
102.2 4.4764e+01  14 1.00000e+00  
102.3 4.4854e+01  14 1.00000e+00  
102.4 4.4945e+01  14 1.00000e+00  
102.5 4.5036e+01  14 1.00000e+00  
102.6 4.5127e+01  14 1.00000e+00  
102.7 4.5217e+01  14 1.00000e+00  
102.8 4.5308e+01  14 1.00000e+00  
102.9 4.5399e+01  14 1.00000e+00  
103.0 4.5490e+01  14 1.00000e+00  
103.1 4.5580e+01  14 1.00000e+00  
103.2 4.5671e+01  14 1.00000e+00  
103.3 4.5762e+01  14 1.00000e+00  
103.4 4.5853e+01  14 1.00000e+00  
103.5 4.5944e+01  14 1.00000e+00  
103.6 4.6035e+01  14 1.00000e+00  
103.7 4.6125e+01  14 1.00000e+00  
103.8 4.6216e+01  14 1.00000e+00  
103.9 4.6307e+01  14 1.00000e+00  
104.0 4.6398e+01  14 1.00000e+00  
104.1 4.6489e+01  14 1.00000e+00  
104.2 4.6580e+01  14 1.00000e+00  
104.3 4.6671e+01  14 1.00000e+00  
104.4 4.6762e+01  14 1.00000e+00  
104.5 4.6853e+01  14 1.00000e+00  
104.6 4.6944e+01  14 1.00000e+00  
104.7 4.7035e+01  14 1.00000e+00  
104.8 4.7126e+01  14 1.00000e+00  
104.9 4.7217e+01  14 1.00000e+00  
105.0 4.7308e+01  14 1.00000e+00  
105.1 4.7399e+01  14 1.00000e+00  
105.2 4.7490e+01  14 1.00000e+00  
105.3 4.7581e+01  14 1.00000e+00  
105.4 4.7672e+01  14 1.00000e+00  
105.5 4.7763e+01  14 1.00000e+00  
105.6 4.7854e+01  14 1.00000e+00  
105.7 4.7945e+01  14 1.00000e+00  
105.8 4.8036e+01  14 1.00000e+00  
105.9 4.8122e+01  14 1.00000e+00  
106.0 4.8213e+01  14 1.00000e+00  
106.1 4.8305e+01  14 1.00000e+00  
106.2 4.8396e+01  14 1.00000e+00  
106.3 4.8487e+01  14 1.00000e+00  
106.4 4.8578e+01  14 1.00000e+00  
106.5 4.8669e+01  14 1.00000e+00  
106.6 4.8760e+01  14 1.00000e+00  
106.7 4.8851e+01  14 1.00000e+00  
106.8 4.8943e+01  14 1.00000e+00  
106.9 4.9034e+01  14 1.00000e+00  
107.0 4.9125e+01  14 1.00000e+00  
107.1 4.9216e+01  14 1.00000e+00  
107.2 4.9308e+01  14 1.00000e+00  
107.3 4.9399e+01  14 1.00000e+00  
107.4 4.9490e+01  14 1.00000e+00  
107.5 4.9581e+01  14 1.00000e+00  
107.6 4.9672e+01  14 1.00000e+00  
107.7 4.9764e+01  14 1.00000e+00  
107.8 4.9855e+01  14 1.00000e+00  
107.9 4.9946e+01  14 1.00000e+00  
108.0 5.0037e+01  14 1.00000e+00  
108.1 5.0129e+01  14 1.00000e+00  
108.2 5.0220e+01  14 1.00000e+00  
108.3 5.0311e+01  14 1.00000e+00  
108.4 5.0403e+01  14 1.00000e+00  
108.5 5.0494e+01  14 1.00000e+00  
108.6 5.0585e+01  14 1.00000e+00  
108.7 5.0676e+01  14 1.00000e+00  
108.8 5.0768e+01  14 1.00000e+00  
108.9 5.0859e+01  14 1.00000e+00  
109.0 5.0950e+01  14 1.00000e+00  
109.1 5.1042e+01  14 1.00000e+00  
109.2 5.1133e+01  14 1.00000e+00  
109.3 5.1224e+01  14 1.00000e+00  
109.4 5.1316e+01  14 1.00000e+00  
109.5 5.1407e+01  14 1.00000e+00  
109.6 5.1498e+01  14 1.00000e+00  
109.7 5.1590e+01  14 1.00000e+00  
109.8 5.1681e+01  14 1.00000e+00  
109.9 5.1772e+01  14 1.00000e+00  
110.0 5.1864e+01  14 1.00000e+00  
110.1 5.1955e+01  14 1.00000e+00  
110.2 5.2047e+01  14 1.00000e+00  
110.3 5.2138e+01  14 1.00000e+00  
110.4 5.2229e+01  14 1.00000e+00  
110.5 5.2321e+01  14 1.00000e+00  
110.6 5.2412e+01  14 1.00000e+00  
110.7 5.2503e+01  14 1.00000e+00  
110.8 5.2595e+01  14 1.00000e+00  
110.9 5.2686e+01  14 1.00000e+00  
111.0 5.2777e+01  14 1.00000e+00  
111.1 5.2869e+01  14 1.00000e+00  
111.2 5.2960e+01  14 1.00000e+00  
111.3 5.3052e+01  14 1.00000e+00  
111.4 5.3143e+01  14 1.00000e+00  
111.5 5.3234e+01  14 1.00000e+00  
111.6 5.3326e+01  14 1.00000e+00  
111.7 5.3417e+01  14 1.00000e+00  
111.8 5.3508e+01  14 1.00000e+00  
111.9 5.3600e+01  14 1.00000e+00  
112.0 5.3691e+01  14 1.00000e+00  
112.1 5.3783e+01  14 1.00000e+00  
112.2 5.3874e+01  14 1.00000e+00  
112.3 5.3965e+01  14 1.00000e+00  
112.4 5.4057e+01  14 1.00000e+00  
112.5 5.4148e+01  14 1.00000e+00  
112.6 5.4240e+01  14 1.00000e+00  
112.7 5.4331e+01  14 1.00000e+00  
112.8 5.4422e+01  14 1.00000e+00  
112.9 5.4514e+01  14 1.00000e+00  
113.0 5.4605e+01  14 1.00000e+00  
113.1 5.4696e+01  14 1.00000e+00  
113.2 5.4788e+01  14 1.00000e+00  
113.3 5.4879e+01  14 1.00000e+00  
113.4 5.4971e+01  14 1.00000e+00  
113.5 5.5062e+01  14 1.00000e+00  
113.6 5.5149e+01  14 1.00000e+00  
113.7 5.5240e+01  14 1.00000e+00  
113.8 5.5331e+01  14 1.00000e+00  
113.9 5.5423e+01  14 1.00000e+00  
114.0 5.5514e+01  14 1.00000e+00  
114.1 5.5606e+01  14 1.00000e+00  
114.2 5.5697e+01  14 1.00000e+00  
114.3 5.5788e+01  14 1.00000e+00  
114.4 5.5880e+01  14 1.00000e+00  
114.5 5.5971e+01  14 1.00000e+00  
114.6 5.6063e+01  14 1.00000e+00  
114.7 5.6154e+01  14 1.00000e+00  
114.8 5.6245e+01  14 1.00000e+00  
114.9 5.6337e+01  14 1.00000e+00  
115.0 5.6428e+01  14 1.00000e+00  
115.1 5.6519e+01  14 1.00000e+00  
115.2 5.6611e+01  14 1.00000e+00  
115.3 5.6702e+01  14 1.00000e+00  
115.4 5.6793e+01  14 1.00000e+00  
115.5 5.6885e+01  14 1.00000e+00  
115.6 5.6976e+01  14 1.00000e+00  
115.7 5.7068e+01  14 1.00000e+00  
115.8 5.7159e+01  14 1.00000e+00  
115.9 5.7250e+01  14 1.00000e+00  
116.0 5.7341e+01  14 1.00000e+00  
116.1 5.7433e+01  14 1.00000e+00  
116.2 5.7524e+01  14 1.00000e+00  
116.3 5.7616e+01  14 1.00000e+00  
116.4 5.7707e+01  14 1.00000e+00  
116.5 5.7798e+01  14 1.00000e+00  
116.6 5.7889e+01  14 1.00000e+00  
116.7 5.7981e+01  14 1.00000e+00  
116.8 5.8072e+01  14 1.00000e+00  
116.9 5.8163e+01  14 1.00000e+00  
117.0 5.8255e+01  14 1.00000e+00  
117.1 5.8346e+01  14 1.00000e+00  
117.2 5.8448e+01  14 1.00000e+00  
117.3 5.8539e+01  14 1.00000e+00  
117.4 5.8630e+01  14 1.00000e+00  
117.5 5.8722e+01  14 1.00000e+00  
117.6 5.8813e+01  14 1.00000e+00  
117.7 5.8904e+01  14 1.00000e+00  
117.8 5.8996e+01  14 1.00000e+00  
117.9 5.9087e+01  14 1.00000e+00  
118.0 5.9178e+01  14 1.00000e+00  
118.1 5.9269e+01  14 1.00000e+00  
118.2 5.9361e+01  14 1.00000e+00  
118.3 5.9452e+01  14 1.00000e+00  
118.4 5.9543e+01  14 1.00000e+00  
118.5 5.9635e+01  14 1.00000e+00  
118.6 5.9726e+01  14 1.00000e+00  
118.7 5.9817e+01  14 1.00000e+00  
118.8 5.9908e+01  14 1.00000e+00  
118.9 6.0000e+01  14 1.00000e+00  
119.0 6.0091e+01  14 1.00000e+00  
119.1 6.0182e+01  14 1.00000e+00  
119.2 6.0273e+01  14 1.00000e+00  
119.3 6.0365e+01  14 1.00000e+00  
119.4 6.0456e+01  14 1.00000e+00  
119.5 6.0547e+01  14 1.00000e+00  
119.6 6.0638e+01  14 1.00000e+00  
119.7 6.0729e+01  14 1.00000e+00  
119.8 6.0821e+01  14 1.00000e+00  
119.9 6.0912e+01  14 1.00000e+00  
120.0 6.1003e+01  14 1.00000e+00  
120.1 6.1094e+01  14 1.00000e+00  
120.2 6.1186e+01  14 1.00000e+00  
120.3 6.1277e+01  14 1.00000e+00  
120.4 6.1368e+01  14 1.00000e+00  
120.5 6.1459e+01  14 1.00000e+00  
120.6 6.1550e+01  14 1.00000e+00  
120.7 6.1641e+01  14 1.00000e+00  
120.8 6.1733e+01  14 1.00000e+00  
120.9 6.1824e+01  14 1.00000e+00  
121.0 6.1915e+01  14 1.00000e+00  
121.1 6.2006e+01  14 1.00000e+00  
121.2 6.2097e+01  14 1.00000e+00  
121.3 6.2188e+01  14 1.00000e+00  
121.4 6.2279e+01  14 1.00000e+00  
121.5 6.2371e+01  14 1.00000e+00  
121.6 6.2462e+01  14 1.00000e+00  
121.7 6.2553e+01  14 1.00000e+00  
121.8 6.2644e+01  14 1.00000e+00  
121.9 6.2735e+01  14 1.00000e+00  
122.0 6.2822e+01  14 1.00000e+00  
122.1 6.2913e+01  14 1.00000e+00  
122.2 6.3004e+01  14 1.00000e+00  
122.3 6.3095e+01  14 1.00000e+00  
122.4 6.3186e+01  14 1.00000e+00  
122.5 6.3277e+01  14 1.00000e+00  
122.6 6.3368e+01  14 1.00000e+00  
122.7 6.3460e+01  14 1.00000e+00  
122.8 6.3551e+01  14 1.00000e+00  
122.9 6.3642e+01  14 1.00000e+00  
123.0 6.3733e+01  14 1.00000e+00  
123.1 6.3824e+01  14 1.00000e+00  
123.2 6.3915e+01  14 1.00000e+00  
123.3 6.4006e+01  14 1.00000e+00  
123.4 6.4097e+01  14 1.00000e+00  
123.5 6.4188e+01  14 1.00000e+00  
123.6 6.4279e+01  14 1.00000e+00  
123.7 6.4370e+01  14 1.00000e+00  
123.8 6.4460e+01  14 1.00000e+00  
123.9 6.4551e+01  14 1.00000e+00  
124.0 6.4642e+01  14 1.00000e+00  
124.1 6.4733e+01  14 1.00000e+00  
124.2 6.4824e+01  14 1.00000e+00  
124.3 6.4915e+01  14 1.00000e+00  
124.4 6.5006e+01  14 1.00000e+00  
124.5 6.5097e+01  14 1.00000e+00  
124.6 6.5188e+01  14 1.00000e+00  
124.7 6.5279e+01  14 1.00000e+00  
124.8 6.5370e+01  14 1.00000e+00  
124.9 6.5460e+01  14 1.00000e+00  
125.0 6.5551e+01  14 1.00000e+00  
125.1 6.5642e+01  14 1.00000e+00  
125.2 6.5733e+01  14 1.00000e+00  
125.3 6.5824e+01  14 1.00000e+00  
125.4 6.5915e+01  14 1.00000e+00  
125.5 6.6006e+01  14 1.00000e+00  
125.6 6.6096e+01  14 1.00000e+00  
125.7 6.6187e+01  14 1.00000e+00  
125.8 6.6278e+01  14 1.00000e+00  
125.9 6.6369e+01  14 1.00000e+00  
126.0 6.6460e+01  14 1.00000e+00  
126.1 6.6550e+01  14 1.00000e+00  
126.2 6.6641e+01  14 1.00000e+00  
126.3 6.6732e+01  14 1.00000e+00  
126.4 6.6823e+01  14 1.00000e+00  
126.5 6.6914e+01  14 1.00000e+00  
126.6 6.7004e+01  14 1.00000e+00  
126.7 6.7095e+01  14 1.00000e+00  
126.8 6.7186e+01  14 1.00000e+00  
126.9 6.7277e+01  14 1.00000e+00  
127.0 6.7367e+01  14 1.00000e+00  
127.1 6.7458e+01  14 1.00000e+00  
127.2 6.7549e+01  14 1.00000e+00  
127.3 6.7639e+01  14 1.00000e+00  
127.4 6.7730e+01  14 1.00000e+00  
127.5 6.7821e+01  14 1.00000e+00  
127.6 6.7911e+01  14 1.00000e+00  
127.7 6.8002e+01  14 1.00000e+00  
127.8 6.8093e+01  14 1.00000e+00  
127.9 6.8183e+01  14 1.00000e+00  
128.0 6.8274e+01  14 1.00000e+00  
128.1 6.8365e+01  14 1.00000e+00  
128.2 6.8455e+01  14 1.00000e+00  
128.3 6.8546e+01  14 1.00000e+00  
128.4 6.8636e+01  14 1.00000e+00  
128.5 6.8727e+01  14 1.00000e+00  
128.6 6.8818e+01  14 1.00000e+00  
128.7 6.8908e+01  14 1.00000e+00  
128.8 6.8999e+01  14 1.00000e+00  
128.9 6.9089e+01  14 1.00000e+00  
129.0 6.9180e+01  14 1.00000e+00  
129.1 6.9270e+01  14 1.00000e+00  
129.2 6.9361e+01  14 1.00000e+00  
129.3 6.9452e+01  14 1.00000e+00  
129.4 6.9542e+01  14 1.00000e+00  
129.5 6.9633e+01  14 1.00000e+00  
129.6 6.9723e+01  14 1.00000e+00  
129.7 6.9814e+01  14 1.00000e+00  
129.8 6.9904e+01  14 1.00000e+00  
129.9 6.9995e+01  14 1.00000e+00  
130.0 7.0085e+01  14 1.00000e+00  
130.1 7.0176e+01  14 1.00000e+00  
130.2 7.0266e+01  14 1.00000e+00  
130.3 7.0356e+01  14 1.00000e+00  
130.4 7.0447e+01  14 1.00000e+00  
130.5 7.0537e+01  14 1.00000e+00  
130.6 7.0628e+01  14 1.00000e+00  
130.7 7.0718e+01  14 1.00000e+00  
130.8 7.0809e+01  14 1.00000e+00  
130.9 7.0899e+01  14 1.00000e+00  
131.0 7.0989e+01  14 1.00000e+00  
131.1 7.1080e+01  14 1.00000e+00  
131.2 7.1170e+01  14 1.00000e+00  
131.3 7.1257e+01  14 1.00000e+00  
131.4 7.1347e+01  14 1.00000e+00  
131.5 7.1438e+01  14 1.00000e+00  
131.6 7.1528e+01  14 1.00000e+00  
131.7 7.1618e+01  14 1.00000e+00  
131.8 7.1709e+01  14 1.00000e+00  
131.9 7.1799e+01  14 1.00000e+00  
132.0 7.1889e+01  14 1.00000e+00  
132.1 7.1979e+01  14 1.00000e+00  
132.2 7.2070e+01  14 1.00000e+00  
132.3 7.2160e+01  14 1.00000e+00  
132.4 7.2250e+01  14 1.00000e+00  
132.5 7.2341e+01  14 1.00000e+00  
132.6 7.2431e+01  14 1.00000e+00  
132.7 7.2521e+01  14 1.00000e+00  
132.8 7.2611e+01  14 1.00000e+00  
132.9 7.2702e+01  14 1.00000e+00  
133.0 7.2792e+01  14 1.00000e+00  
133.1 7.2882e+01  14 1.00000e+00  
133.2 7.2972e+01  14 1.00000e+00  
133.3 7.3062e+01  14 1.00000e+00  
133.4 7.3153e+01  14 1.00000e+00  
133.5 7.3243e+01  14 1.00000e+00  
133.6 7.3333e+01  14 1.00000e+00  
133.7 7.3423e+01  14 1.00000e+00  
133.8 7.3513e+01  14 1.00000e+00  
133.9 7.3604e+01  14 1.00000e+00  
134.0 7.3694e+01  14 1.00000e+00  
134.1 7.3784e+01  14 1.00000e+00  
134.2 7.3874e+01  14 1.00000e+00  
134.3 7.3964e+01  14 1.00000e+00  
134.4 7.4054e+01  14 1.00000e+00  
134.5 7.4144e+01  14 1.00000e+00  
134.6 7.4234e+01  14 1.00000e+00  
134.7 7.4324e+01  14 1.00000e+00  
134.8 7.4414e+01  14 1.00000e+00  
134.9 7.4504e+01  14 1.00000e+00  
135.0 7.4595e+01  14 1.00000e+00  
135.1 7.4685e+01  14 1.00000e+00  
135.2 7.4775e+01  14 1.00000e+00  
135.3 7.4865e+01  14 1.00000e+00  
135.4 7.4955e+01  14 1.00000e+00  
135.5 7.5045e+01  14 1.00000e+00  
135.6 7.5135e+01  14 1.00000e+00  
135.7 7.5225e+01  14 1.00000e+00  
135.8 7.5315e+01  14 1.00000e+00  
135.9 7.5405e+01  14 1.00000e+00  
136.0 7.5494e+01  14 1.00000e+00  
136.1 7.5584e+01  14 1.00000e+00  
136.2 7.5674e+01  14 1.00000e+00  
136.3 7.5764e+01  14 1.00000e+00  
136.4 7.5854e+01  14 1.00000e+00  
136.5 7.5944e+01  14 1.00000e+00  
136.6 7.6034e+01  14 1.00000e+00  
136.7 7.6124e+01  14 1.00000e+00  
136.8 7.6214e+01  14 1.00000e+00  
136.9 7.6304e+01  14 1.00000e+00  
137.0 7.6394e+01  14 1.00000e+00  
137.1 7.6483e+01  14 1.00000e+00  
137.2 7.6573e+01  14 1.00000e+00  
137.3 7.6663e+01  14 1.00000e+00  
137.4 7.6753e+01  14 1.00000e+00  
137.5 7.6843e+01  14 1.00000e+00  
137.6 7.6933e+01  14 1.00000e+00  
137.7 7.7022e+01  14 1.00000e+00  
137.8 7.7112e+01  14 1.00000e+00  
137.9 7.7202e+01  14 1.00000e+00  
138.0 7.7292e+01  14 1.00000e+00  
138.1 7.7381e+01  14 1.00000e+00  
138.2 7.7471e+01  14 1.00000e+00  
138.3 7.7561e+01  14 1.00000e+00  
138.4 7.7651e+01  14 1.00000e+00  
138.5 7.7740e+01  14 1.00000e+00  
138.6 7.7830e+01  14 1.00000e+00  
138.7 7.7920e+01  14 1.00000e+00  
138.8 7.8010e+01  14 1.00000e+00  
138.9 7.8099e+01  14 1.00000e+00  
139.0 7.8189e+01  14 1.00000e+00  
139.1 7.8279e+01  14 1.00000e+00  
139.2 7.8368e+01  14 1.00000e+00  
139.3 7.8458e+01  14 1.00000e+00  
139.4 7.8548e+01  14 1.00000e+00  
139.5 7.8637e+01  14 1.00000e+00  
139.6 7.8727e+01  14 1.00000e+00  
139.7 7.8816e+01  14 1.00000e+00  
139.8 7.8906e+01  14 1.00000e+00  
139.9 7.8996e+01  14 1.00000e+00  
140.0 7.9085e+01  14 1.00000e+00  
140.1 7.9175e+01  14 1.00000e+00  
140.2 7.9264e+01  14 1.00000e+00  
140.3 7.9354e+01  14 1.00000e+00  
140.4 7.9444e+01  14 1.00000e+00  
140.5 7.9533e+01  14 1.00000e+00  
140.6 7.9623e+01  14 1.00000e+00  
140.7 7.9712e+01  14 1.00000e+00  
140.8 7.9802e+01  14 1.00000e+00  
140.9 7.9891e+01  14 1.00000e+00  
141.0 7.9981e+01  14 1.00000e+00  
141.1 8.0070e+01  14 1.00000e+00  
141.2 7.5098e+01  14 1.00000e+00  
141.3 7.5186e+01  14 1.00000e+00  
141.4 7.5274e+01  14 1.00000e+00  
141.5 7.5362e+01  14 1.00000e+00  
141.6 7.5451e+01  14 1.00000e+00  
141.7 7.5539e+01  14 1.00000e+00  
141.8 7.5627e+01  14 1.00000e+00  
141.9 7.5715e+01  14 1.00000e+00  
142.0 7.5803e+01  14 1.00000e+00  
142.1 7.5891e+01  14 1.00000e+00  
142.2 7.5979e+01  14 1.00000e+00  
142.3 7.6067e+01  14 1.00000e+00  
142.4 7.6155e+01  14 1.00000e+00  
142.5 7.5374e+01  14 1.00000e+00  
142.6 7.5462e+01  14 1.00000e+00  
142.7 7.5551e+01  14 1.00000e+00  
142.8 7.5639e+01  14 1.00000e+00  
142.9 7.5727e+01  14 1.00000e+00  
143.0 7.5815e+01  14 1.00000e+00  
143.1 7.5904e+01  14 1.00000e+00  
143.2 7.5992e+01  14 1.00000e+00  
143.3 7.6080e+01  14 1.00000e+00  
143.4 7.6168e+01  14 1.00000e+00  
143.5 7.6256e+01  14 1.00000e+00  
143.6 7.6345e+01  14 1.00000e+00  
143.7 7.6440e+01  14 1.00000e+00  
143.8 7.6526e+01  14 1.00000e+00  
143.9 7.6611e+01  14 1.00000e+00  
144.0 7.6697e+01  14 1.00000e+00  
144.1 7.6784e+01  14 1.00000e+00  
144.2 7.6871e+01  14 1.00000e+00  
144.3 7.6958e+01  14 1.00000e+00  
144.4 7.7045e+01  14 1.00000e+00  
144.5 7.7132e+01  14 1.00000e+00  
144.6 7.7220e+01  14 1.00000e+00  
144.7 7.7307e+01  14 1.00000e+00  
144.8 7.7395e+01  14 1.00000e+00  
144.9 7.7483e+01  14 1.00000e+00  
145.0 7.7571e+01  14 1.00000e+00  
145.1 7.7659e+01  14 1.00000e+00  
145.2 7.7746e+01  14 1.00000e+00  
145.3 7.7835e+01  14 1.00000e+00  
145.4 7.7922e+01  14 1.00000e+00  
145.5 7.8010e+01  14 1.00000e+00  
145.6 7.8098e+01  14 1.00000e+00  
145.7 7.8186e+01  14 1.00000e+00  
145.8 7.8274e+01  14 1.00000e+00  
145.9 7.8362e+01  14 1.00000e+00  
146.0 7.8450e+01  14 1.00000e+00  
146.1 7.8538e+01  14 1.00000e+00  
146.2 7.8626e+01  14 1.00000e+00  
146.3 7.8714e+01  14 1.00000e+00  
146.4 7.8802e+01  14 1.00000e+00  
146.5 7.8889e+01  14 1.00000e+00  
146.6 7.8977e+01  14 1.00000e+00  
146.7 7.9065e+01  14 1.00000e+00  
146.8 7.9153e+01  14 1.00000e+00  
146.9 7.9241e+01  14 1.00000e+00  
147.0 7.9329e+01  14 1.00000e+00  
147.1 7.9416e+01  14 1.00000e+00  
147.2 7.9504e+01  14 1.00000e+00  
147.3 7.9592e+01  14 1.00000e+00  
147.4 7.9680e+01  14 1.00000e+00  
147.5 7.9768e+01  14 1.00000e+00  
147.6 7.9855e+01  14 1.00000e+00  
147.7 7.9943e+01  14 1.00000e+00  
147.8 8.0031e+01  14 1.00000e+00  
147.9 8.0119e+01  14 1.00000e+00  
148.0 8.0206e+01  14 1.00000e+00  
148.1 8.0294e+01  14 1.00000e+00  
148.2 8.0382e+01  14 1.00000e+00  
148.3 8.0469e+01  14 1.00000e+00  
148.4 8.0557e+01  14 1.00000e+00  
148.5 7.9987e+01  14 1.00000e+00  
148.6 8.0075e+01  14 1.00000e+00  
148.7 8.0163e+01  14 1.00000e+00  
148.8 8.0251e+01  14 1.00000e+00  
148.9 8.0339e+01  14 1.00000e+00  
149.0 8.0427e+01  14 1.00000e+00  
149.1 8.0514e+01  14 1.00000e+00  
149.2 8.0599e+01  14 1.00000e+00  
149.3 8.0687e+01  14 1.00000e+00  
149.4 8.0775e+01  14 1.00000e+00  
149.5 8.0863e+01  14 1.00000e+00  
149.6 8.0951e+01  14 1.00000e+00  
149.7 8.1039e+01  14 1.00000e+00  
149.8 8.1127e+01  14 1.00000e+00  
149.9 8.1214e+01  14 1.00000e+00  
150.0 8.1302e+01  14 1.00000e+00  
