 15.1 1.4333e+00  13 4.64950e-02  
 15.2 1.4410e+00  13 4.66238e-02  
 15.3 1.4486e+00  13 4.64564e-02  
 15.4 1.4562e+00  13 4.63253e-02  
 15.5 1.4639e+00  13 4.63232e-02  
 15.6 1.4715e+00  13 4.66047e-02  
 15.7 1.4791e+00  13 4.67414e-02  
 15.8 1.4868e+00  13 4.70845e-02  
 15.9 1.4944e+00  13 4.74551e-02  
 16.0 1.5020e+00  13 4.78407e-02  
 16.1 1.5097e+00  13 4.82254e-02  
 16.2 1.5173e+00  13 4.86069e-02  
 16.3 1.5249e+00  13 4.89853e-02  
 16.4 1.5326e+00  13 4.93611e-02  
 16.5 1.5402e+00  13 4.97237e-02  
 16.6 1.5478e+00  13 5.01408e-02  
 16.7 1.5555e+00  13 5.05075e-02  
 16.8 1.5631e+00  13 5.08720e-02  
 16.9 1.5707e+00  13 5.12338e-02  
 17.0 1.5784e+00  13 5.15932e-02  
 17.1 1.5860e+00  13 5.19497e-02  
 17.2 1.5936e+00  13 5.23036e-02  
 17.3 1.6012e+00  13 5.26553e-02  
 17.4 1.6089e+00  13 5.30047e-02  
 17.5 1.6165e+00  13 5.33516e-02  
 17.6 1.6241e+00  13 5.36967e-02  
 17.7 1.6317e+00  13 5.40394e-02  
 17.8 1.6393e+00  13 5.43800e-02  
 17.9 1.6470e+00  13 5.47050e-02  
 18.0 1.6546e+00  13 5.50410e-02  
 18.1 1.6622e+00  13 5.54367e-02  
 18.2 1.6698e+00  13 5.57695e-02  
 18.3 1.6774e+00  13 5.61003e-02  
 18.4 1.6851e+00  13 5.64295e-02  
 18.5 1.6927e+00  13 5.67567e-02  
 18.6 1.7003e+00  13 5.70819e-02  
 18.7 1.7079e+00  13 5.74062e-02  
 18.8 1.7155e+00  13 5.77290e-02  
 18.9 1.7231e+00  13 5.80504e-02  
 19.0 1.7312e+00  13 5.84096e-02  
 19.1 1.7434e+00  13 5.90930e-02  
 19.2 1.7557e+00  13 5.98655e-02  
 19.3 1.7680e+00  13 6.05733e-02  
 19.4 1.7805e+00  13 6.12856e-02  
 19.5 1.7931e+00  13 6.20030e-02  
 19.6 1.8057e+00  13 6.27248e-02  
 19.7 1.8185e+00  13 6.34526e-02  
 19.8 1.8313e+00  13 6.41844e-02  
 19.9 1.8442e+00  13 6.49214e-02  
 20.0 1.8572e+00  13 6.56636e-02  
 20.1 1.8704e+00  13 6.63975e-02  
 20.2 1.8836e+00  13 6.72245e-02  
 20.3 1.8969e+00  13 6.79821e-02  
 20.4 1.9103e+00  13 6.87462e-02  
 20.5 1.9238e+00  13 6.95156e-02  
 20.6 1.6506e+01  14 1.00000e+00  
 20.7 1.6559e+01  14 1.00000e+00  
 20.8 1.6611e+01  14 1.00000e+00  
 20.9 1.6663e+01  14 1.00000e+00  
 21.0 1.6714e+01  14 1.00000e+00  
 21.1 1.6750e+01  14 1.00000e+00  
 21.2 1.6800e+01  14 1.00000e+00  
 21.3 1.6850e+01  14 1.00000e+00  
 21.4 1.6899e+01  14 1.00000e+00  
 21.5 1.6948e+01  14 1.00000e+00  
 21.6 1.6996e+01  14 1.00000e+00  
 21.7 1.7044e+01  14 1.00000e+00  
 21.8 1.7091e+01  14 1.00000e+00  
 21.9 1.7138e+01  14 1.00000e+00  
 22.0 1.7168e+01  14 1.00000e+00  
 22.1 1.7214e+01  14 1.00000e+00  
 22.2 1.7259e+01  14 1.00000e+00  
 22.3 1.7304e+01  14 1.00000e+00  
 22.4 1.7348e+01  14 1.00000e+00  
 22.5 1.7392e+01  14 1.00000e+00  
 22.6 1.7435e+01  14 1.00000e+00  
 22.7 1.7477e+01  14 1.00000e+00  
 22.8 1.7498e+01  14 1.00000e+00  
 22.9 1.7543e+01  14 1.00000e+00  
 23.0 1.7584e+01  14 1.00000e+00  
 23.1 1.7625e+01  14 1.00000e+00  
 23.2 1.7665e+01  14 1.00000e+00  
 23.3 1.7704e+01  14 1.00000e+00  
 23.4 1.7743e+01  14 1.00000e+00  
 23.5 1.7781e+01  14 1.00000e+00  
 23.6 5.5731e+00  14 2.76652e-01  
 23.7 5.6691e+00  14 2.81587e-01  
 23.8 5.7657e+00  14 2.86670e-01  
 23.9 5.8631e+00  14 2.91795e-01  
 24.0 5.9613e+00  14 2.96950e-01  
 24.1 6.0602e+00  14 3.02140e-01  
 24.2 6.1599e+00  14 3.07361e-01  
 24.3 6.2602e+00  14 3.12615e-01  
 24.4 6.3593e+00  14 3.18319e-01  
 24.5 6.4615e+00  14 3.23511e-01  
 24.6 6.5638e+00  14 3.28850e-01  
 24.7 6.6668e+00  14 3.34222e-01  
 24.8 6.7705e+00  14 3.39624e-01  
 24.9 6.8748e+00  14 3.45065e-01  
 25.0 6.9797e+00  14 3.50533e-01  
 25.1 7.0813e+00  14 3.56454e-01  
 25.2 7.1873e+00  14 3.61971e-01  
 25.3 7.2957e+00  14 3.67452e-01  
 25.4 7.4029e+00  14 3.73034e-01  
 25.5 7.5107e+00  14 3.78645e-01  
 25.6 7.6191e+00  14 3.84283e-01  
 25.7 7.7280e+00  14 3.89953e-01  
 25.8 7.8375e+00  14 3.95655e-01  
 25.9 7.9408e+00  14 4.01811e-01  
 26.0 8.0525e+00  14 4.07472e-01  
 26.1 8.1636e+00  14 4.13236e-01  
 26.2 8.2749e+00  14 4.19043e-01  
 26.3 8.3866e+00  14 4.24878e-01  
 26.4 8.4988e+00  14 4.30743e-01  
 26.5 8.6115e+00  14 4.36635e-01  
 26.6 8.7152e+00  14 4.42973e-01  
 26.7 8.8281e+00  14 4.48924e-01  
 26.8 8.9442e+00  14 4.54787e-01  
 26.9 9.0583e+00  14 4.60783e-01  
 27.0 9.1726e+00  14 4.66806e-01  
 27.1 9.2873e+00  14 4.72856e-01  
 27.2 9.4022e+00  14 4.78936e-01  
 27.3 9.5054e+00  14 4.85442e-01  
 27.4 9.6205e+00  14 4.91571e-01  
 27.5 9.7364e+00  14 4.97708e-01  
 27.6 9.8552e+00  14 5.03797e-01  
 27.7 9.9713e+00  14 5.09999e-01  
 27.8 1.0088e+01  14 5.16225e-01  
 27.9 1.0189e+01  14 5.22867e-01  
 28.0 1.0305e+01  14 5.29147e-01  
 28.1 1.0422e+01  14 5.35451e-01  
 28.2 1.0538e+01  14 5.41779e-01  
 28.3 1.0659e+01  14 5.48023e-01  
 28.4 1.0776e+01  14 5.54393e-01  
 28.5 1.0893e+01  14 5.60787e-01  
 28.6 1.0992e+01  14 5.67576e-01  
 28.7 1.1109e+01  14 5.74020e-01  
 28.8 1.1225e+01  14 5.80487e-01  
 28.9 1.1342e+01  14 5.86976e-01  
 29.0 1.1458e+01  14 5.93481e-01  
 29.1 1.1581e+01  14 5.99920e-01  
 29.2 1.1676e+01  14 6.06826e-01  
 29.3 1.1792e+01  14 6.13401e-01  
 29.4 1.1908e+01  14 6.20000e-01  
 29.5 1.2023e+01  14 6.26618e-01  
 29.6 1.2139e+01  14 6.33259e-01  
 29.7 1.2230e+01  14 6.40258e-01  
 29.8 1.2348e+01  14 6.46882e-01  
 29.9 1.2466e+01  14 6.53538e-01  
 30.0 1.2581e+01  14 6.60258e-01  
 30.1 1.2695e+01  14 6.66998e-01  
 30.2 1.2781e+01  14 6.74079e-01  
 30.3 1.2894e+01  14 6.80858e-01  
 30.4 1.3006e+01  14 6.87656e-01  
 30.5 1.3118e+01  14 6.94474e-01  
 30.6 1.3239e+01  14 7.01220e-01  
 30.7 1.3320e+01  14 7.08374e-01  
 30.8 1.3430e+01  14 7.15242e-01  
 30.9 1.3540e+01  14 7.22130e-01  
 31.0 1.3617e+01  14 7.29322e-01  
 31.1 1.3725e+01  14 7.36242e-01  
 31.2 1.3832e+01  14 7.43179e-01  
 31.3 1.3904e+01  14 7.50405e-01  
 31.4 1.4021e+01  14 7.57290e-01  
 31.5 1.4090e+01  14 7.64533e-01  
 31.6 1.4194e+01  14 7.71527e-01  
 31.7 1.4260e+01  14 7.78788e-01  
 31.8 1.4214e+01  14 7.86772e-01  
 31.9 1.4310e+01  14 7.93746e-01  
 32.0 1.4406e+01  14 8.00776e-01  
 32.1 1.4501e+01  14 8.07823e-01  
 32.2 1.4609e+01  14 8.14803e-01  
 32.3 1.4703e+01  14 8.21873e-01  
 32.4 1.4796e+01  14 8.28955e-01  
 32.5 1.4887e+01  14 8.36050e-01  
 32.6 1.4978e+01  14 8.43156e-01  
 32.7 1.5068e+01  14 8.50273e-01  
 32.8 1.5157e+01  14 8.57447e-01  
 32.9 1.5244e+01  14 8.64588e-01  
 33.0 1.5346e+01  14 8.71679e-01  
 33.1 1.5432e+01  14 8.78838e-01  
 33.2 1.5516e+01  14 8.86006e-01  
 33.3 1.5599e+01  14 8.93183e-01  
 33.4 1.5681e+01  14 9.00367e-01  
 33.5 1.5762e+01  14 9.07558e-01  
 33.6 1.5841e+01  14 9.14757e-01  
 33.7 1.5923e+01  14 9.21953e-01  
 33.8 1.6012e+01  14 9.29140e-01  
 33.9 1.6088e+01  14 9.36358e-01  
 34.0 1.6163e+01  14 9.43581e-01  
 34.1 1.6235e+01  14 9.50809e-01  
 34.2 1.6307e+01  14 9.58039e-01  
 34.3 1.6377e+01  14 9.65273e-01  
 34.4 1.6446e+01  14 9.72509e-01  
 34.5 1.6513e+01  14 9.79746e-01  
 34.6 1.6596e+01  14 9.86980e-01  
 34.7 1.6660e+01  14 9.94222e-01  
 34.8 1.6699e+01  14 1.00000e+00  
 34.9 1.6645e+01  14 1.00000e+00  
 35.0 1.6591e+01  14 1.00000e+00  
 35.1 1.6536e+01  14 1.00000e+00  
 35.2 1.6480e+01  14 1.00000e+00  
 35.3 1.6425e+01  14 1.00000e+00  
 35.4 1.6385e+01  14 1.00000e+00  
 35.5 1.6326e+01  14 1.00000e+00  
 35.6 1.6267e+01  14 1.00000e+00  
 35.7 1.6114e+01  14 1.00000e+00  
 35.8 1.6053e+01  14 1.00000e+00  
 35.9 1.5993e+01  14 1.00000e+00  
 36.0 1.5931e+01  14 1.00000e+00  
 36.1 1.5867e+01  14 1.00000e+00  
 36.2 1.5719e+01  14 1.00000e+00  
 36.3 1.5656e+01  14 1.00000e+00  
 36.4 1.5591e+01  14 1.00000e+00  
 36.5 1.5526e+01  14 1.00000e+00  
 36.6 1.5460e+01  14 1.00000e+00  
 36.7 1.5288e+01  14 1.00000e+00  
 36.8 1.5221e+01  14 1.00000e+00  
 36.9 1.5153e+01  14 1.00000e+00  
 37.0 1.5098e+01  14 1.00000e+00  
 37.1 1.5037e+01  14 1.00000e+00  
 37.2 1.3883e+01  14 1.00000e+00  
 37.3 1.3775e+01  14 1.00000e+00  
 37.4 1.3784e+01  14 1.00000e+00  
 37.5 1.3793e+01  14 1.00000e+00  
 37.6 1.3701e+01  14 1.00000e+00  
 37.7 1.3641e+01  14 1.00000e+00  
 37.8 1.3650e+01  14 1.00000e+00  
 37.9 1.3572e+01  14 1.00000e+00  
 38.0 1.3550e+01  14 1.00000e+00  
 38.1 1.3557e+01  14 1.00000e+00  
 38.2 1.3499e+01  14 1.00000e+00  
 38.3 1.3415e+01  14 1.00000e+00  
 38.4 1.3429e+01  14 1.00000e+00  
 38.5 1.3433e+01  14 1.00000e+00  
 38.6 1.3351e+01  14 1.00000e+00  
 38.7 1.3340e+01  14 1.00000e+00  
 38.8 1.3346e+01  14 1.00000e+00  
 38.9 1.3293e+01  14 1.00000e+00  
 39.0 1.3217e+01  14 1.00000e+00  
 39.1 1.3228e+01  14 1.00000e+00  
 39.2 1.3195e+01  14 1.00000e+00  
 39.3 1.3114e+01  14 9.96332e-01  
 39.4 1.2988e+01  14 9.89925e-01  
 39.5 1.2965e+01  14 9.88743e-01  
 39.6 1.2930e+01  14 9.86996e-01  
 39.7 1.2761e+01  14 9.78366e-01  
 39.8 1.2738e+01  14 9.77189e-01  
 39.9 1.2582e+01  14 9.69191e-01  
 40.0 1.2434e+01  14 9.61543e-01  
 40.1 1.2401e+01  14 9.59875e-01  
 40.2 1.2142e+01  14 9.46439e-01  
 40.3 1.2215e+01  14 9.50229e-01  
 40.4 1.2013e+01  14 9.39770e-01  
 40.5 1.1878e+01  14 9.32725e-01  
 40.6 1.1890e+01  14 9.33307e-01  
 40.7 1.2034e+01  14 9.40835e-01  
 40.8 1.2086e+01  14 9.43533e-01  
 40.9 1.2134e+01  14 9.46031e-01  
 41.0 1.2175e+01  14 9.48187e-01  
 41.1 1.2325e+01  14 9.55937e-01  
 41.2 1.2465e+01  14 9.63152e-01  
 41.3 1.2565e+01  14 9.68285e-01  
 41.4 1.2710e+01  14 9.75718e-01  
 41.5 1.2763e+01  14 9.78441e-01  
 41.6 1.2837e+01  14 9.82238e-01  
 41.7 1.2909e+01  14 9.85911e-01  
 41.8 1.2978e+01  14 9.89419e-01  
 41.9 1.3094e+01  14 9.95298e-01  
 42.0 1.3212e+01  14 1.00000e+00  
 42.1 1.3263e+01  14 1.00000e+00  
 42.2 1.3308e+01  14 1.00000e+00  
 42.3 1.3348e+01  14 1.00000e+00  
 42.4 1.3412e+01  14 1.00000e+00  
 42.5 1.3447e+01  14 1.00000e+00  
 42.6 1.3476e+01  14 1.00000e+00  
 42.7 1.3497e+01  14 1.00000e+00  
 42.8 1.3526e+01  14 1.00000e+00  
 42.9 1.3553e+01  14 1.00000e+00  
 43.0 1.3581e+01  14 1.00000e+00  
 43.1 1.3649e+01  14 1.00000e+00  
 43.2 1.3703e+01  14 1.00000e+00  
 43.3 1.3751e+01  14 1.00000e+00  
 43.4 1.3793e+01  14 1.00000e+00  
 43.5 1.3832e+01  14 1.00000e+00  
 43.6 1.3897e+01  14 1.00000e+00  
 43.7 1.3933e+01  14 1.00000e+00  
 43.8 1.3971e+01  14 1.00000e+00  
 43.9 1.4004e+01  14 1.00000e+00  
 44.0 1.4035e+01  14 1.00000e+00  
 44.1 1.4078e+01  14 1.00000e+00  
 44.2 1.4110e+01  14 1.00000e+00  
 44.3 1.4157e+01  14 1.00000e+00  
 44.4 1.4188e+01  14 1.00000e+00  
 44.5 1.4217e+01  14 1.00000e+00  
 44.6 1.4267e+01  14 1.00000e+00  
 44.7 1.4297e+01  14 1.00000e+00  
 44.8 1.4349e+01  14 1.00000e+00  
 44.9 1.4376e+01  14 1.00000e+00  
 45.0 1.4432e+01  14 1.00000e+00  
 45.1 1.4457e+01  14 1.00000e+00  
 45.2 1.4515e+01  14 1.00000e+00  
 45.3 1.4527e+01  14 1.00000e+00  
 45.4 1.4586e+01  14 1.00000e+00  
 45.5 1.4608e+01  14 1.00000e+00  
 45.6 1.4668e+01  14 1.00000e+00  
 45.7 1.4687e+01  14 1.00000e+00  
 45.8 1.4749e+01  14 1.00000e+00  
 45.9 1.4763e+01  14 1.00000e+00  
 46.0 1.4827e+01  14 1.00000e+00  
 46.1 1.4891e+01  14 1.00000e+00  
 46.2 1.4903e+01  14 1.00000e+00  
 46.3 1.4966e+01  14 1.00000e+00  
 46.4 1.4978e+01  14 1.00000e+00  
 46.5 1.5043e+01  14 1.00000e+00  
 46.6 1.5106e+01  14 1.00000e+00  
 46.7 1.5115e+01  14 1.00000e+00  
 46.8 1.5179e+01  14 1.00000e+00  
 46.9 1.5185e+01  14 1.00000e+00  
 47.0 1.5250e+01  14 1.00000e+00  
 47.1 1.5314e+01  14 1.00000e+00  
 47.2 1.5317e+01  14 1.00000e+00  
 47.3 1.5382e+01  14 1.00000e+00  
 47.4 1.5445e+01  14 1.00000e+00  
 47.5 1.5446e+01  14 1.00000e+00  
 47.6 1.5509e+01  14 1.00000e+00  
 47.7 1.5574e+01  14 1.00000e+00  
 47.8 1.5571e+01  14 1.00000e+00  
 47.9 1.5628e+01  14 1.00000e+00  
 48.0 1.5692e+01  14 1.00000e+00  
 48.1 1.5683e+01  14 1.00000e+00  
 48.2 1.5750e+01  14 1.00000e+00  
 48.3 1.5814e+01  14 1.00000e+00  
 48.4 1.5879e+01  14 1.00000e+00  
 48.5 1.5867e+01  14 1.00000e+00  
 48.6 1.5932e+01  14 1.00000e+00  
 48.7 1.5997e+01  14 1.00000e+00  
 48.8 1.5979e+01  14 1.00000e+00  
 48.9 1.6047e+01  14 1.00000e+00  
 49.0 1.6109e+01  14 1.00000e+00  
 49.1 1.6174e+01  14 1.00000e+00  
 49.2 1.6154e+01  14 1.00000e+00  
 49.3 1.6218e+01  14 1.00000e+00  
 49.4 1.6282e+01  14 1.00000e+00  
 49.5 1.6343e+01  14 1.00000e+00  
 49.6 1.6322e+01  14 1.00000e+00  
 49.7 1.6386e+01  14 1.00000e+00  
 49.8 1.6449e+01  14 1.00000e+00  
 49.9 1.6514e+01  14 1.00000e+00  
 50.0 1.6483e+01  14 1.00000e+00  
 50.1 1.6549e+01  14 1.00000e+00  
 50.2 1.6613e+01  14 1.00000e+00  
 50.3 1.6678e+01  14 1.00000e+00  
 50.4 1.6683e+01  14 1.00000e+00  
 50.5 1.6703e+01  14 1.00000e+00  
 50.6 1.6769e+01  14 1.00000e+00  
 50.7 1.6831e+01  14 1.00000e+00  
 50.8 1.6889e+01  14 1.00000e+00  
 50.9 1.6861e+01  14 1.00000e+00  
 51.0 1.6906e+01  14 1.00000e+00  
 51.1 1.6970e+01  14 1.00000e+00  
 51.2 1.7034e+01  14 1.00000e+00  
 51.3 1.7095e+01  14 1.00000e+00  
 51.4 1.7078e+01  14 1.00000e+00  
 51.5 1.7105e+01  14 1.00000e+00  
 51.6 1.7171e+01  14 1.00000e+00  
 51.7 1.7234e+01  14 1.00000e+00  
 51.8 1.7295e+01  14 1.00000e+00  
 51.9 1.7355e+01  14 1.00000e+00  
 52.0 1.7331e+01  14 1.00000e+00  
 52.1 1.7359e+01  14 1.00000e+00  
 52.2 1.7424e+01  14 1.00000e+00  
 52.3 1.7486e+01  14 1.00000e+00  
 52.4 1.7547e+01  14 1.00000e+00  
 52.5 1.7577e+01  14 1.00000e+00  
 52.6 1.7607e+01  14 1.00000e+00  
 52.7 1.7621e+01  14 1.00000e+00  
 52.8 1.7663e+01  14 1.00000e+00  
 52.9 1.7726e+01  14 1.00000e+00  
 53.0 1.7786e+01  14 1.00000e+00  
 53.1 1.7845e+01  14 1.00000e+00  
 53.2 1.7879e+01  14 1.00000e+00  
 53.3 1.7911e+01  14 1.00000e+00  
 53.4 1.7929e+01  14 1.00000e+00  
 53.5 1.7954e+01  14 1.00000e+00  
 53.6 1.8016e+01  14 1.00000e+00  
 53.7 1.8071e+01  14 1.00000e+00  
 53.8 1.8112e+01  14 1.00000e+00  
 53.9 1.8189e+01  14 1.00000e+00  
 54.0 1.8229e+01  14 1.00000e+00  
 54.1 1.8263e+01  14 1.00000e+00  
 54.2 1.8277e+01  14 1.00000e+00  
 54.3 1.8310e+01  14 1.00000e+00  
 54.4 1.8337e+01  14 1.00000e+00  
 54.5 1.8400e+01  14 1.00000e+00  
 54.6 1.8512e+01  14 1.00000e+00  
 54.7 1.8526e+01  14 1.00000e+00  
 54.8 1.8575e+01  14 1.00000e+00  
 54.9 1.8618e+01  14 1.00000e+00  
 55.0 1.8656e+01  14 1.00000e+00  
 55.1 1.8690e+01  14 1.00000e+00  
 55.2 1.8706e+01  14 1.00000e+00  
 55.3 1.8739e+01  14 1.00000e+00  
 55.4 1.8822e+01  14 1.00000e+00  
 55.5 1.8880e+01  14 1.00000e+00  
 55.6 1.8938e+01  14 1.00000e+00  
 55.7 1.8952e+01  14 1.00000e+00  
 55.8 1.9003e+01  14 1.00000e+00  
 55.9 1.9049e+01  14 1.00000e+00  
 56.0 1.9094e+01  14 1.00000e+00  
 56.1 1.9135e+01  14 1.00000e+00  
 56.2 1.9170e+01  14 1.00000e+00  
 56.3 1.9205e+01  14 1.00000e+00  
 56.4 1.9218e+01  14 1.00000e+00  
 56.5 1.9275e+01  14 1.00000e+00  
 56.6 1.9331e+01  14 1.00000e+00  
 56.7 1.9385e+01  14 1.00000e+00  
 56.8 1.9435e+01  14 1.00000e+00  
 56.9 1.9489e+01  14 1.00000e+00  
 57.0 1.9545e+01  14 1.00000e+00  
 57.1 1.9557e+01  14 1.00000e+00  
 57.2 1.9607e+01  14 1.00000e+00  
 57.3 1.9654e+01  14 1.00000e+00  
 57.4 1.9644e+01  14 1.00000e+00  
 57.5 1.9706e+01  14 1.00000e+00  
 57.6 1.9747e+01  14 1.00000e+00  
 57.7 1.9785e+01  14 1.00000e+00  
 57.8 1.9817e+01  14 1.00000e+00  
 57.9 1.9843e+01  14 1.00000e+00  
 58.0 1.9899e+01  14 1.00000e+00  
 58.1 1.9954e+01  14 1.00000e+00  
 58.2 2.0009e+01  14 1.00000e+00  
 58.3 2.0062e+01  14 1.00000e+00  
 58.4 2.0115e+01  14 1.00000e+00  
 58.5 2.0166e+01  14 1.00000e+00  
 58.6 2.0148e+01  14 1.00000e+00  
 58.7 2.0258e+01  14 1.00000e+00  
 58.8 2.0307e+01  14 1.00000e+00  
 58.9 2.0356e+01  14 1.00000e+00  
 59.0 2.0400e+01  14 1.00000e+00  
 59.1 2.0445e+01  14 1.00000e+00  
 59.2 2.0489e+01  14 1.00000e+00  
 59.3 2.0530e+01  14 1.00000e+00  
 59.4 2.0575e+01  14 1.00000e+00  
 59.5 2.0613e+01  14 1.00000e+00  
 59.6 2.0658e+01  14 1.00000e+00  
 59.7 2.0696e+01  14 1.00000e+00  
 59.8 2.0739e+01  14 1.00000e+00  
 59.9 2.0797e+01  14 1.00000e+00  
 60.0 2.0803e+01  14 1.00000e+00  
 60.1 2.0810e+01  14 1.00000e+00  
 60.2 2.0863e+01  14 1.00000e+00  
 60.3 2.0910e+01  14 1.00000e+00  
 60.4 2.0963e+01  14 1.00000e+00  
 60.5 2.1012e+01  14 1.00000e+00  
 60.6 2.1059e+01  14 1.00000e+00  
 60.7 2.1112e+01  14 1.00000e+00  
 60.8 2.1160e+01  14 1.00000e+00  
 60.9 2.1209e+01  14 1.00000e+00  
 61.0 2.1256e+01  14 1.00000e+00  
 61.1 2.1304e+01  14 1.00000e+00  
 61.2 2.1351e+01  14 1.00000e+00  
 61.3 2.1396e+01  14 1.00000e+00  
 61.4 2.1441e+01  14 1.00000e+00  
 61.5 2.1507e+01  14 1.00000e+00  
 61.6 2.1575e+01  14 1.00000e+00  
 61.7 2.1608e+01  14 1.00000e+00  
 61.8 2.1658e+01  14 1.00000e+00  
 61.9 2.1705e+01  14 1.00000e+00  
 62.0 2.1706e+01  14 1.00000e+00  
 62.1 2.1755e+01  14 1.00000e+00  
 62.2 2.1799e+01  14 1.00000e+00  
 62.3 2.1849e+01  14 1.00000e+00  
 62.4 2.1889e+01  14 1.00000e+00  
 62.5 2.1939e+01  14 1.00000e+00  
 62.6 2.1987e+01  14 1.00000e+00  
 62.7 2.2033e+01  14 1.00000e+00  
 62.8 2.2074e+01  14 1.00000e+00  
 62.9 2.2122e+01  14 1.00000e+00  
 63.0 2.2167e+01  14 1.00000e+00  
 63.1 2.2213e+01  14 1.00000e+00  
 63.2 2.2259e+01  14 1.00000e+00  
 63.3 2.2304e+01  14 1.00000e+00  
 63.4 2.2350e+01  14 1.00000e+00  
 63.5 2.2395e+01  14 1.00000e+00  
 63.6 2.2436e+01  14 1.00000e+00  
 63.7 2.2470e+01  14 1.00000e+00  
 63.8 2.2506e+01  14 1.00000e+00  
 63.9 2.2539e+01  14 1.00000e+00  
 64.0 2.2620e+01  14 1.00000e+00  
 64.1 2.2665e+01  14 1.00000e+00  
 64.2 2.2709e+01  14 1.00000e+00  
 64.3 2.2754e+01  14 1.00000e+00  
 64.4 2.2798e+01  14 1.00000e+00  
 64.5 2.2842e+01  14 1.00000e+00  
 64.6 2.2886e+01  14 1.00000e+00  
 64.7 2.2928e+01  14 1.00000e+00  
 64.8 2.2982e+01  14 1.00000e+00  
 64.9 2.3026e+01  14 1.00000e+00  
 65.0 2.3071e+01  14 1.00000e+00  
 65.1 2.3115e+01  14 1.00000e+00  
 65.2 2.3158e+01  14 1.00000e+00  
 65.3 2.3200e+01  14 1.00000e+00  
 65.4 2.3177e+01  14 1.00000e+00  
 65.5 2.3298e+01  14 1.00000e+00  
 65.6 2.3342e+01  14 1.00000e+00  
 65.7 2.3383e+01  14 1.00000e+00  
 65.8 2.3432e+01  14 1.00000e+00  
 65.9 2.3476e+01  14 1.00000e+00  
 66.0 2.3518e+01  14 1.00000e+00  
 66.1 2.3555e+01  14 1.00000e+00  
 66.2 2.3607e+01  14 1.00000e+00  
 66.3 2.3645e+01  14 1.00000e+00  
 66.4 2.3692e+01  14 1.00000e+00  
 66.5 2.3755e+01  14 1.00000e+00  
 66.6 2.3696e+01  14 1.00000e+00  
 66.7 2.3822e+01  14 1.00000e+00  
 66.8 2.3873e+01  14 1.00000e+00  
 66.9 2.3917e+01  14 1.00000e+00  
 67.0 2.3960e+01  14 1.00000e+00  
 67.1 2.4050e+01  14 1.00000e+00  
 67.2 2.4075e+01  14 1.00000e+00  
 67.3 2.4122e+01  14 1.00000e+00  
 67.4 2.4164e+01  14 1.00000e+00  
 67.5 2.4207e+01  14 1.00000e+00  
 67.6 2.4248e+01  14 1.00000e+00  
 67.7 2.4290e+01  14 1.00000e+00  
 67.8 2.4330e+01  14 1.00000e+00  
 67.9 2.4355e+01  14 1.00000e+00  
 68.0 2.4400e+01  14 1.00000e+00  
 68.1 2.4425e+01  14 1.00000e+00  
 68.2 2.4429e+01  14 1.00000e+00  
 68.3 2.4575e+01  14 1.00000e+00  
 68.4 2.4584e+01  14 1.00000e+00  
 68.5 2.4622e+01  14 1.00000e+00  
 68.6 2.4661e+01  14 1.00000e+00  
 68.7 2.4701e+01  14 1.00000e+00  
 68.8 2.4740e+01  14 1.00000e+00  
 68.9 2.4773e+01  14 1.00000e+00  
 69.0 2.4816e+01  14 1.00000e+00  
 69.1 2.4851e+01  14 1.00000e+00  
 69.2 2.4884e+01  14 1.00000e+00  
 69.3 2.4962e+01  14 1.00000e+00  
 69.4 2.5078e+01  14 1.00000e+00  
 69.5 2.5037e+01  14 1.00000e+00  
 69.6 2.5094e+01  14 1.00000e+00  
 69.7 2.5142e+01  14 1.00000e+00  
 69.8 2.5213e+01  14 1.00000e+00  
 69.9 2.5262e+01  14 1.00000e+00  
 70.0 2.5360e+01  14 1.00000e+00  
 70.1 2.5368e+01  14 1.00000e+00  
 70.2 2.5411e+01  14 1.00000e+00  
 70.3 2.5463e+01  14 1.00000e+00  
 70.4 2.5525e+01  14 1.00000e+00  
 70.5 2.5584e+01  14 1.00000e+00  
 70.6 2.5630e+01  14 1.00000e+00  
 70.7 2.5671e+01  14 1.00000e+00  
 70.8 2.5724e+01  14 1.00000e+00  
 70.9 2.5774e+01  14 1.00000e+00  
 71.0 2.5821e+01  14 1.00000e+00  
 71.1 2.5864e+01  14 1.00000e+00  
 71.2 2.5902e+01  14 1.00000e+00  
 71.3 2.5958e+01  14 1.00000e+00  
 71.4 2.5990e+01  14 1.00000e+00  
 71.5 2.6039e+01  14 1.00000e+00  
 71.6 2.6085e+01  14 1.00000e+00  
 71.7 2.6127e+01  14 1.00000e+00  
 71.8 2.6228e+01  14 1.00000e+00  
 71.9 2.6253e+01  14 1.00000e+00  
 72.0 2.6291e+01  14 1.00000e+00  
 72.1 2.6336e+01  14 1.00000e+00  
 72.2 2.6364e+01  14 1.00000e+00  
 72.3 2.6411e+01  14 1.00000e+00  
 72.4 2.6452e+01  14 1.00000e+00  
 72.5 2.6486e+01  14 1.00000e+00  
 72.6 2.6560e+01  14 1.00000e+00  
 72.7 2.6566e+01  14 1.00000e+00  
 72.8 2.6601e+01  14 1.00000e+00  
 72.9 2.6639e+01  14 1.00000e+00  
 73.0 2.6663e+01  14 1.00000e+00  
 73.1 2.6709e+01  14 1.00000e+00  
 73.2 2.6738e+01  14 1.00000e+00  
 73.3 2.6767e+01  14 1.00000e+00  
 73.4 2.6845e+01  14 1.00000e+00  
 73.5 2.6905e+01  14 1.00000e+00  
 73.6 2.6963e+01  14 1.00000e+00  
 73.7 2.7037e+01  14 1.00000e+00  
 73.8 2.7076e+01  14 1.00000e+00  
 73.9 2.7159e+01  14 1.00000e+00  
 74.0 2.7169e+01  14 1.00000e+00  
 74.1 2.7250e+01  14 1.00000e+00  
 74.2 2.7302e+01  14 1.00000e+00  
 74.3 2.7356e+01  14 1.00000e+00  
 74.4 2.7407e+01  14 1.00000e+00  
 74.5 2.7461e+01  14 1.00000e+00  
 74.6 2.7507e+01  14 1.00000e+00  
 74.7 2.7550e+01  14 1.00000e+00  
 74.8 2.7606e+01  14 1.00000e+00  
 74.9 2.7646e+01  14 1.00000e+00  
 75.0 2.7657e+01  14 1.00000e+00  
 75.1 2.7692e+01  14 1.00000e+00  
 75.2 2.7766e+01  14 1.00000e+00  
 75.3 2.7840e+01  14 1.00000e+00  
 75.4 2.7877e+01  14 1.00000e+00  
 75.5 2.7937e+01  14 1.00000e+00  
 75.6 2.7984e+01  14 1.00000e+00  
 75.7 2.7999e+01  14 1.00000e+00  
 75.8 2.8054e+01  14 1.00000e+00  
 75.9 2.8082e+01  14 1.00000e+00  
 76.0 2.8108e+01  14 1.00000e+00  
 76.1 2.8152e+01  14 1.00000e+00  
 76.2 2.8177e+01  14 1.00000e+00  
 76.3 2.8226e+01  14 1.00000e+00  
 76.4 2.8270e+01  14 1.00000e+00  
 76.5 2.8299e+01  14 1.00000e+00  
 76.6 2.8323e+01  14 1.00000e+00  
 76.7 2.8377e+01  14 1.00000e+00  
 76.8 2.8460e+01  14 1.00000e+00  
 76.9 2.8511e+01  14 1.00000e+00  
 77.0 2.8578e+01  14 1.00000e+00  
 77.1 2.8634e+01  14 1.00000e+00  
 77.2 2.8704e+01  14 1.00000e+00  
 77.3 2.8752e+01  14 1.00000e+00  
 77.4 2.8785e+01  14 1.00000e+00  
 77.5 2.8863e+01  14 1.00000e+00  
 77.6 2.8936e+01  14 1.00000e+00  
 77.7 2.8974e+01  14 1.00000e+00  
 77.8 2.9027e+01  14 1.00000e+00  
 77.9 2.9076e+01  14 1.00000e+00  
 78.0 2.9115e+01  14 1.00000e+00  
 78.1 2.9214e+01  14 1.00000e+00  
 78.2 2.9253e+01  14 1.00000e+00  
 78.3 2.9264e+01  14 1.00000e+00  
 78.4 2.9316e+01  14 1.00000e+00  
 78.5 2.9357e+01  14 1.00000e+00  
 78.6 2.9415e+01  14 1.00000e+00  
 78.7 2.9485e+01  14 1.00000e+00  
 78.8 2.9504e+01  14 1.00000e+00  
 78.9 2.9542e+01  14 1.00000e+00  
 79.0 2.9608e+01  14 1.00000e+00  
 79.1 2.9587e+01  14 1.00000e+00  
 79.2 2.9656e+01  14 1.00000e+00  
 79.3 2.9700e+01  14 1.00000e+00  
 79.4 2.9729e+01  14 1.00000e+00  
 79.5 2.9771e+01  14 1.00000e+00  
 79.6 2.9815e+01  14 1.00000e+00  
 79.7 2.9848e+01  14 1.00000e+00  
 79.8 2.9991e+01  14 1.00000e+00  
 79.9 2.9891e+01  14 1.00000e+00  
 80.0 2.9978e+01  14 1.00000e+00  
 80.1 3.0058e+01  14 1.00000e+00  
 80.2 3.0131e+01  14 1.00000e+00  
 80.3 3.0178e+01  14 1.00000e+00  
 80.4 3.0255e+01  14 1.00000e+00  
 80.5 3.0303e+01  14 1.00000e+00  
 80.6 3.0340e+01  14 1.00000e+00  
 80.7 3.0445e+01  14 1.00000e+00  
 80.8 3.0482e+01  14 1.00000e+00  
 80.9 3.0538e+01  14 1.00000e+00  
 81.0 3.0558e+01  14 1.00000e+00  
 81.1 3.0618e+01  14 1.00000e+00  
 81.2 3.0680e+01  14 1.00000e+00  
 81.3 3.0707e+01  14 1.00000e+00  
 81.4 3.0781e+01  14 1.00000e+00  
 81.5 3.0790e+01  14 1.00000e+00  
 81.6 3.0868e+01  14 1.00000e+00  
 81.7 3.0874e+01  14 1.00000e+00  
 81.8 3.0928e+01  14 1.00000e+00  
 81.9 3.1045e+01  14 1.00000e+00  
 82.0 3.1073e+01  14 1.00000e+00  
 82.1 3.1116e+01  14 1.00000e+00  
 82.2 3.1122e+01  14 1.00000e+00  
 82.3 3.1211e+01  14 1.00000e+00  
 82.4 3.1197e+01  14 1.00000e+00  
 82.5 3.1277e+01  14 1.00000e+00  
 82.6 3.1319e+01  14 1.00000e+00  
 82.7 3.1343e+01  14 1.00000e+00  
 82.8 3.1323e+01  14 1.00000e+00  
 82.9 3.1417e+01  14 1.00000e+00  
 83.0 3.1463e+01  14 1.00000e+00  
 83.1 3.1494e+01  14 1.00000e+00  
 83.2 3.1518e+01  14 1.00000e+00  
 83.3 3.1539e+01  14 1.00000e+00  
 83.4 3.1593e+01  14 1.00000e+00  
 83.5 3.1687e+01  14 1.00000e+00  
 83.6 3.1761e+01  14 1.00000e+00  
 83.7 3.1833e+01  14 1.00000e+00  
 83.8 3.1890e+01  14 1.00000e+00  
 83.9 3.1928e+01  14 1.00000e+00  
 84.0 3.2013e+01  14 1.00000e+00  
 84.1 3.2090e+01  14 1.00000e+00  
 84.2 3.2148e+01  14 1.00000e+00  
 84.3 3.2187e+01  14 1.00000e+00  
 84.4 3.2233e+01  14 1.00000e+00  
 84.5 3.2288e+01  14 1.00000e+00  
 84.6 3.2342e+01  14 1.00000e+00  
 84.7 3.2326e+01  14 1.00000e+00  
 84.8 3.2390e+01  14 1.00000e+00  
 84.9 3.2494e+01  14 1.00000e+00  
 85.0 3.2511e+01  14 1.00000e+00  
 85.1 3.2576e+01  14 1.00000e+00  
 85.2 3.2597e+01  14 1.00000e+00  
 85.3 3.2656e+01  14 1.00000e+00  
 85.4 3.2782e+01  14 1.00000e+00  
 85.5 3.2819e+01  14 1.00000e+00  
 85.6 3.2857e+01  14 1.00000e+00  
 85.7 3.2896e+01  14 1.00000e+00  
 85.8 3.2934e+01  14 1.00000e+00  
 85.9 3.2972e+01  14 1.00000e+00  
 86.0 3.3010e+01  14 1.00000e+00  
 86.1 3.3048e+01  14 1.00000e+00  
 86.2 3.3081e+01  14 1.00000e+00  
 86.3 3.3108e+01  14 1.00000e+00  
 86.4 3.3158e+01  14 1.00000e+00  
 86.5 3.3178e+01  14 1.00000e+00  
 86.6 3.3228e+01  14 1.00000e+00  
 86.7 3.3261e+01  14 1.00000e+00  
 86.8 3.3288e+01  14 1.00000e+00  
 86.9 3.3311e+01  14 1.00000e+00  
 87.0 3.3332e+01  14 1.00000e+00  
 87.1 3.3381e+01  14 1.00000e+00  
 87.2 3.3477e+01  14 1.00000e+00  
 87.3 3.3563e+01  14 1.00000e+00  
 87.4 3.3625e+01  14 1.00000e+00  
 87.5 3.3697e+01  14 1.00000e+00  
 87.6 3.3762e+01  14 1.00000e+00  
 87.7 3.3816e+01  14 1.00000e+00  
 87.8 3.3881e+01  14 1.00000e+00  
 87.9 3.3920e+01  14 1.00000e+00  
 88.0 3.4015e+01  14 1.00000e+00  
 88.1 3.4062e+01  14 1.00000e+00  
 88.2 3.4125e+01  14 1.00000e+00  
 88.3 3.4177e+01  14 1.00000e+00  
 88.4 3.4226e+01  14 1.00000e+00  
 88.5 3.4276e+01  14 1.00000e+00  
 88.6 3.4325e+01  14 1.00000e+00  
 88.7 3.4373e+01  14 1.00000e+00  
 88.8 3.4418e+01  14 1.00000e+00  
 88.9 3.4450e+01  14 1.00000e+00  
 89.0 3.4509e+01  14 1.00000e+00  
 89.1 3.4553e+01  14 1.00000e+00  
 89.2 3.4572e+01  14 1.00000e+00  
 89.3 3.4639e+01  14 1.00000e+00  
 89.4 3.4771e+01  14 1.00000e+00  
 89.5 3.4807e+01  14 1.00000e+00  
 89.6 3.4820e+01  14 1.00000e+00  
 89.7 3.4883e+01  14 1.00000e+00  
 89.8 3.4929e+01  14 1.00000e+00  
 89.9 3.4968e+01  14 1.00000e+00  
 90.0 3.4982e+01  14 1.00000e+00  
 90.1 3.5044e+01  14 1.00000e+00  
 90.2 3.5088e+01  14 1.00000e+00  
 90.3 3.5100e+01  14 1.00000e+00  
 90.4 3.5166e+01  14 1.00000e+00  
 90.5 3.5177e+01  14 1.00000e+00  
 90.6 3.5243e+01  14 1.00000e+00  
 90.7 3.5272e+01  14 1.00000e+00  
 90.8 3.5310e+01  14 1.00000e+00  
 90.9 3.5355e+01  14 1.00000e+00  
 91.0 3.5389e+01  14 1.00000e+00  
 91.1 3.5419e+01  14 1.00000e+00  
 91.2 3.5446e+01  14 1.00000e+00  
 91.3 3.5472e+01  14 1.00000e+00  
 91.4 3.5506e+01  14 1.00000e+00  
 91.5 3.5594e+01  14 1.00000e+00  
 91.6 3.5683e+01  14 1.00000e+00  
 91.7 3.5757e+01  14 1.00000e+00  
 91.8 3.5807e+01  14 1.00000e+00  
 91.9 3.5892e+01  14 1.00000e+00  
 92.0 3.5929e+01  14 1.00000e+00  
 92.1 3.6014e+01  14 1.00000e+00  
 92.2 3.6073e+01  14 1.00000e+00  
 92.3 3.6123e+01  14 1.00000e+00  
 92.4 3.6188e+01  14 1.00000e+00  
 92.5 3.6242e+01  14 1.00000e+00  
 92.6 3.6320e+01  14 1.00000e+00  
 92.7 3.6373e+01  14 1.00000e+00  
 92.8 3.6412e+01  14 1.00000e+00  
 92.9 3.6477e+01  14 1.00000e+00  
 93.0 3.6532e+01  14 1.00000e+00  
 93.1 3.6584e+01  14 1.00000e+00  
 93.2 3.6630e+01  14 1.00000e+00  
 93.3 3.6672e+01  14 1.00000e+00  
 93.4 3.6701e+01  14 1.00000e+00  
 93.5 3.6777e+01  14 1.00000e+00  
 93.6 3.6824e+01  14 1.00000e+00  
 93.7 3.6852e+01  14 1.00000e+00  
 93.8 3.6915e+01  14 1.00000e+00  
 93.9 3.6954e+01  14 1.00000e+00  
 94.0 3.7001e+01  14 1.00000e+00  
 94.1 3.7137e+01  14 1.00000e+00  
 94.2 3.7174e+01  14 1.00000e+00  
 94.3 3.7212e+01  14 1.00000e+00  
 94.4 3.7245e+01  14 1.00000e+00  
 94.5 3.7298e+01  14 1.00000e+00  
 94.6 3.7338e+01  14 1.00000e+00  
 94.7 3.7360e+01  14 1.00000e+00  
 94.8 3.7421e+01  14 1.00000e+00  
 94.9 3.7461e+01  14 1.00000e+00  
 95.0 3.7495e+01  14 1.00000e+00  
 95.1 3.7544e+01  14 1.00000e+00  
 95.2 3.7575e+01  14 1.00000e+00  
 95.3 3.7623e+01  14 1.00000e+00  
 95.4 3.7662e+01  14 1.00000e+00  
 95.5 3.7683e+01  14 1.00000e+00  
 95.6 3.7739e+01  14 1.00000e+00  
 95.7 3.7779e+01  14 1.00000e+00  
 95.8 3.7814e+01  14 1.00000e+00  
 95.9 3.7844e+01  14 1.00000e+00  
 96.0 3.7872e+01  14 1.00000e+00  
 96.1 3.7899e+01  14 1.00000e+00  
 96.2 3.7997e+01  14 1.00000e+00  
 96.3 3.8083e+01  14 1.00000e+00  
 96.4 3.8147e+01  14 1.00000e+00  
 96.5 3.8224e+01  14 1.00000e+00  
 96.6 3.8293e+01  14 1.00000e+00  
 96.7 3.8355e+01  14 1.00000e+00  
 96.8 3.8421e+01  14 1.00000e+00  
 96.9 3.8476e+01  14 1.00000e+00  
 97.0 3.8543e+01  14 1.00000e+00  
 97.1 3.8571e+01  14 1.00000e+00  
 97.2 3.8654e+01  14 1.00000e+00  
 97.3 3.8714e+01  14 1.00000e+00  
 97.4 3.8768e+01  14 1.00000e+00  
 97.5 3.8846e+01  14 1.00000e+00  
 97.6 3.8902e+01  14 1.00000e+00  
 97.7 3.8956e+01  14 1.00000e+00  
 97.8 3.9008e+01  14 1.00000e+00  
 97.9 3.9058e+01  14 1.00000e+00  
 98.0 3.9113e+01  14 1.00000e+00  
 98.1 3.9165e+01  14 1.00000e+00  
 98.2 3.9216e+01  14 1.00000e+00  
 98.3 3.9261e+01  14 1.00000e+00  
 98.4 3.9294e+01  14 1.00000e+00  
 98.5 3.9358e+01  14 1.00000e+00  
 98.6 3.9407e+01  14 1.00000e+00  
 98.7 3.9434e+01  14 1.00000e+00  
 98.8 3.9499e+01  14 1.00000e+00  
 98.9 3.9538e+01  14 1.00000e+00  
 99.0 3.9588e+01  14 1.00000e+00  
 99.1 3.9719e+01  14 1.00000e+00  
 99.2 3.9735e+01  14 1.00000e+00  
 99.3 3.9798e+01  14 1.00000e+00  
 99.4 3.9846e+01  14 1.00000e+00  
 99.5 3.9860e+01  14 1.00000e+00  
 99.6 3.9931e+01  14 1.00000e+00  
 99.7 3.9974e+01  14 1.00000e+00  
 99.8 4.0004e+01  14 1.00000e+00  
 99.9 4.0060e+01  14 1.00000e+00  
100.0 4.0079e+01  14 1.00000e+00  
100.1 4.0144e+01  14 1.00000e+00  
100.2 4.0171e+01  14 1.00000e+00  
100.3 4.0226e+01  14 1.00000e+00  
100.4 4.0267e+01  14 1.00000e+00  
100.5 4.0290e+01  14 1.00000e+00  
100.6 4.0346e+01  14 1.00000e+00  
100.7 4.0387e+01  14 1.00000e+00  
100.8 4.0425e+01  14 1.00000e+00  
100.9 4.0458e+01  14 1.00000e+00  
101.0 4.0488e+01  14 1.00000e+00  
101.1 4.0562e+01  14 1.00000e+00  
101.2 4.0649e+01  14 1.00000e+00  
101.3 4.0701e+01  14 1.00000e+00  
101.4 4.0797e+01  14 1.00000e+00  
101.5 4.0861e+01  14 1.00000e+00  
101.6 4.0935e+01  14 1.00000e+00  
101.7 4.0985e+01  14 1.00000e+00  
101.8 4.1064e+01  14 1.00000e+00  
101.9 4.1125e+01  14 1.00000e+00  
102.0 4.1184e+01  14 1.00000e+00  
102.1 4.1248e+01  14 1.00000e+00  
102.2 4.1330e+01  14 1.00000e+00  
102.3 4.1401e+01  14 1.00000e+00  
102.4 4.1461e+01  14 1.00000e+00  
102.5 4.1532e+01  14 1.00000e+00  
102.6 4.1568e+01  14 1.00000e+00  
102.7 4.1637e+01  14 1.00000e+00  
102.8 4.1698e+01  14 1.00000e+00  
102.9 4.1753e+01  14 1.00000e+00  
103.0 4.1805e+01  14 1.00000e+00  
103.1 4.1851e+01  14 1.00000e+00  
103.2 4.1888e+01  14 1.00000e+00  
103.3 4.1968e+01  14 1.00000e+00  
103.4 4.2022e+01  14 1.00000e+00  
103.5 4.2072e+01  14 1.00000e+00  
103.6 4.2092e+01  14 1.00000e+00  
103.7 4.2168e+01  14 1.00000e+00  
103.8 4.2214e+01  14 1.00000e+00  
103.9 4.2245e+01  14 1.00000e+00  
104.0 4.2310e+01  14 1.00000e+00  
104.1 4.2334e+01  14 1.00000e+00  
104.2 4.2403e+01  14 1.00000e+00  
104.3 4.2528e+01  14 1.00000e+00  
104.4 4.2567e+01  14 1.00000e+00  
104.5 4.2621e+01  14 1.00000e+00  
104.6 4.2643e+01  14 1.00000e+00  
104.7 4.2711e+01  14 1.00000e+00  
104.8 4.2750e+01  14 1.00000e+00  
104.9 4.2797e+01  14 1.00000e+00  
105.0 4.2843e+01  14 1.00000e+00  
105.1 4.2884e+01  14 1.00000e+00  
105.2 4.2931e+01  14 1.00000e+00  
105.3 4.2975e+01  14 1.00000e+00  
105.4 4.2990e+01  14 1.00000e+00  
105.5 4.3063e+01  14 1.00000e+00  
105.6 4.3102e+01  14 1.00000e+00  
105.7 4.3121e+01  14 1.00000e+00  
105.8 4.3188e+01  14 1.00000e+00  
105.9 4.3231e+01  14 1.00000e+00  
106.0 4.3270e+01  14 1.00000e+00  
106.1 4.3292e+01  14 1.00000e+00  
106.2 4.3344e+01  14 1.00000e+00  
106.3 4.3432e+01  14 1.00000e+00  
106.4 4.3480e+01  14 1.00000e+00  
106.5 4.3587e+01  14 1.00000e+00  
106.6 4.3632e+01  14 1.00000e+00  
106.7 4.3729e+01  14 1.00000e+00  
106.8 4.3770e+01  14 1.00000e+00  
106.9 4.3866e+01  14 1.00000e+00  
107.0 4.3903e+01  14 1.00000e+00  
107.1 4.3995e+01  14 1.00000e+00  
107.2 4.4055e+01  14 1.00000e+00  
107.3 4.4113e+01  14 1.00000e+00  
107.4 4.4181e+01  14 1.00000e+00  
107.5 4.4240e+01  14 1.00000e+00  
107.6 4.4278e+01  14 1.00000e+00  
107.7 4.4335e+01  14 1.00000e+00  
107.8 4.4402e+01  14 1.00000e+00  
107.9 4.4492e+01  14 1.00000e+00  
108.0 4.4551e+01  14 1.00000e+00  
108.1 4.4608e+01  14 1.00000e+00  
108.2 4.4664e+01  14 1.00000e+00  
108.3 4.4720e+01  14 1.00000e+00  
108.4 4.4775e+01  14 1.00000e+00  
108.5 4.4829e+01  14 1.00000e+00  
108.6 4.4878e+01  14 1.00000e+00  
108.7 4.4917e+01  14 1.00000e+00  
108.8 4.4975e+01  14 1.00000e+00  
108.9 4.5040e+01  14 1.00000e+00  
109.0 4.5092e+01  14 1.00000e+00  
109.1 4.5129e+01  14 1.00000e+00  
109.2 4.5189e+01  14 1.00000e+00  
109.3 4.5238e+01  14 1.00000e+00  
109.4 4.5259e+01  14 1.00000e+00  
109.5 4.5337e+01  14 1.00000e+00  
109.6 4.5369e+01  14 1.00000e+00  
109.7 4.5431e+01  14 1.00000e+00  
109.8 4.5560e+01  14 1.00000e+00  
109.9 4.5585e+01  14 1.00000e+00  
110.0 4.5652e+01  14 1.00000e+00  
110.1 4.5690e+01  14 1.00000e+00  
110.2 4.5742e+01  14 1.00000e+00  
110.3 4.5791e+01  14 1.00000e+00  
110.4 4.5833e+01  14 1.00000e+00  
110.5 4.5883e+01  14 1.00000e+00  
110.6 4.5927e+01  14 1.00000e+00  
110.7 4.5965e+01  14 1.00000e+00  
110.8 4.6023e+01  14 1.00000e+00  
110.9 4.6046e+01  14 1.00000e+00  
111.0 4.6112e+01  14 1.00000e+00  
111.1 4.6157e+01  14 1.00000e+00  
111.2 4.6187e+01  14 1.00000e+00  
111.3 4.6224e+01  14 1.00000e+00  
111.4 4.6288e+01  14 1.00000e+00  
111.5 4.6332e+01  14 1.00000e+00  
111.6 4.6372e+01  14 1.00000e+00  
111.7 4.6455e+01  14 1.00000e+00  
111.8 4.6499e+01  14 1.00000e+00  
111.9 4.6569e+01  14 1.00000e+00  
112.0 4.6613e+01  14 1.00000e+00  
112.1 4.6656e+01  14 1.00000e+00  
112.2 4.6700e+01  14 1.00000e+00  
112.3 4.6751e+01  14 1.00000e+00  
112.4 4.6801e+01  14 1.00000e+00  
112.5 4.6849e+01  14 1.00000e+00  
112.6 4.6896e+01  14 1.00000e+00  
112.7 4.6943e+01  14 1.00000e+00  
112.8 4.6988e+01  14 1.00000e+00  
112.9 4.7033e+01  14 1.00000e+00  
113.0 4.7078e+01  14 1.00000e+00  
113.1 4.7122e+01  14 1.00000e+00  
113.2 4.7167e+01  14 1.00000e+00  
113.3 4.7211e+01  14 1.00000e+00  
113.4 4.7254e+01  14 1.00000e+00  
113.5 4.7299e+01  14 1.00000e+00  
113.6 4.7342e+01  14 1.00000e+00  
113.7 4.7385e+01  14 1.00000e+00  
113.8 4.7431e+01  14 1.00000e+00  
113.9 4.7474e+01  14 1.00000e+00  
114.0 4.7519e+01  14 1.00000e+00  
114.1 4.7563e+01  14 1.00000e+00  
114.2 4.7606e+01  14 1.00000e+00  
114.3 4.7651e+01  14 1.00000e+00  
114.4 4.7694e+01  14 1.00000e+00  
114.5 4.7738e+01  14 1.00000e+00  
114.6 4.7783e+01  14 1.00000e+00  
114.7 4.7826e+01  14 1.00000e+00  
114.8 4.7870e+01  14 1.00000e+00  
114.9 4.7915e+01  14 1.00000e+00  
115.0 4.7959e+01  14 1.00000e+00  
115.1 4.8002e+01  14 1.00000e+00  
115.2 4.8046e+01  14 1.00000e+00  
115.3 4.8091e+01  14 1.00000e+00  
115.4 4.8134e+01  14 1.00000e+00  
115.5 4.8178e+01  14 1.00000e+00  
115.6 4.8222e+01  14 1.00000e+00  
115.7 4.8267e+01  14 1.00000e+00  
115.8 4.8311e+01  14 1.00000e+00  
115.9 4.8355e+01  14 1.00000e+00  
116.0 4.8399e+01  14 1.00000e+00  
116.1 4.8443e+01  14 1.00000e+00  
116.2 4.8487e+01  14 1.00000e+00  
116.3 4.8532e+01  14 1.00000e+00  
116.4 4.8576e+01  14 1.00000e+00  
116.5 4.8620e+01  14 1.00000e+00  
116.6 4.8666e+01  14 1.00000e+00  
116.7 4.8710e+01  14 1.00000e+00  
116.8 4.8754e+01  14 1.00000e+00  
116.9 4.8799e+01  14 1.00000e+00  
117.0 4.8844e+01  14 1.00000e+00  
117.1 4.8889e+01  14 1.00000e+00  
117.2 4.8935e+01  14 1.00000e+00  
117.3 4.8980e+01  14 1.00000e+00  
117.4 4.9026e+01  14 1.00000e+00  
117.5 4.9073e+01  14 1.00000e+00  
117.6 4.9120e+01  14 1.00000e+00  
117.7 4.9169e+01  14 1.00000e+00  
117.8 4.9219e+01  14 1.00000e+00  
117.9 4.9272e+01  14 1.00000e+00  
118.0 4.9340e+01  14 1.00000e+00  
118.1 4.9420e+01  14 1.00000e+00  
118.2 4.9508e+01  14 1.00000e+00  
118.3 4.9588e+01  14 1.00000e+00  
118.4 4.9667e+01  14 1.00000e+00  
118.5 4.9747e+01  14 1.00000e+00  
118.6 4.9826e+01  14 1.00000e+00  
118.7 4.9906e+01  14 1.00000e+00  
118.8 4.9985e+01  14 1.00000e+00  
118.9 5.0065e+01  14 1.00000e+00  
119.0 5.0144e+01  14 1.00000e+00  
119.1 5.0223e+01  14 1.00000e+00  
119.2 5.0303e+01  14 1.00000e+00  
119.3 5.0382e+01  14 1.00000e+00  
119.4 5.0462e+01  14 1.00000e+00  
119.5 5.0541e+01  14 1.00000e+00  
119.6 5.0620e+01  14 1.00000e+00  
119.7 5.0700e+01  14 1.00000e+00  
119.8 5.0779e+01  14 1.00000e+00  
119.9 5.0858e+01  14 1.00000e+00  
120.0 5.0937e+01  14 1.00000e+00  
120.1 5.1017e+01  14 1.00000e+00  
120.2 5.1096e+01  14 1.00000e+00  
120.3 5.1175e+01  14 1.00000e+00  
120.4 5.1253e+01  14 1.00000e+00  
120.5 5.1332e+01  14 1.00000e+00  
120.6 5.1411e+01  14 1.00000e+00  
120.7 5.1491e+01  14 1.00000e+00  
120.8 5.1570e+01  14 1.00000e+00  
120.9 5.1649e+01  14 1.00000e+00  
121.0 5.1728e+01  14 1.00000e+00  
121.1 5.1807e+01  14 1.00000e+00  
121.2 5.1886e+01  14 1.00000e+00  
121.3 5.1960e+01  14 1.00000e+00  
121.4 5.2039e+01  14 1.00000e+00  
121.5 5.2118e+01  14 1.00000e+00  
121.6 5.2197e+01  14 1.00000e+00  
121.7 5.2276e+01  14 1.00000e+00  
121.8 5.2355e+01  14 1.00000e+00  
121.9 5.2433e+01  14 1.00000e+00  
122.0 5.2512e+01  14 1.00000e+00  
122.1 5.2591e+01  14 1.00000e+00  
122.2 5.2670e+01  14 1.00000e+00  
122.3 5.2749e+01  14 1.00000e+00  
122.4 5.2828e+01  14 1.00000e+00  
122.5 5.2906e+01  14 1.00000e+00  
122.6 5.2985e+01  14 1.00000e+00  
122.7 5.3064e+01  14 1.00000e+00  
122.8 5.3142e+01  14 1.00000e+00  
122.9 5.3221e+01  14 1.00000e+00  
123.0 5.3300e+01  14 1.00000e+00  
123.1 5.3378e+01  14 1.00000e+00  
123.2 5.3457e+01  14 1.00000e+00  
123.3 5.3536e+01  14 1.00000e+00  
123.4 5.3614e+01  14 1.00000e+00  
123.5 5.3693e+01  14 1.00000e+00  
123.6 5.3771e+01  14 1.00000e+00  
123.7 5.3850e+01  14 1.00000e+00  
123.8 5.3928e+01  14 1.00000e+00  
123.9 5.4007e+01  14 1.00000e+00  
124.0 5.4040e+01  14 1.00000e+00  
124.1 5.4118e+01  14 1.00000e+00  
124.2 5.4197e+01  14 1.00000e+00  
124.3 5.4275e+01  14 1.00000e+00  
124.4 5.4329e+01  14 1.00000e+00  
124.5 5.4377e+01  14 1.00000e+00  
124.6 5.4426e+01  14 1.00000e+00  
124.7 5.4474e+01  14 1.00000e+00  
124.8 5.4523e+01  14 1.00000e+00  
124.9 5.4571e+01  14 1.00000e+00  
125.0 5.4619e+01  14 1.00000e+00  
125.1 5.4668e+01  14 1.00000e+00  
125.2 5.4716e+01  14 1.00000e+00  
125.3 5.4765e+01  14 1.00000e+00  
125.4 5.4813e+01  14 1.00000e+00  
125.5 5.4862e+01  14 1.00000e+00  
125.6 5.4910e+01  14 1.00000e+00  
125.7 5.4959e+01  14 1.00000e+00  
125.8 5.5007e+01  14 1.00000e+00  
125.9 5.5056e+01  14 1.00000e+00  
126.0 5.5104e+01  14 1.00000e+00  
126.1 4.3255e+01  14 1.00000e+00  
126.2 5.4711e+01  14 1.00000e+00  
126.3 5.4788e+01  14 1.00000e+00  
126.4 5.4866e+01  14 1.00000e+00  
126.5 5.3940e+01  14 1.00000e+00  
126.6 5.4017e+01  14 1.00000e+00  
126.7 5.4094e+01  14 1.00000e+00  
126.8 5.4131e+01  14 1.00000e+00  
126.9 5.3205e+01  14 1.00000e+00  
127.0 5.3281e+01  14 1.00000e+00  
127.1 5.3357e+01  14 1.00000e+00  
127.2 5.3433e+01  14 1.00000e+00  
127.3 5.2472e+01  14 1.00000e+00  
127.4 5.2547e+01  14 1.00000e+00  
127.5 5.2623e+01  14 1.00000e+00  
127.6 5.2698e+01  14 1.00000e+00  
127.7 5.1745e+01  14 1.00000e+00  
127.8 5.1820e+01  14 1.00000e+00  
127.9 5.1895e+01  14 1.00000e+00  
128.0 5.1965e+01  14 1.00000e+00  
128.1 5.1016e+01  14 1.00000e+00  
128.2 5.1091e+01  14 1.00000e+00  
128.3 5.1165e+01  14 1.00000e+00  
128.4 5.1239e+01  14 1.00000e+00  
128.5 4.3857e+01  14 1.00000e+00  
128.6 4.3903e+01  14 1.00000e+00  
128.7 4.3962e+01  14 1.00000e+00  
128.8 4.4019e+01  14 1.00000e+00  
128.9 4.4044e+01  14 1.00000e+00  
129.0 4.4120e+01  14 1.00000e+00  
129.1 4.4176e+01  14 1.00000e+00  
129.2 4.4226e+01  14 1.00000e+00  
129.3 4.4275e+01  14 1.00000e+00  
129.4 4.4296e+01  14 1.00000e+00  
129.5 4.4357e+01  14 1.00000e+00  
129.6 4.4410e+01  14 1.00000e+00  
129.7 4.3882e+01  14 1.00000e+00  
129.8 4.3907e+01  14 1.00000e+00  
129.9 4.3984e+01  14 1.00000e+00  
130.0 4.4034e+01  14 1.00000e+00  
130.1 4.4044e+01  14 1.00000e+00  
130.2 4.4121e+01  14 1.00000e+00  
130.3 4.4174e+01  14 1.00000e+00  
130.4 4.4222e+01  14 1.00000e+00  
130.5 4.4261e+01  14 1.00000e+00  
130.6 4.4281e+01  14 1.00000e+00  
130.7 4.4332e+01  14 1.00000e+00  
130.8 4.4385e+01  14 1.00000e+00  
130.9 4.4428e+01  14 1.00000e+00  
131.0 4.4506e+01  14 1.00000e+00  
131.1 4.4551e+01  14 1.00000e+00  
131.2 4.4596e+01  14 1.00000e+00  
131.3 4.3979e+01  14 1.00000e+00  
131.4 4.4032e+01  14 1.00000e+00  
131.5 4.4054e+01  14 1.00000e+00  
131.6 4.4130e+01  14 1.00000e+00  
131.7 4.4184e+01  14 1.00000e+00  
131.8 4.4123e+01  14 1.00000e+00  
131.9 4.4178e+01  14 1.00000e+00  
132.0 4.4226e+01  14 1.00000e+00  
132.1 4.4272e+01  14 1.00000e+00  
132.2 4.3574e+01  14 1.00000e+00  
132.3 4.3632e+01  14 1.00000e+00  
132.4 4.3682e+01  14 1.00000e+00  
132.5 4.3748e+01  14 1.00000e+00  
132.6 4.3774e+01  14 1.00000e+00  
132.7 4.3855e+01  14 1.00000e+00  
132.8 4.3905e+01  14 1.00000e+00  
132.9 4.3952e+01  14 1.00000e+00  
133.0 4.3243e+01  14 1.00000e+00  
133.1 4.3273e+01  14 1.00000e+00  
133.2 4.3301e+01  14 1.00000e+00  
133.3 4.3348e+01  14 1.00000e+00  
133.4 4.3419e+01  14 1.00000e+00  
133.5 4.3482e+01  14 1.00000e+00  
133.6 4.3540e+01  14 1.00000e+00  
133.7 4.3607e+01  14 1.00000e+00  
133.8 4.3631e+01  14 1.00000e+00  
133.9 4.3720e+01  14 1.00000e+00  
134.0 4.3094e+01  14 1.00000e+00  
134.1 4.3115e+01  14 1.00000e+00  
134.2 4.3134e+01  14 1.00000e+00  
134.3 4.3192e+01  14 1.00000e+00  
134.4 4.3227e+01  14 1.00000e+00  
134.5 4.3258e+01  14 1.00000e+00  
134.6 4.3287e+01  14 1.00000e+00  
134.7 4.3313e+01  14 1.00000e+00  
134.8 4.3382e+01  14 1.00000e+00  
134.9 4.2886e+01  14 1.00000e+00  
135.0 4.2936e+01  14 1.00000e+00  
135.1 4.2971e+01  14 1.00000e+00  
135.2 4.2987e+01  14 1.00000e+00  
135.3 4.3037e+01  14 1.00000e+00  
135.4 4.3072e+01  14 1.00000e+00  
135.5 4.3102e+01  14 1.00000e+00  
135.6 4.3119e+01  14 1.00000e+00  
135.7 4.3157e+01  14 1.00000e+00  
135.8 4.3202e+01  14 1.00000e+00  
135.9 4.3234e+01  14 1.00000e+00  
136.0 4.3265e+01  14 1.00000e+00  
136.1 4.2800e+01  14 1.00000e+00  
136.2 4.2839e+01  14 1.00000e+00  
136.3 4.2875e+01  14 1.00000e+00  
136.4 4.2884e+01  14 1.00000e+00  
136.5 4.2942e+01  14 1.00000e+00  
136.6 4.2977e+01  14 1.00000e+00  
136.7 4.2985e+01  14 1.00000e+00  
136.8 4.3045e+01  14 1.00000e+00  
136.9 4.3083e+01  14 1.00000e+00  
137.0 4.3109e+01  14 1.00000e+00  
137.1 4.3121e+01  14 1.00000e+00  
137.2 4.3181e+01  14 1.00000e+00  
137.3 4.3215e+01  14 1.00000e+00  
137.4 4.3246e+01  14 1.00000e+00  
137.5 4.3275e+01  14 1.00000e+00  
137.6 4.2796e+01  14 1.00000e+00  
137.7 4.2857e+01  14 1.00000e+00  
137.8 4.2884e+01  14 1.00000e+00  
137.9 4.2924e+01  14 1.00000e+00  
138.0 4.2960e+01  14 1.00000e+00  
138.1 4.2985e+01  14 1.00000e+00  
138.2 4.3023e+01  14 1.00000e+00  
138.3 4.3063e+01  14 1.00000e+00  
138.4 4.3094e+01  14 1.00000e+00  
138.5 4.3115e+01  14 1.00000e+00  
138.6 4.3138e+01  14 1.00000e+00  
138.7 4.3192e+01  14 1.00000e+00  
138.8 4.3225e+01  14 1.00000e+00  
138.9 4.3259e+01  14 1.00000e+00  
139.0 4.3286e+01  14 1.00000e+00  
139.1 4.3312e+01  14 1.00000e+00  
139.2 4.3377e+01  14 1.00000e+00  
139.3 4.3447e+01  14 1.00000e+00  
139.4 4.3474e+01  14 1.00000e+00  
139.5 4.3562e+01  14 1.00000e+00  
139.6 4.3621e+01  14 1.00000e+00  
139.7 5.5105e+01  14 1.00000e+00  
139.8 5.5157e+01  14 1.00000e+00  
139.9 5.5210e+01  14 1.00000e+00  
140.0 5.4366e+01  14 1.00000e+00  
140.1 5.4436e+01  14 1.00000e+00  
140.2 5.4506e+01  14 1.00000e+00  
140.3 5.4575e+01  14 1.00000e+00  
140.4 5.3642e+01  14 1.00000e+00  
140.5 5.3711e+01  14 1.00000e+00  
140.6 5.3780e+01  14 1.00000e+00  
140.7 5.3850e+01  14 1.00000e+00  
140.8 5.2879e+01  14 1.00000e+00  
140.9 5.2947e+01  14 1.00000e+00  
141.0 5.3016e+01  14 1.00000e+00  
141.1 5.2049e+01  14 1.00000e+00  
141.2 5.2118e+01  14 1.00000e+00  
141.3 5.2186e+01  14 1.00000e+00  
141.4 5.2254e+01  14 1.00000e+00  
141.5 5.1296e+01  14 1.00000e+00  
141.6 5.1364e+01  14 1.00000e+00  
141.7 5.1431e+01  14 1.00000e+00  
141.8 5.1499e+01  14 1.00000e+00  
141.9 4.4041e+01  14 1.00000e+00  
142.0 4.4065e+01  14 1.00000e+00  
142.1 4.4133e+01  14 1.00000e+00  
142.2 4.4182e+01  14 1.00000e+00  
142.3 4.4230e+01  14 1.00000e+00  
142.4 4.4273e+01  14 1.00000e+00  
142.5 4.3658e+01  14 1.00000e+00  
142.6 4.3729e+01  14 1.00000e+00  
142.7 4.3768e+01  14 1.00000e+00  
142.8 4.3832e+01  14 1.00000e+00  
142.9 4.3884e+01  14 1.00000e+00  
143.0 4.3907e+01  14 1.00000e+00  
143.1 4.3971e+01  14 1.00000e+00  
143.2 4.4021e+01  14 1.00000e+00  
143.3 4.4048e+01  14 1.00000e+00  
143.4 4.4102e+01  14 1.00000e+00  
143.5 4.4151e+01  14 1.00000e+00  
143.6 4.4196e+01  14 1.00000e+00  
143.7 4.4239e+01  14 1.00000e+00  
143.8 4.4275e+01  14 1.00000e+00  
143.9 4.4287e+01  14 1.00000e+00  
144.0 4.4343e+01  14 1.00000e+00  
144.1 4.4392e+01  14 1.00000e+00  
144.2 4.4437e+01  14 1.00000e+00  
144.3 4.4506e+01  14 1.00000e+00  
144.4 4.4548e+01  14 1.00000e+00  
144.5 4.4591e+01  14 1.00000e+00  
144.6 4.4633e+01  14 1.00000e+00  
144.7 4.4025e+01  14 1.00000e+00  
144.8 4.4045e+01  14 1.00000e+00  
144.9 4.4110e+01  14 1.00000e+00  
145.0 4.4164e+01  14 1.00000e+00  
145.1 4.4089e+01  14 1.00000e+00  
145.2 4.4148e+01  14 1.00000e+00  
145.3 4.4194e+01  14 1.00000e+00  
145.4 4.4237e+01  14 1.00000e+00  
145.5 4.3505e+01  14 1.00000e+00  
145.6 4.3581e+01  14 1.00000e+00  
145.7 4.3634e+01  14 1.00000e+00  
145.8 4.3677e+01  14 1.00000e+00  
145.9 4.3733e+01  14 1.00000e+00  
146.0 4.3771e+01  14 1.00000e+00  
146.1 4.3828e+01  14 1.00000e+00  
146.2 4.3881e+01  14 1.00000e+00  
146.3 4.3898e+01  14 1.00000e+00  
146.4 4.3221e+01  14 1.00000e+00  
146.5 4.3250e+01  14 1.00000e+00  
146.6 4.3277e+01  14 1.00000e+00  
146.7 4.3302e+01  14 1.00000e+00  
146.8 4.3347e+01  14 1.00000e+00  
146.9 4.3412e+01  14 1.00000e+00  
147.0 4.3468e+01  14 1.00000e+00  
147.1 4.3507e+01  14 1.00000e+00  
147.2 4.2976e+01  14 1.00000e+00  
147.3 4.2986e+01  14 1.00000e+00  
147.4 4.3038e+01  14 1.00000e+00  
147.5 4.3071e+01  14 1.00000e+00  
147.6 4.3099e+01  14 1.00000e+00  
147.7 4.3117e+01  14 1.00000e+00  
147.8 4.3136e+01  14 1.00000e+00  
147.9 4.3194e+01  14 1.00000e+00  
148.0 4.3224e+01  14 1.00000e+00  
148.1 4.3257e+01  14 1.00000e+00  
148.2 4.3283e+01  14 1.00000e+00  
148.3 4.3307e+01  14 1.00000e+00  
148.4 4.3369e+01  14 1.00000e+00  
148.5 4.3430e+01  14 1.00000e+00  
148.6 4.2926e+01  14 1.00000e+00  
148.7 4.2959e+01  14 1.00000e+00  
148.8 4.2983e+01  14 1.00000e+00  
148.9 4.3003e+01  14 1.00000e+00  
149.0 4.3054e+01  14 1.00000e+00  
149.1 4.3085e+01  14 1.00000e+00  
149.2 4.3110e+01  14 1.00000e+00  
149.3 4.3121e+01  14 1.00000e+00  
149.4 4.3179e+01  14 1.00000e+00  
149.5 4.3210e+01  14 1.00000e+00  
149.6 4.3239e+01  14 1.00000e+00  
149.7 4.3270e+01  14 1.00000e+00  
149.8 4.2800e+01  14 1.00000e+00  
149.9 4.2839e+01  14 1.00000e+00  
150.0 4.2876e+01  14 1.00000e+00  
