 15.1 1.4377e+00  13 4.27929e-02  
 15.2 1.4451e+00  13 4.31395e-02  
 15.3 1.4525e+00  13 4.34819e-02  
 15.4 1.4599e+00  13 4.38201e-02  
 15.5 1.4673e+00  13 4.41540e-02  
 15.6 1.4747e+00  13 4.44840e-02  
 15.7 1.4821e+00  13 4.48099e-02  
 15.8 1.4895e+00  13 4.51320e-02  
 15.9 1.4968e+00  13 4.54501e-02  
 16.0 1.5042e+00  13 4.57646e-02  
 16.1 1.5116e+00  13 4.60753e-02  
 16.2 1.5190e+00  13 4.63823e-02  
 16.3 1.5264e+00  13 4.66859e-02  
 16.4 1.5338e+00  13 4.69859e-02  
 16.5 1.5411e+00  13 4.72824e-02  
 16.6 1.5485e+00  13 4.75756e-02  
 16.7 1.5559e+00  13 4.78655e-02  
 16.8 1.5633e+00  13 4.81521e-02  
 16.9 1.5706e+00  13 4.84355e-02  
 17.0 1.5782e+00  13 4.87288e-02  
 17.1 1.5896e+00  13 4.93339e-02  
 17.2 1.6012e+00  13 4.99401e-02  
 17.3 1.6129e+00  13 5.04957e-02  
 17.4 1.6246e+00  13 5.11034e-02  
 17.5 1.6365e+00  13 5.17123e-02  
 17.6 1.6484e+00  13 5.23226e-02  
 17.7 1.6604e+00  13 5.29344e-02  
 17.8 1.6725e+00  13 5.35476e-02  
 17.9 1.6848e+00  13 5.41624e-02  
 18.0 1.6971e+00  13 5.47787e-02  
 18.1 1.7095e+00  13 5.53967e-02  
 18.2 1.7220e+00  13 5.60165e-02  
 18.3 1.7346e+00  13 5.66380e-02  
 18.4 1.7473e+00  13 5.72612e-02  
 18.5 1.7601e+00  13 5.78864e-02  
 18.6 1.7730e+00  13 5.85135e-02  
 18.7 1.7860e+00  13 5.91425e-02  
 18.8 1.7991e+00  13 5.97736e-02  
 18.9 1.8123e+00  13 6.04068e-02  
 19.0 1.8255e+00  13 6.10422e-02  
 19.1 1.8389e+00  13 6.16797e-02  
 19.2 1.8524e+00  13 6.23194e-02  
 19.3 1.8661e+00  13 6.29615e-02  
 19.4 1.8798e+00  13 6.36058e-02  
 19.5 1.8936e+00  13 6.42526e-02  
 19.6 1.9075e+00  13 6.49026e-02  
 19.7 1.9215e+00  13 6.55544e-02  
 19.8 1.7438e+01  14 1.00000e+00  
 19.9 1.7523e+01  14 1.00000e+00  
 20.0 1.7608e+01  14 1.00000e+00  
 20.1 1.7693e+01  14 1.00000e+00  
 20.2 1.7778e+01  14 1.00000e+00  
 20.3 1.7863e+01  14 1.00000e+00  
 20.4 1.7948e+01  14 1.00000e+00  
 20.5 1.8033e+01  14 1.00000e+00  
 20.6 1.8118e+01  14 1.00000e+00  
 20.7 1.8203e+01  14 1.00000e+00  
 20.8 1.8287e+01  14 1.00000e+00  
 20.9 1.8373e+01  14 1.00000e+00  
 21.0 1.8458e+01  14 1.00000e+00  
 21.1 1.8543e+01  14 1.00000e+00  
 21.2 1.8628e+01  14 1.00000e+00  
 21.3 1.8713e+01  14 1.00000e+00  
 21.4 1.8798e+01  14 1.00000e+00  
 21.5 1.8883e+01  14 1.00000e+00  
 21.6 1.8967e+01  14 1.00000e+00  
 21.7 1.9052e+01  14 1.00000e+00  
 21.8 1.9137e+01  14 1.00000e+00  
 21.9 1.9221e+01  14 1.00000e+00  
 22.0 1.9305e+01  14 1.00000e+00  
 22.1 1.9390e+01  14 1.00000e+00  
 22.2 1.9474e+01  14 1.00000e+00  
 22.3 1.9558e+01  14 1.00000e+00  
 22.4 1.9643e+01  14 1.00000e+00  
 22.5 1.9727e+01  14 1.00000e+00  
 22.6 5.5563e+00  14 2.46220e-01  
 22.7 5.6760e+00  14 2.51430e-01  
 22.8 5.7974e+00  14 2.56683e-01  
 22.9 5.9204e+00  14 2.61979e-01  
 23.0 6.0452e+00  14 2.67318e-01  
 23.1 6.1717e+00  14 2.72700e-01  
 23.2 6.2999e+00  14 2.78123e-01  
 23.3 6.4298e+00  14 2.83589e-01  
 23.4 6.5614e+00  14 2.89096e-01  
 23.5 6.6948e+00  14 2.94646e-01  
 23.6 6.8299e+00  14 3.00236e-01  
 23.7 6.9667e+00  14 3.05868e-01  
 23.8 7.1053e+00  14 3.11541e-01  
 23.9 7.2457e+00  14 3.17255e-01  
 24.0 7.3878e+00  14 3.23010e-01  
 24.1 7.5316e+00  14 3.28805e-01  
 24.2 7.6773e+00  14 3.34640e-01  
 24.3 7.8247e+00  14 3.40516e-01  
 24.4 7.9739e+00  14 3.46432e-01  
 24.5 8.1250e+00  14 3.52388e-01  
 24.6 8.2778e+00  14 3.58384e-01  
 24.7 8.4324e+00  14 3.64420e-01  
 24.8 8.5888e+00  14 3.70495e-01  
 24.9 8.7471e+00  14 3.76609e-01  
 25.0 8.9071e+00  14 3.82763e-01  
 25.1 9.0690e+00  14 3.88955e-01  
 25.2 9.2326e+00  14 3.95192e-01  
 25.3 9.3982e+00  14 4.01463e-01  
 25.4 9.5656e+00  14 4.07772e-01  
 25.5 9.7349e+00  14 4.14120e-01  
 25.6 9.9061e+00  14 4.20507e-01  
 25.7 1.0079e+01  14 4.26932e-01  
 25.8 1.0254e+01  14 4.33396e-01  
 25.9 1.0431e+01  14 4.39898e-01  
 26.0 1.0609e+01  14 4.46438e-01  
 26.1 1.0790e+01  14 4.53016e-01  
 26.2 1.0972e+01  14 4.59640e-01  
 26.3 1.1156e+01  14 4.66294e-01  
 26.4 1.1343e+01  14 4.72986e-01  
 26.5 1.1531e+01  14 4.79720e-01  
 26.6 1.1721e+01  14 4.86487e-01  
 26.7 1.1913e+01  14 4.93296e-01  
 26.8 1.2106e+01  14 5.00142e-01  
 26.9 1.2302e+01  14 5.07025e-01  
 27.0 1.2500e+01  14 5.13946e-01  
 27.1 1.2699e+01  14 5.20908e-01  
 27.2 1.2901e+01  14 5.27899e-01  
 27.3 1.3105e+01  14 5.34928e-01  
 27.4 1.3310e+01  14 5.41994e-01  
 27.5 1.3518e+01  14 5.49097e-01  
 27.6 1.3728e+01  14 5.56238e-01  
 27.7 1.3940e+01  14 5.63415e-01  
 27.8 1.4153e+01  14 5.70629e-01  
 27.9 1.4369e+01  14 5.77881e-01  
 28.0 1.4587e+01  14 5.85169e-01  
 28.1 1.4807e+01  14 5.92494e-01  
 28.2 1.5029e+01  14 5.99856e-01  
 28.3 1.5253e+01  14 6.07254e-01  
 28.4 1.5479e+01  14 6.14690e-01  
 28.5 1.5707e+01  14 6.22162e-01  
 28.6 1.5937e+01  14 6.29670e-01  
 28.7 1.6169e+01  14 6.37216e-01  
 28.8 1.6403e+01  14 6.44799e-01  
 28.9 1.6639e+01  14 6.52423e-01  
 29.0 1.6876e+01  14 6.60082e-01  
 29.1 1.7084e+01  14 6.67952e-01  
 29.2 1.7325e+01  14 6.75680e-01  
 29.3 1.7568e+01  14 6.83444e-01  
 29.4 1.7814e+01  14 6.91245e-01  
 29.5 1.8061e+01  14 6.99082e-01  
 29.6 1.8310e+01  14 7.06955e-01  
 29.7 1.8561e+01  14 7.14867e-01  
 29.8 1.8815e+01  14 7.22813e-01  
 29.9 1.9070e+01  14 7.30796e-01  
 30.0 1.9328e+01  14 7.38816e-01  
 30.1 1.9588e+01  14 7.46871e-01  
 30.2 1.9850e+01  14 7.54963e-01  
 30.3 2.0114e+01  14 7.63090e-01  
 30.4 2.0380e+01  14 7.71254e-01  
 30.5 2.0649e+01  14 7.79454e-01  
 30.6 2.0875e+01  14 7.87802e-01  
 30.7 2.1146e+01  14 7.96070e-01  
 30.8 2.1420e+01  14 8.04374e-01  
 30.9 2.1696e+01  14 8.12717e-01  
 31.0 2.1974e+01  14 8.21094e-01  
 31.1 2.2254e+01  14 8.29508e-01  
 31.2 2.2537e+01  14 8.37958e-01  
 31.3 2.2821e+01  14 8.46444e-01  
 31.4 2.3108e+01  14 8.54967e-01  
 31.5 2.3397e+01  14 8.63526e-01  
 31.6 2.3689e+01  14 8.72121e-01  
 31.7 2.3982e+01  14 8.80752e-01  
 31.8 2.4278e+01  14 8.89420e-01  
 31.9 2.4576e+01  14 8.98125e-01  
 32.0 2.4817e+01  14 9.06914e-01  
 32.1 2.5119e+01  14 9.15687e-01  
 32.2 2.5422e+01  14 9.24496e-01  
 32.3 2.5727e+01  14 9.33342e-01  
 32.4 2.6035e+01  14 9.42224e-01  
 32.5 2.6345e+01  14 9.51142e-01  
 32.6 2.6657e+01  14 9.60098e-01  
 32.7 2.6972e+01  14 9.69089e-01  
 32.8 2.7289e+01  14 9.78117e-01  
 32.9 2.7608e+01  14 9.87182e-01  
 33.0 2.7930e+01  14 9.96284e-01  
 33.1 2.8106e+01  14 1.00000e+00  
 33.2 2.8181e+01  14 1.00000e+00  
 33.3 2.8257e+01  14 1.00000e+00  
 33.4 2.8332e+01  14 1.00000e+00  
 33.5 2.8407e+01  14 1.00000e+00  
 33.6 2.8407e+01  14 1.00000e+00  
 33.7 2.8481e+01  14 1.00000e+00  
 33.8 2.8555e+01  14 1.00000e+00  
 33.9 2.8630e+01  14 1.00000e+00  
 34.0 2.8704e+01  14 1.00000e+00  
 34.1 2.8778e+01  14 1.00000e+00  
 34.2 2.8851e+01  14 1.00000e+00  
 34.3 2.8925e+01  14 1.00000e+00  
 34.4 2.8864e+01  14 1.00000e+00  
 34.5 2.8938e+01  14 1.00000e+00  
 34.6 2.9012e+01  14 1.00000e+00  
 34.7 2.9086e+01  14 1.00000e+00  
 34.8 2.9011e+01  14 1.00000e+00  
 34.9 2.9085e+01  14 1.00000e+00  
 35.0 2.9158e+01  14 1.00000e+00  
 35.1 2.9232e+01  14 1.00000e+00  
 35.2 2.9223e+01  14 1.00000e+00  
 35.3 2.9147e+01  14 1.00000e+00  
 35.4 2.9220e+01  14 1.00000e+00  
 35.5 2.9294e+01  14 1.00000e+00  
 35.6 2.9367e+01  14 1.00000e+00  
 35.7 2.9235e+01  14 1.00000e+00  
 35.8 2.6710e+01  14 1.00000e+00  
 35.9 2.5461e+01  14 1.00000e+00  
 36.0 2.2952e+01  14 1.00000e+00  
 36.1 2.0688e+01  14 1.00000e+00  
 36.2 1.9116e+01  14 1.00000e+00  
 36.3 1.6855e+01  14 1.00000e+00  
 36.4 1.5032e+01  14 1.00000e+00  
 36.5 1.3772e+01  14 1.00000e+00  
 36.6 1.3276e+01  14 1.00000e+00  
 36.7 1.3248e+01  14 1.00000e+00  
 36.8 1.3215e+01  14 1.00000e+00  
 36.9 1.3258e+01  14 1.00000e+00  
 37.0 1.3291e+01  14 1.00000e+00  
 37.1 1.3327e+01  14 1.00000e+00  
 37.2 1.3281e+01  14 1.00000e+00  
 37.3 1.3329e+01  14 1.00000e+00  
 37.4 1.3433e+01  14 1.00000e+00  
 37.5 1.3469e+01  14 1.00000e+00  
 37.6 1.3505e+01  14 1.00000e+00  
 37.7 1.3541e+01  14 1.00000e+00  
 37.8 1.3577e+01  14 1.00000e+00  
 37.9 1.3613e+01  14 1.00000e+00  
 38.0 1.3649e+01  14 1.00000e+00  
 38.1 1.3683e+01  14 1.00000e+00  
 38.2 1.3719e+01  14 1.00000e+00  
 38.3 1.3755e+01  14 1.00000e+00  
 38.4 1.3791e+01  14 1.00000e+00  
 38.5 1.3826e+01  14 1.00000e+00  
 38.6 1.3862e+01  14 1.00000e+00  
 38.7 1.3898e+01  14 1.00000e+00  
 38.8 1.3933e+01  14 1.00000e+00  
 38.9 1.3969e+01  14 1.00000e+00  
 39.0 1.4004e+01  14 1.00000e+00  
 39.1 1.4040e+01  14 1.00000e+00  
 39.2 1.4075e+01  14 1.00000e+00  
 39.3 1.4111e+01  14 1.00000e+00  
 39.4 1.4150e+01  14 1.00000e+00  
 39.5 1.4194e+01  14 1.00000e+00  
 39.6 1.4238e+01  14 1.00000e+00  
 39.7 1.4284e+01  14 1.00000e+00  
 39.8 1.4339e+01  14 1.00000e+00  
 39.9 1.4391e+01  14 1.00000e+00  
 40.0 1.4378e+01  14 1.00000e+00  
 40.1 1.4421e+01  14 1.00000e+00  
 40.2 1.4475e+01  14 1.00000e+00  
 40.3 1.4529e+01  14 1.00000e+00  
 40.4 1.4578e+01  14 1.00000e+00  
 40.5 1.4687e+01  14 1.00000e+00  
 40.6 1.4724e+01  14 1.00000e+00  
 40.7 1.4761e+01  14 1.00000e+00  
 40.8 1.4797e+01  14 1.00000e+00  
 40.9 1.4833e+01  14 1.00000e+00  
 41.0 1.4867e+01  14 1.00000e+00  
 41.1 1.4904e+01  14 1.00000e+00  
 41.2 1.4940e+01  14 1.00000e+00  
 41.3 1.4977e+01  14 1.00000e+00  
 41.4 1.5013e+01  14 1.00000e+00  
 41.5 1.5049e+01  14 1.00000e+00  
 41.6 1.5085e+01  14 1.00000e+00  
 41.7 1.5121e+01  14 1.00000e+00  
 41.8 1.5157e+01  14 1.00000e+00  
 41.9 1.5192e+01  14 1.00000e+00  
 42.0 1.5228e+01  14 1.00000e+00  
 42.1 1.5264e+01  14 1.00000e+00  
 42.2 1.5300e+01  14 1.00000e+00  
 42.3 1.5336e+01  14 1.00000e+00  
 42.4 1.5372e+01  14 1.00000e+00  
 42.5 1.5408e+01  14 1.00000e+00  
 42.6 1.5448e+01  14 1.00000e+00  
 42.7 1.5493e+01  14 1.00000e+00  
 42.8 1.5538e+01  14 1.00000e+00  
 42.9 1.5551e+01  14 1.00000e+00  
 43.0 1.5588e+01  14 1.00000e+00  
 43.1 1.5633e+01  14 1.00000e+00  
 43.2 1.5678e+01  14 1.00000e+00  
 43.3 1.5722e+01  14 1.00000e+00  
 43.4 1.5778e+01  14 1.00000e+00  
 43.5 1.5833e+01  14 1.00000e+00  
 43.6 1.5884e+01  14 1.00000e+00  
 43.7 1.5932e+01  14 1.00000e+00  
 43.8 1.6039e+01  14 1.00000e+00  
 43.9 1.5971e+01  14 1.00000e+00  
 44.0 1.6024e+01  14 1.00000e+00  
 44.1 1.6073e+01  14 1.00000e+00  
 44.2 1.6183e+01  14 1.00000e+00  
 44.3 1.6221e+01  14 1.00000e+00  
 44.4 1.6258e+01  14 1.00000e+00  
 44.5 1.6294e+01  14 1.00000e+00  
 44.6 1.6331e+01  14 1.00000e+00  
 44.7 1.6367e+01  14 1.00000e+00  
 44.8 1.6404e+01  14 1.00000e+00  
 44.9 1.6438e+01  14 1.00000e+00  
 45.0 1.6475e+01  14 1.00000e+00  
 45.1 1.6511e+01  14 1.00000e+00  
 45.2 1.6548e+01  14 1.00000e+00  
 45.3 1.6584e+01  14 1.00000e+00  
 45.4 1.6621e+01  14 1.00000e+00  
 45.5 1.6657e+01  14 1.00000e+00  
 45.6 1.6693e+01  14 1.00000e+00  
 45.7 1.6730e+01  14 1.00000e+00  
 45.8 1.6765e+01  14 1.00000e+00  
 45.9 1.6801e+01  14 1.00000e+00  
 46.0 1.6837e+01  14 1.00000e+00  
 46.1 1.6874e+01  14 1.00000e+00  
 46.2 1.6910e+01  14 1.00000e+00  
 46.3 1.6951e+01  14 1.00000e+00  
 46.4 1.6996e+01  14 1.00000e+00  
 46.5 1.7041e+01  14 1.00000e+00  
 46.6 1.7086e+01  14 1.00000e+00  
 46.7 1.7143e+01  14 1.00000e+00  
 46.8 1.7140e+01  14 1.00000e+00  
 46.9 1.7185e+01  14 1.00000e+00  
 47.0 1.7230e+01  14 1.00000e+00  
 47.1 1.7286e+01  14 1.00000e+00  
 47.2 1.7342e+01  14 1.00000e+00  
 47.3 1.7394e+01  14 1.00000e+00  
 47.4 1.7444e+01  14 1.00000e+00  
 47.5 1.7490e+01  14 1.00000e+00  
 47.6 1.7598e+01  14 1.00000e+00  
 47.7 1.7539e+01  14 1.00000e+00  
 47.8 1.7589e+01  14 1.00000e+00  
 47.9 1.7635e+01  14 1.00000e+00  
 48.0 1.7744e+01  14 1.00000e+00  
 48.1 1.7781e+01  14 1.00000e+00  
 48.2 1.7818e+01  14 1.00000e+00  
 48.3 1.7855e+01  14 1.00000e+00  
 48.4 1.7892e+01  14 1.00000e+00  
 48.5 1.7928e+01  14 1.00000e+00  
 48.6 1.7963e+01  14 1.00000e+00  
 48.7 1.8000e+01  14 1.00000e+00  
 48.8 1.8037e+01  14 1.00000e+00  
 48.9 1.8073e+01  14 1.00000e+00  
 49.0 1.8110e+01  14 1.00000e+00  
 49.1 1.8147e+01  14 1.00000e+00  
 49.2 1.8183e+01  14 1.00000e+00  
 49.3 1.8220e+01  14 1.00000e+00  
 49.4 1.8255e+01  14 1.00000e+00  
 49.5 1.8292e+01  14 1.00000e+00  
 49.6 1.8328e+01  14 1.00000e+00  
 49.7 1.8365e+01  14 1.00000e+00  
 49.8 1.8401e+01  14 1.00000e+00  
 49.9 1.8437e+01  14 1.00000e+00  
 50.0 1.8478e+01  14 1.00000e+00  
 50.1 1.8524e+01  14 1.00000e+00  
 50.2 1.8546e+01  14 1.00000e+00  
 50.3 1.8582e+01  14 1.00000e+00  
 50.4 1.8626e+01  14 1.00000e+00  
 50.5 1.8672e+01  14 1.00000e+00  
 50.6 1.8717e+01  14 1.00000e+00  
 50.7 1.8763e+01  14 1.00000e+00  
 50.8 1.8813e+01  14 1.00000e+00  
 50.9 1.8871e+01  14 1.00000e+00  
 51.0 1.8866e+01  14 1.00000e+00  
 51.1 1.8912e+01  14 1.00000e+00  
 51.2 1.8967e+01  14 1.00000e+00  
 51.3 1.9023e+01  14 1.00000e+00  
 51.4 1.9077e+01  14 1.00000e+00  
 51.5 1.9127e+01  14 1.00000e+00  
 51.6 1.9175e+01  14 1.00000e+00  
 51.7 1.9177e+01  14 1.00000e+00  
 51.8 1.9229e+01  14 1.00000e+00  
 51.9 1.9278e+01  14 1.00000e+00  
 52.0 1.9402e+01  14 1.00000e+00  
 52.1 1.9441e+01  14 1.00000e+00  
 52.2 1.9478e+01  14 1.00000e+00  
 52.3 1.9429e+01  14 1.00000e+00  
 52.4 1.9549e+01  14 1.00000e+00  
 52.5 1.9587e+01  14 1.00000e+00  
 52.6 1.9624e+01  14 1.00000e+00  
 52.7 1.9661e+01  14 1.00000e+00  
 52.8 1.9699e+01  14 1.00000e+00  
 52.9 1.9733e+01  14 1.00000e+00  
 53.0 1.9770e+01  14 1.00000e+00  
 53.1 1.9807e+01  14 1.00000e+00  
 53.2 1.9844e+01  14 1.00000e+00  
 53.3 1.9882e+01  14 1.00000e+00  
 53.4 1.9916e+01  14 1.00000e+00  
 53.5 1.9953e+01  14 1.00000e+00  
 53.6 1.9990e+01  14 1.00000e+00  
 53.7 2.0028e+01  14 1.00000e+00  
 53.8 2.0062e+01  14 1.00000e+00  
 53.9 2.0099e+01  14 1.00000e+00  
 54.0 2.0136e+01  14 1.00000e+00  
 54.1 2.0173e+01  14 1.00000e+00  
 54.2 2.0208e+01  14 1.00000e+00  
 54.3 2.0245e+01  14 1.00000e+00  
 54.4 2.0282e+01  14 1.00000e+00  
 54.5 2.0317e+01  14 1.00000e+00  
 54.6 2.0354e+01  14 1.00000e+00  
 54.7 2.0389e+01  14 1.00000e+00  
 54.8 2.0426e+01  14 1.00000e+00  
 54.9 2.0460e+01  14 1.00000e+00  
 55.0 2.0497e+01  14 1.00000e+00  
 55.1 2.0532e+01  14 1.00000e+00  
 55.2 2.0561e+01  14 1.00000e+00  
 55.3 2.0415e+01  14 1.00000e+00  
 55.4 2.0462e+01  14 1.00000e+00  
 55.5 2.0509e+01  14 1.00000e+00  
 55.6 2.0556e+01  14 1.00000e+00  
 55.7 2.0742e+01  14 1.00000e+00  
 55.8 2.0782e+01  14 1.00000e+00  
 55.9 2.0818e+01  14 1.00000e+00  
 56.0 2.0855e+01  14 1.00000e+00  
 56.1 2.0892e+01  14 1.00000e+00  
 56.2 2.0929e+01  14 1.00000e+00  
 56.3 2.0966e+01  14 1.00000e+00  
 56.4 2.1003e+01  14 1.00000e+00  
 56.5 2.1040e+01  14 1.00000e+00  
 56.6 2.1076e+01  14 1.00000e+00  
 56.7 2.1113e+01  14 1.00000e+00  
 56.8 2.1149e+01  14 1.00000e+00  
 56.9 2.1186e+01  14 1.00000e+00  
 57.0 2.1222e+01  14 1.00000e+00  
 57.1 2.1256e+01  14 1.00000e+00  
 57.2 2.1303e+01  14 1.00000e+00  
 57.3 2.1350e+01  14 1.00000e+00  
 57.4 2.1397e+01  14 1.00000e+00  
 57.5 2.1444e+01  14 1.00000e+00  
 57.6 2.1491e+01  14 1.00000e+00  
 57.7 2.1538e+01  14 1.00000e+00  
 57.8 2.1585e+01  14 1.00000e+00  
 57.9 2.1770e+01  14 1.00000e+00  
 58.0 2.1811e+01  14 1.00000e+00  
 58.1 2.1847e+01  14 1.00000e+00  
 58.2 2.1884e+01  14 1.00000e+00  
 58.3 2.1921e+01  14 1.00000e+00  
 58.4 2.1959e+01  14 1.00000e+00  
 58.5 2.1996e+01  14 1.00000e+00  
 58.6 2.2034e+01  14 1.00000e+00  
 58.7 2.2071e+01  14 1.00000e+00  
 58.8 2.2109e+01  14 1.00000e+00  
 58.9 2.2146e+01  14 1.00000e+00  
 59.0 2.2174e+01  14 1.00000e+00  
 59.1 2.2211e+01  14 1.00000e+00  
 59.2 2.2248e+01  14 1.00000e+00  
 59.3 2.2286e+01  14 1.00000e+00  
 59.4 2.2322e+01  14 1.00000e+00  
 59.5 2.2360e+01  14 1.00000e+00  
 59.6 2.2396e+01  14 1.00000e+00  
 59.7 2.2433e+01  14 1.00000e+00  
 59.8 2.2470e+01  14 1.00000e+00  
 59.9 2.2510e+01  14 1.00000e+00  
 60.0 2.2554e+01  14 1.00000e+00  
 60.1 2.2598e+01  14 1.00000e+00  
 60.2 2.2642e+01  14 1.00000e+00  
 60.3 2.2686e+01  14 1.00000e+00  
 60.4 2.2730e+01  14 1.00000e+00  
 60.5 2.2775e+01  14 1.00000e+00  
 60.6 2.2819e+01  14 1.00000e+00  
 60.7 2.2863e+01  14 1.00000e+00  
 60.8 2.2907e+01  14 1.00000e+00  
 60.9 2.2956e+01  14 1.00000e+00  
 61.0 2.3009e+01  14 1.00000e+00  
 61.1 2.3060e+01  14 1.00000e+00  
 61.2 2.3113e+01  14 1.00000e+00  
 61.3 2.3159e+01  14 1.00000e+00  
 61.4 2.3204e+01  14 1.00000e+00  
 61.5 2.3345e+01  14 1.00000e+00  
 61.6 2.3382e+01  14 1.00000e+00  
 61.7 2.3420e+01  14 1.00000e+00  
 61.8 2.3457e+01  14 1.00000e+00  
 61.9 2.3496e+01  14 1.00000e+00  
 62.0 2.3534e+01  14 1.00000e+00  
 62.1 2.3571e+01  14 1.00000e+00  
 62.2 2.3609e+01  14 1.00000e+00  
 62.3 2.3647e+01  14 1.00000e+00  
 62.4 2.3685e+01  14 1.00000e+00  
 62.5 2.3721e+01  14 1.00000e+00  
 62.6 2.3758e+01  14 1.00000e+00  
 62.7 2.3796e+01  14 1.00000e+00  
 62.8 2.3833e+01  14 1.00000e+00  
 62.9 2.3870e+01  14 1.00000e+00  
 63.0 2.3908e+01  14 1.00000e+00  
 63.1 2.3945e+01  14 1.00000e+00  
 63.2 2.3982e+01  14 1.00000e+00  
 63.3 2.4019e+01  14 1.00000e+00  
 63.4 2.4056e+01  14 1.00000e+00  
 63.5 2.4099e+01  14 1.00000e+00  
 63.6 2.4144e+01  14 1.00000e+00  
 63.7 2.4188e+01  14 1.00000e+00  
 63.8 2.4233e+01  14 1.00000e+00  
 63.9 2.4278e+01  14 1.00000e+00  
 64.0 2.4322e+01  14 1.00000e+00  
 64.1 2.4367e+01  14 1.00000e+00  
 64.2 2.4412e+01  14 1.00000e+00  
 64.3 2.4457e+01  14 1.00000e+00  
 64.4 2.4516e+01  14 1.00000e+00  
 64.5 2.4570e+01  14 1.00000e+00  
 64.6 2.4622e+01  14 1.00000e+00  
 64.7 2.4672e+01  14 1.00000e+00  
 64.8 2.4722e+01  14 1.00000e+00  
 64.9 2.4769e+01  14 1.00000e+00  
 65.0 2.4815e+01  14 1.00000e+00  
 65.1 2.4860e+01  14 1.00000e+00  
 65.2 2.4905e+01  14 1.00000e+00  
 65.3 2.4950e+01  14 1.00000e+00  
 65.4 2.5086e+01  14 1.00000e+00  
 65.5 2.5135e+01  14 1.00000e+00  
 65.6 2.5084e+01  14 1.00000e+00  
 65.7 2.5216e+01  14 1.00000e+00  
 65.8 2.5263e+01  14 1.00000e+00  
 65.9 2.5220e+01  14 1.00000e+00  
 66.0 2.5266e+01  14 1.00000e+00  
 66.1 2.5399e+01  14 1.00000e+00  
 66.2 2.5355e+01  14 1.00000e+00  
 66.3 2.5402e+01  14 1.00000e+00  
 66.4 2.5447e+01  14 1.00000e+00  
 66.5 2.5492e+01  14 1.00000e+00  
 66.6 2.5538e+01  14 1.00000e+00  
 66.7 2.5582e+01  14 1.00000e+00  
 66.8 2.5622e+01  14 1.00000e+00  
 66.9 2.5674e+01  14 1.00000e+00  
 67.0 2.5717e+01  14 1.00000e+00  
 67.1 2.5755e+01  14 1.00000e+00  
 67.2 2.5787e+01  14 1.00000e+00  
 67.3 2.5852e+01  14 1.00000e+00  
 67.4 2.5891e+01  14 1.00000e+00  
 67.5 2.5896e+01  14 1.00000e+00  
 67.6 2.5935e+01  14 1.00000e+00  
 67.7 2.5980e+01  14 1.00000e+00  
 67.8 2.6033e+01  14 1.00000e+00  
 67.9 2.6070e+01  14 1.00000e+00  
 68.0 2.6115e+01  14 1.00000e+00  
 68.1 2.6160e+01  14 1.00000e+00  
 68.2 2.6206e+01  14 1.00000e+00  
 68.3 2.6251e+01  14 1.00000e+00  
 68.4 2.6295e+01  14 1.00000e+00  
 68.5 2.6341e+01  14 1.00000e+00  
 68.6 2.6406e+01  14 1.00000e+00  
 68.7 2.6431e+01  14 1.00000e+00  
 68.8 2.6476e+01  14 1.00000e+00  
 68.9 2.6541e+01  14 1.00000e+00  
 69.0 2.6606e+01  14 1.00000e+00  
 69.1 2.6673e+01  14 1.00000e+00  
 69.2 2.6738e+01  14 1.00000e+00  
 69.3 2.6737e+01  14 1.00000e+00  
 69.4 2.6803e+01  14 1.00000e+00  
 69.5 2.6870e+01  14 1.00000e+00  
 69.6 2.6937e+01  14 1.00000e+00  
 69.7 2.7002e+01  14 1.00000e+00  
 69.8 2.6997e+01  14 1.00000e+00  
 69.9 2.7053e+01  14 1.00000e+00  
 70.0 2.7119e+01  14 1.00000e+00  
 70.1 2.7187e+01  14 1.00000e+00  
 70.2 2.7253e+01  14 1.00000e+00  
 70.3 2.7224e+01  14 1.00000e+00  
 70.4 2.7311e+01  14 1.00000e+00  
 70.5 2.7376e+01  14 1.00000e+00  
 70.6 2.7443e+01  14 1.00000e+00  
 70.7 2.7408e+01  14 1.00000e+00  
 70.8 2.7451e+01  14 1.00000e+00  
 70.9 2.7483e+01  14 1.00000e+00  
 71.0 2.7632e+01  14 1.00000e+00  
 71.1 2.7592e+01  14 1.00000e+00  
 71.2 2.7634e+01  14 1.00000e+00  
 71.3 2.7663e+01  14 1.00000e+00  
 71.4 2.7669e+01  14 1.00000e+00  
 71.5 2.7704e+01  14 1.00000e+00  
 71.6 2.7749e+01  14 1.00000e+00  
 71.7 2.7851e+01  14 1.00000e+00  
 71.8 2.7858e+01  14 1.00000e+00  
 71.9 2.7887e+01  14 1.00000e+00  
 72.0 2.7932e+01  14 1.00000e+00  
 72.1 2.7985e+01  14 1.00000e+00  
 72.2 2.8058e+01  14 1.00000e+00  
 72.3 2.8128e+01  14 1.00000e+00  
 72.4 2.8116e+01  14 1.00000e+00  
 72.5 2.8161e+01  14 1.00000e+00  
 72.6 2.8231e+01  14 1.00000e+00  
 72.7 2.8303e+01  14 1.00000e+00  
 72.8 2.8371e+01  14 1.00000e+00  
 72.9 2.8439e+01  14 1.00000e+00  
 73.0 2.8509e+01  14 1.00000e+00  
 73.1 2.8479e+01  14 1.00000e+00  
 73.2 2.8539e+01  14 1.00000e+00  
 73.3 2.8609e+01  14 1.00000e+00  
 73.4 2.8678e+01  14 1.00000e+00  
 73.5 2.8747e+01  14 1.00000e+00  
 73.6 2.8816e+01  14 1.00000e+00  
 73.7 2.8791e+01  14 1.00000e+00  
 73.8 2.8840e+01  14 1.00000e+00  
 73.9 2.8908e+01  14 1.00000e+00  
 74.0 2.8977e+01  14 1.00000e+00  
 74.1 2.9045e+01  14 1.00000e+00  
 74.2 2.9023e+01  14 1.00000e+00  
 74.3 2.9073e+01  14 1.00000e+00  
 74.4 2.9114e+01  14 1.00000e+00  
 74.5 2.9126e+01  14 1.00000e+00  
 74.6 2.9150e+01  14 1.00000e+00  
 74.7 2.9175e+01  14 1.00000e+00  
 74.8 2.9305e+01  14 1.00000e+00  
 74.9 2.9351e+01  14 1.00000e+00  
 75.0 2.9387e+01  14 1.00000e+00  
 75.1 2.9395e+01  14 1.00000e+00  
 75.2 2.9413e+01  14 1.00000e+00  
 75.3 2.9451e+01  14 1.00000e+00  
 75.4 2.9496e+01  14 1.00000e+00  
 75.5 2.9563e+01  14 1.00000e+00  
 75.6 2.9589e+01  14 1.00000e+00  
 75.7 2.9680e+01  14 1.00000e+00  
 75.8 2.9699e+01  14 1.00000e+00  
 75.9 2.9729e+01  14 1.00000e+00  
 76.0 2.9775e+01  14 1.00000e+00  
 76.1 2.9845e+01  14 1.00000e+00  
 76.2 2.9915e+01  14 1.00000e+00  
 76.3 2.9984e+01  14 1.00000e+00  
 76.4 3.0054e+01  14 1.00000e+00  
 76.5 3.0123e+01  14 1.00000e+00  
 76.6 3.0053e+01  14 1.00000e+00  
 76.7 3.0115e+01  14 1.00000e+00  
 76.8 3.0187e+01  14 1.00000e+00  
 76.9 3.0255e+01  14 1.00000e+00  
 77.0 3.0328e+01  14 1.00000e+00  
 77.1 3.0396e+01  14 1.00000e+00  
 77.2 3.0464e+01  14 1.00000e+00  
 77.3 3.0530e+01  14 1.00000e+00  
 77.4 3.0515e+01  14 1.00000e+00  
 77.5 3.0567e+01  14 1.00000e+00  
 77.6 3.0588e+01  14 1.00000e+00  
 77.7 3.0657e+01  14 1.00000e+00  
 77.8 3.0727e+01  14 1.00000e+00  
 77.9 3.0794e+01  14 1.00000e+00  
 78.0 3.0863e+01  14 1.00000e+00  
 78.1 3.0844e+01  14 1.00000e+00  
 78.2 3.0898e+01  14 1.00000e+00  
 78.3 3.0945e+01  14 1.00000e+00  
 78.4 3.0984e+01  14 1.00000e+00  
 78.5 3.1000e+01  14 1.00000e+00  
 78.6 3.1027e+01  14 1.00000e+00  
 78.7 3.1182e+01  14 1.00000e+00  
 78.8 3.1249e+01  14 1.00000e+00  
 78.9 3.1224e+01  14 1.00000e+00  
 79.0 3.1275e+01  14 1.00000e+00  
 79.1 3.1318e+01  14 1.00000e+00  
 79.2 3.1337e+01  14 1.00000e+00  
 79.3 3.1372e+01  14 1.00000e+00  
 79.4 3.1395e+01  14 1.00000e+00  
 79.5 3.1408e+01  14 1.00000e+00  
 79.6 3.1454e+01  14 1.00000e+00  
 79.7 3.1523e+01  14 1.00000e+00  
 79.8 3.1654e+01  14 1.00000e+00  
 79.9 3.1699e+01  14 1.00000e+00  
 80.0 3.1737e+01  14 1.00000e+00  
 80.1 3.1755e+01  14 1.00000e+00  
 80.2 3.1782e+01  14 1.00000e+00  
 80.3 3.1795e+01  14 1.00000e+00  
 80.4 3.1830e+01  14 1.00000e+00  
 80.5 3.1891e+01  14 1.00000e+00  
 80.6 3.1962e+01  14 1.00000e+00  
 80.7 3.2031e+01  14 1.00000e+00  
 80.8 3.2098e+01  14 1.00000e+00  
 80.9 3.2167e+01  14 1.00000e+00  
 81.0 3.2158e+01  14 1.00000e+00  
 81.1 3.2207e+01  14 1.00000e+00  
 81.2 3.2220e+01  14 1.00000e+00  
 81.3 3.2254e+01  14 1.00000e+00  
 81.4 3.2316e+01  14 1.00000e+00  
 81.5 3.2388e+01  14 1.00000e+00  
 81.6 3.2456e+01  14 1.00000e+00  
 81.7 3.2522e+01  14 1.00000e+00  
 81.8 3.2591e+01  14 1.00000e+00  
 81.9 3.2658e+01  14 1.00000e+00  
 82.0 3.2724e+01  14 1.00000e+00  
 82.1 3.2791e+01  14 1.00000e+00  
 82.2 3.2858e+01  14 1.00000e+00  
 82.3 3.2834e+01  14 1.00000e+00  
 82.4 3.2791e+01  14 1.00000e+00  
 82.5 3.2862e+01  14 1.00000e+00  
 82.6 3.2929e+01  14 1.00000e+00  
 82.7 3.2995e+01  14 1.00000e+00  
 82.8 3.3062e+01  14 1.00000e+00  
 82.9 3.3129e+01  14 1.00000e+00  
 83.0 3.3196e+01  14 1.00000e+00  
 83.1 3.3261e+01  14 1.00000e+00  
 83.2 3.3327e+01  14 1.00000e+00  
 83.3 3.3310e+01  14 1.00000e+00  
 83.4 3.3366e+01  14 1.00000e+00  
 83.5 3.3415e+01  14 1.00000e+00  
 83.6 3.3462e+01  14 1.00000e+00  
 83.7 3.3502e+01  14 1.00000e+00  
 83.8 3.3527e+01  14 1.00000e+00  
 83.9 3.3596e+01  14 1.00000e+00  
 84.0 3.3660e+01  14 1.00000e+00  
 84.1 3.3725e+01  14 1.00000e+00  
 84.2 3.3786e+01  14 1.00000e+00  
 84.3 3.3849e+01  14 1.00000e+00  
 84.4 3.3839e+01  14 1.00000e+00  
 84.5 3.3893e+01  14 1.00000e+00  
 84.6 3.3945e+01  14 1.00000e+00  
 84.7 3.3991e+01  14 1.00000e+00  
 84.8 3.4033e+01  14 1.00000e+00  
 84.9 3.4057e+01  14 1.00000e+00  
 85.0 3.4095e+01  14 1.00000e+00  
 85.1 3.4127e+01  14 1.00000e+00  
 85.2 3.4148e+01  14 1.00000e+00  
 85.3 3.4276e+01  14 1.00000e+00  
 85.4 3.4359e+01  14 1.00000e+00  
 85.5 3.4359e+01  14 1.00000e+00  
 85.6 3.4412e+01  14 1.00000e+00  
 85.7 3.4465e+01  14 1.00000e+00  
 85.8 3.4515e+01  14 1.00000e+00  
 85.9 3.4562e+01  14 1.00000e+00  
 86.0 3.4605e+01  14 1.00000e+00  
 86.1 3.4634e+01  14 1.00000e+00  
 86.2 3.4675e+01  14 1.00000e+00  
 86.3 3.4712e+01  14 1.00000e+00  
 86.4 3.4740e+01  14 1.00000e+00  
 86.5 3.4762e+01  14 1.00000e+00  
 86.6 3.4777e+01  14 1.00000e+00  
 86.7 3.4843e+01  14 1.00000e+00  
 86.8 3.4912e+01  14 1.00000e+00  
 86.9 3.4944e+01  14 1.00000e+00  
 87.0 3.5086e+01  14 1.00000e+00  
 87.1 3.5136e+01  14 1.00000e+00  
 87.2 3.5183e+01  14 1.00000e+00  
 87.3 3.5229e+01  14 1.00000e+00  
 87.4 3.5257e+01  14 1.00000e+00  
 87.5 3.5300e+01  14 1.00000e+00  
 87.6 3.5339e+01  14 1.00000e+00  
 87.7 3.5374e+01  14 1.00000e+00  
 87.8 3.5404e+01  14 1.00000e+00  
 87.9 3.5430e+01  14 1.00000e+00  
 88.0 3.5457e+01  14 1.00000e+00  
 88.1 3.5523e+01  14 1.00000e+00  
 88.2 3.5584e+01  14 1.00000e+00  
 88.3 3.5647e+01  14 1.00000e+00  
 88.4 3.5709e+01  14 1.00000e+00  
 88.5 3.5771e+01  14 1.00000e+00  
 88.6 3.5834e+01  14 1.00000e+00  
 88.7 3.5862e+01  14 1.00000e+00  
 88.8 3.5945e+01  14 1.00000e+00  
 88.9 3.6048e+01  14 1.00000e+00  
 89.0 3.6075e+01  14 1.00000e+00  
 89.1 3.6104e+01  14 1.00000e+00  
 89.2 3.6135e+01  14 1.00000e+00  
 89.3 3.6170e+01  14 1.00000e+00  
 89.4 3.6274e+01  14 1.00000e+00  
 89.5 3.6378e+01  14 1.00000e+00  
 89.6 3.6482e+01  14 1.00000e+00  
 89.7 3.6586e+01  14 1.00000e+00  
 89.8 3.6681e+01  14 1.00000e+00  
 89.9 3.6785e+01  14 1.00000e+00  
 90.0 3.6889e+01  14 1.00000e+00  
 90.1 3.6993e+01  14 1.00000e+00  
 90.2 3.7097e+01  14 1.00000e+00  
 90.3 3.7200e+01  14 1.00000e+00  
 90.4 3.7304e+01  14 1.00000e+00  
 90.5 3.7408e+01  14 1.00000e+00  
 90.6 3.7512e+01  14 1.00000e+00  
 90.7 3.7615e+01  14 1.00000e+00  
 90.8 3.7719e+01  14 1.00000e+00  
 90.9 3.7823e+01  14 1.00000e+00  
 91.0 3.7926e+01  14 1.00000e+00  
 91.1 3.8030e+01  14 1.00000e+00  
 91.2 3.8133e+01  14 1.00000e+00  
 91.3 3.8236e+01  14 1.00000e+00  
 91.4 3.8340e+01  14 1.00000e+00  
 91.5 3.8443e+01  14 1.00000e+00  
 91.6 3.8546e+01  14 1.00000e+00  
 91.7 3.8650e+01  14 1.00000e+00  
 91.8 3.8753e+01  14 1.00000e+00  
 91.9 3.8856e+01  14 1.00000e+00  
 92.0 3.8959e+01  14 1.00000e+00  
 92.1 3.9062e+01  14 1.00000e+00  
 92.2 3.9165e+01  14 1.00000e+00  
 92.3 3.9268e+01  14 1.00000e+00  
 92.4 3.9371e+01  14 1.00000e+00  
 92.5 3.9474e+01  14 1.00000e+00  
 92.6 3.9577e+01  14 1.00000e+00  
 92.7 3.9680e+01  14 1.00000e+00  
 92.8 3.9783e+01  14 1.00000e+00  
 92.9 3.9886e+01  14 1.00000e+00  
 93.0 3.9988e+01  14 1.00000e+00  
 93.1 4.0091e+01  14 1.00000e+00  
 93.2 4.0194e+01  14 1.00000e+00  
 93.3 4.0296e+01  14 1.00000e+00  
 93.4 4.0399e+01  14 1.00000e+00  
 93.5 4.0502e+01  14 1.00000e+00  
 93.6 4.0604e+01  14 1.00000e+00  
 93.7 4.0707e+01  14 1.00000e+00  
 93.8 4.0809e+01  14 1.00000e+00  
 93.9 4.0911e+01  14 1.00000e+00  
 94.0 4.1014e+01  14 1.00000e+00  
 94.1 4.1116e+01  14 1.00000e+00  
 94.2 4.1218e+01  14 1.00000e+00  
 94.3 4.1321e+01  14 1.00000e+00  
 94.4 4.1423e+01  14 1.00000e+00  
 94.5 4.1525e+01  14 1.00000e+00  
 94.6 4.1627e+01  14 1.00000e+00  
 94.7 4.1729e+01  14 1.00000e+00  
 94.8 4.1831e+01  14 1.00000e+00  
 94.9 4.1933e+01  14 1.00000e+00  
 95.0 4.2035e+01  14 1.00000e+00  
 95.1 4.2137e+01  14 1.00000e+00  
 95.2 4.2239e+01  14 1.00000e+00  
 95.3 4.2341e+01  14 1.00000e+00  
 95.4 4.2443e+01  14 1.00000e+00  
 95.5 4.2545e+01  14 1.00000e+00  
 95.6 4.2646e+01  14 1.00000e+00  
 95.7 4.2748e+01  14 1.00000e+00  
 95.8 4.2850e+01  14 1.00000e+00  
 95.9 4.2951e+01  14 1.00000e+00  
 96.0 4.3053e+01  14 1.00000e+00  
 96.1 4.3155e+01  14 1.00000e+00  
 96.2 4.3256e+01  14 1.00000e+00  
 96.3 4.3358e+01  14 1.00000e+00  
 96.4 4.3459e+01  14 1.00000e+00  
 96.5 4.3561e+01  14 1.00000e+00  
 96.6 4.3662e+01  14 1.00000e+00  
 96.7 4.3763e+01  14 1.00000e+00  
 96.8 4.3865e+01  14 1.00000e+00  
 96.9 4.3966e+01  14 1.00000e+00  
 97.0 4.4067e+01  14 1.00000e+00  
 97.1 4.4169e+01  14 1.00000e+00  
 97.2 4.4270e+01  14 1.00000e+00  
 97.3 4.4371e+01  14 1.00000e+00  
 97.4 4.4472e+01  14 1.00000e+00  
 97.5 4.4573e+01  14 1.00000e+00  
 97.6 4.4674e+01  14 1.00000e+00  
 97.7 4.4775e+01  14 1.00000e+00  
 97.8 4.4876e+01  14 1.00000e+00  
 97.9 4.4977e+01  14 1.00000e+00  
 98.0 4.5078e+01  14 1.00000e+00  
 98.1 4.5179e+01  14 1.00000e+00  
 98.2 4.5280e+01  14 1.00000e+00  
 98.3 4.5379e+01  14 1.00000e+00  
 98.4 4.5470e+01  14 1.00000e+00  
 98.5 4.5561e+01  14 1.00000e+00  
 98.6 4.5652e+01  14 1.00000e+00  
 98.7 4.5736e+01  14 1.00000e+00  
 98.8 4.5827e+01  14 1.00000e+00  
 98.9 4.5919e+01  14 1.00000e+00  
 99.0 4.6010e+01  14 1.00000e+00  
 99.1 4.6102e+01  14 1.00000e+00  
 99.2 4.6193e+01  14 1.00000e+00  
 99.3 4.6285e+01  14 1.00000e+00  
 99.4 4.6376e+01  14 1.00000e+00  
 99.5 4.6468e+01  14 1.00000e+00  
 99.6 4.6560e+01  14 1.00000e+00  
 99.7 4.6651e+01  14 1.00000e+00  
 99.8 4.6743e+01  14 1.00000e+00  
 99.9 4.6835e+01  14 1.00000e+00  
100.0 4.6927e+01  14 1.00000e+00  
100.1 4.7019e+01  14 1.00000e+00  
100.2 4.7110e+01  14 1.00000e+00  
100.3 4.7202e+01  14 1.00000e+00  
100.4 4.7294e+01  14 1.00000e+00  
100.5 4.7386e+01  14 1.00000e+00  
100.6 4.7478e+01  14 1.00000e+00  
100.7 4.7570e+01  14 1.00000e+00  
100.8 4.7662e+01  14 1.00000e+00  
100.9 4.7754e+01  14 1.00000e+00  
101.0 4.7846e+01  14 1.00000e+00  
101.1 4.7938e+01  14 1.00000e+00  
101.2 4.8030e+01  14 1.00000e+00  
101.3 4.8123e+01  14 1.00000e+00  
101.4 4.8215e+01  14 1.00000e+00  
101.5 4.8307e+01  14 1.00000e+00  
101.6 4.8399e+01  14 1.00000e+00  
101.7 4.8491e+01  14 1.00000e+00  
101.8 4.8584e+01  14 1.00000e+00  
101.9 4.8676e+01  14 1.00000e+00  
102.0 4.8768e+01  14 1.00000e+00  
102.1 4.8861e+01  14 1.00000e+00  
102.2 4.8953e+01  14 1.00000e+00  
102.3 4.9045e+01  14 1.00000e+00  
102.4 4.9138e+01  14 1.00000e+00  
102.5 4.9230e+01  14 1.00000e+00  
102.6 4.9323e+01  14 1.00000e+00  
102.7 4.9415e+01  14 1.00000e+00  
102.8 4.9508e+01  14 1.00000e+00  
102.9 4.9600e+01  14 1.00000e+00  
103.0 4.9693e+01  14 1.00000e+00  
103.1 4.9785e+01  14 1.00000e+00  
103.2 4.9878e+01  14 1.00000e+00  
103.3 4.9970e+01  14 1.00000e+00  
103.4 5.0063e+01  14 1.00000e+00  
103.5 5.0156e+01  14 1.00000e+00  
103.6 5.0248e+01  14 1.00000e+00  
103.7 5.0341e+01  14 1.00000e+00  
103.8 5.0434e+01  14 1.00000e+00  
103.9 5.0526e+01  14 1.00000e+00  
104.0 5.0619e+01  14 1.00000e+00  
104.1 5.0712e+01  14 1.00000e+00  
104.2 5.0805e+01  14 1.00000e+00  
104.3 5.0898e+01  14 1.00000e+00  
104.4 5.0990e+01  14 1.00000e+00  
104.5 5.1083e+01  14 1.00000e+00  
104.6 5.1176e+01  14 1.00000e+00  
104.7 5.1269e+01  14 1.00000e+00  
104.8 5.1362e+01  14 1.00000e+00  
104.9 5.1455e+01  14 1.00000e+00  
105.0 5.1548e+01  14 1.00000e+00  
105.1 5.1641e+01  14 1.00000e+00  
105.2 5.1734e+01  14 1.00000e+00  
105.3 5.1827e+01  14 1.00000e+00  
105.4 5.1920e+01  14 1.00000e+00  
105.5 5.2013e+01  14 1.00000e+00  
105.6 5.2106e+01  14 1.00000e+00  
105.7 5.2199e+01  14 1.00000e+00  
105.8 5.2292e+01  14 1.00000e+00  
105.9 5.2385e+01  14 1.00000e+00  
106.0 5.2478e+01  14 1.00000e+00  
106.1 5.2571e+01  14 1.00000e+00  
106.2 5.2664e+01  14 1.00000e+00  
106.3 5.2757e+01  14 1.00000e+00  
106.4 5.2850e+01  14 1.00000e+00  
106.5 5.2943e+01  14 1.00000e+00  
106.6 5.3037e+01  14 1.00000e+00  
106.7 5.3130e+01  14 1.00000e+00  
106.8 5.3223e+01  14 1.00000e+00  
106.9 5.3316e+01  14 1.00000e+00  
107.0 5.3409e+01  14 1.00000e+00  
107.1 5.3503e+01  14 1.00000e+00  
107.2 5.3596e+01  14 1.00000e+00  
107.3 5.3689e+01  14 1.00000e+00  
107.4 5.3782e+01  14 1.00000e+00  
107.5 5.3876e+01  14 1.00000e+00  
107.6 5.3969e+01  14 1.00000e+00  
107.7 5.4062e+01  14 1.00000e+00  
107.8 5.4156e+01  14 1.00000e+00  
107.9 5.4249e+01  14 1.00000e+00  
108.0 5.4342e+01  14 1.00000e+00  
108.1 5.4436e+01  14 1.00000e+00  
108.2 5.4529e+01  14 1.00000e+00  
108.3 5.4622e+01  14 1.00000e+00  
108.4 5.4716e+01  14 1.00000e+00  
108.5 5.4809e+01  14 1.00000e+00  
108.6 5.4903e+01  14 1.00000e+00  
108.7 5.4996e+01  14 1.00000e+00  
108.8 5.5089e+01  14 1.00000e+00  
108.9 5.5183e+01  14 1.00000e+00  
109.0 5.5276e+01  14 1.00000e+00  
109.1 5.5370e+01  14 1.00000e+00  
109.2 5.5463e+01  14 1.00000e+00  
109.3 5.5557e+01  14 1.00000e+00  
109.4 5.5650e+01  14 1.00000e+00  
109.5 5.5744e+01  14 1.00000e+00  
109.6 5.5837e+01  14 1.00000e+00  
109.7 5.5931e+01  14 1.00000e+00  
109.8 5.6024e+01  14 1.00000e+00  
109.9 5.6118e+01  14 1.00000e+00  
110.0 5.6211e+01  14 1.00000e+00  
110.1 5.6305e+01  14 1.00000e+00  
110.2 5.6398e+01  14 1.00000e+00  
110.3 5.6486e+01  14 1.00000e+00  
110.4 5.6579e+01  14 1.00000e+00  
110.5 5.6673e+01  14 1.00000e+00  
110.6 5.6766e+01  14 1.00000e+00  
110.7 5.6860e+01  14 1.00000e+00  
110.8 5.6954e+01  14 1.00000e+00  
110.9 5.7047e+01  14 1.00000e+00  
111.0 5.7141e+01  14 1.00000e+00  
111.1 5.7234e+01  14 1.00000e+00  
111.2 5.7328e+01  14 1.00000e+00  
111.3 5.7422e+01  14 1.00000e+00  
111.4 5.7515e+01  14 1.00000e+00  
111.5 5.7609e+01  14 1.00000e+00  
111.6 5.7703e+01  14 1.00000e+00  
111.7 5.7796e+01  14 1.00000e+00  
111.8 5.7890e+01  14 1.00000e+00  
111.9 5.7984e+01  14 1.00000e+00  
112.0 5.8077e+01  14 1.00000e+00  
112.1 5.8171e+01  14 1.00000e+00  
112.2 5.8265e+01  14 1.00000e+00  
112.3 5.8358e+01  14 1.00000e+00  
112.4 5.8452e+01  14 1.00000e+00  
112.5 5.8546e+01  14 1.00000e+00  
112.6 5.8639e+01  14 1.00000e+00  
112.7 5.8733e+01  14 1.00000e+00  
112.8 5.8827e+01  14 1.00000e+00  
112.9 5.8920e+01  14 1.00000e+00  
113.0 5.9014e+01  14 1.00000e+00  
113.1 5.9108e+01  14 1.00000e+00  
113.2 5.9202e+01  14 1.00000e+00  
113.3 5.9295e+01  14 1.00000e+00  
113.4 5.9389e+01  14 1.00000e+00  
113.5 5.9483e+01  14 1.00000e+00  
113.6 5.9577e+01  14 1.00000e+00  
113.7 5.9670e+01  14 1.00000e+00  
113.8 5.9764e+01  14 1.00000e+00  
113.9 5.9858e+01  14 1.00000e+00  
114.0 5.9952e+01  14 1.00000e+00  
114.1 6.0045e+01  14 1.00000e+00  
114.2 6.0139e+01  14 1.00000e+00  
114.3 6.0233e+01  14 1.00000e+00  
114.4 6.0327e+01  14 1.00000e+00  
114.5 6.0420e+01  14 1.00000e+00  
114.6 6.0514e+01  14 1.00000e+00  
114.7 6.0608e+01  14 1.00000e+00  
114.8 6.0702e+01  14 1.00000e+00  
114.9 6.0795e+01  14 1.00000e+00  
115.0 6.0889e+01  14 1.00000e+00  
115.1 6.0983e+01  14 1.00000e+00  
115.2 6.1077e+01  14 1.00000e+00  
115.3 6.1171e+01  14 1.00000e+00  
115.4 6.1264e+01  14 1.00000e+00  
115.5 6.1358e+01  14 1.00000e+00  
115.6 6.1452e+01  14 1.00000e+00  
115.7 6.1546e+01  14 1.00000e+00  
115.8 6.1640e+01  14 1.00000e+00  
115.9 6.1733e+01  14 1.00000e+00  
116.0 6.1827e+01  14 1.00000e+00  
116.1 6.1921e+01  14 1.00000e+00  
116.2 6.2015e+01  14 1.00000e+00  
116.3 6.2109e+01  14 1.00000e+00  
116.4 6.2202e+01  14 1.00000e+00  
116.5 6.2296e+01  14 1.00000e+00  
116.6 6.2390e+01  14 1.00000e+00  
116.7 6.2484e+01  14 1.00000e+00  
116.8 6.2578e+01  14 1.00000e+00  
116.9 6.2672e+01  14 1.00000e+00  
117.0 6.2765e+01  14 1.00000e+00  
117.1 6.2859e+01  14 1.00000e+00  
117.2 6.2953e+01  14 1.00000e+00  
117.3 6.3047e+01  14 1.00000e+00  
117.4 6.3141e+01  14 1.00000e+00  
117.5 6.3234e+01  14 1.00000e+00  
117.6 6.3328e+01  14 1.00000e+00  
117.7 6.3422e+01  14 1.00000e+00  
117.8 6.3516e+01  14 1.00000e+00  
117.9 6.3610e+01  14 1.00000e+00  
118.0 6.3703e+01  14 1.00000e+00  
118.1 6.3797e+01  14 1.00000e+00  
118.2 6.3891e+01  14 1.00000e+00  
118.3 6.3985e+01  14 1.00000e+00  
118.4 6.4079e+01  14 1.00000e+00  
118.5 6.4173e+01  14 1.00000e+00  
118.6 6.4266e+01  14 1.00000e+00  
118.7 6.4360e+01  14 1.00000e+00  
118.8 6.4454e+01  14 1.00000e+00  
118.9 6.4548e+01  14 1.00000e+00  
119.0 6.4642e+01  14 1.00000e+00  
119.1 6.4735e+01  14 1.00000e+00  
119.2 6.4829e+01  14 1.00000e+00  
119.3 6.4923e+01  14 1.00000e+00  
119.4 6.5017e+01  14 1.00000e+00  
119.5 6.5111e+01  14 1.00000e+00  
119.6 6.5205e+01  14 1.00000e+00  
119.7 6.5298e+01  14 1.00000e+00  
119.8 6.5392e+01  14 1.00000e+00  
119.9 6.5486e+01  14 1.00000e+00  
120.0 6.5580e+01  14 1.00000e+00  
120.1 6.5674e+01  14 1.00000e+00  
120.2 6.5767e+01  14 1.00000e+00  
120.3 6.5861e+01  14 1.00000e+00  
120.4 6.5955e+01  14 1.00000e+00  
120.5 6.6049e+01  14 1.00000e+00  
120.6 6.6143e+01  14 1.00000e+00  
120.7 6.6237e+01  14 1.00000e+00  
120.8 6.6330e+01  14 1.00000e+00  
120.9 6.6424e+01  14 1.00000e+00  
121.0 6.6518e+01  14 1.00000e+00  
121.1 6.6612e+01  14 1.00000e+00  
121.2 6.6705e+01  14 1.00000e+00  
121.3 6.6799e+01  14 1.00000e+00  
121.4 6.6893e+01  14 1.00000e+00  
121.5 6.6987e+01  14 1.00000e+00  
121.6 6.7081e+01  14 1.00000e+00  
121.7 6.7174e+01  14 1.00000e+00  
121.8 6.7268e+01  14 1.00000e+00  
121.9 6.7362e+01  14 1.00000e+00  
122.0 6.7456e+01  14 1.00000e+00  
122.1 6.7549e+01  14 1.00000e+00  
122.2 6.7643e+01  14 1.00000e+00  
122.3 6.7737e+01  14 1.00000e+00  
122.4 6.7831e+01  14 1.00000e+00  
122.5 6.7925e+01  14 1.00000e+00  
122.6 6.8018e+01  14 1.00000e+00  
122.7 6.8112e+01  14 1.00000e+00  
122.8 6.8206e+01  14 1.00000e+00  
122.9 6.8299e+01  14 1.00000e+00  
123.0 6.8393e+01  14 1.00000e+00  
123.1 6.8487e+01  14 1.00000e+00  
123.2 6.8581e+01  14 1.00000e+00  
123.3 6.8675e+01  14 1.00000e+00  
123.4 6.8768e+01  14 1.00000e+00  
123.5 6.8862e+01  14 1.00000e+00  
123.6 6.8956e+01  14 1.00000e+00  
123.7 6.9049e+01  14 1.00000e+00  
123.8 6.9143e+01  14 1.00000e+00  
123.9 6.9237e+01  14 1.00000e+00  
124.0 6.9331e+01  14 1.00000e+00  
124.1 6.9424e+01  14 1.00000e+00  
124.2 6.9518e+01  14 1.00000e+00  
124.3 6.9612e+01  14 1.00000e+00  
124.4 6.9705e+01  14 1.00000e+00  
124.5 6.9799e+01  14 1.00000e+00  
124.6 6.9893e+01  14 1.00000e+00  
124.7 6.9986e+01  14 1.00000e+00  
124.8 7.0080e+01  14 1.00000e+00  
124.9 7.0174e+01  14 1.00000e+00  
125.0 7.0268e+01  14 1.00000e+00  
125.1 7.0361e+01  14 1.00000e+00  
125.2 7.0455e+01  14 1.00000e+00  
125.3 7.0549e+01  14 1.00000e+00  
125.4 7.0642e+01  14 1.00000e+00  
125.5 7.0736e+01  14 1.00000e+00  
125.6 7.0830e+01  14 1.00000e+00  
125.7 7.0923e+01  14 1.00000e+00  
125.8 7.1017e+01  14 1.00000e+00  
125.9 7.1110e+01  14 1.00000e+00  
126.0 7.1204e+01  14 1.00000e+00  
126.1 7.1298e+01  14 1.00000e+00  
126.2 7.1391e+01  14 1.00000e+00  
126.3 7.1485e+01  14 1.00000e+00  
126.4 7.1579e+01  14 1.00000e+00  
126.5 7.1672e+01  14 1.00000e+00  
126.6 7.1766e+01  14 1.00000e+00  
126.7 7.1860e+01  14 1.00000e+00  
126.8 7.1953e+01  14 1.00000e+00  
126.9 7.2047e+01  14 1.00000e+00  
127.0 7.2140e+01  14 1.00000e+00  
127.1 7.2234e+01  14 1.00000e+00  
127.2 7.2328e+01  14 1.00000e+00  
127.3 7.2421e+01  14 1.00000e+00  
127.4 7.2515e+01  14 1.00000e+00  
127.5 7.2608e+01  14 1.00000e+00  
127.6 7.2702e+01  14 1.00000e+00  
127.7 7.2796e+01  14 1.00000e+00  
127.8 7.2889e+01  14 1.00000e+00  
127.9 7.2983e+01  14 1.00000e+00  
128.0 7.3076e+01  14 1.00000e+00  
128.1 7.3170e+01  14 1.00000e+00  
128.2 7.3263e+01  14 1.00000e+00  
128.3 7.3357e+01  14 1.00000e+00  
128.4 7.3450e+01  14 1.00000e+00  
128.5 7.3544e+01  14 1.00000e+00  
128.6 7.3638e+01  14 1.00000e+00  
128.7 7.3731e+01  14 1.00000e+00  
128.8 7.3825e+01  14 1.00000e+00  
128.9 7.3918e+01  14 1.00000e+00  
129.0 7.4012e+01  14 1.00000e+00  
129.1 7.4105e+01  14 1.00000e+00  
129.2 7.4199e+01  14 1.00000e+00  
129.3 7.4292e+01  14 1.00000e+00  
129.4 7.4386e+01  14 1.00000e+00  
129.5 7.4479e+01  14 1.00000e+00  
129.6 7.4573e+01  14 1.00000e+00  
129.7 7.4666e+01  14 1.00000e+00  
129.8 7.4760e+01  14 1.00000e+00  
129.9 7.4853e+01  14 1.00000e+00  
130.0 7.4947e+01  14 1.00000e+00  
130.1 7.5040e+01  14 1.00000e+00  
130.2 7.5134e+01  14 1.00000e+00  
130.3 7.5227e+01  14 1.00000e+00  
130.4 7.5321e+01  14 1.00000e+00  
130.5 7.5414e+01  14 1.00000e+00  
130.6 7.5508e+01  14 1.00000e+00  
130.7 7.5601e+01  14 1.00000e+00  
130.8 7.5694e+01  14 1.00000e+00  
130.9 7.5788e+01  14 1.00000e+00  
131.0 7.5881e+01  14 1.00000e+00  
131.1 7.5975e+01  14 1.00000e+00  
131.2 7.6064e+01  14 1.00000e+00  
131.3 7.6157e+01  14 1.00000e+00  
131.4 7.6250e+01  14 1.00000e+00  
131.5 7.6344e+01  14 1.00000e+00  
131.6 7.6437e+01  14 1.00000e+00  
131.7 7.6531e+01  14 1.00000e+00  
131.8 7.6624e+01  14 1.00000e+00  
131.9 7.6717e+01  14 1.00000e+00  
132.0 7.6811e+01  14 1.00000e+00  
132.1 7.6904e+01  14 1.00000e+00  
132.2 7.6998e+01  14 1.00000e+00  
132.3 7.7091e+01  14 1.00000e+00  
132.4 7.7184e+01  14 1.00000e+00  
132.5 7.7278e+01  14 1.00000e+00  
132.6 7.7371e+01  14 1.00000e+00  
132.7 7.7464e+01  14 1.00000e+00  
132.8 7.7558e+01  14 1.00000e+00  
132.9 7.7651e+01  14 1.00000e+00  
133.0 7.7744e+01  14 1.00000e+00  
133.1 7.7838e+01  14 1.00000e+00  
133.2 7.7931e+01  14 1.00000e+00  
133.3 7.8024e+01  14 1.00000e+00  
133.4 7.8118e+01  14 1.00000e+00  
133.5 7.8211e+01  14 1.00000e+00  
133.6 7.8304e+01  14 1.00000e+00  
133.7 7.8398e+01  14 1.00000e+00  
133.8 7.8491e+01  14 1.00000e+00  
133.9 7.8584e+01  14 1.00000e+00  
134.0 7.8677e+01  14 1.00000e+00  
134.1 7.8771e+01  14 1.00000e+00  
134.2 7.8864e+01  14 1.00000e+00  
134.3 7.8957e+01  14 1.00000e+00  
134.4 7.9051e+01  14 1.00000e+00  
134.5 7.9144e+01  14 1.00000e+00  
134.6 7.9237e+01  14 1.00000e+00  
134.7 7.9330e+01  14 1.00000e+00  
134.8 7.9424e+01  14 1.00000e+00  
134.9 7.9517e+01  14 1.00000e+00  
135.0 7.9610e+01  14 1.00000e+00  
135.1 7.9703e+01  14 1.00000e+00  
135.2 7.9796e+01  14 1.00000e+00  
135.3 7.9890e+01  14 1.00000e+00  
135.4 7.9983e+01  14 1.00000e+00  
135.5 8.0076e+01  14 1.00000e+00  
135.6 8.0169e+01  14 1.00000e+00  
135.7 8.0263e+01  14 1.00000e+00  
135.8 8.0356e+01  14 1.00000e+00  
135.9 8.0449e+01  14 1.00000e+00  
136.0 8.0542e+01  14 1.00000e+00  
136.1 8.0635e+01  14 1.00000e+00  
136.2 8.0728e+01  14 1.00000e+00  
136.3 8.0822e+01  14 1.00000e+00  
136.4 8.0915e+01  14 1.00000e+00  
136.5 8.1008e+01  14 1.00000e+00  
136.6 8.1101e+01  14 1.00000e+00  
136.7 8.1194e+01  14 1.00000e+00  
136.8 8.1287e+01  14 1.00000e+00  
136.9 8.1380e+01  14 1.00000e+00  
137.0 8.1473e+01  14 1.00000e+00  
137.1 8.1567e+01  14 1.00000e+00  
137.2 8.1660e+01  14 1.00000e+00  
137.3 8.1753e+01  14 1.00000e+00  
137.4 8.1846e+01  14 1.00000e+00  
137.5 8.1939e+01  14 1.00000e+00  
137.6 8.2032e+01  14 1.00000e+00  
137.7 8.2125e+01  14 1.00000e+00  
137.8 8.2218e+01  14 1.00000e+00  
137.9 8.2311e+01  14 1.00000e+00  
138.0 8.2404e+01  14 1.00000e+00  
138.1 8.2497e+01  14 1.00000e+00  
138.2 8.2590e+01  14 1.00000e+00  
138.3 8.2683e+01  14 1.00000e+00  
138.4 8.2776e+01  14 1.00000e+00  
138.5 8.2869e+01  14 1.00000e+00  
138.6 8.2962e+01  14 1.00000e+00  
138.7 8.3055e+01  14 1.00000e+00  
138.8 8.3148e+01  14 1.00000e+00  
138.9 8.3241e+01  14 1.00000e+00  
139.0 8.3334e+01  14 1.00000e+00  
139.1 8.3427e+01  14 1.00000e+00  
139.2 8.3520e+01  14 1.00000e+00  
139.3 8.3613e+01  14 1.00000e+00  
139.4 8.3706e+01  14 1.00000e+00  
139.5 8.3799e+01  14 1.00000e+00  
139.6 8.3892e+01  14 1.00000e+00  
139.7 8.3985e+01  14 1.00000e+00  
139.8 8.4078e+01  14 1.00000e+00  
139.9 8.4171e+01  14 1.00000e+00  
140.0 8.4264e+01  14 1.00000e+00  
140.1 8.4357e+01  14 1.00000e+00  
140.2 8.4450e+01  14 1.00000e+00  
140.3 8.4543e+01  14 1.00000e+00  
140.4 8.4636e+01  14 1.00000e+00  
140.5 8.4729e+01  14 1.00000e+00  
140.6 8.4821e+01  14 1.00000e+00  
140.7 8.4914e+01  14 1.00000e+00  
140.8 8.5007e+01  14 1.00000e+00  
140.9 8.5100e+01  14 1.00000e+00  
141.0 8.5193e+01  14 1.00000e+00  
141.1 8.5286e+01  14 1.00000e+00  
141.2 8.5379e+01  14 1.00000e+00  
141.3 8.5471e+01  14 1.00000e+00  
141.4 8.5564e+01  14 1.00000e+00  
141.5 8.5657e+01  14 1.00000e+00  
141.6 8.5750e+01  14 1.00000e+00  
141.7 8.5843e+01  14 1.00000e+00  
141.8 8.5936e+01  14 1.00000e+00  
141.9 8.6028e+01  14 1.00000e+00  
142.0 8.6121e+01  14 1.00000e+00  
142.1 8.6214e+01  14 1.00000e+00  
142.2 8.6307e+01  14 1.00000e+00  
142.3 8.6400e+01  14 1.00000e+00  
142.4 8.6492e+01  14 1.00000e+00  
142.5 8.6585e+01  14 1.00000e+00  
142.6 8.6678e+01  14 1.00000e+00  
142.7 8.6771e+01  14 1.00000e+00  
142.8 8.6863e+01  14 1.00000e+00  
142.9 8.6956e+01  14 1.00000e+00  
143.0 8.7049e+01  14 1.00000e+00  
143.1 8.7142e+01  14 1.00000e+00  
143.2 8.7235e+01  14 1.00000e+00  
143.3 8.7327e+01  14 1.00000e+00  
143.4 8.7420e+01  14 1.00000e+00  
143.5 8.7513e+01  14 1.00000e+00  
143.6 8.7605e+01  14 1.00000e+00  
143.7 8.7698e+01  14 1.00000e+00  
143.8 8.7791e+01  14 1.00000e+00  
143.9 8.7883e+01  14 1.00000e+00  
144.0 8.7976e+01  14 1.00000e+00  
144.1 8.8069e+01  14 1.00000e+00  
144.2 8.8162e+01  14 1.00000e+00  
144.3 8.8254e+01  14 1.00000e+00  
144.4 8.8347e+01  14 1.00000e+00  
144.5 8.8439e+01  14 1.00000e+00  
144.6 8.8532e+01  14 1.00000e+00  
144.7 8.8625e+01  14 1.00000e+00  
144.8 8.8717e+01  14 1.00000e+00  
144.9 8.8810e+01  14 1.00000e+00  
145.0 8.8903e+01  14 1.00000e+00  
145.1 8.8995e+01  14 1.00000e+00  
145.2 8.9088e+01  14 1.00000e+00  
145.3 8.9181e+01  14 1.00000e+00  
145.4 8.9273e+01  14 1.00000e+00  
145.5 8.9366e+01  14 1.00000e+00  
145.6 8.9458e+01  14 1.00000e+00  
145.7 8.9551e+01  14 1.00000e+00  
145.8 8.9643e+01  14 1.00000e+00  
145.9 8.9736e+01  14 1.00000e+00  
146.0 8.9829e+01  14 1.00000e+00  
146.1 8.9921e+01  14 1.00000e+00  
146.2 9.0014e+01  14 1.00000e+00  
146.3 9.0106e+01  14 1.00000e+00  
146.4 9.0199e+01  14 1.00000e+00  
146.5 9.0291e+01  14 1.00000e+00  
146.6 9.0384e+01  14 1.00000e+00  
146.7 9.0476e+01  14 1.00000e+00  
146.8 9.0569e+01  14 1.00000e+00  
146.9 9.0661e+01  14 1.00000e+00  
147.0 9.0754e+01  14 1.00000e+00  
147.1 9.0846e+01  14 1.00000e+00  
147.2 9.0939e+01  14 1.00000e+00  
147.3 9.1031e+01  14 1.00000e+00  
147.4 9.1124e+01  14 1.00000e+00  
147.5 9.1216e+01  14 1.00000e+00  
147.6 9.1309e+01  14 1.00000e+00  
147.7 9.1401e+01  14 1.00000e+00  
147.8 9.1494e+01  14 1.00000e+00  
147.9 9.1586e+01  14 1.00000e+00  
148.0 9.1679e+01  14 1.00000e+00  
148.1 9.1771e+01  14 1.00000e+00  
148.2 9.1863e+01  14 1.00000e+00  
148.3 9.1956e+01  14 1.00000e+00  
148.4 9.2048e+01  14 1.00000e+00  
148.5 9.2141e+01  14 1.00000e+00  
148.6 9.2233e+01  14 1.00000e+00  
148.7 9.2325e+01  14 1.00000e+00  
148.8 9.2418e+01  14 1.00000e+00  
148.9 9.2510e+01  14 1.00000e+00  
149.0 9.2603e+01  14 1.00000e+00  
149.1 9.2695e+01  14 1.00000e+00  
149.2 9.2787e+01  14 1.00000e+00  
149.3 9.2880e+01  14 1.00000e+00  
149.4 9.2976e+01  14 1.00000e+00  
149.5 9.3068e+01  14 1.00000e+00  
149.6 9.3160e+01  14 1.00000e+00  
149.7 9.3253e+01  14 1.00000e+00  
149.8 9.3345e+01  14 1.00000e+00  
149.9 9.3437e+01  14 1.00000e+00  
150.0 9.3530e+01  14 1.00000e+00  
