 15.1 1.4565e+00  13 4.49751e-02  
 15.2 1.4641e+00  13 4.53316e-02  
 15.3 1.4717e+00  13 4.56837e-02  
 15.4 1.4792e+00  13 4.60316e-02  
 15.5 1.4868e+00  13 4.63755e-02  
 15.6 1.4943e+00  13 4.67154e-02  
 15.7 1.5019e+00  13 4.70513e-02  
 15.8 1.5094e+00  13 4.73833e-02  
 15.9 1.5170e+00  13 4.77114e-02  
 16.0 1.5245e+00  13 4.80359e-02  
 16.1 1.5321e+00  13 4.83566e-02  
 16.2 1.5396e+00  13 4.86738e-02  
 16.3 1.5471e+00  13 4.89873e-02  
 16.4 1.5547e+00  13 4.92976e-02  
 16.5 1.5622e+00  13 4.96045e-02  
 16.6 1.5698e+00  13 4.99081e-02  
 16.7 1.5773e+00  13 5.02089e-02  
 16.8 1.5848e+00  13 5.05066e-02  
 16.9 1.5924e+00  13 5.08013e-02  
 17.0 1.5999e+00  13 5.10929e-02  
 17.1 1.6074e+00  13 5.13814e-02  
 17.2 1.6150e+00  13 5.15999e-02  
 17.3 1.6225e+00  13 5.18813e-02  
 17.4 1.6300e+00  13 5.21597e-02  
 17.5 1.6375e+00  13 5.24352e-02  
 17.6 1.6451e+00  13 5.27077e-02  
 17.7 1.6526e+00  13 5.29775e-02  
 17.8 1.6601e+00  13 5.32445e-02  
 17.9 1.6676e+00  13 5.35088e-02  
 18.0 1.6752e+00  13 5.37704e-02  
 18.1 1.6827e+00  13 5.40294e-02  
 18.2 1.6902e+00  13 5.42857e-02  
 18.3 1.6977e+00  13 5.45395e-02  
 18.4 1.7052e+00  13 5.47908e-02  
 18.5 1.7146e+00  13 5.51863e-02  
 18.6 1.7269e+00  13 5.57909e-02  
 18.7 1.7392e+00  13 5.63973e-02  
 18.8 1.7516e+00  13 5.70055e-02  
 18.9 1.7642e+00  13 5.76157e-02  
 19.0 1.7768e+00  13 5.82278e-02  
 19.1 1.7895e+00  13 5.88417e-02  
 19.2 1.8023e+00  13 5.94578e-02  
 19.3 1.8152e+00  13 6.00761e-02  
 19.4 1.8282e+00  13 6.06966e-02  
 19.5 1.8413e+00  13 6.13192e-02  
 19.6 1.8545e+00  13 6.19441e-02  
 19.7 1.8678e+00  13 6.25713e-02  
 19.8 1.8812e+00  13 6.32009e-02  
 19.9 1.8947e+00  13 6.38329e-02  
 20.0 1.9083e+00  13 6.44673e-02  
 20.1 1.9220e+00  13 6.51042e-02  
 20.2 1.7558e+01  14 1.00000e+00  
 20.3 1.7640e+01  14 1.00000e+00  
 20.4 1.7722e+01  14 1.00000e+00  
 20.5 1.7804e+01  14 1.00000e+00  
 20.6 1.7887e+01  14 1.00000e+00  
 20.7 1.7969e+01  14 1.00000e+00  
 20.8 1.8051e+01  14 1.00000e+00  
 20.9 1.8133e+01  14 1.00000e+00  
 21.0 1.8215e+01  14 1.00000e+00  
 21.1 1.8297e+01  14 1.00000e+00  
 21.2 1.8379e+01  14 1.00000e+00  
 21.3 1.8461e+01  14 1.00000e+00  
 21.4 1.8542e+01  14 1.00000e+00  
 21.5 1.8624e+01  14 1.00000e+00  
 21.6 1.8706e+01  14 1.00000e+00  
 21.7 1.8787e+01  14 1.00000e+00  
 21.8 1.8869e+01  14 1.00000e+00  
 21.9 1.8951e+01  14 1.00000e+00  
 22.0 1.9032e+01  14 1.00000e+00  
 22.1 1.9114e+01  14 1.00000e+00  
 22.2 1.9195e+01  14 1.00000e+00  
 22.3 1.9276e+01  14 1.00000e+00  
 22.4 1.9356e+01  14 1.00000e+00  
 22.5 1.9437e+01  14 1.00000e+00  
 22.6 1.9483e+01  14 1.00000e+00  
 22.7 1.9563e+01  14 1.00000e+00  
 22.8 1.9643e+01  14 1.00000e+00  
 22.9 1.9722e+01  14 1.00000e+00  
 23.0 1.9803e+01  14 1.00000e+00  
 23.1 5.6039e+00  14 2.47798e-01  
 23.2 5.7195e+00  14 2.52827e-01  
 23.3 5.8367e+00  14 2.57900e-01  
 23.4 5.9553e+00  14 2.63022e-01  
 23.5 6.0741e+00  14 2.68609e-01  
 23.6 6.1956e+00  14 2.73800e-01  
 23.7 6.3186e+00  14 2.79030e-01  
 23.8 6.4431e+00  14 2.84299e-01  
 23.9 6.5694e+00  14 2.89579e-01  
 24.0 6.6970e+00  14 2.94931e-01  
 24.1 6.8262e+00  14 3.00319e-01  
 24.2 6.9570e+00  14 3.05746e-01  
 24.3 7.0853e+00  14 3.11603e-01  
 24.4 7.2189e+00  14 3.17099e-01  
 24.5 7.3540e+00  14 3.22632e-01  
 24.6 7.4906e+00  14 3.28206e-01  
 24.7 7.6288e+00  14 3.33819e-01  
 24.8 7.7689e+00  14 3.39445e-01  
 24.9 7.9103e+00  14 3.45130e-01  
 25.0 8.0532e+00  14 3.50852e-01  
 25.1 8.1977e+00  14 3.56610e-01  
 25.2 8.3367e+00  14 3.62760e-01  
 25.3 8.4839e+00  14 3.68591e-01  
 25.4 8.6328e+00  14 3.74457e-01  
 25.5 8.7831e+00  14 3.80361e-01  
 25.6 8.9351e+00  14 3.86300e-01  
 25.7 9.0893e+00  14 3.92250e-01  
 25.8 9.2445e+00  14 3.98258e-01  
 25.9 9.4013e+00  14 4.04302e-01  
 26.0 9.5595e+00  14 4.10387e-01  
 26.1 9.7194e+00  14 4.16505e-01  
 26.2 9.8698e+00  14 4.22974e-01  
 26.3 1.0032e+01  14 4.29158e-01  
 26.4 1.0197e+01  14 4.35377e-01  
 26.5 1.0363e+01  14 4.41632e-01  
 26.6 1.0530e+01  14 4.47912e-01  
 26.7 1.0700e+01  14 4.54224e-01  
 26.8 1.0871e+01  14 4.60583e-01  
 26.9 1.1043e+01  14 4.66979e-01  
 27.0 1.1217e+01  14 4.73409e-01  
 27.1 1.1377e+01  14 4.80152e-01  
 27.2 1.1554e+01  14 4.86646e-01  
 27.3 1.1732e+01  14 4.93173e-01  
 27.4 1.1912e+01  14 4.99735e-01  
 27.5 1.2093e+01  14 5.06335e-01  
 27.6 1.2277e+01  14 5.12946e-01  
 27.7 1.2462e+01  14 5.19612e-01  
 27.8 1.2648e+01  14 5.26312e-01  
 27.9 1.2836e+01  14 5.33046e-01  
 28.0 1.3006e+01  14 5.40059e-01  
 28.1 1.3196e+01  14 5.46855e-01  
 28.2 1.3388e+01  14 5.53684e-01  
 28.3 1.3582e+01  14 5.60550e-01  
 28.4 1.3777e+01  14 5.67450e-01  
 28.5 1.3975e+01  14 5.74374e-01  
 28.6 1.4175e+01  14 5.81330e-01  
 28.7 1.4375e+01  14 5.88329e-01  
 28.8 1.4577e+01  14 5.95362e-01  
 28.9 1.4755e+01  14 6.02638e-01  
 29.0 1.4960e+01  14 6.09732e-01  
 29.1 1.5166e+01  14 6.16859e-01  
 29.2 1.5374e+01  14 6.24023e-01  
 29.3 1.5583e+01  14 6.31219e-01  
 29.4 1.5794e+01  14 6.38447e-01  
 29.5 1.6009e+01  14 6.45693e-01  
 29.6 1.6223e+01  14 6.52987e-01  
 29.7 1.6439e+01  14 6.60314e-01  
 29.8 1.6626e+01  14 6.67851e-01  
 29.9 1.6845e+01  14 6.75238e-01  
 30.0 1.7065e+01  14 6.82660e-01  
 30.1 1.7286e+01  14 6.90116e-01  
 30.2 1.7509e+01  14 6.97605e-01  
 30.3 1.7734e+01  14 7.05126e-01  
 30.4 1.7961e+01  14 7.12676e-01  
 30.5 1.8191e+01  14 7.20254e-01  
 30.6 1.8421e+01  14 7.27872e-01  
 30.7 1.8653e+01  14 7.35524e-01  
 30.8 1.8848e+01  14 7.43342e-01  
 30.9 1.9082e+01  14 7.51054e-01  
 31.0 1.9318e+01  14 7.58799e-01  
 31.1 1.9555e+01  14 7.66578e-01  
 31.2 1.9793e+01  14 7.74389e-01  
 31.3 2.0033e+01  14 7.82232e-01  
 31.4 2.0279e+01  14 7.90098e-01  
 31.5 2.0523e+01  14 7.98006e-01  
 31.6 2.0768e+01  14 8.05948e-01  
 31.7 2.0970e+01  14 8.14022e-01  
 31.8 2.1218e+01  14 8.22024e-01  
 31.9 2.1467e+01  14 8.30059e-01  
 32.0 2.1718e+01  14 8.38126e-01  
 32.1 2.1970e+01  14 8.46226e-01  
 32.2 2.2224e+01  14 8.54359e-01  
 32.3 2.2480e+01  14 8.62524e-01  
 32.4 2.2742e+01  14 8.70715e-01  
 32.5 2.3001e+01  14 8.78946e-01  
 32.6 2.3261e+01  14 8.87209e-01  
 32.7 2.3469e+01  14 8.95562e-01  
 32.8 2.3732e+01  14 9.03886e-01  
 32.9 2.3997e+01  14 9.12242e-01  
 33.0 2.4263e+01  14 9.20630e-01  
 33.1 2.4531e+01  14 9.29051e-01  
 33.2 2.4800e+01  14 9.37504e-01  
 33.3 2.5070e+01  14 9.45991e-01  
 33.4 2.5348e+01  14 9.54507e-01  
 33.5 2.5622e+01  14 9.63059e-01  
 33.6 2.5898e+01  14 9.71643e-01  
 33.7 2.6110e+01  14 9.80271e-01  
 33.8 2.6388e+01  14 9.88916e-01  
 33.9 2.6668e+01  14 9.97593e-01  
 34.0 2.6786e+01  14 1.00000e+00  
 34.1 2.6842e+01  14 1.00000e+00  
 34.2 2.6897e+01  14 1.00000e+00  
 34.3 2.6952e+01  14 1.00000e+00  
 34.4 2.7012e+01  14 1.00000e+00  
 34.5 2.7067e+01  14 1.00000e+00  
 34.6 2.7049e+01  14 1.00000e+00  
 34.7 2.7103e+01  14 1.00000e+00  
 34.8 2.7157e+01  14 1.00000e+00  
 34.9 2.7210e+01  14 1.00000e+00  
 35.0 2.7134e+01  14 1.00000e+00  
 35.1 2.7187e+01  14 1.00000e+00  
 35.2 2.7240e+01  14 1.00000e+00  
 35.3 2.7293e+01  14 1.00000e+00  
 35.4 2.7352e+01  14 1.00000e+00  
 35.5 2.7261e+01  14 1.00000e+00  
 35.6 2.7236e+01  14 1.00000e+00  
 35.7 2.7288e+01  14 1.00000e+00  
 35.8 2.7340e+01  14 1.00000e+00  
 35.9 2.7246e+01  14 1.00000e+00  
 36.0 2.7297e+01  14 1.00000e+00  
 36.1 2.7348e+01  14 1.00000e+00  
 36.2 2.7399e+01  14 1.00000e+00  
 36.3 2.7449e+01  14 1.00000e+00  
 36.4 2.6747e+01  14 1.00000e+00  
 36.5 2.5409e+01  14 1.00000e+00  
 36.6 2.2701e+01  14 1.00000e+00  
 36.7 2.0092e+01  14 1.00000e+00  
 36.8 1.8770e+01  14 1.00000e+00  
 36.9 1.6178e+01  14 1.00000e+00  
 37.0 1.4887e+01  14 1.00000e+00  
 37.1 1.3746e+01  14 1.00000e+00  
 37.2 1.3813e+01  14 1.00000e+00  
 37.3 1.3691e+01  14 1.00000e+00  
 37.4 1.3677e+01  14 1.00000e+00  
 37.5 1.3595e+01  14 1.00000e+00  
 37.6 1.3620e+01  14 1.00000e+00  
 37.7 1.3514e+01  14 1.00000e+00  
 37.8 1.3487e+01  14 1.00000e+00  
 37.9 1.3449e+01  14 1.00000e+00  
 38.0 1.3417e+01  14 1.00000e+00  
 38.1 1.3372e+01  14 1.00000e+00  
 38.2 1.3335e+01  14 1.00000e+00  
 38.3 1.3294e+01  14 1.00000e+00  
 38.4 1.3291e+01  14 1.00000e+00  
 38.5 1.3258e+01  14 1.00000e+00  
 38.6 1.3284e+01  14 1.00000e+00  
 38.7 1.3213e+01  14 1.00000e+00  
 38.8 1.3270e+01  14 1.00000e+00  
 38.9 1.3320e+01  14 1.00000e+00  
 39.0 1.3366e+01  14 1.00000e+00  
 39.1 1.3448e+01  14 1.00000e+00  
 39.2 1.3389e+01  14 1.00000e+00  
 39.3 1.3442e+01  14 1.00000e+00  
 39.4 1.3490e+01  14 1.00000e+00  
 39.5 1.3575e+01  14 1.00000e+00  
 39.6 1.3612e+01  14 1.00000e+00  
 39.7 1.3564e+01  14 1.00000e+00  
 39.8 1.3613e+01  14 1.00000e+00  
 39.9 1.3703e+01  14 1.00000e+00  
 40.0 1.3740e+01  14 1.00000e+00  
 40.1 1.3774e+01  14 1.00000e+00  
 40.2 1.3727e+01  14 1.00000e+00  
 40.3 1.3783e+01  14 1.00000e+00  
 40.4 1.3867e+01  14 1.00000e+00  
 40.5 1.3903e+01  14 1.00000e+00  
 40.6 1.3846e+01  14 1.00000e+00  
 40.7 1.3901e+01  14 1.00000e+00  
 40.8 1.3994e+01  14 1.00000e+00  
 40.9 1.4030e+01  14 1.00000e+00  
 41.0 1.3964e+01  14 1.00000e+00  
 41.1 1.4023e+01  14 1.00000e+00  
 41.2 1.4121e+01  14 1.00000e+00  
 41.3 1.4030e+01  14 1.00000e+00  
 41.4 1.4082e+01  14 1.00000e+00  
 41.5 1.4144e+01  14 1.00000e+00  
 41.6 1.4110e+01  14 1.00000e+00  
 41.7 1.4154e+01  14 1.00000e+00  
 41.8 1.4162e+01  14 1.00000e+00  
 41.9 1.4191e+01  14 1.00000e+00  
 42.0 1.4083e+01  14 1.00000e+00  
 42.1 1.4089e+01  14 1.00000e+00  
 42.2 1.4122e+01  14 1.00000e+00  
 42.3 1.4154e+01  14 1.00000e+00  
 42.4 1.4185e+01  14 1.00000e+00  
 42.5 1.4216e+01  14 1.00000e+00  
 42.6 1.4247e+01  14 1.00000e+00  
 42.7 1.4289e+01  14 1.00000e+00  
 42.8 1.4333e+01  14 1.00000e+00  
 42.9 1.4483e+01  14 1.00000e+00  
 43.0 1.4518e+01  14 1.00000e+00  
 43.1 1.4555e+01  14 1.00000e+00  
 43.2 1.4586e+01  14 1.00000e+00  
 43.3 1.4619e+01  14 1.00000e+00  
 43.4 1.4652e+01  14 1.00000e+00  
 43.5 1.4684e+01  14 1.00000e+00  
 43.6 1.4716e+01  14 1.00000e+00  
 43.7 1.4747e+01  14 1.00000e+00  
 43.8 1.4778e+01  14 1.00000e+00  
 43.9 1.4817e+01  14 1.00000e+00  
 44.0 1.4862e+01  14 1.00000e+00  
 44.1 1.4906e+01  14 1.00000e+00  
 44.2 1.5055e+01  14 1.00000e+00  
 44.3 1.5090e+01  14 1.00000e+00  
 44.4 1.5127e+01  14 1.00000e+00  
 44.5 1.5159e+01  14 1.00000e+00  
 44.6 1.5192e+01  14 1.00000e+00  
 44.7 1.5214e+01  14 1.00000e+00  
 44.8 1.5246e+01  14 1.00000e+00  
 44.9 1.5278e+01  14 1.00000e+00  
 45.0 1.5309e+01  14 1.00000e+00  
 45.1 1.5347e+01  14 1.00000e+00  
 45.2 1.5392e+01  14 1.00000e+00  
 45.3 1.5437e+01  14 1.00000e+00  
 45.4 1.5498e+01  14 1.00000e+00  
 45.5 1.5558e+01  14 1.00000e+00  
 45.6 1.5663e+01  14 1.00000e+00  
 45.7 1.5700e+01  14 1.00000e+00  
 45.8 1.5733e+01  14 1.00000e+00  
 45.9 1.5766e+01  14 1.00000e+00  
 46.0 1.5799e+01  14 1.00000e+00  
 46.1 1.5832e+01  14 1.00000e+00  
 46.2 1.5864e+01  14 1.00000e+00  
 46.3 1.5896e+01  14 1.00000e+00  
 46.4 1.5928e+01  14 1.00000e+00  
 46.5 1.5972e+01  14 1.00000e+00  
 46.6 1.6017e+01  14 1.00000e+00  
 46.7 1.6062e+01  14 1.00000e+00  
 46.8 1.6135e+01  14 1.00000e+00  
 46.9 1.6199e+01  14 1.00000e+00  
 47.0 1.6246e+01  14 1.00000e+00  
 47.1 1.6329e+01  14 1.00000e+00  
 47.2 1.6362e+01  14 1.00000e+00  
 47.3 1.6396e+01  14 1.00000e+00  
 47.4 1.6420e+01  14 1.00000e+00  
 47.5 1.6453e+01  14 1.00000e+00  
 47.6 1.6485e+01  14 1.00000e+00  
 47.7 1.6517e+01  14 1.00000e+00  
 47.8 1.6553e+01  14 1.00000e+00  
 47.9 1.6599e+01  14 1.00000e+00  
 48.0 1.6676e+01  14 1.00000e+00  
 48.1 1.6733e+01  14 1.00000e+00  
 48.2 1.6786e+01  14 1.00000e+00  
 48.3 1.6833e+01  14 1.00000e+00  
 48.4 1.6922e+01  14 1.00000e+00  
 48.5 1.6960e+01  14 1.00000e+00  
 48.6 1.6993e+01  14 1.00000e+00  
 48.7 1.7027e+01  14 1.00000e+00  
 48.8 1.7061e+01  14 1.00000e+00  
 48.9 1.7094e+01  14 1.00000e+00  
 49.0 1.7127e+01  14 1.00000e+00  
 49.1 1.7160e+01  14 1.00000e+00  
 49.2 1.7192e+01  14 1.00000e+00  
 49.3 1.7229e+01  14 1.00000e+00  
 49.4 1.7275e+01  14 1.00000e+00  
 49.5 1.7352e+01  14 1.00000e+00  
 49.6 1.7410e+01  14 1.00000e+00  
 49.7 1.7463e+01  14 1.00000e+00  
 49.8 1.7512e+01  14 1.00000e+00  
 49.9 1.7557e+01  14 1.00000e+00  
 50.0 1.7644e+01  14 1.00000e+00  
 50.1 1.7681e+01  14 1.00000e+00  
 50.2 1.7715e+01  14 1.00000e+00  
 50.3 1.7749e+01  14 1.00000e+00  
 50.4 1.7783e+01  14 1.00000e+00  
 50.5 1.7817e+01  14 1.00000e+00  
 50.6 1.7850e+01  14 1.00000e+00  
 50.7 1.7883e+01  14 1.00000e+00  
 50.8 1.7915e+01  14 1.00000e+00  
 50.9 1.7953e+01  14 1.00000e+00  
 51.0 1.8000e+01  14 1.00000e+00  
 51.1 1.8085e+01  14 1.00000e+00  
 51.2 1.8139e+01  14 1.00000e+00  
 51.3 1.8189e+01  14 1.00000e+00  
 51.4 1.8239e+01  14 1.00000e+00  
 51.5 1.8284e+01  14 1.00000e+00  
 51.6 1.8331e+01  14 1.00000e+00  
 51.7 1.8377e+01  14 1.00000e+00  
 51.8 1.8421e+01  14 1.00000e+00  
 51.9 1.8467e+01  14 1.00000e+00  
 52.0 1.8558e+01  14 1.00000e+00  
 52.1 1.8607e+01  14 1.00000e+00  
 52.2 1.8641e+01  14 1.00000e+00  
 52.3 1.8695e+01  14 1.00000e+00  
 52.4 1.8724e+01  14 1.00000e+00  
 52.5 1.8782e+01  14 1.00000e+00  
 52.6 1.8837e+01  14 1.00000e+00  
 52.7 1.8869e+01  14 1.00000e+00  
 52.8 1.8926e+01  14 1.00000e+00  
 52.9 1.8952e+01  14 1.00000e+00  
 53.0 1.9013e+01  14 1.00000e+00  
 53.1 1.9017e+01  14 1.00000e+00  
 53.2 1.9099e+01  14 1.00000e+00  
 53.3 1.9157e+01  14 1.00000e+00  
 53.4 1.9184e+01  14 1.00000e+00  
 53.5 1.9246e+01  14 1.00000e+00  
 53.6 1.9247e+01  14 1.00000e+00  
 53.7 1.9325e+01  14 1.00000e+00  
 53.8 1.9388e+01  14 1.00000e+00  
 53.9 1.9386e+01  14 1.00000e+00  
 54.0 1.9469e+01  14 1.00000e+00  
 54.1 1.9477e+01  14 1.00000e+00  
 54.2 1.9525e+01  14 1.00000e+00  
 54.3 1.9615e+01  14 1.00000e+00  
 54.4 1.9617e+01  14 1.00000e+00  
 54.5 1.9662e+01  14 1.00000e+00  
 54.6 1.9699e+01  14 1.00000e+00  
 54.7 1.9754e+01  14 1.00000e+00  
 54.8 1.9800e+01  14 1.00000e+00  
 54.9 1.9834e+01  14 1.00000e+00  
 55.0 1.9893e+01  14 1.00000e+00  
 55.1 1.9938e+01  14 1.00000e+00  
 55.2 1.9969e+01  14 1.00000e+00  
 55.3 1.9971e+01  14 1.00000e+00  
 55.4 2.0076e+01  14 1.00000e+00  
 55.5 2.0109e+01  14 1.00000e+00  
 55.6 2.0110e+01  14 1.00000e+00  
 55.7 2.0217e+01  14 1.00000e+00  
 55.8 2.0252e+01  14 1.00000e+00  
 55.9 2.0252e+01  14 1.00000e+00  
 56.0 2.0287e+01  14 1.00000e+00  
 56.1 2.0397e+01  14 1.00000e+00  
 56.2 2.0420e+01  14 1.00000e+00  
 56.3 2.0426e+01  14 1.00000e+00  
 56.4 2.0482e+01  14 1.00000e+00  
 56.5 2.0574e+01  14 1.00000e+00  
 56.6 2.0572e+01  14 1.00000e+00  
 56.7 2.0610e+01  14 1.00000e+00  
 56.8 2.0681e+01  14 1.00000e+00  
 56.9 2.0703e+01  14 1.00000e+00  
 57.0 2.0751e+01  14 1.00000e+00  
 57.1 2.0797e+01  14 1.00000e+00  
 57.2 2.0874e+01  14 1.00000e+00  
 57.3 2.0947e+01  14 1.00000e+00  
 57.4 2.0935e+01  14 1.00000e+00  
 57.5 2.0985e+01  14 1.00000e+00  
 57.6 2.1061e+01  14 1.00000e+00  
 57.7 2.1134e+01  14 1.00000e+00  
 57.8 2.1205e+01  14 1.00000e+00  
 57.9 2.1167e+01  14 1.00000e+00  
 58.0 2.1240e+01  14 1.00000e+00  
 58.1 2.1304e+01  14 1.00000e+00  
 58.2 2.1375e+01  14 1.00000e+00  
 58.3 2.1449e+01  14 1.00000e+00  
 58.4 2.1402e+01  14 1.00000e+00  
 58.5 2.1477e+01  14 1.00000e+00  
 58.6 2.1549e+01  14 1.00000e+00  
 58.7 2.1621e+01  14 1.00000e+00  
 58.8 2.1694e+01  14 1.00000e+00  
 58.9 2.1642e+01  14 1.00000e+00  
 59.0 2.1717e+01  14 1.00000e+00  
 59.1 2.1788e+01  14 1.00000e+00  
 59.2 2.1860e+01  14 1.00000e+00  
 59.3 2.1931e+01  14 1.00000e+00  
 59.4 2.1906e+01  14 1.00000e+00  
 59.5 2.1948e+01  14 1.00000e+00  
 59.6 2.2020e+01  14 1.00000e+00  
 59.7 2.2092e+01  14 1.00000e+00  
 59.8 2.2161e+01  14 1.00000e+00  
 59.9 2.2231e+01  14 1.00000e+00  
 60.0 2.2168e+01  14 1.00000e+00  
 60.1 2.2243e+01  14 1.00000e+00  
 60.2 2.2314e+01  14 1.00000e+00  
 60.3 2.2386e+01  14 1.00000e+00  
 60.4 2.2452e+01  14 1.00000e+00  
 60.5 2.2450e+01  14 1.00000e+00  
 60.6 2.2494e+01  14 1.00000e+00  
 60.7 2.2529e+01  14 1.00000e+00  
 60.8 2.2600e+01  14 1.00000e+00  
 60.9 2.2669e+01  14 1.00000e+00  
 61.0 2.2735e+01  14 1.00000e+00  
 61.1 2.2733e+01  14 1.00000e+00  
 61.2 2.2781e+01  14 1.00000e+00  
 61.3 2.2805e+01  14 1.00000e+00  
 61.4 2.2876e+01  14 1.00000e+00  
 61.5 2.2944e+01  14 1.00000e+00  
 61.6 2.3011e+01  14 1.00000e+00  
 61.7 2.3079e+01  14 1.00000e+00  
 61.8 2.3064e+01  14 1.00000e+00  
 61.9 2.3106e+01  14 1.00000e+00  
 62.0 2.3131e+01  14 1.00000e+00  
 62.1 2.3203e+01  14 1.00000e+00  
 62.2 2.3270e+01  14 1.00000e+00  
 62.3 2.3338e+01  14 1.00000e+00  
 62.4 2.3411e+01  14 1.00000e+00  
 62.5 2.3392e+01  14 1.00000e+00  
 62.6 2.3438e+01  14 1.00000e+00  
 62.7 2.3485e+01  14 1.00000e+00  
 62.8 2.3522e+01  14 1.00000e+00  
 62.9 2.3592e+01  14 1.00000e+00  
 63.0 2.3656e+01  14 1.00000e+00  
 63.1 2.3726e+01  14 1.00000e+00  
 63.2 2.3718e+01  14 1.00000e+00  
 63.3 2.3770e+01  14 1.00000e+00  
 63.4 2.3811e+01  14 1.00000e+00  
 63.5 2.3832e+01  14 1.00000e+00  
 63.6 2.3902e+01  14 1.00000e+00  
 63.7 2.3968e+01  14 1.00000e+00  
 63.8 2.4033e+01  14 1.00000e+00  
 63.9 2.4105e+01  14 1.00000e+00  
 64.0 2.4176e+01  14 1.00000e+00  
 64.1 2.4145e+01  14 1.00000e+00  
 64.2 2.4192e+01  14 1.00000e+00  
 64.3 2.4236e+01  14 1.00000e+00  
 64.4 2.4262e+01  14 1.00000e+00  
 64.5 2.4331e+01  14 1.00000e+00  
 64.6 2.4398e+01  14 1.00000e+00  
 64.7 2.4466e+01  14 1.00000e+00  
 64.8 2.4532e+01  14 1.00000e+00  
 64.9 2.4602e+01  14 1.00000e+00  
 65.0 2.4572e+01  14 1.00000e+00  
 65.1 2.4617e+01  14 1.00000e+00  
 65.2 2.4666e+01  14 1.00000e+00  
 65.3 2.4673e+01  14 1.00000e+00  
 65.4 2.4743e+01  14 1.00000e+00  
 65.5 2.4809e+01  14 1.00000e+00  
 65.6 2.4877e+01  14 1.00000e+00  
 65.7 2.4944e+01  14 1.00000e+00  
 65.8 2.5006e+01  14 1.00000e+00  
 65.9 2.5079e+01  14 1.00000e+00  
 66.0 2.5042e+01  14 1.00000e+00  
 66.1 2.5089e+01  14 1.00000e+00  
 66.2 2.5193e+01  14 1.00000e+00  
 66.3 2.5120e+01  14 1.00000e+00  
 66.4 2.5192e+01  14 1.00000e+00  
 66.5 2.5260e+01  14 1.00000e+00  
 66.6 2.5325e+01  14 1.00000e+00  
 66.7 2.5394e+01  14 1.00000e+00  
 66.8 2.5459e+01  14 1.00000e+00  
 66.9 2.5525e+01  14 1.00000e+00  
 67.0 2.5592e+01  14 1.00000e+00  
 67.1 2.5655e+01  14 1.00000e+00  
 67.2 2.5611e+01  14 1.00000e+00  
 67.3 2.5582e+01  14 1.00000e+00  
 67.4 2.5629e+01  14 1.00000e+00  
 67.5 2.5688e+01  14 1.00000e+00  
 67.6 2.5762e+01  14 1.00000e+00  
 67.7 2.5827e+01  14 1.00000e+00  
 67.8 2.5893e+01  14 1.00000e+00  
 67.9 2.5959e+01  14 1.00000e+00  
 68.0 2.6022e+01  14 1.00000e+00  
 68.1 2.6091e+01  14 1.00000e+00  
 68.2 2.6158e+01  14 1.00000e+00  
 68.3 2.6225e+01  14 1.00000e+00  
 68.4 2.6121e+01  14 1.00000e+00  
 68.5 2.6139e+01  14 1.00000e+00  
 68.6 2.6184e+01  14 1.00000e+00  
 68.7 2.6233e+01  14 1.00000e+00  
 68.8 2.6306e+01  14 1.00000e+00  
 68.9 2.6375e+01  14 1.00000e+00  
 69.0 2.6439e+01  14 1.00000e+00  
 69.1 2.6507e+01  14 1.00000e+00  
 69.2 2.6571e+01  14 1.00000e+00  
 69.3 2.6633e+01  14 1.00000e+00  
 69.4 2.6698e+01  14 1.00000e+00  
 69.5 2.6761e+01  14 1.00000e+00  
 69.6 2.6709e+01  14 1.00000e+00  
 69.7 2.6681e+01  14 1.00000e+00  
 69.8 2.6726e+01  14 1.00000e+00  
 69.9 2.6771e+01  14 1.00000e+00  
 70.0 2.6820e+01  14 1.00000e+00  
 70.1 2.6890e+01  14 1.00000e+00  
 70.2 2.6961e+01  14 1.00000e+00  
 70.3 2.7027e+01  14 1.00000e+00  
 70.4 2.7086e+01  14 1.00000e+00  
 70.5 2.7147e+01  14 1.00000e+00  
 70.6 2.7209e+01  14 1.00000e+00  
 70.7 2.7272e+01  14 1.00000e+00  
 70.8 2.7334e+01  14 1.00000e+00  
 70.9 2.7327e+01  14 1.00000e+00  
 71.0 2.7334e+01  14 1.00000e+00  
 71.1 2.7331e+01  14 1.00000e+00  
 71.2 2.7362e+01  14 1.00000e+00  
 71.3 2.7408e+01  14 1.00000e+00  
 71.4 2.7453e+01  14 1.00000e+00  
 71.5 2.7498e+01  14 1.00000e+00  
 71.6 2.7553e+01  14 1.00000e+00  
 71.7 2.7625e+01  14 1.00000e+00  
 71.8 2.7693e+01  14 1.00000e+00  
 71.9 2.7759e+01  14 1.00000e+00  
 72.0 2.7816e+01  14 1.00000e+00  
 72.1 2.7879e+01  14 1.00000e+00  
 72.2 2.7941e+01  14 1.00000e+00  
 72.3 2.8001e+01  14 1.00000e+00  
 72.4 2.8031e+01  14 1.00000e+00  
 72.5 2.8036e+01  14 1.00000e+00  
 72.6 2.8093e+01  14 1.00000e+00  
 72.7 2.8127e+01  14 1.00000e+00  
 72.8 2.8130e+01  14 1.00000e+00  
 72.9 2.8158e+01  14 1.00000e+00  
 73.0 2.8187e+01  14 1.00000e+00  
 73.1 2.8232e+01  14 1.00000e+00  
 73.2 2.8278e+01  14 1.00000e+00  
 73.3 2.8323e+01  14 1.00000e+00  
 73.4 2.8372e+01  14 1.00000e+00  
 73.5 2.8437e+01  14 1.00000e+00  
 73.6 2.8505e+01  14 1.00000e+00  
 73.7 2.8570e+01  14 1.00000e+00  
 73.8 2.8635e+01  14 1.00000e+00  
 73.9 2.8694e+01  14 1.00000e+00  
 74.0 2.8740e+01  14 1.00000e+00  
 74.1 2.8692e+01  14 1.00000e+00  
 74.2 2.8835e+01  14 1.00000e+00  
 74.3 2.8890e+01  14 1.00000e+00  
 74.4 2.8934e+01  14 1.00000e+00  
 74.5 2.8982e+01  14 1.00000e+00  
 74.6 2.9029e+01  14 1.00000e+00  
 74.7 2.9071e+01  14 1.00000e+00  
 74.8 2.9113e+01  14 1.00000e+00  
 74.9 2.9146e+01  14 1.00000e+00  
 75.0 2.9156e+01  14 1.00000e+00  
 75.1 2.9194e+01  14 1.00000e+00  
 75.2 2.9221e+01  14 1.00000e+00  
 75.3 2.9249e+01  14 1.00000e+00  
 75.4 2.9294e+01  14 1.00000e+00  
 75.5 2.9340e+01  14 1.00000e+00  
 75.6 2.9386e+01  14 1.00000e+00  
 75.7 2.9438e+01  14 1.00000e+00  
 75.8 2.9605e+01  14 1.00000e+00  
 75.9 2.9621e+01  14 1.00000e+00  
 76.0 2.9683e+01  14 1.00000e+00  
 76.1 2.9745e+01  14 1.00000e+00  
 76.2 2.9803e+01  14 1.00000e+00  
 76.3 2.9857e+01  14 1.00000e+00  
 76.4 2.9910e+01  14 1.00000e+00  
 76.5 2.9974e+01  14 1.00000e+00  
 76.6 3.0034e+01  14 1.00000e+00  
 76.7 3.0091e+01  14 1.00000e+00  
 76.8 3.0143e+01  14 1.00000e+00  
 76.9 3.0103e+01  14 1.00000e+00  
 77.0 3.0156e+01  14 1.00000e+00  
 77.1 3.0207e+01  14 1.00000e+00  
 77.2 3.0253e+01  14 1.00000e+00  
 77.3 3.0300e+01  14 1.00000e+00  
 77.4 3.0349e+01  14 1.00000e+00  
 77.5 3.0393e+01  14 1.00000e+00  
 77.6 3.0433e+01  14 1.00000e+00  
 77.7 3.0476e+01  14 1.00000e+00  
 77.8 3.0486e+01  14 1.00000e+00  
 77.9 3.0568e+01  14 1.00000e+00  
 78.0 3.0622e+01  14 1.00000e+00  
 78.1 3.0555e+01  14 1.00000e+00  
 78.2 3.0602e+01  14 1.00000e+00  
 78.3 3.0655e+01  14 1.00000e+00  
 78.4 3.0711e+01  14 1.00000e+00  
 78.5 3.0772e+01  14 1.00000e+00  
 78.6 3.0831e+01  14 1.00000e+00  
 78.7 3.0892e+01  14 1.00000e+00  
 78.8 3.0951e+01  14 1.00000e+00  
 78.9 3.1004e+01  14 1.00000e+00  
 79.0 3.1059e+01  14 1.00000e+00  
 79.1 3.1119e+01  14 1.00000e+00  
 79.2 3.1168e+01  14 1.00000e+00  
 79.3 3.1228e+01  14 1.00000e+00  
 79.4 3.1283e+01  14 1.00000e+00  
 79.5 3.1332e+01  14 1.00000e+00  
 79.6 3.1389e+01  14 1.00000e+00  
 79.7 3.1445e+01  14 1.00000e+00  
 79.8 3.1497e+01  14 1.00000e+00  
 79.9 3.1549e+01  14 1.00000e+00  
 80.0 3.1579e+01  14 1.00000e+00  
 80.1 3.1589e+01  14 1.00000e+00  
 80.2 3.1564e+01  14 1.00000e+00  
 80.3 3.1663e+01  14 1.00000e+00  
 80.4 3.1777e+01  14 1.00000e+00  
 80.5 3.1825e+01  14 1.00000e+00  
 80.6 3.1877e+01  14 1.00000e+00  
 80.7 3.1923e+01  14 1.00000e+00  
 80.8 3.1970e+01  14 1.00000e+00  
 80.9 3.2017e+01  14 1.00000e+00  
 81.0 3.2066e+01  14 1.00000e+00  
 81.1 3.2115e+01  14 1.00000e+00  
 81.2 3.2164e+01  14 1.00000e+00  
 81.3 3.2207e+01  14 1.00000e+00  
 81.4 3.2242e+01  14 1.00000e+00  
 81.5 3.2299e+01  14 1.00000e+00  
 81.6 3.2342e+01  14 1.00000e+00  
 81.7 3.2357e+01  14 1.00000e+00  
 81.8 3.2406e+01  14 1.00000e+00  
 81.9 3.2455e+01  14 1.00000e+00  
 82.0 3.2500e+01  14 1.00000e+00  
 82.1 3.2541e+01  14 1.00000e+00  
 82.2 3.2579e+01  14 1.00000e+00  
 82.3 3.2626e+01  14 1.00000e+00  
 82.4 3.2672e+01  14 1.00000e+00  
 82.5 3.2714e+01  14 1.00000e+00  
 82.6 3.2754e+01  14 1.00000e+00  
 82.7 3.2793e+01  14 1.00000e+00  
 82.8 3.2831e+01  14 1.00000e+00  
 82.9 3.2869e+01  14 1.00000e+00  
 83.0 3.2907e+01  14 1.00000e+00  
 83.1 3.2945e+01  14 1.00000e+00  
 83.2 3.3053e+01  14 1.00000e+00  
 83.3 3.3175e+01  14 1.00000e+00  
 83.4 3.3266e+01  14 1.00000e+00  
 83.5 3.3164e+01  14 1.00000e+00  
 83.6 3.3218e+01  14 1.00000e+00  
 83.7 3.3273e+01  14 1.00000e+00  
 83.8 3.3327e+01  14 1.00000e+00  
 83.9 3.3381e+01  14 1.00000e+00  
 84.0 3.3434e+01  14 1.00000e+00  
 84.1 3.3488e+01  14 1.00000e+00  
 84.2 3.3541e+01  14 1.00000e+00  
 84.3 3.3591e+01  14 1.00000e+00  
 84.4 3.3640e+01  14 1.00000e+00  
 84.5 3.3690e+01  14 1.00000e+00  
 84.6 3.3736e+01  14 1.00000e+00  
 84.7 3.3792e+01  14 1.00000e+00  
 84.8 3.3845e+01  14 1.00000e+00  
 84.9 3.3898e+01  14 1.00000e+00  
 85.0 3.3950e+01  14 1.00000e+00  
 85.1 3.4002e+01  14 1.00000e+00  
 85.2 3.4028e+01  14 1.00000e+00  
 85.3 3.4060e+01  14 1.00000e+00  
 85.4 3.4178e+01  14 1.00000e+00  
 85.5 3.4236e+01  14 1.00000e+00  
 85.6 3.4279e+01  14 1.00000e+00  
 85.7 3.4323e+01  14 1.00000e+00  
 85.8 3.4382e+01  14 1.00000e+00  
 85.9 3.4435e+01  14 1.00000e+00  
 86.0 3.4486e+01  14 1.00000e+00  
 86.1 3.4538e+01  14 1.00000e+00  
 86.2 3.4587e+01  14 1.00000e+00  
 86.3 3.4638e+01  14 1.00000e+00  
 86.4 3.4678e+01  14 1.00000e+00  
 86.5 3.4743e+01  14 1.00000e+00  
 86.6 3.4792e+01  14 1.00000e+00  
 86.7 3.4842e+01  14 1.00000e+00  
 86.8 3.4901e+01  14 1.00000e+00  
 86.9 3.4947e+01  14 1.00000e+00  
 87.0 3.4999e+01  14 1.00000e+00  
 87.1 3.5056e+01  14 1.00000e+00  
 87.2 3.5102e+01  14 1.00000e+00  
 87.3 3.5151e+01  14 1.00000e+00  
 87.4 3.5209e+01  14 1.00000e+00  
 87.5 3.5261e+01  14 1.00000e+00  
 87.6 3.5306e+01  14 1.00000e+00  
 87.7 3.5355e+01  14 1.00000e+00  
 87.8 3.5412e+01  14 1.00000e+00  
 87.9 3.5466e+01  14 1.00000e+00  
 88.0 3.5513e+01  14 1.00000e+00  
 88.1 3.5562e+01  14 1.00000e+00  
 88.2 3.5609e+01  14 1.00000e+00  
 88.3 3.5665e+01  14 1.00000e+00  
 88.4 3.5718e+01  14 1.00000e+00  
 88.5 3.5770e+01  14 1.00000e+00  
 88.6 3.5820e+01  14 1.00000e+00  
 88.7 3.5868e+01  14 1.00000e+00  
 88.8 3.5916e+01  14 1.00000e+00  
 88.9 3.5956e+01  14 1.00000e+00  
 89.0 3.6016e+01  14 1.00000e+00  
 89.1 3.6056e+01  14 1.00000e+00  
 89.2 3.6104e+01  14 1.00000e+00  
 89.3 3.6158e+01  14 1.00000e+00  
 89.4 3.6208e+01  14 1.00000e+00  
 89.5 3.6257e+01  14 1.00000e+00  
 89.6 3.6303e+01  14 1.00000e+00  
 89.7 3.6360e+01  14 1.00000e+00  
 89.8 3.6415e+01  14 1.00000e+00  
 89.9 3.6453e+01  14 1.00000e+00  
 90.0 3.6514e+01  14 1.00000e+00  
 90.1 3.6565e+01  14 1.00000e+00  
 90.2 3.6616e+01  14 1.00000e+00  
 90.3 3.6668e+01  14 1.00000e+00  
 90.4 3.6718e+01  14 1.00000e+00  
 90.5 3.6766e+01  14 1.00000e+00  
 90.6 3.6813e+01  14 1.00000e+00  
 90.7 3.6858e+01  14 1.00000e+00  
 90.8 3.6901e+01  14 1.00000e+00  
 90.9 3.6946e+01  14 1.00000e+00  
 91.0 3.7009e+01  14 1.00000e+00  
 91.1 3.7061e+01  14 1.00000e+00  
 91.2 3.7110e+01  14 1.00000e+00  
 91.3 3.7145e+01  14 1.00000e+00  
 91.4 3.7178e+01  14 1.00000e+00  
 91.5 3.7197e+01  14 1.00000e+00  
 91.6 3.7182e+01  14 1.00000e+00  
 91.7 3.7197e+01  14 1.00000e+00  
 91.8 3.7378e+01  14 1.00000e+00  
 91.9 3.7468e+01  14 1.00000e+00  
 92.0 3.7506e+01  14 1.00000e+00  
 92.1 3.7561e+01  14 1.00000e+00  
 92.2 3.7616e+01  14 1.00000e+00  
 92.3 3.7659e+01  14 1.00000e+00  
 92.4 3.7699e+01  14 1.00000e+00  
 92.5 3.7757e+01  14 1.00000e+00  
 92.6 3.7806e+01  14 1.00000e+00  
 92.7 3.7846e+01  14 1.00000e+00  
 92.8 3.7899e+01  14 1.00000e+00  
 92.9 3.7953e+01  14 1.00000e+00  
 93.0 3.7994e+01  14 1.00000e+00  
 93.1 3.8042e+01  14 1.00000e+00  
 93.2 3.8096e+01  14 1.00000e+00  
 93.3 3.8141e+01  14 1.00000e+00  
 93.4 3.8174e+01  14 1.00000e+00  
 93.5 3.8239e+01  14 1.00000e+00  
 93.6 3.8286e+01  14 1.00000e+00  
 93.7 3.8320e+01  14 1.00000e+00  
 93.8 3.8381e+01  14 1.00000e+00  
 93.9 3.8427e+01  14 1.00000e+00  
 94.0 3.8459e+01  14 1.00000e+00  
 94.1 3.8512e+01  14 1.00000e+00  
 94.2 3.8493e+01  14 1.00000e+00  
 94.3 3.8636e+01  14 1.00000e+00  
 94.4 3.8679e+01  14 1.00000e+00  
 94.5 3.8724e+01  14 1.00000e+00  
 94.6 3.8777e+01  14 1.00000e+00  
 94.7 3.8811e+01  14 1.00000e+00  
 94.8 3.8866e+01  14 1.00000e+00  
 94.9 3.8918e+01  14 1.00000e+00  
 95.0 3.8959e+01  14 1.00000e+00  
 95.1 3.9000e+01  14 1.00000e+00  
 95.2 3.9057e+01  14 1.00000e+00  
 95.3 3.9106e+01  14 1.00000e+00  
 95.4 3.9147e+01  14 1.00000e+00  
 95.5 3.9180e+01  14 1.00000e+00  
 95.6 3.9242e+01  14 1.00000e+00  
 95.7 3.9293e+01  14 1.00000e+00  
 95.8 3.9335e+01  14 1.00000e+00  
 95.9 3.9374e+01  14 1.00000e+00  
 96.0 3.9420e+01  14 1.00000e+00  
 96.1 3.9442e+01  14 1.00000e+00  
 96.2 3.9473e+01  14 1.00000e+00  
 96.3 3.9648e+01  14 1.00000e+00  
 96.4 3.9722e+01  14 1.00000e+00  
 96.5 3.9676e+01  14 1.00000e+00  
 96.6 3.9725e+01  14 1.00000e+00  
 96.7 3.9769e+01  14 1.00000e+00  
 96.8 3.9812e+01  14 1.00000e+00  
 96.9 3.9854e+01  14 1.00000e+00  
 97.0 3.9896e+01  14 1.00000e+00  
 97.1 3.9936e+01  14 1.00000e+00  
 97.2 3.9977e+01  14 1.00000e+00  
 97.3 4.0017e+01  14 1.00000e+00  
 97.4 4.0058e+01  14 1.00000e+00  
 97.5 4.0131e+01  14 1.00000e+00  
 97.6 4.0199e+01  14 1.00000e+00  
 97.7 4.0266e+01  14 1.00000e+00  
 97.8 4.0352e+01  14 1.00000e+00  
 97.9 4.0398e+01  14 1.00000e+00  
 98.0 4.0443e+01  14 1.00000e+00  
 98.1 4.0488e+01  14 1.00000e+00  
 98.2 4.0537e+01  14 1.00000e+00  
 98.3 4.0589e+01  14 1.00000e+00  
 98.4 4.0642e+01  14 1.00000e+00  
 98.5 4.0694e+01  14 1.00000e+00  
 98.6 4.0746e+01  14 1.00000e+00  
 98.7 4.0798e+01  14 1.00000e+00  
 98.8 4.0850e+01  14 1.00000e+00  
 98.9 4.0902e+01  14 1.00000e+00  
 99.0 4.0956e+01  14 1.00000e+00  
 99.1 4.1010e+01  14 1.00000e+00  
 99.2 4.1059e+01  14 1.00000e+00  
 99.3 4.1122e+01  14 1.00000e+00  
 99.4 4.1102e+01  14 1.00000e+00  
 99.5 4.1192e+01  14 1.00000e+00  
 99.6 4.1250e+01  14 1.00000e+00  
 99.7 4.1284e+01  14 1.00000e+00  
 99.8 4.1359e+01  14 1.00000e+00  
 99.9 4.1394e+01  14 1.00000e+00  
100.0 4.1429e+01  14 1.00000e+00  
100.1 4.1507e+01  14 1.00000e+00  
100.2 4.1543e+01  14 1.00000e+00  
100.3 4.1580e+01  14 1.00000e+00  
100.4 4.1618e+01  14 1.00000e+00  
100.5 4.1699e+01  14 1.00000e+00  
100.6 4.1738e+01  14 1.00000e+00  
100.7 4.1778e+01  14 1.00000e+00  
100.8 4.1818e+01  14 1.00000e+00  
100.9 4.1860e+01  14 1.00000e+00  
101.0 4.1903e+01  14 1.00000e+00  
101.1 4.1947e+01  14 1.00000e+00  
101.2 4.2035e+01  14 1.00000e+00  
101.3 4.2082e+01  14 1.00000e+00  
101.4 4.2129e+01  14 1.00000e+00  
101.5 4.2178e+01  14 1.00000e+00  
101.6 4.2228e+01  14 1.00000e+00  
101.7 4.2303e+01  14 1.00000e+00  
101.8 4.2392e+01  14 1.00000e+00  
101.9 4.2481e+01  14 1.00000e+00  
102.0 4.2570e+01  14 1.00000e+00  
102.1 4.2659e+01  14 1.00000e+00  
102.2 4.2748e+01  14 1.00000e+00  
102.3 4.2838e+01  14 1.00000e+00  
102.4 4.2927e+01  14 1.00000e+00  
102.5 4.3016e+01  14 1.00000e+00  
102.6 4.3105e+01  14 1.00000e+00  
102.7 4.3194e+01  14 1.00000e+00  
102.8 4.3283e+01  14 1.00000e+00  
102.9 4.3373e+01  14 1.00000e+00  
103.0 4.3462e+01  14 1.00000e+00  
103.1 4.3551e+01  14 1.00000e+00  
103.2 4.3640e+01  14 1.00000e+00  
103.3 4.3730e+01  14 1.00000e+00  
103.4 4.3819e+01  14 1.00000e+00  
103.5 4.3908e+01  14 1.00000e+00  
103.6 4.3997e+01  14 1.00000e+00  
103.7 4.4087e+01  14 1.00000e+00  
103.8 4.4176e+01  14 1.00000e+00  
103.9 4.4265e+01  14 1.00000e+00  
104.0 4.4354e+01  14 1.00000e+00  
104.1 4.4444e+01  14 1.00000e+00  
104.2 4.4533e+01  14 1.00000e+00  
104.3 4.4617e+01  14 1.00000e+00  
104.4 4.4707e+01  14 1.00000e+00  
104.5 4.4796e+01  14 1.00000e+00  
104.6 4.4885e+01  14 1.00000e+00  
104.7 4.4975e+01  14 1.00000e+00  
104.8 4.5064e+01  14 1.00000e+00  
104.9 4.5153e+01  14 1.00000e+00  
105.0 4.5243e+01  14 1.00000e+00  
105.1 4.5332e+01  14 1.00000e+00  
105.2 4.5421e+01  14 1.00000e+00  
105.3 4.5511e+01  14 1.00000e+00  
105.4 4.5600e+01  14 1.00000e+00  
105.5 4.5690e+01  14 1.00000e+00  
105.6 4.5779e+01  14 1.00000e+00  
105.7 4.5868e+01  14 1.00000e+00  
105.8 4.5958e+01  14 1.00000e+00  
105.9 4.6047e+01  14 1.00000e+00  
106.0 4.6137e+01  14 1.00000e+00  
106.1 4.6226e+01  14 1.00000e+00  
106.2 4.6315e+01  14 1.00000e+00  
106.3 4.6405e+01  14 1.00000e+00  
106.4 4.6494e+01  14 1.00000e+00  
106.5 4.6584e+01  14 1.00000e+00  
106.6 4.6673e+01  14 1.00000e+00  
106.7 4.6763e+01  14 1.00000e+00  
106.8 4.6852e+01  14 1.00000e+00  
106.9 4.6941e+01  14 1.00000e+00  
107.0 4.7031e+01  14 1.00000e+00  
107.1 4.7120e+01  14 1.00000e+00  
107.2 4.7210e+01  14 1.00000e+00  
107.3 4.7299e+01  14 1.00000e+00  
107.4 4.7389e+01  14 1.00000e+00  
107.5 4.7478e+01  14 1.00000e+00  
107.6 4.7568e+01  14 1.00000e+00  
107.7 4.7657e+01  14 1.00000e+00  
107.8 4.7747e+01  14 1.00000e+00  
107.9 4.7836e+01  14 1.00000e+00  
108.0 4.7926e+01  14 1.00000e+00  
108.1 4.8015e+01  14 1.00000e+00  
108.2 4.8104e+01  14 1.00000e+00  
108.3 4.8194e+01  14 1.00000e+00  
108.4 4.8283e+01  14 1.00000e+00  
108.5 4.8373e+01  14 1.00000e+00  
108.6 4.8462e+01  14 1.00000e+00  
108.7 4.8552e+01  14 1.00000e+00  
108.8 4.8641e+01  14 1.00000e+00  
108.9 4.8731e+01  14 1.00000e+00  
109.0 4.8820e+01  14 1.00000e+00  
109.1 4.8910e+01  14 1.00000e+00  
109.2 4.8999e+01  14 1.00000e+00  
109.3 4.9089e+01  14 1.00000e+00  
109.4 4.9178e+01  14 1.00000e+00  
109.5 4.9268e+01  14 1.00000e+00  
109.6 4.9357e+01  14 1.00000e+00  
109.7 4.9447e+01  14 1.00000e+00  
109.8 4.9536e+01  14 1.00000e+00  
109.9 4.9626e+01  14 1.00000e+00  
110.0 4.9715e+01  14 1.00000e+00  
110.1 4.9804e+01  14 1.00000e+00  
110.2 4.9894e+01  14 1.00000e+00  
110.3 4.9983e+01  14 1.00000e+00  
110.4 5.0073e+01  14 1.00000e+00  
110.5 5.0162e+01  14 1.00000e+00  
110.6 5.0252e+01  14 1.00000e+00  
110.7 5.0341e+01  14 1.00000e+00  
110.8 5.0431e+01  14 1.00000e+00  
110.9 5.0520e+01  14 1.00000e+00  
111.0 5.0610e+01  14 1.00000e+00  
111.1 5.0699e+01  14 1.00000e+00  
111.2 5.0789e+01  14 1.00000e+00  
111.3 5.0878e+01  14 1.00000e+00  
111.4 5.0967e+01  14 1.00000e+00  
111.5 5.1057e+01  14 1.00000e+00  
111.6 5.1142e+01  14 1.00000e+00  
111.7 5.1231e+01  14 1.00000e+00  
111.8 5.1321e+01  14 1.00000e+00  
111.9 5.1410e+01  14 1.00000e+00  
112.0 5.1499e+01  14 1.00000e+00  
112.1 5.1589e+01  14 1.00000e+00  
112.2 5.1678e+01  14 1.00000e+00  
112.3 5.1768e+01  14 1.00000e+00  
112.4 5.1857e+01  14 1.00000e+00  
112.5 5.1947e+01  14 1.00000e+00  
112.6 5.2036e+01  14 1.00000e+00  
112.7 5.2125e+01  14 1.00000e+00  
112.8 5.2215e+01  14 1.00000e+00  
112.9 5.2304e+01  14 1.00000e+00  
113.0 5.2394e+01  14 1.00000e+00  
113.1 5.2483e+01  14 1.00000e+00  
113.2 5.2572e+01  14 1.00000e+00  
113.3 5.2662e+01  14 1.00000e+00  
113.4 5.2751e+01  14 1.00000e+00  
113.5 5.2841e+01  14 1.00000e+00  
113.6 5.2930e+01  14 1.00000e+00  
113.7 5.3019e+01  14 1.00000e+00  
113.8 5.3109e+01  14 1.00000e+00  
113.9 5.3198e+01  14 1.00000e+00  
114.0 5.3287e+01  14 1.00000e+00  
114.1 5.3377e+01  14 1.00000e+00  
114.2 5.3466e+01  14 1.00000e+00  
114.3 5.3555e+01  14 1.00000e+00  
114.4 5.3645e+01  14 1.00000e+00  
114.5 5.3734e+01  14 1.00000e+00  
114.6 5.3823e+01  14 1.00000e+00  
114.7 5.3913e+01  14 1.00000e+00  
114.8 5.4002e+01  14 1.00000e+00  
114.9 5.4091e+01  14 1.00000e+00  
115.0 5.4181e+01  14 1.00000e+00  
115.1 5.4270e+01  14 1.00000e+00  
115.2 5.4359e+01  14 1.00000e+00  
115.3 5.4449e+01  14 1.00000e+00  
115.4 5.4538e+01  14 1.00000e+00  
115.5 5.4627e+01  14 1.00000e+00  
115.6 5.4716e+01  14 1.00000e+00  
115.7 5.4806e+01  14 1.00000e+00  
115.8 5.4895e+01  14 1.00000e+00  
115.9 5.4984e+01  14 1.00000e+00  
116.0 5.5073e+01  14 1.00000e+00  
116.1 5.5163e+01  14 1.00000e+00  
116.2 5.5252e+01  14 1.00000e+00  
116.3 5.5341e+01  14 1.00000e+00  
116.4 5.5430e+01  14 1.00000e+00  
116.5 5.5519e+01  14 1.00000e+00  
116.6 5.5609e+01  14 1.00000e+00  
116.7 5.5698e+01  14 1.00000e+00  
116.8 5.5787e+01  14 1.00000e+00  
116.9 5.5876e+01  14 1.00000e+00  
117.0 5.5965e+01  14 1.00000e+00  
117.1 5.6054e+01  14 1.00000e+00  
117.2 5.6144e+01  14 1.00000e+00  
117.3 5.6233e+01  14 1.00000e+00  
117.4 5.6322e+01  14 1.00000e+00  
117.5 5.6411e+01  14 1.00000e+00  
117.6 5.6500e+01  14 1.00000e+00  
117.7 5.6589e+01  14 1.00000e+00  
117.8 5.6678e+01  14 1.00000e+00  
117.9 5.6767e+01  14 1.00000e+00  
118.0 5.6857e+01  14 1.00000e+00  
118.1 5.6946e+01  14 1.00000e+00  
118.2 5.7035e+01  14 1.00000e+00  
118.3 5.7124e+01  14 1.00000e+00  
118.4 5.7213e+01  14 1.00000e+00  
118.5 5.7302e+01  14 1.00000e+00  
118.6 5.7391e+01  14 1.00000e+00  
118.7 5.7480e+01  14 1.00000e+00  
118.8 5.7569e+01  14 1.00000e+00  
118.9 5.7658e+01  14 1.00000e+00  
119.0 5.7747e+01  14 1.00000e+00  
119.1 5.7836e+01  14 1.00000e+00  
119.2 5.7925e+01  14 1.00000e+00  
119.3 5.8014e+01  14 1.00000e+00  
119.4 5.8103e+01  14 1.00000e+00  
119.5 5.8188e+01  14 1.00000e+00  
119.6 5.8277e+01  14 1.00000e+00  
119.7 5.8366e+01  14 1.00000e+00  
119.8 5.8455e+01  14 1.00000e+00  
119.9 5.8544e+01  14 1.00000e+00  
120.0 5.8633e+01  14 1.00000e+00  
120.1 5.8722e+01  14 1.00000e+00  
120.2 5.8811e+01  14 1.00000e+00  
120.3 5.8900e+01  14 1.00000e+00  
120.4 5.8988e+01  14 1.00000e+00  
120.5 5.9077e+01  14 1.00000e+00  
120.6 5.9166e+01  14 1.00000e+00  
120.7 5.9255e+01  14 1.00000e+00  
120.8 5.9344e+01  14 1.00000e+00  
120.9 5.9433e+01  14 1.00000e+00  
121.0 5.9522e+01  14 1.00000e+00  
121.1 5.9611e+01  14 1.00000e+00  
121.2 5.9699e+01  14 1.00000e+00  
121.3 5.9788e+01  14 1.00000e+00  
121.4 5.9877e+01  14 1.00000e+00  
121.5 5.9966e+01  14 1.00000e+00  
121.6 6.0055e+01  14 1.00000e+00  
121.7 6.0143e+01  14 1.00000e+00  
121.8 6.0232e+01  14 1.00000e+00  
121.9 6.0321e+01  14 1.00000e+00  
122.0 6.0410e+01  14 1.00000e+00  
122.1 6.0498e+01  14 1.00000e+00  
122.2 6.0587e+01  14 1.00000e+00  
122.3 6.0676e+01  14 1.00000e+00  
122.4 6.0765e+01  14 1.00000e+00  
122.5 6.0853e+01  14 1.00000e+00  
122.6 6.0942e+01  14 1.00000e+00  
122.7 6.1031e+01  14 1.00000e+00  
122.8 6.1119e+01  14 1.00000e+00  
122.9 6.1208e+01  14 1.00000e+00  
123.0 6.1297e+01  14 1.00000e+00  
123.1 6.1385e+01  14 1.00000e+00  
123.2 6.1474e+01  14 1.00000e+00  
123.3 6.1563e+01  14 1.00000e+00  
123.4 6.1651e+01  14 1.00000e+00  
123.5 6.1740e+01  14 1.00000e+00  
123.6 6.1828e+01  14 1.00000e+00  
123.7 6.1917e+01  14 1.00000e+00  
123.8 6.2005e+01  14 1.00000e+00  
123.9 6.2094e+01  14 1.00000e+00  
124.0 6.2182e+01  14 1.00000e+00  
124.1 6.2271e+01  14 1.00000e+00  
124.2 6.2359e+01  14 1.00000e+00  
124.3 6.2448e+01  14 1.00000e+00  
124.4 6.2536e+01  14 1.00000e+00  
124.5 6.2625e+01  14 1.00000e+00  
124.6 6.2713e+01  14 1.00000e+00  
124.7 6.2802e+01  14 1.00000e+00  
124.8 6.2890e+01  14 1.00000e+00  
124.9 6.2979e+01  14 1.00000e+00  
125.0 6.3067e+01  14 1.00000e+00  
125.1 6.3155e+01  14 1.00000e+00  
125.2 6.3244e+01  14 1.00000e+00  
125.3 6.3332e+01  14 1.00000e+00  
125.4 6.3421e+01  14 1.00000e+00  
125.5 6.3509e+01  14 1.00000e+00  
125.6 6.3597e+01  14 1.00000e+00  
125.7 6.3686e+01  14 1.00000e+00  
125.8 6.3774e+01  14 1.00000e+00  
125.9 6.3862e+01  14 1.00000e+00  
126.0 6.3950e+01  14 1.00000e+00  
126.1 6.4039e+01  14 1.00000e+00  
126.2 6.4127e+01  14 1.00000e+00  
126.3 6.4215e+01  14 1.00000e+00  
126.4 6.4304e+01  14 1.00000e+00  
126.5 6.4392e+01  14 1.00000e+00  
126.6 6.4480e+01  14 1.00000e+00  
126.7 6.4568e+01  14 1.00000e+00  
126.8 6.4657e+01  14 1.00000e+00  
126.9 6.4745e+01  14 1.00000e+00  
127.0 6.4833e+01  14 1.00000e+00  
127.1 6.4921e+01  14 1.00000e+00  
127.2 6.5009e+01  14 1.00000e+00  
127.3 6.5097e+01  14 1.00000e+00  
127.4 6.5186e+01  14 1.00000e+00  
127.5 6.5274e+01  14 1.00000e+00  
127.6 6.5362e+01  14 1.00000e+00  
127.7 6.5450e+01  14 1.00000e+00  
127.8 6.5538e+01  14 1.00000e+00  
127.9 6.5626e+01  14 1.00000e+00  
128.0 6.5714e+01  14 1.00000e+00  
128.1 6.5799e+01  14 1.00000e+00  
128.2 6.5887e+01  14 1.00000e+00  
128.3 6.5975e+01  14 1.00000e+00  
128.4 6.6063e+01  14 1.00000e+00  
128.5 6.6151e+01  14 1.00000e+00  
128.6 6.6239e+01  14 1.00000e+00  
128.7 6.6327e+01  14 1.00000e+00  
128.8 6.6415e+01  14 1.00000e+00  
128.9 6.6503e+01  14 1.00000e+00  
129.0 6.6591e+01  14 1.00000e+00  
129.1 6.6679e+01  14 1.00000e+00  
129.2 6.6767e+01  14 1.00000e+00  
129.3 6.6855e+01  14 1.00000e+00  
129.4 6.6943e+01  14 1.00000e+00  
129.5 6.7030e+01  14 1.00000e+00  
129.6 6.7118e+01  14 1.00000e+00  
129.7 6.7206e+01  14 1.00000e+00  
129.8 6.7294e+01  14 1.00000e+00  
129.9 6.7382e+01  14 1.00000e+00  
130.0 6.7470e+01  14 1.00000e+00  
130.1 6.7558e+01  14 1.00000e+00  
130.2 6.7646e+01  14 1.00000e+00  
130.3 6.7733e+01  14 1.00000e+00  
130.4 6.7821e+01  14 1.00000e+00  
130.5 6.7909e+01  14 1.00000e+00  
130.6 6.7997e+01  14 1.00000e+00  
130.7 6.8084e+01  14 1.00000e+00  
130.8 6.8172e+01  14 1.00000e+00  
130.9 6.8260e+01  14 1.00000e+00  
131.0 6.8348e+01  14 1.00000e+00  
131.1 6.8436e+01  14 1.00000e+00  
131.2 6.8523e+01  14 1.00000e+00  
131.3 6.8611e+01  14 1.00000e+00  
131.4 6.8699e+01  14 1.00000e+00  
131.5 6.8786e+01  14 1.00000e+00  
131.6 6.8874e+01  14 1.00000e+00  
131.7 6.8962e+01  14 1.00000e+00  
131.8 6.9049e+01  14 1.00000e+00  
131.9 6.8188e+01  14 1.00000e+00  
132.0 6.8275e+01  14 1.00000e+00  
132.1 6.8363e+01  14 1.00000e+00  
132.2 6.8212e+01  14 1.00000e+00  
132.3 6.8299e+01  14 1.00000e+00  
132.4 6.8386e+01  14 1.00000e+00  
132.5 6.8473e+01  14 1.00000e+00  
132.6 6.8560e+01  14 1.00000e+00  
132.7 6.8647e+01  14 1.00000e+00  
132.8 6.8733e+01  14 1.00000e+00  
132.9 6.8820e+01  14 1.00000e+00  
133.0 6.7890e+01  14 1.00000e+00  
133.1 6.7977e+01  14 1.00000e+00  
133.2 6.8064e+01  14 1.00000e+00  
133.3 6.8150e+01  14 1.00000e+00  
133.4 6.8237e+01  14 1.00000e+00  
133.5 6.8324e+01  14 1.00000e+00  
133.6 6.8410e+01  14 1.00000e+00  
133.7 6.8497e+01  14 1.00000e+00  
133.8 6.8584e+01  14 1.00000e+00  
133.9 6.8670e+01  14 1.00000e+00  
134.0 6.8757e+01  14 1.00000e+00  
134.1 6.8844e+01  14 1.00000e+00  
134.2 6.8930e+01  14 1.00000e+00  
134.3 6.9017e+01  14 1.00000e+00  
134.4 6.9103e+01  14 1.00000e+00  
134.5 6.9190e+01  14 1.00000e+00  
134.6 6.9276e+01  14 1.00000e+00  
134.7 6.9363e+01  14 1.00000e+00  
134.8 6.9450e+01  14 1.00000e+00  
134.9 6.9536e+01  14 1.00000e+00  
135.0 6.9623e+01  14 1.00000e+00  
135.1 6.9709e+01  14 1.00000e+00  
135.2 6.9795e+01  14 1.00000e+00  
135.3 6.9882e+01  14 1.00000e+00  
135.4 6.8597e+01  14 1.00000e+00  
135.5 6.8683e+01  14 1.00000e+00  
135.6 6.8768e+01  14 1.00000e+00  
135.7 6.7821e+01  14 1.00000e+00  
135.8 6.7907e+01  14 1.00000e+00  
135.9 6.7992e+01  14 1.00000e+00  
136.0 6.8077e+01  14 1.00000e+00  
136.1 6.8162e+01  14 1.00000e+00  
136.2 6.8247e+01  14 1.00000e+00  
136.3 6.8332e+01  14 1.00000e+00  
136.4 6.8418e+01  14 1.00000e+00  
136.5 6.8503e+01  14 1.00000e+00  
136.6 6.8588e+01  14 1.00000e+00  
136.7 6.8673e+01  14 1.00000e+00  
136.8 6.8758e+01  14 1.00000e+00  
136.9 6.8843e+01  14 1.00000e+00  
137.0 6.8929e+01  14 1.00000e+00  
137.1 6.9014e+01  14 1.00000e+00  
137.2 6.9099e+01  14 1.00000e+00  
137.3 6.9184e+01  14 1.00000e+00  
137.4 6.9269e+01  14 1.00000e+00  
137.5 6.9354e+01  14 1.00000e+00  
137.6 6.9439e+01  14 1.00000e+00  
137.7 6.9524e+01  14 1.00000e+00  
137.8 6.9609e+01  14 1.00000e+00  
137.9 6.9694e+01  14 1.00000e+00  
138.0 6.9779e+01  14 1.00000e+00  
138.1 6.9864e+01  14 1.00000e+00  
138.2 6.9949e+01  14 1.00000e+00  
138.3 7.0034e+01  14 1.00000e+00  
138.4 7.0119e+01  14 1.00000e+00  
138.5 7.0204e+01  14 1.00000e+00  
138.6 7.0289e+01  14 1.00000e+00  
138.7 7.0374e+01  14 1.00000e+00  
138.8 7.0459e+01  14 1.00000e+00  
138.9 7.0544e+01  14 1.00000e+00  
139.0 7.0629e+01  14 1.00000e+00  
139.1 7.0714e+01  14 1.00000e+00  
139.2 7.0799e+01  14 1.00000e+00  
139.3 7.0884e+01  14 1.00000e+00  
139.4 7.0969e+01  14 1.00000e+00  
139.5 7.0291e+01  14 1.00000e+00  
139.6 7.0376e+01  14 1.00000e+00  
139.7 7.0461e+01  14 1.00000e+00  
139.8 7.0546e+01  14 1.00000e+00  
139.9 7.0632e+01  14 1.00000e+00  
140.0 7.0717e+01  14 1.00000e+00  
140.1 7.0802e+01  14 1.00000e+00  
140.2 7.0887e+01  14 1.00000e+00  
140.3 7.0972e+01  14 1.00000e+00  
140.4 7.1057e+01  14 1.00000e+00  
140.5 7.1142e+01  14 1.00000e+00  
140.6 7.1227e+01  14 1.00000e+00  
140.7 7.1312e+01  14 1.00000e+00  
140.8 7.1397e+01  14 1.00000e+00  
140.9 7.1482e+01  14 1.00000e+00  
141.0 7.1567e+01  14 1.00000e+00  
141.1 7.1652e+01  14 1.00000e+00  
141.2 7.1737e+01  14 1.00000e+00  
141.3 7.1821e+01  14 1.00000e+00  
141.4 7.1906e+01  14 1.00000e+00  
141.5 7.1991e+01  14 1.00000e+00  
141.6 7.2076e+01  14 1.00000e+00  
141.7 7.2161e+01  14 1.00000e+00  
141.8 7.2246e+01  14 1.00000e+00  
141.9 7.2331e+01  14 1.00000e+00  
142.0 7.2416e+01  14 1.00000e+00  
142.1 7.2501e+01  14 1.00000e+00  
142.2 7.2586e+01  14 1.00000e+00  
142.3 7.2670e+01  14 1.00000e+00  
142.4 7.2755e+01  14 1.00000e+00  
142.5 7.2840e+01  14 1.00000e+00  
142.6 7.2925e+01  14 1.00000e+00  
142.7 7.3010e+01  14 1.00000e+00  
142.8 7.3095e+01  14 1.00000e+00  
142.9 7.3179e+01  14 1.00000e+00  
143.0 7.3264e+01  14 1.00000e+00  
143.1 7.3349e+01  14 1.00000e+00  
143.2 7.3434e+01  14 1.00000e+00  
143.3 7.3518e+01  14 1.00000e+00  
143.4 7.3603e+01  14 1.00000e+00  
143.5 7.3688e+01  14 1.00000e+00  
143.6 7.3773e+01  14 1.00000e+00  
143.7 7.3857e+01  14 1.00000e+00  
143.8 6.8650e+01  14 1.00000e+00  
143.9 6.8731e+01  14 1.00000e+00  
144.0 6.8812e+01  14 1.00000e+00  
144.1 6.8893e+01  14 1.00000e+00  
144.2 6.8974e+01  14 1.00000e+00  
144.3 6.9055e+01  14 1.00000e+00  
144.4 6.9136e+01  14 1.00000e+00  
144.5 6.9217e+01  14 1.00000e+00  
144.6 6.9297e+01  14 1.00000e+00  
144.7 6.9378e+01  14 1.00000e+00  
144.8 6.9459e+01  14 1.00000e+00  
144.9 6.9540e+01  14 1.00000e+00  
145.0 6.9621e+01  14 1.00000e+00  
145.1 6.9702e+01  14 1.00000e+00  
145.2 6.9782e+01  14 1.00000e+00  
145.3 6.9863e+01  14 1.00000e+00  
145.4 6.9944e+01  14 1.00000e+00  
145.5 7.0025e+01  14 1.00000e+00  
145.6 7.0105e+01  14 1.00000e+00  
145.7 7.0186e+01  14 1.00000e+00  
145.8 7.0267e+01  14 1.00000e+00  
145.9 7.0348e+01  14 1.00000e+00  
146.0 7.0428e+01  14 1.00000e+00  
146.1 7.0509e+01  14 1.00000e+00  
146.2 7.0590e+01  14 1.00000e+00  
146.3 7.0670e+01  14 1.00000e+00  
146.4 7.0751e+01  14 1.00000e+00  
146.5 7.0832e+01  14 1.00000e+00  
146.6 7.0912e+01  14 1.00000e+00  
146.7 7.0993e+01  14 1.00000e+00  
146.8 7.1074e+01  14 1.00000e+00  
146.9 7.1154e+01  14 1.00000e+00  
147.0 7.1235e+01  14 1.00000e+00  
147.1 7.1316e+01  14 1.00000e+00  
147.2 7.1396e+01  14 1.00000e+00  
147.3 7.1477e+01  14 1.00000e+00  
147.4 7.0823e+01  14 1.00000e+00  
147.5 7.0904e+01  14 1.00000e+00  
147.6 7.0984e+01  14 1.00000e+00  
147.7 7.1065e+01  14 1.00000e+00  
147.8 7.1146e+01  14 1.00000e+00  
147.9 7.1226e+01  14 1.00000e+00  
148.0 7.1307e+01  14 1.00000e+00  
148.1 7.1388e+01  14 1.00000e+00  
148.2 7.1468e+01  14 1.00000e+00  
148.3 7.1549e+01  14 1.00000e+00  
148.4 7.1630e+01  14 1.00000e+00  
148.5 7.1710e+01  14 1.00000e+00  
148.6 7.1791e+01  14 1.00000e+00  
148.7 7.1872e+01  14 1.00000e+00  
148.8 7.1952e+01  14 1.00000e+00  
148.9 7.2033e+01  14 1.00000e+00  
149.0 7.2114e+01  14 1.00000e+00  
149.1 7.2194e+01  14 1.00000e+00  
149.2 7.2275e+01  14 1.00000e+00  
149.3 7.2355e+01  14 1.00000e+00  
149.4 7.2436e+01  14 1.00000e+00  
149.5 7.2517e+01  14 1.00000e+00  
149.6 7.2597e+01  14 1.00000e+00  
149.7 7.2678e+01  14 1.00000e+00  
149.8 7.2758e+01  14 1.00000e+00  
149.9 7.2839e+01  14 1.00000e+00  
150.0 7.2919e+01  14 1.00000e+00  
