 15.1 1.3456e+00  13 4.55472e-02  
 15.2 1.3565e+00  13 4.65169e-02  
 15.3 1.3639e+00  13 4.71635e-02  
 15.4 1.3714e+00  13 4.78115e-02  
 15.5 1.3788e+00  13 4.84664e-02  
 15.6 1.3862e+00  13 4.91178e-02  
 15.7 1.3936e+00  13 4.97677e-02  
 15.8 1.4011e+00  13 5.04157e-02  
 15.9 1.4085e+00  13 5.10623e-02  
 16.0 1.4159e+00  13 5.17074e-02  
 16.1 1.4233e+00  13 5.23511e-02  
 16.2 1.4307e+00  13 5.29941e-02  
 16.3 1.4381e+00  13 5.36108e-02  
 16.4 1.4456e+00  13 5.42504e-02  
 16.5 1.4530e+00  13 5.48897e-02  
 16.6 1.4603e+00  13 5.55278e-02  
 16.7 1.4677e+00  13 5.61656e-02  
 16.8 1.4751e+00  13 5.68032e-02  
 16.9 1.4825e+00  13 5.74414e-02  
 17.0 1.4995e+00  13 5.88870e-02  
 17.1 1.5071e+00  13 5.95434e-02  
 17.2 1.5147e+00  13 6.02012e-02  
 17.3 1.5223e+00  13 6.08603e-02  
 17.4 1.5299e+00  13 6.15212e-02  
 17.5 1.5375e+00  13 6.21840e-02  
 17.6 1.5451e+00  13 6.28461e-02  
 17.7 1.5526e+00  13 6.34807e-02  
 17.8 1.5602e+00  13 6.41474e-02  
 17.9 1.5678e+00  13 6.48172e-02  
 18.0 1.5754e+00  13 6.54898e-02  
 18.1 1.5829e+00  13 6.61647e-02  
 18.2 1.5905e+00  13 6.68445e-02  
 18.3 1.5981e+00  13 6.74922e-02  
 18.4 1.6057e+00  13 6.81725e-02  
 18.5 1.6132e+00  13 6.88596e-02  
 18.6 1.6208e+00  13 6.95495e-02  
 18.7 1.6283e+00  13 7.02455e-02  
 18.8 1.6359e+00  13 7.09446e-02  
 18.9 1.6434e+00  13 7.16066e-02  
 19.0 1.6510e+00  13 7.23123e-02  
 19.1 1.6585e+00  13 7.30225e-02  
 19.2 1.6661e+00  13 7.37388e-02  
 19.3 1.6736e+00  13 7.44614e-02  
 19.4 1.6811e+00  13 7.51888e-02  
 19.5 1.6887e+00  13 7.58728e-02  
 19.6 1.6987e+00  13 7.69210e-02  
 19.7 1.7100e+00  13 7.81524e-02  
 19.8 1.7215e+00  13 7.94024e-02  
 19.9 1.7330e+00  13 8.06735e-02  
 20.0 1.7446e+00  13 8.19100e-02  
 20.1 1.7563e+00  13 8.32161e-02  
 20.2 1.7680e+00  13 8.45454e-02  
 20.3 1.7798e+00  13 8.58964e-02  
 20.4 1.7917e+00  13 8.72706e-02  
 20.5 1.8036e+00  13 8.86043e-02  
 20.6 1.8157e+00  13 9.00185e-02  
 20.7 1.8253e+00  13 9.11588e-02  
 20.8 1.8374e+00  13 9.26130e-02  
 20.9 1.8475e+00  13 9.38457e-02  
 21.0 1.8596e+00  13 9.52512e-02  
 21.1 1.8718e+00  13 9.67579e-02  
 21.2 1.8841e+00  13 9.82917e-02  
 21.3 1.8965e+00  13 9.98516e-02  
 21.4 1.9089e+00  13 1.01441e-01  
 21.5 1.9215e+00  13 1.02986e-01  
 21.6 1.1349e+01  14 1.00000e+00  
 21.7 1.1324e+01  14 1.00000e+00  
 21.8 1.1297e+01  14 1.00000e+00  
 21.9 1.1275e+01  14 1.00000e+00  
 22.0 1.1251e+01  14 1.00000e+00  
 22.1 1.1223e+01  14 1.00000e+00  
 22.2 1.1193e+01  14 1.00000e+00  
 22.3 1.1163e+01  14 1.00000e+00  
 22.4 1.1139e+01  14 1.00000e+00  
 22.5 1.1109e+01  14 1.00000e+00  
 22.6 1.1076e+01  14 1.00000e+00  
 22.7 1.1043e+01  14 1.00000e+00  
 22.8 1.1008e+01  14 1.00000e+00  
 22.9 1.0983e+01  14 1.00000e+00  
 23.0 1.0947e+01  14 1.00000e+00  
 23.1 1.0910e+01  14 1.00000e+00  
 23.2 1.0873e+01  14 1.00000e+00  
 23.3 1.0836e+01  14 1.00000e+00  
 23.4 1.0790e+01  14 1.00000e+00  
 23.5 1.0750e+01  14 1.00000e+00  
 23.6 1.0710e+01  14 1.00000e+00  
 23.7 1.0670e+01  14 1.00000e+00  
 23.8 1.0628e+01  14 1.00000e+00  
 23.9 1.0597e+01  14 1.00000e+00  
 24.0 1.0555e+01  14 1.00000e+00  
 24.1 1.0499e+01  14 1.00000e+00  
 24.2 1.0456e+01  14 1.00000e+00  
 24.3 1.0412e+01  14 1.00000e+00  
 24.4 1.0376e+01  14 1.00000e+00  
 24.5 1.0338e+01  14 1.00000e+00  
 24.6 1.0294e+01  14 1.00000e+00  
 24.7 1.0249e+01  14 1.00000e+00  
 24.8 1.0203e+01  14 1.00000e+00  
 24.9 1.0158e+01  14 1.00000e+00  
 25.0 5.5046e+00  14 4.99895e-01  
 25.1 5.5368e+00  14 5.05217e-01  
 25.2 5.5682e+00  14 5.11457e-01  
 25.3 5.5984e+00  14 5.18857e-01  
 25.4 5.6277e+00  14 5.26115e-01  
 25.5 5.6496e+00  14 5.43026e-01  
 25.6 5.6694e+00  14 5.58739e-01  
 25.7 5.6896e+00  14 5.70923e-01  
 25.8 5.7065e+00  14 5.84673e-01  
 25.9 5.7201e+00  14 5.99574e-01  
 26.0 5.7450e+00  14 6.02317e-01  
 26.1 5.7725e+00  14 6.02969e-01  
 26.2 5.8011e+00  14 6.03395e-01  
 26.3 5.8300e+00  14 6.04036e-01  
 26.4 5.8600e+00  14 6.04484e-01  
 26.5 5.8903e+00  14 6.05165e-01  
 26.6 5.9206e+00  14 6.06250e-01  
 26.7 5.9519e+00  14 6.07146e-01  
 26.8 5.9844e+00  14 6.07874e-01  
 26.9 6.0154e+00  14 6.09535e-01  
 27.0 6.0374e+00  14 6.14860e-01  
 27.1 6.0612e+00  14 6.19324e-01  
 27.2 6.0857e+00  14 6.23471e-01  
 27.3 6.1130e+00  14 6.26594e-01  
 27.4 6.1457e+00  14 6.28036e-01  
 27.5 6.0782e+00  14 6.17900e-01  
 27.6 6.1133e+00  14 6.20550e-01  
 27.7 6.1064e+00  14 6.32132e-01  
 27.8 6.1186e+00  14 6.32653e-01  
 27.9 6.1300e+00  14 6.33143e-01  
 28.0 6.1444e+00  14 6.33767e-01  
 28.1 6.1567e+00  14 6.34307e-01  
 28.2 6.1668e+00  14 6.34752e-01  
 28.3 6.1812e+00  14 6.35385e-01  
 28.4 6.1935e+00  14 6.35934e-01  
 28.5 6.2120e+00  14 6.36767e-01  
 28.6 6.2197e+00  14 6.37113e-01  
 28.7 6.2407e+00  14 6.38068e-01  
 28.8 6.2478e+00  14 6.38396e-01  
 28.9 6.2633e+00  14 6.39108e-01  
 29.0 6.2769e+00  14 6.39736e-01  
 29.1 6.2871e+00  14 6.40213e-01  
 29.2 6.3059e+00  14 6.41088e-01  
 29.3 6.3256e+00  14 6.42013e-01  
 29.4 6.3385e+00  14 6.42598e-01  
 29.5 6.3517e+00  14 6.43206e-01  
 29.6 6.3641e+00  14 6.43774e-01  
 29.7 6.3844e+00  14 6.44711e-01  
 29.8 6.4044e+00  14 6.45644e-01  
 29.9 6.4111e+00  14 6.45958e-01  
 30.0 6.4272e+00  14 6.46713e-01  
 30.1 6.4404e+00  14 6.47335e-01  
 30.2 6.4587e+00  14 6.48204e-01  
 30.3 6.4724e+00  14 6.48858e-01  
 30.4 6.4886e+00  14 6.49635e-01  
 30.5 6.5040e+00  14 6.50378e-01  
 30.6 6.5212e+00  14 6.51208e-01  
 30.7 6.5324e+00  14 6.51750e-01  
 30.8 6.5520e+00  14 6.52707e-01  
 30.9 6.5694e+00  14 6.53558e-01  
 31.0 6.5824e+00  14 6.54196e-01  
 31.1 6.6007e+00  14 6.55096e-01  
 31.2 6.6168e+00  14 6.55893e-01  
 31.3 6.6296e+00  14 6.56524e-01  
 31.4 6.6346e+00  14 6.56774e-01  
 31.5 6.6524e+00  14 6.57663e-01  
 31.6 6.6695e+00  14 6.58515e-01  
 31.7 6.6861e+00  14 6.59346e-01  
 31.8 6.7016e+00  14 6.60127e-01  
 31.9 6.7181e+00  14 6.60957e-01  
 32.0 6.7310e+00  14 6.61612e-01  
 32.1 6.7528e+00  14 6.62715e-01  
 32.2 6.7785e+00  14 6.64022e-01  
 32.3 6.7918e+00  14 6.64704e-01  
 32.4 6.8025e+00  14 6.65249e-01  
 32.5 6.8208e+00  14 6.66189e-01  
 32.6 6.8375e+00  14 6.67049e-01  
 32.7 6.8503e+00  14 6.67708e-01  
 32.8 6.8680e+00  14 6.68625e-01  
 32.9 6.8907e+00  14 6.69801e-01  
 33.0 6.9060e+00  14 6.70595e-01  
 33.1 6.9203e+00  14 6.71340e-01  
 33.2 6.9378e+00  14 6.72252e-01  
 33.3 6.9479e+00  14 6.72782e-01  
 33.4 6.9721e+00  14 6.74047e-01  
 33.5 6.9844e+00  14 6.74689e-01  
 33.6 7.0036e+00  14 6.75699e-01  
 33.7 7.0154e+00  14 6.76321e-01  
 33.8 7.0335e+00  14 6.77274e-01  
 33.9 7.0458e+00  14 6.77921e-01  
 34.0 7.0651e+00  14 6.78945e-01  
 34.1 7.0906e+00  14 6.80297e-01  
 34.2 7.1030e+00  14 6.80950e-01  
 34.3 7.1161e+00  14 6.81650e-01  
 34.4 7.1398e+00  14 6.82911e-01  
 34.5 7.1562e+00  14 6.83785e-01  
 34.6 7.1645e+00  14 6.84227e-01  
 34.7 7.1799e+00  14 6.85046e-01  
 34.8 7.2059e+00  14 6.86437e-01  
 34.9 7.2182e+00  14 6.87099e-01  
 35.0 7.2462e+00  14 6.88597e-01  
 35.1 7.2571e+00  14 6.89185e-01  
 35.2 7.2752e+00  14 6.90157e-01  
 35.3 7.2928e+00  14 6.91104e-01  
 35.4 7.2970e+00  14 6.91333e-01  
 35.5 7.3283e+00  14 6.93019e-01  
 35.6 7.3430e+00  14 6.93813e-01  
 35.7 7.3532e+00  14 6.94368e-01  
 35.8 7.3715e+00  14 6.95358e-01  
 35.9 7.4004e+00  14 6.96923e-01  
 36.0 7.4101e+00  14 6.97453e-01  
 36.1 7.4410e+00  14 6.99128e-01  
 36.2 7.4530e+00  14 6.99778e-01  
 36.3 7.4782e+00  14 7.01152e-01  
 36.4 7.4904e+00  14 7.01818e-01  
 36.5 7.5141e+00  14 7.03108e-01  
 36.6 7.5247e+00  14 7.03686e-01  
 36.7 7.5435e+00  14 7.04711e-01  
 36.8 7.5630e+00  14 7.05774e-01  
 36.9 7.5767e+00  14 7.06528e-01  
 37.0 7.6068e+00  14 7.08168e-01  
 37.1 7.6251e+00  14 7.09171e-01  
 37.2 7.6466e+00  14 7.10352e-01  
 37.3 7.6589e+00  14 7.11026e-01  
 37.4 7.6816e+00  14 7.12270e-01  
 37.5 7.6988e+00  14 7.13212e-01  
 37.6 7.7057e+00  14 7.13590e-01  
 37.7 7.7269e+00  14 7.14754e-01  
 37.8 7.7451e+00  14 7.15755e-01  
 37.9 7.7631e+00  14 7.16740e-01  
 38.0 7.7785e+00  14 7.17589e-01  
 38.1 7.7889e+00  14 7.18159e-01  
 38.2 7.8181e+00  14 7.19765e-01  
 38.3 7.8344e+00  14 7.20662e-01  
 38.4 7.8482e+00  14 7.21424e-01  
 38.5 7.8824e+00  14 7.23311e-01  
 38.6 7.8927e+00  14 7.23877e-01  
 38.7 7.9117e+00  14 7.24924e-01  
 38.8 7.9214e+00  14 7.25461e-01  
 38.9 7.9422e+00  14 7.26611e-01  
 39.0 7.9750e+00  14 7.28422e-01  
 39.1 7.9814e+00  14 7.28776e-01  
 39.2 8.0025e+00  14 7.29940e-01  
 39.3 8.0270e+00  14 7.31292e-01  
 39.4 8.0402e+00  14 7.32022e-01  
 39.5 8.0649e+00  14 7.33389e-01  
 39.6 8.0775e+00  14 7.34083e-01  
 39.7 8.1048e+00  14 7.35592e-01  
 39.8 8.1188e+00  14 7.36366e-01  
 39.9 8.1242e+00  14 7.36666e-01  
 40.0 8.1514e+00  14 7.38169e-01  
 40.1 8.1679e+00  14 7.39082e-01  
 40.2 8.1715e+00  14 7.39282e-01  
 40.3 8.2007e+00  14 7.40898e-01  
 40.4 8.2204e+00  14 7.41989e-01  
 40.5 8.2544e+00  14 7.43873e-01  
 40.6 8.2676e+00  14 7.44601e-01  
 40.7 8.2979e+00  14 7.46280e-01  
 40.8 8.3140e+00  14 7.47166e-01  
 40.9 8.3420e+00  14 7.48720e-01  
 41.0 8.3536e+00  14 7.49363e-01  
 41.1 8.3789e+00  14 7.50760e-01  
 41.2 8.3953e+00  14 7.51669e-01  
 41.3 8.4105e+00  14 7.52509e-01  
 41.4 8.4261e+00  14 7.53371e-01  
 41.5 8.4513e+00  14 7.54768e-01  
 41.6 8.4737e+00  14 7.56005e-01  
 41.7 8.4883e+00  14 7.56813e-01  
 41.8 8.4961e+00  14 7.57249e-01  
 41.9 8.5378e+00  14 7.59557e-01  
 42.0 8.5552e+00  14 7.60519e-01  
 42.1 8.5745e+00  14 7.61590e-01  
 42.2 8.5826e+00  14 7.62038e-01  
 42.3 8.6147e+00  14 7.63816e-01  
 42.4 8.6308e+00  14 7.64707e-01  
 42.5 8.6420e+00  14 7.65323e-01  
 42.6 8.6611e+00  14 7.66383e-01  
 42.7 8.6892e+00  14 7.67938e-01  
 42.8 8.6918e+00  14 7.68083e-01  
 42.9 8.7272e+00  14 7.70038e-01  
 43.0 8.7468e+00  14 7.71122e-01  
 43.1 8.7494e+00  14 7.71269e-01  
 43.2 8.6977e+00  14 7.68407e-01  
 43.3 8.5313e+00  14 7.59199e-01  
 43.4 8.4736e+00  14 7.56002e-01  
 43.5 8.4681e+00  14 7.55700e-01  
 43.6 8.4422e+00  14 7.54264e-01  
 43.7 8.4179e+00  14 7.52919e-01  
 43.8 8.3794e+00  14 7.50788e-01  
 43.9 8.3685e+00  14 7.50188e-01  
 44.0 8.3430e+00  14 7.48776e-01  
 44.1 8.2700e+00  14 7.44736e-01  
 44.2 8.2318e+00  14 7.42622e-01  
 44.3 8.1917e+00  14 7.40400e-01  
 44.4 8.1373e+00  14 7.37393e-01  
 44.5 8.1037e+00  14 7.35536e-01  
 44.6 8.0349e+00  14 7.31729e-01  
 44.7 8.0341e+00  14 7.31685e-01  
 44.8 8.0172e+00  14 7.30749e-01  
 44.9 8.0040e+00  14 7.30020e-01  
 45.0 7.9938e+00  14 7.29461e-01  
 45.1 7.9766e+00  14 7.28508e-01  
 45.2 7.9534e+00  14 7.27229e-01  
 45.3 7.9330e+00  14 7.26100e-01  
 45.4 7.8797e+00  14 7.23161e-01  
 45.5 7.8515e+00  14 7.21606e-01  
 45.6 7.8263e+00  14 7.20219e-01  
 45.7 7.7938e+00  14 7.18431e-01  
 45.8 7.7929e+00  14 7.18378e-01  
 45.9 7.7524e+00  14 7.16156e-01  
 46.0 7.6815e+00  14 7.12261e-01  
 46.1 7.6729e+00  14 7.11793e-01  
 46.2 7.6761e+00  14 7.11966e-01  
 46.3 7.6640e+00  14 7.11303e-01  
 46.4 7.6458e+00  14 7.10308e-01  
 46.5 7.6436e+00  14 7.10188e-01  
 46.6 7.6262e+00  14 7.09232e-01  
 46.7 7.6251e+00  14 7.09173e-01  
 46.8 7.5385e+00  14 7.04441e-01  
 46.9 7.6174e+00  14 7.08749e-01  
 47.0 7.6536e+00  14 7.10734e-01  
 47.1 7.6730e+00  14 7.11799e-01  
 47.2 7.6925e+00  14 7.12866e-01  
 47.3 7.7206e+00  14 7.14409e-01  
 47.4 7.7434e+00  14 7.15657e-01  
 47.5 7.7633e+00  14 7.16754e-01  
 47.6 7.7758e+00  14 7.17438e-01  
 47.7 7.8357e+00  14 7.20734e-01  
 47.8 7.8901e+00  14 7.23733e-01  
 47.9 7.9314e+00  14 7.26012e-01  
 48.0 7.9598e+00  14 7.27581e-01  
 48.1 7.9978e+00  14 7.29682e-01  
 48.2 8.0323e+00  14 7.31584e-01  
 48.3 8.0914e+00  14 7.34852e-01  
 48.4 8.1195e+00  14 7.36408e-01  
 48.5 8.1455e+00  14 7.37842e-01  
 48.6 8.1707e+00  14 7.39241e-01  
 48.7 8.1893e+00  14 7.40266e-01  
 48.8 8.2102e+00  14 7.41426e-01  
 48.9 8.2412e+00  14 7.43139e-01  
 49.0 8.2553e+00  14 7.43922e-01  
 49.1 8.2961e+00  14 7.46176e-01  
 49.2 8.3606e+00  14 7.49745e-01  
 49.3 8.4050e+00  14 7.52203e-01  
 49.4 8.4509e+00  14 7.54748e-01  
 49.5 8.4943e+00  14 7.57150e-01  
 49.6 8.5341e+00  14 7.59350e-01  
 49.7 8.5601e+00  14 7.60792e-01  
 49.8 8.6345e+00  14 7.64911e-01  
 49.9 8.6693e+00  14 7.66838e-01  
 50.0 8.6923e+00  14 7.68107e-01  
 50.1 8.7072e+00  14 7.68932e-01  
 50.2 8.7388e+00  14 7.70680e-01  
 50.3 8.7555e+00  14 7.71606e-01  
 50.4 8.7882e+00  14 7.73413e-01  
 50.5 8.8121e+00  14 7.74733e-01  
 50.6 8.8605e+00  14 7.77406e-01  
 50.7 8.9196e+00  14 7.80667e-01  
 50.8 8.9761e+00  14 7.83786e-01  
 50.9 9.0244e+00  14 7.86452e-01  
 51.0 9.0697e+00  14 7.88945e-01  
 51.1 9.0980e+00  14 7.90502e-01  
 51.2 9.1472e+00  14 7.93214e-01  
 51.3 9.2071e+00  14 7.96506e-01  
 51.4 9.2443e+00  14 7.98552e-01  
 51.5 9.2831e+00  14 8.00685e-01  
 51.6 9.2971e+00  14 8.01453e-01  
 51.7 9.3347e+00  14 8.03518e-01  
 51.8 9.3704e+00  14 8.05477e-01  
 51.9 9.3830e+00  14 8.06169e-01  
 52.0 9.4252e+00  14 8.08481e-01  
 52.1 9.4622e+00  14 8.10511e-01  
 52.2 9.4970e+00  14 8.12418e-01  
 52.3 9.5662e+00  14 8.16205e-01  
 52.4 9.6316e+00  14 8.19778e-01  
 52.5 9.6834e+00  14 8.22601e-01  
 52.6 9.7146e+00  14 8.24306e-01  
 52.7 9.7722e+00  14 8.27440e-01  
 52.8 9.8073e+00  14 8.29352e-01  
 52.9 9.8909e+00  14 8.33899e-01  
 53.0 9.9022e+00  14 8.34511e-01  
 53.1 9.9523e+00  14 8.37234e-01  
 53.2 9.9884e+00  14 8.39191e-01  
 53.3 1.0008e+01  14 8.40268e-01  
 53.4 1.0051e+01  14 8.42554e-01  
 53.5 1.0066e+01  14 8.43368e-01  
 53.6 1.0097e+01  14 8.45078e-01  
 53.7 1.0136e+01  14 8.47178e-01  
 53.8 1.0205e+01  14 8.50924e-01  
 53.9 1.0254e+01  14 8.53541e-01  
 54.0 1.0329e+01  14 8.57591e-01  
 54.1 1.0385e+01  14 8.60620e-01  
 54.2 1.0426e+01  14 8.62799e-01  
 54.3 1.0487e+01  14 8.66107e-01  
 54.4 1.0534e+01  14 8.68576e-01  
 54.5 1.0560e+01  14 8.70014e-01  
 54.6 1.0642e+01  14 8.74400e-01  
 54.7 1.0676e+01  14 8.76198e-01  
 54.8 1.0733e+01  14 8.79228e-01  
 54.9 1.0747e+01  14 8.80001e-01  
 55.0 1.0801e+01  14 8.82856e-01  
 55.1 1.0829e+01  14 8.84345e-01  
 55.2 1.0867e+01  14 8.86355e-01  
 55.3 1.0891e+01  14 8.87626e-01  
 55.4 1.0942e+01  14 8.90369e-01  
 55.5 1.0993e+01  14 8.93061e-01  
 55.6 1.1061e+01  14 8.96651e-01  
 55.7 1.1132e+01  14 9.00422e-01  
 55.8 1.1196e+01  14 9.03809e-01  
 55.9 1.1253e+01  14 9.06806e-01  
 56.0 1.1287e+01  14 9.08553e-01  
 56.1 1.1354e+01  14 9.12126e-01  
 56.2 1.1393e+01  14 9.14164e-01  
 56.3 1.1439e+01  14 9.16546e-01  
 56.4 1.1519e+01  14 9.20766e-01  
 56.5 1.1566e+01  14 9.23211e-01  
 56.6 1.1606e+01  14 9.25323e-01  
 56.7 1.1634e+01  14 9.26758e-01  
 56.8 1.1671e+01  14 9.28712e-01  
 56.9 1.1696e+01  14 9.29983e-01  
 57.0 1.1751e+01  14 9.32847e-01  
 57.1 1.1798e+01  14 9.35311e-01  
 57.2 1.1864e+01  14 9.38748e-01  
 57.3 1.1912e+01  14 9.41212e-01  
 57.4 1.1973e+01  14 9.44390e-01  
 57.5 1.2043e+01  14 9.48009e-01  
 57.6 1.2125e+01  14 9.52218e-01  
 57.7 1.2185e+01  14 9.55303e-01  
 57.8 1.2236e+01  14 9.57902e-01  
 57.9 1.2288e+01  14 9.60591e-01  
 58.0 1.2346e+01  14 9.63584e-01  
 58.1 1.2395e+01  14 9.66055e-01  
 58.2 1.2459e+01  14 9.69354e-01  
 58.3 1.2539e+01  14 9.73425e-01  
 58.4 1.2567e+01  14 9.74874e-01  
 58.5 1.2597e+01  14 9.76399e-01  
 58.6 1.2649e+01  14 9.79023e-01  
 58.7 1.2674e+01  14 9.80315e-01  
 58.8 1.2724e+01  14 9.82830e-01  
 58.9 1.2771e+01  14 9.85254e-01  
 59.0 1.2821e+01  14 9.87750e-01  
 59.1 1.2907e+01  14 9.92133e-01  
 59.2 1.2955e+01  14 9.94567e-01  
 59.3 1.3030e+01  14 9.98309e-01  
 59.4 1.3084e+01  14 1.00000e+00  
 59.5 1.3109e+01  14 1.00000e+00  
 59.6 1.3133e+01  14 1.00000e+00  
 59.7 1.3156e+01  14 1.00000e+00  
 59.8 1.3174e+01  14 1.00000e+00  
 59.9 1.3196e+01  14 1.00000e+00  
 60.0 1.3215e+01  14 1.00000e+00  
 60.1 1.3248e+01  14 1.00000e+00  
 60.2 1.3262e+01  14 1.00000e+00  
 60.3 1.3286e+01  14 1.00000e+00  
 60.4 1.3301e+01  14 1.00000e+00  
 60.5 1.3316e+01  14 1.00000e+00  
 60.6 1.3334e+01  14 1.00000e+00  
 60.7 1.3342e+01  14 1.00000e+00  
 60.8 1.3364e+01  14 1.00000e+00  
 60.9 1.3399e+01  14 1.00000e+00  
 61.0 1.3425e+01  14 1.00000e+00  
 61.1 1.3448e+01  14 1.00000e+00  
 61.2 1.3466e+01  14 1.00000e+00  
 61.3 1.3505e+01  14 1.00000e+00  
 61.4 1.3532e+01  14 1.00000e+00  
 61.5 1.3557e+01  14 1.00000e+00  
 61.6 1.3579e+01  14 1.00000e+00  
 61.7 1.3602e+01  14 1.00000e+00  
 61.8 1.3619e+01  14 1.00000e+00  
 61.9 1.3640e+01  14 1.00000e+00  
 62.0 1.3658e+01  14 1.00000e+00  
 62.1 1.3695e+01  14 1.00000e+00  
 62.2 1.3708e+01  14 1.00000e+00  
 62.3 1.3723e+01  14 1.00000e+00  
 62.4 1.3740e+01  14 1.00000e+00  
 62.5 1.3758e+01  14 1.00000e+00  
 62.6 1.3775e+01  14 1.00000e+00  
 62.7 1.3791e+01  14 1.00000e+00  
 62.8 1.3819e+01  14 1.00000e+00  
 62.9 1.3850e+01  14 1.00000e+00  
 63.0 1.3875e+01  14 1.00000e+00  
 63.1 1.3899e+01  14 1.00000e+00  
 63.2 1.3922e+01  14 1.00000e+00  
 63.3 1.3949e+01  14 1.00000e+00  
 63.4 1.3977e+01  14 1.00000e+00  
 63.5 1.3997e+01  14 1.00000e+00  
 63.6 1.4027e+01  14 1.00000e+00  
 63.7 1.4042e+01  14 1.00000e+00  
 63.8 1.4071e+01  14 1.00000e+00  
 63.9 1.4091e+01  14 1.00000e+00  
 64.0 1.4109e+01  14 1.00000e+00  
 64.1 1.4134e+01  14 1.00000e+00  
 64.2 1.4164e+01  14 1.00000e+00  
 64.3 1.4180e+01  14 1.00000e+00  
 64.4 1.4197e+01  14 1.00000e+00  
 64.5 1.4207e+01  14 1.00000e+00  
 64.6 1.4225e+01  14 1.00000e+00  
 64.7 1.4245e+01  14 1.00000e+00  
 64.8 1.4265e+01  14 1.00000e+00  
 64.9 1.4288e+01  14 1.00000e+00  
 65.0 1.4320e+01  14 1.00000e+00  
 65.1 1.4344e+01  14 1.00000e+00  
 65.2 1.4374e+01  14 1.00000e+00  
 65.3 1.4396e+01  14 1.00000e+00  
 65.4 1.4423e+01  14 1.00000e+00  
 65.5 1.4455e+01  14 1.00000e+00  
 65.6 1.4480e+01  14 1.00000e+00  
 65.7 1.4504e+01  14 1.00000e+00  
 65.8 1.4522e+01  14 1.00000e+00  
 65.9 1.4545e+01  14 1.00000e+00  
 66.0 1.4565e+01  14 1.00000e+00  
 66.1 1.4584e+01  14 1.00000e+00  
 66.2 1.4605e+01  14 1.00000e+00  
 66.3 1.4640e+01  14 1.00000e+00  
 66.4 1.4656e+01  14 1.00000e+00  
 66.5 1.4669e+01  14 1.00000e+00  
 66.6 1.4685e+01  14 1.00000e+00  
 66.7 1.4705e+01  14 1.00000e+00  
 66.8 1.4713e+01  14 1.00000e+00  
 66.9 1.4742e+01  14 1.00000e+00  
 67.0 1.4768e+01  14 1.00000e+00  
 67.1 1.4802e+01  14 1.00000e+00  
 67.2 1.4828e+01  14 1.00000e+00  
 67.3 1.4847e+01  14 1.00000e+00  
 67.4 1.4875e+01  14 1.00000e+00  
 67.5 1.4893e+01  14 1.00000e+00  
 67.6 1.4928e+01  14 1.00000e+00  
 67.7 1.4956e+01  14 1.00000e+00  
 67.8 1.4987e+01  14 1.00000e+00  
 67.9 1.5001e+01  14 1.00000e+00  
 68.0 1.5032e+01  14 1.00000e+00  
 68.1 1.5048e+01  14 1.00000e+00  
 68.2 1.5061e+01  14 1.00000e+00  
 68.3 1.5081e+01  14 1.00000e+00  
 68.4 1.5123e+01  14 1.00000e+00  
 68.5 1.5149e+01  14 1.00000e+00  
 68.6 1.5165e+01  14 1.00000e+00  
 68.7 1.5181e+01  14 1.00000e+00  
 68.8 1.5194e+01  14 1.00000e+00  
 68.9 1.5212e+01  14 1.00000e+00  
 69.0 1.5231e+01  14 1.00000e+00  
 69.1 1.5247e+01  14 1.00000e+00  
 69.2 1.5278e+01  14 1.00000e+00  
 69.3 1.5301e+01  14 1.00000e+00  
 69.4 1.5324e+01  14 1.00000e+00  
 69.5 1.5361e+01  14 1.00000e+00  
 69.6 1.5380e+01  14 1.00000e+00  
 69.7 1.5407e+01  14 1.00000e+00  
 69.8 1.5431e+01  14 1.00000e+00  
 69.9 1.5460e+01  14 1.00000e+00  
 70.0 1.5490e+01  14 1.00000e+00  
 70.1 1.5514e+01  14 1.00000e+00  
 70.2 1.5536e+01  14 1.00000e+00  
 70.3 1.5560e+01  14 1.00000e+00  
 70.4 1.5570e+01  14 1.00000e+00  
 70.5 1.5591e+01  14 1.00000e+00  
 70.6 1.5609e+01  14 1.00000e+00  
 70.7 1.5626e+01  14 1.00000e+00  
 70.8 1.5664e+01  14 1.00000e+00  
 70.9 1.5694e+01  14 1.00000e+00  
 71.0 1.5710e+01  14 1.00000e+00  
 71.1 1.5721e+01  14 1.00000e+00  
 71.2 1.5744e+01  14 1.00000e+00  
 71.3 1.5754e+01  14 1.00000e+00  
 71.4 1.5773e+01  14 1.00000e+00  
 71.5 1.5805e+01  14 1.00000e+00  
 71.6 1.5836e+01  14 1.00000e+00  
 71.7 1.5865e+01  14 1.00000e+00  
 71.8 1.5893e+01  14 1.00000e+00  
 71.9 1.5914e+01  14 1.00000e+00  
 72.0 1.5943e+01  14 1.00000e+00  
 72.1 1.5966e+01  14 1.00000e+00  
 72.2 1.5982e+01  14 1.00000e+00  
 72.3 1.6027e+01  14 1.00000e+00  
 72.4 1.6052e+01  14 1.00000e+00  
 72.5 1.6081e+01  14 1.00000e+00  
 72.6 1.6104e+01  14 1.00000e+00  
 72.7 1.6119e+01  14 1.00000e+00  
 72.8 1.6144e+01  14 1.00000e+00  
 72.9 1.6163e+01  14 1.00000e+00  
 73.0 1.6170e+01  14 1.00000e+00  
 73.1 1.6190e+01  14 1.00000e+00  
 73.2 1.6218e+01  14 1.00000e+00  
 73.3 1.6255e+01  14 1.00000e+00  
 73.4 1.6271e+01  14 1.00000e+00  
 73.5 1.6281e+01  14 1.00000e+00  
 73.6 1.6306e+01  14 1.00000e+00  
 73.7 1.6320e+01  14 1.00000e+00  
 73.8 1.6332e+01  14 1.00000e+00  
 73.9 1.6364e+01  14 1.00000e+00  
 74.0 1.6401e+01  14 1.00000e+00  
 74.1 1.6424e+01  14 1.00000e+00  
 74.2 1.6448e+01  14 1.00000e+00  
 74.3 1.6485e+01  14 1.00000e+00  
 74.4 1.6499e+01  14 1.00000e+00  
 74.5 1.6525e+01  14 1.00000e+00  
 74.6 1.6557e+01  14 1.00000e+00  
 74.7 1.6594e+01  14 1.00000e+00  
 74.8 1.6620e+01  14 1.00000e+00  
 74.9 1.6619e+01  14 1.00000e+00  
 75.0 1.6639e+01  14 1.00000e+00  
 75.1 1.6660e+01  14 1.00000e+00  
 75.2 1.6708e+01  14 1.00000e+00  
 75.3 1.6733e+01  14 1.00000e+00  
 75.4 1.6751e+01  14 1.00000e+00  
 75.5 1.6769e+01  14 1.00000e+00  
 75.6 1.6788e+01  14 1.00000e+00  
 75.7 1.6815e+01  14 1.00000e+00  
 75.8 1.6851e+01  14 1.00000e+00  
 75.9 1.6861e+01  14 1.00000e+00  
 76.0 1.6874e+01  14 1.00000e+00  
 76.1 1.6895e+01  14 1.00000e+00  
 76.2 1.6907e+01  14 1.00000e+00  
 76.3 1.6919e+01  14 1.00000e+00  
 76.4 1.6946e+01  14 1.00000e+00  
 76.5 1.6967e+01  14 1.00000e+00  
 76.6 1.7007e+01  14 1.00000e+00  
 76.7 1.7036e+01  14 1.00000e+00  
 76.8 1.7062e+01  14 1.00000e+00  
 76.9 1.7081e+01  14 1.00000e+00  
 77.0 1.7113e+01  14 1.00000e+00  
 77.1 1.7134e+01  14 1.00000e+00  
 77.2 1.7153e+01  14 1.00000e+00  
 77.3 1.7188e+01  14 1.00000e+00  
 77.4 1.7190e+01  14 1.00000e+00  
 77.5 1.7211e+01  14 1.00000e+00  
 77.6 1.7235e+01  14 1.00000e+00  
 77.7 1.7254e+01  14 1.00000e+00  
 77.8 1.7286e+01  14 1.00000e+00  
 77.9 1.7328e+01  14 1.00000e+00  
 78.0 1.7345e+01  14 1.00000e+00  
 78.1 1.7362e+01  14 1.00000e+00  
 78.2 1.7380e+01  14 1.00000e+00  
 78.3 1.7398e+01  14 1.00000e+00  
 78.4 1.7444e+01  14 1.00000e+00  
 78.5 1.7455e+01  14 1.00000e+00  
 78.6 1.7465e+01  14 1.00000e+00  
 78.7 1.7479e+01  14 1.00000e+00  
 78.8 1.7504e+01  14 1.00000e+00  
 78.9 1.7520e+01  14 1.00000e+00  
 79.0 1.7535e+01  14 1.00000e+00  
 79.1 1.7568e+01  14 1.00000e+00  
 79.2 1.7596e+01  14 1.00000e+00  
 79.3 1.7627e+01  14 1.00000e+00  
 79.4 1.7654e+01  14 1.00000e+00  
 79.5 1.7679e+01  14 1.00000e+00  
 79.6 1.7704e+01  14 1.00000e+00  
 79.7 1.7726e+01  14 1.00000e+00  
 79.8 1.7752e+01  14 1.00000e+00  
 79.9 1.7769e+01  14 1.00000e+00  
 80.0 1.7796e+01  14 1.00000e+00  
 80.1 1.7811e+01  14 1.00000e+00  
 80.2 1.7828e+01  14 1.00000e+00  
 80.3 1.7853e+01  14 1.00000e+00  
 80.4 1.7873e+01  14 1.00000e+00  
 80.5 1.7900e+01  14 1.00000e+00  
 80.6 1.7925e+01  14 1.00000e+00  
 80.7 1.7969e+01  14 1.00000e+00  
 80.8 1.7986e+01  14 1.00000e+00  
 80.9 1.8002e+01  14 1.00000e+00  
 81.0 1.8020e+01  14 1.00000e+00  
 81.1 1.8038e+01  14 1.00000e+00  
 81.2 1.8085e+01  14 1.00000e+00  
 81.3 1.8096e+01  14 1.00000e+00  
 81.4 1.8106e+01  14 1.00000e+00  
 81.5 1.8123e+01  14 1.00000e+00  
 81.6 1.8139e+01  14 1.00000e+00  
 81.7 1.8154e+01  14 1.00000e+00  
 81.8 1.8177e+01  14 1.00000e+00  
 81.9 1.8208e+01  14 1.00000e+00  
 82.0 1.8239e+01  14 1.00000e+00  
 82.1 1.8268e+01  14 1.00000e+00  
 82.2 1.8296e+01  14 1.00000e+00  
 82.3 1.8325e+01  14 1.00000e+00  
 82.4 1.8353e+01  14 1.00000e+00  
 82.5 1.8375e+01  14 1.00000e+00  
 82.6 1.8394e+01  14 1.00000e+00  
 82.7 1.8425e+01  14 1.00000e+00  
 82.8 1.8446e+01  14 1.00000e+00  
 82.9 1.8448e+01  14 1.00000e+00  
 83.0 1.8475e+01  14 1.00000e+00  
 83.1 1.8499e+01  14 1.00000e+00  
 83.2 1.8522e+01  14 1.00000e+00  
 83.3 1.8545e+01  14 1.00000e+00  
 83.4 1.8564e+01  14 1.00000e+00  
 83.5 1.8591e+01  14 1.00000e+00  
 83.6 1.8635e+01  14 1.00000e+00  
 83.7 1.8653e+01  14 1.00000e+00  
 83.8 1.8668e+01  14 1.00000e+00  
 83.9 1.8687e+01  14 1.00000e+00  
 84.0 1.7185e+01  14 1.00000e+00  
 84.1 1.7190e+01  14 1.00000e+00  
 84.2 1.8763e+01  14 1.00000e+00  
 84.3 1.8773e+01  14 1.00000e+00  
 84.4 1.8785e+01  14 1.00000e+00  
 84.5 1.8804e+01  14 1.00000e+00  
 84.6 1.8830e+01  14 1.00000e+00  
 84.7 1.8848e+01  14 1.00000e+00  
 84.8 1.8877e+01  14 1.00000e+00  
 84.9 1.8907e+01  14 1.00000e+00  
 85.0 1.8939e+01  14 1.00000e+00  
 85.1 1.8968e+01  14 1.00000e+00  
 85.2 1.8999e+01  14 1.00000e+00  
 85.3 1.9029e+01  14 1.00000e+00  
 85.4 1.9051e+01  14 1.00000e+00  
 85.5 1.9083e+01  14 1.00000e+00  
 85.6 1.9069e+01  14 1.00000e+00  
 85.7 1.9129e+01  14 1.00000e+00  
 85.8 1.9143e+01  14 1.00000e+00  
 85.9 1.9149e+01  14 1.00000e+00  
 86.0 1.9172e+01  14 1.00000e+00  
 86.1 1.9196e+01  14 1.00000e+00  
 86.2 1.9219e+01  14 1.00000e+00  
 86.3 1.9242e+01  14 1.00000e+00  
 86.4 1.9263e+01  14 1.00000e+00  
 86.5 1.9279e+01  14 1.00000e+00  
 86.6 1.9338e+01  14 1.00000e+00  
 86.7 1.9356e+01  14 1.00000e+00  
 86.8 1.9372e+01  14 1.00000e+00  
 86.9 1.9389e+01  14 1.00000e+00  
 87.0 1.9407e+01  14 1.00000e+00  
 87.1 1.9418e+01  14 1.00000e+00  
 87.2 1.9460e+01  14 1.00000e+00  
 87.3 1.9482e+01  14 1.00000e+00  
 87.4 1.9458e+01  14 1.00000e+00  
 87.5 1.9470e+01  14 1.00000e+00  
 87.6 1.9482e+01  14 1.00000e+00  
 87.7 1.9459e+01  14 1.00000e+00  
 87.8 1.9462e+01  14 1.00000e+00  
 87.9 1.9468e+01  14 1.00000e+00  
 88.0 1.9477e+01  14 1.00000e+00  
 88.1 1.7901e+01  14 1.00000e+00  
 88.2 1.7908e+01  14 1.00000e+00  
 88.3 1.7914e+01  14 1.00000e+00  
 88.4 1.7922e+01  14 1.00000e+00  
 88.5 1.7930e+01  14 1.00000e+00  
 88.6 1.7963e+01  14 1.00000e+00  
 88.7 1.7969e+01  14 1.00000e+00  
 88.8 1.7972e+01  14 1.00000e+00  
 88.9 1.7983e+01  14 1.00000e+00  
 89.0 1.9871e+01  14 1.00000e+00  
 89.1 1.9900e+01  14 1.00000e+00  
 89.2 1.9919e+01  14 1.00000e+00  
 89.3 1.9940e+01  14 1.00000e+00  
 89.4 1.9971e+01  14 1.00000e+00  
 89.5 1.9995e+01  14 1.00000e+00  
 89.6 2.0018e+01  14 1.00000e+00  
 89.7 2.0037e+01  14 1.00000e+00  
 89.8 2.0059e+01  14 1.00000e+00  
 89.9 2.0113e+01  14 1.00000e+00  
 90.0 2.0129e+01  14 1.00000e+00  
 90.1 2.0146e+01  14 1.00000e+00  
 90.2 2.0158e+01  14 1.00000e+00  
 90.3 2.0175e+01  14 1.00000e+00  
 90.4 2.0230e+01  14 1.00000e+00  
 90.5 2.0238e+01  14 1.00000e+00  
 90.6 2.0257e+01  14 1.00000e+00  
 90.7 2.0230e+01  14 1.00000e+00  
 90.8 2.0229e+01  14 1.00000e+00  
 90.9 2.0245e+01  14 1.00000e+00  
 91.0 2.0230e+01  14 1.00000e+00  
 91.1 2.0236e+01  14 1.00000e+00  
 91.2 2.0246e+01  14 1.00000e+00  
 91.3 2.0258e+01  14 1.00000e+00  
 91.4 2.0259e+01  14 1.00000e+00  
 91.5 2.0236e+01  14 1.00000e+00  
 91.6 2.0033e+01  14 1.00000e+00  
 91.7 2.0041e+01  14 1.00000e+00  
 91.8 2.0011e+01  14 1.00000e+00  
 91.9 2.0010e+01  14 1.00000e+00  
 92.0 1.8651e+01  14 1.00000e+00  
 92.1 1.8648e+01  14 1.00000e+00  
 92.2 1.8663e+01  14 1.00000e+00  
 92.3 1.8668e+01  14 1.00000e+00  
 92.4 1.8666e+01  14 1.00000e+00  
 92.5 1.8679e+01  14 1.00000e+00  
 92.6 1.8633e+01  14 1.00000e+00  
 92.7 1.8648e+01  14 1.00000e+00  
 92.8 1.8652e+01  14 1.00000e+00  
 92.9 1.8652e+01  14 1.00000e+00  
 93.0 1.8649e+01  14 1.00000e+00  
 93.1 1.8664e+01  14 1.00000e+00  
 93.2 1.8668e+01  14 1.00000e+00  
 93.3 1.8667e+01  14 1.00000e+00  
 93.4 1.8682e+01  14 1.00000e+00  
 93.5 1.8687e+01  14 1.00000e+00  
 93.6 2.0969e+01  14 1.00000e+00  
 93.7 2.0988e+01  14 1.00000e+00  
 93.8 2.1035e+01  14 1.00000e+00  
 93.9 2.0974e+01  14 1.00000e+00  
 94.0 2.0974e+01  14 1.00000e+00  
 94.1 2.1029e+01  14 1.00000e+00  
 94.2 2.0975e+01  14 1.00000e+00  
 94.3 2.0975e+01  14 1.00000e+00  
 94.4 2.0769e+01  14 1.00000e+00  
 94.5 2.0794e+01  14 1.00000e+00  
 94.6 2.0751e+01  14 1.00000e+00  
 94.7 2.0751e+01  14 1.00000e+00  
 94.8 2.0777e+01  14 1.00000e+00  
 94.9 2.0578e+01  14 1.00000e+00  
 95.0 2.0538e+01  14 1.00000e+00  
 95.1 2.0539e+01  14 1.00000e+00  
 95.2 2.0561e+01  14 1.00000e+00  
 95.3 2.0578e+01  14 1.00000e+00  
 95.4 2.0307e+01  14 1.00000e+00  
 95.5 2.0308e+01  14 1.00000e+00  
 95.6 2.0332e+01  14 1.00000e+00  
 95.7 2.0350e+01  14 1.00000e+00  
 95.8 1.9289e+01  14 1.00000e+00  
 95.9 1.9292e+01  14 1.00000e+00  
 96.0 1.9294e+01  14 1.00000e+00  
 96.1 1.9338e+01  14 1.00000e+00  
 96.2 1.9339e+01  14 1.00000e+00  
 96.3 1.9336e+01  14 1.00000e+00  
 96.4 1.9346e+01  14 1.00000e+00  
 96.5 1.9353e+01  14 1.00000e+00  
 96.6 1.9356e+01  14 1.00000e+00  
 96.7 1.9358e+01  14 1.00000e+00  
 96.8 1.9359e+01  14 1.00000e+00  
 96.9 1.9372e+01  14 1.00000e+00  
 97.0 1.9374e+01  14 1.00000e+00  
 97.1 1.9338e+01  14 1.00000e+00  
 97.2 1.9339e+01  14 1.00000e+00  
 97.3 1.9337e+01  14 1.00000e+00  
 97.4 1.9350e+01  14 1.00000e+00  
 97.5 1.9355e+01  14 1.00000e+00  
 97.6 1.9357e+01  14 1.00000e+00  
 97.7 1.9356e+01  14 1.00000e+00  
 97.8 1.9355e+01  14 1.00000e+00  
 97.9 1.9364e+01  14 1.00000e+00  
 98.0 2.1300e+01  14 1.00000e+00  
 98.1 2.1299e+01  14 1.00000e+00  
 98.2 2.1316e+01  14 1.00000e+00  
 98.3 2.1313e+01  14 1.00000e+00  
 98.4 2.1071e+01  14 1.00000e+00  
 98.5 2.1083e+01  14 1.00000e+00  
 98.6 2.1061e+01  14 1.00000e+00  
 98.7 2.1060e+01  14 1.00000e+00  
 98.8 2.0838e+01  14 1.00000e+00  
 98.9 2.0862e+01  14 1.00000e+00  
 99.0 2.0831e+01  14 1.00000e+00  
 99.1 2.0831e+01  14 1.00000e+00  
 99.2 2.0837e+01  14 1.00000e+00  
 99.3 2.0637e+01  14 1.00000e+00  
 99.4 2.0602e+01  14 1.00000e+00  
 99.5 2.0608e+01  14 1.00000e+00  
 99.6 1.9578e+01  14 1.00000e+00  
 99.7 1.9603e+01  14 1.00000e+00  
 99.8 1.9545e+01  14 1.00000e+00  
 99.9 1.9534e+01  14 1.00000e+00  
100.0 1.9534e+01  14 1.00000e+00  
100.1 1.9549e+01  14 1.00000e+00  
100.2 1.9550e+01  14 1.00000e+00  
100.3 1.9531e+01  14 1.00000e+00  
100.4 1.9549e+01  14 1.00000e+00  
100.5 1.9548e+01  14 1.00000e+00  
100.6 1.9560e+01  14 1.00000e+00  
100.7 1.9574e+01  14 1.00000e+00  
100.8 1.9585e+01  14 1.00000e+00  
100.9 1.9591e+01  14 1.00000e+00  
101.0 1.9604e+01  14 1.00000e+00  
101.1 1.9600e+01  14 1.00000e+00  
101.2 1.9547e+01  14 1.00000e+00  
101.3 1.9544e+01  14 1.00000e+00  
101.4 1.9550e+01  14 1.00000e+00  
101.5 1.9550e+01  14 1.00000e+00  
101.6 1.9531e+01  14 1.00000e+00  
101.7 1.9550e+01  14 1.00000e+00  
101.8 1.9548e+01  14 1.00000e+00  
101.9 1.9562e+01  14 1.00000e+00  
102.0 1.9569e+01  14 1.00000e+00  
102.1 1.9583e+01  14 1.00000e+00  
102.2 1.9586e+01  14 1.00000e+00  
102.3 2.1361e+01  14 1.00000e+00  
102.4 2.1347e+01  14 1.00000e+00  
102.5 2.1352e+01  14 1.00000e+00  
102.6 2.1366e+01  14 1.00000e+00  
102.7 2.1317e+01  14 1.00000e+00  
102.8 2.1098e+01  14 1.00000e+00  
102.9 2.1103e+01  14 1.00000e+00  
103.0 2.1081e+01  14 1.00000e+00  
103.1 2.1077e+01  14 1.00000e+00  
103.2 1.9616e+01  14 1.00000e+00  
103.3 1.9603e+01  14 1.00000e+00  
103.4 1.9629e+01  14 1.00000e+00  
103.5 1.9632e+01  14 1.00000e+00  
103.6 1.9631e+01  14 1.00000e+00  
103.7 1.9472e+01  14 1.00000e+00  
103.8 1.9405e+01  14 1.00000e+00  
103.9 1.9391e+01  14 1.00000e+00  
104.0 1.9406e+01  14 1.00000e+00  
104.1 1.9412e+01  14 1.00000e+00  
104.2 1.9651e+01  14 1.00000e+00  
104.3 1.9659e+01  14 1.00000e+00  
104.4 1.9583e+01  14 1.00000e+00  
104.5 1.9583e+01  14 1.00000e+00  
104.6 1.9584e+01  14 1.00000e+00  
104.7 1.9590e+01  14 1.00000e+00  
104.8 1.9599e+01  14 1.00000e+00  
104.9 1.9599e+01  14 1.00000e+00  
105.0 1.9611e+01  14 1.00000e+00  
105.1 1.9392e+01  14 1.00000e+00  
105.2 1.9605e+01  14 1.00000e+00  
105.3 1.9392e+01  14 1.00000e+00  
105.4 1.9629e+01  14 1.00000e+00  
105.5 1.9626e+01  14 1.00000e+00  
105.6 1.9643e+01  14 1.00000e+00  
105.7 1.9566e+01  14 1.00000e+00  
105.8 1.9569e+01  14 1.00000e+00  
105.9 1.9572e+01  14 1.00000e+00  
106.0 1.9583e+01  14 1.00000e+00  
106.1 1.9577e+01  14 1.00000e+00  
106.2 1.9590e+01  14 1.00000e+00  
106.3 1.9599e+01  14 1.00000e+00  
106.4 1.9585e+01  14 1.00000e+00  
106.5 2.1579e+01  14 1.00000e+00  
106.6 2.1586e+01  14 1.00000e+00  
106.7 2.1348e+01  14 1.00000e+00  
106.8 1.9530e+01  14 1.00000e+00  
106.9 1.9530e+01  14 1.00000e+00  
107.0 1.9547e+01  14 1.00000e+00  
107.1 1.9496e+01  14 1.00000e+00  
107.2 1.9533e+01  14 1.00000e+00  
107.3 1.9532e+01  14 1.00000e+00  
107.4 1.9485e+01  14 1.00000e+00  
107.5 1.9478e+01  14 1.00000e+00  
107.6 1.9494e+01  14 1.00000e+00  
107.7 1.9498e+01  14 1.00000e+00  
107.8 1.9496e+01  14 1.00000e+00  
107.9 1.9508e+01  14 1.00000e+00  
108.0 1.9509e+01  14 1.00000e+00  
108.1 1.9512e+01  14 1.00000e+00  
108.2 1.9498e+01  14 1.00000e+00  
108.3 1.9497e+01  14 1.00000e+00  
108.4 1.9496e+01  14 1.00000e+00  
108.5 1.9498e+01  14 1.00000e+00  
108.6 1.9468e+01  14 1.00000e+00  
108.7 1.9464e+01  14 1.00000e+00  
108.8 1.9464e+01  14 1.00000e+00  
108.9 1.9470e+01  14 1.00000e+00  
109.0 1.9472e+01  14 1.00000e+00  
109.1 1.9467e+01  14 1.00000e+00  
109.2 1.9483e+01  14 1.00000e+00  
109.3 1.9481e+01  14 1.00000e+00  
109.4 1.9650e+01  14 1.00000e+00  
109.5 1.9659e+01  14 1.00000e+00  
109.6 1.9483e+01  14 1.00000e+00  
109.7 1.9481e+01  14 1.00000e+00  
109.8 1.9481e+01  14 1.00000e+00  
109.9 1.9419e+01  14 1.00000e+00  
110.0 1.9420e+01  14 1.00000e+00  
110.1 1.9415e+01  14 1.00000e+00  
110.2 1.9415e+01  14 1.00000e+00  
110.3 1.9657e+01  14 1.00000e+00  
110.4 1.9584e+01  14 1.00000e+00  
110.5 1.9593e+01  14 1.00000e+00  
110.6 1.9607e+01  14 1.00000e+00  
110.7 1.9530e+01  14 1.00000e+00  
110.8 1.9530e+01  14 1.00000e+00  
110.9 1.9545e+01  14 1.00000e+00  
111.0 1.9548e+01  14 1.00000e+00  
111.1 1.9530e+01  14 1.00000e+00  
111.2 1.9532e+01  14 1.00000e+00  
111.3 1.9535e+01  14 1.00000e+00  
111.4 1.9547e+01  14 1.00000e+00  
111.5 1.9549e+01  14 1.00000e+00  
111.6 1.9550e+01  14 1.00000e+00  
111.7 1.9546e+01  14 1.00000e+00  
111.8 1.9547e+01  14 1.00000e+00  
111.9 1.9516e+01  14 1.00000e+00  
112.0 1.9515e+01  14 1.00000e+00  
112.1 1.9549e+01  14 1.00000e+00  
112.2 1.9499e+01  14 1.00000e+00  
112.3 1.9496e+01  14 1.00000e+00  
112.4 1.9497e+01  14 1.00000e+00  
112.5 1.9513e+01  14 1.00000e+00  
112.6 1.9515e+01  14 1.00000e+00  
112.7 1.9515e+01  14 1.00000e+00  
112.8 1.9519e+01  14 1.00000e+00  
112.9 1.9530e+01  14 1.00000e+00  
113.0 1.9530e+01  14 1.00000e+00  
113.1 1.9531e+01  14 1.00000e+00  
113.2 1.9516e+01  14 1.00000e+00  
113.3 1.9513e+01  14 1.00000e+00  
113.4 1.9528e+01  14 1.00000e+00  
113.5 1.9482e+01  14 1.00000e+00  
113.6 1.9481e+01  14 1.00000e+00  
113.7 1.9481e+01  14 1.00000e+00  
113.8 1.9483e+01  14 1.00000e+00  
113.9 1.9482e+01  14 1.00000e+00  
114.0 1.9483e+01  14 1.00000e+00  
114.1 1.9483e+01  14 1.00000e+00  
114.2 1.9636e+01  14 1.00000e+00  
114.3 1.9645e+01  14 1.00000e+00  
114.4 1.9467e+01  14 1.00000e+00  
114.5 1.9467e+01  14 1.00000e+00  
114.6 1.9468e+01  14 1.00000e+00  
114.7 1.9392e+01  14 1.00000e+00  
114.8 1.9391e+01  14 1.00000e+00  
114.9 1.9632e+01  14 1.00000e+00  
115.0 1.9628e+01  14 1.00000e+00  
115.1 1.9562e+01  14 1.00000e+00  
115.2 1.9558e+01  14 1.00000e+00  
115.3 1.9581e+01  14 1.00000e+00  
115.4 1.9527e+01  14 1.00000e+00  
115.5 1.9526e+01  14 1.00000e+00  
115.6 1.9517e+01  14 1.00000e+00  
115.7 1.9516e+01  14 1.00000e+00  
115.8 1.9516e+01  14 1.00000e+00  
115.9 1.9513e+01  14 1.00000e+00  
116.0 1.9512e+01  14 1.00000e+00  
116.1 1.9527e+01  14 1.00000e+00  
116.2 1.9529e+01  14 1.00000e+00  
116.3 1.9533e+01  14 1.00000e+00  
116.4 1.9531e+01  14 1.00000e+00  
116.5 1.9541e+01  14 1.00000e+00  
116.6 1.9544e+01  14 1.00000e+00  
116.7 1.9548e+01  14 1.00000e+00  
116.8 1.9496e+01  14 1.00000e+00  
116.9 1.9533e+01  14 1.00000e+00  
117.0 1.9533e+01  14 1.00000e+00  
117.1 1.9479e+01  14 1.00000e+00  
117.2 1.9482e+01  14 1.00000e+00  
117.3 1.9481e+01  14 1.00000e+00  
117.4 1.9494e+01  14 1.00000e+00  
117.5 1.9498e+01  14 1.00000e+00  
117.6 1.9498e+01  14 1.00000e+00  
117.7 1.9498e+01  14 1.00000e+00  
117.8 1.9498e+01  14 1.00000e+00  
117.9 1.9479e+01  14 1.00000e+00  
118.0 1.9477e+01  14 1.00000e+00  
118.1 1.9490e+01  14 1.00000e+00  
118.2 1.9483e+01  14 1.00000e+00  
118.3 1.9418e+01  14 1.00000e+00  
118.4 1.9420e+01  14 1.00000e+00  
118.5 1.9414e+01  14 1.00000e+00  
118.6 1.9419e+01  14 1.00000e+00  
118.7 1.9419e+01  14 1.00000e+00  
118.8 1.9599e+01  14 1.00000e+00  
118.9 1.9582e+01  14 1.00000e+00  
119.0 1.9577e+01  14 1.00000e+00  
119.1 1.9598e+01  14 1.00000e+00  
119.2 1.9595e+01  14 1.00000e+00  
119.3 1.9585e+01  14 1.00000e+00  
119.4 1.9557e+01  14 1.00000e+00  
119.5 1.9572e+01  14 1.00000e+00  
119.6 1.9576e+01  14 1.00000e+00  
119.7 1.9583e+01  14 1.00000e+00  
119.8 1.9584e+01  14 1.00000e+00  
119.9 1.9580e+01  14 1.00000e+00  
120.0 1.9592e+01  14 1.00000e+00  
120.1 1.9532e+01  14 1.00000e+00  
120.2 1.9530e+01  14 1.00000e+00  
120.3 1.9498e+01  14 1.00000e+00  
120.4 1.9530e+01  14 1.00000e+00  
120.5 1.9531e+01  14 1.00000e+00  
120.6 1.9483e+01  14 1.00000e+00  
120.7 1.9482e+01  14 1.00000e+00  
120.8 1.9483e+01  14 1.00000e+00  
120.9 1.9480e+01  14 1.00000e+00  
121.0 1.9481e+01  14 1.00000e+00  
121.1 1.9488e+01  14 1.00000e+00  
121.2 1.9492e+01  14 1.00000e+00  
121.3 1.9493e+01  14 1.00000e+00  
121.4 1.9655e+01  14 1.00000e+00  
121.5 1.9478e+01  14 1.00000e+00  
121.6 1.9479e+01  14 1.00000e+00  
121.7 1.9478e+01  14 1.00000e+00  
121.8 1.9490e+01  14 1.00000e+00  
121.9 1.9419e+01  14 1.00000e+00  
122.0 1.9420e+01  14 1.00000e+00  
122.1 1.9413e+01  14 1.00000e+00  
122.2 1.9419e+01  14 1.00000e+00  
122.3 1.9418e+01  14 1.00000e+00  
122.4 1.9671e+01  14 1.00000e+00  
122.5 1.9601e+01  14 1.00000e+00  
122.6 1.9592e+01  14 1.00000e+00  
122.7 1.9586e+01  14 1.00000e+00  
122.8 1.9604e+01  14 1.00000e+00  
122.9 1.9601e+01  14 1.00000e+00  
123.0 1.9604e+01  14 1.00000e+00  
123.1 1.9580e+01  14 1.00000e+00  
123.2 1.9583e+01  14 1.00000e+00  
123.3 1.9585e+01  14 1.00000e+00  
123.4 1.9586e+01  14 1.00000e+00  
123.5 1.9598e+01  14 1.00000e+00  
123.6 1.9600e+01  14 1.00000e+00  
123.7 1.9605e+01  14 1.00000e+00  
123.8 1.9545e+01  14 1.00000e+00  
123.9 1.9530e+01  14 1.00000e+00  
124.0 1.9533e+01  14 1.00000e+00  
124.1 1.9516e+01  14 1.00000e+00  
124.2 1.9512e+01  14 1.00000e+00  
124.3 1.9516e+01  14 1.00000e+00  
124.4 1.9516e+01  14 1.00000e+00  
124.5 1.9515e+01  14 1.00000e+00  
124.6 1.9511e+01  14 1.00000e+00  
124.7 1.9465e+01  14 1.00000e+00  
124.8 1.9479e+01  14 1.00000e+00  
124.9 1.9627e+01  14 1.00000e+00  
125.0 1.9626e+01  14 1.00000e+00  
125.1 1.9627e+01  14 1.00000e+00  
125.2 1.9624e+01  14 1.00000e+00  
125.3 1.9471e+01  14 1.00000e+00  
125.4 1.9472e+01  14 1.00000e+00  
125.5 1.9400e+01  14 1.00000e+00  
125.6 1.9391e+01  14 1.00000e+00  
125.7 1.9390e+01  14 1.00000e+00  
125.8 1.9408e+01  14 1.00000e+00  
125.9 1.9410e+01  14 1.00000e+00  
126.0 1.9647e+01  14 1.00000e+00  
126.1 1.9571e+01  14 1.00000e+00  
126.2 1.9566e+01  14 1.00000e+00  
126.3 1.9560e+01  14 1.00000e+00  
126.4 1.9558e+01  14 1.00000e+00  
126.5 1.9574e+01  14 1.00000e+00  
126.6 1.9577e+01  14 1.00000e+00  
126.7 1.9574e+01  14 1.00000e+00  
126.8 1.9547e+01  14 1.00000e+00  
126.9 1.9562e+01  14 1.00000e+00  
127.0 1.9558e+01  14 1.00000e+00  
127.1 1.9567e+01  14 1.00000e+00  
127.2 1.9579e+01  14 1.00000e+00  
127.3 1.9581e+01  14 1.00000e+00  
127.4 1.9586e+01  14 1.00000e+00  
127.5 1.9580e+01  14 1.00000e+00  
127.6 1.9524e+01  14 1.00000e+00  
127.7 1.9516e+01  14 1.00000e+00  
127.8 1.9508e+01  14 1.00000e+00  
127.9 1.9498e+01  14 1.00000e+00  
128.0 1.9494e+01  14 1.00000e+00  
128.1 1.9496e+01  14 1.00000e+00  
128.2 1.9508e+01  14 1.00000e+00  
128.3 1.9511e+01  14 1.00000e+00  
128.4 1.9494e+01  14 1.00000e+00  
128.5 1.9495e+01  14 1.00000e+00  
128.6 1.9492e+01  14 1.00000e+00  
128.7 1.9486e+01  14 1.00000e+00  
128.8 1.9491e+01  14 1.00000e+00  
128.9 1.9477e+01  14 1.00000e+00  
129.0 1.9420e+01  14 1.00000e+00  
129.1 1.9414e+01  14 1.00000e+00  
129.2 1.9414e+01  14 1.00000e+00  
129.3 1.9415e+01  14 1.00000e+00  
129.4 1.9656e+01  14 1.00000e+00  
129.5 1.9577e+01  14 1.00000e+00  
129.6 1.9583e+01  14 1.00000e+00  
129.7 1.9589e+01  14 1.00000e+00  
129.8 1.9533e+01  14 1.00000e+00  
129.9 1.9531e+01  14 1.00000e+00  
130.0 1.9530e+01  14 1.00000e+00  
130.1 1.9530e+01  14 1.00000e+00  
130.2 1.9531e+01  14 1.00000e+00  
130.3 1.9516e+01  14 1.00000e+00  
130.4 1.9512e+01  14 1.00000e+00  
130.5 1.9530e+01  14 1.00000e+00  
130.6 1.9533e+01  14 1.00000e+00  
130.7 1.9533e+01  14 1.00000e+00  
130.8 1.9530e+01  14 1.00000e+00  
130.9 1.9538e+01  14 1.00000e+00  
131.0 1.9546e+01  14 1.00000e+00  
131.1 1.9547e+01  14 1.00000e+00  
131.2 1.9548e+01  14 1.00000e+00  
131.3 1.9498e+01  14 1.00000e+00  
131.4 1.9530e+01  14 1.00000e+00  
131.5 1.9483e+01  14 1.00000e+00  
131.6 1.9482e+01  14 1.00000e+00  
131.7 1.9467e+01  14 1.00000e+00  
131.8 1.9482e+01  14 1.00000e+00  
131.9 1.9483e+01  14 1.00000e+00  
132.0 1.9482e+01  14 1.00000e+00  
132.1 1.9482e+01  14 1.00000e+00  
132.2 1.9633e+01  14 1.00000e+00  
132.3 1.9626e+01  14 1.00000e+00  
132.4 1.9630e+01  14 1.00000e+00  
132.5 1.9629e+01  14 1.00000e+00  
132.6 1.9471e+01  14 1.00000e+00  
132.7 1.9472e+01  14 1.00000e+00  
132.8 1.9604e+01  14 1.00000e+00  
132.9 1.9606e+01  14 1.00000e+00  
133.0 1.9606e+01  14 1.00000e+00  
133.1 1.9616e+01  14 1.00000e+00  
133.2 1.9622e+01  14 1.00000e+00  
133.3 1.9621e+01  14 1.00000e+00  
133.4 1.9550e+01  14 1.00000e+00  
133.5 1.9546e+01  14 1.00000e+00  
133.6 1.9547e+01  14 1.00000e+00  
133.7 1.9525e+01  14 1.00000e+00  
133.8 1.9513e+01  14 1.00000e+00  
133.9 1.9527e+01  14 1.00000e+00  
134.0 1.9531e+01  14 1.00000e+00  
134.1 1.9533e+01  14 1.00000e+00  
134.2 1.9533e+01  14 1.00000e+00  
134.3 1.9533e+01  14 1.00000e+00  
134.4 1.9530e+01  14 1.00000e+00  
134.5 1.9532e+01  14 1.00000e+00  
134.6 1.9496e+01  14 1.00000e+00  
134.7 1.9497e+01  14 1.00000e+00  
134.8 1.9482e+01  14 1.00000e+00  
134.9 1.9483e+01  14 1.00000e+00  
135.0 1.9483e+01  14 1.00000e+00  
135.1 1.9482e+01  14 1.00000e+00  
135.2 1.9482e+01  14 1.00000e+00  
135.3 1.9415e+01  14 1.00000e+00  
135.4 1.9415e+01  14 1.00000e+00  
135.5 1.9415e+01  14 1.00000e+00  
135.6 1.9415e+01  14 1.00000e+00  
135.7 1.9414e+01  14 1.00000e+00  
135.8 1.9659e+01  14 1.00000e+00  
135.9 1.9581e+01  14 1.00000e+00  
136.0 1.9579e+01  14 1.00000e+00  
136.1 1.9574e+01  14 1.00000e+00  
136.2 1.9578e+01  14 1.00000e+00  
136.3 1.9578e+01  14 1.00000e+00  
136.4 1.9570e+01  14 1.00000e+00  
136.5 1.9549e+01  14 1.00000e+00  
136.6 1.9549e+01  14 1.00000e+00  
136.7 1.9547e+01  14 1.00000e+00  
136.8 1.9548e+01  14 1.00000e+00  
136.9 1.9550e+01  14 1.00000e+00  
137.0 1.9561e+01  14 1.00000e+00  
137.1 1.9562e+01  14 1.00000e+00  
137.2 1.9562e+01  14 1.00000e+00  
137.3 1.9512e+01  14 1.00000e+00  
137.4 1.9540e+01  14 1.00000e+00  
137.5 1.9543e+01  14 1.00000e+00  
137.6 1.9495e+01  14 1.00000e+00  
137.7 1.9494e+01  14 1.00000e+00  
137.8 1.9497e+01  14 1.00000e+00  
137.9 1.9498e+01  14 1.00000e+00  
138.0 1.9498e+01  14 1.00000e+00  
138.1 1.9495e+01  14 1.00000e+00  
138.2 1.9498e+01  14 1.00000e+00  
138.3 1.9498e+01  14 1.00000e+00  
138.4 1.9654e+01  14 1.00000e+00  
138.5 1.9479e+01  14 1.00000e+00  
138.6 1.9481e+01  14 1.00000e+00  
138.7 1.9482e+01  14 1.00000e+00  
138.8 1.9483e+01  14 1.00000e+00  
138.9 1.9414e+01  14 1.00000e+00  
139.0 1.9395e+01  14 1.00000e+00  
139.1 1.9633e+01  14 1.00000e+00  
139.2 1.9627e+01  14 1.00000e+00  
139.3 1.9632e+01  14 1.00000e+00  
139.4 1.9547e+01  14 1.00000e+00  
139.5 1.9548e+01  14 1.00000e+00  
139.6 1.9516e+01  14 1.00000e+00  
139.7 1.9515e+01  14 1.00000e+00  
139.8 1.9514e+01  14 1.00000e+00  
139.9 1.9550e+01  14 1.00000e+00  
140.0 1.9496e+01  14 1.00000e+00  
140.1 1.9498e+01  14 1.00000e+00  
140.2 1.9498e+01  14 1.00000e+00  
140.3 1.9495e+01  14 1.00000e+00  
140.4 1.9499e+01  14 1.00000e+00  
140.5 1.9510e+01  14 1.00000e+00  
140.6 1.9513e+01  14 1.00000e+00  
140.7 1.9514e+01  14 1.00000e+00  
140.8 1.9514e+01  14 1.00000e+00  
140.9 1.9516e+01  14 1.00000e+00  
141.0 1.9498e+01  14 1.00000e+00  
141.1 1.9497e+01  14 1.00000e+00  
141.2 1.9498e+01  14 1.00000e+00  
141.3 1.9498e+01  14 1.00000e+00  
141.4 1.9496e+01  14 1.00000e+00  
141.5 1.9452e+01  14 1.00000e+00  
141.6 1.9457e+01  14 1.00000e+00  
141.7 1.9466e+01  14 1.00000e+00  
141.8 1.9454e+01  14 1.00000e+00  
141.9 1.9466e+01  14 1.00000e+00  
142.0 1.9465e+01  14 1.00000e+00  
142.1 1.9600e+01  14 1.00000e+00  
142.2 1.9603e+01  14 1.00000e+00  
142.3 1.9596e+01  14 1.00000e+00  
142.4 1.9603e+01  14 1.00000e+00  
142.5 1.9594e+01  14 1.00000e+00  
142.6 1.9585e+01  14 1.00000e+00  
142.7 1.9561e+01  14 1.00000e+00  
142.8 1.9558e+01  14 1.00000e+00  
142.9 1.9562e+01  14 1.00000e+00  
143.0 1.9561e+01  14 1.00000e+00  
143.1 1.9563e+01  14 1.00000e+00  
143.2 1.9558e+01  14 1.00000e+00  
143.3 1.9560e+01  14 1.00000e+00  
143.4 1.9498e+01  14 1.00000e+00  
143.5 1.9531e+01  14 1.00000e+00  
143.6 1.9491e+01  14 1.00000e+00  
143.7 1.9478e+01  14 1.00000e+00  
143.8 1.9482e+01  14 1.00000e+00  
143.9 1.9479e+01  14 1.00000e+00  
144.0 1.9478e+01  14 1.00000e+00  
144.1 1.9482e+01  14 1.00000e+00  
144.2 1.9483e+01  14 1.00000e+00  
144.3 1.9656e+01  14 1.00000e+00  
144.4 1.9652e+01  14 1.00000e+00  
144.5 1.9583e+01  14 1.00000e+00  
144.6 1.9579e+01  14 1.00000e+00  
144.7 1.9573e+01  14 1.00000e+00  
144.8 1.9579e+01  14 1.00000e+00  
144.9 1.9580e+01  14 1.00000e+00  
145.0 1.9581e+01  14 1.00000e+00  
145.1 1.9581e+01  14 1.00000e+00  
145.2 1.9580e+01  14 1.00000e+00  
145.3 1.9571e+01  14 1.00000e+00  
145.4 1.9578e+01  14 1.00000e+00  
145.5 1.9580e+01  14 1.00000e+00  
145.6 1.9584e+01  14 1.00000e+00  
145.7 1.9585e+01  14 1.00000e+00  
145.8 1.9578e+01  14 1.00000e+00  
145.9 1.9590e+01  14 1.00000e+00  
146.0 1.9531e+01  14 1.00000e+00  
146.1 1.9532e+01  14 1.00000e+00  
146.2 1.9520e+01  14 1.00000e+00  
146.3 1.9514e+01  14 1.00000e+00  
146.4 1.9496e+01  14 1.00000e+00  
146.5 1.9504e+01  14 1.00000e+00  
146.6 1.9510e+01  14 1.00000e+00  
146.7 1.9509e+01  14 1.00000e+00  
146.8 1.9511e+01  14 1.00000e+00  
146.9 1.9510e+01  14 1.00000e+00  
147.0 1.9500e+01  14 1.00000e+00  
147.1 1.9493e+01  14 1.00000e+00  
147.2 1.9491e+01  14 1.00000e+00  
147.3 1.9482e+01  14 1.00000e+00  
147.4 1.9483e+01  14 1.00000e+00  
147.5 1.9478e+01  14 1.00000e+00  
147.6 1.9413e+01  14 1.00000e+00  
147.7 1.9414e+01  14 1.00000e+00  
147.8 1.9411e+01  14 1.00000e+00  
147.9 1.9413e+01  14 1.00000e+00  
148.0 1.9646e+01  14 1.00000e+00  
148.1 1.9650e+01  14 1.00000e+00  
148.2 1.9562e+01  14 1.00000e+00  
148.3 1.9560e+01  14 1.00000e+00  
148.4 1.9546e+01  14 1.00000e+00  
148.5 1.9559e+01  14 1.00000e+00  
148.6 1.9550e+01  14 1.00000e+00  
148.7 1.9532e+01  14 1.00000e+00  
148.8 1.9529e+01  14 1.00000e+00  
148.9 1.9529e+01  14 1.00000e+00  
149.0 1.9543e+01  14 1.00000e+00  
149.1 1.9542e+01  14 1.00000e+00  
149.2 1.9545e+01  14 1.00000e+00  
149.3 1.9545e+01  14 1.00000e+00  
149.4 1.9529e+01  14 1.00000e+00  
149.5 1.9498e+01  14 1.00000e+00  
149.6 1.9496e+01  14 1.00000e+00  
149.7 1.9480e+01  14 1.00000e+00  
149.8 1.9489e+01  14 1.00000e+00  
149.9 1.9479e+01  14 1.00000e+00  
150.0 1.9480e+01  14 1.00000e+00  
