 15.1 1.3829e+00  13 4.27042e-02  
 15.2 1.3905e+00  13 4.31951e-02  
 15.3 1.3982e+00  13 4.36824e-02  
 15.4 1.4058e+00  13 4.41658e-02  
 15.5 1.4134e+00  13 4.46456e-02  
 15.6 1.4211e+00  13 4.51214e-02  
 15.7 1.4287e+00  13 4.55941e-02  
 15.8 1.4363e+00  13 4.60630e-02  
 15.9 1.4440e+00  13 4.65288e-02  
 16.0 1.4516e+00  13 4.69914e-02  
 16.1 1.4592e+00  13 4.74511e-02  
 16.2 1.4669e+00  13 4.79082e-02  
 16.3 1.4745e+00  13 4.83623e-02  
 16.4 1.4821e+00  13 4.88339e-02  
 16.5 1.4898e+00  13 4.92832e-02  
 16.6 1.4974e+00  13 4.97308e-02  
 16.7 1.5051e+00  13 5.01711e-02  
 16.8 1.5127e+00  13 5.06071e-02  
 16.9 1.5203e+00  13 5.10473e-02  
 17.0 1.5280e+00  13 5.15078e-02  
 17.1 1.5356e+00  13 5.19454e-02  
 17.2 1.5432e+00  13 5.23811e-02  
 17.3 1.5509e+00  13 5.28153e-02  
 17.4 1.5585e+00  13 5.32720e-02  
 17.5 1.5661e+00  13 5.37043e-02  
 17.6 1.5737e+00  13 5.41348e-02  
 17.7 1.5814e+00  13 5.45765e-02  
 17.8 1.5890e+00  13 5.50051e-02  
 17.9 1.5966e+00  13 5.54585e-02  
 18.0 1.6042e+00  13 5.58869e-02  
 18.1 1.6119e+00  13 5.63403e-02  
 18.2 1.6195e+00  13 5.67943e-02  
 18.3 1.6271e+00  13 5.73727e-02  
 18.4 1.6347e+00  13 5.77955e-02  
 18.5 1.6424e+00  13 5.82317e-02  
 18.6 1.6500e+00  13 5.86682e-02  
 18.7 1.6576e+00  13 5.91052e-02  
 18.8 1.6652e+00  13 5.95432e-02  
 18.9 1.6728e+00  13 5.99740e-02  
 19.0 1.6804e+00  13 6.04033e-02  
 19.1 1.6880e+00  13 6.08415e-02  
 19.2 1.6956e+00  13 6.12802e-02  
 19.3 1.7032e+00  13 6.17207e-02  
 19.4 1.7147e+00  13 6.25077e-02  
 19.5 1.7264e+00  13 6.33210e-02  
 19.6 1.7383e+00  13 6.41523e-02  
 19.7 1.7502e+00  13 6.49923e-02  
 19.8 1.7622e+00  13 6.58412e-02  
 19.9 1.7743e+00  13 6.66796e-02  
 20.0 1.7865e+00  13 6.75430e-02  
 20.1 1.7987e+00  13 6.84161e-02  
 20.2 1.8110e+00  13 6.92989e-02  
 20.3 1.8234e+00  13 7.01918e-02  
 20.4 1.8359e+00  13 7.10708e-02  
 20.5 1.8485e+00  13 7.19802e-02  
 20.6 1.8611e+00  13 7.29003e-02  
 20.7 1.8738e+00  13 7.38314e-02  
 20.8 1.8867e+00  13 7.47480e-02  
 20.9 1.8996e+00  13 7.56974e-02  
 21.0 1.9125e+00  13 7.66586e-02  
 21.1 1.4855e+01  14 1.00000e+00  
 21.2 1.4880e+01  14 1.00000e+00  
 21.3 1.4899e+01  14 1.00000e+00  
 21.4 1.4917e+01  14 1.00000e+00  
 21.5 1.4935e+01  14 1.00000e+00  
 21.6 1.4956e+01  14 1.00000e+00  
 21.7 1.4972e+01  14 1.00000e+00  
 21.8 1.4987e+01  14 1.00000e+00  
 21.9 1.5000e+01  14 1.00000e+00  
 22.0 1.5019e+01  14 1.00000e+00  
 22.1 1.5031e+01  14 1.00000e+00  
 22.2 1.5043e+01  14 1.00000e+00  
 22.3 1.5053e+01  14 1.00000e+00  
 22.4 1.5068e+01  14 1.00000e+00  
 22.5 1.5077e+01  14 1.00000e+00  
 22.6 1.5085e+01  14 1.00000e+00  
 22.7 1.5096e+01  14 1.00000e+00  
 22.8 1.5105e+01  14 1.00000e+00  
 22.9 1.5111e+01  14 1.00000e+00  
 23.0 1.5115e+01  14 1.00000e+00  
 23.1 1.5125e+01  14 1.00000e+00  
 23.2 1.5129e+01  14 1.00000e+00  
 23.3 1.5132e+01  14 1.00000e+00  
 23.4 1.5133e+01  14 1.00000e+00  
 23.5 1.5141e+01  14 1.00000e+00  
 23.6 1.5141e+01  14 1.00000e+00  
 23.7 1.5141e+01  14 1.00000e+00  
 23.8 1.5141e+01  14 1.00000e+00  
 23.9 1.5145e+01  14 1.00000e+00  
 24.0 1.5143e+01  14 1.00000e+00  
 24.1 1.5140e+01  14 1.00000e+00  
 24.2 1.5143e+01  14 1.00000e+00  
 24.3 1.5139e+01  14 1.00000e+00  
 24.4 5.5236e+00  14 3.24828e-01  
 24.5 5.5946e+00  14 3.29946e-01  
 24.6 5.6656e+00  14 3.34912e-01  
 24.7 5.7367e+00  14 3.40056e-01  
 24.8 5.8077e+00  14 3.45223e-01  
 24.9 5.8788e+00  14 3.50410e-01  
 25.0 5.9502e+00  14 3.55461e-01  
 25.1 6.0212e+00  14 3.60679e-01  
 25.2 6.0922e+00  14 3.65914e-01  
 25.3 6.1632e+00  14 3.71174e-01  
 25.4 6.2347e+00  14 3.76281e-01  
 25.5 6.3057e+00  14 3.81566e-01  
 25.6 6.3765e+00  14 3.86872e-01  
 25.7 6.4472e+00  14 3.92194e-01  
 25.8 6.5188e+00  14 3.97358e-01  
 25.9 6.5893e+00  14 4.02682e-01  
 26.0 6.6598e+00  14 4.08039e-01  
 26.1 6.7301e+00  14 4.13415e-01  
 26.2 6.8006e+00  14 4.18766e-01  
 26.3 6.8718e+00  14 4.24028e-01  
 26.4 6.9424e+00  14 4.29474e-01  
 26.5 7.0124e+00  14 4.34888e-01  
 26.6 7.0822e+00  14 4.40318e-01  
 26.7 7.1533e+00  14 4.45598e-01  
 26.8 7.2230e+00  14 4.51032e-01  
 26.9 7.2924e+00  14 4.56492e-01  
 27.0 7.3616e+00  14 4.61967e-01  
 27.1 7.4305e+00  14 4.67462e-01  
 27.2 7.5016e+00  14 4.72759e-01  
 27.3 7.5705e+00  14 4.78248e-01  
 27.4 7.6392e+00  14 4.83746e-01  
 27.5 7.7077e+00  14 4.89258e-01  
 27.6 7.7760e+00  14 4.94779e-01  
 27.7 7.8440e+00  14 5.00312e-01  
 27.8 7.9145e+00  14 5.05670e-01  
 27.9 7.9823e+00  14 5.11217e-01  
 28.0 8.0497e+00  14 5.16780e-01  
 28.1 8.1169e+00  14 5.22352e-01  
 28.2 8.1842e+00  14 5.27909e-01  
 28.3 8.2516e+00  14 5.33456e-01  
 28.4 8.3211e+00  14 5.38886e-01  
 28.5 8.3889e+00  14 5.44414e-01  
 28.6 8.4556e+00  14 5.49993e-01  
 28.7 8.5218e+00  14 5.55591e-01  
 28.8 8.5877e+00  14 5.61202e-01  
 28.9 8.6536e+00  14 5.66810e-01  
 29.0 8.7190e+00  14 5.72430e-01  
 29.1 8.7884e+00  14 5.77878e-01  
 29.2 8.8531e+00  14 5.83525e-01  
 29.3 8.9177e+00  14 5.89172e-01  
 29.4 8.9824e+00  14 5.94813e-01  
 29.5 9.0500e+00  14 6.00335e-01  
 29.6 9.1141e+00  14 6.05991e-01  
 29.7 9.1798e+00  14 6.11587e-01  
 29.8 9.2451e+00  14 6.17194e-01  
 29.9 9.3086e+00  14 6.22862e-01  
 30.0 9.3696e+00  14 6.28607e-01  
 30.1 9.4329e+00  14 6.34270e-01  
 30.2 9.4970e+00  14 6.39909e-01  
 30.3 9.5626e+00  14 6.45496e-01  
 30.4 9.6281e+00  14 6.51091e-01  
 30.5 9.6904e+00  14 6.56777e-01  
 30.6 9.7524e+00  14 6.62470e-01  
 30.7 9.8133e+00  14 6.68185e-01  
 30.8 9.8740e+00  14 6.73904e-01  
 30.9 9.9400e+00  14 6.79485e-01  
 31.0 9.9995e+00  14 6.85227e-01  
 31.1 1.0061e+01  14 6.90924e-01  
 31.2 1.0121e+01  14 6.96638e-01  
 31.3 1.0180e+01  14 7.02384e-01  
 31.4 1.0240e+01  14 7.08090e-01  
 31.5 1.0303e+01  14 7.13746e-01  
 31.6 1.0358e+01  14 7.19553e-01  
 31.7 1.0424e+01  14 7.25148e-01  
 31.8 1.0474e+01  14 7.31040e-01  
 31.9 1.0538e+01  14 7.36658e-01  
 32.0 1.0598e+01  14 7.42371e-01  
 32.1 1.0656e+01  14 7.48104e-01  
 32.2 1.0707e+01  14 7.53954e-01  
 32.3 1.0762e+01  14 7.59715e-01  
 32.4 1.0819e+01  14 7.65459e-01  
 32.5 1.0879e+01  14 7.71151e-01  
 32.6 1.0929e+01  14 7.76982e-01  
 32.7 1.0984e+01  14 7.82744e-01  
 32.8 1.1042e+01  14 7.88456e-01  
 32.9 1.1095e+01  14 7.94221e-01  
 33.0 1.1150e+01  14 7.99973e-01  
 33.1 1.1209e+01  14 8.05663e-01  
 33.2 1.1256e+01  14 8.11503e-01  
 33.3 1.1313e+01  14 8.17214e-01  
 33.4 1.1363e+01  14 8.23014e-01  
 33.5 1.1413e+01  14 8.28791e-01  
 33.6 1.1465e+01  14 8.34551e-01  
 33.7 1.1515e+01  14 8.40320e-01  
 33.8 1.1569e+01  14 8.46060e-01  
 33.9 1.1611e+01  14 8.51889e-01  
 34.0 1.1663e+01  14 8.57632e-01  
 34.1 1.1713e+01  14 8.63386e-01  
 34.2 1.1747e+01  14 8.69263e-01  
 34.3 1.1799e+01  14 8.74990e-01  
 34.4 1.1853e+01  14 8.80697e-01  
 34.5 1.1885e+01  14 8.86552e-01  
 34.6 1.1945e+01  14 8.92218e-01  
 34.7 1.1990e+01  14 8.97974e-01  
 34.8 1.2027e+01  14 9.03766e-01  
 34.9 1.2063e+01  14 9.09558e-01  
 35.0 1.2107e+01  14 9.15298e-01  
 35.1 1.2151e+01  14 9.21030e-01  
 35.2 1.2198e+01  14 9.26743e-01  
 35.3 1.2253e+01  14 9.32427e-01  
 35.4 1.2295e+01  14 9.38155e-01  
 35.5 1.2336e+01  14 9.43879e-01  
 35.6 1.2375e+01  14 9.49604e-01  
 35.7 1.2414e+01  14 9.55322e-01  
 35.8 1.2451e+01  14 9.61034e-01  
 35.9 1.2548e+01  14 9.66631e-01  
 36.0 1.2630e+01  14 9.72281e-01  
 36.1 1.2742e+01  14 9.77915e-01  
 36.2 1.2834e+01  14 9.83605e-01  
 36.3 1.2931e+01  14 9.89317e-01  
 36.4 1.2904e+01  14 9.84592e-01  
 36.5 1.2976e+01  14 9.90035e-01  
 36.6 1.2974e+01  14 9.92247e-01  
 36.7 1.3027e+01  14 9.94908e-01  
 36.8 1.3056e+01  14 9.96380e-01  
 36.9 1.3102e+01  14 9.98724e-01  
 37.0 1.3142e+01  14 1.00000e+00  
 37.1 1.3156e+01  14 1.00000e+00  
 37.2 1.3172e+01  14 1.00000e+00  
 37.3 1.3185e+01  14 1.00000e+00  
 37.4 1.3213e+01  14 1.00000e+00  
 37.5 1.3227e+01  14 1.00000e+00  
 37.6 1.3245e+01  14 1.00000e+00  
 37.7 1.3259e+01  14 1.00000e+00  
 37.8 1.3273e+01  14 1.00000e+00  
 37.9 1.3305e+01  14 1.00000e+00  
 38.0 1.3317e+01  14 1.00000e+00  
 38.1 1.3338e+01  14 1.00000e+00  
 38.2 1.3353e+01  14 1.00000e+00  
 38.3 1.3366e+01  14 1.00000e+00  
 38.4 1.3388e+01  14 1.00000e+00  
 38.5 1.3402e+01  14 1.00000e+00  
 38.6 1.3422e+01  14 1.00000e+00  
 38.7 1.3438e+01  14 1.00000e+00  
 38.8 1.3450e+01  14 1.00000e+00  
 38.9 1.3472e+01  14 1.00000e+00  
 39.0 1.3487e+01  14 1.00000e+00  
 39.1 1.3507e+01  14 1.00000e+00  
 39.2 1.3522e+01  14 1.00000e+00  
 39.3 1.3535e+01  14 1.00000e+00  
 39.4 1.3513e+01  14 1.00000e+00  
 39.5 1.3326e+01  14 1.00000e+00  
 39.6 1.3262e+01  14 1.00000e+00  
 39.7 1.3237e+01  14 1.00000e+00  
 39.8 1.3200e+01  14 1.00000e+00  
 39.9 1.3127e+01  14 9.99968e-01  
 40.0 1.2849e+01  14 9.85880e-01  
 40.1 1.2714e+01  14 9.79027e-01  
 40.2 1.2639e+01  14 9.75203e-01  
 40.3 1.2590e+01  14 9.72665e-01  
 40.4 1.2299e+01  14 9.57716e-01  
 40.5 1.2110e+01  14 9.47998e-01  
 40.6 1.2013e+01  14 9.42951e-01  
 40.7 1.1985e+01  14 9.41494e-01  
 40.8 1.1935e+01  14 9.38924e-01  
 40.9 1.1738e+01  14 9.28617e-01  
 41.0 1.1549e+01  14 9.18727e-01  
 41.1 1.1427e+01  14 9.12308e-01  
 41.2 1.1379e+01  14 9.09802e-01  
 41.3 1.1386e+01  14 9.10153e-01  
 41.4 1.1203e+01  14 9.00489e-01  
 41.5 1.1021e+01  14 8.90843e-01  
 41.6 1.0930e+01  14 8.85993e-01  
 41.7 1.0888e+01  14 8.83749e-01  
 41.8 1.0884e+01  14 8.83546e-01  
 41.9 1.0730e+01  14 8.75287e-01  
 42.0 1.0550e+01  14 8.65662e-01  
 42.1 1.0483e+01  14 8.62030e-01  
 42.2 1.0454e+01  14 8.60482e-01  
 42.3 1.0402e+01  14 8.57648e-01  
 42.4 1.0373e+01  14 8.56105e-01  
 42.5 1.0283e+01  14 8.51257e-01  
 42.6 1.0068e+01  14 8.39598e-01  
 42.7 1.0070e+01  14 8.39692e-01  
 42.8 1.0025e+01  14 8.37254e-01  
 42.9 1.0021e+01  14 8.37003e-01  
 43.0 1.0002e+01  14 8.35972e-01  
 43.1 9.7699e+00  14 8.23325e-01  
 43.2 9.6997e+00  14 8.19482e-01  
 43.3 9.7080e+00  14 8.19937e-01  
 43.4 9.6519e+00  14 8.16863e-01  
 43.5 9.6305e+00  14 8.15686e-01  
 43.6 9.5439e+00  14 8.10936e-01  
 43.7 9.4893e+00  14 8.07933e-01  
 43.8 9.5596e+00  14 8.11799e-01  
 43.9 9.6478e+00  14 8.16639e-01  
 44.0 9.6695e+00  14 8.17825e-01  
 44.1 9.6770e+00  14 8.18238e-01  
 44.2 9.6870e+00  14 8.18785e-01  
 44.3 9.8195e+00  14 8.26035e-01  
 44.4 9.9288e+00  14 8.31999e-01  
 44.5 9.9633e+00  14 8.33880e-01  
 44.6 9.9822e+00  14 8.34908e-01  
 44.7 1.0026e+01  14 8.37269e-01  
 44.8 1.0068e+01  14 8.39566e-01  
 44.9 1.0100e+01  14 8.41336e-01  
 45.0 1.0145e+01  14 8.43754e-01  
 45.1 1.0264e+01  14 8.50216e-01  
 45.2 1.0357e+01  14 8.55243e-01  
 45.3 1.0427e+01  14 8.59032e-01  
 45.4 1.0493e+01  14 8.62577e-01  
 45.5 1.0600e+01  14 8.68325e-01  
 45.6 1.0659e+01  14 8.71510e-01  
 45.7 1.0702e+01  14 8.73819e-01  
 45.8 1.0758e+01  14 8.76790e-01  
 45.9 1.0801e+01  14 8.79079e-01  
 46.0 1.0849e+01  14 8.81671e-01  
 46.1 1.0894e+01  14 8.84093e-01  
 46.2 1.0929e+01  14 8.85952e-01  
 46.3 1.0979e+01  14 8.88584e-01  
 46.4 1.1107e+01  14 8.95392e-01  
 46.5 1.1200e+01  14 9.00338e-01  
 46.6 1.1286e+01  14 9.04860e-01  
 46.7 1.1356e+01  14 9.08591e-01  
 46.8 1.1422e+01  14 9.12076e-01  
 46.9 1.1558e+01  14 9.19197e-01  
 47.0 1.1612e+01  14 9.22025e-01  
 47.1 1.1662e+01  14 9.24631e-01  
 47.2 1.1714e+01  14 9.27379e-01  
 47.3 1.1759e+01  14 9.29722e-01  
 47.4 1.1813e+01  14 9.32539e-01  
 47.5 1.1863e+01  14 9.35142e-01  
 47.6 1.1901e+01  14 9.37122e-01  
 47.7 1.1966e+01  14 9.40510e-01  
 47.8 1.2103e+01  14 9.47607e-01  
 47.9 1.2205e+01  14 9.52879e-01  
 48.0 1.2282e+01  14 9.56846e-01  
 48.1 1.2370e+01  14 9.61377e-01  
 48.2 1.2440e+01  14 9.64963e-01  
 48.3 1.2574e+01  14 9.71861e-01  
 48.4 1.2636e+01  14 9.75017e-01  
 48.5 1.2683e+01  14 9.77406e-01  
 48.6 1.2744e+01  14 9.80561e-01  
 48.7 1.2804e+01  14 9.83591e-01  
 48.8 1.2854e+01  14 9.86136e-01  
 48.9 1.2909e+01  14 9.88907e-01  
 49.0 1.2949e+01  14 9.90955e-01  
 49.1 1.3031e+01  14 9.95132e-01  
 49.2 1.3140e+01  14 1.00000e+00  
 49.3 1.3183e+01  14 1.00000e+00  
 49.4 1.3219e+01  14 1.00000e+00  
 49.5 1.3254e+01  14 1.00000e+00  
 49.6 1.3283e+01  14 1.00000e+00  
 49.7 1.3313e+01  14 1.00000e+00  
 49.8 1.3364e+01  14 1.00000e+00  
 49.9 1.3391e+01  14 1.00000e+00  
 50.0 1.3413e+01  14 1.00000e+00  
 50.1 1.3431e+01  14 1.00000e+00  
 50.2 1.3450e+01  14 1.00000e+00  
 50.3 1.3471e+01  14 1.00000e+00  
 50.4 1.3490e+01  14 1.00000e+00  
 50.5 1.3514e+01  14 1.00000e+00  
 50.6 1.3553e+01  14 1.00000e+00  
 50.7 1.3599e+01  14 1.00000e+00  
 50.8 1.3639e+01  14 1.00000e+00  
 50.9 1.3676e+01  14 1.00000e+00  
 51.0 1.3710e+01  14 1.00000e+00  
 51.1 1.3741e+01  14 1.00000e+00  
 51.2 1.3770e+01  14 1.00000e+00  
 51.3 1.3819e+01  14 1.00000e+00  
 51.4 1.3848e+01  14 1.00000e+00  
 51.5 1.3867e+01  14 1.00000e+00  
 51.6 1.3892e+01  14 1.00000e+00  
 51.7 1.3914e+01  14 1.00000e+00  
 51.8 1.3934e+01  14 1.00000e+00  
 51.9 1.3955e+01  14 1.00000e+00  
 52.0 1.3971e+01  14 1.00000e+00  
 52.1 1.4013e+01  14 1.00000e+00  
 52.2 1.4044e+01  14 1.00000e+00  
 52.3 1.4098e+01  14 1.00000e+00  
 52.4 1.4135e+01  14 1.00000e+00  
 52.5 1.4169e+01  14 1.00000e+00  
 52.6 1.4205e+01  14 1.00000e+00  
 52.7 1.4235e+01  14 1.00000e+00  
 52.8 1.4264e+01  14 1.00000e+00  
 52.9 1.4316e+01  14 1.00000e+00  
 53.0 1.4335e+01  14 1.00000e+00  
 53.1 1.4357e+01  14 1.00000e+00  
 53.2 1.4378e+01  14 1.00000e+00  
 53.3 1.4402e+01  14 1.00000e+00  
 53.4 1.4423e+01  14 1.00000e+00  
 53.5 1.4443e+01  14 1.00000e+00  
 53.6 1.4472e+01  14 1.00000e+00  
 53.7 1.4509e+01  14 1.00000e+00  
 53.8 1.4546e+01  14 1.00000e+00  
 53.9 1.4596e+01  14 1.00000e+00  
 54.0 1.4631e+01  14 1.00000e+00  
 54.1 1.4669e+01  14 1.00000e+00  
 54.2 1.4698e+01  14 1.00000e+00  
 54.3 1.4733e+01  14 1.00000e+00  
 54.4 1.4761e+01  14 1.00000e+00  
 54.5 1.4809e+01  14 1.00000e+00  
 54.6 1.4839e+01  14 1.00000e+00  
 54.7 1.4858e+01  14 1.00000e+00  
 54.8 1.4880e+01  14 1.00000e+00  
 54.9 1.4904e+01  14 1.00000e+00  
 55.0 1.4921e+01  14 1.00000e+00  
 55.1 1.4947e+01  14 1.00000e+00  
 55.2 1.4967e+01  14 1.00000e+00  
 55.3 1.5004e+01  14 1.00000e+00  
 55.4 1.5038e+01  14 1.00000e+00  
 55.5 1.5079e+01  14 1.00000e+00  
 55.6 1.5130e+01  14 1.00000e+00  
 55.7 1.5167e+01  14 1.00000e+00  
 55.8 1.5200e+01  14 1.00000e+00  
 55.9 1.5232e+01  14 1.00000e+00  
 56.0 1.5264e+01  14 1.00000e+00  
 56.1 1.5304e+01  14 1.00000e+00  
 56.2 1.5333e+01  14 1.00000e+00  
 56.3 1.5366e+01  14 1.00000e+00  
 56.4 1.5389e+01  14 1.00000e+00  
 56.5 1.5413e+01  14 1.00000e+00  
 56.6 1.5438e+01  14 1.00000e+00  
 56.7 1.5459e+01  14 1.00000e+00  
 56.8 1.5476e+01  14 1.00000e+00  
 56.9 1.5503e+01  14 1.00000e+00  
 57.0 1.5546e+01  14 1.00000e+00  
 57.1 1.5584e+01  14 1.00000e+00  
 57.2 1.5614e+01  14 1.00000e+00  
 57.3 1.5657e+01  14 1.00000e+00  
 57.4 1.5695e+01  14 1.00000e+00  
 57.5 1.5736e+01  14 1.00000e+00  
 57.6 1.5773e+01  14 1.00000e+00  
 57.7 1.5803e+01  14 1.00000e+00  
 57.8 1.5834e+01  14 1.00000e+00  
 57.9 1.5890e+01  14 1.00000e+00  
 58.0 1.5913e+01  14 1.00000e+00  
 58.1 1.5939e+01  14 1.00000e+00  
 58.2 1.5963e+01  14 1.00000e+00  
 58.3 1.5988e+01  14 1.00000e+00  
 58.4 1.6019e+01  14 1.00000e+00  
 58.5 1.6032e+01  14 1.00000e+00  
 58.6 1.6058e+01  14 1.00000e+00  
 58.7 1.6091e+01  14 1.00000e+00  
 58.8 1.6129e+01  14 1.00000e+00  
 58.9 1.6175e+01  14 1.00000e+00  
 59.0 1.6195e+01  14 1.00000e+00  
 59.1 1.6258e+01  14 1.00000e+00  
 59.2 1.6286e+01  14 1.00000e+00  
 59.3 1.6330e+01  14 1.00000e+00  
 59.4 1.6363e+01  14 1.00000e+00  
 59.5 1.6389e+01  14 1.00000e+00  
 59.6 1.6419e+01  14 1.00000e+00  
 59.7 1.6474e+01  14 1.00000e+00  
 59.8 1.6505e+01  14 1.00000e+00  
 59.9 1.6526e+01  14 1.00000e+00  
 60.0 1.6540e+01  14 1.00000e+00  
 60.1 1.6572e+01  14 1.00000e+00  
 60.2 1.6592e+01  14 1.00000e+00  
 60.3 1.6617e+01  14 1.00000e+00  
 60.4 1.6636e+01  14 1.00000e+00  
 60.5 1.6671e+01  14 1.00000e+00  
 60.6 1.6718e+01  14 1.00000e+00  
 60.7 1.6746e+01  14 1.00000e+00  
 60.8 1.6793e+01  14 1.00000e+00  
 60.9 1.6826e+01  14 1.00000e+00  
 61.0 1.6870e+01  14 1.00000e+00  
 61.1 1.6907e+01  14 1.00000e+00  
 61.2 1.6937e+01  14 1.00000e+00  
 61.3 1.6968e+01  14 1.00000e+00  
 61.4 1.7004e+01  14 1.00000e+00  
 61.5 1.7034e+01  14 1.00000e+00  
 61.6 1.7088e+01  14 1.00000e+00  
 61.7 1.7111e+01  14 1.00000e+00  
 61.8 1.7134e+01  14 1.00000e+00  
 61.9 1.7155e+01  14 1.00000e+00  
 62.0 1.7173e+01  14 1.00000e+00  
 62.1 1.7194e+01  14 1.00000e+00  
 62.2 1.7221e+01  14 1.00000e+00  
 62.3 1.7238e+01  14 1.00000e+00  
 62.4 1.7283e+01  14 1.00000e+00  
 62.5 1.7318e+01  14 1.00000e+00  
 62.6 1.7361e+01  14 1.00000e+00  
 62.7 1.7393e+01  14 1.00000e+00  
 62.8 1.7430e+01  14 1.00000e+00  
 62.9 1.7472e+01  14 1.00000e+00  
 63.0 1.7511e+01  14 1.00000e+00  
 63.1 1.7534e+01  14 1.00000e+00  
 63.2 1.7573e+01  14 1.00000e+00  
 63.3 1.7613e+01  14 1.00000e+00  
 63.4 1.7633e+01  14 1.00000e+00  
 63.5 1.7659e+01  14 1.00000e+00  
 63.6 1.7708e+01  14 1.00000e+00  
 63.7 1.7743e+01  14 1.00000e+00  
 63.8 1.7774e+01  14 1.00000e+00  
 63.9 1.7795e+01  14 1.00000e+00  
 64.0 1.7815e+01  14 1.00000e+00  
 64.1 1.7838e+01  14 1.00000e+00  
 64.2 1.7865e+01  14 1.00000e+00  
 64.3 1.7884e+01  14 1.00000e+00  
 64.4 1.7922e+01  14 1.00000e+00  
 64.5 1.7963e+01  14 1.00000e+00  
 64.6 1.8006e+01  14 1.00000e+00  
 64.7 1.8043e+01  14 1.00000e+00  
 64.8 1.8071e+01  14 1.00000e+00  
 64.9 1.8119e+01  14 1.00000e+00  
 65.0 1.8157e+01  14 1.00000e+00  
 65.1 1.8182e+01  14 1.00000e+00  
 65.2 1.8220e+01  14 1.00000e+00  
 65.3 1.8242e+01  14 1.00000e+00  
 65.4 1.8284e+01  14 1.00000e+00  
 65.5 1.8314e+01  14 1.00000e+00  
 65.6 1.8365e+01  14 1.00000e+00  
 65.7 1.8390e+01  14 1.00000e+00  
 65.8 1.8421e+01  14 1.00000e+00  
 65.9 1.8442e+01  14 1.00000e+00  
 66.0 1.8462e+01  14 1.00000e+00  
 66.1 1.8486e+01  14 1.00000e+00  
 66.2 1.8515e+01  14 1.00000e+00  
 66.3 1.8529e+01  14 1.00000e+00  
 66.4 1.8556e+01  14 1.00000e+00  
 66.5 1.8607e+01  14 1.00000e+00  
 66.6 1.8648e+01  14 1.00000e+00  
 66.7 1.8689e+01  14 1.00000e+00  
 66.8 1.8726e+01  14 1.00000e+00  
 66.9 1.8760e+01  14 1.00000e+00  
 67.0 1.8799e+01  14 1.00000e+00  
 67.1 1.8839e+01  14 1.00000e+00  
 67.2 1.8866e+01  14 1.00000e+00  
 67.3 1.8906e+01  14 1.00000e+00  
 67.4 1.8935e+01  14 1.00000e+00  
 67.5 1.8974e+01  14 1.00000e+00  
 67.6 1.8987e+01  14 1.00000e+00  
 67.7 1.9017e+01  14 1.00000e+00  
 67.8 1.9073e+01  14 1.00000e+00  
 67.9 1.9117e+01  14 1.00000e+00  
 68.0 1.9138e+01  14 1.00000e+00  
 68.1 1.9162e+01  14 1.00000e+00  
 68.2 1.9186e+01  14 1.00000e+00  
 68.3 1.9209e+01  14 1.00000e+00  
 68.4 1.9227e+01  14 1.00000e+00  
 68.5 1.9249e+01  14 1.00000e+00  
 68.6 1.9286e+01  14 1.00000e+00  
 68.7 1.9321e+01  14 1.00000e+00  
 68.8 1.9374e+01  14 1.00000e+00  
 68.9 1.9414e+01  14 1.00000e+00  
 69.0 1.9444e+01  14 1.00000e+00  
 69.1 1.9484e+01  14 1.00000e+00  
 69.2 1.9529e+01  14 1.00000e+00  
 69.3 1.9566e+01  14 1.00000e+00  
 69.4 1.9595e+01  14 1.00000e+00  
 69.5 1.9634e+01  14 1.00000e+00  
 69.6 1.9663e+01  14 1.00000e+00  
 69.7 1.9700e+01  14 1.00000e+00  
 69.8 1.9716e+01  14 1.00000e+00  
 69.9 1.9750e+01  14 1.00000e+00  
 70.0 1.9800e+01  14 1.00000e+00  
 70.1 1.9835e+01  14 1.00000e+00  
 70.2 1.9867e+01  14 1.00000e+00  
 70.3 1.9875e+01  14 1.00000e+00  
 70.4 1.9908e+01  14 1.00000e+00  
 70.5 1.9938e+01  14 1.00000e+00  
 70.6 1.9962e+01  14 1.00000e+00  
 70.7 1.9986e+01  14 1.00000e+00  
 70.8 2.0008e+01  14 1.00000e+00  
 70.9 2.0055e+01  14 1.00000e+00  
 71.0 2.0100e+01  14 1.00000e+00  
 71.1 2.0138e+01  14 1.00000e+00  
 71.2 2.0165e+01  14 1.00000e+00  
 71.3 2.0219e+01  14 1.00000e+00  
 71.4 2.0239e+01  14 1.00000e+00  
 71.5 2.0286e+01  14 1.00000e+00  
 71.6 2.0335e+01  14 1.00000e+00  
 71.7 2.0357e+01  14 1.00000e+00  
 71.8 2.0404e+01  14 1.00000e+00  
 71.9 2.0428e+01  14 1.00000e+00  
 72.0 2.0469e+01  14 1.00000e+00  
 72.1 2.0484e+01  14 1.00000e+00  
 72.2 2.0520e+01  14 1.00000e+00  
 72.3 2.0548e+01  14 1.00000e+00  
 72.4 2.0617e+01  14 1.00000e+00  
 72.5 2.0629e+01  14 1.00000e+00  
 72.6 2.0660e+01  14 1.00000e+00  
 72.7 2.0688e+01  14 1.00000e+00  
 72.8 2.0699e+01  14 1.00000e+00  
 72.9 2.0735e+01  14 1.00000e+00  
 73.0 2.0748e+01  14 1.00000e+00  
 73.1 2.0770e+01  14 1.00000e+00  
 73.2 2.0820e+01  14 1.00000e+00  
 73.3 2.0854e+01  14 1.00000e+00  
 73.4 2.0913e+01  14 1.00000e+00  
 73.5 2.0954e+01  14 1.00000e+00  
 73.6 2.0993e+01  14 1.00000e+00  
 73.7 2.1023e+01  14 1.00000e+00  
 73.8 2.1064e+01  14 1.00000e+00  
 73.9 2.1095e+01  14 1.00000e+00  
 74.0 2.1148e+01  14 1.00000e+00  
 74.1 2.1177e+01  14 1.00000e+00  
 74.2 2.1217e+01  14 1.00000e+00  
 74.3 2.1247e+01  14 1.00000e+00  
 74.4 2.1285e+01  14 1.00000e+00  
 74.5 2.1308e+01  14 1.00000e+00  
 74.6 2.1345e+01  14 1.00000e+00  
 74.7 2.1375e+01  14 1.00000e+00  
 74.8 2.1406e+01  14 1.00000e+00  
 74.9 2.1450e+01  14 1.00000e+00  
 75.0 2.1475e+01  14 1.00000e+00  
 75.1 2.1512e+01  14 1.00000e+00  
 75.2 2.1527e+01  14 1.00000e+00  
 75.3 2.1562e+01  14 1.00000e+00  
 75.4 2.1579e+01  14 1.00000e+00  
 75.5 2.1603e+01  14 1.00000e+00  
 75.6 2.1632e+01  14 1.00000e+00  
 75.7 2.1676e+01  14 1.00000e+00  
 75.8 2.1726e+01  14 1.00000e+00  
 75.9 2.1764e+01  14 1.00000e+00  
 76.0 2.1808e+01  14 1.00000e+00  
 76.1 2.1842e+01  14 1.00000e+00  
 76.2 2.1887e+01  14 1.00000e+00  
 76.3 2.1922e+01  14 1.00000e+00  
 76.4 2.1956e+01  14 1.00000e+00  
 76.5 2.2006e+01  14 1.00000e+00  
 76.6 2.2034e+01  14 1.00000e+00  
 76.7 2.2078e+01  14 1.00000e+00  
 76.8 2.2121e+01  14 1.00000e+00  
 76.9 2.2167e+01  14 1.00000e+00  
 77.0 2.2198e+01  14 1.00000e+00  
 77.1 2.2218e+01  14 1.00000e+00  
 77.2 2.2254e+01  14 1.00000e+00  
 77.3 2.2329e+01  14 1.00000e+00  
 77.4 2.2332e+01  14 1.00000e+00  
 77.5 2.2368e+01  14 1.00000e+00  
 77.6 2.2385e+01  14 1.00000e+00  
 77.7 2.2421e+01  14 1.00000e+00  
 77.8 2.2438e+01  14 1.00000e+00  
 77.9 2.2467e+01  14 1.00000e+00  
 78.0 2.2496e+01  14 1.00000e+00  
 78.1 2.2520e+01  14 1.00000e+00  
 78.2 2.2557e+01  14 1.00000e+00  
 78.3 2.2617e+01  14 1.00000e+00  
 78.4 2.2647e+01  14 1.00000e+00  
 78.5 2.2697e+01  14 1.00000e+00  
 78.6 2.2733e+01  14 1.00000e+00  
 78.7 2.2784e+01  14 1.00000e+00  
 78.8 2.2821e+01  14 1.00000e+00  
 78.9 2.2857e+01  14 1.00000e+00  
 79.0 2.2892e+01  14 1.00000e+00  
 79.1 2.2934e+01  14 1.00000e+00  
 79.2 2.2975e+01  14 1.00000e+00  
 79.3 2.3014e+01  14 1.00000e+00  
 79.4 2.3041e+01  14 1.00000e+00  
 79.5 2.3084e+01  14 1.00000e+00  
 79.6 2.3094e+01  14 1.00000e+00  
 79.7 2.3132e+01  14 1.00000e+00  
 79.8 2.3170e+01  14 1.00000e+00  
 79.9 2.3201e+01  14 1.00000e+00  
 80.0 2.3256e+01  14 1.00000e+00  
 80.1 2.3273e+01  14 1.00000e+00  
 80.2 2.3314e+01  14 1.00000e+00  
 80.3 2.3340e+01  14 1.00000e+00  
 80.4 2.3355e+01  14 1.00000e+00  
 80.5 2.3393e+01  14 1.00000e+00  
 80.6 2.3419e+01  14 1.00000e+00  
 80.7 2.3444e+01  14 1.00000e+00  
 80.8 2.3453e+01  14 1.00000e+00  
 80.9 2.3522e+01  14 1.00000e+00  
 81.0 2.3563e+01  14 1.00000e+00  
 81.1 2.3611e+01  14 1.00000e+00  
 81.2 2.3658e+01  14 1.00000e+00  
 81.3 2.3686e+01  14 1.00000e+00  
 81.4 2.3741e+01  14 1.00000e+00  
 81.5 2.3778e+01  14 1.00000e+00  
 81.6 2.3798e+01  14 1.00000e+00  
 81.7 2.3846e+01  14 1.00000e+00  
 81.8 2.3902e+01  14 1.00000e+00  
 81.9 2.3930e+01  14 1.00000e+00  
 82.0 2.3977e+01  14 1.00000e+00  
 82.1 2.4009e+01  14 1.00000e+00  
 82.2 2.4038e+01  14 1.00000e+00  
 82.3 2.4077e+01  14 1.00000e+00  
 82.4 2.4109e+01  14 1.00000e+00  
 82.5 2.4130e+01  14 1.00000e+00  
 82.6 2.4169e+01  14 1.00000e+00  
 82.7 2.4200e+01  14 1.00000e+00  
 82.8 2.4265e+01  14 1.00000e+00  
 82.9 2.4287e+01  14 1.00000e+00  
 83.0 2.4316e+01  14 1.00000e+00  
 83.1 2.4344e+01  14 1.00000e+00  
 83.2 2.4371e+01  14 1.00000e+00  
 83.3 2.4394e+01  14 1.00000e+00  
 83.4 2.4413e+01  14 1.00000e+00  
 83.5 2.4437e+01  14 1.00000e+00  
 83.6 2.4469e+01  14 1.00000e+00  
 83.7 2.4517e+01  14 1.00000e+00  
 83.8 2.4569e+01  14 1.00000e+00  
 83.9 2.4606e+01  14 1.00000e+00  
 84.0 2.4647e+01  14 1.00000e+00  
 84.1 2.4703e+01  14 1.00000e+00  
 84.2 2.4742e+01  14 1.00000e+00  
 84.3 2.4784e+01  14 1.00000e+00  
 84.4 2.4804e+01  14 1.00000e+00  
 84.5 2.4847e+01  14 1.00000e+00  
 84.6 2.4881e+01  14 1.00000e+00  
 84.7 2.4948e+01  14 1.00000e+00  
 84.8 2.4977e+01  14 1.00000e+00  
 84.9 2.5023e+01  14 1.00000e+00  
 85.0 2.5052e+01  14 1.00000e+00  
 85.1 2.5089e+01  14 1.00000e+00  
 85.2 2.5125e+01  14 1.00000e+00  
 85.3 2.5157e+01  14 1.00000e+00  
 85.4 2.5173e+01  14 1.00000e+00  
 85.5 2.5218e+01  14 1.00000e+00  
 85.6 2.5249e+01  14 1.00000e+00  
 85.7 2.5263e+01  14 1.00000e+00  
 85.8 2.5349e+01  14 1.00000e+00  
 85.9 2.5357e+01  14 1.00000e+00  
 86.0 2.5388e+01  14 1.00000e+00  
 86.1 2.5417e+01  14 1.00000e+00  
 86.2 2.5452e+01  14 1.00000e+00  
 86.3 2.5479e+01  14 1.00000e+00  
 86.4 2.5506e+01  14 1.00000e+00  
 86.5 2.5532e+01  14 1.00000e+00  
 86.6 2.5543e+01  14 1.00000e+00  
 86.7 2.5600e+01  14 1.00000e+00  
 86.8 2.5660e+01  14 1.00000e+00  
 86.9 2.5708e+01  14 1.00000e+00  
 87.0 2.5754e+01  14 1.00000e+00  
 87.1 2.5798e+01  14 1.00000e+00  
 87.2 2.5834e+01  14 1.00000e+00  
 87.3 2.5882e+01  14 1.00000e+00  
 87.4 2.5907e+01  14 1.00000e+00  
 87.5 2.5955e+01  14 1.00000e+00  
 87.6 2.5993e+01  14 1.00000e+00  
 87.7 2.6020e+01  14 1.00000e+00  
 87.8 2.6077e+01  14 1.00000e+00  
 87.9 2.6125e+01  14 1.00000e+00  
 88.0 2.6164e+01  14 1.00000e+00  
 88.1 2.6191e+01  14 1.00000e+00  
 88.2 2.6232e+01  14 1.00000e+00  
 88.3 2.6248e+01  14 1.00000e+00  
 88.4 2.6292e+01  14 1.00000e+00  
 88.5 2.6324e+01  14 1.00000e+00  
 88.6 2.6349e+01  14 1.00000e+00  
 88.7 2.6386e+01  14 1.00000e+00  
 88.8 2.6416e+01  14 1.00000e+00  
 88.9 2.6479e+01  14 1.00000e+00  
 89.0 2.6509e+01  14 1.00000e+00  
 89.1 2.6537e+01  14 1.00000e+00  
 89.2 2.6561e+01  14 1.00000e+00  
 89.3 2.6581e+01  14 1.00000e+00  
 89.4 2.6613e+01  14 1.00000e+00  
 89.5 2.6635e+01  14 1.00000e+00  
 89.6 2.6662e+01  14 1.00000e+00  
 89.7 2.6699e+01  14 1.00000e+00  
 89.8 2.6746e+01  14 1.00000e+00  
 89.9 2.6780e+01  14 1.00000e+00  
 90.0 2.6841e+01  14 1.00000e+00  
 90.1 2.6889e+01  14 1.00000e+00  
 90.2 2.6966e+01  14 1.00000e+00  
 90.3 2.6995e+01  14 1.00000e+00  
 90.4 2.7052e+01  14 1.00000e+00  
 90.5 2.7076e+01  14 1.00000e+00  
 90.6 2.7129e+01  14 1.00000e+00  
 90.7 2.7170e+01  14 1.00000e+00  
 90.8 2.7203e+01  14 1.00000e+00  
 90.9 2.7228e+01  14 1.00000e+00  
 91.0 2.7258e+01  14 1.00000e+00  
 91.1 2.7297e+01  14 1.00000e+00  
 91.2 2.7334e+01  14 1.00000e+00  
 91.3 2.7421e+01  14 1.00000e+00  
 91.4 2.7454e+01  14 1.00000e+00  
 91.5 2.7481e+01  14 1.00000e+00  
 91.6 2.7513e+01  14 1.00000e+00  
 91.7 2.7547e+01  14 1.00000e+00  
 91.8 2.7561e+01  14 1.00000e+00  
 91.9 2.7611e+01  14 1.00000e+00  
 92.0 2.7642e+01  14 1.00000e+00  
 92.1 2.7718e+01  14 1.00000e+00  
 92.2 2.7734e+01  14 1.00000e+00  
 92.3 2.7767e+01  14 1.00000e+00  
 92.4 2.7780e+01  14 1.00000e+00  
 92.5 2.7811e+01  14 1.00000e+00  
 92.6 2.7848e+01  14 1.00000e+00  
 92.7 2.7863e+01  14 1.00000e+00  
 92.8 2.7891e+01  14 1.00000e+00  
 92.9 2.7931e+01  14 1.00000e+00  
 93.0 2.7976e+01  14 1.00000e+00  
 93.1 2.8028e+01  14 1.00000e+00  
 93.2 2.8062e+01  14 1.00000e+00  
 93.3 2.8114e+01  14 1.00000e+00  
 93.4 2.8176e+01  14 1.00000e+00  
 93.5 2.8222e+01  14 1.00000e+00  
 93.6 2.8254e+01  14 1.00000e+00  
 93.7 2.8312e+01  14 1.00000e+00  
 93.8 2.8336e+01  14 1.00000e+00  
 93.9 2.8395e+01  14 1.00000e+00  
 94.0 2.8436e+01  14 1.00000e+00  
 94.1 2.8473e+01  14 1.00000e+00  
 94.2 2.8504e+01  14 1.00000e+00  
 94.3 2.8517e+01  14 1.00000e+00  
 94.4 2.8558e+01  14 1.00000e+00  
 94.5 2.8597e+01  14 1.00000e+00  
 94.6 2.8633e+01  14 1.00000e+00  
 94.7 2.8670e+01  14 1.00000e+00  
 94.8 2.8747e+01  14 1.00000e+00  
 94.9 2.8789e+01  14 1.00000e+00  
 95.0 2.8800e+01  14 1.00000e+00  
 95.1 2.8849e+01  14 1.00000e+00  
 95.2 2.8883e+01  14 1.00000e+00  
 95.3 2.8906e+01  14 1.00000e+00  
 95.4 2.8949e+01  14 1.00000e+00  
 95.5 2.9009e+01  14 1.00000e+00  
 95.6 2.9050e+01  14 1.00000e+00  
 95.7 2.9077e+01  14 1.00000e+00  
 95.8 2.9104e+01  14 1.00000e+00  
 95.9 2.9123e+01  14 1.00000e+00  
 96.0 2.9160e+01  14 1.00000e+00  
 96.1 2.9196e+01  14 1.00000e+00  
 96.2 2.9226e+01  14 1.00000e+00  
 96.3 2.9243e+01  14 1.00000e+00  
 96.4 2.9279e+01  14 1.00000e+00  
 96.5 2.9331e+01  14 1.00000e+00  
 96.6 2.9365e+01  14 1.00000e+00  
 96.7 2.9417e+01  14 1.00000e+00  
 96.8 2.9468e+01  14 1.00000e+00  
 96.9 2.9533e+01  14 1.00000e+00  
 97.0 2.9574e+01  14 1.00000e+00  
 97.1 2.9612e+01  14 1.00000e+00  
 97.2 2.9670e+01  14 1.00000e+00  
 97.3 2.9703e+01  14 1.00000e+00  
 97.4 2.9752e+01  14 1.00000e+00  
 97.5 2.9802e+01  14 1.00000e+00  
 97.6 2.9838e+01  14 1.00000e+00  
 97.7 2.9873e+01  14 1.00000e+00  
 97.8 2.9890e+01  14 1.00000e+00  
 97.9 2.9914e+01  14 1.00000e+00  
 98.0 2.9953e+01  14 1.00000e+00  
 98.1 2.9991e+01  14 1.00000e+00  
 98.2 3.0027e+01  14 1.00000e+00  
 98.3 3.0056e+01  14 1.00000e+00  
 98.4 3.0092e+01  14 1.00000e+00  
 98.5 3.0185e+01  14 1.00000e+00  
 98.6 3.0217e+01  14 1.00000e+00  
 98.7 3.0241e+01  14 1.00000e+00  
 98.8 3.0281e+01  14 1.00000e+00  
 98.9 3.0300e+01  14 1.00000e+00  
 99.0 3.0347e+01  14 1.00000e+00  
 99.1 3.0360e+01  14 1.00000e+00  
 99.2 3.0453e+01  14 1.00000e+00  
 99.3 3.0478e+01  14 1.00000e+00  
 99.4 3.0489e+01  14 1.00000e+00  
 99.5 3.0536e+01  14 1.00000e+00  
 99.6 3.0575e+01  14 1.00000e+00  
 99.7 3.0607e+01  14 1.00000e+00  
 99.8 3.0618e+01  14 1.00000e+00  
 99.9 3.0662e+01  14 1.00000e+00  
100.0 3.0698e+01  14 1.00000e+00  
100.1 3.0726e+01  14 1.00000e+00  
100.2 3.0783e+01  14 1.00000e+00  
100.3 3.0838e+01  14 1.00000e+00  
100.4 3.0885e+01  14 1.00000e+00  
100.5 3.0920e+01  14 1.00000e+00  
100.6 3.0991e+01  14 1.00000e+00  
100.7 3.1036e+01  14 1.00000e+00  
100.8 3.1085e+01  14 1.00000e+00  
100.9 3.1134e+01  14 1.00000e+00  
101.0 3.1181e+01  14 1.00000e+00  
101.1 3.1180e+01  14 1.00000e+00  
101.2 3.1220e+01  14 1.00000e+00  
101.3 3.1261e+01  14 1.00000e+00  
101.4 3.1301e+01  14 1.00000e+00  
101.5 3.1341e+01  14 1.00000e+00  
101.6 3.1412e+01  14 1.00000e+00  
101.7 3.1427e+01  14 1.00000e+00  
101.8 3.1467e+01  14 1.00000e+00  
101.9 3.1506e+01  14 1.00000e+00  
102.0 3.1541e+01  14 1.00000e+00  
102.1 3.1569e+01  14 1.00000e+00  
102.2 3.1624e+01  14 1.00000e+00  
102.3 3.1663e+01  14 1.00000e+00  
102.4 3.1744e+01  14 1.00000e+00  
102.5 3.1761e+01  14 1.00000e+00  
102.6 3.1809e+01  14 1.00000e+00  
102.7 3.1825e+01  14 1.00000e+00  
102.8 3.1866e+01  14 1.00000e+00  
102.9 3.1903e+01  14 1.00000e+00  
103.0 3.1978e+01  14 1.00000e+00  
103.1 3.2006e+01  14 1.00000e+00  
103.2 3.2037e+01  14 1.00000e+00  
103.3 3.2058e+01  14 1.00000e+00  
103.4 3.2101e+01  14 1.00000e+00  
103.5 3.2133e+01  14 1.00000e+00  
103.6 3.2153e+01  14 1.00000e+00  
103.7 3.2197e+01  14 1.00000e+00  
103.8 3.2227e+01  14 1.00000e+00  
103.9 3.2255e+01  14 1.00000e+00  
104.0 3.2308e+01  14 1.00000e+00  
104.1 3.2363e+01  14 1.00000e+00  
104.2 3.2417e+01  14 1.00000e+00  
104.3 3.2466e+01  14 1.00000e+00  
104.4 3.2507e+01  14 1.00000e+00  
104.5 3.2567e+01  14 1.00000e+00  
104.6 3.2608e+01  14 1.00000e+00  
104.7 3.2665e+01  14 1.00000e+00  
104.8 3.2712e+01  14 1.00000e+00  
104.9 3.2716e+01  14 1.00000e+00  
105.0 3.2760e+01  14 1.00000e+00  
105.1 3.2765e+01  14 1.00000e+00  
105.2 3.2807e+01  14 1.00000e+00  
105.3 3.2848e+01  14 1.00000e+00  
105.4 3.2889e+01  14 1.00000e+00  
105.5 3.2930e+01  14 1.00000e+00  
105.6 3.2970e+01  14 1.00000e+00  
105.7 3.3009e+01  14 1.00000e+00  
105.8 3.3048e+01  14 1.00000e+00  
105.9 3.3087e+01  14 1.00000e+00  
106.0 3.3122e+01  14 1.00000e+00  
106.1 3.3158e+01  14 1.00000e+00  
106.2 3.3204e+01  14 1.00000e+00  
106.3 3.3258e+01  14 1.00000e+00  
106.4 3.3297e+01  14 1.00000e+00  
106.5 3.3377e+01  14 1.00000e+00  
106.6 3.3411e+01  14 1.00000e+00  
106.7 3.3442e+01  14 1.00000e+00  
106.8 3.3469e+01  14 1.00000e+00  
106.9 3.3514e+01  14 1.00000e+00  
107.0 3.3536e+01  14 1.00000e+00  
107.1 3.3586e+01  14 1.00000e+00  
107.2 3.3660e+01  14 1.00000e+00  
107.3 3.3672e+01  14 1.00000e+00  
107.4 3.3720e+01  14 1.00000e+00  
107.5 3.3754e+01  14 1.00000e+00  
107.6 3.3774e+01  14 1.00000e+00  
107.7 3.3764e+01  14 1.00000e+00  
107.8 3.3753e+01  14 1.00000e+00  
107.9 3.3725e+01  14 1.00000e+00  
108.0 2.7074e+01  14 1.00000e+00  
108.1 2.7106e+01  14 1.00000e+00  
108.2 2.7143e+01  14 1.00000e+00  
108.3 2.7173e+01  14 1.00000e+00  
108.4 2.6741e+01  14 1.00000e+00  
108.5 2.6783e+01  14 1.00000e+00  
108.6 2.6821e+01  14 1.00000e+00  
108.7 2.6858e+01  14 1.00000e+00  
108.8 2.6888e+01  14 1.00000e+00  
108.9 2.6908e+01  14 1.00000e+00  
109.0 2.6961e+01  14 1.00000e+00  
109.1 2.6976e+01  14 1.00000e+00  
109.2 2.7024e+01  14 1.00000e+00  
109.3 2.7059e+01  14 1.00000e+00  
109.4 2.7072e+01  14 1.00000e+00  
109.5 2.7112e+01  14 1.00000e+00  
109.6 2.6688e+01  14 1.00000e+00  
109.7 2.6698e+01  14 1.00000e+00  
109.8 2.6745e+01  14 1.00000e+00  
109.9 2.6782e+01  14 1.00000e+00  
110.0 2.6820e+01  14 1.00000e+00  
110.1 2.6856e+01  14 1.00000e+00  
110.2 2.6884e+01  14 1.00000e+00  
110.3 2.6912e+01  14 1.00000e+00  
110.4 2.6957e+01  14 1.00000e+00  
110.5 2.6977e+01  14 1.00000e+00  
110.6 2.6917e+01  14 1.00000e+00  
110.7 2.6941e+01  14 1.00000e+00  
110.8 2.6981e+01  14 1.00000e+00  
110.9 2.6664e+01  14 1.00000e+00  
111.0 2.6685e+01  14 1.00000e+00  
111.1 2.6699e+01  14 1.00000e+00  
111.2 2.6735e+01  14 1.00000e+00  
111.3 2.6772e+01  14 1.00000e+00  
111.4 2.6808e+01  14 1.00000e+00  
111.5 2.6840e+01  14 1.00000e+00  
111.6 2.6747e+01  14 1.00000e+00  
111.7 2.6777e+01  14 1.00000e+00  
111.8 2.6830e+01  14 1.00000e+00  
111.9 2.6864e+01  14 1.00000e+00  
112.0 2.6893e+01  14 1.00000e+00  
112.1 2.6909e+01  14 1.00000e+00  
112.2 2.6956e+01  14 1.00000e+00  
112.3 2.6984e+01  14 1.00000e+00  
112.4 2.6662e+01  14 1.00000e+00  
112.5 2.6696e+01  14 1.00000e+00  
112.6 2.6642e+01  14 1.00000e+00  
112.7 2.6665e+01  14 1.00000e+00  
112.8 2.6687e+01  14 1.00000e+00  
112.9 2.6699e+01  14 1.00000e+00  
113.0 2.6734e+01  14 1.00000e+00  
113.1 2.6767e+01  14 1.00000e+00  
113.2 2.6797e+01  14 1.00000e+00  
113.3 2.6823e+01  14 1.00000e+00  
113.4 2.6871e+01  14 1.00000e+00  
113.5 2.6903e+01  14 1.00000e+00  
113.6 2.6915e+01  14 1.00000e+00  
113.7 3.1364e+01  14 1.00000e+00  
113.8 2.6977e+01  14 1.00000e+00  
113.9 2.7013e+01  14 1.00000e+00  
114.0 2.7048e+01  14 1.00000e+00  
114.1 2.6652e+01  14 1.00000e+00  
114.2 2.6664e+01  14 1.00000e+00  
114.3 2.6689e+01  14 1.00000e+00  
114.4 2.6698e+01  14 1.00000e+00  
114.5 2.6738e+01  14 1.00000e+00  
114.6 2.6772e+01  14 1.00000e+00  
114.7 3.1209e+01  14 1.00000e+00  
114.8 3.1244e+01  14 1.00000e+00  
114.9 3.1279e+01  14 1.00000e+00  
115.0 3.1314e+01  14 1.00000e+00  
115.1 3.1349e+01  14 1.00000e+00  
115.2 3.1411e+01  14 1.00000e+00  
115.3 3.1424e+01  14 1.00000e+00  
115.4 3.1459e+01  14 1.00000e+00  
115.5 3.1493e+01  14 1.00000e+00  
115.6 3.1525e+01  14 1.00000e+00  
115.7 3.1553e+01  14 1.00000e+00  
115.8 3.1574e+01  14 1.00000e+00  
115.9 3.1629e+01  14 1.00000e+00  
116.0 3.1663e+01  14 1.00000e+00  
116.1 3.1740e+01  14 1.00000e+00  
116.2 3.1762e+01  14 1.00000e+00  
116.3 3.1795e+01  14 1.00000e+00  
116.4 3.1819e+01  14 1.00000e+00  
116.5 3.1327e+01  14 1.00000e+00  
116.6 3.1361e+01  14 1.00000e+00  
116.7 3.1404e+01  14 1.00000e+00  
116.8 3.1439e+01  14 1.00000e+00  
116.9 3.1474e+01  14 1.00000e+00  
117.0 3.1507e+01  14 1.00000e+00  
117.1 3.1537e+01  14 1.00000e+00  
117.2 3.1563e+01  14 1.00000e+00  
117.3 3.1590e+01  14 1.00000e+00  
117.4 3.1642e+01  14 1.00000e+00  
117.5 3.1700e+01  14 1.00000e+00  
117.6 3.1749e+01  14 1.00000e+00  
117.7 3.1760e+01  14 1.00000e+00  
117.8 3.1805e+01  14 1.00000e+00  
117.9 3.1827e+01  14 1.00000e+00  
118.0 3.1856e+01  14 1.00000e+00  
118.1 3.1876e+01  14 1.00000e+00  
118.2 3.1915e+01  14 1.00000e+00  
118.3 3.1980e+01  14 1.00000e+00  
118.4 3.2006e+01  14 1.00000e+00  
118.5 3.2032e+01  14 1.00000e+00  
118.6 3.2053e+01  14 1.00000e+00  
118.7 3.2089e+01  14 1.00000e+00  
118.8 3.2105e+01  14 1.00000e+00  
118.9 3.2144e+01  14 1.00000e+00  
119.0 3.2148e+01  14 1.00000e+00  
119.1 3.2198e+01  14 1.00000e+00  
119.2 3.2213e+01  14 1.00000e+00  
119.3 3.2251e+01  14 1.00000e+00  
119.4 3.2284e+01  14 1.00000e+00  
119.5 3.2325e+01  14 1.00000e+00  
119.6 3.2358e+01  14 1.00000e+00  
119.7 3.2426e+01  14 1.00000e+00  
119.8 3.2468e+01  14 1.00000e+00  
119.9 3.2494e+01  14 1.00000e+00  
120.0 3.2555e+01  14 1.00000e+00  
120.1 3.2580e+01  14 1.00000e+00  
120.2 3.2639e+01  14 1.00000e+00  
120.3 3.2106e+01  14 1.00000e+00  
120.4 3.2141e+01  14 1.00000e+00  
120.5 3.2152e+01  14 1.00000e+00  
120.6 3.2194e+01  14 1.00000e+00  
120.7 3.2201e+01  14 1.00000e+00  
120.8 3.2247e+01  14 1.00000e+00  
120.9 3.2269e+01  14 1.00000e+00  
121.0 3.2302e+01  14 1.00000e+00  
121.1 3.2369e+01  14 1.00000e+00  
121.2 3.2416e+01  14 1.00000e+00  
121.3 3.2452e+01  14 1.00000e+00  
121.4 3.2492e+01  14 1.00000e+00  
121.5 3.2542e+01  14 1.00000e+00  
121.6 3.2570e+01  14 1.00000e+00  
121.7 3.2625e+01  14 1.00000e+00  
121.8 3.2667e+01  14 1.00000e+00  
121.9 3.2715e+01  14 1.00000e+00  
122.0 3.2711e+01  14 1.00000e+00  
122.1 3.2749e+01  14 1.00000e+00  
122.2 3.2784e+01  14 1.00000e+00  
122.3 3.2819e+01  14 1.00000e+00  
122.4 3.2825e+01  14 1.00000e+00  
122.5 3.2860e+01  14 1.00000e+00  
122.6 3.2894e+01  14 1.00000e+00  
122.7 3.2929e+01  14 1.00000e+00  
122.8 3.2964e+01  14 1.00000e+00  
122.9 3.2997e+01  14 1.00000e+00  
123.0 3.3029e+01  14 1.00000e+00  
123.1 3.3063e+01  14 1.00000e+00  
123.2 3.3095e+01  14 1.00000e+00  
123.3 3.3124e+01  14 1.00000e+00  
123.4 3.3160e+01  14 1.00000e+00  
123.5 3.3189e+01  14 1.00000e+00  
123.6 3.3243e+01  14 1.00000e+00  
123.7 3.3277e+01  14 1.00000e+00  
123.8 3.3308e+01  14 1.00000e+00  
123.9 3.3378e+01  14 1.00000e+00  
124.0 3.3412e+01  14 1.00000e+00  
124.1 3.3440e+01  14 1.00000e+00  
124.2 3.3452e+01  14 1.00000e+00  
124.3 3.3501e+01  14 1.00000e+00  
124.4 3.3521e+01  14 1.00000e+00  
124.5 3.3553e+01  14 1.00000e+00  
124.6 3.3589e+01  14 1.00000e+00  
124.7 3.3655e+01  14 1.00000e+00  
124.8 3.3669e+01  14 1.00000e+00  
124.9 3.3711e+01  14 1.00000e+00  
125.0 3.3717e+01  14 1.00000e+00  
125.1 3.3769e+01  14 1.00000e+00  
125.2 3.3774e+01  14 1.00000e+00  
125.3 3.3825e+01  14 1.00000e+00  
125.4 3.3832e+01  14 1.00000e+00  
125.5 3.3880e+01  14 1.00000e+00  
125.6 3.3890e+01  14 1.00000e+00  
125.7 3.3935e+01  14 1.00000e+00  
125.8 3.3953e+01  14 1.00000e+00  
125.9 3.3507e+01  14 1.00000e+00  
126.0 3.3521e+01  14 1.00000e+00  
126.1 3.3565e+01  14 1.00000e+00  
126.2 3.3592e+01  14 1.00000e+00  
126.3 3.3664e+01  14 1.00000e+00  
126.4 3.3665e+01  14 1.00000e+00  
126.5 3.3715e+01  14 1.00000e+00  
126.6 3.3721e+01  14 1.00000e+00  
126.7 3.3772e+01  14 1.00000e+00  
126.8 3.3779e+01  14 1.00000e+00  
126.9 3.3826e+01  14 1.00000e+00  
127.0 3.3833e+01  14 1.00000e+00  
127.1 3.3882e+01  14 1.00000e+00  
127.2 3.3889e+01  14 1.00000e+00  
127.3 3.3936e+01  14 1.00000e+00  
127.4 3.3953e+01  14 1.00000e+00  
127.5 3.4007e+01  14 1.00000e+00  
127.6 3.4054e+01  14 1.00000e+00  
127.7 3.4099e+01  14 1.00000e+00  
127.8 3.4122e+01  14 1.00000e+00  
127.9 3.4188e+01  14 1.00000e+00  
128.0 3.4213e+01  14 1.00000e+00  
128.1 3.4272e+01  14 1.00000e+00  
128.2 3.4291e+01  14 1.00000e+00  
128.3 3.4357e+01  14 1.00000e+00  
128.4 3.4389e+01  14 1.00000e+00  
128.5 3.4388e+01  14 1.00000e+00  
128.6 3.4376e+01  14 1.00000e+00  
128.7 3.4389e+01  14 1.00000e+00  
128.8 3.4382e+01  14 1.00000e+00  
128.9 2.7103e+01  14 1.00000e+00  
129.0 2.7135e+01  14 1.00000e+00  
129.1 2.7161e+01  14 1.00000e+00  
129.2 2.7184e+01  14 1.00000e+00  
129.3 2.7204e+01  14 1.00000e+00  
129.4 2.7221e+01  14 1.00000e+00  
129.5 2.7281e+01  14 1.00000e+00  
129.6 2.7256e+01  14 1.00000e+00  
129.7 2.7281e+01  14 1.00000e+00  
129.8 2.6991e+01  14 1.00000e+00  
129.9 2.6916e+01  14 1.00000e+00  
130.0 2.6959e+01  14 1.00000e+00  
130.1 2.6985e+01  14 1.00000e+00  
130.2 2.7004e+01  14 1.00000e+00  
130.3 2.7040e+01  14 1.00000e+00  
130.4 2.7066e+01  14 1.00000e+00  
130.5 2.7073e+01  14 1.00000e+00  
130.6 2.7108e+01  14 1.00000e+00  
130.7 2.7138e+01  14 1.00000e+00  
130.8 2.7163e+01  14 1.00000e+00  
130.9 2.7185e+01  14 1.00000e+00  
131.0 2.7204e+01  14 1.00000e+00  
131.1 2.6781e+01  14 1.00000e+00  
131.2 2.6810e+01  14 1.00000e+00  
131.3 2.6830e+01  14 1.00000e+00  
131.4 2.6871e+01  14 1.00000e+00  
131.5 2.6899e+01  14 1.00000e+00  
131.6 2.6908e+01  14 1.00000e+00  
131.7 2.6953e+01  14 1.00000e+00  
131.8 2.6982e+01  14 1.00000e+00  
131.9 2.6993e+01  14 1.00000e+00  
132.0 2.7033e+01  14 1.00000e+00  
132.1 2.7060e+01  14 1.00000e+00  
132.2 2.7074e+01  14 1.00000e+00  
132.3 2.6994e+01  14 1.00000e+00  
132.4 2.7032e+01  14 1.00000e+00  
132.5 2.6694e+01  14 1.00000e+00  
132.6 2.6695e+01  14 1.00000e+00  
132.7 2.6740e+01  14 1.00000e+00  
132.8 2.6769e+01  14 1.00000e+00  
132.9 2.6789e+01  14 1.00000e+00  
133.0 2.6831e+01  14 1.00000e+00  
133.1 2.6861e+01  14 1.00000e+00  
133.2 2.6877e+01  14 1.00000e+00  
133.3 2.6787e+01  14 1.00000e+00  
133.4 2.6829e+01  14 1.00000e+00  
133.5 2.6856e+01  14 1.00000e+00  
133.6 2.6864e+01  14 1.00000e+00  
133.7 2.6909e+01  14 1.00000e+00  
133.8 2.6914e+01  14 1.00000e+00  
133.9 2.6957e+01  14 1.00000e+00  
134.0 2.6982e+01  14 1.00000e+00  
134.1 2.6664e+01  14 1.00000e+00  
134.2 2.6685e+01  14 1.00000e+00  
134.3 2.6699e+01  14 1.00000e+00  
134.4 2.6651e+01  14 1.00000e+00  
134.5 2.6664e+01  14 1.00000e+00  
134.6 2.6678e+01  14 1.00000e+00  
134.7 2.6696e+01  14 1.00000e+00  
134.8 2.6698e+01  14 1.00000e+00  
134.9 2.6741e+01  14 1.00000e+00  
135.0 2.6766e+01  14 1.00000e+00  
135.1 2.6781e+01  14 1.00000e+00  
135.2 2.6826e+01  14 1.00000e+00  
135.3 2.6851e+01  14 1.00000e+00  
135.4 2.6863e+01  14 1.00000e+00  
135.5 3.1306e+01  14 1.00000e+00  
135.6 3.1335e+01  14 1.00000e+00  
135.7 3.1365e+01  14 1.00000e+00  
135.8 3.1421e+01  14 1.00000e+00  
135.9 3.1430e+01  14 1.00000e+00  
136.0 3.1459e+01  14 1.00000e+00  
136.1 3.1488e+01  14 1.00000e+00  
136.2 3.1516e+01  14 1.00000e+00  
136.3 3.1542e+01  14 1.00000e+00  
136.4 3.1563e+01  14 1.00000e+00  
136.5 3.1584e+01  14 1.00000e+00  
136.6 3.1633e+01  14 1.00000e+00  
136.7 3.1662e+01  14 1.00000e+00  
136.8 3.1734e+01  14 1.00000e+00  
136.9 3.1755e+01  14 1.00000e+00  
137.0 3.1760e+01  14 1.00000e+00  
137.1 3.1806e+01  14 1.00000e+00  
137.2 3.1826e+01  14 1.00000e+00  
137.3 3.1850e+01  14 1.00000e+00  
137.4 3.1873e+01  14 1.00000e+00  
137.5 3.1891e+01  14 1.00000e+00  
137.6 3.1971e+01  14 1.00000e+00  
137.7 3.1971e+01  14 1.00000e+00  
137.8 3.2008e+01  14 1.00000e+00  
137.9 3.2032e+01  14 1.00000e+00  
138.0 3.2053e+01  14 1.00000e+00  
138.1 3.2080e+01  14 1.00000e+00  
138.2 3.2102e+01  14 1.00000e+00  
138.3 3.2128e+01  14 1.00000e+00  
138.4 3.2150e+01  14 1.00000e+00  
138.5 3.2168e+01  14 1.00000e+00  
138.6 3.2195e+01  14 1.00000e+00  
138.7 3.2198e+01  14 1.00000e+00  
138.8 3.2242e+01  14 1.00000e+00  
138.9 3.2256e+01  14 1.00000e+00  
139.0 3.2303e+01  14 1.00000e+00  
139.1 3.2343e+01  14 1.00000e+00  
139.2 3.2369e+01  14 1.00000e+00  
139.3 3.2424e+01  14 1.00000e+00  
139.4 3.2458e+01  14 1.00000e+00  
139.5 3.2497e+01  14 1.00000e+00  
139.6 3.2533e+01  14 1.00000e+00  
139.7 3.2573e+01  14 1.00000e+00  
139.8 3.2598e+01  14 1.00000e+00  
139.9 3.2648e+01  14 1.00000e+00  
140.0 3.2667e+01  14 1.00000e+00  
140.1 3.2720e+01  14 1.00000e+00  
140.2 3.2710e+01  14 1.00000e+00  
140.3 3.2744e+01  14 1.00000e+00  
140.4 3.2775e+01  14 1.00000e+00  
140.5 3.2806e+01  14 1.00000e+00  
140.6 3.2808e+01  14 1.00000e+00  
140.7 3.2838e+01  14 1.00000e+00  
140.8 3.2869e+01  14 1.00000e+00  
140.9 3.2900e+01  14 1.00000e+00  
141.0 3.2930e+01  14 1.00000e+00  
141.1 3.2961e+01  14 1.00000e+00  
141.2 3.2990e+01  14 1.00000e+00  
141.3 3.3017e+01  14 1.00000e+00  
141.4 3.3048e+01  14 1.00000e+00  
141.5 3.3077e+01  14 1.00000e+00  
141.6 3.3105e+01  14 1.00000e+00  
141.7 3.3130e+01  14 1.00000e+00  
141.8 3.3157e+01  14 1.00000e+00  
141.9 3.3197e+01  14 1.00000e+00  
142.0 3.3232e+01  14 1.00000e+00  
142.1 3.3263e+01  14 1.00000e+00  
142.2 3.3292e+01  14 1.00000e+00  
142.3 3.3317e+01  14 1.00000e+00  
142.4 3.3377e+01  14 1.00000e+00  
142.5 3.3415e+01  14 1.00000e+00  
142.6 3.3439e+01  14 1.00000e+00  
142.7 3.3444e+01  14 1.00000e+00  
142.8 3.3492e+01  14 1.00000e+00  
142.9 3.3516e+01  14 1.00000e+00  
143.0 3.3524e+01  14 1.00000e+00  
143.1 3.3571e+01  14 1.00000e+00  
143.2 3.3593e+01  14 1.00000e+00  
143.3 3.3663e+01  14 1.00000e+00  
143.4 3.3673e+01  14 1.00000e+00  
143.5 3.3701e+01  14 1.00000e+00  
143.6 3.3721e+01  14 1.00000e+00  
143.7 3.3751e+01  14 1.00000e+00  
143.8 3.3776e+01  14 1.00000e+00  
143.9 3.3796e+01  14 1.00000e+00  
144.0 3.3827e+01  14 1.00000e+00  
144.1 3.3830e+01  14 1.00000e+00  
144.2 3.3876e+01  14 1.00000e+00  
144.3 3.3892e+01  14 1.00000e+00  
144.4 3.3924e+01  14 1.00000e+00  
144.5 3.3948e+01  14 1.00000e+00  
144.6 3.3973e+01  14 1.00000e+00  
144.7 3.4019e+01  14 1.00000e+00  
144.8 3.4062e+01  14 1.00000e+00  
144.9 3.4105e+01  14 1.00000e+00  
145.0 3.4123e+01  14 1.00000e+00  
145.1 3.4184e+01  14 1.00000e+00  
145.2 3.4199e+01  14 1.00000e+00  
145.3 3.4259e+01  14 1.00000e+00  
145.4 3.4296e+01  14 1.00000e+00  
145.5 2.7329e+01  14 1.00000e+00  
145.6 2.7056e+01  14 1.00000e+00  
145.7 2.7077e+01  14 1.00000e+00  
145.8 2.6989e+01  14 1.00000e+00  
145.9 2.7029e+01  14 1.00000e+00  
146.0 2.7054e+01  14 1.00000e+00  
146.1 2.7062e+01  14 1.00000e+00  
146.2 2.7086e+01  14 1.00000e+00  
146.3 2.7115e+01  14 1.00000e+00  
146.4 2.7141e+01  14 1.00000e+00  
146.5 2.7164e+01  14 1.00000e+00  
146.6 2.7184e+01  14 1.00000e+00  
146.7 2.7198e+01  14 1.00000e+00  
146.8 2.7212e+01  14 1.00000e+00  
146.9 2.6781e+01  14 1.00000e+00  
147.0 2.6823e+01  14 1.00000e+00  
147.1 2.6846e+01  14 1.00000e+00  
147.2 2.6860e+01  14 1.00000e+00  
147.3 2.6901e+01  14 1.00000e+00  
147.4 2.6910e+01  14 1.00000e+00  
147.5 2.6947e+01  14 1.00000e+00  
147.6 2.6976e+01  14 1.00000e+00  
147.7 2.6981e+01  14 1.00000e+00  
147.8 2.7019e+01  14 1.00000e+00  
147.9 2.7047e+01  14 1.00000e+00  
148.0 2.7068e+01  14 1.00000e+00  
148.1 2.7072e+01  14 1.00000e+00  
148.2 2.7002e+01  14 1.00000e+00  
148.3 2.6658e+01  14 1.00000e+00  
148.4 2.6694e+01  14 1.00000e+00  
148.5 2.6697e+01  14 1.00000e+00  
148.6 2.6731e+01  14 1.00000e+00  
148.7 2.6746e+01  14 1.00000e+00  
148.8 2.6789e+01  14 1.00000e+00  
148.9 2.6816e+01  14 1.00000e+00  
149.0 2.6830e+01  14 1.00000e+00  
149.1 2.6868e+01  14 1.00000e+00  
149.2 2.6776e+01  14 1.00000e+00  
149.3 2.6786e+01  14 1.00000e+00  
149.4 2.6825e+01  14 1.00000e+00  
149.5 2.6846e+01  14 1.00000e+00  
149.6 2.6872e+01  14 1.00000e+00  
149.7 2.6891e+01  14 1.00000e+00  
149.8 2.6917e+01  14 1.00000e+00  
149.9 2.6923e+01  14 1.00000e+00  
150.0 2.6959e+01  14 1.00000e+00  
