 15.1 1.4502e+00  13 4.40159e-02  
 15.2 1.4577e+00  13 4.43616e-02  
 15.3 1.4651e+00  13 4.47029e-02  
 15.4 1.4726e+00  13 4.50401e-02  
 15.5 1.4800e+00  13 4.53731e-02  
 15.6 1.4874e+00  13 4.57021e-02  
 15.7 1.4948e+00  13 4.60270e-02  
 15.8 1.5023e+00  13 4.63480e-02  
 15.9 1.5097e+00  13 4.66653e-02  
 16.0 1.5171e+00  13 4.69787e-02  
 16.1 1.5246e+00  13 4.72884e-02  
 16.2 1.5320e+00  13 4.75946e-02  
 16.3 1.5394e+00  13 4.78971e-02  
 16.4 1.5468e+00  13 4.81961e-02  
 16.5 1.5543e+00  13 4.84917e-02  
 16.6 1.5617e+00  13 4.87839e-02  
 16.7 1.5691e+00  13 4.90728e-02  
 16.8 1.5765e+00  13 4.93584e-02  
 16.9 1.5839e+00  13 4.96408e-02  
 17.0 1.5913e+00  13 4.99201e-02  
 17.1 1.5988e+00  13 5.01962e-02  
 17.2 1.6062e+00  13 5.04693e-02  
 17.3 1.6136e+00  13 5.06791e-02  
 17.4 1.6210e+00  13 5.09455e-02  
 17.5 1.6301e+00  13 5.13451e-02  
 17.6 1.6419e+00  13 5.19503e-02  
 17.7 1.6538e+00  13 5.25570e-02  
 17.8 1.6658e+00  13 5.31651e-02  
 17.9 1.6779e+00  13 5.37747e-02  
 18.0 1.6901e+00  13 5.43859e-02  
 18.1 1.7024e+00  13 5.49987e-02  
 18.2 1.7147e+00  13 5.56131e-02  
 18.3 1.7272e+00  13 5.62293e-02  
 18.4 1.7398e+00  13 5.68473e-02  
 18.5 1.7524e+00  13 5.74671e-02  
 18.6 1.7652e+00  13 5.80887e-02  
 18.7 1.7780e+00  13 5.87123e-02  
 18.8 1.7910e+00  13 5.93379e-02  
 18.9 1.8041e+00  13 5.99655e-02  
 19.0 1.8172e+00  13 6.05952e-02  
 19.1 1.8305e+00  13 6.12271e-02  
 19.2 1.8438e+00  13 6.18612e-02  
 19.3 1.8573e+00  13 6.24975e-02  
 19.4 1.8708e+00  13 6.31361e-02  
 19.5 1.8845e+00  13 6.37770e-02  
 19.6 1.8983e+00  13 6.44204e-02  
 19.7 1.9121e+00  13 6.50662e-02  
 19.8 1.7394e+01  14 1.00000e+00  
 19.9 1.7479e+01  14 1.00000e+00  
 20.0 1.7563e+01  14 1.00000e+00  
 20.1 1.7648e+01  14 1.00000e+00  
 20.2 1.7733e+01  14 1.00000e+00  
 20.3 1.7817e+01  14 1.00000e+00  
 20.4 1.7902e+01  14 1.00000e+00  
 20.5 1.7986e+01  14 1.00000e+00  
 20.6 1.8070e+01  14 1.00000e+00  
 20.7 1.8155e+01  14 1.00000e+00  
 20.8 1.8239e+01  14 1.00000e+00  
 20.9 1.8323e+01  14 1.00000e+00  
 21.0 1.8408e+01  14 1.00000e+00  
 21.1 1.8492e+01  14 1.00000e+00  
 21.2 1.8576e+01  14 1.00000e+00  
 21.3 1.8660e+01  14 1.00000e+00  
 21.4 1.8744e+01  14 1.00000e+00  
 21.5 1.8828e+01  14 1.00000e+00  
 21.6 1.8912e+01  14 1.00000e+00  
 21.7 1.8996e+01  14 1.00000e+00  
 21.8 1.9080e+01  14 1.00000e+00  
 21.9 1.9164e+01  14 1.00000e+00  
 22.0 1.9248e+01  14 1.00000e+00  
 22.1 1.9332e+01  14 1.00000e+00  
 22.2 1.9415e+01  14 1.00000e+00  
 22.3 1.9499e+01  14 1.00000e+00  
 22.4 1.9583e+01  14 1.00000e+00  
 22.5 1.9667e+01  14 1.00000e+00  
 22.6 1.9750e+01  14 1.00000e+00  
 22.7 5.6003e+00  14 2.48248e-01  
 22.8 5.7192e+00  14 2.53412e-01  
 22.9 5.8398e+00  14 2.58619e-01  
 23.0 5.9621e+00  14 2.63868e-01  
 23.1 6.0861e+00  14 2.69159e-01  
 23.2 6.2117e+00  14 2.74492e-01  
 23.3 6.3390e+00  14 2.79866e-01  
 23.4 6.4680e+00  14 2.85282e-01  
 23.5 6.5987e+00  14 2.90739e-01  
 23.6 6.7311e+00  14 2.96236e-01  
 23.7 6.8653e+00  14 3.01775e-01  
 23.8 7.0011e+00  14 3.07354e-01  
 23.9 7.1387e+00  14 3.12974e-01  
 24.0 7.2779e+00  14 3.18634e-01  
 24.1 7.4189e+00  14 3.24333e-01  
 24.2 7.5617e+00  14 3.30073e-01  
 24.3 7.7062e+00  14 3.35853e-01  
 24.4 7.8524e+00  14 3.41672e-01  
 24.5 8.0004e+00  14 3.47531e-01  
 24.6 8.1502e+00  14 3.53429e-01  
 24.7 8.3017e+00  14 3.59366e-01  
 24.8 8.4551e+00  14 3.65342e-01  
 24.9 8.6101e+00  14 3.71357e-01  
 25.0 8.7670e+00  14 3.77411e-01  
 25.1 8.9257e+00  14 3.83504e-01  
 25.2 9.0862e+00  14 3.89635e-01  
 25.3 9.2484e+00  14 3.95804e-01  
 25.4 9.4125e+00  14 4.02012e-01  
 25.5 9.5784e+00  14 4.08258e-01  
 25.6 9.7462e+00  14 4.14542e-01  
 25.7 9.9157e+00  14 4.20864e-01  
 25.8 1.0087e+01  14 4.27224e-01  
 25.9 1.0260e+01  14 4.33622e-01  
 26.0 1.0435e+01  14 4.40057e-01  
 26.1 1.0612e+01  14 4.46530e-01  
 26.2 1.0791e+01  14 4.53040e-01  
 26.3 1.0972e+01  14 4.59588e-01  
 26.4 1.1154e+01  14 4.66174e-01  
 26.5 1.1339e+01  14 4.72796e-01  
 26.6 1.1525e+01  14 4.79456e-01  
 26.7 1.1713e+01  14 4.86153e-01  
 26.8 1.1904e+01  14 4.92887e-01  
 26.9 1.2096e+01  14 4.99657e-01  
 27.0 1.2290e+01  14 5.06465e-01  
 27.1 1.2485e+01  14 5.13310e-01  
 27.2 1.2683e+01  14 5.20191e-01  
 27.3 1.2883e+01  14 5.27109e-01  
 27.4 1.3085e+01  14 5.34064e-01  
 27.5 1.3288e+01  14 5.41056e-01  
 27.6 1.3494e+01  14 5.48084e-01  
 27.7 1.3701e+01  14 5.55148e-01  
 27.8 1.3911e+01  14 5.62249e-01  
 27.9 1.4122e+01  14 5.69386e-01  
 28.0 1.4336e+01  14 5.76560e-01  
 28.1 1.4551e+01  14 5.83770e-01  
 28.2 1.4769e+01  14 5.91017e-01  
 28.3 1.4988e+01  14 5.98300e-01  
 28.4 1.5210e+01  14 6.05619e-01  
 28.5 1.5433e+01  14 6.12974e-01  
 28.6 1.5659e+01  14 6.20365e-01  
 28.7 1.5886e+01  14 6.27793e-01  
 28.8 1.6116e+01  14 6.35256e-01  
 28.9 1.6348e+01  14 6.42756e-01  
 29.0 1.6581e+01  14 6.50292e-01  
 29.1 1.6817e+01  14 6.57864e-01  
 29.2 1.7055e+01  14 6.65472e-01  
 29.3 1.7295e+01  14 6.73116e-01  
 29.4 1.7537e+01  14 6.80796e-01  
 29.5 1.7781e+01  14 6.88512e-01  
 29.6 1.8027e+01  14 6.96264e-01  
 29.7 1.8275e+01  14 7.04052e-01  
 29.8 1.8526e+01  14 7.11876e-01  
 29.9 1.8778e+01  14 7.19736e-01  
 30.0 1.9033e+01  14 7.27632e-01  
 30.1 1.9290e+01  14 7.35564e-01  
 30.2 1.9549e+01  14 7.43532e-01  
 30.3 1.9810e+01  14 7.51535e-01  
 30.4 2.0073e+01  14 7.59575e-01  
 30.5 2.0287e+01  14 7.67797e-01  
 30.6 2.0553e+01  14 7.75903e-01  
 30.7 2.0822e+01  14 7.84046e-01  
 30.8 2.1093e+01  14 7.92225e-01  
 30.9 2.1366e+01  14 8.00440e-01  
 31.0 2.1641e+01  14 8.08690e-01  
 31.1 2.1918e+01  14 8.16977e-01  
 31.2 2.2197e+01  14 8.25300e-01  
 31.3 2.2479e+01  14 8.33658e-01  
 31.4 2.2763e+01  14 8.42053e-01  
 31.5 2.3049e+01  14 8.50484e-01  
 31.6 2.3337e+01  14 8.58950e-01  
 31.7 2.3628e+01  14 8.67453e-01  
 31.8 2.3921e+01  14 8.75992e-01  
 31.9 2.4216e+01  14 8.84567e-01  
 32.0 2.4513e+01  14 8.93178e-01  
 32.1 2.4813e+01  14 9.01825e-01  
 32.2 2.5114e+01  14 9.10509e-01  
 32.3 2.5419e+01  14 9.19229e-01  
 32.4 2.5725e+01  14 9.27984e-01  
 32.5 2.6034e+01  14 9.36777e-01  
 32.6 2.6345e+01  14 9.45605e-01  
 32.7 2.6658e+01  14 9.54470e-01  
 32.8 2.6974e+01  14 9.63371e-01  
 32.9 2.7292e+01  14 9.72309e-01  
 33.0 2.7612e+01  14 9.81283e-01  
 33.1 2.7935e+01  14 9.90293e-01  
 33.2 2.8260e+01  14 9.99340e-01  
 33.3 2.8356e+01  14 1.00000e+00  
 33.4 2.8434e+01  14 1.00000e+00  
 33.5 2.8512e+01  14 1.00000e+00  
 33.6 2.8590e+01  14 1.00000e+00  
 33.7 2.8667e+01  14 1.00000e+00  
 33.8 2.8745e+01  14 1.00000e+00  
 33.9 2.8823e+01  14 1.00000e+00  
 34.0 2.8900e+01  14 1.00000e+00  
 34.1 2.8978e+01  14 1.00000e+00  
 34.2 2.9055e+01  14 1.00000e+00  
 34.3 2.9133e+01  14 1.00000e+00  
 34.4 2.9209e+01  14 1.00000e+00  
 34.5 2.9152e+01  14 1.00000e+00  
 34.6 2.9230e+01  14 1.00000e+00  
 34.7 2.9307e+01  14 1.00000e+00  
 34.8 2.9279e+01  14 1.00000e+00  
 34.9 2.9209e+01  14 1.00000e+00  
 35.0 2.9286e+01  14 1.00000e+00  
 35.1 2.9361e+01  14 1.00000e+00  
 35.2 2.9438e+01  14 1.00000e+00  
 35.3 2.9365e+01  14 1.00000e+00  
 35.4 2.9441e+01  14 1.00000e+00  
 35.5 2.9518e+01  14 1.00000e+00  
 35.6 2.9594e+01  14 1.00000e+00  
 35.7 2.9671e+01  14 1.00000e+00  
 35.8 2.9331e+01  14 1.00000e+00  
 35.9 2.6469e+01  14 1.00000e+00  
 36.0 2.4507e+01  14 1.00000e+00  
 36.1 2.3034e+01  14 1.00000e+00  
 36.2 2.0855e+01  14 1.00000e+00  
 36.3 1.9320e+01  14 1.00000e+00  
 36.4 1.6825e+01  14 1.00000e+00  
 36.5 1.5042e+01  14 1.00000e+00  
 36.6 1.3382e+01  14 1.00000e+00  
 36.7 1.3399e+01  14 1.00000e+00  
 36.8 1.3381e+01  14 1.00000e+00  
 36.9 1.3373e+01  14 1.00000e+00  
 37.0 1.3407e+01  14 1.00000e+00  
 37.1 1.3443e+01  14 1.00000e+00  
 37.2 1.3479e+01  14 1.00000e+00  
 37.3 1.3512e+01  14 1.00000e+00  
 37.4 1.3549e+01  14 1.00000e+00  
 37.5 1.3586e+01  14 1.00000e+00  
 37.6 1.3622e+01  14 1.00000e+00  
 37.7 1.3658e+01  14 1.00000e+00  
 37.8 1.3694e+01  14 1.00000e+00  
 37.9 1.3730e+01  14 1.00000e+00  
 38.0 1.3765e+01  14 1.00000e+00  
 38.1 1.3801e+01  14 1.00000e+00  
 38.2 1.3837e+01  14 1.00000e+00  
 38.3 1.3873e+01  14 1.00000e+00  
 38.4 1.3909e+01  14 1.00000e+00  
 38.5 1.3945e+01  14 1.00000e+00  
 38.6 1.3981e+01  14 1.00000e+00  
 38.7 1.4015e+01  14 1.00000e+00  
 38.8 1.4051e+01  14 1.00000e+00  
 38.9 1.4087e+01  14 1.00000e+00  
 39.0 1.4123e+01  14 1.00000e+00  
 39.1 1.4160e+01  14 1.00000e+00  
 39.2 1.4195e+01  14 1.00000e+00  
 39.3 1.4231e+01  14 1.00000e+00  
 39.4 1.4266e+01  14 1.00000e+00  
 39.5 1.4302e+01  14 1.00000e+00  
 39.6 1.4338e+01  14 1.00000e+00  
 39.7 1.4374e+01  14 1.00000e+00  
 39.8 1.4410e+01  14 1.00000e+00  
 39.9 1.4446e+01  14 1.00000e+00  
 40.0 1.4481e+01  14 1.00000e+00  
 40.1 1.4516e+01  14 1.00000e+00  
 40.2 1.4552e+01  14 1.00000e+00  
 40.3 1.4588e+01  14 1.00000e+00  
 40.4 1.4624e+01  14 1.00000e+00  
 40.5 1.4660e+01  14 1.00000e+00  
 40.6 1.4702e+01  14 1.00000e+00  
 40.7 1.4747e+01  14 1.00000e+00  
 40.8 1.4766e+01  14 1.00000e+00  
 40.9 1.4802e+01  14 1.00000e+00  
 41.0 1.4838e+01  14 1.00000e+00  
 41.1 1.4882e+01  14 1.00000e+00  
 41.2 1.4926e+01  14 1.00000e+00  
 41.3 1.4971e+01  14 1.00000e+00  
 41.4 1.5015e+01  14 1.00000e+00  
 41.5 1.5017e+01  14 1.00000e+00  
 41.6 1.5062e+01  14 1.00000e+00  
 41.7 1.5106e+01  14 1.00000e+00  
 41.8 1.5151e+01  14 1.00000e+00  
 41.9 1.5196e+01  14 1.00000e+00  
 42.0 1.5250e+01  14 1.00000e+00  
 42.1 1.5304e+01  14 1.00000e+00  
 42.2 1.5287e+01  14 1.00000e+00  
 42.3 1.5332e+01  14 1.00000e+00  
 42.4 1.5377e+01  14 1.00000e+00  
 42.5 1.5434e+01  14 1.00000e+00  
 42.6 1.5567e+01  14 1.00000e+00  
 42.7 1.5605e+01  14 1.00000e+00  
 42.8 1.5514e+01  14 1.00000e+00  
 42.9 1.5562e+01  14 1.00000e+00  
 43.0 1.5619e+01  14 1.00000e+00  
 43.1 1.5747e+01  14 1.00000e+00  
 43.2 1.5785e+01  14 1.00000e+00  
 43.3 1.5822e+01  14 1.00000e+00  
 43.4 1.5750e+01  14 1.00000e+00  
 43.5 1.5890e+01  14 1.00000e+00  
 43.6 1.5928e+01  14 1.00000e+00  
 43.7 1.5966e+01  14 1.00000e+00  
 43.8 1.6002e+01  14 1.00000e+00  
 43.9 1.6038e+01  14 1.00000e+00  
 44.0 1.6070e+01  14 1.00000e+00  
 44.1 1.6108e+01  14 1.00000e+00  
 44.2 1.6145e+01  14 1.00000e+00  
 44.3 1.6181e+01  14 1.00000e+00  
 44.4 1.6217e+01  14 1.00000e+00  
 44.5 1.6254e+01  14 1.00000e+00  
 44.6 1.6288e+01  14 1.00000e+00  
 44.7 1.6324e+01  14 1.00000e+00  
 44.8 1.6360e+01  14 1.00000e+00  
 44.9 1.6397e+01  14 1.00000e+00  
 45.0 1.6433e+01  14 1.00000e+00  
 45.1 1.6469e+01  14 1.00000e+00  
 45.2 1.6503e+01  14 1.00000e+00  
 45.3 1.6539e+01  14 1.00000e+00  
 45.4 1.6576e+01  14 1.00000e+00  
 45.5 1.6612e+01  14 1.00000e+00  
 45.6 1.6648e+01  14 1.00000e+00  
 45.7 1.6682e+01  14 1.00000e+00  
 45.8 1.6718e+01  14 1.00000e+00  
 45.9 1.6755e+01  14 1.00000e+00  
 46.0 1.6791e+01  14 1.00000e+00  
 46.1 1.6827e+01  14 1.00000e+00  
 46.2 1.6861e+01  14 1.00000e+00  
 46.3 1.6897e+01  14 1.00000e+00  
 46.4 1.6934e+01  14 1.00000e+00  
 46.5 1.6970e+01  14 1.00000e+00  
 46.6 1.7006e+01  14 1.00000e+00  
 46.7 1.7040e+01  14 1.00000e+00  
 46.8 1.7076e+01  14 1.00000e+00  
 46.9 1.7112e+01  14 1.00000e+00  
 47.0 1.7148e+01  14 1.00000e+00  
 47.1 1.7182e+01  14 1.00000e+00  
 47.2 1.7218e+01  14 1.00000e+00  
 47.3 1.7254e+01  14 1.00000e+00  
 47.4 1.7290e+01  14 1.00000e+00  
 47.5 1.7324e+01  14 1.00000e+00  
 47.6 1.7360e+01  14 1.00000e+00  
 47.7 1.7396e+01  14 1.00000e+00  
 47.8 1.7432e+01  14 1.00000e+00  
 47.9 1.7466e+01  14 1.00000e+00  
 48.0 1.7502e+01  14 1.00000e+00  
 48.1 1.7538e+01  14 1.00000e+00  
 48.2 1.7572e+01  14 1.00000e+00  
 48.3 1.7608e+01  14 1.00000e+00  
 48.4 1.7642e+01  14 1.00000e+00  
 48.5 1.7678e+01  14 1.00000e+00  
 48.6 1.7714e+01  14 1.00000e+00  
 48.7 1.7747e+01  14 1.00000e+00  
 48.8 1.7784e+01  14 1.00000e+00  
 48.9 1.7817e+01  14 1.00000e+00  
 49.0 1.7848e+01  14 1.00000e+00  
 49.1 1.7887e+01  14 1.00000e+00  
 49.2 1.7915e+01  14 1.00000e+00  
 49.3 1.7767e+01  14 1.00000e+00  
 49.4 1.7798e+01  14 1.00000e+00  
 49.5 1.7829e+01  14 1.00000e+00  
 49.6 1.7864e+01  14 1.00000e+00  
 49.7 1.7899e+01  14 1.00000e+00  
 49.8 1.7935e+01  14 1.00000e+00  
 49.9 1.7971e+01  14 1.00000e+00  
 50.0 1.8007e+01  14 1.00000e+00  
 50.1 1.8042e+01  14 1.00000e+00  
 50.2 1.8078e+01  14 1.00000e+00  
 50.3 1.8114e+01  14 1.00000e+00  
 50.4 1.8149e+01  14 1.00000e+00  
 50.5 1.8185e+01  14 1.00000e+00  
 50.6 1.8220e+01  14 1.00000e+00  
 50.7 1.8255e+01  14 1.00000e+00  
 50.8 1.8293e+01  14 1.00000e+00  
 50.9 1.8507e+01  14 1.00000e+00  
 51.0 1.8537e+01  14 1.00000e+00  
 51.1 1.8576e+01  14 1.00000e+00  
 51.2 1.8614e+01  14 1.00000e+00  
 51.3 1.8649e+01  14 1.00000e+00  
 51.4 1.8685e+01  14 1.00000e+00  
 51.5 1.8721e+01  14 1.00000e+00  
 51.6 1.8757e+01  14 1.00000e+00  
 51.7 1.8794e+01  14 1.00000e+00  
 51.8 1.8830e+01  14 1.00000e+00  
 51.9 1.8866e+01  14 1.00000e+00  
 52.0 1.8902e+01  14 1.00000e+00  
 52.1 1.8937e+01  14 1.00000e+00  
 52.2 1.8973e+01  14 1.00000e+00  
 52.3 1.9008e+01  14 1.00000e+00  
 52.4 1.9044e+01  14 1.00000e+00  
 52.5 1.9081e+01  14 1.00000e+00  
 52.6 1.9128e+01  14 1.00000e+00  
 52.7 1.9332e+01  14 1.00000e+00  
 52.8 1.9371e+01  14 1.00000e+00  
 52.9 1.9419e+01  14 1.00000e+00  
 53.0 1.9449e+01  14 1.00000e+00  
 53.1 1.9484e+01  14 1.00000e+00  
 53.2 1.9520e+01  14 1.00000e+00  
 53.3 1.9556e+01  14 1.00000e+00  
 53.4 1.9592e+01  14 1.00000e+00  
 53.5 1.9629e+01  14 1.00000e+00  
 53.6 1.9665e+01  14 1.00000e+00  
 53.7 1.9701e+01  14 1.00000e+00  
 53.8 1.9737e+01  14 1.00000e+00  
 53.9 1.9773e+01  14 1.00000e+00  
 54.0 1.9808e+01  14 1.00000e+00  
 54.1 1.9844e+01  14 1.00000e+00  
 54.2 1.9879e+01  14 1.00000e+00  
 54.3 1.9917e+01  14 1.00000e+00  
 54.4 1.9964e+01  14 1.00000e+00  
 54.5 2.0011e+01  14 1.00000e+00  
 54.6 2.0058e+01  14 1.00000e+00  
 54.7 2.0105e+01  14 1.00000e+00  
 54.8 2.0302e+01  14 1.00000e+00  
 54.9 2.0343e+01  14 1.00000e+00  
 55.0 2.0382e+01  14 1.00000e+00  
 55.1 2.0417e+01  14 1.00000e+00  
 55.2 2.0453e+01  14 1.00000e+00  
 55.3 2.0490e+01  14 1.00000e+00  
 55.4 2.0527e+01  14 1.00000e+00  
 55.5 2.0563e+01  14 1.00000e+00  
 55.6 2.0600e+01  14 1.00000e+00  
 55.7 2.0636e+01  14 1.00000e+00  
 55.8 2.0672e+01  14 1.00000e+00  
 55.9 2.0709e+01  14 1.00000e+00  
 56.0 2.0745e+01  14 1.00000e+00  
 56.1 2.0780e+01  14 1.00000e+00  
 56.2 2.0816e+01  14 1.00000e+00  
 56.3 2.0852e+01  14 1.00000e+00  
 56.4 2.0898e+01  14 1.00000e+00  
 56.5 2.0944e+01  14 1.00000e+00  
 56.6 2.0991e+01  14 1.00000e+00  
 56.7 2.1038e+01  14 1.00000e+00  
 56.8 2.1085e+01  14 1.00000e+00  
 56.9 2.1132e+01  14 1.00000e+00  
 57.0 2.1320e+01  14 1.00000e+00  
 57.1 2.1361e+01  14 1.00000e+00  
 57.2 2.1397e+01  14 1.00000e+00  
 57.3 2.1433e+01  14 1.00000e+00  
 57.4 2.1471e+01  14 1.00000e+00  
 57.5 2.1508e+01  14 1.00000e+00  
 57.6 2.1545e+01  14 1.00000e+00  
 57.7 2.1582e+01  14 1.00000e+00  
 57.8 2.1619e+01  14 1.00000e+00  
 57.9 2.1655e+01  14 1.00000e+00  
 58.0 2.1691e+01  14 1.00000e+00  
 58.1 2.1728e+01  14 1.00000e+00  
 58.2 2.1764e+01  14 1.00000e+00  
 58.3 2.1799e+01  14 1.00000e+00  
 58.4 2.1835e+01  14 1.00000e+00  
 58.5 2.1880e+01  14 1.00000e+00  
 58.6 2.1927e+01  14 1.00000e+00  
 58.7 2.1974e+01  14 1.00000e+00  
 58.8 2.2021e+01  14 1.00000e+00  
 58.9 2.2068e+01  14 1.00000e+00  
 59.0 2.2115e+01  14 1.00000e+00  
 59.1 2.2163e+01  14 1.00000e+00  
 59.2 2.2210e+01  14 1.00000e+00  
 59.3 2.2257e+01  14 1.00000e+00  
 59.4 2.2444e+01  14 1.00000e+00  
 59.5 2.2482e+01  14 1.00000e+00  
 59.6 2.2519e+01  14 1.00000e+00  
 59.7 2.2556e+01  14 1.00000e+00  
 59.8 2.2593e+01  14 1.00000e+00  
 59.9 2.2632e+01  14 1.00000e+00  
 60.0 2.2669e+01  14 1.00000e+00  
 60.1 2.2698e+01  14 1.00000e+00  
 60.2 2.2736e+01  14 1.00000e+00  
 60.3 2.2773e+01  14 1.00000e+00  
 60.4 2.2810e+01  14 1.00000e+00  
 60.5 2.2848e+01  14 1.00000e+00  
 60.6 2.2885e+01  14 1.00000e+00  
 60.7 2.2922e+01  14 1.00000e+00  
 60.8 2.2958e+01  14 1.00000e+00  
 60.9 2.2996e+01  14 1.00000e+00  
 61.0 2.3032e+01  14 1.00000e+00  
 61.1 2.3069e+01  14 1.00000e+00  
 61.2 2.3105e+01  14 1.00000e+00  
 61.3 2.3142e+01  14 1.00000e+00  
 61.4 2.3185e+01  14 1.00000e+00  
 61.5 2.3229e+01  14 1.00000e+00  
 61.6 2.3273e+01  14 1.00000e+00  
 61.7 2.3317e+01  14 1.00000e+00  
 61.8 2.3361e+01  14 1.00000e+00  
 61.9 2.3405e+01  14 1.00000e+00  
 62.0 2.3449e+01  14 1.00000e+00  
 62.1 2.3493e+01  14 1.00000e+00  
 62.2 2.3537e+01  14 1.00000e+00  
 62.3 2.3582e+01  14 1.00000e+00  
 62.4 2.3629e+01  14 1.00000e+00  
 62.5 2.3682e+01  14 1.00000e+00  
 62.6 2.3735e+01  14 1.00000e+00  
 62.7 2.3785e+01  14 1.00000e+00  
 62.8 2.3834e+01  14 1.00000e+00  
 62.9 2.3881e+01  14 1.00000e+00  
 63.0 2.3926e+01  14 1.00000e+00  
 63.1 2.4077e+01  14 1.00000e+00  
 63.2 2.4116e+01  14 1.00000e+00  
 63.3 2.4154e+01  14 1.00000e+00  
 63.4 2.4191e+01  14 1.00000e+00  
 63.5 2.4229e+01  14 1.00000e+00  
 63.6 2.4268e+01  14 1.00000e+00  
 63.7 2.4305e+01  14 1.00000e+00  
 63.8 2.4344e+01  14 1.00000e+00  
 63.9 2.4382e+01  14 1.00000e+00  
 64.0 2.4412e+01  14 1.00000e+00  
 64.1 2.4450e+01  14 1.00000e+00  
 64.2 2.4487e+01  14 1.00000e+00  
 64.3 2.4525e+01  14 1.00000e+00  
 64.4 2.4563e+01  14 1.00000e+00  
 64.5 2.4601e+01  14 1.00000e+00  
 64.6 2.4637e+01  14 1.00000e+00  
 64.7 2.4675e+01  14 1.00000e+00  
 64.8 2.4712e+01  14 1.00000e+00  
 64.9 2.4749e+01  14 1.00000e+00  
 65.0 2.4786e+01  14 1.00000e+00  
 65.1 2.4823e+01  14 1.00000e+00  
 65.2 2.4863e+01  14 1.00000e+00  
 65.3 2.4907e+01  14 1.00000e+00  
 65.4 2.4952e+01  14 1.00000e+00  
 65.5 2.4997e+01  14 1.00000e+00  
 65.6 2.5041e+01  14 1.00000e+00  
 65.7 2.5086e+01  14 1.00000e+00  
 65.8 2.5131e+01  14 1.00000e+00  
 65.9 2.5175e+01  14 1.00000e+00  
 66.0 2.5220e+01  14 1.00000e+00  
 66.1 2.5265e+01  14 1.00000e+00  
 66.2 2.5310e+01  14 1.00000e+00  
 66.3 2.5377e+01  14 1.00000e+00  
 66.4 2.5431e+01  14 1.00000e+00  
 66.5 2.5482e+01  14 1.00000e+00  
 66.6 2.5531e+01  14 1.00000e+00  
 66.7 2.5581e+01  14 1.00000e+00  
 66.8 2.5628e+01  14 1.00000e+00  
 66.9 2.5674e+01  14 1.00000e+00  
 67.0 2.5718e+01  14 1.00000e+00  
 67.1 2.5865e+01  14 1.00000e+00  
 67.2 2.5901e+01  14 1.00000e+00  
 67.3 2.5940e+01  14 1.00000e+00  
 67.4 2.5978e+01  14 1.00000e+00  
 67.5 2.6017e+01  14 1.00000e+00  
 67.6 2.6059e+01  14 1.00000e+00  
 67.7 2.6096e+01  14 1.00000e+00  
 67.8 2.6138e+01  14 1.00000e+00  
 67.9 2.6180e+01  14 1.00000e+00  
 68.0 2.6228e+01  14 1.00000e+00  
 68.1 2.6261e+01  14 1.00000e+00  
 68.2 2.6306e+01  14 1.00000e+00  
 68.3 2.6354e+01  14 1.00000e+00  
 68.4 2.6386e+01  14 1.00000e+00  
 68.5 2.6434e+01  14 1.00000e+00  
 68.6 2.6480e+01  14 1.00000e+00  
 68.7 2.6533e+01  14 1.00000e+00  
 68.8 2.6563e+01  14 1.00000e+00  
 68.9 2.6612e+01  14 1.00000e+00  
 69.0 2.6653e+01  14 1.00000e+00  
 69.1 2.6709e+01  14 1.00000e+00  
 69.2 2.6734e+01  14 1.00000e+00  
 69.3 2.6787e+01  14 1.00000e+00  
 69.4 2.6838e+01  14 1.00000e+00  
 69.5 2.6894e+01  14 1.00000e+00  
 69.6 2.6952e+01  14 1.00000e+00  
 69.7 2.6970e+01  14 1.00000e+00  
 69.8 2.7024e+01  14 1.00000e+00  
 69.9 2.7081e+01  14 1.00000e+00  
 70.0 2.7140e+01  14 1.00000e+00  
 70.1 2.7155e+01  14 1.00000e+00  
 70.2 2.7211e+01  14 1.00000e+00  
 70.3 2.7267e+01  14 1.00000e+00  
 70.4 2.7325e+01  14 1.00000e+00  
 70.5 2.7388e+01  14 1.00000e+00  
 70.6 2.7397e+01  14 1.00000e+00  
 70.7 2.7456e+01  14 1.00000e+00  
 70.8 2.7516e+01  14 1.00000e+00  
 70.9 2.7576e+01  14 1.00000e+00  
 71.0 2.7535e+01  14 1.00000e+00  
 71.1 2.7644e+01  14 1.00000e+00  
 71.2 2.7702e+01  14 1.00000e+00  
 71.3 2.7764e+01  14 1.00000e+00  
 71.4 2.7720e+01  14 1.00000e+00  
 71.5 2.7765e+01  14 1.00000e+00  
 71.6 2.7888e+01  14 1.00000e+00  
 71.7 2.7951e+01  14 1.00000e+00  
 71.8 2.7904e+01  14 1.00000e+00  
 71.9 2.7949e+01  14 1.00000e+00  
 72.0 2.7985e+01  14 1.00000e+00  
 72.1 2.8134e+01  14 1.00000e+00  
 72.2 2.8088e+01  14 1.00000e+00  
 72.3 2.8133e+01  14 1.00000e+00  
 72.4 2.8170e+01  14 1.00000e+00  
 72.5 2.8179e+01  14 1.00000e+00  
 72.6 2.8204e+01  14 1.00000e+00  
 72.7 2.8317e+01  14 1.00000e+00  
 72.8 2.8356e+01  14 1.00000e+00  
 72.9 2.8391e+01  14 1.00000e+00  
 73.0 2.8396e+01  14 1.00000e+00  
 73.1 2.8425e+01  14 1.00000e+00  
 73.2 2.8470e+01  14 1.00000e+00  
 73.3 2.8580e+01  14 1.00000e+00  
 73.4 2.8589e+01  14 1.00000e+00  
 73.5 2.8614e+01  14 1.00000e+00  
 73.6 2.8654e+01  14 1.00000e+00  
 73.7 2.8699e+01  14 1.00000e+00  
 73.8 2.8746e+01  14 1.00000e+00  
 73.9 2.8819e+01  14 1.00000e+00  
 74.0 2.8843e+01  14 1.00000e+00  
 74.1 2.8882e+01  14 1.00000e+00  
 74.2 2.8928e+01  14 1.00000e+00  
 74.3 2.8979e+01  14 1.00000e+00  
 74.4 2.9050e+01  14 1.00000e+00  
 74.5 2.9121e+01  14 1.00000e+00  
 74.6 2.9112e+01  14 1.00000e+00  
 74.7 2.9157e+01  14 1.00000e+00  
 74.8 2.9211e+01  14 1.00000e+00  
 74.9 2.9281e+01  14 1.00000e+00  
 75.0 2.9347e+01  14 1.00000e+00  
 75.1 2.9420e+01  14 1.00000e+00  
 75.2 2.9488e+01  14 1.00000e+00  
 75.3 2.9438e+01  14 1.00000e+00  
 75.4 2.9507e+01  14 1.00000e+00  
 75.5 2.9574e+01  14 1.00000e+00  
 75.6 2.9643e+01  14 1.00000e+00  
 75.7 2.9710e+01  14 1.00000e+00  
 75.8 2.9780e+01  14 1.00000e+00  
 75.9 2.9847e+01  14 1.00000e+00  
 76.0 2.9795e+01  14 1.00000e+00  
 76.1 2.9863e+01  14 1.00000e+00  
 76.2 2.9930e+01  14 1.00000e+00  
 76.3 2.9998e+01  14 1.00000e+00  
 76.4 3.0064e+01  14 1.00000e+00  
 76.5 3.0133e+01  14 1.00000e+00  
 76.6 3.0201e+01  14 1.00000e+00  
 76.7 3.0168e+01  14 1.00000e+00  
 76.8 3.0213e+01  14 1.00000e+00  
 76.9 3.0280e+01  14 1.00000e+00  
 77.0 3.0346e+01  14 1.00000e+00  
 77.1 3.0411e+01  14 1.00000e+00  
 77.2 3.0477e+01  14 1.00000e+00  
 77.3 3.0447e+01  14 1.00000e+00  
 77.4 3.0499e+01  14 1.00000e+00  
 77.5 3.0540e+01  14 1.00000e+00  
 77.6 3.0591e+01  14 1.00000e+00  
 77.7 3.0685e+01  14 1.00000e+00  
 77.8 3.0751e+01  14 1.00000e+00  
 77.9 3.0726e+01  14 1.00000e+00  
 78.0 3.0779e+01  14 1.00000e+00  
 78.1 3.0825e+01  14 1.00000e+00  
 78.2 3.0862e+01  14 1.00000e+00  
 78.3 3.0875e+01  14 1.00000e+00  
 78.4 3.0902e+01  14 1.00000e+00  
 78.5 3.1084e+01  14 1.00000e+00  
 78.6 3.1056e+01  14 1.00000e+00  
 78.7 3.1107e+01  14 1.00000e+00  
 78.8 3.1152e+01  14 1.00000e+00  
 78.9 3.1193e+01  14 1.00000e+00  
 79.0 3.1209e+01  14 1.00000e+00  
 79.1 3.1239e+01  14 1.00000e+00  
 79.2 3.1254e+01  14 1.00000e+00  
 79.3 3.1287e+01  14 1.00000e+00  
 79.4 3.1400e+01  14 1.00000e+00  
 79.5 3.1484e+01  14 1.00000e+00  
 79.6 3.1527e+01  14 1.00000e+00  
 79.7 3.1542e+01  14 1.00000e+00  
 79.8 3.1576e+01  14 1.00000e+00  
 79.9 3.1601e+01  14 1.00000e+00  
 80.0 3.1615e+01  14 1.00000e+00  
 80.1 3.1661e+01  14 1.00000e+00  
 80.2 3.1722e+01  14 1.00000e+00  
 80.3 3.1795e+01  14 1.00000e+00  
 80.4 3.1870e+01  14 1.00000e+00  
 80.5 3.1918e+01  14 1.00000e+00  
 80.6 3.1953e+01  14 1.00000e+00  
 80.7 3.1979e+01  14 1.00000e+00  
 80.8 3.1994e+01  14 1.00000e+00  
 80.9 3.2035e+01  14 1.00000e+00  
 81.0 3.2098e+01  14 1.00000e+00  
 81.1 3.2171e+01  14 1.00000e+00  
 81.2 3.2240e+01  14 1.00000e+00  
 81.3 3.2309e+01  14 1.00000e+00  
 81.4 3.2377e+01  14 1.00000e+00  
 81.5 3.2371e+01  14 1.00000e+00  
 81.6 3.2392e+01  14 1.00000e+00  
 81.7 3.2412e+01  14 1.00000e+00  
 81.8 3.2459e+01  14 1.00000e+00  
 81.9 3.2526e+01  14 1.00000e+00  
 82.0 3.2602e+01  14 1.00000e+00  
 82.1 3.2671e+01  14 1.00000e+00  
 82.2 3.2738e+01  14 1.00000e+00  
 82.3 3.2807e+01  14 1.00000e+00  
 82.4 3.2873e+01  14 1.00000e+00  
 82.5 3.2939e+01  14 1.00000e+00  
 82.6 3.2837e+01  14 1.00000e+00  
 82.7 3.2882e+01  14 1.00000e+00  
 82.8 3.2948e+01  14 1.00000e+00  
 82.9 3.3018e+01  14 1.00000e+00  
 83.0 3.3084e+01  14 1.00000e+00  
 83.1 3.3155e+01  14 1.00000e+00  
 83.2 3.3224e+01  14 1.00000e+00  
 83.3 3.3291e+01  14 1.00000e+00  
 83.4 3.3358e+01  14 1.00000e+00  
 83.5 3.3422e+01  14 1.00000e+00  
 83.6 3.3490e+01  14 1.00000e+00  
 83.7 3.3468e+01  14 1.00000e+00  
 83.8 3.3423e+01  14 1.00000e+00  
 83.9 3.3493e+01  14 1.00000e+00  
 84.0 3.3560e+01  14 1.00000e+00  
 84.1 3.3629e+01  14 1.00000e+00  
 84.2 3.3694e+01  14 1.00000e+00  
 84.3 3.3760e+01  14 1.00000e+00  
 84.4 3.3821e+01  14 1.00000e+00  
 84.5 3.3885e+01  14 1.00000e+00  
 84.6 3.3955e+01  14 1.00000e+00  
 84.7 3.4022e+01  14 1.00000e+00  
 84.8 3.3996e+01  14 1.00000e+00  
 84.9 3.4049e+01  14 1.00000e+00  
 85.0 3.4097e+01  14 1.00000e+00  
 85.1 3.4080e+01  14 1.00000e+00  
 85.2 3.4149e+01  14 1.00000e+00  
 85.3 3.4215e+01  14 1.00000e+00  
 85.4 3.4278e+01  14 1.00000e+00  
 85.5 3.4344e+01  14 1.00000e+00  
 85.6 3.4412e+01  14 1.00000e+00  
 85.7 3.4477e+01  14 1.00000e+00  
 85.8 3.4537e+01  14 1.00000e+00  
 85.9 3.4517e+01  14 1.00000e+00  
 86.0 3.4575e+01  14 1.00000e+00  
 86.1 3.4624e+01  14 1.00000e+00  
 86.2 3.4672e+01  14 1.00000e+00  
 86.3 3.4715e+01  14 1.00000e+00  
 86.4 3.4773e+01  14 1.00000e+00  
 86.5 3.4791e+01  14 1.00000e+00  
 86.6 3.4853e+01  14 1.00000e+00  
 86.7 3.4919e+01  14 1.00000e+00  
 86.8 3.4981e+01  14 1.00000e+00  
 86.9 3.5039e+01  14 1.00000e+00  
 87.0 3.5102e+01  14 1.00000e+00  
 87.1 3.5093e+01  14 1.00000e+00  
 87.2 3.5151e+01  14 1.00000e+00  
 87.3 3.5205e+01  14 1.00000e+00  
 87.4 3.5249e+01  14 1.00000e+00  
 87.5 3.5294e+01  14 1.00000e+00  
 87.6 3.5321e+01  14 1.00000e+00  
 87.7 3.5363e+01  14 1.00000e+00  
 87.8 3.5410e+01  14 1.00000e+00  
 87.9 3.5473e+01  14 1.00000e+00  
 88.0 3.5532e+01  14 1.00000e+00  
 88.1 3.5591e+01  14 1.00000e+00  
 88.2 3.5650e+01  14 1.00000e+00  
 88.3 3.5710e+01  14 1.00000e+00  
 88.4 3.5772e+01  14 1.00000e+00  
 88.5 3.5765e+01  14 1.00000e+00  
 88.6 3.5817e+01  14 1.00000e+00  
 88.7 3.5867e+01  14 1.00000e+00  
 88.8 3.5915e+01  14 1.00000e+00  
 88.9 3.5960e+01  14 1.00000e+00  
 89.0 3.5990e+01  14 1.00000e+00  
 89.1 3.6033e+01  14 1.00000e+00  
 89.2 3.6073e+01  14 1.00000e+00  
 89.3 3.6109e+01  14 1.00000e+00  
 89.4 3.6201e+01  14 1.00000e+00  
 89.5 3.6249e+01  14 1.00000e+00  
 89.6 3.6309e+01  14 1.00000e+00  
 89.7 3.6370e+01  14 1.00000e+00  
 89.8 3.6431e+01  14 1.00000e+00  
 89.9 3.6424e+01  14 1.00000e+00  
 90.0 3.6480e+01  14 1.00000e+00  
 90.1 3.6534e+01  14 1.00000e+00  
 90.2 3.6585e+01  14 1.00000e+00  
 90.3 3.6623e+01  14 1.00000e+00  
 90.4 3.6672e+01  14 1.00000e+00  
 90.5 3.6719e+01  14 1.00000e+00  
 90.6 3.6764e+01  14 1.00000e+00  
 90.7 3.6805e+01  14 1.00000e+00  
 90.8 3.6843e+01  14 1.00000e+00  
 90.9 3.6876e+01  14 1.00000e+00  
 91.0 3.6935e+01  14 1.00000e+00  
 91.1 3.7035e+01  14 1.00000e+00  
 91.2 3.7063e+01  14 1.00000e+00  
 91.3 3.7165e+01  14 1.00000e+00  
 91.4 3.7193e+01  14 1.00000e+00  
 91.5 3.7224e+01  14 1.00000e+00  
 91.6 3.7262e+01  14 1.00000e+00  
 91.7 3.7365e+01  14 1.00000e+00  
 91.8 3.7467e+01  14 1.00000e+00  
 91.9 3.7570e+01  14 1.00000e+00  
 92.0 3.7673e+01  14 1.00000e+00  
 92.1 3.7775e+01  14 1.00000e+00  
 92.2 3.7878e+01  14 1.00000e+00  
 92.3 3.7980e+01  14 1.00000e+00  
 92.4 3.8083e+01  14 1.00000e+00  
 92.5 3.8185e+01  14 1.00000e+00  
 92.6 3.8287e+01  14 1.00000e+00  
 92.7 3.8390e+01  14 1.00000e+00  
 92.8 3.8492e+01  14 1.00000e+00  
 92.9 3.8594e+01  14 1.00000e+00  
 93.0 3.8696e+01  14 1.00000e+00  
 93.1 3.8799e+01  14 1.00000e+00  
 93.2 3.8901e+01  14 1.00000e+00  
 93.3 3.9003e+01  14 1.00000e+00  
 93.4 3.9105e+01  14 1.00000e+00  
 93.5 3.9207e+01  14 1.00000e+00  
 93.6 3.9309e+01  14 1.00000e+00  
 93.7 3.9411e+01  14 1.00000e+00  
 93.8 3.9513e+01  14 1.00000e+00  
 93.9 3.9615e+01  14 1.00000e+00  
 94.0 3.9716e+01  14 1.00000e+00  
 94.1 3.9818e+01  14 1.00000e+00  
 94.2 3.9920e+01  14 1.00000e+00  
 94.3 4.0022e+01  14 1.00000e+00  
 94.4 4.0123e+01  14 1.00000e+00  
 94.5 4.0225e+01  14 1.00000e+00  
 94.6 4.0326e+01  14 1.00000e+00  
 94.7 4.0428e+01  14 1.00000e+00  
 94.8 4.0529e+01  14 1.00000e+00  
 94.9 4.0631e+01  14 1.00000e+00  
 95.0 4.0732e+01  14 1.00000e+00  
 95.1 4.0834e+01  14 1.00000e+00  
 95.2 4.0935e+01  14 1.00000e+00  
 95.3 4.1036e+01  14 1.00000e+00  
 95.4 4.1138e+01  14 1.00000e+00  
 95.5 4.1239e+01  14 1.00000e+00  
 95.6 4.1340e+01  14 1.00000e+00  
 95.7 4.1441e+01  14 1.00000e+00  
 95.8 4.1543e+01  14 1.00000e+00  
 95.9 4.1644e+01  14 1.00000e+00  
 96.0 4.1745e+01  14 1.00000e+00  
 96.1 4.1846e+01  14 1.00000e+00  
 96.2 4.1947e+01  14 1.00000e+00  
 96.3 4.2048e+01  14 1.00000e+00  
 96.4 4.2149e+01  14 1.00000e+00  
 96.5 4.2249e+01  14 1.00000e+00  
 96.6 4.2350e+01  14 1.00000e+00  
 96.7 4.2451e+01  14 1.00000e+00  
 96.8 4.2552e+01  14 1.00000e+00  
 96.9 4.2653e+01  14 1.00000e+00  
 97.0 4.2753e+01  14 1.00000e+00  
 97.1 4.2847e+01  14 1.00000e+00  
 97.2 4.2947e+01  14 1.00000e+00  
 97.3 4.3048e+01  14 1.00000e+00  
 97.4 4.3149e+01  14 1.00000e+00  
 97.5 4.3241e+01  14 1.00000e+00  
 97.6 4.3331e+01  14 1.00000e+00  
 97.7 4.3422e+01  14 1.00000e+00  
 97.8 4.3513e+01  14 1.00000e+00  
 97.9 4.3603e+01  14 1.00000e+00  
 98.0 4.3694e+01  14 1.00000e+00  
 98.1 4.3785e+01  14 1.00000e+00  
 98.2 4.3876e+01  14 1.00000e+00  
 98.3 4.3966e+01  14 1.00000e+00  
 98.4 4.4057e+01  14 1.00000e+00  
 98.5 4.4148e+01  14 1.00000e+00  
 98.6 4.4239e+01  14 1.00000e+00  
 98.7 4.4330e+01  14 1.00000e+00  
 98.8 4.4421e+01  14 1.00000e+00  
 98.9 4.4512e+01  14 1.00000e+00  
 99.0 4.4603e+01  14 1.00000e+00  
 99.1 4.4694e+01  14 1.00000e+00  
 99.2 4.4785e+01  14 1.00000e+00  
 99.3 4.4877e+01  14 1.00000e+00  
 99.4 4.4968e+01  14 1.00000e+00  
 99.5 4.5059e+01  14 1.00000e+00  
 99.6 4.5150e+01  14 1.00000e+00  
 99.7 4.5242e+01  14 1.00000e+00  
 99.8 4.5333e+01  14 1.00000e+00  
 99.9 4.5424e+01  14 1.00000e+00  
100.0 4.5516e+01  14 1.00000e+00  
100.1 4.5607e+01  14 1.00000e+00  
100.2 4.5698e+01  14 1.00000e+00  
100.3 4.5790e+01  14 1.00000e+00  
100.4 4.5881e+01  14 1.00000e+00  
100.5 4.5973e+01  14 1.00000e+00  
100.6 4.6064e+01  14 1.00000e+00  
100.7 4.6156e+01  14 1.00000e+00  
100.8 4.6247e+01  14 1.00000e+00  
100.9 4.6339e+01  14 1.00000e+00  
101.0 4.6431e+01  14 1.00000e+00  
101.1 4.6522e+01  14 1.00000e+00  
101.2 4.6614e+01  14 1.00000e+00  
101.3 4.6706e+01  14 1.00000e+00  
101.4 4.6797e+01  14 1.00000e+00  
101.5 4.6889e+01  14 1.00000e+00  
101.6 4.6981e+01  14 1.00000e+00  
101.7 4.7073e+01  14 1.00000e+00  
101.8 4.7165e+01  14 1.00000e+00  
101.9 4.7256e+01  14 1.00000e+00  
102.0 4.7348e+01  14 1.00000e+00  
102.1 4.7440e+01  14 1.00000e+00  
102.2 4.7532e+01  14 1.00000e+00  
102.3 4.7624e+01  14 1.00000e+00  
102.4 4.7716e+01  14 1.00000e+00  
102.5 4.7808e+01  14 1.00000e+00  
102.6 4.7900e+01  14 1.00000e+00  
102.7 4.7992e+01  14 1.00000e+00  
102.8 4.8084e+01  14 1.00000e+00  
102.9 4.8176e+01  14 1.00000e+00  
103.0 4.8268e+01  14 1.00000e+00  
103.1 4.8360e+01  14 1.00000e+00  
103.2 4.8452e+01  14 1.00000e+00  
103.3 4.8544e+01  14 1.00000e+00  
103.4 4.8637e+01  14 1.00000e+00  
103.5 4.8729e+01  14 1.00000e+00  
103.6 4.8821e+01  14 1.00000e+00  
103.7 4.8913e+01  14 1.00000e+00  
103.8 4.9005e+01  14 1.00000e+00  
103.9 4.9098e+01  14 1.00000e+00  
104.0 4.9190e+01  14 1.00000e+00  
104.1 4.9282e+01  14 1.00000e+00  
104.2 4.9374e+01  14 1.00000e+00  
104.3 4.9467e+01  14 1.00000e+00  
104.4 4.9553e+01  14 1.00000e+00  
104.5 4.9645e+01  14 1.00000e+00  
104.6 4.9737e+01  14 1.00000e+00  
104.7 4.9830e+01  14 1.00000e+00  
104.8 4.9922e+01  14 1.00000e+00  
104.9 5.0015e+01  14 1.00000e+00  
105.0 5.0107e+01  14 1.00000e+00  
105.1 5.0199e+01  14 1.00000e+00  
105.2 5.0292e+01  14 1.00000e+00  
105.3 5.0384e+01  14 1.00000e+00  
105.4 5.0477e+01  14 1.00000e+00  
105.5 5.0569e+01  14 1.00000e+00  
105.6 5.0662e+01  14 1.00000e+00  
105.7 5.0754e+01  14 1.00000e+00  
105.8 5.0847e+01  14 1.00000e+00  
105.9 5.0939e+01  14 1.00000e+00  
106.0 5.1032e+01  14 1.00000e+00  
106.1 5.1125e+01  14 1.00000e+00  
106.2 5.1217e+01  14 1.00000e+00  
106.3 5.1310e+01  14 1.00000e+00  
106.4 5.1402e+01  14 1.00000e+00  
106.5 5.1495e+01  14 1.00000e+00  
106.6 5.1588e+01  14 1.00000e+00  
106.7 5.1680e+01  14 1.00000e+00  
106.8 5.1773e+01  14 1.00000e+00  
106.9 5.1866e+01  14 1.00000e+00  
107.0 5.1958e+01  14 1.00000e+00  
107.1 5.2051e+01  14 1.00000e+00  
107.2 5.2144e+01  14 1.00000e+00  
107.3 5.2236e+01  14 1.00000e+00  
107.4 5.2329e+01  14 1.00000e+00  
107.5 5.2422e+01  14 1.00000e+00  
107.6 5.2515e+01  14 1.00000e+00  
107.7 5.2607e+01  14 1.00000e+00  
107.8 5.2700e+01  14 1.00000e+00  
107.9 5.2793e+01  14 1.00000e+00  
108.0 5.2886e+01  14 1.00000e+00  
108.1 5.2979e+01  14 1.00000e+00  
108.2 5.3071e+01  14 1.00000e+00  
108.3 5.3164e+01  14 1.00000e+00  
108.4 5.3257e+01  14 1.00000e+00  
108.5 5.3350e+01  14 1.00000e+00  
108.6 5.3443e+01  14 1.00000e+00  
108.7 5.3535e+01  14 1.00000e+00  
108.8 5.3628e+01  14 1.00000e+00  
108.9 5.3721e+01  14 1.00000e+00  
109.0 5.3814e+01  14 1.00000e+00  
109.1 5.3907e+01  14 1.00000e+00  
109.2 5.4000e+01  14 1.00000e+00  
109.3 5.4093e+01  14 1.00000e+00  
109.4 5.4186e+01  14 1.00000e+00  
109.5 5.4278e+01  14 1.00000e+00  
109.6 5.4371e+01  14 1.00000e+00  
109.7 5.4464e+01  14 1.00000e+00  
109.8 5.4557e+01  14 1.00000e+00  
109.9 5.4650e+01  14 1.00000e+00  
110.0 5.4743e+01  14 1.00000e+00  
110.1 5.4836e+01  14 1.00000e+00  
110.2 5.4929e+01  14 1.00000e+00  
110.3 5.5022e+01  14 1.00000e+00  
110.4 5.5115e+01  14 1.00000e+00  
110.5 5.5208e+01  14 1.00000e+00  
110.6 5.5301e+01  14 1.00000e+00  
110.7 5.5394e+01  14 1.00000e+00  
110.8 5.5487e+01  14 1.00000e+00  
110.9 5.5580e+01  14 1.00000e+00  
111.0 5.5673e+01  14 1.00000e+00  
111.1 5.5766e+01  14 1.00000e+00  
111.2 5.5859e+01  14 1.00000e+00  
111.3 5.5952e+01  14 1.00000e+00  
111.4 5.6045e+01  14 1.00000e+00  
111.5 5.6138e+01  14 1.00000e+00  
111.6 5.6231e+01  14 1.00000e+00  
111.7 5.6324e+01  14 1.00000e+00  
111.8 5.6417e+01  14 1.00000e+00  
111.9 5.6510e+01  14 1.00000e+00  
112.0 5.6603e+01  14 1.00000e+00  
112.1 5.6696e+01  14 1.00000e+00  
112.2 5.6789e+01  14 1.00000e+00  
112.3 5.6882e+01  14 1.00000e+00  
112.4 5.6975e+01  14 1.00000e+00  
112.5 5.7063e+01  14 1.00000e+00  
112.6 5.7156e+01  14 1.00000e+00  
112.7 5.7249e+01  14 1.00000e+00  
112.8 5.7342e+01  14 1.00000e+00  
112.9 5.7435e+01  14 1.00000e+00  
113.0 5.7529e+01  14 1.00000e+00  
113.1 5.7622e+01  14 1.00000e+00  
113.2 5.7715e+01  14 1.00000e+00  
113.3 5.7808e+01  14 1.00000e+00  
113.4 5.7901e+01  14 1.00000e+00  
113.5 5.7994e+01  14 1.00000e+00  
113.6 5.8087e+01  14 1.00000e+00  
113.7 5.8180e+01  14 1.00000e+00  
113.8 5.8273e+01  14 1.00000e+00  
113.9 5.8367e+01  14 1.00000e+00  
114.0 5.8460e+01  14 1.00000e+00  
114.1 5.8553e+01  14 1.00000e+00  
114.2 5.8646e+01  14 1.00000e+00  
114.3 5.8739e+01  14 1.00000e+00  
114.4 5.8832e+01  14 1.00000e+00  
114.5 5.8925e+01  14 1.00000e+00  
114.6 5.9019e+01  14 1.00000e+00  
114.7 5.9112e+01  14 1.00000e+00  
114.8 5.9205e+01  14 1.00000e+00  
114.9 5.9298e+01  14 1.00000e+00  
115.0 5.9391e+01  14 1.00000e+00  
115.1 5.9484e+01  14 1.00000e+00  
115.2 5.9577e+01  14 1.00000e+00  
115.3 5.9671e+01  14 1.00000e+00  
115.4 5.9764e+01  14 1.00000e+00  
115.5 5.9857e+01  14 1.00000e+00  
115.6 5.9950e+01  14 1.00000e+00  
115.7 6.0043e+01  14 1.00000e+00  
115.8 6.0136e+01  14 1.00000e+00  
115.9 6.0229e+01  14 1.00000e+00  
116.0 6.0323e+01  14 1.00000e+00  
116.1 6.0416e+01  14 1.00000e+00  
116.2 6.0509e+01  14 1.00000e+00  
116.3 6.0602e+01  14 1.00000e+00  
116.4 6.0695e+01  14 1.00000e+00  
116.5 6.0788e+01  14 1.00000e+00  
116.6 6.0882e+01  14 1.00000e+00  
116.7 6.0975e+01  14 1.00000e+00  
116.8 6.1068e+01  14 1.00000e+00  
116.9 6.1161e+01  14 1.00000e+00  
117.0 6.1254e+01  14 1.00000e+00  
117.1 6.1347e+01  14 1.00000e+00  
117.2 6.1440e+01  14 1.00000e+00  
117.3 6.1534e+01  14 1.00000e+00  
117.4 6.1627e+01  14 1.00000e+00  
117.5 6.1720e+01  14 1.00000e+00  
117.6 6.1813e+01  14 1.00000e+00  
117.7 6.1906e+01  14 1.00000e+00  
117.8 6.1999e+01  14 1.00000e+00  
117.9 6.2093e+01  14 1.00000e+00  
118.0 6.2186e+01  14 1.00000e+00  
118.1 6.2279e+01  14 1.00000e+00  
118.2 6.2372e+01  14 1.00000e+00  
118.3 6.2465e+01  14 1.00000e+00  
118.4 6.2558e+01  14 1.00000e+00  
118.5 6.2652e+01  14 1.00000e+00  
118.6 6.2745e+01  14 1.00000e+00  
118.7 6.2838e+01  14 1.00000e+00  
118.8 6.2931e+01  14 1.00000e+00  
118.9 6.3024e+01  14 1.00000e+00  
119.0 6.3117e+01  14 1.00000e+00  
119.1 6.3210e+01  14 1.00000e+00  
119.2 6.3304e+01  14 1.00000e+00  
119.3 6.3397e+01  14 1.00000e+00  
119.4 6.3490e+01  14 1.00000e+00  
119.5 6.3583e+01  14 1.00000e+00  
119.6 6.3676e+01  14 1.00000e+00  
119.7 6.3769e+01  14 1.00000e+00  
119.8 6.3862e+01  14 1.00000e+00  
119.9 6.3955e+01  14 1.00000e+00  
120.0 6.4049e+01  14 1.00000e+00  
120.1 6.4142e+01  14 1.00000e+00  
120.2 6.4235e+01  14 1.00000e+00  
120.3 6.4328e+01  14 1.00000e+00  
120.4 6.4421e+01  14 1.00000e+00  
120.5 6.4514e+01  14 1.00000e+00  
120.6 6.4607e+01  14 1.00000e+00  
120.7 6.4700e+01  14 1.00000e+00  
120.8 6.4794e+01  14 1.00000e+00  
120.9 6.4887e+01  14 1.00000e+00  
121.0 6.4980e+01  14 1.00000e+00  
121.1 6.5073e+01  14 1.00000e+00  
121.2 6.5166e+01  14 1.00000e+00  
121.3 6.5259e+01  14 1.00000e+00  
121.4 6.5352e+01  14 1.00000e+00  
121.5 6.5445e+01  14 1.00000e+00  
121.6 6.5538e+01  14 1.00000e+00  
121.7 6.5627e+01  14 1.00000e+00  
121.8 6.5720e+01  14 1.00000e+00  
121.9 6.5813e+01  14 1.00000e+00  
122.0 6.5906e+01  14 1.00000e+00  
122.1 6.5999e+01  14 1.00000e+00  
122.2 6.6092e+01  14 1.00000e+00  
122.3 6.6185e+01  14 1.00000e+00  
122.4 6.6278e+01  14 1.00000e+00  
122.5 6.6371e+01  14 1.00000e+00  
122.6 6.6464e+01  14 1.00000e+00  
122.7 6.6557e+01  14 1.00000e+00  
122.8 6.6650e+01  14 1.00000e+00  
122.9 6.6744e+01  14 1.00000e+00  
123.0 6.6837e+01  14 1.00000e+00  
123.1 6.6930e+01  14 1.00000e+00  
123.2 6.7023e+01  14 1.00000e+00  
123.3 6.7116e+01  14 1.00000e+00  
123.4 6.7209e+01  14 1.00000e+00  
123.5 6.7302e+01  14 1.00000e+00  
123.6 6.7395e+01  14 1.00000e+00  
123.7 6.7488e+01  14 1.00000e+00  
123.8 6.7581e+01  14 1.00000e+00  
123.9 6.7674e+01  14 1.00000e+00  
124.0 6.7767e+01  14 1.00000e+00  
124.1 6.7860e+01  14 1.00000e+00  
124.2 6.7953e+01  14 1.00000e+00  
124.3 6.8046e+01  14 1.00000e+00  
124.4 6.8139e+01  14 1.00000e+00  
124.5 6.8232e+01  14 1.00000e+00  
124.6 6.8325e+01  14 1.00000e+00  
124.7 6.8418e+01  14 1.00000e+00  
124.8 6.8511e+01  14 1.00000e+00  
124.9 6.8604e+01  14 1.00000e+00  
125.0 6.8697e+01  14 1.00000e+00  
125.1 6.8790e+01  14 1.00000e+00  
125.2 6.8883e+01  14 1.00000e+00  
125.3 6.8976e+01  14 1.00000e+00  
125.4 6.9069e+01  14 1.00000e+00  
125.5 6.9162e+01  14 1.00000e+00  
125.6 6.9255e+01  14 1.00000e+00  
125.7 6.9348e+01  14 1.00000e+00  
125.8 6.9440e+01  14 1.00000e+00  
125.9 6.9533e+01  14 1.00000e+00  
126.0 6.9626e+01  14 1.00000e+00  
126.1 6.9719e+01  14 1.00000e+00  
126.2 6.9812e+01  14 1.00000e+00  
126.3 6.9905e+01  14 1.00000e+00  
126.4 6.9998e+01  14 1.00000e+00  
126.5 7.0091e+01  14 1.00000e+00  
126.6 7.0184e+01  14 1.00000e+00  
126.7 7.0277e+01  14 1.00000e+00  
126.8 7.0369e+01  14 1.00000e+00  
126.9 7.0462e+01  14 1.00000e+00  
127.0 7.0555e+01  14 1.00000e+00  
127.1 7.0648e+01  14 1.00000e+00  
127.2 7.0741e+01  14 1.00000e+00  
127.3 7.0834e+01  14 1.00000e+00  
127.4 7.0927e+01  14 1.00000e+00  
127.5 7.1019e+01  14 1.00000e+00  
127.6 7.1112e+01  14 1.00000e+00  
127.7 7.1205e+01  14 1.00000e+00  
127.8 7.1298e+01  14 1.00000e+00  
127.9 7.1391e+01  14 1.00000e+00  
128.0 7.1484e+01  14 1.00000e+00  
128.1 7.1576e+01  14 1.00000e+00  
128.2 7.1669e+01  14 1.00000e+00  
128.3 7.1762e+01  14 1.00000e+00  
128.4 7.1855e+01  14 1.00000e+00  
128.5 7.1948e+01  14 1.00000e+00  
128.6 7.2040e+01  14 1.00000e+00  
128.7 7.2133e+01  14 1.00000e+00  
128.8 7.2226e+01  14 1.00000e+00  
128.9 7.2319e+01  14 1.00000e+00  
129.0 7.2411e+01  14 1.00000e+00  
129.1 7.2504e+01  14 1.00000e+00  
129.2 7.2597e+01  14 1.00000e+00  
129.3 7.2690e+01  14 1.00000e+00  
129.4 7.2782e+01  14 1.00000e+00  
129.5 7.2875e+01  14 1.00000e+00  
129.6 7.2968e+01  14 1.00000e+00  
129.7 7.3061e+01  14 1.00000e+00  
129.8 7.3153e+01  14 1.00000e+00  
129.9 7.3246e+01  14 1.00000e+00  
130.0 7.3339e+01  14 1.00000e+00  
130.1 7.3431e+01  14 1.00000e+00  
130.2 7.3524e+01  14 1.00000e+00  
130.3 7.3617e+01  14 1.00000e+00  
130.4 7.3710e+01  14 1.00000e+00  
130.5 7.3802e+01  14 1.00000e+00  
130.6 7.3895e+01  14 1.00000e+00  
130.7 7.3988e+01  14 1.00000e+00  
130.8 7.4080e+01  14 1.00000e+00  
130.9 7.4173e+01  14 1.00000e+00  
131.0 7.4266e+01  14 1.00000e+00  
131.1 7.4358e+01  14 1.00000e+00  
131.2 7.4451e+01  14 1.00000e+00  
131.3 7.4544e+01  14 1.00000e+00  
131.4 7.4636e+01  14 1.00000e+00  
131.5 7.4729e+01  14 1.00000e+00  
131.6 7.4821e+01  14 1.00000e+00  
131.7 7.4914e+01  14 1.00000e+00  
131.8 7.5007e+01  14 1.00000e+00  
131.9 7.5099e+01  14 1.00000e+00  
132.0 7.5192e+01  14 1.00000e+00  
132.1 7.5284e+01  14 1.00000e+00  
132.2 7.5373e+01  14 1.00000e+00  
132.3 7.5465e+01  14 1.00000e+00  
132.4 7.5558e+01  14 1.00000e+00  
132.5 7.5651e+01  14 1.00000e+00  
132.6 7.5743e+01  14 1.00000e+00  
132.7 7.5836e+01  14 1.00000e+00  
132.8 7.5928e+01  14 1.00000e+00  
132.9 7.6021e+01  14 1.00000e+00  
133.0 7.6113e+01  14 1.00000e+00  
133.1 7.6206e+01  14 1.00000e+00  
133.2 7.6298e+01  14 1.00000e+00  
133.3 7.6391e+01  14 1.00000e+00  
133.4 7.6484e+01  14 1.00000e+00  
133.5 7.6576e+01  14 1.00000e+00  
133.6 7.6669e+01  14 1.00000e+00  
133.7 7.6761e+01  14 1.00000e+00  
133.8 7.6854e+01  14 1.00000e+00  
133.9 7.6946e+01  14 1.00000e+00  
134.0 7.7038e+01  14 1.00000e+00  
134.1 7.7131e+01  14 1.00000e+00  
134.2 7.7223e+01  14 1.00000e+00  
134.3 7.7316e+01  14 1.00000e+00  
134.4 7.7408e+01  14 1.00000e+00  
134.5 7.7501e+01  14 1.00000e+00  
134.6 7.7593e+01  14 1.00000e+00  
134.7 7.7686e+01  14 1.00000e+00  
134.8 7.7778e+01  14 1.00000e+00  
134.9 7.7871e+01  14 1.00000e+00  
135.0 7.7963e+01  14 1.00000e+00  
135.1 7.8055e+01  14 1.00000e+00  
135.2 7.8148e+01  14 1.00000e+00  
135.3 7.8240e+01  14 1.00000e+00  
135.4 7.8333e+01  14 1.00000e+00  
135.5 7.8425e+01  14 1.00000e+00  
135.6 7.8517e+01  14 1.00000e+00  
135.7 7.8610e+01  14 1.00000e+00  
135.8 7.8702e+01  14 1.00000e+00  
135.9 7.8794e+01  14 1.00000e+00  
136.0 7.8887e+01  14 1.00000e+00  
136.1 7.8979e+01  14 1.00000e+00  
136.2 7.9071e+01  14 1.00000e+00  
136.3 7.9164e+01  14 1.00000e+00  
136.4 7.9256e+01  14 1.00000e+00  
136.5 7.9348e+01  14 1.00000e+00  
136.6 7.9441e+01  14 1.00000e+00  
136.7 7.9533e+01  14 1.00000e+00  
136.8 7.9625e+01  14 1.00000e+00  
136.9 7.9718e+01  14 1.00000e+00  
137.0 7.9810e+01  14 1.00000e+00  
137.1 7.9902e+01  14 1.00000e+00  
137.2 7.9995e+01  14 1.00000e+00  
137.3 8.0087e+01  14 1.00000e+00  
137.4 8.0179e+01  14 1.00000e+00  
137.5 8.0271e+01  14 1.00000e+00  
137.6 8.0364e+01  14 1.00000e+00  
137.7 8.0456e+01  14 1.00000e+00  
137.8 8.0548e+01  14 1.00000e+00  
137.9 8.0640e+01  14 1.00000e+00  
138.0 8.0733e+01  14 1.00000e+00  
138.1 8.0825e+01  14 1.00000e+00  
138.2 8.0917e+01  14 1.00000e+00  
138.3 8.1009e+01  14 1.00000e+00  
138.4 8.1101e+01  14 1.00000e+00  
138.5 8.1194e+01  14 1.00000e+00  
138.6 8.1286e+01  14 1.00000e+00  
138.7 8.1378e+01  14 1.00000e+00  
138.8 8.1470e+01  14 1.00000e+00  
138.9 8.1562e+01  14 1.00000e+00  
139.0 8.1654e+01  14 1.00000e+00  
139.1 8.1747e+01  14 1.00000e+00  
139.2 8.1839e+01  14 1.00000e+00  
139.3 8.1931e+01  14 1.00000e+00  
139.4 8.2023e+01  14 1.00000e+00  
139.5 8.2115e+01  14 1.00000e+00  
139.6 8.2207e+01  14 1.00000e+00  
139.7 8.2299e+01  14 1.00000e+00  
139.8 8.2392e+01  14 1.00000e+00  
139.9 8.2484e+01  14 1.00000e+00  
140.0 8.2576e+01  14 1.00000e+00  
140.1 8.2668e+01  14 1.00000e+00  
140.2 8.2760e+01  14 1.00000e+00  
140.3 8.2852e+01  14 1.00000e+00  
140.4 8.2944e+01  14 1.00000e+00  
140.5 8.3036e+01  14 1.00000e+00  
140.6 8.3128e+01  14 1.00000e+00  
140.7 8.3220e+01  14 1.00000e+00  
140.8 8.3312e+01  14 1.00000e+00  
140.9 8.3404e+01  14 1.00000e+00  
141.0 8.3496e+01  14 1.00000e+00  
141.1 8.3588e+01  14 1.00000e+00  
141.2 8.3680e+01  14 1.00000e+00  
141.3 8.3772e+01  14 1.00000e+00  
141.4 8.3864e+01  14 1.00000e+00  
141.5 8.3956e+01  14 1.00000e+00  
141.6 8.4048e+01  14 1.00000e+00  
141.7 8.4140e+01  14 1.00000e+00  
141.8 8.4232e+01  14 1.00000e+00  
141.9 8.4324e+01  14 1.00000e+00  
142.0 8.4416e+01  14 1.00000e+00  
142.1 8.4508e+01  14 1.00000e+00  
142.2 8.4600e+01  14 1.00000e+00  
142.3 8.4692e+01  14 1.00000e+00  
142.4 8.4784e+01  14 1.00000e+00  
142.5 8.4876e+01  14 1.00000e+00  
142.6 8.4968e+01  14 1.00000e+00  
142.7 8.5060e+01  14 1.00000e+00  
142.8 8.5152e+01  14 1.00000e+00  
142.9 8.5243e+01  14 1.00000e+00  
143.0 8.5335e+01  14 1.00000e+00  
143.1 8.5427e+01  14 1.00000e+00  
143.2 8.5519e+01  14 1.00000e+00  
143.3 8.5611e+01  14 1.00000e+00  
143.4 8.5703e+01  14 1.00000e+00  
143.5 8.5795e+01  14 1.00000e+00  
143.6 8.5887e+01  14 1.00000e+00  
143.7 8.5978e+01  14 1.00000e+00  
143.8 8.6070e+01  14 1.00000e+00  
143.9 8.6162e+01  14 1.00000e+00  
144.0 8.6254e+01  14 1.00000e+00  
144.1 8.6346e+01  14 1.00000e+00  
144.2 8.6438e+01  14 1.00000e+00  
144.3 8.6529e+01  14 1.00000e+00  
144.4 8.6621e+01  14 1.00000e+00  
144.5 8.6709e+01  14 1.00000e+00  
144.6 8.6801e+01  14 1.00000e+00  
144.7 8.6893e+01  14 1.00000e+00  
144.8 8.6985e+01  14 1.00000e+00  
144.9 8.7076e+01  14 1.00000e+00  
145.0 8.7168e+01  14 1.00000e+00  
145.1 8.7260e+01  14 1.00000e+00  
145.2 8.7352e+01  14 1.00000e+00  
145.3 8.7443e+01  14 1.00000e+00  
145.4 8.7535e+01  14 1.00000e+00  
145.5 8.7627e+01  14 1.00000e+00  
145.6 8.7718e+01  14 1.00000e+00  
145.7 8.7810e+01  14 1.00000e+00  
145.8 8.7902e+01  14 1.00000e+00  
145.9 8.7993e+01  14 1.00000e+00  
146.0 8.8085e+01  14 1.00000e+00  
146.1 8.8177e+01  14 1.00000e+00  
146.2 8.8268e+01  14 1.00000e+00  
146.3 8.8360e+01  14 1.00000e+00  
146.4 8.8452e+01  14 1.00000e+00  
146.5 8.8543e+01  14 1.00000e+00  
146.6 8.8635e+01  14 1.00000e+00  
146.7 8.8727e+01  14 1.00000e+00  
146.8 8.8818e+01  14 1.00000e+00  
146.9 8.8910e+01  14 1.00000e+00  
147.0 8.9001e+01  14 1.00000e+00  
147.1 8.9093e+01  14 1.00000e+00  
147.2 8.9184e+01  14 1.00000e+00  
147.3 8.9276e+01  14 1.00000e+00  
147.4 8.9368e+01  14 1.00000e+00  
147.5 8.9459e+01  14 1.00000e+00  
147.6 8.9551e+01  14 1.00000e+00  
147.7 8.9642e+01  14 1.00000e+00  
147.8 8.9734e+01  14 1.00000e+00  
147.9 8.9825e+01  14 1.00000e+00  
148.0 8.9917e+01  14 1.00000e+00  
148.1 9.0008e+01  14 1.00000e+00  
148.2 9.0100e+01  14 1.00000e+00  
148.3 9.0191e+01  14 1.00000e+00  
148.4 9.0283e+01  14 1.00000e+00  
148.5 9.0374e+01  14 1.00000e+00  
148.6 9.0466e+01  14 1.00000e+00  
148.7 9.0557e+01  14 1.00000e+00  
148.8 9.0649e+01  14 1.00000e+00  
148.9 9.0740e+01  14 1.00000e+00  
149.0 9.0832e+01  14 1.00000e+00  
149.1 9.0923e+01  14 1.00000e+00  
149.2 9.1015e+01  14 1.00000e+00  
149.3 9.1106e+01  14 1.00000e+00  
149.4 9.1198e+01  14 1.00000e+00  
149.5 9.1289e+01  14 1.00000e+00  
149.6 9.1380e+01  14 1.00000e+00  
149.7 9.1472e+01  14 1.00000e+00  
149.8 9.1563e+01  14 1.00000e+00  
149.9 9.1655e+01  14 1.00000e+00  
150.0 9.1746e+01  14 1.00000e+00  
