 15.1 1.4305e+00  13 4.82052e-02  
 15.2 1.4382e+00  13 4.80484e-02  
 15.3 1.4458e+00  13 4.79423e-02  
 15.4 1.4535e+00  13 4.79824e-02  
 15.5 1.4611e+00  13 4.82440e-02  
 15.6 1.4687e+00  13 4.81384e-02  
 15.7 1.4764e+00  13 4.79258e-02  
 15.8 1.4840e+00  13 4.77713e-02  
 15.9 1.4916e+00  13 4.79660e-02  
 16.0 1.4993e+00  13 4.80389e-02  
 16.1 1.5069e+00  13 4.84108e-02  
 16.2 1.5146e+00  13 4.87552e-02  
 16.3 1.5222e+00  13 4.91423e-02  
 16.4 1.5298e+00  13 4.95249e-02  
 16.5 1.5375e+00  13 4.99052e-02  
 16.6 1.5451e+00  13 5.02827e-02  
 16.7 1.5527e+00  13 5.06575e-02  
 16.8 1.5604e+00  13 5.10294e-02  
 16.9 1.5680e+00  13 5.14492e-02  
 17.0 1.5756e+00  13 5.18125e-02  
 17.1 1.5833e+00  13 5.21695e-02  
 17.2 1.5909e+00  13 5.25316e-02  
 17.3 1.5985e+00  13 5.28916e-02  
 17.4 1.6062e+00  13 5.32492e-02  
 17.5 1.6138e+00  13 5.36044e-02  
 17.6 1.6214e+00  13 5.39578e-02  
 17.7 1.6291e+00  13 5.43086e-02  
 17.8 1.6367e+00  13 5.46572e-02  
 17.9 1.6443e+00  13 5.50040e-02  
 18.0 1.6519e+00  13 5.53490e-02  
 18.1 1.6596e+00  13 5.56920e-02  
 18.2 1.6672e+00  13 5.60332e-02  
 18.3 1.6748e+00  13 5.64355e-02  
 18.4 1.6824e+00  13 5.67594e-02  
 18.5 1.6900e+00  13 5.70944e-02  
 18.6 1.6976e+00  13 5.74285e-02  
 18.7 1.7053e+00  13 5.77615e-02  
 18.8 1.7129e+00  13 5.80928e-02  
 18.9 1.7205e+00  13 5.84227e-02  
 19.0 1.7281e+00  13 5.87513e-02  
 19.1 1.7393e+00  13 5.93851e-02  
 19.2 1.7516e+00  13 6.00997e-02  
 19.3 1.7639e+00  13 6.08192e-02  
 19.4 1.7763e+00  13 6.16147e-02  
 19.5 1.7888e+00  13 6.23363e-02  
 19.6 1.8014e+00  13 6.30587e-02  
 19.7 1.8141e+00  13 6.37970e-02  
 19.8 1.8269e+00  13 6.45409e-02  
 19.9 1.8398e+00  13 6.52908e-02  
 20.0 1.8528e+00  13 6.60457e-02  
 20.1 1.8658e+00  13 6.68065e-02  
 20.2 1.8790e+00  13 6.75726e-02  
 20.3 1.8922e+00  13 6.83445e-02  
 20.4 1.9056e+00  13 6.92075e-02  
 20.5 1.9190e+00  13 6.99803e-02  
 20.6 1.6325e+01  14 1.00000e+00  
 20.7 1.6375e+01  14 1.00000e+00  
 20.8 1.6424e+01  14 1.00000e+00  
 20.9 1.6473e+01  14 1.00000e+00  
 21.0 1.6522e+01  14 1.00000e+00  
 21.1 1.6570e+01  14 1.00000e+00  
 21.2 1.6617e+01  14 1.00000e+00  
 21.3 1.6643e+01  14 1.00000e+00  
 21.4 1.6692e+01  14 1.00000e+00  
 21.5 1.6742e+01  14 1.00000e+00  
 21.6 1.6787e+01  14 1.00000e+00  
 21.7 1.6832e+01  14 1.00000e+00  
 21.8 1.6876e+01  14 1.00000e+00  
 21.9 1.6920e+01  14 1.00000e+00  
 22.0 1.6963e+01  14 1.00000e+00  
 22.1 1.6983e+01  14 1.00000e+00  
 22.2 1.7025e+01  14 1.00000e+00  
 22.3 1.7073e+01  14 1.00000e+00  
 22.4 1.7114e+01  14 1.00000e+00  
 22.5 1.7155e+01  14 1.00000e+00  
 22.6 1.7195e+01  14 1.00000e+00  
 22.7 1.7234e+01  14 1.00000e+00  
 22.8 1.7273e+01  14 1.00000e+00  
 22.9 1.7286e+01  14 1.00000e+00  
 23.0 1.7323e+01  14 1.00000e+00  
 23.1 1.7366e+01  14 1.00000e+00  
 23.2 1.7404e+01  14 1.00000e+00  
 23.3 1.7440e+01  14 1.00000e+00  
 23.4 1.7475e+01  14 1.00000e+00  
 23.5 1.7510e+01  14 1.00000e+00  
 23.6 5.5267e+00  14 2.77989e-01  
 23.7 5.6198e+00  14 2.83483e-01  
 23.8 5.7137e+00  14 2.88559e-01  
 23.9 5.8085e+00  14 2.93540e-01  
 24.0 5.9039e+00  14 2.98673e-01  
 24.1 5.9999e+00  14 3.03840e-01  
 24.2 6.0966e+00  14 3.09039e-01  
 24.3 6.1939e+00  14 3.14272e-01  
 24.4 6.2899e+00  14 3.19992e-01  
 24.5 6.3882e+00  14 3.25289e-01  
 24.6 6.4871e+00  14 3.30622e-01  
 24.7 6.5875e+00  14 3.35843e-01  
 24.8 6.6884e+00  14 3.41263e-01  
 24.9 6.7893e+00  14 3.46677e-01  
 25.0 6.8907e+00  14 3.52124e-01  
 25.1 6.9887e+00  14 3.58047e-01  
 25.2 7.0909e+00  14 3.63553e-01  
 25.3 7.1935e+00  14 3.69090e-01  
 25.4 7.2981e+00  14 3.74531e-01  
 25.5 7.4018e+00  14 3.80123e-01  
 25.6 7.5061e+00  14 3.85742e-01  
 25.7 7.6108e+00  14 3.91389e-01  
 25.8 7.7100e+00  14 3.97502e-01  
 25.9 7.8152e+00  14 4.03204e-01  
 26.0 7.9209e+00  14 4.08938e-01  
 26.1 8.0267e+00  14 4.14709e-01  
 26.2 8.1354e+00  14 4.20366e-01  
 26.3 8.2423e+00  14 4.26177e-01  
 26.4 8.3497e+00  14 4.32015e-01  
 26.5 8.4488e+00  14 4.38310e-01  
 26.6 8.5563e+00  14 4.44205e-01  
 26.7 8.6640e+00  14 4.50128e-01  
 26.8 8.7721e+00  14 4.56076e-01  
 26.9 8.8833e+00  14 4.61926e-01  
 27.0 8.9921e+00  14 4.67921e-01  
 27.1 9.0904e+00  14 4.74356e-01  
 27.2 9.1992e+00  14 4.80400e-01  
 27.3 9.3081e+00  14 4.86474e-01  
 27.4 9.4171e+00  14 4.92573e-01  
 27.5 9.5263e+00  14 4.98699e-01  
 27.6 9.6378e+00  14 5.04776e-01  
 27.7 9.7358e+00  14 5.11301e-01  
 27.8 9.8451e+00  14 5.17492e-01  
 27.9 9.9544e+00  14 5.23710e-01  
 28.0 1.0064e+01  14 5.29951e-01  
 28.1 1.0173e+01  14 5.36216e-01  
 28.2 1.0267e+01  14 5.42898e-01  
 28.3 1.0376e+01  14 5.49215e-01  
 28.4 1.0490e+01  14 5.55423e-01  
 28.5 1.0599e+01  14 5.61774e-01  
 28.6 1.0708e+01  14 5.68150e-01  
 28.7 1.0799e+01  14 5.74930e-01  
 28.8 1.0907e+01  14 5.81351e-01  
 28.9 1.1014e+01  14 5.87797e-01  
 29.0 1.1122e+01  14 5.94263e-01  
 29.1 1.1236e+01  14 6.00632e-01  
 29.2 1.1323e+01  14 6.07500e-01  
 29.3 1.1430e+01  14 6.14020e-01  
 29.4 1.1536e+01  14 6.20563e-01  
 29.5 1.1642e+01  14 6.27129e-01  
 29.6 1.1725e+01  14 6.34068e-01  
 29.7 1.1830e+01  14 6.40673e-01  
 29.8 1.1937e+01  14 6.47253e-01  
 29.9 1.2022e+01  14 6.54167e-01  
 30.0 1.2126e+01  14 6.60822e-01  
 30.1 1.2228e+01  14 6.67495e-01  
 30.2 1.2305e+01  14 6.74524e-01  
 30.3 1.2380e+01  14 6.81563e-01  
 30.4 1.2479e+01  14 6.88289e-01  
 30.5 1.2473e+01  14 6.96281e-01  
 30.6 1.2551e+01  14 7.03236e-01  
 30.7 1.2646e+01  14 7.09994e-01  
 30.8 1.2740e+01  14 7.16768e-01  
 30.9 1.2833e+01  14 7.23557e-01  
 31.0 1.2926e+01  14 7.30365e-01  
 31.1 1.3017e+01  14 7.37142e-01  
 31.2 1.3108e+01  14 7.43978e-01  
 31.3 1.3198e+01  14 7.50822e-01  
 31.4 1.3298e+01  14 7.57590e-01  
 31.5 1.3386e+01  14 7.64466e-01  
 31.6 1.3474e+01  14 7.71352e-01  
 31.7 1.3560e+01  14 7.78255e-01  
 31.8 1.3645e+01  14 7.85168e-01  
 31.9 1.3730e+01  14 7.92137e-01  
 32.0 1.3814e+01  14 7.99070e-01  
 32.1 1.3909e+01  14 8.05933e-01  
 32.2 1.3991e+01  14 8.12888e-01  
 32.3 1.4072e+01  14 8.19853e-01  
 32.4 1.4151e+01  14 8.26828e-01  
 32.5 1.4229e+01  14 8.33813e-01  
 32.6 1.4306e+01  14 8.40805e-01  
 32.7 1.4381e+01  14 8.47806e-01  
 32.8 1.4456e+01  14 8.54809e-01  
 32.9 1.4543e+01  14 8.61764e-01  
 33.0 1.4615e+01  14 8.68784e-01  
 33.1 1.4685e+01  14 8.75811e-01  
 33.2 1.4755e+01  14 8.82844e-01  
 33.3 1.4822e+01  14 8.89879e-01  
 33.4 1.4889e+01  14 8.96919e-01  
 33.5 1.4954e+01  14 9.03961e-01  
 33.6 1.5029e+01  14 9.10973e-01  
 33.7 1.5095e+01  14 9.18012e-01  
 33.8 1.5156e+01  14 9.25062e-01  
 33.9 1.5215e+01  14 9.32112e-01  
 34.0 1.5273e+01  14 9.39163e-01  
 34.1 1.5328e+01  14 9.46213e-01  
 34.2 1.5383e+01  14 9.53260e-01  
 34.3 1.5435e+01  14 9.60305e-01  
 34.4 1.5503e+01  14 9.67330e-01  
 34.5 1.5552e+01  14 9.74371e-01  
 34.6 1.5599e+01  14 9.81406e-01  
 34.7 1.5645e+01  14 9.88436e-01  
 34.8 1.5689e+01  14 9.95459e-01  
 34.9 1.5694e+01  14 1.00000e+00  
 35.0 1.5631e+01  14 1.00000e+00  
 35.1 1.5568e+01  14 1.00000e+00  
 35.2 1.5521e+01  14 1.00000e+00  
 35.3 1.5456e+01  14 1.00000e+00  
 35.4 1.5390e+01  14 1.00000e+00  
 35.5 1.5323e+01  14 1.00000e+00  
 35.6 1.5255e+01  14 1.00000e+00  
 35.7 1.5095e+01  14 1.00000e+00  
 35.8 1.5026e+01  14 1.00000e+00  
 35.9 1.4956e+01  14 1.00000e+00  
 36.0 1.4904e+01  14 1.00000e+00  
 36.1 1.4812e+01  14 1.00000e+00  
 36.2 1.4626e+01  14 1.00000e+00  
 36.3 1.4511e+01  14 1.00000e+00  
 36.4 1.4381e+01  14 1.00000e+00  
 36.5 1.4236e+01  14 1.00000e+00  
 36.6 1.4100e+01  14 1.00000e+00  
 36.7 1.3978e+01  14 1.00000e+00  
 36.8 1.3893e+01  14 1.00000e+00  
 36.9 1.3789e+01  14 1.00000e+00  
 37.0 1.3798e+01  14 1.00000e+00  
 37.1 1.3770e+01  14 1.00000e+00  
 37.2 1.3812e+01  14 1.00000e+00  
 37.3 1.3793e+01  14 1.00000e+00  
 37.4 1.3752e+01  14 1.00000e+00  
 37.5 1.3753e+01  14 1.00000e+00  
 37.6 1.3657e+01  14 1.00000e+00  
 37.7 1.3647e+01  14 1.00000e+00  
 37.8 1.3650e+01  14 1.00000e+00  
 37.9 1.3594e+01  14 1.00000e+00  
 38.0 1.3502e+01  14 1.00000e+00  
 38.1 1.3512e+01  14 1.00000e+00  
 38.2 1.3520e+01  14 1.00000e+00  
 38.3 1.3464e+01  14 1.00000e+00  
 38.4 1.3375e+01  14 1.00000e+00  
 38.5 1.3425e+01  14 1.00000e+00  
 38.6 1.3353e+01  14 1.00000e+00  
 38.7 1.3284e+01  14 1.00000e+00  
 38.8 1.3298e+01  14 1.00000e+00  
 38.9 1.3297e+01  14 1.00000e+00  
 39.0 1.3245e+01  14 1.00000e+00  
 39.1 1.3135e+01  14 9.97512e-01  
 39.2 1.3167e+01  14 9.99148e-01  
 39.3 1.3004e+01  14 9.90862e-01  
 39.4 1.2934e+01  14 9.87308e-01  
 39.5 1.2964e+01  14 9.88837e-01  
 39.6 1.2986e+01  14 9.89919e-01  
 39.7 1.2868e+01  14 9.83926e-01  
 39.8 1.2685e+01  14 9.74580e-01  
 39.9 1.2556e+01  14 9.67960e-01  
 40.0 1.2420e+01  14 9.60947e-01  
 40.1 1.2324e+01  14 9.56027e-01  
 40.2 1.2291e+01  14 9.54291e-01  
 40.3 1.2221e+01  14 9.50704e-01  
 40.4 1.2073e+01  14 9.43020e-01  
 40.5 1.1941e+01  14 9.36117e-01  
 40.6 1.1996e+01  14 9.38994e-01  
 40.7 1.1761e+01  14 9.26703e-01  
 40.8 1.1903e+01  14 9.34137e-01  
 40.9 1.1952e+01  14 9.36679e-01  
 41.0 1.1999e+01  14 9.39128e-01  
 41.1 1.2039e+01  14 9.41220e-01  
 41.2 1.2198e+01  14 9.49476e-01  
 41.3 1.2330e+01  14 9.56342e-01  
 41.4 1.2489e+01  14 9.64516e-01  
 41.5 1.2548e+01  14 9.67555e-01  
 41.6 1.2601e+01  14 9.70255e-01  
 41.7 1.2647e+01  14 9.72656e-01  
 41.8 1.2714e+01  14 9.76058e-01  
 41.9 1.2853e+01  14 9.83171e-01  
 42.0 1.3000e+01  14 9.90679e-01  
 42.1 1.3128e+01  14 9.97135e-01  
 42.2 1.3206e+01  14 1.00000e+00  
 42.3 1.3245e+01  14 1.00000e+00  
 42.4 1.3307e+01  14 1.00000e+00  
 42.5 1.3332e+01  14 1.00000e+00  
 42.6 1.3361e+01  14 1.00000e+00  
 42.7 1.3390e+01  14 1.00000e+00  
 42.8 1.3418e+01  14 1.00000e+00  
 42.9 1.3444e+01  14 1.00000e+00  
 43.0 1.3475e+01  14 1.00000e+00  
 43.1 1.3547e+01  14 1.00000e+00  
 43.2 1.3597e+01  14 1.00000e+00  
 43.3 1.3641e+01  14 1.00000e+00  
 43.4 1.3685e+01  14 1.00000e+00  
 43.5 1.3725e+01  14 1.00000e+00  
 43.6 1.3766e+01  14 1.00000e+00  
 43.7 1.3805e+01  14 1.00000e+00  
 43.8 1.3869e+01  14 1.00000e+00  
 43.9 1.3883e+01  14 1.00000e+00  
 44.0 1.3948e+01  14 1.00000e+00  
 44.1 1.3963e+01  14 1.00000e+00  
 44.2 1.4027e+01  14 1.00000e+00  
 44.3 1.4056e+01  14 1.00000e+00  
 44.4 1.4107e+01  14 1.00000e+00  
 44.5 1.4135e+01  14 1.00000e+00  
 44.6 1.4189e+01  14 1.00000e+00  
 44.7 1.4214e+01  14 1.00000e+00  
 44.8 1.4268e+01  14 1.00000e+00  
 44.9 1.4294e+01  14 1.00000e+00  
 45.0 1.4341e+01  14 1.00000e+00  
 45.1 1.4365e+01  14 1.00000e+00  
 45.2 1.4422e+01  14 1.00000e+00  
 45.3 1.4443e+01  14 1.00000e+00  
 45.4 1.4501e+01  14 1.00000e+00  
 45.5 1.4557e+01  14 1.00000e+00  
 45.6 1.4580e+01  14 1.00000e+00  
 45.7 1.4637e+01  14 1.00000e+00  
 45.8 1.4656e+01  14 1.00000e+00  
 45.9 1.4715e+01  14 1.00000e+00  
 46.0 1.4729e+01  14 1.00000e+00  
 46.1 1.4790e+01  14 1.00000e+00  
 46.2 1.4815e+01  14 1.00000e+00  
 46.3 1.4862e+01  14 1.00000e+00  
 46.4 1.4921e+01  14 1.00000e+00  
 46.5 1.4942e+01  14 1.00000e+00  
 46.6 1.4994e+01  14 1.00000e+00  
 46.7 1.5019e+01  14 1.00000e+00  
 46.8 1.5061e+01  14 1.00000e+00  
 46.9 1.5123e+01  14 1.00000e+00  
 47.0 1.5145e+01  14 1.00000e+00  
 47.1 1.5187e+01  14 1.00000e+00  
 47.2 1.5248e+01  14 1.00000e+00  
 47.3 1.5270e+01  14 1.00000e+00  
 47.4 1.5309e+01  14 1.00000e+00  
 47.5 1.5371e+01  14 1.00000e+00  
 47.6 1.5389e+01  14 1.00000e+00  
 47.7 1.5435e+01  14 1.00000e+00  
 47.8 1.5482e+01  14 1.00000e+00  
 47.9 1.5542e+01  14 1.00000e+00  
 48.0 1.5559e+01  14 1.00000e+00  
 48.1 1.5600e+01  14 1.00000e+00  
 48.2 1.5660e+01  14 1.00000e+00  
 48.3 1.5681e+01  14 1.00000e+00  
 48.4 1.5733e+01  14 1.00000e+00  
 48.5 1.5771e+01  14 1.00000e+00  
 48.6 1.5800e+01  14 1.00000e+00  
 48.7 1.5848e+01  14 1.00000e+00  
 48.8 1.5880e+01  14 1.00000e+00  
 48.9 1.5942e+01  14 1.00000e+00  
 49.0 1.5968e+01  14 1.00000e+00  
 49.1 1.6015e+01  14 1.00000e+00  
 49.2 1.6044e+01  14 1.00000e+00  
 49.3 1.6107e+01  14 1.00000e+00  
 49.4 1.6132e+01  14 1.00000e+00  
 49.5 1.6181e+01  14 1.00000e+00  
 49.6 1.6216e+01  14 1.00000e+00  
 49.7 1.6264e+01  14 1.00000e+00  
 49.8 1.6324e+01  14 1.00000e+00  
 49.9 1.6344e+01  14 1.00000e+00  
 50.0 1.6389e+01  14 1.00000e+00  
 50.1 1.6416e+01  14 1.00000e+00  
 50.2 1.6476e+01  14 1.00000e+00  
 50.3 1.6536e+01  14 1.00000e+00  
 50.4 1.6553e+01  14 1.00000e+00  
 50.5 1.6599e+01  14 1.00000e+00  
 50.6 1.6614e+01  14 1.00000e+00  
 50.7 1.6675e+01  14 1.00000e+00  
 50.8 1.6735e+01  14 1.00000e+00  
 50.9 1.6760e+01  14 1.00000e+00  
 51.0 1.6809e+01  14 1.00000e+00  
 51.1 1.6809e+01  14 1.00000e+00  
 51.2 1.6870e+01  14 1.00000e+00  
 51.3 1.6930e+01  14 1.00000e+00  
 51.4 1.6992e+01  14 1.00000e+00  
 51.5 1.7012e+01  14 1.00000e+00  
 51.6 1.7059e+01  14 1.00000e+00  
 51.7 1.7053e+01  14 1.00000e+00  
 51.8 1.7114e+01  14 1.00000e+00  
 51.9 1.7174e+01  14 1.00000e+00  
 52.0 1.7233e+01  14 1.00000e+00  
 52.1 1.7296e+01  14 1.00000e+00  
 52.2 1.7313e+01  14 1.00000e+00  
 52.3 1.7301e+01  14 1.00000e+00  
 52.4 1.7348e+01  14 1.00000e+00  
 52.5 1.7407e+01  14 1.00000e+00  
 52.6 1.7469e+01  14 1.00000e+00  
 52.7 1.7529e+01  14 1.00000e+00  
 52.8 1.7585e+01  14 1.00000e+00  
 52.9 1.7595e+01  14 1.00000e+00  
 53.0 1.7608e+01  14 1.00000e+00  
 53.1 1.7637e+01  14 1.00000e+00  
 53.2 1.7683e+01  14 1.00000e+00  
 53.3 1.7736e+01  14 1.00000e+00  
 53.4 1.7796e+01  14 1.00000e+00  
 53.5 1.7853e+01  14 1.00000e+00  
 53.6 1.7910e+01  14 1.00000e+00  
 53.7 1.7943e+01  14 1.00000e+00  
 53.8 1.7978e+01  14 1.00000e+00  
 53.9 1.8008e+01  14 1.00000e+00  
 54.0 1.8026e+01  14 1.00000e+00  
 54.1 1.8051e+01  14 1.00000e+00  
 54.2 1.8106e+01  14 1.00000e+00  
 54.3 1.8163e+01  14 1.00000e+00  
 54.4 1.8222e+01  14 1.00000e+00  
 54.5 1.8281e+01  14 1.00000e+00  
 54.6 1.8327e+01  14 1.00000e+00  
 54.7 1.8370e+01  14 1.00000e+00  
 54.8 1.8409e+01  14 1.00000e+00  
 54.9 1.8445e+01  14 1.00000e+00  
 55.0 1.8475e+01  14 1.00000e+00  
 55.1 1.8497e+01  14 1.00000e+00  
 55.2 1.8528e+01  14 1.00000e+00  
 55.3 1.8561e+01  14 1.00000e+00  
 55.4 1.8629e+01  14 1.00000e+00  
 55.5 1.8718e+01  14 1.00000e+00  
 55.6 1.8772e+01  14 1.00000e+00  
 55.7 1.8785e+01  14 1.00000e+00  
 55.8 1.8834e+01  14 1.00000e+00  
 55.9 1.8879e+01  14 1.00000e+00  
 56.0 1.8924e+01  14 1.00000e+00  
 56.1 1.8967e+01  14 1.00000e+00  
 56.2 1.9007e+01  14 1.00000e+00  
 56.3 1.9047e+01  14 1.00000e+00  
 56.4 1.9089e+01  14 1.00000e+00  
 56.5 1.9133e+01  14 1.00000e+00  
 56.6 1.9126e+01  14 1.00000e+00  
 56.7 1.9180e+01  14 1.00000e+00  
 56.8 1.9229e+01  14 1.00000e+00  
 56.9 1.9285e+01  14 1.00000e+00  
 57.0 1.9334e+01  14 1.00000e+00  
 57.1 1.9388e+01  14 1.00000e+00  
 57.2 1.9438e+01  14 1.00000e+00  
 57.3 1.9489e+01  14 1.00000e+00  
 57.4 1.9540e+01  14 1.00000e+00  
 57.5 1.9583e+01  14 1.00000e+00  
 57.6 1.9543e+01  14 1.00000e+00  
 57.7 1.9654e+01  14 1.00000e+00  
 57.8 1.9696e+01  14 1.00000e+00  
 57.9 1.9738e+01  14 1.00000e+00  
 58.0 1.9777e+01  14 1.00000e+00  
 58.1 1.9816e+01  14 1.00000e+00  
 58.2 1.9849e+01  14 1.00000e+00  
 58.3 1.9877e+01  14 1.00000e+00  
 58.4 1.9917e+01  14 1.00000e+00  
 58.5 1.9957e+01  14 1.00000e+00  
 58.6 1.9994e+01  14 1.00000e+00  
 58.7 2.0033e+01  14 1.00000e+00  
 58.8 2.0071e+01  14 1.00000e+00  
 58.9 2.0106e+01  14 1.00000e+00  
 59.0 2.0140e+01  14 1.00000e+00  
 59.1 2.0208e+01  14 1.00000e+00  
 59.2 2.0293e+01  14 1.00000e+00  
 59.3 2.0317e+01  14 1.00000e+00  
 59.4 2.0367e+01  14 1.00000e+00  
 59.5 2.0408e+01  14 1.00000e+00  
 59.6 2.0451e+01  14 1.00000e+00  
 59.7 2.0497e+01  14 1.00000e+00  
 59.8 2.0545e+01  14 1.00000e+00  
 59.9 2.0591e+01  14 1.00000e+00  
 60.0 2.0634e+01  14 1.00000e+00  
 60.1 2.0682e+01  14 1.00000e+00  
 60.2 2.0730e+01  14 1.00000e+00  
 60.3 2.0778e+01  14 1.00000e+00  
 60.4 2.0824e+01  14 1.00000e+00  
 60.5 2.0870e+01  14 1.00000e+00  
 60.6 2.0916e+01  14 1.00000e+00  
 60.7 2.0956e+01  14 1.00000e+00  
 60.8 2.0978e+01  14 1.00000e+00  
 60.9 2.0976e+01  14 1.00000e+00  
 61.0 2.1084e+01  14 1.00000e+00  
 61.1 2.1123e+01  14 1.00000e+00  
 61.2 2.1168e+01  14 1.00000e+00  
 61.3 2.1212e+01  14 1.00000e+00  
 61.4 2.1257e+01  14 1.00000e+00  
 61.5 2.1301e+01  14 1.00000e+00  
 61.6 2.1345e+01  14 1.00000e+00  
 61.7 2.1388e+01  14 1.00000e+00  
 61.8 2.1432e+01  14 1.00000e+00  
 61.9 2.1476e+01  14 1.00000e+00  
 62.0 2.1520e+01  14 1.00000e+00  
 62.1 2.1563e+01  14 1.00000e+00  
 62.2 2.1607e+01  14 1.00000e+00  
 62.3 2.1649e+01  14 1.00000e+00  
 62.4 2.1689e+01  14 1.00000e+00  
 62.5 2.1740e+01  14 1.00000e+00  
 62.6 2.1783e+01  14 1.00000e+00  
 62.7 2.1849e+01  14 1.00000e+00  
 62.8 2.1876e+01  14 1.00000e+00  
 62.9 2.1918e+01  14 1.00000e+00  
 63.0 2.1957e+01  14 1.00000e+00  
 63.1 2.2004e+01  14 1.00000e+00  
 63.2 2.2043e+01  14 1.00000e+00  
 63.3 2.2090e+01  14 1.00000e+00  
 63.4 2.2132e+01  14 1.00000e+00  
 63.5 2.2171e+01  14 1.00000e+00  
 63.6 2.2217e+01  14 1.00000e+00  
 63.7 2.2283e+01  14 1.00000e+00  
 63.8 2.2253e+01  14 1.00000e+00  
 63.9 2.2355e+01  14 1.00000e+00  
 64.0 2.2390e+01  14 1.00000e+00  
 64.1 2.2437e+01  14 1.00000e+00  
 64.2 2.2520e+01  14 1.00000e+00  
 64.3 2.2569e+01  14 1.00000e+00  
 64.4 2.2607e+01  14 1.00000e+00  
 64.5 2.2644e+01  14 1.00000e+00  
 64.6 2.2675e+01  14 1.00000e+00  
 64.7 2.2656e+01  14 1.00000e+00  
 64.8 2.2695e+01  14 1.00000e+00  
 64.9 2.2734e+01  14 1.00000e+00  
 65.0 2.2784e+01  14 1.00000e+00  
 65.1 2.2856e+01  14 1.00000e+00  
 65.2 2.2943e+01  14 1.00000e+00  
 65.3 2.2987e+01  14 1.00000e+00  
 65.4 2.3021e+01  14 1.00000e+00  
 65.5 2.3058e+01  14 1.00000e+00  
 65.6 2.3093e+01  14 1.00000e+00  
 65.7 2.3140e+01  14 1.00000e+00  
 65.8 2.3177e+01  14 1.00000e+00  
 65.9 2.3215e+01  14 1.00000e+00  
 66.0 2.3253e+01  14 1.00000e+00  
 66.1 2.3292e+01  14 1.00000e+00  
 66.2 2.3326e+01  14 1.00000e+00  
 66.3 2.3366e+01  14 1.00000e+00  
 66.4 2.3405e+01  14 1.00000e+00  
 66.5 2.3546e+01  14 1.00000e+00  
 66.6 2.3480e+01  14 1.00000e+00  
 66.7 2.3546e+01  14 1.00000e+00  
 66.8 2.3601e+01  14 1.00000e+00  
 66.9 2.3656e+01  14 1.00000e+00  
 67.0 2.3711e+01  14 1.00000e+00  
 67.1 2.3750e+01  14 1.00000e+00  
 67.2 2.3841e+01  14 1.00000e+00  
 67.3 2.3860e+01  14 1.00000e+00  
 67.4 2.3905e+01  14 1.00000e+00  
 67.5 2.3967e+01  14 1.00000e+00  
 67.6 2.4016e+01  14 1.00000e+00  
 67.7 2.4062e+01  14 1.00000e+00  
 67.8 2.4116e+01  14 1.00000e+00  
 67.9 2.4160e+01  14 1.00000e+00  
 68.0 2.4209e+01  14 1.00000e+00  
 68.1 2.4257e+01  14 1.00000e+00  
 68.2 2.4302e+01  14 1.00000e+00  
 68.3 2.4345e+01  14 1.00000e+00  
 68.4 2.4385e+01  14 1.00000e+00  
 68.5 2.4435e+01  14 1.00000e+00  
 68.6 2.4467e+01  14 1.00000e+00  
 68.7 2.4514e+01  14 1.00000e+00  
 68.8 2.4557e+01  14 1.00000e+00  
 68.9 2.4596e+01  14 1.00000e+00  
 69.0 2.4696e+01  14 1.00000e+00  
 69.1 2.4723e+01  14 1.00000e+00  
 69.2 2.4758e+01  14 1.00000e+00  
 69.3 2.4795e+01  14 1.00000e+00  
 69.4 2.4826e+01  14 1.00000e+00  
 69.5 2.4885e+01  14 1.00000e+00  
 69.6 2.4901e+01  14 1.00000e+00  
 69.7 2.4946e+01  14 1.00000e+00  
 69.8 2.4972e+01  14 1.00000e+00  
 69.9 2.5022e+01  14 1.00000e+00  
 70.0 2.5057e+01  14 1.00000e+00  
 70.1 2.5083e+01  14 1.00000e+00  
 70.2 2.5116e+01  14 1.00000e+00  
 70.3 2.5156e+01  14 1.00000e+00  
 70.4 2.5214e+01  14 1.00000e+00  
 70.5 2.5303e+01  14 1.00000e+00  
 70.6 2.5365e+01  14 1.00000e+00  
 70.7 2.5445e+01  14 1.00000e+00  
 70.8 2.5449e+01  14 1.00000e+00  
 70.9 2.5501e+01  14 1.00000e+00  
 71.0 2.5570e+01  14 1.00000e+00  
 71.1 2.5626e+01  14 1.00000e+00  
 71.2 2.5694e+01  14 1.00000e+00  
 71.3 2.5723e+01  14 1.00000e+00  
 71.4 2.5769e+01  14 1.00000e+00  
 71.5 2.5815e+01  14 1.00000e+00  
 71.6 2.5860e+01  14 1.00000e+00  
 71.7 2.5899e+01  14 1.00000e+00  
 71.8 2.5949e+01  14 1.00000e+00  
 71.9 2.5904e+01  14 1.00000e+00  
 72.0 2.5983e+01  14 1.00000e+00  
 72.1 2.6051e+01  14 1.00000e+00  
 72.2 2.6103e+01  14 1.00000e+00  
 72.3 2.6195e+01  14 1.00000e+00  
 72.4 2.6217e+01  14 1.00000e+00  
 72.5 2.6261e+01  14 1.00000e+00  
 72.6 2.6302e+01  14 1.00000e+00  
 72.7 2.6343e+01  14 1.00000e+00  
 72.8 2.6370e+01  14 1.00000e+00  
 72.9 2.6414e+01  14 1.00000e+00  
 73.0 2.6447e+01  14 1.00000e+00  
 73.1 2.6483e+01  14 1.00000e+00  
 73.2 2.6495e+01  14 1.00000e+00  
 73.3 2.6545e+01  14 1.00000e+00  
 73.4 2.6573e+01  14 1.00000e+00  
 73.5 2.6649e+01  14 1.00000e+00  
 73.6 2.6716e+01  14 1.00000e+00  
 73.7 2.6777e+01  14 1.00000e+00  
 73.8 2.6812e+01  14 1.00000e+00  
 73.9 2.6890e+01  14 1.00000e+00  
 74.0 2.6938e+01  14 1.00000e+00  
 74.1 2.6995e+01  14 1.00000e+00  
 74.2 2.7064e+01  14 1.00000e+00  
 74.3 2.7110e+01  14 1.00000e+00  
 74.4 2.7164e+01  14 1.00000e+00  
 74.5 2.7190e+01  14 1.00000e+00  
 74.6 2.7276e+01  14 1.00000e+00  
 74.7 2.7318e+01  14 1.00000e+00  
 74.8 2.7322e+01  14 1.00000e+00  
 74.9 2.7377e+01  14 1.00000e+00  
 75.0 2.7419e+01  14 1.00000e+00  
 75.1 2.7465e+01  14 1.00000e+00  
 75.2 2.7524e+01  14 1.00000e+00  
 75.3 2.7579e+01  14 1.00000e+00  
 75.4 2.7621e+01  14 1.00000e+00  
 75.5 2.7654e+01  14 1.00000e+00  
 75.6 2.7702e+01  14 1.00000e+00  
 75.7 2.7717e+01  14 1.00000e+00  
 75.8 2.7762e+01  14 1.00000e+00  
 75.9 2.7799e+01  14 1.00000e+00  
 76.0 2.7846e+01  14 1.00000e+00  
 76.1 2.7876e+01  14 1.00000e+00  
 76.2 2.8019e+01  14 1.00000e+00  
 76.3 2.7943e+01  14 1.00000e+00  
 76.4 2.8001e+01  14 1.00000e+00  
 76.5 2.8117e+01  14 1.00000e+00  
 76.6 2.8123e+01  14 1.00000e+00  
 76.7 2.8200e+01  14 1.00000e+00  
 76.8 2.8252e+01  14 1.00000e+00  
 76.9 2.8317e+01  14 1.00000e+00  
 77.0 2.8380e+01  14 1.00000e+00  
 77.1 2.8435e+01  14 1.00000e+00  
 77.2 2.8482e+01  14 1.00000e+00  
 77.3 2.8546e+01  14 1.00000e+00  
 77.4 2.8580e+01  14 1.00000e+00  
 77.5 2.8627e+01  14 1.00000e+00  
 77.6 2.8666e+01  14 1.00000e+00  
 77.7 2.8652e+01  14 1.00000e+00  
 77.8 2.8761e+01  14 1.00000e+00  
 77.9 2.8811e+01  14 1.00000e+00  
 78.0 2.8858e+01  14 1.00000e+00  
 78.1 2.8898e+01  14 1.00000e+00  
 78.2 2.8921e+01  14 1.00000e+00  
 78.3 2.9026e+01  14 1.00000e+00  
 78.4 2.8957e+01  14 1.00000e+00  
 78.5 2.9093e+01  14 1.00000e+00  
 78.6 2.9142e+01  14 1.00000e+00  
 78.7 2.9157e+01  14 1.00000e+00  
 78.8 2.9129e+01  14 1.00000e+00  
 78.9 2.9220e+01  14 1.00000e+00  
 79.0 2.9251e+01  14 1.00000e+00  
 79.1 2.9269e+01  14 1.00000e+00  
 79.2 2.9356e+01  14 1.00000e+00  
 79.3 2.9463e+01  14 1.00000e+00  
 79.4 2.9397e+01  14 1.00000e+00  
 79.5 2.9482e+01  14 1.00000e+00  
 79.6 2.9541e+01  14 1.00000e+00  
 79.7 2.9606e+01  14 1.00000e+00  
 79.8 2.9669e+01  14 1.00000e+00  
 79.9 2.9716e+01  14 1.00000e+00  
 80.0 2.9797e+01  14 1.00000e+00  
 80.1 2.9843e+01  14 1.00000e+00  
 80.2 2.9922e+01  14 1.00000e+00  
 80.3 2.9958e+01  14 1.00000e+00  
 80.4 3.0019e+01  14 1.00000e+00  
 80.5 3.0040e+01  14 1.00000e+00  
 80.6 3.0114e+01  14 1.00000e+00  
 80.7 3.0095e+01  14 1.00000e+00  
 80.8 3.0210e+01  14 1.00000e+00  
 80.9 3.0262e+01  14 1.00000e+00  
 81.0 3.0308e+01  14 1.00000e+00  
 81.1 3.0329e+01  14 1.00000e+00  
 81.2 3.0382e+01  14 1.00000e+00  
 81.3 3.0426e+01  14 1.00000e+00  
 81.4 3.0537e+01  14 1.00000e+00  
 81.5 3.0558e+01  14 1.00000e+00  
 81.6 3.0608e+01  14 1.00000e+00  
 81.7 3.0645e+01  14 1.00000e+00  
 81.8 3.0674e+01  14 1.00000e+00  
 81.9 3.0700e+01  14 1.00000e+00  
 82.0 3.0729e+01  14 1.00000e+00  
 82.1 3.0768e+01  14 1.00000e+00  
 82.2 3.0813e+01  14 1.00000e+00  
 82.3 3.0854e+01  14 1.00000e+00  
 82.4 3.0859e+01  14 1.00000e+00  
 82.5 3.0914e+01  14 1.00000e+00  
 82.6 3.0939e+01  14 1.00000e+00  
 82.7 3.0964e+01  14 1.00000e+00  
 82.8 3.1057e+01  14 1.00000e+00  
 82.9 3.1106e+01  14 1.00000e+00  
 83.0 3.1197e+01  14 1.00000e+00  
 83.1 3.1260e+01  14 1.00000e+00  
 83.2 3.1313e+01  14 1.00000e+00  
 83.3 3.1376e+01  14 1.00000e+00  
 83.4 3.1431e+01  14 1.00000e+00  
 83.5 3.1485e+01  14 1.00000e+00  
 83.6 3.1551e+01  14 1.00000e+00  
 83.7 3.1614e+01  14 1.00000e+00  
 83.8 3.1640e+01  14 1.00000e+00  
 83.9 3.1703e+01  14 1.00000e+00  
 84.0 3.1752e+01  14 1.00000e+00  
 84.1 3.1787e+01  14 1.00000e+00  
 84.2 3.1859e+01  14 1.00000e+00  
 84.3 3.1901e+01  14 1.00000e+00  
 84.4 3.1948e+01  14 1.00000e+00  
 84.5 3.1981e+01  14 1.00000e+00  
 84.6 3.2032e+01  14 1.00000e+00  
 84.7 3.2073e+01  14 1.00000e+00  
 84.8 3.2164e+01  14 1.00000e+00  
 84.9 3.2222e+01  14 1.00000e+00  
 85.0 3.2256e+01  14 1.00000e+00  
 85.1 3.2293e+01  14 1.00000e+00  
 85.2 3.2322e+01  14 1.00000e+00  
 85.3 3.2354e+01  14 1.00000e+00  
 85.4 3.2394e+01  14 1.00000e+00  
 85.5 3.2434e+01  14 1.00000e+00  
 85.6 3.2482e+01  14 1.00000e+00  
 85.7 3.2519e+01  14 1.00000e+00  
 85.8 3.2548e+01  14 1.00000e+00  
 85.9 3.2588e+01  14 1.00000e+00  
 86.0 3.2622e+01  14 1.00000e+00  
 86.1 3.2649e+01  14 1.00000e+00  
 86.2 3.2671e+01  14 1.00000e+00  
 86.3 3.2718e+01  14 1.00000e+00  
 86.4 3.2812e+01  14 1.00000e+00  
 86.5 3.2885e+01  14 1.00000e+00  
 86.6 3.2953e+01  14 1.00000e+00  
 86.7 3.2998e+01  14 1.00000e+00  
 86.8 3.3081e+01  14 1.00000e+00  
 86.9 3.3125e+01  14 1.00000e+00  
 87.0 3.3197e+01  14 1.00000e+00  
 87.1 3.3224e+01  14 1.00000e+00  
 87.2 3.3310e+01  14 1.00000e+00  
 87.3 3.3382e+01  14 1.00000e+00  
 87.4 3.3434e+01  14 1.00000e+00  
 87.5 3.3471e+01  14 1.00000e+00  
 87.6 3.3515e+01  14 1.00000e+00  
 87.7 3.3566e+01  14 1.00000e+00  
 87.8 3.3633e+01  14 1.00000e+00  
 87.9 3.3679e+01  14 1.00000e+00  
 88.0 3.3697e+01  14 1.00000e+00  
 88.1 3.3770e+01  14 1.00000e+00  
 88.2 3.3785e+01  14 1.00000e+00  
 88.3 3.3854e+01  14 1.00000e+00  
 88.4 3.3895e+01  14 1.00000e+00  
 88.5 3.4018e+01  14 1.00000e+00  
 88.6 3.4053e+01  14 1.00000e+00  
 88.7 3.4093e+01  14 1.00000e+00  
 88.8 3.4133e+01  14 1.00000e+00  
 88.9 3.4172e+01  14 1.00000e+00  
 89.0 3.4210e+01  14 1.00000e+00  
 89.1 3.4247e+01  14 1.00000e+00  
 89.2 3.4271e+01  14 1.00000e+00  
 89.3 3.4324e+01  14 1.00000e+00  
 89.4 3.4359e+01  14 1.00000e+00  
 89.5 3.4397e+01  14 1.00000e+00  
 89.6 3.4405e+01  14 1.00000e+00  
 89.7 3.4469e+01  14 1.00000e+00  
 89.8 3.4502e+01  14 1.00000e+00  
 89.9 3.4529e+01  14 1.00000e+00  
 90.0 3.4552e+01  14 1.00000e+00  
 90.1 3.4574e+01  14 1.00000e+00  
 90.2 3.4650e+01  14 1.00000e+00  
 90.3 3.4744e+01  14 1.00000e+00  
 90.4 3.4821e+01  14 1.00000e+00  
 90.5 3.4874e+01  14 1.00000e+00  
 90.6 3.4956e+01  14 1.00000e+00  
 90.7 3.4992e+01  14 1.00000e+00  
 90.8 3.5079e+01  14 1.00000e+00  
 90.9 3.5137e+01  14 1.00000e+00  
 91.0 3.5181e+01  14 1.00000e+00  
 91.1 3.5248e+01  14 1.00000e+00  
 91.2 3.5314e+01  14 1.00000e+00  
 91.3 3.5381e+01  14 1.00000e+00  
 91.4 3.5435e+01  14 1.00000e+00  
 91.5 3.5485e+01  14 1.00000e+00  
 91.6 3.5523e+01  14 1.00000e+00  
 91.7 3.5571e+01  14 1.00000e+00  
 91.8 3.5634e+01  14 1.00000e+00  
 91.9 3.5683e+01  14 1.00000e+00  
 92.0 3.5731e+01  14 1.00000e+00  
 92.1 3.5770e+01  14 1.00000e+00  
 92.2 3.5811e+01  14 1.00000e+00  
 92.3 3.5867e+01  14 1.00000e+00  
 92.4 3.5899e+01  14 1.00000e+00  
 92.5 3.5954e+01  14 1.00000e+00  
 92.6 3.5990e+01  14 1.00000e+00  
 92.7 3.6126e+01  14 1.00000e+00  
 92.8 3.6163e+01  14 1.00000e+00  
 92.9 3.6188e+01  14 1.00000e+00  
 93.0 3.6246e+01  14 1.00000e+00  
 93.1 3.6287e+01  14 1.00000e+00  
 93.2 3.6305e+01  14 1.00000e+00  
 93.3 3.6367e+01  14 1.00000e+00  
 93.4 3.6407e+01  14 1.00000e+00  
 93.5 3.6439e+01  14 1.00000e+00  
 93.6 3.6488e+01  14 1.00000e+00  
 93.7 3.6517e+01  14 1.00000e+00  
 93.8 3.6566e+01  14 1.00000e+00  
 93.9 3.6604e+01  14 1.00000e+00  
 94.0 3.6622e+01  14 1.00000e+00  
 94.1 3.6680e+01  14 1.00000e+00  
 94.2 3.6718e+01  14 1.00000e+00  
 94.3 3.6752e+01  14 1.00000e+00  
 94.4 3.6782e+01  14 1.00000e+00  
 94.5 3.6809e+01  14 1.00000e+00  
 94.6 3.6835e+01  14 1.00000e+00  
 94.7 3.6916e+01  14 1.00000e+00  
 94.8 3.7006e+01  14 1.00000e+00  
 94.9 3.7082e+01  14 1.00000e+00  
 95.0 3.7137e+01  14 1.00000e+00  
 95.1 3.7219e+01  14 1.00000e+00  
 95.2 3.7255e+01  14 1.00000e+00  
 95.3 3.7346e+01  14 1.00000e+00  
 95.4 3.7400e+01  14 1.00000e+00  
 95.5 3.7462e+01  14 1.00000e+00  
 95.6 3.7523e+01  14 1.00000e+00  
 95.7 3.7569e+01  14 1.00000e+00  
 95.8 3.7620e+01  14 1.00000e+00  
 95.9 3.7684e+01  14 1.00000e+00  
 96.0 3.7738e+01  14 1.00000e+00  
 96.1 3.7812e+01  14 1.00000e+00  
 96.2 3.7873e+01  14 1.00000e+00  
 96.3 3.7927e+01  14 1.00000e+00  
 96.4 3.7979e+01  14 1.00000e+00  
 96.5 3.8028e+01  14 1.00000e+00  
 96.6 3.8075e+01  14 1.00000e+00  
 96.7 3.8112e+01  14 1.00000e+00  
 96.8 3.8173e+01  14 1.00000e+00  
 96.9 3.8222e+01  14 1.00000e+00  
 97.0 3.8261e+01  14 1.00000e+00  
 97.1 3.8312e+01  14 1.00000e+00  
 97.2 3.8360e+01  14 1.00000e+00  
 97.3 3.8382e+01  14 1.00000e+00  
 97.4 3.8448e+01  14 1.00000e+00  
 97.5 3.8579e+01  14 1.00000e+00  
 97.6 3.8616e+01  14 1.00000e+00  
 97.7 3.8644e+01  14 1.00000e+00  
 97.8 3.8702e+01  14 1.00000e+00  
 97.9 3.8742e+01  14 1.00000e+00  
 98.0 3.8780e+01  14 1.00000e+00  
 98.1 3.8828e+01  14 1.00000e+00  
 98.2 3.8845e+01  14 1.00000e+00  
 98.3 3.8912e+01  14 1.00000e+00  
 98.4 3.8928e+01  14 1.00000e+00  
 98.5 3.8994e+01  14 1.00000e+00  
 98.6 3.9012e+01  14 1.00000e+00  
 98.7 3.9103e+01  14 1.00000e+00  
 98.8 3.9127e+01  14 1.00000e+00  
 98.9 3.9181e+01  14 1.00000e+00  
 99.0 3.9222e+01  14 1.00000e+00  
 99.1 3.9259e+01  14 1.00000e+00  
 99.2 3.9292e+01  14 1.00000e+00  
 99.3 3.9321e+01  14 1.00000e+00  
 99.4 3.9368e+01  14 1.00000e+00  
 99.5 3.9463e+01  14 1.00000e+00  
 99.6 3.9542e+01  14 1.00000e+00  
 99.7 3.9601e+01  14 1.00000e+00  
 99.8 3.9687e+01  14 1.00000e+00  
 99.9 3.9731e+01  14 1.00000e+00  
100.0 3.9820e+01  14 1.00000e+00  
100.1 3.9856e+01  14 1.00000e+00  
100.2 3.9946e+01  14 1.00000e+00  
100.3 4.0004e+01  14 1.00000e+00  
100.4 4.0058e+01  14 1.00000e+00  
100.5 4.0124e+01  14 1.00000e+00  
100.6 4.0181e+01  14 1.00000e+00  
100.7 4.0229e+01  14 1.00000e+00  
100.8 4.0264e+01  14 1.00000e+00  
100.9 4.0372e+01  14 1.00000e+00  
101.0 4.0427e+01  14 1.00000e+00  
101.1 4.0481e+01  14 1.00000e+00  
101.2 4.0534e+01  14 1.00000e+00  
101.3 4.0588e+01  14 1.00000e+00  
101.4 4.0641e+01  14 1.00000e+00  
101.5 4.0693e+01  14 1.00000e+00  
101.6 4.0744e+01  14 1.00000e+00  
101.7 4.0791e+01  14 1.00000e+00  
101.8 4.0813e+01  14 1.00000e+00  
101.9 4.0873e+01  14 1.00000e+00  
102.0 4.0920e+01  14 1.00000e+00  
102.1 4.0953e+01  14 1.00000e+00  
102.2 4.1014e+01  14 1.00000e+00  
102.3 4.1060e+01  14 1.00000e+00  
102.4 4.1092e+01  14 1.00000e+00  
102.5 4.1151e+01  14 1.00000e+00  
102.6 4.1279e+01  14 1.00000e+00  
102.7 4.1305e+01  14 1.00000e+00  
102.8 4.1367e+01  14 1.00000e+00  
102.9 4.1387e+01  14 1.00000e+00  
103.0 4.1454e+01  14 1.00000e+00  
103.1 4.1497e+01  14 1.00000e+00  
103.2 4.1535e+01  14 1.00000e+00  
103.3 4.1585e+01  14 1.00000e+00  
103.4 4.1620e+01  14 1.00000e+00  
103.5 4.1671e+01  14 1.00000e+00  
103.6 4.1712e+01  14 1.00000e+00  
103.7 4.1743e+01  14 1.00000e+00  
103.8 4.1800e+01  14 1.00000e+00  
103.9 4.1836e+01  14 1.00000e+00  
104.0 4.1850e+01  14 1.00000e+00  
104.1 4.1922e+01  14 1.00000e+00  
104.2 4.1963e+01  14 1.00000e+00  
104.3 4.2001e+01  14 1.00000e+00  
104.4 4.2034e+01  14 1.00000e+00  
104.5 4.2093e+01  14 1.00000e+00  
104.6 4.2181e+01  14 1.00000e+00  
104.7 4.2234e+01  14 1.00000e+00  
104.8 4.2333e+01  14 1.00000e+00  
104.9 4.2402e+01  14 1.00000e+00  
105.0 4.2473e+01  14 1.00000e+00  
105.1 4.2539e+01  14 1.00000e+00  
105.2 4.2606e+01  14 1.00000e+00  
105.3 4.2670e+01  14 1.00000e+00  
105.4 4.2728e+01  14 1.00000e+00  
105.5 4.2797e+01  14 1.00000e+00  
105.6 4.2844e+01  14 1.00000e+00  
105.7 4.2905e+01  14 1.00000e+00  
105.8 4.2974e+01  14 1.00000e+00  
105.9 4.3033e+01  14 1.00000e+00  
106.0 4.3090e+01  14 1.00000e+00  
106.1 4.3163e+01  14 1.00000e+00  
106.2 4.3191e+01  14 1.00000e+00  
106.3 4.3261e+01  14 1.00000e+00  
106.4 4.3321e+01  14 1.00000e+00  
106.5 4.3376e+01  14 1.00000e+00  
106.6 4.3424e+01  14 1.00000e+00  
106.7 4.3467e+01  14 1.00000e+00  
106.8 4.3548e+01  14 1.00000e+00  
106.9 4.3603e+01  14 1.00000e+00  
107.0 4.3655e+01  14 1.00000e+00  
107.1 4.3704e+01  14 1.00000e+00  
107.2 4.3733e+01  14 1.00000e+00  
107.3 4.3806e+01  14 1.00000e+00  
107.4 4.3851e+01  14 1.00000e+00  
107.5 4.3876e+01  14 1.00000e+00  
107.6 4.3950e+01  14 1.00000e+00  
107.7 4.3985e+01  14 1.00000e+00  
107.8 4.4043e+01  14 1.00000e+00  
107.9 4.4173e+01  14 1.00000e+00  
108.0 4.4194e+01  14 1.00000e+00  
108.1 4.4262e+01  14 1.00000e+00  
108.2 4.4278e+01  14 1.00000e+00  
108.3 4.4354e+01  14 1.00000e+00  
108.4 4.4383e+01  14 1.00000e+00  
108.5 4.4446e+01  14 1.00000e+00  
108.6 4.4480e+01  14 1.00000e+00  
108.7 4.4537e+01  14 1.00000e+00  
108.8 4.4552e+01  14 1.00000e+00  
108.9 4.4627e+01  14 1.00000e+00  
109.0 4.4659e+01  14 1.00000e+00  
109.1 4.4713e+01  14 1.00000e+00  
109.2 4.4759e+01  14 1.00000e+00  
109.3 4.4795e+01  14 1.00000e+00  
109.4 4.4816e+01  14 1.00000e+00  
109.5 4.4887e+01  14 1.00000e+00  
109.6 4.4930e+01  14 1.00000e+00  
109.7 4.4970e+01  14 1.00000e+00  
109.8 4.5022e+01  14 1.00000e+00  
109.9 4.5108e+01  14 1.00000e+00  
110.0 4.5168e+01  14 1.00000e+00  
110.1 4.5265e+01  14 1.00000e+00  
110.2 4.5310e+01  14 1.00000e+00  
110.3 4.5411e+01  14 1.00000e+00  
110.4 4.5455e+01  14 1.00000e+00  
110.5 4.5549e+01  14 1.00000e+00  
110.6 4.5585e+01  14 1.00000e+00  
110.7 4.5680e+01  14 1.00000e+00  
110.8 4.5743e+01  14 1.00000e+00  
110.9 4.5798e+01  14 1.00000e+00  
111.0 4.5871e+01  14 1.00000e+00  
111.1 4.5932e+01  14 1.00000e+00  
111.2 4.5982e+01  14 1.00000e+00  
111.3 4.6027e+01  14 1.00000e+00  
111.4 4.6098e+01  14 1.00000e+00  
111.5 4.6154e+01  14 1.00000e+00  
111.6 4.6213e+01  14 1.00000e+00  
111.7 4.6305e+01  14 1.00000e+00  
111.8 4.6364e+01  14 1.00000e+00  
111.9 4.6422e+01  14 1.00000e+00  
112.0 4.6478e+01  14 1.00000e+00  
112.1 4.6550e+01  14 1.00000e+00  
112.2 4.6594e+01  14 1.00000e+00  
112.3 4.6637e+01  14 1.00000e+00  
112.4 4.6668e+01  14 1.00000e+00  
112.5 4.6724e+01  14 1.00000e+00  
112.6 4.6767e+01  14 1.00000e+00  
112.7 4.6810e+01  14 1.00000e+00  
112.8 4.6854e+01  14 1.00000e+00  
112.9 4.6897e+01  14 1.00000e+00  
113.0 4.6941e+01  14 1.00000e+00  
113.1 4.6984e+01  14 1.00000e+00  
113.2 4.7027e+01  14 1.00000e+00  
113.3 4.7071e+01  14 1.00000e+00  
113.4 4.7114e+01  14 1.00000e+00  
113.5 4.7157e+01  14 1.00000e+00  
113.6 4.7212e+01  14 1.00000e+00  
113.7 4.7256e+01  14 1.00000e+00  
113.8 4.7301e+01  14 1.00000e+00  
113.9 4.7346e+01  14 1.00000e+00  
114.0 4.7390e+01  14 1.00000e+00  
114.1 4.7434e+01  14 1.00000e+00  
114.2 4.7478e+01  14 1.00000e+00  
114.3 4.7522e+01  14 1.00000e+00  
114.4 4.7566e+01  14 1.00000e+00  
114.5 4.7610e+01  14 1.00000e+00  
114.6 4.7654e+01  14 1.00000e+00  
114.7 4.7698e+01  14 1.00000e+00  
114.8 4.7744e+01  14 1.00000e+00  
114.9 4.7791e+01  14 1.00000e+00  
115.0 4.7836e+01  14 1.00000e+00  
115.1 4.7879e+01  14 1.00000e+00  
115.2 4.7921e+01  14 1.00000e+00  
115.3 4.7967e+01  14 1.00000e+00  
115.4 4.8009e+01  14 1.00000e+00  
115.5 4.8054e+01  14 1.00000e+00  
115.6 4.8097e+01  14 1.00000e+00  
115.7 4.8140e+01  14 1.00000e+00  
115.8 4.8185e+01  14 1.00000e+00  
115.9 4.8228e+01  14 1.00000e+00  
116.0 4.8272e+01  14 1.00000e+00  
116.1 4.8315e+01  14 1.00000e+00  
116.2 4.8358e+01  14 1.00000e+00  
116.3 4.8403e+01  14 1.00000e+00  
116.4 4.8446e+01  14 1.00000e+00  
116.5 4.8489e+01  14 1.00000e+00  
116.6 4.8534e+01  14 1.00000e+00  
116.7 4.8577e+01  14 1.00000e+00  
116.8 4.8620e+01  14 1.00000e+00  
116.9 4.8664e+01  14 1.00000e+00  
117.0 4.8708e+01  14 1.00000e+00  
117.1 4.8751e+01  14 1.00000e+00  
117.2 4.8794e+01  14 1.00000e+00  
117.3 4.8839e+01  14 1.00000e+00  
117.4 4.8882e+01  14 1.00000e+00  
117.5 4.8926e+01  14 1.00000e+00  
117.6 4.8969e+01  14 1.00000e+00  
117.7 4.9013e+01  14 1.00000e+00  
117.8 4.9056e+01  14 1.00000e+00  
117.9 4.9101e+01  14 1.00000e+00  
118.0 4.9145e+01  14 1.00000e+00  
118.1 4.9188e+01  14 1.00000e+00  
118.2 4.9232e+01  14 1.00000e+00  
118.3 4.9276e+01  14 1.00000e+00  
118.4 4.9320e+01  14 1.00000e+00  
118.5 4.9364e+01  14 1.00000e+00  
118.6 4.9408e+01  14 1.00000e+00  
118.7 4.9453e+01  14 1.00000e+00  
118.8 4.9497e+01  14 1.00000e+00  
118.9 4.9541e+01  14 1.00000e+00  
119.0 4.9586e+01  14 1.00000e+00  
119.1 4.9631e+01  14 1.00000e+00  
119.2 4.9675e+01  14 1.00000e+00  
119.3 4.9721e+01  14 1.00000e+00  
119.4 4.9767e+01  14 1.00000e+00  
119.5 4.9813e+01  14 1.00000e+00  
119.6 4.9859e+01  14 1.00000e+00  
119.7 4.9909e+01  14 1.00000e+00  
119.8 4.9959e+01  14 1.00000e+00  
119.9 5.0012e+01  14 1.00000e+00  
120.0 5.0090e+01  14 1.00000e+00  
120.1 5.0184e+01  14 1.00000e+00  
120.2 5.0262e+01  14 1.00000e+00  
120.3 5.0340e+01  14 1.00000e+00  
120.4 5.0241e+01  14 1.00000e+00  
120.5 5.0287e+01  14 1.00000e+00  
120.6 5.0334e+01  14 1.00000e+00  
120.7 5.0380e+01  14 1.00000e+00  
120.8 5.0427e+01  14 1.00000e+00  
120.9 5.0474e+01  14 1.00000e+00  
121.0 5.0520e+01  14 1.00000e+00  
121.1 5.0567e+01  14 1.00000e+00  
121.2 5.0614e+01  14 1.00000e+00  
121.3 5.0660e+01  14 1.00000e+00  
121.4 5.0707e+01  14 1.00000e+00  
121.5 5.0810e+01  14 1.00000e+00  
121.6 5.0883e+01  14 1.00000e+00  
121.7 4.2076e+01  14 1.00000e+00  
121.8 4.2156e+01  14 1.00000e+00  
121.9 4.2223e+01  14 1.00000e+00  
122.0 4.1711e+01  14 1.00000e+00  
122.1 4.1721e+01  14 1.00000e+00  
122.2 4.1786e+01  14 1.00000e+00  
122.3 4.1821e+01  14 1.00000e+00  
122.4 4.1844e+01  14 1.00000e+00  
122.5 4.1870e+01  14 1.00000e+00  
122.6 4.1925e+01  14 1.00000e+00  
122.7 4.1960e+01  14 1.00000e+00  
122.8 4.1992e+01  14 1.00000e+00  
122.9 4.2021e+01  14 1.00000e+00  
123.0 4.2048e+01  14 1.00000e+00  
123.1 4.1618e+01  14 1.00000e+00  
123.2 4.1657e+01  14 1.00000e+00  
123.3 4.1695e+01  14 1.00000e+00  
123.4 4.1718e+01  14 1.00000e+00  
123.5 4.1765e+01  14 1.00000e+00  
123.6 4.1802e+01  14 1.00000e+00  
123.7 4.1833e+01  14 1.00000e+00  
123.8 4.1849e+01  14 1.00000e+00  
123.9 4.1903e+01  14 1.00000e+00  
124.0 4.1939e+01  14 1.00000e+00  
124.1 4.1973e+01  14 1.00000e+00  
124.2 4.2004e+01  14 1.00000e+00  
124.3 4.2032e+01  14 1.00000e+00  
124.4 4.1601e+01  14 1.00000e+00  
124.5 4.1620e+01  14 1.00000e+00  
124.6 4.1672e+01  14 1.00000e+00  
124.7 4.1707e+01  14 1.00000e+00  
124.8 4.1718e+01  14 1.00000e+00  
124.9 4.1777e+01  14 1.00000e+00  
125.0 4.1812e+01  14 1.00000e+00  
125.1 4.1840e+01  14 1.00000e+00  
125.2 4.1855e+01  14 1.00000e+00  
125.3 4.1917e+01  14 1.00000e+00  
125.4 4.1952e+01  14 1.00000e+00  
125.5 4.1984e+01  14 1.00000e+00  
125.6 4.2014e+01  14 1.00000e+00  
125.7 5.2408e+01  14 1.00000e+00  
125.8 5.2484e+01  14 1.00000e+00  
125.9 5.2560e+01  14 1.00000e+00  
126.0 5.2635e+01  14 1.00000e+00  
126.1 5.1687e+01  14 1.00000e+00  
126.2 5.1762e+01  14 1.00000e+00  
126.3 5.1837e+01  14 1.00000e+00  
126.4 5.1912e+01  14 1.00000e+00  
126.5 5.1005e+01  14 1.00000e+00  
126.6 5.1079e+01  14 1.00000e+00  
126.7 5.1154e+01  14 1.00000e+00  
126.8 5.1229e+01  14 1.00000e+00  
126.9 5.0283e+01  14 1.00000e+00  
127.0 5.0357e+01  14 1.00000e+00  
127.1 5.0431e+01  14 1.00000e+00  
127.2 5.0505e+01  14 1.00000e+00  
127.3 5.0579e+01  14 1.00000e+00  
127.4 4.9767e+01  14 1.00000e+00  
127.5 4.9810e+01  14 1.00000e+00  
127.6 4.9854e+01  14 1.00000e+00  
127.7 4.9898e+01  14 1.00000e+00  
127.8 4.9357e+01  14 1.00000e+00  
127.9 4.9398e+01  14 1.00000e+00  
128.0 4.9439e+01  14 1.00000e+00  
128.1 4.9480e+01  14 1.00000e+00  
128.2 4.8957e+01  14 1.00000e+00  
128.3 4.8998e+01  14 1.00000e+00  
128.4 4.9038e+01  14 1.00000e+00  
128.5 4.9078e+01  14 1.00000e+00  
128.6 4.9118e+01  14 1.00000e+00  
128.7 4.2227e+01  14 1.00000e+00  
128.8 4.2272e+01  14 1.00000e+00  
128.9 4.2344e+01  14 1.00000e+00  
129.0 4.2398e+01  14 1.00000e+00  
129.1 4.2444e+01  14 1.00000e+00  
129.2 4.2508e+01  14 1.00000e+00  
129.3 4.2534e+01  14 1.00000e+00  
129.4 4.2615e+01  14 1.00000e+00  
129.5 4.2665e+01  14 1.00000e+00  
129.6 4.2709e+01  14 1.00000e+00  
129.7 4.2771e+01  14 1.00000e+00  
129.8 4.2821e+01  14 1.00000e+00  
129.9 4.2842e+01  14 1.00000e+00  
130.0 4.2912e+01  14 1.00000e+00  
130.1 4.2968e+01  14 1.00000e+00  
130.2 4.3016e+01  14 1.00000e+00  
130.3 4.3063e+01  14 1.00000e+00  
130.4 4.3108e+01  14 1.00000e+00  
130.5 4.3170e+01  14 1.00000e+00  
130.6 4.3192e+01  14 1.00000e+00  
130.7 4.3249e+01  14 1.00000e+00  
130.8 4.2705e+01  14 1.00000e+00  
130.9 4.2762e+01  14 1.00000e+00  
131.0 4.2810e+01  14 1.00000e+00  
131.1 4.2843e+01  14 1.00000e+00  
131.2 4.2870e+01  14 1.00000e+00  
131.3 4.2931e+01  14 1.00000e+00  
131.4 4.2982e+01  14 1.00000e+00  
131.5 4.3022e+01  14 1.00000e+00  
131.6 4.3066e+01  14 1.00000e+00  
131.7 4.3109e+01  14 1.00000e+00  
131.8 4.3169e+01  14 1.00000e+00  
131.9 4.2532e+01  14 1.00000e+00  
132.0 4.2579e+01  14 1.00000e+00  
132.1 4.2640e+01  14 1.00000e+00  
132.2 4.2668e+01  14 1.00000e+00  
132.3 4.2737e+01  14 1.00000e+00  
132.4 4.2675e+01  14 1.00000e+00  
132.5 4.2750e+01  14 1.00000e+00  
132.6 4.2801e+01  14 1.00000e+00  
132.7 4.2846e+01  14 1.00000e+00  
132.8 4.2110e+01  14 1.00000e+00  
132.9 4.2179e+01  14 1.00000e+00  
133.0 4.2237e+01  14 1.00000e+00  
133.1 4.2289e+01  14 1.00000e+00  
133.2 4.2356e+01  14 1.00000e+00  
133.3 4.2395e+01  14 1.00000e+00  
133.4 4.2467e+01  14 1.00000e+00  
133.5 4.2522e+01  14 1.00000e+00  
133.6 4.2558e+01  14 1.00000e+00  
133.7 4.2625e+01  14 1.00000e+00  
133.8 4.1948e+01  14 1.00000e+00  
133.9 4.1978e+01  14 1.00000e+00  
134.0 4.2006e+01  14 1.00000e+00  
134.1 4.2032e+01  14 1.00000e+00  
134.2 4.2066e+01  14 1.00000e+00  
134.3 4.2140e+01  14 1.00000e+00  
134.4 4.2203e+01  14 1.00000e+00  
134.5 4.2234e+01  14 1.00000e+00  
134.6 4.2318e+01  14 1.00000e+00  
134.7 4.1763e+01  14 1.00000e+00  
134.8 4.1798e+01  14 1.00000e+00  
134.9 4.1828e+01  14 1.00000e+00  
135.0 4.1846e+01  14 1.00000e+00  
135.1 4.1874e+01  14 1.00000e+00  
135.2 4.1923e+01  14 1.00000e+00  
135.3 4.1956e+01  14 1.00000e+00  
135.4 4.1985e+01  14 1.00000e+00  
135.5 4.2016e+01  14 1.00000e+00  
135.6 4.2040e+01  14 1.00000e+00  
135.7 4.2090e+01  14 1.00000e+00  
135.8 4.2160e+01  14 1.00000e+00  
135.9 4.1679e+01  14 1.00000e+00  
136.0 4.1710e+01  14 1.00000e+00  
136.1 4.1718e+01  14 1.00000e+00  
136.2 4.1779e+01  14 1.00000e+00  
136.3 4.1811e+01  14 1.00000e+00  
136.4 4.1837e+01  14 1.00000e+00  
136.5 4.1849e+01  14 1.00000e+00  
136.6 4.1906e+01  14 1.00000e+00  
136.7 4.1939e+01  14 1.00000e+00  
136.8 4.1970e+01  14 1.00000e+00  
136.9 4.1998e+01  14 1.00000e+00  
137.0 4.2027e+01  14 1.00000e+00  
137.1 4.1591e+01  14 1.00000e+00  
137.2 4.1618e+01  14 1.00000e+00  
137.3 4.1645e+01  14 1.00000e+00  
137.4 4.1692e+01  14 1.00000e+00  
137.5 4.1716e+01  14 1.00000e+00  
137.6 4.1737e+01  14 1.00000e+00  
137.7 4.1787e+01  14 1.00000e+00  
137.8 4.1821e+01  14 1.00000e+00  
137.9 4.1843e+01  14 1.00000e+00  
138.0 4.1854e+01  14 1.00000e+00  
138.1 4.1913e+01  14 1.00000e+00  
138.2 4.1948e+01  14 1.00000e+00  
138.3 4.1978e+01  14 1.00000e+00  
138.4 4.2005e+01  14 1.00000e+00  
138.5 4.2030e+01  14 1.00000e+00  
138.6 4.1599e+01  14 1.00000e+00  
138.7 4.1620e+01  14 1.00000e+00  
138.8 4.1661e+01  14 1.00000e+00  
138.9 4.1694e+01  14 1.00000e+00  
139.0 4.1718e+01  14 1.00000e+00  
139.1 4.1756e+01  14 1.00000e+00  
139.2 4.1792e+01  14 1.00000e+00  
139.3 4.1822e+01  14 1.00000e+00  
139.4 5.2609e+01  14 1.00000e+00  
139.5 5.2660e+01  14 1.00000e+00  
139.6 5.2712e+01  14 1.00000e+00  
139.7 5.2764e+01  14 1.00000e+00  
139.8 5.2244e+01  14 1.00000e+00  
139.9 5.2312e+01  14 1.00000e+00  
140.0 5.2381e+01  14 1.00000e+00  
140.1 5.2449e+01  14 1.00000e+00  
140.2 5.1534e+01  14 1.00000e+00  
140.3 5.1562e+01  14 1.00000e+00  
140.4 5.1629e+01  14 1.00000e+00  
140.5 5.1697e+01  14 1.00000e+00  
140.6 5.0782e+01  14 1.00000e+00  
140.7 5.0849e+01  14 1.00000e+00  
140.8 5.0917e+01  14 1.00000e+00  
140.9 5.0984e+01  14 1.00000e+00  
141.0 5.0015e+01  14 1.00000e+00  
141.1 5.0084e+01  14 1.00000e+00  
141.2 5.0166e+01  14 1.00000e+00  
141.3 5.0233e+01  14 1.00000e+00  
141.4 4.9564e+01  14 1.00000e+00  
141.5 4.9602e+01  14 1.00000e+00  
141.6 4.9640e+01  14 1.00000e+00  
141.7 4.9677e+01  14 1.00000e+00  
141.8 4.9715e+01  14 1.00000e+00  
141.9 4.9182e+01  14 1.00000e+00  
142.0 4.9218e+01  14 1.00000e+00  
142.1 4.9255e+01  14 1.00000e+00  
142.2 4.9292e+01  14 1.00000e+00  
142.3 4.2460e+01  14 1.00000e+00  
142.4 4.2514e+01  14 1.00000e+00  
142.5 4.2535e+01  14 1.00000e+00  
142.6 4.2610e+01  14 1.00000e+00  
142.7 4.2661e+01  14 1.00000e+00  
142.8 4.2687e+01  14 1.00000e+00  
142.9 4.2753e+01  14 1.00000e+00  
143.0 4.2800e+01  14 1.00000e+00  
143.1 4.2842e+01  14 1.00000e+00  
143.2 4.2871e+01  14 1.00000e+00  
143.3 4.2929e+01  14 1.00000e+00  
143.4 4.2978e+01  14 1.00000e+00  
143.5 4.3020e+01  14 1.00000e+00  
143.6 4.3067e+01  14 1.00000e+00  
143.7 4.2485e+01  14 1.00000e+00  
143.8 4.2533e+01  14 1.00000e+00  
143.9 4.2573e+01  14 1.00000e+00  
144.0 4.2624e+01  14 1.00000e+00  
144.1 4.2669e+01  14 1.00000e+00  
144.2 4.2700e+01  14 1.00000e+00  
144.3 4.2761e+01  14 1.00000e+00  
144.4 4.2806e+01  14 1.00000e+00  
144.5 4.2842e+01  14 1.00000e+00  
144.6 4.2864e+01  14 1.00000e+00  
144.7 4.2923e+01  14 1.00000e+00  
144.8 4.2972e+01  14 1.00000e+00  
144.9 4.3009e+01  14 1.00000e+00  
145.0 4.3051e+01  14 1.00000e+00  
145.1 4.3092e+01  14 1.00000e+00  
145.2 4.3132e+01  14 1.00000e+00  
145.3 4.3174e+01  14 1.00000e+00  
145.4 4.2526e+01  14 1.00000e+00  
145.5 4.2603e+01  14 1.00000e+00  
145.6 4.2652e+01  14 1.00000e+00  
145.7 4.2667e+01  14 1.00000e+00  
145.8 4.2655e+01  14 1.00000e+00  
145.9 4.2671e+01  14 1.00000e+00  
146.0 4.2742e+01  14 1.00000e+00  
146.1 4.2790e+01  14 1.00000e+00  
146.2 4.2832e+01  14 1.00000e+00  
146.3 4.2079e+01  14 1.00000e+00  
146.4 4.2145e+01  14 1.00000e+00  
146.5 4.2203e+01  14 1.00000e+00  
146.6 4.2234e+01  14 1.00000e+00  
146.7 4.2315e+01  14 1.00000e+00  
146.8 4.2373e+01  14 1.00000e+00  
146.9 4.2405e+01  14 1.00000e+00  
147.0 4.2479e+01  14 1.00000e+00  
147.1 4.2526e+01  14 1.00000e+00  
147.2 4.2569e+01  14 1.00000e+00  
147.3 4.2627e+01  14 1.00000e+00  
147.4 4.1946e+01  14 1.00000e+00  
147.5 4.1977e+01  14 1.00000e+00  
147.6 4.2003e+01  14 1.00000e+00  
147.7 4.2027e+01  14 1.00000e+00  
147.8 4.2052e+01  14 1.00000e+00  
147.9 4.2121e+01  14 1.00000e+00  
148.0 4.2182e+01  14 1.00000e+00  
148.1 4.2240e+01  14 1.00000e+00  
148.2 4.2286e+01  14 1.00000e+00  
148.3 4.2348e+01  14 1.00000e+00  
148.4 4.2403e+01  14 1.00000e+00  
148.5 4.1810e+01  14 1.00000e+00  
148.6 4.1835e+01  14 1.00000e+00  
148.7 4.1848e+01  14 1.00000e+00  
148.8 4.1896e+01  14 1.00000e+00  
148.9 4.1929e+01  14 1.00000e+00  
149.0 4.1958e+01  14 1.00000e+00  
149.1 4.1989e+01  14 1.00000e+00  
149.2 4.2013e+01  14 1.00000e+00  
149.3 4.2036e+01  14 1.00000e+00  
149.4 4.2077e+01  14 1.00000e+00  
149.5 4.2143e+01  14 1.00000e+00  
149.6 4.1663e+01  14 1.00000e+00  
149.7 4.1694e+01  14 1.00000e+00  
149.8 4.1717e+01  14 1.00000e+00  
149.9 4.1741e+01  14 1.00000e+00  
150.0 4.1786e+01  14 1.00000e+00  
