 15.1 1.3984e+00  13 3.99816e-02  
 15.2 1.4057e+00  13 4.03520e-02  
 15.3 1.4129e+00  13 4.07182e-02  
 15.4 1.4202e+00  13 4.10807e-02  
 15.5 1.4275e+00  13 4.14395e-02  
 15.6 1.4347e+00  13 4.17944e-02  
 15.7 1.4420e+00  13 4.21456e-02  
 15.8 1.4522e+00  13 4.27546e-02  
 15.9 1.4628e+00  13 4.33833e-02  
 16.0 1.4735e+00  13 4.40129e-02  
 16.1 1.4842e+00  13 4.46435e-02  
 16.2 1.4951e+00  13 4.52750e-02  
 16.3 1.5060e+00  13 4.59075e-02  
 16.4 1.5170e+00  13 4.65412e-02  
 16.5 1.5281e+00  13 4.71761e-02  
 16.6 1.5393e+00  13 4.78123e-02  
 16.7 1.5505e+00  13 4.84498e-02  
 16.8 1.5619e+00  13 4.90888e-02  
 16.9 1.5734e+00  13 4.97293e-02  
 17.0 1.5849e+00  13 5.03713e-02  
 17.1 1.5966e+00  13 5.10178e-02  
 17.2 1.6083e+00  13 5.16632e-02  
 17.3 1.6201e+00  13 5.23104e-02  
 17.4 1.6320e+00  13 5.29595e-02  
 17.5 1.6440e+00  13 5.36104e-02  
 17.6 1.6561e+00  13 5.42633e-02  
 17.7 1.6683e+00  13 5.49183e-02  
 17.8 1.6806e+00  13 5.55754e-02  
 17.9 1.6930e+00  13 5.62346e-02  
 18.0 1.7055e+00  13 5.68961e-02  
 18.1 1.7181e+00  13 5.75599e-02  
 18.2 1.7308e+00  13 5.82260e-02  
 18.3 1.7436e+00  13 5.88945e-02  
 18.4 1.7565e+00  13 5.95655e-02  
 18.5 1.7695e+00  13 6.02391e-02  
 18.6 1.7825e+00  13 6.09153e-02  
 18.7 1.7957e+00  13 6.15942e-02  
 18.8 1.8090e+00  13 6.22758e-02  
 18.9 1.8224e+00  13 6.29603e-02  
 19.0 1.8359e+00  13 6.36475e-02  
 19.1 1.8495e+00  13 6.43378e-02  
 19.2 1.8632e+00  13 6.50309e-02  
 19.3 1.8770e+00  13 6.57271e-02  
 19.4 1.8910e+00  13 6.64263e-02  
 19.5 1.9050e+00  13 6.71287e-02  
 19.6 1.9191e+00  13 6.78344e-02  
 19.7 1.6836e+01  14 1.00000e+00  
 19.8 1.6913e+01  14 1.00000e+00  
 19.9 1.6990e+01  14 1.00000e+00  
 20.0 1.7067e+01  14 1.00000e+00  
 20.1 1.7143e+01  14 1.00000e+00  
 20.2 1.7220e+01  14 1.00000e+00  
 20.3 1.7296e+01  14 1.00000e+00  
 20.4 1.7373e+01  14 1.00000e+00  
 20.5 1.7449e+01  14 1.00000e+00  
 20.6 1.7525e+01  14 1.00000e+00  
 20.7 1.7601e+01  14 1.00000e+00  
 20.8 1.7676e+01  14 1.00000e+00  
 20.9 1.7752e+01  14 1.00000e+00  
 21.0 1.7827e+01  14 1.00000e+00  
 21.1 1.7903e+01  14 1.00000e+00  
 21.2 1.7978e+01  14 1.00000e+00  
 21.3 1.8053e+01  14 1.00000e+00  
 21.4 1.8128e+01  14 1.00000e+00  
 21.5 1.8203e+01  14 1.00000e+00  
 21.6 1.8278e+01  14 1.00000e+00  
 21.7 1.8353e+01  14 1.00000e+00  
 21.8 1.8427e+01  14 1.00000e+00  
 21.9 1.8501e+01  14 1.00000e+00  
 22.0 1.8576e+01  14 1.00000e+00  
 22.1 1.8650e+01  14 1.00000e+00  
 22.2 1.8724e+01  14 1.00000e+00  
 22.3 1.8798e+01  14 1.00000e+00  
 22.4 1.8871e+01  14 1.00000e+00  
 22.5 5.4959e+00  14 2.54692e-01  
 22.6 5.6097e+00  14 2.59941e-01  
 22.7 5.7250e+00  14 2.65233e-01  
 22.8 5.8419e+00  14 2.70568e-01  
 22.9 5.9603e+00  14 2.75946e-01  
 23.0 6.0802e+00  14 2.81366e-01  
 23.1 6.2016e+00  14 2.86829e-01  
 23.2 6.3246e+00  14 2.92334e-01  
 23.3 6.4491e+00  14 2.97880e-01  
 23.4 6.5752e+00  14 3.03469e-01  
 23.5 6.7028e+00  14 3.09099e-01  
 23.6 6.8319e+00  14 3.14769e-01  
 23.7 6.9626e+00  14 3.20482e-01  
 23.8 7.0949e+00  14 3.26234e-01  
 23.9 7.2287e+00  14 3.32028e-01  
 24.0 7.3641e+00  14 3.37862e-01  
 24.1 7.5010e+00  14 3.43736e-01  
 24.2 7.6395e+00  14 3.49651e-01  
 24.3 7.7795e+00  14 3.55605e-01  
 24.4 7.9211e+00  14 3.61599e-01  
 24.5 8.0643e+00  14 3.67633e-01  
 24.6 8.2091e+00  14 3.73707e-01  
 24.7 8.3554e+00  14 3.79820e-01  
 24.8 8.5034e+00  14 3.85972e-01  
 24.9 8.6529e+00  14 3.92163e-01  
 25.0 8.8039e+00  14 3.98394e-01  
 25.1 8.9566e+00  14 4.04663e-01  
 25.2 9.1109e+00  14 4.10970e-01  
 25.3 9.2667e+00  14 4.17317e-01  
 25.4 9.4242e+00  14 4.23701e-01  
 25.5 9.5832e+00  14 4.30124e-01  
 25.6 9.7438e+00  14 4.36585e-01  
 25.7 9.9061e+00  14 4.43085e-01  
 25.8 1.0070e+01  14 4.49622e-01  
 25.9 1.0235e+01  14 4.56197e-01  
 26.0 1.0402e+01  14 4.62810e-01  
 26.1 1.0571e+01  14 4.69460e-01  
 26.2 1.0741e+01  14 4.76148e-01  
 26.3 1.0913e+01  14 4.82874e-01  
 26.4 1.1087e+01  14 4.89636e-01  
 26.5 1.1262e+01  14 4.96437e-01  
 26.6 1.1439e+01  14 5.03274e-01  
 26.7 1.1617e+01  14 5.10148e-01  
 26.8 1.1797e+01  14 5.17060e-01  
 26.9 1.1979e+01  14 5.24008e-01  
 27.0 1.2162e+01  14 5.30994e-01  
 27.1 1.2347e+01  14 5.38016e-01  
 27.2 1.2533e+01  14 5.45075e-01  
 27.3 1.2721e+01  14 5.52171e-01  
 27.4 1.2911e+01  14 5.59303e-01  
 27.5 1.3103e+01  14 5.66472e-01  
 27.6 1.3296e+01  14 5.73677e-01  
 27.7 1.3489e+01  14 5.80930e-01  
 27.8 1.3686e+01  14 5.88209e-01  
 27.9 1.3884e+01  14 5.95523e-01  
 28.0 1.4083e+01  14 6.02874e-01  
 28.1 1.4284e+01  14 6.10260e-01  
 28.2 1.4487e+01  14 6.17683e-01  
 28.3 1.4692e+01  14 6.25142e-01  
 28.4 1.4898e+01  14 6.32638e-01  
 28.5 1.5106e+01  14 6.40169e-01  
 28.6 1.5316e+01  14 6.47736e-01  
 28.7 1.5527e+01  14 6.55339e-01  
 28.8 1.5740e+01  14 6.62978e-01  
 28.9 1.5954e+01  14 6.70653e-01  
 29.0 1.6170e+01  14 6.78364e-01  
 29.1 1.6388e+01  14 6.86111e-01  
 29.2 1.6608e+01  14 6.93894e-01  
 29.3 1.6829e+01  14 7.01712e-01  
 29.4 1.7052e+01  14 7.09566e-01  
 29.5 1.7276e+01  14 7.17456e-01  
 29.6 1.7503e+01  14 7.25382e-01  
 29.7 1.7730e+01  14 7.33343e-01  
 29.8 1.7960e+01  14 7.41340e-01  
 29.9 1.8191e+01  14 7.49373e-01  
 30.0 1.8424e+01  14 7.57441e-01  
 30.1 1.8659e+01  14 7.65545e-01  
 30.2 1.8895e+01  14 7.73684e-01  
 30.3 1.9133e+01  14 7.81859e-01  
 30.4 1.9373e+01  14 7.90070e-01  
 30.5 1.9614e+01  14 7.98316e-01  
 30.6 1.9857e+01  14 8.06598e-01  
 30.7 2.0102e+01  14 8.14916e-01  
 30.8 2.0348e+01  14 8.23269e-01  
 30.9 2.0596e+01  14 8.31657e-01  
 31.0 2.0846e+01  14 8.40081e-01  
 31.1 2.1097e+01  14 8.48541e-01  
 31.2 2.1351e+01  14 8.57036e-01  
 31.3 2.1605e+01  14 8.65567e-01  
 31.4 2.1862e+01  14 8.74134e-01  
 31.5 2.2120e+01  14 8.82736e-01  
 31.6 2.2380e+01  14 8.91373e-01  
 31.7 2.2642e+01  14 9.00046e-01  
 31.8 2.2905e+01  14 9.08755e-01  
 31.9 2.3170e+01  14 9.17499e-01  
 32.0 2.3437e+01  14 9.26279e-01  
 32.1 2.3705e+01  14 9.35095e-01  
 32.2 2.3975e+01  14 9.43946e-01  
 32.3 2.4247e+01  14 9.52833e-01  
 32.4 2.4520e+01  14 9.61755e-01  
 32.5 2.4796e+01  14 9.70713e-01  
 32.6 2.5072e+01  14 9.79707e-01  
 32.7 2.5351e+01  14 9.88736e-01  
 32.8 2.5631e+01  14 9.97801e-01  
 32.9 2.5742e+01  14 1.00000e+00  
 33.0 2.5798e+01  14 1.00000e+00  
 33.1 2.5853e+01  14 1.00000e+00  
 33.2 2.5908e+01  14 1.00000e+00  
 33.3 2.5964e+01  14 1.00000e+00  
 33.4 2.6018e+01  14 1.00000e+00  
 33.5 2.6073e+01  14 1.00000e+00  
 33.6 2.6128e+01  14 1.00000e+00  
 33.7 2.6182e+01  14 1.00000e+00  
 33.8 2.6236e+01  14 1.00000e+00  
 33.9 2.6286e+01  14 1.00000e+00  
 34.0 2.6340e+01  14 1.00000e+00  
 34.1 2.6393e+01  14 1.00000e+00  
 34.2 2.6446e+01  14 1.00000e+00  
 34.3 2.6499e+01  14 1.00000e+00  
 34.4 2.6417e+01  14 1.00000e+00  
 34.5 2.6470e+01  14 1.00000e+00  
 34.6 2.6523e+01  14 1.00000e+00  
 34.7 2.6575e+01  14 1.00000e+00  
 34.8 2.6480e+01  14 1.00000e+00  
 34.9 2.6532e+01  14 1.00000e+00  
 35.0 2.6584e+01  14 1.00000e+00  
 35.1 2.6636e+01  14 1.00000e+00  
 35.2 2.6539e+01  14 1.00000e+00  
 35.3 2.6591e+01  14 1.00000e+00  
 35.4 2.6642e+01  14 1.00000e+00  
 35.5 2.6694e+01  14 1.00000e+00  
 35.6 2.6745e+01  14 1.00000e+00  
 35.7 2.5254e+01  14 1.00000e+00  
 35.8 2.4094e+01  14 1.00000e+00  
 35.9 2.1734e+01  14 1.00000e+00  
 36.0 2.0588e+01  14 1.00000e+00  
 36.1 1.8242e+01  14 1.00000e+00  
 36.2 1.7109e+01  14 1.00000e+00  
 36.3 1.4787e+01  14 1.00000e+00  
 36.4 1.3675e+01  14 1.00000e+00  
 36.5 1.2961e+01  14 1.00000e+00  
 36.6 1.2449e+01  14 9.60895e-01  
 36.7 1.2434e+01  14 9.60141e-01  
 36.8 1.2634e+01  14 9.70432e-01  
 36.9 1.2622e+01  14 9.69799e-01  
 37.0 1.2477e+01  14 9.62358e-01  
 37.1 1.2457e+01  14 9.61291e-01  
 37.2 1.2633e+01  14 9.70360e-01  
 37.3 1.2572e+01  14 9.67258e-01  
 37.4 1.2534e+01  14 9.65266e-01  
 37.5 1.2444e+01  14 9.60646e-01  
 37.6 1.2579e+01  14 9.67592e-01  
 37.7 1.2539e+01  14 9.65524e-01  
 37.8 1.2474e+01  14 9.62209e-01  
 37.9 1.2573e+01  14 9.67300e-01  
 38.0 1.2521e+01  14 9.64642e-01  
 38.1 1.2701e+01  14 9.73873e-01  
 38.2 1.2546e+01  14 9.65882e-01  
 38.3 1.2503e+01  14 9.63711e-01  
 38.4 1.2660e+01  14 9.71745e-01  
 38.5 1.2578e+01  14 9.67555e-01  
 38.6 1.2760e+01  14 9.76892e-01  
 38.7 1.2598e+01  14 9.68566e-01  
 38.8 1.2770e+01  14 9.77391e-01  
 38.9 1.2654e+01  14 9.71477e-01  
 39.0 1.2712e+01  14 9.74446e-01  
 39.1 1.2803e+01  14 9.79116e-01  
 39.2 1.2895e+01  14 9.83816e-01  
 39.3 1.2988e+01  14 9.88520e-01  
 39.4 1.3101e+01  14 9.94314e-01  
 39.5 1.3215e+01  14 1.00000e+00  
 39.6 1.3346e+01  14 1.00000e+00  
 39.7 1.3382e+01  14 1.00000e+00  
 39.8 1.3419e+01  14 1.00000e+00  
 39.9 1.3455e+01  14 1.00000e+00  
 40.0 1.3490e+01  14 1.00000e+00  
 40.1 1.3526e+01  14 1.00000e+00  
 40.2 1.3562e+01  14 1.00000e+00  
 40.3 1.3598e+01  14 1.00000e+00  
 40.4 1.3633e+01  14 1.00000e+00  
 40.5 1.3669e+01  14 1.00000e+00  
 40.6 1.3704e+01  14 1.00000e+00  
 40.7 1.3743e+01  14 1.00000e+00  
 40.8 1.3788e+01  14 1.00000e+00  
 40.9 1.3832e+01  14 1.00000e+00  
 41.0 1.3877e+01  14 1.00000e+00  
 41.1 1.3921e+01  14 1.00000e+00  
 41.2 1.4038e+01  14 1.00000e+00  
 41.3 1.4073e+01  14 1.00000e+00  
 41.4 1.4109e+01  14 1.00000e+00  
 41.5 1.4145e+01  14 1.00000e+00  
 41.6 1.4181e+01  14 1.00000e+00  
 41.7 1.4217e+01  14 1.00000e+00  
 41.8 1.4253e+01  14 1.00000e+00  
 41.9 1.4288e+01  14 1.00000e+00  
 42.0 1.4324e+01  14 1.00000e+00  
 42.1 1.4363e+01  14 1.00000e+00  
 42.2 1.4408e+01  14 1.00000e+00  
 42.3 1.4453e+01  14 1.00000e+00  
 42.4 1.4498e+01  14 1.00000e+00  
 42.5 1.4542e+01  14 1.00000e+00  
 42.6 1.4593e+01  14 1.00000e+00  
 42.7 1.4722e+01  14 1.00000e+00  
 42.8 1.4759e+01  14 1.00000e+00  
 42.9 1.4795e+01  14 1.00000e+00  
 43.0 1.4831e+01  14 1.00000e+00  
 43.1 1.4868e+01  14 1.00000e+00  
 43.2 1.4904e+01  14 1.00000e+00  
 43.3 1.4940e+01  14 1.00000e+00  
 43.4 1.4976e+01  14 1.00000e+00  
 43.5 1.5012e+01  14 1.00000e+00  
 43.6 1.5032e+01  14 1.00000e+00  
 43.7 1.5077e+01  14 1.00000e+00  
 43.8 1.5123e+01  14 1.00000e+00  
 43.9 1.5168e+01  14 1.00000e+00  
 44.0 1.5213e+01  14 1.00000e+00  
 44.1 1.5262e+01  14 1.00000e+00  
 44.2 1.5399e+01  14 1.00000e+00  
 44.3 1.5436e+01  14 1.00000e+00  
 44.4 1.5473e+01  14 1.00000e+00  
 44.5 1.5509e+01  14 1.00000e+00  
 44.6 1.5546e+01  14 1.00000e+00  
 44.7 1.5582e+01  14 1.00000e+00  
 44.8 1.5619e+01  14 1.00000e+00  
 44.9 1.5655e+01  14 1.00000e+00  
 45.0 1.5692e+01  14 1.00000e+00  
 45.1 1.5728e+01  14 1.00000e+00  
 45.2 1.5764e+01  14 1.00000e+00  
 45.3 1.5800e+01  14 1.00000e+00  
 45.4 1.5843e+01  14 1.00000e+00  
 45.5 1.5888e+01  14 1.00000e+00  
 45.6 1.5933e+01  14 1.00000e+00  
 45.7 1.5979e+01  14 1.00000e+00  
 45.8 1.6024e+01  14 1.00000e+00  
 45.9 1.6071e+01  14 1.00000e+00  
 46.0 1.6199e+01  14 1.00000e+00  
 46.1 1.6236e+01  14 1.00000e+00  
 46.2 1.6273e+01  14 1.00000e+00  
 46.3 1.6310e+01  14 1.00000e+00  
 46.4 1.6346e+01  14 1.00000e+00  
 46.5 1.6383e+01  14 1.00000e+00  
 46.6 1.6420e+01  14 1.00000e+00  
 46.7 1.6456e+01  14 1.00000e+00  
 46.8 1.6493e+01  14 1.00000e+00  
 46.9 1.6530e+01  14 1.00000e+00  
 47.0 1.6566e+01  14 1.00000e+00  
 47.1 1.6612e+01  14 1.00000e+00  
 47.2 1.6657e+01  14 1.00000e+00  
 47.3 1.6703e+01  14 1.00000e+00  
 47.4 1.6749e+01  14 1.00000e+00  
 47.5 1.6794e+01  14 1.00000e+00  
 47.6 1.6840e+01  14 1.00000e+00  
 47.7 1.6893e+01  14 1.00000e+00  
 47.8 1.7032e+01  14 1.00000e+00  
 47.9 1.7070e+01  14 1.00000e+00  
 48.0 1.7106e+01  14 1.00000e+00  
 48.1 1.7144e+01  14 1.00000e+00  
 48.2 1.7181e+01  14 1.00000e+00  
 48.3 1.7218e+01  14 1.00000e+00  
 48.4 1.7235e+01  14 1.00000e+00  
 48.5 1.7272e+01  14 1.00000e+00  
 48.6 1.7309e+01  14 1.00000e+00  
 48.7 1.7346e+01  14 1.00000e+00  
 48.8 1.7384e+01  14 1.00000e+00  
 48.9 1.7430e+01  14 1.00000e+00  
 49.0 1.7476e+01  14 1.00000e+00  
 49.1 1.7522e+01  14 1.00000e+00  
 49.2 1.7568e+01  14 1.00000e+00  
 49.3 1.7614e+01  14 1.00000e+00  
 49.4 1.7660e+01  14 1.00000e+00  
 49.5 1.7707e+01  14 1.00000e+00  
 49.6 1.7859e+01  14 1.00000e+00  
 49.7 1.7898e+01  14 1.00000e+00  
 49.8 1.7935e+01  14 1.00000e+00  
 49.9 1.7973e+01  14 1.00000e+00  
 50.0 1.8010e+01  14 1.00000e+00  
 50.1 1.8047e+01  14 1.00000e+00  
 50.2 1.8085e+01  14 1.00000e+00  
 50.3 1.8122e+01  14 1.00000e+00  
 50.4 1.8159e+01  14 1.00000e+00  
 50.5 1.8197e+01  14 1.00000e+00  
 50.6 1.8234e+01  14 1.00000e+00  
 50.7 1.8271e+01  14 1.00000e+00  
 50.8 1.8308e+01  14 1.00000e+00  
 50.9 1.8345e+01  14 1.00000e+00  
 51.0 1.8391e+01  14 1.00000e+00  
 51.1 1.8437e+01  14 1.00000e+00  
 51.2 1.8483e+01  14 1.00000e+00  
 51.3 1.8529e+01  14 1.00000e+00  
 51.4 1.8575e+01  14 1.00000e+00  
 51.5 1.8621e+01  14 1.00000e+00  
 51.6 1.8778e+01  14 1.00000e+00  
 51.7 1.8817e+01  14 1.00000e+00  
 51.8 1.8855e+01  14 1.00000e+00  
 51.9 1.8892e+01  14 1.00000e+00  
 52.0 1.8930e+01  14 1.00000e+00  
 52.1 1.8968e+01  14 1.00000e+00  
 52.2 1.9006e+01  14 1.00000e+00  
 52.3 1.9043e+01  14 1.00000e+00  
 52.4 1.9081e+01  14 1.00000e+00  
 52.5 1.9118e+01  14 1.00000e+00  
 52.6 1.9156e+01  14 1.00000e+00  
 52.7 1.9193e+01  14 1.00000e+00  
 52.8 1.9230e+01  14 1.00000e+00  
 52.9 1.9268e+01  14 1.00000e+00  
 53.0 1.9310e+01  14 1.00000e+00  
 53.1 1.9356e+01  14 1.00000e+00  
 53.2 1.9402e+01  14 1.00000e+00  
 53.3 1.9449e+01  14 1.00000e+00  
 53.4 1.9494e+01  14 1.00000e+00  
 53.5 1.9540e+01  14 1.00000e+00  
 53.6 1.9587e+01  14 1.00000e+00  
 53.7 1.9751e+01  14 1.00000e+00  
 53.8 1.9790e+01  14 1.00000e+00  
 53.9 1.9829e+01  14 1.00000e+00  
 54.0 1.9867e+01  14 1.00000e+00  
 54.1 1.9905e+01  14 1.00000e+00  
 54.2 1.9943e+01  14 1.00000e+00  
 54.3 1.9981e+01  14 1.00000e+00  
 54.4 2.0019e+01  14 1.00000e+00  
 54.5 2.0057e+01  14 1.00000e+00  
 54.6 2.0096e+01  14 1.00000e+00  
 54.7 2.0134e+01  14 1.00000e+00  
 54.8 2.0172e+01  14 1.00000e+00  
 54.9 2.0210e+01  14 1.00000e+00  
 55.0 2.0248e+01  14 1.00000e+00  
 55.1 2.0286e+01  14 1.00000e+00  
 55.2 2.0324e+01  14 1.00000e+00  
 55.3 2.0362e+01  14 1.00000e+00  
 55.4 2.0400e+01  14 1.00000e+00  
 55.5 2.0437e+01  14 1.00000e+00  
 55.6 2.0475e+01  14 1.00000e+00  
 55.7 2.0513e+01  14 1.00000e+00  
 55.8 2.0551e+01  14 1.00000e+00  
 55.9 2.0588e+01  14 1.00000e+00  
 56.0 2.0627e+01  14 1.00000e+00  
 56.1 2.0671e+01  14 1.00000e+00  
 56.2 2.0715e+01  14 1.00000e+00  
 56.3 2.0758e+01  14 1.00000e+00  
 56.4 2.0802e+01  14 1.00000e+00  
 56.5 2.0846e+01  14 1.00000e+00  
 56.6 2.0890e+01  14 1.00000e+00  
 56.7 2.0934e+01  14 1.00000e+00  
 56.8 2.0978e+01  14 1.00000e+00  
 56.9 2.1021e+01  14 1.00000e+00  
 57.0 2.1065e+01  14 1.00000e+00  
 57.1 2.1114e+01  14 1.00000e+00  
 57.2 2.1162e+01  14 1.00000e+00  
 57.3 2.1321e+01  14 1.00000e+00  
 57.4 2.1361e+01  14 1.00000e+00  
 57.5 2.1399e+01  14 1.00000e+00  
 57.6 2.1437e+01  14 1.00000e+00  
 57.7 2.1475e+01  14 1.00000e+00  
 57.8 2.1514e+01  14 1.00000e+00  
 57.9 2.1552e+01  14 1.00000e+00  
 58.0 2.1591e+01  14 1.00000e+00  
 58.1 2.1629e+01  14 1.00000e+00  
 58.2 2.1667e+01  14 1.00000e+00  
 58.3 2.1706e+01  14 1.00000e+00  
 58.4 2.1744e+01  14 1.00000e+00  
 58.5 2.1783e+01  14 1.00000e+00  
 58.6 2.1821e+01  14 1.00000e+00  
 58.7 2.1839e+01  14 1.00000e+00  
 58.8 2.1878e+01  14 1.00000e+00  
 58.9 2.1916e+01  14 1.00000e+00  
 59.0 2.1954e+01  14 1.00000e+00  
 59.1 2.1992e+01  14 1.00000e+00  
 59.2 2.2030e+01  14 1.00000e+00  
 59.3 2.2074e+01  14 1.00000e+00  
 59.4 2.2118e+01  14 1.00000e+00  
 59.5 2.2163e+01  14 1.00000e+00  
 59.6 2.2207e+01  14 1.00000e+00  
 59.7 2.2251e+01  14 1.00000e+00  
 59.8 2.2296e+01  14 1.00000e+00  
 59.9 2.2340e+01  14 1.00000e+00  
 60.0 2.2385e+01  14 1.00000e+00  
 60.1 2.2429e+01  14 1.00000e+00  
 60.2 2.2474e+01  14 1.00000e+00  
 60.3 2.2518e+01  14 1.00000e+00  
 60.4 2.2565e+01  14 1.00000e+00  
 60.5 2.2617e+01  14 1.00000e+00  
 60.6 2.2667e+01  14 1.00000e+00  
 60.7 2.2716e+01  14 1.00000e+00  
 60.8 2.2764e+01  14 1.00000e+00  
 60.9 2.2919e+01  14 1.00000e+00  
 61.0 2.2959e+01  14 1.00000e+00  
 61.1 2.2997e+01  14 1.00000e+00  
 61.2 2.3036e+01  14 1.00000e+00  
 61.3 2.3074e+01  14 1.00000e+00  
 61.4 2.3094e+01  14 1.00000e+00  
 61.5 2.3132e+01  14 1.00000e+00  
 61.6 2.3171e+01  14 1.00000e+00  
 61.7 2.3210e+01  14 1.00000e+00  
 61.8 2.3249e+01  14 1.00000e+00  
 61.9 2.3287e+01  14 1.00000e+00  
 62.0 2.3326e+01  14 1.00000e+00  
 62.1 2.3365e+01  14 1.00000e+00  
 62.2 2.3403e+01  14 1.00000e+00  
 62.3 2.3441e+01  14 1.00000e+00  
 62.4 2.3480e+01  14 1.00000e+00  
 62.5 2.3519e+01  14 1.00000e+00  
 62.6 2.3557e+01  14 1.00000e+00  
 62.7 2.3595e+01  14 1.00000e+00  
 62.8 2.3634e+01  14 1.00000e+00  
 62.9 2.3674e+01  14 1.00000e+00  
 63.0 2.3719e+01  14 1.00000e+00  
 63.1 2.3764e+01  14 1.00000e+00  
 63.2 2.3809e+01  14 1.00000e+00  
 63.3 2.3854e+01  14 1.00000e+00  
 63.4 2.3899e+01  14 1.00000e+00  
 63.5 2.3944e+01  14 1.00000e+00  
 63.6 2.3989e+01  14 1.00000e+00  
 63.7 2.4034e+01  14 1.00000e+00  
 63.8 2.4079e+01  14 1.00000e+00  
 63.9 2.4124e+01  14 1.00000e+00  
 64.0 2.4182e+01  14 1.00000e+00  
 64.1 2.4235e+01  14 1.00000e+00  
 64.2 2.4286e+01  14 1.00000e+00  
 64.3 2.4342e+01  14 1.00000e+00  
 64.4 2.4488e+01  14 1.00000e+00  
 64.5 2.4527e+01  14 1.00000e+00  
 64.6 2.4565e+01  14 1.00000e+00  
 64.7 2.4605e+01  14 1.00000e+00  
 64.8 2.4644e+01  14 1.00000e+00  
 64.9 2.4683e+01  14 1.00000e+00  
 65.0 2.4722e+01  14 1.00000e+00  
 65.1 2.4761e+01  14 1.00000e+00  
 65.2 2.4801e+01  14 1.00000e+00  
 65.3 2.4840e+01  14 1.00000e+00  
 65.4 2.4879e+01  14 1.00000e+00  
 65.5 2.4918e+01  14 1.00000e+00  
 65.6 2.4956e+01  14 1.00000e+00  
 65.7 2.4994e+01  14 1.00000e+00  
 65.8 2.5032e+01  14 1.00000e+00  
 65.9 2.5071e+01  14 1.00000e+00  
 66.0 2.5108e+01  14 1.00000e+00  
 66.1 2.5146e+01  14 1.00000e+00  
 66.2 2.5184e+01  14 1.00000e+00  
 66.3 2.5224e+01  14 1.00000e+00  
 66.4 2.5262e+01  14 1.00000e+00  
 66.5 2.5300e+01  14 1.00000e+00  
 66.6 2.5342e+01  14 1.00000e+00  
 66.7 2.5387e+01  14 1.00000e+00  
 66.8 2.5433e+01  14 1.00000e+00  
 66.9 2.5478e+01  14 1.00000e+00  
 67.0 2.5524e+01  14 1.00000e+00  
 67.1 2.5570e+01  14 1.00000e+00  
 67.2 2.5617e+01  14 1.00000e+00  
 67.3 2.5669e+01  14 1.00000e+00  
 67.4 2.5742e+01  14 1.00000e+00  
 67.5 2.5794e+01  14 1.00000e+00  
 67.6 2.5844e+01  14 1.00000e+00  
 67.7 2.5893e+01  14 1.00000e+00  
 67.8 2.5940e+01  14 1.00000e+00  
 67.9 2.6080e+01  14 1.00000e+00  
 68.0 2.6117e+01  14 1.00000e+00  
 68.1 2.6153e+01  14 1.00000e+00  
 68.2 2.6191e+01  14 1.00000e+00  
 68.3 2.6227e+01  14 1.00000e+00  
 68.4 2.6264e+01  14 1.00000e+00  
 68.5 2.6300e+01  14 1.00000e+00  
 68.6 2.6335e+01  14 1.00000e+00  
 68.7 2.6371e+01  14 1.00000e+00  
 68.8 2.6406e+01  14 1.00000e+00  
 68.9 2.6440e+01  14 1.00000e+00  
 69.0 2.6473e+01  14 1.00000e+00  
 69.1 2.6507e+01  14 1.00000e+00  
 69.2 2.6539e+01  14 1.00000e+00  
 69.3 2.6572e+01  14 1.00000e+00  
 69.4 2.6618e+01  14 1.00000e+00  
 69.5 2.6665e+01  14 1.00000e+00  
 69.6 2.6711e+01  14 1.00000e+00  
 69.7 2.6763e+01  14 1.00000e+00  
 69.8 2.6824e+01  14 1.00000e+00  
 69.9 2.6903e+01  14 1.00000e+00  
 70.0 2.6955e+01  14 1.00000e+00  
 70.1 2.7093e+01  14 1.00000e+00  
 70.2 2.7102e+01  14 1.00000e+00  
 70.3 2.7129e+01  14 1.00000e+00  
 70.4 2.7152e+01  14 1.00000e+00  
 70.5 2.7173e+01  14 1.00000e+00  
 70.6 2.7192e+01  14 1.00000e+00  
 70.7 2.7214e+01  14 1.00000e+00  
 70.8 2.7261e+01  14 1.00000e+00  
 70.9 2.7307e+01  14 1.00000e+00  
 71.0 2.7354e+01  14 1.00000e+00  
 71.1 2.7400e+01  14 1.00000e+00  
 71.2 2.7453e+01  14 1.00000e+00  
 71.3 2.7507e+01  14 1.00000e+00  
 71.4 2.7560e+01  14 1.00000e+00  
 71.5 2.7612e+01  14 1.00000e+00  
 71.6 2.7682e+01  14 1.00000e+00  
 71.7 2.7734e+01  14 1.00000e+00  
 71.8 2.7785e+01  14 1.00000e+00  
 71.9 2.7834e+01  14 1.00000e+00  
 72.0 2.7883e+01  14 1.00000e+00  
 72.1 2.7930e+01  14 1.00000e+00  
 72.2 2.7977e+01  14 1.00000e+00  
 72.3 2.8023e+01  14 1.00000e+00  
 72.4 2.8159e+01  14 1.00000e+00  
 72.5 2.8198e+01  14 1.00000e+00  
 72.6 2.8238e+01  14 1.00000e+00  
 72.7 2.8278e+01  14 1.00000e+00  
 72.8 2.8318e+01  14 1.00000e+00  
 72.9 2.8358e+01  14 1.00000e+00  
 73.0 2.8398e+01  14 1.00000e+00  
 73.1 2.8438e+01  14 1.00000e+00  
 73.2 2.8478e+01  14 1.00000e+00  
 73.3 2.8518e+01  14 1.00000e+00  
 73.4 2.8535e+01  14 1.00000e+00  
 73.5 2.8575e+01  14 1.00000e+00  
 73.6 2.8615e+01  14 1.00000e+00  
 73.7 2.8655e+01  14 1.00000e+00  
 73.8 2.8694e+01  14 1.00000e+00  
 73.9 2.8734e+01  14 1.00000e+00  
 74.0 2.8773e+01  14 1.00000e+00  
 74.1 2.8812e+01  14 1.00000e+00  
 74.2 2.8852e+01  14 1.00000e+00  
 74.3 2.8891e+01  14 1.00000e+00  
 74.4 2.8931e+01  14 1.00000e+00  
 74.5 2.8976e+01  14 1.00000e+00  
 74.6 2.9023e+01  14 1.00000e+00  
 74.7 2.9070e+01  14 1.00000e+00  
 74.8 2.9117e+01  14 1.00000e+00  
 74.9 2.9164e+01  14 1.00000e+00  
 75.0 2.9214e+01  14 1.00000e+00  
 75.1 2.9272e+01  14 1.00000e+00  
 75.2 2.9328e+01  14 1.00000e+00  
 75.3 2.9383e+01  14 1.00000e+00  
 75.4 2.9437e+01  14 1.00000e+00  
 75.5 2.9489e+01  14 1.00000e+00  
 75.6 2.9540e+01  14 1.00000e+00  
 75.7 2.9610e+01  14 1.00000e+00  
 75.8 2.9661e+01  14 1.00000e+00  
 75.9 2.9711e+01  14 1.00000e+00  
 76.0 2.9761e+01  14 1.00000e+00  
 76.1 2.9809e+01  14 1.00000e+00  
 76.2 2.9857e+01  14 1.00000e+00  
 76.3 2.9903e+01  14 1.00000e+00  
 76.4 2.9949e+01  14 1.00000e+00  
 76.5 3.0058e+01  14 1.00000e+00  
 76.6 3.0099e+01  14 1.00000e+00  
 76.7 3.0139e+01  14 1.00000e+00  
 76.8 3.0180e+01  14 1.00000e+00  
 76.9 3.0220e+01  14 1.00000e+00  
 77.0 3.0261e+01  14 1.00000e+00  
 77.1 3.0301e+01  14 1.00000e+00  
 77.2 3.0342e+01  14 1.00000e+00  
 77.3 3.0382e+01  14 1.00000e+00  
 77.4 3.0422e+01  14 1.00000e+00  
 77.5 3.0462e+01  14 1.00000e+00  
 77.6 3.0503e+01  14 1.00000e+00  
 77.7 3.0543e+01  14 1.00000e+00  
 77.8 3.0583e+01  14 1.00000e+00  
 77.9 3.0623e+01  14 1.00000e+00  
 78.0 3.0663e+01  14 1.00000e+00  
 78.1 3.0703e+01  14 1.00000e+00  
 78.2 3.0743e+01  14 1.00000e+00  
 78.3 3.0782e+01  14 1.00000e+00  
 78.4 3.0822e+01  14 1.00000e+00  
 78.5 3.0862e+01  14 1.00000e+00  
 78.6 3.0903e+01  14 1.00000e+00  
 78.7 3.0949e+01  14 1.00000e+00  
 78.8 3.0997e+01  14 1.00000e+00  
 78.9 3.1045e+01  14 1.00000e+00  
 79.0 3.1098e+01  14 1.00000e+00  
 79.1 3.1158e+01  14 1.00000e+00  
 79.2 3.1217e+01  14 1.00000e+00  
 79.3 3.1274e+01  14 1.00000e+00  
 79.4 3.1330e+01  14 1.00000e+00  
 79.5 3.1385e+01  14 1.00000e+00  
 79.6 3.1438e+01  14 1.00000e+00  
 79.7 3.1490e+01  14 1.00000e+00  
 79.8 3.1563e+01  14 1.00000e+00  
 79.9 3.1612e+01  14 1.00000e+00  
 80.0 3.1660e+01  14 1.00000e+00  
 80.1 3.1707e+01  14 1.00000e+00  
 80.2 3.1754e+01  14 1.00000e+00  
 80.3 3.1800e+01  14 1.00000e+00  
 80.4 3.1845e+01  14 1.00000e+00  
 80.5 3.1965e+01  14 1.00000e+00  
 80.6 3.2006e+01  14 1.00000e+00  
 80.7 3.2047e+01  14 1.00000e+00  
 80.8 3.2088e+01  14 1.00000e+00  
 80.9 3.2130e+01  14 1.00000e+00  
 81.0 3.2171e+01  14 1.00000e+00  
 81.1 3.2212e+01  14 1.00000e+00  
 81.2 3.2253e+01  14 1.00000e+00  
 81.3 3.2295e+01  14 1.00000e+00  
 81.4 3.2336e+01  14 1.00000e+00  
 81.5 3.2378e+01  14 1.00000e+00  
 81.6 3.2419e+01  14 1.00000e+00  
 81.7 3.2460e+01  14 1.00000e+00  
 81.8 3.2501e+01  14 1.00000e+00  
 81.9 3.2543e+01  14 1.00000e+00  
 82.0 3.2584e+01  14 1.00000e+00  
 82.1 3.2625e+01  14 1.00000e+00  
 82.2 3.2666e+01  14 1.00000e+00  
 82.3 3.2707e+01  14 1.00000e+00  
 82.4 3.2747e+01  14 1.00000e+00  
 82.5 3.2788e+01  14 1.00000e+00  
 82.6 3.2829e+01  14 1.00000e+00  
 82.7 3.2871e+01  14 1.00000e+00  
 82.8 3.2912e+01  14 1.00000e+00  
 82.9 3.2983e+01  14 1.00000e+00  
 83.0 3.3088e+01  14 1.00000e+00  
 83.1 3.3193e+01  14 1.00000e+00  
 83.2 3.3234e+01  14 1.00000e+00  
 83.3 3.3258e+01  14 1.00000e+00  
 83.4 3.3284e+01  14 1.00000e+00  
 83.5 3.3391e+01  14 1.00000e+00  
 83.6 3.3417e+01  14 1.00000e+00  
 83.7 3.3453e+01  14 1.00000e+00  
 83.8 3.3559e+01  14 1.00000e+00  
 83.9 3.3665e+01  14 1.00000e+00  
 84.0 3.3771e+01  14 1.00000e+00  
 84.1 3.3877e+01  14 1.00000e+00  
 84.2 3.3983e+01  14 1.00000e+00  
 84.3 3.4089e+01  14 1.00000e+00  
 84.4 3.4195e+01  14 1.00000e+00  
 84.5 3.4301e+01  14 1.00000e+00  
 84.6 3.4407e+01  14 1.00000e+00  
 84.7 3.4513e+01  14 1.00000e+00  
 84.8 3.4619e+01  14 1.00000e+00  
 84.9 3.4725e+01  14 1.00000e+00  
 85.0 3.4830e+01  14 1.00000e+00  
 85.1 3.4936e+01  14 1.00000e+00  
 85.2 3.5042e+01  14 1.00000e+00  
 85.3 3.5147e+01  14 1.00000e+00  
 85.4 3.5253e+01  14 1.00000e+00  
 85.5 3.5358e+01  14 1.00000e+00  
 85.6 3.5463e+01  14 1.00000e+00  
 85.7 3.5569e+01  14 1.00000e+00  
 85.8 3.5674e+01  14 1.00000e+00  
 85.9 3.5779e+01  14 1.00000e+00  
 86.0 3.5885e+01  14 1.00000e+00  
 86.1 3.5990e+01  14 1.00000e+00  
 86.2 3.6095e+01  14 1.00000e+00  
 86.3 3.6200e+01  14 1.00000e+00  
 86.4 3.6305e+01  14 1.00000e+00  
 86.5 3.6410e+01  14 1.00000e+00  
 86.6 3.6436e+01  14 1.00000e+00  
 86.7 3.6541e+01  14 1.00000e+00  
 86.8 3.6646e+01  14 1.00000e+00  
 86.9 3.6751e+01  14 1.00000e+00  
 87.0 3.6856e+01  14 1.00000e+00  
 87.1 3.6961e+01  14 1.00000e+00  
 87.2 3.7065e+01  14 1.00000e+00  
 87.3 3.7170e+01  14 1.00000e+00  
 87.4 3.7275e+01  14 1.00000e+00  
 87.5 3.7379e+01  14 1.00000e+00  
 87.6 3.7484e+01  14 1.00000e+00  
 87.7 3.7588e+01  14 1.00000e+00  
 87.8 3.7693e+01  14 1.00000e+00  
 87.9 3.7797e+01  14 1.00000e+00  
 88.0 3.7901e+01  14 1.00000e+00  
 88.1 3.8006e+01  14 1.00000e+00  
 88.2 3.8110e+01  14 1.00000e+00  
 88.3 3.8214e+01  14 1.00000e+00  
 88.4 3.8319e+01  14 1.00000e+00  
 88.5 3.8423e+01  14 1.00000e+00  
 88.6 3.8527e+01  14 1.00000e+00  
 88.7 3.8631e+01  14 1.00000e+00  
 88.8 3.8735e+01  14 1.00000e+00  
 88.9 3.8839e+01  14 1.00000e+00  
 89.0 3.8943e+01  14 1.00000e+00  
 89.1 3.9047e+01  14 1.00000e+00  
 89.2 3.9151e+01  14 1.00000e+00  
 89.3 3.9175e+01  14 1.00000e+00  
 89.4 3.9279e+01  14 1.00000e+00  
 89.5 3.9383e+01  14 1.00000e+00  
 89.6 3.9486e+01  14 1.00000e+00  
 89.7 3.9590e+01  14 1.00000e+00  
 89.8 3.9694e+01  14 1.00000e+00  
 89.9 3.9797e+01  14 1.00000e+00  
 90.0 3.9901e+01  14 1.00000e+00  
 90.1 4.0005e+01  14 1.00000e+00  
 90.2 4.0108e+01  14 1.00000e+00  
 90.3 4.0212e+01  14 1.00000e+00  
 90.4 4.0315e+01  14 1.00000e+00  
 90.5 4.0419e+01  14 1.00000e+00  
 90.6 4.0522e+01  14 1.00000e+00  
 90.7 4.0625e+01  14 1.00000e+00  
 90.8 4.0728e+01  14 1.00000e+00  
 90.9 4.0832e+01  14 1.00000e+00  
 91.0 4.0935e+01  14 1.00000e+00  
 91.1 4.1038e+01  14 1.00000e+00  
 91.2 4.1141e+01  14 1.00000e+00  
 91.3 4.1162e+01  14 1.00000e+00  
 91.4 4.1266e+01  14 1.00000e+00  
 91.5 4.1369e+01  14 1.00000e+00  
 91.6 4.1472e+01  14 1.00000e+00  
 91.7 4.1575e+01  14 1.00000e+00  
 91.8 4.1678e+01  14 1.00000e+00  
 91.9 4.1781e+01  14 1.00000e+00  
 92.0 4.1884e+01  14 1.00000e+00  
 92.1 4.1987e+01  14 1.00000e+00  
 92.2 4.2089e+01  14 1.00000e+00  
 92.3 4.2192e+01  14 1.00000e+00  
 92.4 4.2295e+01  14 1.00000e+00  
 92.5 4.2398e+01  14 1.00000e+00  
 92.6 4.2413e+01  14 1.00000e+00  
 92.7 4.2516e+01  14 1.00000e+00  
 92.8 4.2619e+01  14 1.00000e+00  
 92.9 4.2722e+01  14 1.00000e+00  
 93.0 4.2824e+01  14 1.00000e+00  
 93.1 4.2927e+01  14 1.00000e+00  
 93.2 4.2932e+01  14 1.00000e+00  
 93.3 4.2914e+01  14 1.00000e+00  
 93.4 4.3017e+01  14 1.00000e+00  
 93.5 4.3120e+01  14 1.00000e+00  
 93.6 4.3223e+01  14 1.00000e+00  
 93.7 4.3325e+01  14 1.00000e+00  
 93.8 4.3428e+01  14 1.00000e+00  
 93.9 4.3531e+01  14 1.00000e+00  
 94.0 4.3633e+01  14 1.00000e+00  
 94.1 4.3736e+01  14 1.00000e+00  
 94.2 4.3839e+01  14 1.00000e+00  
 94.3 4.3941e+01  14 1.00000e+00  
 94.4 4.4044e+01  14 1.00000e+00  
 94.5 4.4146e+01  14 1.00000e+00  
 94.6 4.4249e+01  14 1.00000e+00  
 94.7 4.4350e+01  14 1.00000e+00  
 94.8 4.4452e+01  14 1.00000e+00  
 94.9 4.4553e+01  14 1.00000e+00  
 95.0 4.4655e+01  14 1.00000e+00  
 95.1 4.4756e+01  14 1.00000e+00  
 95.2 4.4862e+01  14 1.00000e+00  
 95.3 4.4965e+01  14 1.00000e+00  
 95.4 4.5067e+01  14 1.00000e+00  
 95.5 4.5169e+01  14 1.00000e+00  
 95.6 4.5271e+01  14 1.00000e+00  
 95.7 4.5373e+01  14 1.00000e+00  
 95.8 4.5475e+01  14 1.00000e+00  
 95.9 4.5576e+01  14 1.00000e+00  
 96.0 4.5677e+01  14 1.00000e+00  
 96.1 4.5779e+01  14 1.00000e+00  
 96.2 4.5880e+01  14 1.00000e+00  
 96.3 4.5981e+01  14 1.00000e+00  
 96.4 4.6082e+01  14 1.00000e+00  
 96.5 4.6183e+01  14 1.00000e+00  
 96.6 4.6284e+01  14 1.00000e+00  
 96.7 4.6385e+01  14 1.00000e+00  
 96.8 4.6486e+01  14 1.00000e+00  
 96.9 4.6595e+01  14 1.00000e+00  
 97.0 4.6697e+01  14 1.00000e+00  
 97.1 4.6797e+01  14 1.00000e+00  
 97.2 4.6898e+01  14 1.00000e+00  
 97.3 4.6998e+01  14 1.00000e+00  
 97.4 4.7099e+01  14 1.00000e+00  
 97.5 4.7200e+01  14 1.00000e+00  
 97.6 4.7301e+01  14 1.00000e+00  
 97.7 4.7401e+01  14 1.00000e+00  
 97.8 4.7502e+01  14 1.00000e+00  
 97.9 4.7602e+01  14 1.00000e+00  
 98.0 4.7703e+01  14 1.00000e+00  
 98.1 4.7803e+01  14 1.00000e+00  
 98.2 4.7904e+01  14 1.00000e+00  
 98.3 4.8012e+01  14 1.00000e+00  
 98.4 4.8113e+01  14 1.00000e+00  
 98.5 4.8213e+01  14 1.00000e+00  
 98.6 4.8313e+01  14 1.00000e+00  
 98.7 4.8414e+01  14 1.00000e+00  
 98.8 4.8514e+01  14 1.00000e+00  
 98.9 4.8614e+01  14 1.00000e+00  
 99.0 4.8714e+01  14 1.00000e+00  
 99.1 4.8814e+01  14 1.00000e+00  
 99.2 4.8915e+01  14 1.00000e+00  
 99.3 4.9015e+01  14 1.00000e+00  
 99.4 4.9115e+01  14 1.00000e+00  
 99.5 4.9222e+01  14 1.00000e+00  
 99.6 4.9322e+01  14 1.00000e+00  
 99.7 4.9422e+01  14 1.00000e+00  
 99.8 4.9522e+01  14 1.00000e+00  
 99.9 4.9622e+01  14 1.00000e+00  
100.0 4.9722e+01  14 1.00000e+00  
100.1 4.9822e+01  14 1.00000e+00  
100.2 4.9915e+01  14 1.00000e+00  
100.3 5.0005e+01  14 1.00000e+00  
100.4 5.0096e+01  14 1.00000e+00  
100.5 5.0187e+01  14 1.00000e+00  
100.6 5.0285e+01  14 1.00000e+00  
100.7 5.0376e+01  14 1.00000e+00  
100.8 5.0467e+01  14 1.00000e+00  
100.9 5.0558e+01  14 1.00000e+00  
101.0 5.0650e+01  14 1.00000e+00  
101.1 5.0741e+01  14 1.00000e+00  
101.2 5.0832e+01  14 1.00000e+00  
101.3 5.0923e+01  14 1.00000e+00  
101.4 5.1014e+01  14 1.00000e+00  
101.5 5.1112e+01  14 1.00000e+00  
101.6 5.1203e+01  14 1.00000e+00  
101.7 5.1295e+01  14 1.00000e+00  
101.8 5.1386e+01  14 1.00000e+00  
101.9 5.1477e+01  14 1.00000e+00  
102.0 5.1568e+01  14 1.00000e+00  
102.1 5.1660e+01  14 1.00000e+00  
102.2 5.1751e+01  14 1.00000e+00  
102.3 5.1849e+01  14 1.00000e+00  
102.4 5.1941e+01  14 1.00000e+00  
102.5 5.2032e+01  14 1.00000e+00  
102.6 5.2123e+01  14 1.00000e+00  
102.7 5.2215e+01  14 1.00000e+00  
102.8 5.2307e+01  14 1.00000e+00  
102.9 5.2398e+01  14 1.00000e+00  
103.0 5.2490e+01  14 1.00000e+00  
103.1 5.2588e+01  14 1.00000e+00  
103.2 5.2680e+01  14 1.00000e+00  
103.3 5.2772e+01  14 1.00000e+00  
103.4 5.2864e+01  14 1.00000e+00  
103.5 5.2957e+01  14 1.00000e+00  
103.6 5.3050e+01  14 1.00000e+00  
103.7 5.3142e+01  14 1.00000e+00  
103.8 5.3233e+01  14 1.00000e+00  
103.9 5.3328e+01  14 1.00000e+00  
104.0 5.3419e+01  14 1.00000e+00  
104.1 5.3510e+01  14 1.00000e+00  
104.2 5.3602e+01  14 1.00000e+00  
104.3 5.3700e+01  14 1.00000e+00  
104.4 5.3791e+01  14 1.00000e+00  
104.5 5.3884e+01  14 1.00000e+00  
104.6 5.3971e+01  14 1.00000e+00  
104.7 5.4069e+01  14 1.00000e+00  
104.8 5.4163e+01  14 1.00000e+00  
104.9 5.4254e+01  14 1.00000e+00  
105.0 5.4345e+01  14 1.00000e+00  
105.1 5.4436e+01  14 1.00000e+00  
105.2 5.4528e+01  14 1.00000e+00  
105.3 5.4620e+01  14 1.00000e+00  
105.4 5.4714e+01  14 1.00000e+00  
105.5 5.4809e+01  14 1.00000e+00  
105.6 5.4899e+01  14 1.00000e+00  
105.7 5.4996e+01  14 1.00000e+00  
105.8 5.5088e+01  14 1.00000e+00  
105.9 5.5180e+01  14 1.00000e+00  
106.0 5.5273e+01  14 1.00000e+00  
106.1 5.5365e+01  14 1.00000e+00  
106.2 5.5457e+01  14 1.00000e+00  
106.3 5.5551e+01  14 1.00000e+00  
106.4 5.5644e+01  14 1.00000e+00  
106.5 5.5740e+01  14 1.00000e+00  
106.6 5.5832e+01  14 1.00000e+00  
106.7 5.5924e+01  14 1.00000e+00  
106.8 5.6017e+01  14 1.00000e+00  
106.9 5.6109e+01  14 1.00000e+00  
107.0 5.6203e+01  14 1.00000e+00  
107.1 5.6296e+01  14 1.00000e+00  
107.2 5.6387e+01  14 1.00000e+00  
107.3 5.6484e+01  14 1.00000e+00  
107.4 5.6576e+01  14 1.00000e+00  
107.5 5.6668e+01  14 1.00000e+00  
107.6 5.6762e+01  14 1.00000e+00  
107.7 5.6855e+01  14 1.00000e+00  
107.8 5.6947e+01  14 1.00000e+00  
107.9 5.7043e+01  14 1.00000e+00  
108.0 5.7135e+01  14 1.00000e+00  
108.1 5.7229e+01  14 1.00000e+00  
108.2 5.7322e+01  14 1.00000e+00  
108.3 5.7417e+01  14 1.00000e+00  
108.4 5.7509e+01  14 1.00000e+00  
108.5 5.7602e+01  14 1.00000e+00  
108.6 5.7695e+01  14 1.00000e+00  
108.7 5.7789e+01  14 1.00000e+00  
108.8 5.7882e+01  14 1.00000e+00  
108.9 5.8080e+01  14 1.00000e+00  
109.0 5.8174e+01  14 1.00000e+00  
109.1 5.8268e+01  14 1.00000e+00  
109.2 5.8362e+01  14 1.00000e+00  
109.3 5.8456e+01  14 1.00000e+00  
109.4 5.8550e+01  14 1.00000e+00  
109.5 5.8645e+01  14 1.00000e+00  
109.6 5.8739e+01  14 1.00000e+00  
109.7 5.8833e+01  14 1.00000e+00  
109.8 5.8927e+01  14 1.00000e+00  
109.9 5.9021e+01  14 1.00000e+00  
110.0 5.9115e+01  14 1.00000e+00  
110.1 5.9209e+01  14 1.00000e+00  
110.2 5.9303e+01  14 1.00000e+00  
110.3 5.9397e+01  14 1.00000e+00  
110.4 5.9491e+01  14 1.00000e+00  
110.5 5.9585e+01  14 1.00000e+00  
110.6 5.9680e+01  14 1.00000e+00  
110.7 5.9774e+01  14 1.00000e+00  
110.8 5.9868e+01  14 1.00000e+00  
110.9 5.9962e+01  14 1.00000e+00  
111.0 6.0056e+01  14 1.00000e+00  
111.1 6.0151e+01  14 1.00000e+00  
111.2 6.0245e+01  14 1.00000e+00  
111.3 6.0339e+01  14 1.00000e+00  
111.4 6.0433e+01  14 1.00000e+00  
111.5 6.0528e+01  14 1.00000e+00  
111.6 6.0622e+01  14 1.00000e+00  
111.7 6.0716e+01  14 1.00000e+00  
111.8 6.0810e+01  14 1.00000e+00  
111.9 6.0905e+01  14 1.00000e+00  
112.0 6.0999e+01  14 1.00000e+00  
112.1 6.1093e+01  14 1.00000e+00  
112.2 6.1187e+01  14 1.00000e+00  
112.3 6.1282e+01  14 1.00000e+00  
112.4 6.1376e+01  14 1.00000e+00  
112.5 6.1470e+01  14 1.00000e+00  
112.6 6.1565e+01  14 1.00000e+00  
112.7 6.1659e+01  14 1.00000e+00  
112.8 6.1754e+01  14 1.00000e+00  
112.9 6.1848e+01  14 1.00000e+00  
113.0 6.1942e+01  14 1.00000e+00  
113.1 6.2037e+01  14 1.00000e+00  
113.2 6.2131e+01  14 1.00000e+00  
113.3 6.2225e+01  14 1.00000e+00  
113.4 6.2320e+01  14 1.00000e+00  
113.5 6.2414e+01  14 1.00000e+00  
113.6 6.2509e+01  14 1.00000e+00  
113.7 6.2603e+01  14 1.00000e+00  
113.8 6.2697e+01  14 1.00000e+00  
113.9 6.2792e+01  14 1.00000e+00  
114.0 6.2886e+01  14 1.00000e+00  
114.1 6.2981e+01  14 1.00000e+00  
114.2 6.3075e+01  14 1.00000e+00  
114.3 6.3170e+01  14 1.00000e+00  
114.4 6.3264e+01  14 1.00000e+00  
114.5 6.3358e+01  14 1.00000e+00  
114.6 6.3453e+01  14 1.00000e+00  
114.7 6.3547e+01  14 1.00000e+00  
114.8 6.3642e+01  14 1.00000e+00  
114.9 6.3736e+01  14 1.00000e+00  
115.0 6.3831e+01  14 1.00000e+00  
115.1 6.3925e+01  14 1.00000e+00  
115.2 6.4020e+01  14 1.00000e+00  
115.3 6.4114e+01  14 1.00000e+00  
115.4 6.4209e+01  14 1.00000e+00  
115.5 6.4303e+01  14 1.00000e+00  
115.6 6.4398e+01  14 1.00000e+00  
115.7 6.4492e+01  14 1.00000e+00  
115.8 6.4587e+01  14 1.00000e+00  
115.9 6.4681e+01  14 1.00000e+00  
116.0 6.4776e+01  14 1.00000e+00  
116.1 6.4870e+01  14 1.00000e+00  
116.2 6.4965e+01  14 1.00000e+00  
116.3 6.5060e+01  14 1.00000e+00  
116.4 6.5154e+01  14 1.00000e+00  
116.5 6.5249e+01  14 1.00000e+00  
116.6 6.5343e+01  14 1.00000e+00  
116.7 6.5438e+01  14 1.00000e+00  
116.8 6.5532e+01  14 1.00000e+00  
116.9 6.5627e+01  14 1.00000e+00  
117.0 6.5721e+01  14 1.00000e+00  
117.1 6.5816e+01  14 1.00000e+00  
117.2 6.5911e+01  14 1.00000e+00  
117.3 6.6005e+01  14 1.00000e+00  
117.4 6.6100e+01  14 1.00000e+00  
117.5 6.6194e+01  14 1.00000e+00  
117.6 6.6289e+01  14 1.00000e+00  
117.7 6.6384e+01  14 1.00000e+00  
117.8 6.6478e+01  14 1.00000e+00  
117.9 6.6573e+01  14 1.00000e+00  
118.0 6.6667e+01  14 1.00000e+00  
118.1 6.6762e+01  14 1.00000e+00  
118.2 6.6856e+01  14 1.00000e+00  
118.3 6.6951e+01  14 1.00000e+00  
118.4 6.7046e+01  14 1.00000e+00  
118.5 6.7140e+01  14 1.00000e+00  
118.6 6.7235e+01  14 1.00000e+00  
118.7 6.7330e+01  14 1.00000e+00  
118.8 6.7424e+01  14 1.00000e+00  
118.9 6.7519e+01  14 1.00000e+00  
119.0 6.7613e+01  14 1.00000e+00  
119.1 6.7708e+01  14 1.00000e+00  
119.2 6.7803e+01  14 1.00000e+00  
119.3 6.7897e+01  14 1.00000e+00  
119.4 6.7992e+01  14 1.00000e+00  
119.5 6.8086e+01  14 1.00000e+00  
119.6 6.8181e+01  14 1.00000e+00  
119.7 6.8276e+01  14 1.00000e+00  
119.8 6.8370e+01  14 1.00000e+00  
119.9 6.8465e+01  14 1.00000e+00  
120.0 6.8560e+01  14 1.00000e+00  
120.1 6.8654e+01  14 1.00000e+00  
120.2 6.8749e+01  14 1.00000e+00  
120.3 6.8843e+01  14 1.00000e+00  
120.4 6.8938e+01  14 1.00000e+00  
120.5 6.9033e+01  14 1.00000e+00  
120.6 6.9127e+01  14 1.00000e+00  
120.7 6.9222e+01  14 1.00000e+00  
120.8 6.9317e+01  14 1.00000e+00  
120.9 6.9411e+01  14 1.00000e+00  
121.0 6.9506e+01  14 1.00000e+00  
121.1 6.9601e+01  14 1.00000e+00  
121.2 6.9695e+01  14 1.00000e+00  
121.3 6.9790e+01  14 1.00000e+00  
121.4 6.9885e+01  14 1.00000e+00  
121.5 6.9979e+01  14 1.00000e+00  
121.6 7.0074e+01  14 1.00000e+00  
121.7 7.0168e+01  14 1.00000e+00  
121.8 7.0263e+01  14 1.00000e+00  
121.9 7.0358e+01  14 1.00000e+00  
122.0 7.0452e+01  14 1.00000e+00  
122.1 7.0547e+01  14 1.00000e+00  
122.2 7.0642e+01  14 1.00000e+00  
122.3 7.0736e+01  14 1.00000e+00  
122.4 7.0831e+01  14 1.00000e+00  
122.5 7.0926e+01  14 1.00000e+00  
122.6 7.1020e+01  14 1.00000e+00  
122.7 7.1115e+01  14 1.00000e+00  
122.8 7.1209e+01  14 1.00000e+00  
122.9 7.1304e+01  14 1.00000e+00  
123.0 7.1399e+01  14 1.00000e+00  
123.1 7.1493e+01  14 1.00000e+00  
123.2 7.1588e+01  14 1.00000e+00  
123.3 7.1683e+01  14 1.00000e+00  
123.4 7.1777e+01  14 1.00000e+00  
123.5 7.1872e+01  14 1.00000e+00  
123.6 7.1967e+01  14 1.00000e+00  
123.7 7.2061e+01  14 1.00000e+00  
123.8 7.2156e+01  14 1.00000e+00  
123.9 7.2250e+01  14 1.00000e+00  
124.0 7.2345e+01  14 1.00000e+00  
124.1 7.2440e+01  14 1.00000e+00  
124.2 7.2534e+01  14 1.00000e+00  
124.3 7.2629e+01  14 1.00000e+00  
124.4 7.2724e+01  14 1.00000e+00  
124.5 7.2818e+01  14 1.00000e+00  
124.6 7.2913e+01  14 1.00000e+00  
124.7 7.3007e+01  14 1.00000e+00  
124.8 7.3102e+01  14 1.00000e+00  
124.9 7.3197e+01  14 1.00000e+00  
125.0 7.3291e+01  14 1.00000e+00  
125.1 7.3386e+01  14 1.00000e+00  
125.2 7.3481e+01  14 1.00000e+00  
125.3 7.3575e+01  14 1.00000e+00  
125.4 7.3670e+01  14 1.00000e+00  
125.5 7.3764e+01  14 1.00000e+00  
125.6 7.3859e+01  14 1.00000e+00  
125.7 7.3954e+01  14 1.00000e+00  
125.8 7.4048e+01  14 1.00000e+00  
125.9 7.4143e+01  14 1.00000e+00  
126.0 7.4237e+01  14 1.00000e+00  
126.1 7.4332e+01  14 1.00000e+00  
126.2 7.4427e+01  14 1.00000e+00  
126.3 7.4521e+01  14 1.00000e+00  
126.4 7.4616e+01  14 1.00000e+00  
126.5 7.4710e+01  14 1.00000e+00  
126.6 7.4805e+01  14 1.00000e+00  
126.7 7.4900e+01  14 1.00000e+00  
126.8 7.4994e+01  14 1.00000e+00  
126.9 7.5089e+01  14 1.00000e+00  
127.0 7.5183e+01  14 1.00000e+00  
127.1 7.5278e+01  14 1.00000e+00  
127.2 7.5373e+01  14 1.00000e+00  
127.3 7.5467e+01  14 1.00000e+00  
127.4 7.5562e+01  14 1.00000e+00  
127.5 7.5656e+01  14 1.00000e+00  
127.6 7.5751e+01  14 1.00000e+00  
127.7 7.5845e+01  14 1.00000e+00  
127.8 7.5940e+01  14 1.00000e+00  
127.9 7.6035e+01  14 1.00000e+00  
128.0 7.6129e+01  14 1.00000e+00  
128.1 7.6224e+01  14 1.00000e+00  
128.2 7.6318e+01  14 1.00000e+00  
128.3 7.6413e+01  14 1.00000e+00  
128.4 7.6507e+01  14 1.00000e+00  
128.5 7.6602e+01  14 1.00000e+00  
128.6 7.6696e+01  14 1.00000e+00  
128.7 7.6791e+01  14 1.00000e+00  
128.8 7.6886e+01  14 1.00000e+00  
128.9 7.6980e+01  14 1.00000e+00  
129.0 7.7075e+01  14 1.00000e+00  
129.1 7.7169e+01  14 1.00000e+00  
129.2 7.7264e+01  14 1.00000e+00  
129.3 7.7358e+01  14 1.00000e+00  
129.4 7.7453e+01  14 1.00000e+00  
129.5 7.7547e+01  14 1.00000e+00  
129.6 7.7642e+01  14 1.00000e+00  
129.7 7.7736e+01  14 1.00000e+00  
129.8 7.7831e+01  14 1.00000e+00  
129.9 7.7925e+01  14 1.00000e+00  
130.0 7.8020e+01  14 1.00000e+00  
130.1 7.8114e+01  14 1.00000e+00  
130.2 7.8209e+01  14 1.00000e+00  
130.3 7.8303e+01  14 1.00000e+00  
130.4 7.8398e+01  14 1.00000e+00  
130.5 7.8492e+01  14 1.00000e+00  
130.6 7.8587e+01  14 1.00000e+00  
130.7 7.8681e+01  14 1.00000e+00  
130.8 7.8776e+01  14 1.00000e+00  
130.9 7.8870e+01  14 1.00000e+00  
131.0 7.8965e+01  14 1.00000e+00  
131.1 7.9059e+01  14 1.00000e+00  
131.2 7.9154e+01  14 1.00000e+00  
131.3 7.9248e+01  14 1.00000e+00  
131.4 7.9343e+01  14 1.00000e+00  
131.5 7.9437e+01  14 1.00000e+00  
131.6 7.9532e+01  14 1.00000e+00  
131.7 7.9626e+01  14 1.00000e+00  
131.8 7.9721e+01  14 1.00000e+00  
131.9 7.9815e+01  14 1.00000e+00  
132.0 7.9909e+01  14 1.00000e+00  
132.1 8.0004e+01  14 1.00000e+00  
132.2 8.0098e+01  14 1.00000e+00  
132.3 8.0193e+01  14 1.00000e+00  
132.4 8.0287e+01  14 1.00000e+00  
132.5 8.0382e+01  14 1.00000e+00  
132.6 8.0476e+01  14 1.00000e+00  
132.7 8.0570e+01  14 1.00000e+00  
132.8 8.0665e+01  14 1.00000e+00  
132.9 8.0759e+01  14 1.00000e+00  
133.0 8.0854e+01  14 1.00000e+00  
133.1 8.0948e+01  14 1.00000e+00  
133.2 8.1043e+01  14 1.00000e+00  
133.3 8.1137e+01  14 1.00000e+00  
133.4 8.1231e+01  14 1.00000e+00  
133.5 8.1326e+01  14 1.00000e+00  
133.6 8.1420e+01  14 1.00000e+00  
133.7 8.1515e+01  14 1.00000e+00  
133.8 8.1609e+01  14 1.00000e+00  
133.9 8.1703e+01  14 1.00000e+00  
134.0 8.1798e+01  14 1.00000e+00  
134.1 8.1892e+01  14 1.00000e+00  
134.2 8.1986e+01  14 1.00000e+00  
134.3 8.2081e+01  14 1.00000e+00  
134.4 8.2175e+01  14 1.00000e+00  
134.5 8.2269e+01  14 1.00000e+00  
134.6 8.2364e+01  14 1.00000e+00  
134.7 8.2458e+01  14 1.00000e+00  
134.8 8.2552e+01  14 1.00000e+00  
134.9 8.2647e+01  14 1.00000e+00  
135.0 8.2741e+01  14 1.00000e+00  
135.1 8.2836e+01  14 1.00000e+00  
135.2 8.2930e+01  14 1.00000e+00  
135.3 8.3024e+01  14 1.00000e+00  
135.4 8.3118e+01  14 1.00000e+00  
135.5 8.3213e+01  14 1.00000e+00  
135.6 8.3307e+01  14 1.00000e+00  
135.7 8.3401e+01  14 1.00000e+00  
135.8 8.3496e+01  14 1.00000e+00  
135.9 8.3590e+01  14 1.00000e+00  
136.0 8.3684e+01  14 1.00000e+00  
136.1 8.3779e+01  14 1.00000e+00  
136.2 8.3873e+01  14 1.00000e+00  
136.3 8.3967e+01  14 1.00000e+00  
136.4 8.4062e+01  14 1.00000e+00  
136.5 8.4156e+01  14 1.00000e+00  
136.6 8.4250e+01  14 1.00000e+00  
136.7 8.4344e+01  14 1.00000e+00  
136.8 8.4439e+01  14 1.00000e+00  
136.9 8.4533e+01  14 1.00000e+00  
137.0 8.4627e+01  14 1.00000e+00  
137.1 8.4721e+01  14 1.00000e+00  
137.2 8.4816e+01  14 1.00000e+00  
137.3 8.4910e+01  14 1.00000e+00  
137.4 8.5004e+01  14 1.00000e+00  
137.5 8.5098e+01  14 1.00000e+00  
137.6 8.5193e+01  14 1.00000e+00  
137.7 8.5287e+01  14 1.00000e+00  
137.8 8.5381e+01  14 1.00000e+00  
137.9 8.5475e+01  14 1.00000e+00  
138.0 8.5569e+01  14 1.00000e+00  
138.1 8.5664e+01  14 1.00000e+00  
138.2 8.5758e+01  14 1.00000e+00  
138.3 8.5852e+01  14 1.00000e+00  
138.4 8.5946e+01  14 1.00000e+00  
138.5 8.6041e+01  14 1.00000e+00  
138.6 8.6135e+01  14 1.00000e+00  
138.7 8.6229e+01  14 1.00000e+00  
138.8 8.6323e+01  14 1.00000e+00  
138.9 8.6417e+01  14 1.00000e+00  
139.0 8.6511e+01  14 1.00000e+00  
139.1 8.6606e+01  14 1.00000e+00  
139.2 8.6700e+01  14 1.00000e+00  
139.3 8.6794e+01  14 1.00000e+00  
139.4 8.6888e+01  14 1.00000e+00  
139.5 8.6982e+01  14 1.00000e+00  
139.6 8.7076e+01  14 1.00000e+00  
139.7 8.7171e+01  14 1.00000e+00  
139.8 8.7265e+01  14 1.00000e+00  
139.9 8.7359e+01  14 1.00000e+00  
140.0 8.7453e+01  14 1.00000e+00  
140.1 8.7547e+01  14 1.00000e+00  
140.2 8.7641e+01  14 1.00000e+00  
140.3 8.7735e+01  14 1.00000e+00  
140.4 8.7829e+01  14 1.00000e+00  
140.5 8.7924e+01  14 1.00000e+00  
140.6 8.8018e+01  14 1.00000e+00  
140.7 8.8112e+01  14 1.00000e+00  
140.8 8.8206e+01  14 1.00000e+00  
140.9 8.8300e+01  14 1.00000e+00  
141.0 8.8394e+01  14 1.00000e+00  
141.1 8.8488e+01  14 1.00000e+00  
141.2 8.8582e+01  14 1.00000e+00  
141.3 8.8676e+01  14 1.00000e+00  
141.4 8.8770e+01  14 1.00000e+00  
141.5 8.8864e+01  14 1.00000e+00  
141.6 8.8958e+01  14 1.00000e+00  
141.7 8.9053e+01  14 1.00000e+00  
141.8 8.9147e+01  14 1.00000e+00  
141.9 8.9241e+01  14 1.00000e+00  
142.0 8.9335e+01  14 1.00000e+00  
142.1 8.9429e+01  14 1.00000e+00  
142.2 8.9523e+01  14 1.00000e+00  
142.3 8.9617e+01  14 1.00000e+00  
142.4 8.9711e+01  14 1.00000e+00  
142.5 8.9805e+01  14 1.00000e+00  
142.6 8.9899e+01  14 1.00000e+00  
142.7 8.9993e+01  14 1.00000e+00  
142.8 9.0087e+01  14 1.00000e+00  
142.9 9.0181e+01  14 1.00000e+00  
143.0 9.0275e+01  14 1.00000e+00  
143.1 9.0369e+01  14 1.00000e+00  
143.2 9.0463e+01  14 1.00000e+00  
143.3 9.0557e+01  14 1.00000e+00  
143.4 9.0651e+01  14 1.00000e+00  
143.5 9.0745e+01  14 1.00000e+00  
143.6 9.0839e+01  14 1.00000e+00  
143.7 9.0933e+01  14 1.00000e+00  
143.8 9.1027e+01  14 1.00000e+00  
143.9 9.1121e+01  14 1.00000e+00  
144.0 9.1215e+01  14 1.00000e+00  
144.1 9.1309e+01  14 1.00000e+00  
144.2 9.1403e+01  14 1.00000e+00  
144.3 9.1497e+01  14 1.00000e+00  
144.4 9.1590e+01  14 1.00000e+00  
144.5 9.1684e+01  14 1.00000e+00  
144.6 9.1778e+01  14 1.00000e+00  
144.7 9.1872e+01  14 1.00000e+00  
144.8 9.1966e+01  14 1.00000e+00  
144.9 9.2060e+01  14 1.00000e+00  
145.0 9.2154e+01  14 1.00000e+00  
145.1 9.2248e+01  14 1.00000e+00  
145.2 9.2342e+01  14 1.00000e+00  
145.3 9.2436e+01  14 1.00000e+00  
145.4 9.2530e+01  14 1.00000e+00  
145.5 9.2623e+01  14 1.00000e+00  
145.6 9.2717e+01  14 1.00000e+00  
145.7 9.2811e+01  14 1.00000e+00  
145.8 9.2905e+01  14 1.00000e+00  
145.9 9.2999e+01  14 1.00000e+00  
146.0 9.3093e+01  14 1.00000e+00  
146.1 9.3187e+01  14 1.00000e+00  
146.2 9.3280e+01  14 1.00000e+00  
146.3 9.3374e+01  14 1.00000e+00  
146.4 9.3468e+01  14 1.00000e+00  
146.5 9.3562e+01  14 1.00000e+00  
146.6 9.3656e+01  14 1.00000e+00  
146.7 9.3750e+01  14 1.00000e+00  
146.8 9.3843e+01  14 1.00000e+00  
146.9 9.3937e+01  14 1.00000e+00  
147.0 9.4031e+01  14 1.00000e+00  
147.1 9.4125e+01  14 1.00000e+00  
147.2 9.4219e+01  14 1.00000e+00  
147.3 9.4312e+01  14 1.00000e+00  
147.4 9.4406e+01  14 1.00000e+00  
147.5 9.4500e+01  14 1.00000e+00  
147.6 9.4594e+01  14 1.00000e+00  
147.7 9.4688e+01  14 1.00000e+00  
147.8 9.4781e+01  14 1.00000e+00  
147.9 9.4875e+01  14 1.00000e+00  
148.0 9.4969e+01  14 1.00000e+00  
148.1 9.5063e+01  14 1.00000e+00  
148.2 9.5156e+01  14 1.00000e+00  
148.3 9.5250e+01  14 1.00000e+00  
148.4 9.5344e+01  14 1.00000e+00  
148.5 9.5438e+01  14 1.00000e+00  
148.6 9.5531e+01  14 1.00000e+00  
148.7 9.5625e+01  14 1.00000e+00  
148.8 9.5719e+01  14 1.00000e+00  
148.9 9.5813e+01  14 1.00000e+00  
149.0 9.5906e+01  14 1.00000e+00  
149.1 9.6000e+01  14 1.00000e+00  
149.2 9.6094e+01  14 1.00000e+00  
149.3 9.6188e+01  14 1.00000e+00  
149.4 9.6281e+01  14 1.00000e+00  
149.5 9.6375e+01  14 1.00000e+00  
149.6 9.6469e+01  14 1.00000e+00  
149.7 9.6562e+01  14 1.00000e+00  
149.8 9.6656e+01  14 1.00000e+00  
149.9 9.6750e+01  14 1.00000e+00  
150.0 9.6843e+01  14 1.00000e+00  
