 15.1 1.2922e+00  13 4.51533e-02  
 15.2 1.2988e+00  13 4.59255e-02  
 15.3 1.3055e+00  13 4.66962e-02  
 15.4 1.3121e+00  13 4.74662e-02  
 15.5 1.3187e+00  13 4.82340e-02  
 15.6 1.3253e+00  13 4.90000e-02  
 15.7 1.3416e+00  13 5.08830e-02  
 15.8 1.3484e+00  13 5.16697e-02  
 15.9 1.3551e+00  13 5.24574e-02  
 16.0 1.3619e+00  13 5.32440e-02  
 16.1 1.3687e+00  13 5.40302e-02  
 16.2 1.3754e+00  13 5.48155e-02  
 16.3 1.3821e+00  13 5.55993e-02  
 16.4 1.3888e+00  13 5.63836e-02  
 16.5 1.3955e+00  13 5.71670e-02  
 16.6 1.4021e+00  13 5.79337e-02  
 16.7 1.4088e+00  13 5.87137e-02  
 16.8 1.4154e+00  13 5.94916e-02  
 16.9 1.4220e+00  13 6.02688e-02  
 17.0 1.4286e+00  13 6.10422e-02  
 17.1 1.4351e+00  13 6.18171e-02  
 17.2 1.4417e+00  13 6.25936e-02  
 17.3 1.4483e+00  13 6.33689e-02  
 17.4 1.4548e+00  13 6.41445e-02  
 17.5 1.4613e+00  13 6.49179e-02  
 17.6 1.4807e+00  13 6.72272e-02  
 17.7 1.4874e+00  13 6.80293e-02  
 17.8 1.4941e+00  13 6.88321e-02  
 17.9 1.5007e+00  13 6.96307e-02  
 18.0 1.5074e+00  13 7.04386e-02  
 18.1 1.5141e+00  13 7.12454e-02  
 18.2 1.5208e+00  13 7.20533e-02  
 18.3 1.5274e+00  13 7.28602e-02  
 18.4 1.5340e+00  13 7.36681e-02  
 18.5 1.5406e+00  13 7.44767e-02  
 18.6 1.5472e+00  13 7.52859e-02  
 18.7 1.5538e+00  13 7.60961e-02  
 18.8 1.5604e+00  13 7.69034e-02  
 18.9 1.5669e+00  13 7.77147e-02  
 19.0 1.5735e+00  13 7.85257e-02  
 19.1 1.5800e+00  13 7.93387e-02  
 19.2 1.5865e+00  13 8.01503e-02  
 19.3 1.5930e+00  13 8.09641e-02  
 19.4 1.5994e+00  13 8.17781e-02  
 19.5 1.6059e+00  13 8.25919e-02  
 19.6 1.6123e+00  13 8.34048e-02  
 19.7 1.6187e+00  13 8.42194e-02  
 19.8 1.6251e+00  13 8.50371e-02  
 19.9 1.6315e+00  13 8.58553e-02  
 20.0 1.6379e+00  13 8.66768e-02  
 20.1 1.6442e+00  13 8.74974e-02  
 20.2 1.6506e+00  13 8.83201e-02  
 20.3 1.6748e+00  13 9.14866e-02  
 20.4 1.6813e+00  13 9.23491e-02  
 20.5 1.6878e+00  13 9.32156e-02  
 20.6 1.6943e+00  13 9.40822e-02  
 20.7 1.7008e+00  13 9.49524e-02  
 20.8 1.7073e+00  13 9.58228e-02  
 20.9 1.7137e+00  13 9.66977e-02  
 21.0 1.7202e+00  13 9.75715e-02  
 21.1 1.7266e+00  13 9.84514e-02  
 21.2 1.7330e+00  13 9.93290e-02  
 21.3 1.7394e+00  13 1.00215e-01  
 21.4 1.7458e+00  13 1.01099e-01  
 21.5 1.7522e+00  13 1.01989e-01  
 21.6 1.7586e+00  13 1.02878e-01  
 21.7 1.7649e+00  13 1.03772e-01  
 21.8 1.7715e+00  13 1.04716e-01  
 21.9 1.7811e+00  13 1.06209e-01  
 22.0 1.7906e+00  13 1.07720e-01  
 22.1 1.8005e+00  13 1.09304e-01  
 22.2 1.8102e+00  13 1.10873e-01  
 22.3 1.8199e+00  13 1.12458e-01  
 22.4 1.8297e+00  13 1.14063e-01  
 22.5 1.8395e+00  13 1.15688e-01  
 22.6 1.8493e+00  13 1.17333e-01  
 22.7 1.8591e+00  13 1.18993e-01  
 22.8 1.8690e+00  13 1.20675e-01  
 22.9 1.8788e+00  13 1.22375e-01  
 23.0 1.8887e+00  13 1.24096e-01  
 23.1 1.8986e+00  13 1.25837e-01  
 23.2 1.9085e+00  13 1.27600e-01  
 23.3 1.9167e+00  13 1.29063e-01  
 23.4 9.1874e+00  14 1.00000e+00  
 23.5 9.1615e+00  14 1.00000e+00  
 23.6 9.1351e+00  14 1.00000e+00  
 23.7 9.1085e+00  14 1.00000e+00  
 23.8 9.0814e+00  14 1.00000e+00  
 23.9 9.0540e+00  14 1.00000e+00  
 24.0 9.0262e+00  14 1.00000e+00  
 24.1 8.9981e+00  14 1.00000e+00  
 24.2 8.9697e+00  14 1.00000e+00  
 24.3 8.9409e+00  14 1.00000e+00  
 24.4 8.9119e+00  14 1.00000e+00  
 24.5 8.8826e+00  14 1.00000e+00  
 24.6 8.8529e+00  14 1.00000e+00  
 24.7 8.8230e+00  14 1.00000e+00  
 24.8 8.6438e+00  14 1.00000e+00  
 24.9 8.6104e+00  14 1.00000e+00  
 25.0 8.5770e+00  14 1.00000e+00  
 25.1 8.5434e+00  14 1.00000e+00  
 25.2 8.5097e+00  14 1.00000e+00  
 25.3 8.4846e+00  14 1.00000e+00  
 25.4 8.4511e+00  14 1.00000e+00  
 25.5 8.4178e+00  14 1.00000e+00  
 25.6 8.3846e+00  14 1.00000e+00  
 25.7 8.3517e+00  14 1.00000e+00  
 25.8 8.3193e+00  14 1.00000e+00  
 25.9 8.2878e+00  14 1.00000e+00  
 26.0 8.2576e+00  14 1.00000e+00  
 26.1 8.2314e+00  14 1.00000e+00  
 26.2 8.2152e+00  14 1.00000e+00  
 26.3 8.2143e+00  14 1.00000e+00  
 26.4 8.2137e+00  14 1.00000e+00  
 26.5 8.2295e+00  14 1.00000e+00  
 26.6 8.2115e+00  14 1.00000e+00  
 26.7 8.1944e+00  14 1.00000e+00  
 26.8 7.8825e+00  14 1.00000e+00  
 26.9 7.8768e+00  14 1.00000e+00  
 27.0 7.8791e+00  14 1.00000e+00  
 27.1 7.8790e+00  14 1.00000e+00  
 27.2 7.8795e+00  14 1.00000e+00  
 27.3 7.8785e+00  14 1.00000e+00  
 27.4 7.8770e+00  14 1.00000e+00  
 27.5 7.8757e+00  14 1.00000e+00  
 27.6 7.8737e+00  14 1.00000e+00  
 27.7 7.8700e+00  14 1.00000e+00  
 27.8 7.8658e+00  14 1.00000e+00  
 27.9 7.8684e+00  14 1.00000e+00  
 28.0 7.8642e+00  14 1.00000e+00  
 28.1 7.8644e+00  14 1.00000e+00  
 28.2 7.8626e+00  14 1.00000e+00  
 28.3 7.8590e+00  14 1.00000e+00  
 28.4 7.8613e+00  14 1.00000e+00  
 28.5 7.8599e+00  14 1.00000e+00  
 28.6 7.8566e+00  14 1.00000e+00  
 28.7 7.8529e+00  14 1.00000e+00  
 28.8 7.8646e+00  14 1.00000e+00  
 28.9 7.8635e+00  14 1.00000e+00  
 29.0 7.8615e+00  14 1.00000e+00  
 29.1 7.8554e+00  14 1.00000e+00  
 29.2 7.8568e+00  14 1.00000e+00  
 29.3 7.8552e+00  14 1.00000e+00  
 29.4 7.8519e+00  14 1.00000e+00  
 29.5 7.8525e+00  14 1.00000e+00  
 29.6 7.8599e+00  14 1.00000e+00  
 29.7 7.8565e+00  14 1.00000e+00  
 29.8 7.8510e+00  14 1.00000e+00  
 29.9 7.8507e+00  14 1.00000e+00  
 30.0 7.8604e+00  14 1.00000e+00  
 30.1 7.8581e+00  14 1.00000e+00  
 30.2 7.8502e+00  14 1.00000e+00  
 30.3 7.8467e+00  14 1.00000e+00  
 30.4 7.8570e+00  14 1.00000e+00  
 30.5 7.8559e+00  14 1.00000e+00  
 30.6 7.8564e+00  14 1.00000e+00  
 30.7 7.8505e+00  14 1.00000e+00  
 30.8 7.8622e+00  14 1.00000e+00  
 30.9 7.8641e+00  14 1.00000e+00  
 31.0 7.8554e+00  14 1.00000e+00  
 31.1 7.8639e+00  14 1.00000e+00  
 31.2 7.8677e+00  14 1.00000e+00  
 31.3 7.8632e+00  14 1.00000e+00  
 31.4 7.8652e+00  14 1.00000e+00  
 31.5 7.8683e+00  14 1.00000e+00  
 31.6 7.8674e+00  14 1.00000e+00  
 31.7 7.8696e+00  14 1.00000e+00  
 31.8 7.8722e+00  14 1.00000e+00  
 31.9 7.8740e+00  14 1.00000e+00  
 32.0 7.8810e+00  14 1.00000e+00  
 32.1 7.8781e+00  14 1.00000e+00  
 32.2 7.8868e+00  14 1.00000e+00  
 32.3 7.8792e+00  14 1.00000e+00  
 32.4 7.8806e+00  14 1.00000e+00  
 32.5 7.8763e+00  14 1.00000e+00  
 32.6 7.8804e+00  14 1.00000e+00  
 32.7 7.8826e+00  14 1.00000e+00  
 32.8 7.8848e+00  14 1.00000e+00  
 32.9 7.8862e+00  14 1.00000e+00  
 33.0 7.8872e+00  14 1.00000e+00  
 33.1 7.8876e+00  14 1.00000e+00  
 33.2 7.8885e+00  14 1.00000e+00  
 33.3 7.8871e+00  14 1.00000e+00  
 33.4 7.8941e+00  14 1.00000e+00  
 33.5 7.8953e+00  14 1.00000e+00  
 33.6 7.8964e+00  14 1.00000e+00  
 33.7 7.9068e+00  14 1.00000e+00  
 33.8 7.9030e+00  14 1.00000e+00  
 33.9 7.9004e+00  14 1.00000e+00  
 34.0 7.9010e+00  14 1.00000e+00  
 34.1 7.9021e+00  14 1.00000e+00  
 34.2 7.9026e+00  14 1.00000e+00  
 34.3 7.9121e+00  14 1.00000e+00  
 34.4 7.9111e+00  14 1.00000e+00  
 34.5 7.9118e+00  14 1.00000e+00  
 34.6 7.9100e+00  14 1.00000e+00  
 34.7 7.9106e+00  14 1.00000e+00  
 34.8 7.9062e+00  14 1.00000e+00  
 34.9 7.9095e+00  14 1.00000e+00  
 35.0 7.9042e+00  14 1.00000e+00  
 35.1 7.9253e+00  14 1.00000e+00  
 35.2 7.9208e+00  14 1.00000e+00  
 35.3 7.9171e+00  14 1.00000e+00  
 35.4 7.9313e+00  14 1.00000e+00  
 35.5 7.9282e+00  14 1.00000e+00  
 35.6 7.9245e+00  14 1.00000e+00  
 35.7 7.9308e+00  14 1.00000e+00  
 35.8 7.9288e+00  14 1.00000e+00  
 35.9 7.9340e+00  14 1.00000e+00  
 36.0 7.9371e+00  14 1.00000e+00  
 36.1 7.9299e+00  14 1.00000e+00  
 36.2 7.9401e+00  14 1.00000e+00  
 36.3 7.9418e+00  14 1.00000e+00  
 36.4 7.9402e+00  14 1.00000e+00  
 36.5 7.9383e+00  14 1.00000e+00  
 36.6 7.9462e+00  14 1.00000e+00  
 36.7 7.9475e+00  14 1.00000e+00  
 36.8 7.9520e+00  14 1.00000e+00  
 36.9 7.9536e+00  14 1.00000e+00  
 37.0 7.9575e+00  14 1.00000e+00  
 37.1 7.9584e+00  14 1.00000e+00  
 37.2 7.9564e+00  14 1.00000e+00  
 37.3 7.9614e+00  14 1.00000e+00  
 37.4 7.9629e+00  14 1.00000e+00  
 37.5 7.9642e+00  14 1.00000e+00  
 37.6 7.9656e+00  14 1.00000e+00  
 37.7 7.9652e+00  14 1.00000e+00  
 37.8 7.9638e+00  14 1.00000e+00  
 37.9 7.9697e+00  14 1.00000e+00  
 38.0 7.9705e+00  14 1.00000e+00  
 38.1 7.9693e+00  14 1.00000e+00  
 38.2 7.9712e+00  14 1.00000e+00  
 38.3 7.9719e+00  14 1.00000e+00  
 38.4 7.9714e+00  14 1.00000e+00  
 38.5 7.9735e+00  14 1.00000e+00  
 38.6 7.9738e+00  14 1.00000e+00  
 38.7 7.9792e+00  14 1.00000e+00  
 38.8 7.9763e+00  14 1.00000e+00  
 38.9 7.9787e+00  14 1.00000e+00  
 39.0 7.9739e+00  14 1.00000e+00  
 39.1 7.9780e+00  14 1.00000e+00  
 39.2 7.9731e+00  14 1.00000e+00  
 39.3 7.9781e+00  14 1.00000e+00  
 39.4 7.9870e+00  14 1.00000e+00  
 39.5 7.9863e+00  14 1.00000e+00  
 39.6 7.9826e+00  14 1.00000e+00  
 39.7 7.9814e+00  14 1.00000e+00  
 39.8 7.9804e+00  14 1.00000e+00  
 39.9 7.9831e+00  14 1.00000e+00  
 40.0 7.9918e+00  14 1.00000e+00  
 40.1 7.9912e+00  14 1.00000e+00  
 40.2 7.9881e+00  14 1.00000e+00  
 40.3 7.9841e+00  14 1.00000e+00  
 40.4 7.9859e+00  14 1.00000e+00  
 40.5 7.9949e+00  14 1.00000e+00  
 40.6 7.9927e+00  14 1.00000e+00  
 40.7 7.9905e+00  14 1.00000e+00  
 40.8 7.9917e+00  14 1.00000e+00  
 40.9 7.9988e+00  14 1.00000e+00  
 41.0 7.9989e+00  14 1.00000e+00  
 41.1 7.9981e+00  14 1.00000e+00  
 41.2 7.9940e+00  14 1.00000e+00  
 41.3 8.0003e+00  14 1.00000e+00  
 41.4 8.0023e+00  14 1.00000e+00  
 41.5 7.9996e+00  14 1.00000e+00  
 41.6 8.0011e+00  14 1.00000e+00  
 41.7 8.0081e+00  14 1.00000e+00  
 41.8 8.0118e+00  14 1.00000e+00  
 41.9 8.0068e+00  14 1.00000e+00  
 42.0 8.0077e+00  14 1.00000e+00  
 42.1 8.0111e+00  14 1.00000e+00  
 42.2 8.0145e+00  14 1.00000e+00  
 42.3 8.0180e+00  14 1.00000e+00  
 42.4 8.0174e+00  14 1.00000e+00  
 42.5 8.0222e+00  14 1.00000e+00  
 42.6 8.0149e+00  14 1.00000e+00  
 42.7 8.0165e+00  14 1.00000e+00  
 42.8 8.0177e+00  14 1.00000e+00  
 42.9 8.0156e+00  14 1.00000e+00  
 43.0 8.0194e+00  14 1.00000e+00  
 43.1 8.0223e+00  14 1.00000e+00  
 43.2 8.0236e+00  14 1.00000e+00  
 43.3 8.0240e+00  14 1.00000e+00  
 43.4 8.0239e+00  14 1.00000e+00  
 43.5 8.0210e+00  14 1.00000e+00  
 43.6 8.0241e+00  14 1.00000e+00  
 43.7 8.0251e+00  14 1.00000e+00  
 43.8 8.0266e+00  14 1.00000e+00  
 43.9 8.0277e+00  14 1.00000e+00  
 44.0 8.0285e+00  14 1.00000e+00  
 44.1 8.0289e+00  14 1.00000e+00  
 44.2 8.0289e+00  14 1.00000e+00  
 44.3 8.0293e+00  14 1.00000e+00  
 44.4 8.0290e+00  14 1.00000e+00  
 44.5 8.0545e+00  14 1.00000e+00  
 44.6 8.0552e+00  14 1.00000e+00  
 44.7 8.0525e+00  14 1.00000e+00  
 44.8 8.0531e+00  14 1.00000e+00  
 44.9 8.0502e+00  14 1.00000e+00  
 45.0 8.0525e+00  14 1.00000e+00  
 45.1 8.0495e+00  14 1.00000e+00  
 45.2 8.0516e+00  14 1.00000e+00  
 45.3 8.0515e+00  14 1.00000e+00  
 45.4 8.0497e+00  14 1.00000e+00  
 45.5 8.0567e+00  14 1.00000e+00  
 45.6 8.0593e+00  14 1.00000e+00  
 45.7 8.0588e+00  14 1.00000e+00  
 45.8 8.0545e+00  14 1.00000e+00  
 45.9 8.0578e+00  14 1.00000e+00  
 46.0 8.0573e+00  14 1.00000e+00  
 46.1 8.0557e+00  14 1.00000e+00  
 46.2 8.0564e+00  14 1.00000e+00  
 46.3 8.0517e+00  14 1.00000e+00  
 46.4 8.0559e+00  14 1.00000e+00  
 46.5 8.0556e+00  14 1.00000e+00  
 46.6 8.0539e+00  14 1.00000e+00  
 46.7 8.0618e+00  14 1.00000e+00  
 46.8 8.0633e+00  14 1.00000e+00  
 46.9 8.0636e+00  14 1.00000e+00  
 47.0 8.0631e+00  14 1.00000e+00  
 47.1 8.0575e+00  14 1.00000e+00  
 47.2 8.0621e+00  14 1.00000e+00  
 47.3 8.0582e+00  14 1.00000e+00  
 47.4 8.0611e+00  14 1.00000e+00  
 47.5 8.0579e+00  14 1.00000e+00  
 47.6 8.0554e+00  14 1.00000e+00  
 47.7 8.0898e+00  14 1.00000e+00  
 47.8 8.0924e+00  14 1.00000e+00  
 47.9 8.0944e+00  14 1.00000e+00  
 48.0 8.0953e+00  14 1.00000e+00  
 48.1 8.0849e+00  14 1.00000e+00  
 48.2 8.0856e+00  14 1.00000e+00  
 48.3 8.0856e+00  14 1.00000e+00  
 48.4 8.0863e+00  14 1.00000e+00  
 48.5 8.0870e+00  14 1.00000e+00  
 48.6 8.0877e+00  14 1.00000e+00  
 48.7 8.0883e+00  14 1.00000e+00  
 48.8 8.0888e+00  14 1.00000e+00  
 48.9 8.0892e+00  14 1.00000e+00  
 49.0 8.0895e+00  14 1.00000e+00  
 49.1 8.0898e+00  14 1.00000e+00  
 49.2 8.0902e+00  14 1.00000e+00  
 49.3 8.0905e+00  14 1.00000e+00  
 49.4 8.0908e+00  14 1.00000e+00  
 49.5 8.0911e+00  14 1.00000e+00  
 49.6 8.0914e+00  14 1.00000e+00  
 49.7 8.0917e+00  14 1.00000e+00  
 49.8 8.0920e+00  14 1.00000e+00  
 49.9 8.0922e+00  14 1.00000e+00  
 50.0 8.0924e+00  14 1.00000e+00  
 50.1 8.0924e+00  14 1.00000e+00  
 50.2 8.1214e+00  14 1.00000e+00  
 50.3 8.1214e+00  14 1.00000e+00  
 50.4 8.1214e+00  14 1.00000e+00  
 50.5 8.1214e+00  14 1.00000e+00  
 50.6 8.1214e+00  14 1.00000e+00  
 50.7 8.1214e+00  14 1.00000e+00  
 50.8 8.1214e+00  14 1.00000e+00  
 50.9 8.1214e+00  14 1.00000e+00  
 51.0 8.1214e+00  14 1.00000e+00  
 51.1 8.1214e+00  14 1.00000e+00  
 51.2 8.1214e+00  14 1.00000e+00  
 51.3 8.1214e+00  14 1.00000e+00  
 51.4 8.1214e+00  14 1.00000e+00  
 51.5 8.1214e+00  14 1.00000e+00  
 51.6 8.1214e+00  14 1.00000e+00  
 51.7 8.1214e+00  14 1.00000e+00  
 51.8 8.1214e+00  14 1.00000e+00  
 51.9 8.1214e+00  14 1.00000e+00  
 52.0 8.1214e+00  14 1.00000e+00  
 52.1 8.1176e+00  14 1.00000e+00  
 52.2 8.1187e+00  14 1.00000e+00  
 52.3 8.1197e+00  14 1.00000e+00  
 52.4 5.4923e+00  14 6.34751e-01  
 52.5 5.4923e+00  14 6.34751e-01  
 52.6 5.4923e+00  14 6.34751e-01  
 52.7 5.4922e+00  14 6.34752e-01  
 52.8 8.1309e+00  14 1.00000e+00  
 52.9 5.4902e+00  14 6.34769e-01  
 53.0 5.4906e+00  14 6.34766e-01  
 53.1 5.4914e+00  14 6.34758e-01  
 53.2 5.4921e+00  14 6.34753e-01  
 53.3 5.4924e+00  14 6.34751e-01  
 53.4 5.4924e+00  14 6.34750e-01  
 53.5 5.4924e+00  14 6.34750e-01  
 53.6 5.4907e+00  14 6.34765e-01  
 53.7 5.4904e+00  14 6.34767e-01  
 53.8 5.4915e+00  14 6.34758e-01  
 53.9 5.4928e+00  14 6.34747e-01  
 54.0 5.4907e+00  14 6.34764e-01  
 54.1 5.4931e+00  14 6.34745e-01  
 54.2 5.4933e+00  14 6.34743e-01  
 54.3 5.4921e+00  14 6.34753e-01  
 54.4 5.5111e+00  14 6.34627e-01  
 54.5 5.5106e+00  14 6.34630e-01  
 54.6 5.5100e+00  14 6.34633e-01  
 54.7 5.5091e+00  14 6.34637e-01  
 54.8 5.5108e+00  14 6.34629e-01  
 54.9 5.5105e+00  14 6.34630e-01  
 55.0 5.5101e+00  14 6.34632e-01  
 55.1 5.5096e+00  14 6.34635e-01  
 55.2 5.5090e+00  14 6.34638e-01  
 55.3 5.5083e+00  14 6.34642e-01  
 55.4 5.5088e+00  14 6.34639e-01  
 55.5 5.5079e+00  14 6.34644e-01  
 55.6 5.5053e+00  14 6.34658e-01  
 55.7 5.5071e+00  14 6.34648e-01  
 55.8 5.5057e+00  14 6.34656e-01  
 55.9 5.5028e+00  14 6.34674e-01  
 56.0 5.5045e+00  14 6.34663e-01  
 56.1 5.5029e+00  14 6.34673e-01  
 56.2 5.5009e+00  14 6.34686e-01  
 56.3 5.5173e+00  14 6.34600e-01  
 56.4 5.5174e+00  14 6.34600e-01  
 56.5 5.5179e+00  14 6.34598e-01  
 56.6 5.5183e+00  14 6.34596e-01  
 56.7 5.5185e+00  14 6.34596e-01  
 56.8 5.5186e+00  14 6.34595e-01  
 56.9 5.5186e+00  14 6.34595e-01  
 57.0 5.5184e+00  14 6.34596e-01  
 57.1 5.5181e+00  14 6.34597e-01  
 57.2 5.5178e+00  14 6.34598e-01  
 57.3 5.5172e+00  14 6.34601e-01  
 57.4 5.5165e+00  14 6.34603e-01  
 57.5 5.5159e+00  14 6.34606e-01  
 57.6 5.5151e+00  14 6.34609e-01  
 57.7 5.5141e+00  14 6.34613e-01  
 57.8 5.5133e+00  14 6.34617e-01  
 57.9 5.5180e+00  14 6.34597e-01  
 58.0 5.5179e+00  14 6.34598e-01  
 58.1 5.5316e+00  14 6.34563e-01  
 58.2 5.5302e+00  14 6.34565e-01  
 58.3 5.5255e+00  14 6.34575e-01  
 58.4 5.5267e+00  14 6.34572e-01  
 58.5 5.5271e+00  14 6.34571e-01  
 58.6 5.5258e+00  14 6.34574e-01  
 58.7 5.5278e+00  14 6.34569e-01  
 58.8 5.5263e+00  14 6.34573e-01  
 58.9 5.5287e+00  14 6.34567e-01  
 59.0 5.5284e+00  14 6.34568e-01  
 59.1 5.5284e+00  14 6.34568e-01  
 59.2 5.5267e+00  14 6.34572e-01  
 59.3 5.5220e+00  14 6.34584e-01  
 59.4 5.5236e+00  14 6.34579e-01  
 59.5 5.5242e+00  14 6.34578e-01  
 59.6 5.5223e+00  14 6.34583e-01  
 59.7 5.5243e+00  14 6.34577e-01  
 59.8 5.5243e+00  14 6.34578e-01  
 59.9 5.5243e+00  14 6.34578e-01  
 60.0 5.5415e+00  14 6.34556e-01  
 60.1 5.5410e+00  14 6.34556e-01  
 60.2 5.5374e+00  14 6.34557e-01  
 60.3 5.5385e+00  14 6.34557e-01  
 60.4 5.5377e+00  14 6.34557e-01  
 60.5 5.5366e+00  14 6.34557e-01  
 60.6 5.5359e+00  14 6.34558e-01  
 60.7 5.5324e+00  14 6.34562e-01  
 60.8 5.5316e+00  14 6.34563e-01  
 60.9 5.5337e+00  14 6.34560e-01  
 61.0 5.5325e+00  14 6.34561e-01  
 61.1 5.5339e+00  14 6.34560e-01  
 61.2 5.5321e+00  14 6.34562e-01  
 61.3 5.5340e+00  14 6.34560e-01  
 61.4 5.5337e+00  14 6.34560e-01  
 61.5 5.5320e+00  14 6.34562e-01  
 61.6 5.5350e+00  14 6.34559e-01  
 61.7 5.5295e+00  14 6.34566e-01  
 61.8 5.4926e+00  14 6.34749e-01  
 61.9 5.4942e+00  14 6.34736e-01  
 62.0 5.4973e+00  14 6.34712e-01  
 62.1 5.4993e+00  14 6.34697e-01  
 62.2 5.5011e+00  14 6.34685e-01  
 62.3 5.5027e+00  14 6.34675e-01  
 62.4 5.5043e+00  14 6.34665e-01  
 62.5 5.5055e+00  14 6.34657e-01  
 62.6 5.5115e+00  14 6.34625e-01  
 62.7 5.5135e+00  14 6.34616e-01  
 62.8 5.5145e+00  14 6.34612e-01  
 62.9 5.5211e+00  14 6.34587e-01  
 63.0 5.5230e+00  14 6.34581e-01  
 63.1 5.5421e+00  14 6.34556e-01  
 63.2 5.5481e+00  14 6.34560e-01  
 63.3 5.5463e+00  14 6.34559e-01  
 63.4 5.5450e+00  14 6.34558e-01  
 63.5 5.5446e+00  14 6.34557e-01  
 63.6 5.5431e+00  14 6.34557e-01  
 63.7 8.0667e+00  14 1.00000e+00  
 63.8 8.0699e+00  14 1.00000e+00  
 63.9 8.0691e+00  14 1.00000e+00  
 64.0 8.0761e+00  14 1.00000e+00  
 64.1 8.0787e+00  14 1.00000e+00  
 64.2 8.0815e+00  14 1.00000e+00  
 64.3 8.0877e+00  14 1.00000e+00  
 64.4 8.0900e+00  14 1.00000e+00  
 64.5 8.0925e+00  14 1.00000e+00  
 64.6 8.0974e+00  14 1.00000e+00  
 64.7 8.1002e+00  14 1.00000e+00  
 64.8 8.1030e+00  14 1.00000e+00  
 64.9 8.1106e+00  14 1.00000e+00  
 65.0 8.1133e+00  14 1.00000e+00  
 65.1 8.1160e+00  14 1.00000e+00  
 65.2 8.1186e+00  14 1.00000e+00  
 65.3 8.1212e+00  14 1.00000e+00  
 65.4 8.1260e+00  14 1.00000e+00  
 65.5 8.1299e+00  14 1.00000e+00  
 65.6 7.9772e+00  14 1.00000e+00  
 65.7 7.9882e+00  14 1.00000e+00  
 65.8 7.9924e+00  14 1.00000e+00  
 65.9 7.9994e+00  14 1.00000e+00  
 66.0 8.0028e+00  14 1.00000e+00  
 66.1 8.0100e+00  14 1.00000e+00  
 66.2 8.0152e+00  14 1.00000e+00  
 66.3 8.0172e+00  14 1.00000e+00  
 66.4 8.0300e+00  14 1.00000e+00  
 66.5 8.0333e+00  14 1.00000e+00  
 66.6 8.0329e+00  14 1.00000e+00  
 66.7 8.0344e+00  14 1.00000e+00  
 66.8 8.0410e+00  14 1.00000e+00  
 66.9 8.0491e+00  14 1.00000e+00  
 67.0 8.0552e+00  14 1.00000e+00  
 67.1 8.0583e+00  14 1.00000e+00  
 67.2 8.0599e+00  14 1.00000e+00  
 67.3 8.0624e+00  14 1.00000e+00  
 67.4 8.0672e+00  14 1.00000e+00  
 67.5 8.0696e+00  14 1.00000e+00  
 67.6 7.8987e+00  14 1.00000e+00  
 67.7 7.9042e+00  14 1.00000e+00  
 67.8 7.9081e+00  14 1.00000e+00  
 67.9 7.9139e+00  14 1.00000e+00  
 68.0 7.9209e+00  14 1.00000e+00  
 68.1 7.9287e+00  14 1.00000e+00  
 68.2 7.9331e+00  14 1.00000e+00  
 68.3 7.9373e+00  14 1.00000e+00  
 68.4 7.9447e+00  14 1.00000e+00  
 68.5 7.9451e+00  14 1.00000e+00  
 68.6 7.9507e+00  14 1.00000e+00  
 68.7 7.9574e+00  14 1.00000e+00  
 68.8 7.9653e+00  14 1.00000e+00  
 68.9 7.9674e+00  14 1.00000e+00  
 69.0 7.9730e+00  14 1.00000e+00  
 69.1 7.9815e+00  14 1.00000e+00  
 69.2 7.9830e+00  14 1.00000e+00  
 69.3 7.9861e+00  14 1.00000e+00  
 69.4 7.9940e+00  14 1.00000e+00  
 69.5 7.8545e+00  14 1.00000e+00  
 69.6 7.8426e+00  14 1.00000e+00  
 69.7 7.8496e+00  14 1.00000e+00  
 69.8 7.8562e+00  14 1.00000e+00  
 69.9 7.8639e+00  14 1.00000e+00  
 70.0 7.8553e+00  14 1.00000e+00  
 70.1 7.8625e+00  14 1.00000e+00  
 70.2 7.8690e+00  14 1.00000e+00  
 70.3 7.8763e+00  14 1.00000e+00  
 70.4 7.8841e+00  14 1.00000e+00  
 70.5 7.8804e+00  14 1.00000e+00  
 70.6 7.8866e+00  14 1.00000e+00  
 70.7 7.8936e+00  14 1.00000e+00  
 70.8 7.8995e+00  14 1.00000e+00  
 70.9 7.8950e+00  14 1.00000e+00  
 71.0 7.9019e+00  14 1.00000e+00  
 71.1 7.9091e+00  14 1.00000e+00  
 71.2 7.9142e+00  14 1.00000e+00  
 71.3 7.9176e+00  14 1.00000e+00  
 71.4 7.9356e+00  14 1.00000e+00  
 71.5 7.9353e+00  14 1.00000e+00  
 71.6 7.9195e+00  14 1.00000e+00  
 71.7 7.9119e+00  14 1.00000e+00  
 71.8 7.9065e+00  14 1.00000e+00  
 71.9 7.8994e+00  14 1.00000e+00  
 72.0 7.8923e+00  14 1.00000e+00  
 72.1 7.8851e+00  14 1.00000e+00  
 72.2 7.8755e+00  14 1.00000e+00  
 72.3 7.8698e+00  14 1.00000e+00  
 72.4 7.8621e+00  14 1.00000e+00  
 72.5 7.8537e+00  14 1.00000e+00  
 72.6 7.8441e+00  14 1.00000e+00  
 72.7 7.8309e+00  14 1.00000e+00  
 72.8 7.8463e+00  14 1.00000e+00  
 72.9 7.8558e+00  14 1.00000e+00  
 73.0 7.8428e+00  14 1.00000e+00  
 73.1 7.8485e+00  14 1.00000e+00  
 73.2 7.8543e+00  14 1.00000e+00  
 73.3 7.8602e+00  14 1.00000e+00  
 73.4 8.0192e+00  14 1.00000e+00  
 73.5 8.0090e+00  14 1.00000e+00  
 73.6 8.0038e+00  14 1.00000e+00  
 73.7 7.9949e+00  14 1.00000e+00  
 73.8 7.9862e+00  14 1.00000e+00  
 73.9 7.9814e+00  14 1.00000e+00  
 74.0 7.9765e+00  14 1.00000e+00  
 74.1 7.9716e+00  14 1.00000e+00  
 74.2 7.9660e+00  14 1.00000e+00  
 74.3 7.9586e+00  14 1.00000e+00  
 74.4 7.9558e+00  14 1.00000e+00  
 74.5 7.9528e+00  14 1.00000e+00  
 74.6 7.9499e+00  14 1.00000e+00  
 74.7 7.9388e+00  14 1.00000e+00  
 74.8 7.9362e+00  14 1.00000e+00  
 74.9 7.9235e+00  14 1.00000e+00  
 75.0 7.9121e+00  14 1.00000e+00  
 75.1 7.9065e+00  14 1.00000e+00  
 75.2 7.8980e+00  14 1.00000e+00  
 75.3 7.8896e+00  14 1.00000e+00  
 75.4 8.1207e+00  14 1.00000e+00  
 75.5 8.1176e+00  14 1.00000e+00  
 75.6 8.1047e+00  14 1.00000e+00  
 75.7 8.0990e+00  14 1.00000e+00  
 75.8 8.0894e+00  14 1.00000e+00  
 75.9 8.0837e+00  14 1.00000e+00  
 76.0 8.0752e+00  14 1.00000e+00  
 76.1 8.0696e+00  14 1.00000e+00  
 76.2 8.0594e+00  14 1.00000e+00  
 76.3 8.0532e+00  14 1.00000e+00  
 76.4 8.0450e+00  14 1.00000e+00  
 76.5 8.0345e+00  14 1.00000e+00  
 76.6 8.0249e+00  14 1.00000e+00  
 76.7 8.0188e+00  14 1.00000e+00  
 76.8 8.0083e+00  14 1.00000e+00  
 76.9 8.0012e+00  14 1.00000e+00  
 77.0 7.9877e+00  14 1.00000e+00  
 77.1 7.9817e+00  14 1.00000e+00  
 77.2 7.9766e+00  14 1.00000e+00  
 77.3 7.9707e+00  14 1.00000e+00  
 77.4 5.5351e+00  14 6.34559e-01  
 77.5 5.5302e+00  14 6.34565e-01  
 77.6 5.5250e+00  14 6.34576e-01  
 77.7 5.5178e+00  14 6.34598e-01  
 77.8 5.5139e+00  14 6.34614e-01  
 77.9 5.5098e+00  14 6.34634e-01  
 78.0 5.5068e+00  14 6.34650e-01  
 78.1 5.5035e+00  14 6.34669e-01  
 78.2 5.4980e+00  14 6.34707e-01  
 78.3 5.4964e+00  14 6.34719e-01  
 78.4 5.4942e+00  14 6.34735e-01  
 78.5 5.4902e+00  14 6.34769e-01  
 78.6 8.1242e+00  14 1.00000e+00  
 78.7 8.1190e+00  14 1.00000e+00  
 78.8 8.1046e+00  14 1.00000e+00  
 78.9 8.0990e+00  14 1.00000e+00  
 79.0 8.0886e+00  14 1.00000e+00  
 79.1 8.0803e+00  14 1.00000e+00  
 79.2 8.0724e+00  14 1.00000e+00  
 79.3 8.0613e+00  14 1.00000e+00  
 79.4 8.0523e+00  14 1.00000e+00  
 79.5 5.5924e+00  14 6.34750e-01  
 79.6 5.5900e+00  14 6.34733e-01  
 79.7 5.5845e+00  14 6.34697e-01  
 79.8 5.5807e+00  14 6.34675e-01  
 79.9 5.5757e+00  14 6.34647e-01  
 80.0 5.5703e+00  14 6.34622e-01  
 80.1 5.5647e+00  14 6.34599e-01  
 80.2 5.5582e+00  14 6.34579e-01  
 80.3 5.5538e+00  14 6.34569e-01  
 80.4 5.5482e+00  14 6.34560e-01  
 80.5 5.5399e+00  14 6.34556e-01  
 80.6 5.5358e+00  14 6.34558e-01  
 80.7 5.5297e+00  14 6.34566e-01  
 80.8 5.5234e+00  14 6.34580e-01  
 80.9 5.5167e+00  14 6.34602e-01  
 81.0 5.5103e+00  14 6.34631e-01  
 81.1 5.5067e+00  14 6.34650e-01  
 81.2 5.5008e+00  14 6.34687e-01  
 81.3 5.4992e+00  14 6.34698e-01  
 81.4 5.4932e+00  14 6.34744e-01  
 81.5 5.6531e+00  14 6.35413e-01  
 81.6 5.6472e+00  14 6.35330e-01  
 81.7 5.6401e+00  14 6.35236e-01  
 81.8 5.6340e+00  14 6.35159e-01  
 81.9 5.6311e+00  14 6.35125e-01  
 82.0 5.6279e+00  14 6.35087e-01  
 82.1 5.6241e+00  14 6.35043e-01  
 82.2 5.6180e+00  14 6.34977e-01  
 82.3 5.6173e+00  14 6.34971e-01  
 82.4 5.6151e+00  14 6.34949e-01  
 82.5 5.6067e+00  14 6.34868e-01  
 82.6 5.6037e+00  14 6.34841e-01  
 82.7 5.5921e+00  14 6.34749e-01  
 82.8 5.5847e+00  14 6.34699e-01  
 82.9 5.5808e+00  14 6.34675e-01  
 83.0 5.5745e+00  14 6.34641e-01  
 83.1 5.5667e+00  14 6.34607e-01  
 83.2 5.5613e+00  14 6.34588e-01  
 83.3 5.5544e+00  14 6.34570e-01  
 83.4 5.5461e+00  14 6.34558e-01  
 83.5 5.5389e+00  14 6.34556e-01  
 83.6 5.7206e+00  14 6.36606e-01  
 83.7 5.7136e+00  14 6.36463e-01  
 83.8 5.7071e+00  14 6.36334e-01  
 83.9 5.7029e+00  14 6.36254e-01  
 84.0 5.6969e+00  14 6.36140e-01  
 84.1 5.6900e+00  14 6.36013e-01  
 84.2 5.6826e+00  14 6.35882e-01  
 84.3 5.6728e+00  14 6.35717e-01  
 84.4 5.6696e+00  14 6.35665e-01  
 84.5 5.6641e+00  14 6.35579e-01  
 84.6 5.6562e+00  14 6.35459e-01  
 84.7 5.6483e+00  14 6.35345e-01  
 84.8 5.6397e+00  14 6.35231e-01  
 84.9 5.6341e+00  14 6.35161e-01  
 85.0 5.6271e+00  14 6.35077e-01  
 85.1 5.6248e+00  14 6.35052e-01  
 85.2 5.6184e+00  14 6.34982e-01  
 85.3 5.6155e+00  14 6.34952e-01  
 85.4 5.6053e+00  14 6.34855e-01  
 85.5 5.6049e+00  14 6.34852e-01  
 85.6 5.5956e+00  14 6.34775e-01  
 85.7 5.5910e+00  14 6.34740e-01  
 85.8 5.7719e+00  14 6.37770e-01  
 85.9 5.7675e+00  14 6.37662e-01  
 86.0 5.7602e+00  14 6.37488e-01  
 86.1 5.7583e+00  14 6.37442e-01  
 86.2 5.7538e+00  14 6.37337e-01  
 86.3 5.7463e+00  14 6.37164e-01  
 86.4 5.7425e+00  14 6.37079e-01  
 86.5 5.7337e+00  14 6.36883e-01  
 86.6 5.7270e+00  14 6.36739e-01  
 86.7 5.7203e+00  14 6.36599e-01  
 86.8 5.7104e+00  14 6.36399e-01  
 86.9 5.7030e+00  14 6.36255e-01  
 87.0 5.6977e+00  14 6.36155e-01  
 87.1 5.6896e+00  14 6.36005e-01  
 87.2 5.6811e+00  14 6.35857e-01  
 87.3 5.6713e+00  14 6.35692e-01  
 87.4 5.6656e+00  14 6.35601e-01  
 87.5 5.6590e+00  14 6.35500e-01  
 87.6 5.6505e+00  14 6.35376e-01  
 87.7 5.6448e+00  14 6.35297e-01  
 87.8 5.6377e+00  14 6.35205e-01  
 87.9 5.8428e+00  14 6.39686e-01  
 88.0 5.8346e+00  14 6.39448e-01  
 88.1 5.8281e+00  14 6.39264e-01  
 88.2 5.8177e+00  14 6.38971e-01  
 88.3 5.8142e+00  14 6.38874e-01  
 88.4 5.8084e+00  14 6.38715e-01  
 88.5 5.8012e+00  14 6.38522e-01  
 88.6 5.7924e+00  14 6.38290e-01  
 88.7 5.7812e+00  14 6.38003e-01  
 88.8 5.7744e+00  14 6.37832e-01  
 88.9 5.7684e+00  14 6.37686e-01  
 89.0 5.7601e+00  14 6.37486e-01  
 89.1 5.7576e+00  14 6.37427e-01  
 89.2 5.7534e+00  14 6.37328e-01  
 89.3 5.7435e+00  14 6.37100e-01  
 89.4 5.7399e+00  14 6.37021e-01  
 89.5 5.7282e+00  14 6.36766e-01  
 89.6 5.7217e+00  14 6.36629e-01  
 89.7 5.7164e+00  14 6.36520e-01  
 89.8 5.7081e+00  14 6.36354e-01  
 89.9 5.7033e+00  14 6.36261e-01  
 90.0 5.6969e+00  14 6.36140e-01  
 90.1 5.9079e+00  14 6.41709e-01  
 90.2 5.9031e+00  14 6.41553e-01  
 90.3 5.8915e+00  14 6.41179e-01  
 90.4 5.8886e+00  14 6.41087e-01  
 90.5 5.8834e+00  14 6.40922e-01  
 90.6 5.8754e+00  14 6.40672e-01  
 90.7 5.8678e+00  14 6.40436e-01  
 90.8 5.8564e+00  14 6.40089e-01  
 90.9 5.8468e+00  14 6.39803e-01  
 91.0 5.8343e+00  14 6.39440e-01  
 91.1 5.8243e+00  14 6.39157e-01  
 91.2 5.8163e+00  14 6.38933e-01  
 91.3 5.8094e+00  14 6.38743e-01  
 91.4 5.8005e+00  14 6.38504e-01  
 91.5 5.7930e+00  14 6.38306e-01  
 91.6 5.7838e+00  14 6.38068e-01  
 91.7 5.7757e+00  14 6.37866e-01  
 91.8 5.7712e+00  14 6.37754e-01  
 91.9 5.7637e+00  14 6.37572e-01  
 92.0 5.7613e+00  14 6.37514e-01  
 92.1 5.7550e+00  14 6.37366e-01  
 92.2 5.7538e+00  14 6.37337e-01  
 92.3 5.9689e+00  14 6.43798e-01  
 92.4 5.9632e+00  14 6.43595e-01  
 92.5 5.9547e+00  14 6.43296e-01  
 92.6 5.9451e+00  14 6.42964e-01  
 92.7 5.9384e+00  14 6.42731e-01  
 92.8 5.9311e+00  14 6.42482e-01  
 92.9 5.9216e+00  14 6.42162e-01  
 93.0 5.9199e+00  14 6.42105e-01  
 93.1 5.9072e+00  14 6.41685e-01  
 93.2 5.9036e+00  14 6.41568e-01  
 93.3 5.8900e+00  14 6.41130e-01  
 93.4 5.8831e+00  14 6.40913e-01  
 93.5 5.8752e+00  14 6.40666e-01  
 93.6 5.8682e+00  14 6.40448e-01  
 93.7 5.8588e+00  14 6.40163e-01  
 93.8 5.8508e+00  14 6.39923e-01  
 93.9 5.8416e+00  14 6.39652e-01  
 94.0 5.8319e+00  14 6.39373e-01  
 94.1 5.8189e+00  14 6.39006e-01  
 94.2 5.8149e+00  14 6.38895e-01  
 94.3 5.8085e+00  14 6.38719e-01  
 94.4 5.8006e+00  14 6.38508e-01  
 94.5 6.0479e+00  14 6.46742e-01  
 94.6 6.0372e+00  14 6.46327e-01  
 94.7 6.0325e+00  14 6.46146e-01  
 94.8 6.0204e+00  14 6.45688e-01  
 94.9 6.0080e+00  14 6.45225e-01  
 95.0 5.9932e+00  14 6.44677e-01  
 95.1 5.9817e+00  14 6.44257e-01  
 95.2 5.9745e+00  14 6.43999e-01  
 95.3 5.9667e+00  14 6.43718e-01  
 95.4 5.9558e+00  14 6.43334e-01  
 95.5 5.9434e+00  14 6.42905e-01  
 95.6 5.9380e+00  14 6.42718e-01  
 95.7 5.9309e+00  14 6.42477e-01  
 95.8 5.9257e+00  14 6.42301e-01  
 95.9 5.9207e+00  14 6.42135e-01  
 96.0 5.9096e+00  14 6.41766e-01  
 96.1 5.9055e+00  14 6.41632e-01  
 96.2 5.8917e+00  14 6.41186e-01  
 96.3 5.8847e+00  14 6.40962e-01  
 96.4 5.8818e+00  14 6.40870e-01  
 96.5 5.8750e+00  14 6.40658e-01  
 96.6 5.8687e+00  14 6.40463e-01  
 96.7 6.1118e+00  14 6.49287e-01  
 96.8 6.1067e+00  14 6.49078e-01  
 96.9 6.0999e+00  14 6.48801e-01  
 97.0 6.0846e+00  14 6.48185e-01  
 97.1 6.0748e+00  14 6.47795e-01  
 97.2 6.0667e+00  14 6.47475e-01  
 97.3 6.0572e+00  14 6.47102e-01  
 97.4 6.0506e+00  14 6.46845e-01  
 97.5 6.0377e+00  14 6.46348e-01  
 97.6 6.0309e+00  14 6.46087e-01  
 97.7 6.0199e+00  14 6.45671e-01  
 97.8 6.0086e+00  14 6.45246e-01  
 97.9 5.9942e+00  14 6.44711e-01  
 98.0 5.9828e+00  14 6.44299e-01  
 98.1 5.9771e+00  14 6.44093e-01  
 98.2 5.9695e+00  14 6.43820e-01  
 98.3 5.9600e+00  14 6.43483e-01  
 98.4 5.9492e+00  14 6.43105e-01  
 98.5 5.9428e+00  14 6.42882e-01  
 98.6 5.9352e+00  14 6.42624e-01  
 98.7 5.9311e+00  14 6.42483e-01  
 98.8 5.9263e+00  14 6.42321e-01  
 98.9 5.9207e+00  14 6.42134e-01  
 99.0 6.1784e+00  14 6.52077e-01  
 99.1 6.1646e+00  14 6.51492e-01  
 99.2 6.1559e+00  14 6.51121e-01  
 99.3 6.1435e+00  14 6.50600e-01  
 99.4 6.1283e+00  14 6.49967e-01  
 99.5 6.1205e+00  14 6.49646e-01  
 99.6 6.1113e+00  14 6.49269e-01  
 99.7 6.1057e+00  14 6.49038e-01  
 99.8 6.0964e+00  14 6.48661e-01  
 99.9 6.0864e+00  14 6.48257e-01  
100.0 6.0781e+00  14 6.47926e-01  
100.1 6.0683e+00  14 6.47537e-01  
100.2 6.0610e+00  14 6.47251e-01  
100.3 6.0537e+00  14 6.46965e-01  
100.4 6.0439e+00  14 6.46584e-01  
100.5 6.0349e+00  14 6.46239e-01  
100.6 6.0275e+00  14 6.45956e-01  
100.7 6.0172e+00  14 6.45568e-01  
100.8 6.0071e+00  14 6.45191e-01  
100.9 5.9941e+00  14 6.44711e-01  
101.0 5.9852e+00  14 6.44384e-01  
101.1 5.9788e+00  14 6.44153e-01  
101.2 5.9698e+00  14 6.43830e-01  
101.3 6.2508e+00  14 6.55252e-01  
101.4 6.2296e+00  14 6.54312e-01  
101.5 6.2263e+00  14 6.54162e-01  
101.6 6.2129e+00  14 6.53576e-01  
101.7 6.2023e+00  14 6.53113e-01  
101.8 6.1879e+00  14 6.52487e-01  
101.9 6.1782e+00  14 6.52069e-01  
102.0 6.1651e+00  14 6.51510e-01  
102.1 6.1569e+00  14 6.51165e-01  
102.2 6.1454e+00  14 6.50681e-01  
102.3 6.1338e+00  14 6.50193e-01  
102.4 6.1197e+00  14 6.49611e-01  
102.5 6.1162e+00  14 6.49466e-01  
102.6 6.1063e+00  14 6.49062e-01  
102.7 6.1030e+00  14 6.48928e-01  
102.8 6.0986e+00  14 6.48752e-01  
102.9 6.0843e+00  14 6.48174e-01  
103.0 6.0806e+00  14 6.48027e-01  
103.1 6.0685e+00  14 6.47546e-01  
103.2 6.0618e+00  14 6.47283e-01  
103.3 6.0546e+00  14 6.47000e-01  
103.4 6.0429e+00  14 6.46547e-01  
103.5 6.0344e+00  14 6.46220e-01  
103.6 6.3157e+00  14 6.57965e-01  
103.7 6.3085e+00  14 6.57669e-01  
103.8 6.2891e+00  14 6.56869e-01  
103.9 6.2778e+00  14 6.56407e-01  
104.0 6.2692e+00  14 6.56058e-01  
104.1 6.2625e+00  14 6.55780e-01  
104.2 6.2510e+00  14 6.55260e-01  
104.3 6.2315e+00  14 6.54392e-01  
104.4 6.2316e+00  14 6.54398e-01  
104.5 6.2211e+00  14 6.53934e-01  
104.6 6.2060e+00  14 6.53271e-01  
104.7 6.1895e+00  14 6.52558e-01  
104.8 6.1833e+00  14 6.52289e-01  
104.9 6.1717e+00  14 6.51793e-01  
105.0 6.1639e+00  14 6.51459e-01  
105.1 6.1551e+00  14 6.51087e-01  
105.2 6.1445e+00  14 6.50643e-01  
105.3 6.1336e+00  14 6.50185e-01  
105.4 6.1232e+00  14 6.49756e-01  
105.5 6.1157e+00  14 6.49448e-01  
105.6 6.1060e+00  14 6.49052e-01  
105.7 6.0988e+00  14 6.48760e-01  
105.8 6.0879e+00  14 6.48316e-01  
105.9 6.3884e+00  14 6.61049e-01  
106.0 6.3756e+00  14 6.60499e-01  
106.1 6.3586e+00  14 6.59769e-01  
106.2 6.3459e+00  14 6.59230e-01  
106.3 6.3321e+00  14 6.58652e-01  
106.4 6.3191e+00  14 6.58107e-01  
106.5 6.3174e+00  14 6.58035e-01  
106.6 6.3102e+00  14 6.57736e-01  
106.7 6.2948e+00  14 6.57102e-01  
106.8 6.2902e+00  14 6.56913e-01  
106.9 6.2759e+00  14 6.56330e-01  
107.0 6.2681e+00  14 6.56012e-01  
107.1 6.2601e+00  14 6.55669e-01  
107.2 6.2501e+00  14 6.55222e-01  
107.3 6.2295e+00  14 6.54306e-01  
107.4 6.2293e+00  14 6.54298e-01  
107.5 6.2209e+00  14 6.53925e-01  
107.6 6.2086e+00  14 6.53385e-01  
107.7 6.1947e+00  14 6.52780e-01  
107.8 6.1843e+00  14 6.52332e-01  
107.9 6.1695e+00  14 6.51699e-01  
108.0 6.1609e+00  14 6.51335e-01  
108.1 6.1457e+00  14 6.50691e-01  
108.2 6.4622e+00  14 6.64296e-01  
108.3 6.4503e+00  14 6.63767e-01  
108.4 6.4357e+00  14 6.63121e-01  
108.5 6.4359e+00  14 6.63128e-01  
108.6 6.4159e+00  14 6.62247e-01  
108.7 6.4003e+00  14 6.61567e-01  
108.8 6.3925e+00  14 6.61229e-01  
108.9 6.3809e+00  14 6.60725e-01  
109.0 6.3678e+00  14 6.60163e-01  
109.1 6.3563e+00  14 6.59672e-01  
109.2 6.3424e+00  14 6.59082e-01  
109.3 6.3248e+00  14 6.58346e-01  
109.4 6.3205e+00  14 6.58167e-01  
109.5 6.3162e+00  14 6.57987e-01  
109.6 6.3103e+00  14 6.57742e-01  
109.7 6.2948e+00  14 6.57102e-01  
109.8 6.2901e+00  14 6.56911e-01  
109.9 6.2769e+00  14 6.56370e-01  
110.0 6.2696e+00  14 6.56075e-01  
110.1 6.2601e+00  14 6.55670e-01  
110.2 6.2489e+00  14 6.55168e-01  
110.3 6.2375e+00  14 6.54660e-01  
110.4 6.2246e+00  14 6.54088e-01  
110.5 6.2095e+00  14 6.53428e-01  
110.6 6.5429e+00  14 6.67950e-01  
110.7 6.5246e+00  14 6.67112e-01  
110.8 6.5113e+00  14 6.66510e-01  
110.9 6.4989e+00  14 6.65943e-01  
111.0 6.4922e+00  14 6.65645e-01  
111.1 6.4706e+00  14 6.64674e-01  
111.2 6.4567e+00  14 6.64051e-01  
111.3 6.4450e+00  14 6.63531e-01  
111.4 6.4356e+00  14 6.63115e-01  
111.5 6.4298e+00  14 6.62860e-01  
111.6 6.4159e+00  14 6.62247e-01  
111.7 6.3999e+00  14 6.61549e-01  
111.8 6.3918e+00  14 6.61196e-01  
111.9 6.3810e+00  14 6.60729e-01  
112.0 6.3691e+00  14 6.60217e-01  
112.1 6.3578e+00  14 6.59735e-01  
112.2 6.3455e+00  14 6.59213e-01  
112.3 6.3315e+00  14 6.58627e-01  
112.4 6.3206e+00  14 6.58169e-01  
112.5 6.3124e+00  14 6.57829e-01  
112.6 6.3086e+00  14 6.57672e-01  
112.7 6.2917e+00  14 6.56977e-01  
112.8 6.2769e+00  14 6.56370e-01  
112.9 6.2690e+00  14 6.56048e-01  
113.0 6.6127e+00  14 6.71187e-01  
113.1 6.5964e+00  14 6.70424e-01  
113.2 6.5760e+00  14 6.69476e-01  
113.3 6.5622e+00  14 6.68837e-01  
113.4 6.5566e+00  14 6.68581e-01  
113.5 6.5453e+00  14 6.68060e-01  
113.6 6.5414e+00  14 6.67882e-01  
113.7 6.5197e+00  14 6.66889e-01  
113.8 6.5060e+00  14 6.66265e-01  
113.9 6.4996e+00  14 6.65979e-01  
114.0 6.4920e+00  14 6.65632e-01  
114.1 6.4717e+00  14 6.64720e-01  
114.2 6.4574e+00  14 6.64081e-01  
114.3 6.4464e+00  14 6.63591e-01  
114.4 6.4353e+00  14 6.63100e-01  
114.5 6.4361e+00  14 6.63138e-01  
114.6 6.4210e+00  14 6.62471e-01  
114.7 6.4003e+00  14 6.61567e-01  
114.8 6.3906e+00  14 6.61144e-01  
114.9 6.3769e+00  14 6.60553e-01  
115.0 6.3591e+00  14 6.59790e-01  
115.1 6.3451e+00  14 6.59196e-01  
115.2 6.3312e+00  14 6.58614e-01  
115.3 6.3203e+00  14 6.58158e-01  
115.4 6.6890e+00  14 6.74794e-01  
115.5 6.6826e+00  14 6.74489e-01  
115.6 6.6634e+00  14 6.73575e-01  
115.7 6.6492e+00  14 6.72904e-01  
115.8 6.6382e+00  14 6.72386e-01  
115.9 6.6225e+00  14 6.71643e-01  
116.0 6.6097e+00  14 6.71045e-01  
116.1 6.5953e+00  14 6.70371e-01  
116.2 6.5773e+00  14 6.69535e-01  
116.3 6.5638e+00  14 6.68912e-01  
116.4 6.5572e+00  14 6.68609e-01  
116.5 6.5458e+00  14 6.68081e-01  
116.6 6.5388e+00  14 6.67760e-01  
116.7 6.5247e+00  14 6.67115e-01  
116.8 6.5132e+00  14 6.66592e-01  
116.9 6.5044e+00  14 6.66196e-01  
117.0 6.4918e+00  14 6.65627e-01  
117.1 6.4722e+00  14 6.64746e-01  
117.2 6.4558e+00  14 6.64010e-01  
117.3 6.4413e+00  14 6.63369e-01  
117.4 6.4391e+00  14 6.63272e-01  
117.5 6.4232e+00  14 6.62568e-01  
117.6 6.4011e+00  14 6.61600e-01  
117.7 6.3934e+00  14 6.61267e-01  
117.8 6.3814e+00  14 6.60747e-01  
117.9 6.7610e+00  14 6.78267e-01  
118.0 6.7528e+00  14 6.77867e-01  
118.1 6.7261e+00  14 6.76573e-01  
118.2 6.7154e+00  14 6.76058e-01  
118.3 6.7008e+00  14 6.75360e-01  
118.4 6.6889e+00  14 6.74787e-01  
118.5 6.6852e+00  14 6.74611e-01  
118.6 6.6647e+00  14 6.73636e-01  
118.7 6.6499e+00  14 6.72938e-01  
118.8 6.6412e+00  14 6.72524e-01  
118.9 6.6283e+00  14 6.71918e-01  
119.0 6.6152e+00  14 6.71302e-01  
119.1 6.5966e+00  14 6.70433e-01  
119.2 6.5866e+00  14 6.69968e-01  
119.3 6.5703e+00  14 6.69213e-01  
119.4 6.5567e+00  14 6.68582e-01  
119.5 6.5495e+00  14 6.68252e-01  
119.6 6.5416e+00  14 6.67891e-01  
119.7 6.5218e+00  14 6.66984e-01  
119.8 6.5069e+00  14 6.66310e-01  
119.9 6.4969e+00  14 6.65857e-01  
120.0 6.4838e+00  14 6.65265e-01  
120.1 6.4599e+00  14 6.64193e-01  
120.2 6.4485e+00  14 6.63685e-01  
120.3 6.4353e+00  14 6.63101e-01  
120.4 6.8279e+00  14 6.81544e-01  
120.5 6.8168e+00  14 6.80997e-01  
120.6 6.8084e+00  14 6.80584e-01  
120.7 6.7853e+00  14 6.79452e-01  
120.8 6.7752e+00  14 6.78958e-01  
120.9 6.7610e+00  14 6.78263e-01  
121.0 6.7545e+00  14 6.77946e-01  
121.1 6.7315e+00  14 6.76835e-01  
121.2 6.7203e+00  14 6.76296e-01  
121.3 6.7080e+00  14 6.75703e-01  
121.4 6.6917e+00  14 6.74924e-01  
121.5 6.6906e+00  14 6.74871e-01  
121.6 6.6779e+00  14 6.74266e-01  
121.7 6.6607e+00  14 6.73446e-01  
121.8 6.6463e+00  14 6.72767e-01  
121.9 6.6308e+00  14 6.72034e-01  
122.0 6.6139e+00  14 6.71243e-01  
122.1 6.5962e+00  14 6.70417e-01  
122.2 6.5741e+00  14 6.69387e-01  
122.3 6.5631e+00  14 6.68881e-01  
122.4 6.5515e+00  14 6.68345e-01  
122.5 6.5431e+00  14 6.67958e-01  
122.6 6.5236e+00  14 6.67068e-01  
122.7 6.5202e+00  14 6.66914e-01  
122.8 6.5045e+00  14 6.66201e-01  
122.9 6.9164e+00  14 6.85942e-01  
123.0 6.8950e+00  14 6.84876e-01  
123.1 6.8781e+00  14 6.84033e-01  
123.2 6.8636e+00  14 6.83310e-01  
123.3 6.8462e+00  14 6.82447e-01  
123.4 6.8310e+00  14 6.81698e-01  
123.5 6.8221e+00  14 6.81257e-01  
123.6 6.8113e+00  14 6.80727e-01  
123.7 6.8062e+00  14 6.80477e-01  
123.8 6.7803e+00  14 6.79209e-01  
123.9 6.7684e+00  14 6.78625e-01  
124.0 6.7615e+00  14 6.78290e-01  
124.1 6.7532e+00  14 6.77884e-01  
124.2 6.7256e+00  14 6.76548e-01  
124.3 6.7122e+00  14 6.75905e-01  
124.4 6.6927e+00  14 6.74970e-01  
124.5 6.6919e+00  14 6.74934e-01  
124.6 6.6663e+00  14 6.73712e-01  
124.7 6.6500e+00  14 6.72941e-01  
124.8 6.6397e+00  14 6.72455e-01  
124.9 6.6227e+00  14 6.71654e-01  
125.0 6.6086e+00  14 6.70995e-01  
125.1 6.5925e+00  14 6.70243e-01  
125.2 6.5753e+00  14 6.69445e-01  
125.3 6.5633e+00  14 6.68887e-01  
125.4 6.5491e+00  14 6.68235e-01  
125.5 6.9727e+00  14 6.88773e-01  
125.6 6.9606e+00  14 6.88164e-01  
125.7 6.9445e+00  14 6.87353e-01  
125.8 6.9376e+00  14 6.87006e-01  
125.9 6.9238e+00  14 6.86314e-01  
126.0 6.9090e+00  14 6.85572e-01  
126.1 6.8939e+00  14 6.84818e-01  
126.2 6.8774e+00  14 6.83997e-01  
126.3 6.8613e+00  14 6.83196e-01  
126.4 6.8421e+00  14 6.82249e-01  
126.5 6.8309e+00  14 6.81693e-01  
126.6 6.8167e+00  14 6.80992e-01  
126.7 6.8077e+00  14 6.80550e-01  
126.8 6.7868e+00  14 6.79523e-01  
126.9 6.7680e+00  14 6.78606e-01  
127.0 6.7605e+00  14 6.78241e-01  
127.1 6.7393e+00  14 6.77208e-01  
127.2 6.7217e+00  14 6.76360e-01  
127.3 6.7078e+00  14 6.75692e-01  
127.4 6.6898e+00  14 6.74834e-01  
127.5 6.6899e+00  14 6.74839e-01  
127.6 6.6658e+00  14 6.73689e-01  
127.7 6.6500e+00  14 6.72941e-01  
127.8 6.6406e+00  14 6.72499e-01  
127.9 6.6263e+00  14 6.71825e-01  
128.0 7.0662e+00  14 6.93523e-01  
128.1 7.0601e+00  14 6.93213e-01  
128.2 7.0327e+00  14 6.91814e-01  
128.3 7.0168e+00  14 6.91007e-01  
128.4 7.0043e+00  14 6.90373e-01  
128.5 6.9892e+00  14 6.89608e-01  
128.6 6.9694e+00  14 6.88610e-01  
128.7 6.9691e+00  14 6.88595e-01  
128.8 6.9448e+00  14 6.87370e-01  
128.9 6.9373e+00  14 6.86994e-01  
129.0 6.9242e+00  14 6.86336e-01  
129.1 6.9072e+00  14 6.85486e-01  
129.2 6.8881e+00  14 6.84532e-01  
129.3 6.8640e+00  14 6.83330e-01  
129.4 6.8455e+00  14 6.82415e-01  
129.5 6.8297e+00  14 6.81633e-01  
129.6 6.8169e+00  14 6.81002e-01  
129.7 6.8082e+00  14 6.80575e-01  
129.8 6.7866e+00  14 6.79515e-01  
129.9 6.7677e+00  14 6.78589e-01  
130.0 6.7609e+00  14 6.78261e-01  
130.1 6.7408e+00  14 6.77285e-01  
130.2 6.7239e+00  14 6.76465e-01  
130.3 6.7121e+00  14 6.75900e-01  
130.4 6.6956e+00  14 6.75110e-01  
130.5 6.6938e+00  14 6.75024e-01  
130.6 7.1345e+00  14 6.97025e-01  
130.7 7.1271e+00  14 6.96644e-01  
130.8 7.1183e+00  14 6.96190e-01  
130.9 7.0915e+00  14 6.94818e-01  
131.0 7.0815e+00  14 6.94305e-01  
131.1 7.0659e+00  14 6.93506e-01  
131.2 7.0601e+00  14 6.93213e-01  
131.3 7.0339e+00  14 6.91875e-01  
131.4 7.0179e+00  14 6.91064e-01  
131.5 7.0076e+00  14 6.90538e-01  
131.6 6.9910e+00  14 6.89701e-01  
131.7 6.9675e+00  14 6.88511e-01  
131.8 6.9627e+00  14 6.88268e-01  
131.9 6.9403e+00  14 6.87143e-01  
132.0 6.9243e+00  14 6.86339e-01  
132.1 6.9066e+00  14 6.85454e-01  
132.2 6.8887e+00  14 6.84560e-01  
132.3 6.8673e+00  14 6.83496e-01  
132.4 6.8489e+00  14 6.82583e-01  
132.5 6.8310e+00  14 6.81700e-01  
132.6 6.8207e+00  14 6.81188e-01  
132.7 6.8109e+00  14 6.80709e-01  
132.8 6.7909e+00  14 6.79723e-01  
132.9 6.7789e+00  14 6.79137e-01  
133.0 6.7665e+00  14 6.78534e-01  
133.1 6.7535e+00  14 6.77899e-01  
133.2 6.7343e+00  14 6.76967e-01  
133.3 7.2168e+00  14 7.01286e-01  
133.4 7.1960e+00  14 7.00201e-01  
133.5 7.1708e+00  14 6.98895e-01  
133.6 7.1560e+00  14 6.98131e-01  
133.7 7.1412e+00  14 6.97367e-01  
133.8 7.1270e+00  14 6.96638e-01  
133.9 7.1202e+00  14 6.96287e-01  
134.0 7.0993e+00  14 6.95218e-01  
134.1 7.0896e+00  14 6.94720e-01  
134.2 7.0660e+00  14 6.93510e-01  
134.3 7.0581e+00  14 6.93110e-01  
134.4 7.0228e+00  14 6.91313e-01  
134.5 7.0106e+00  14 6.90690e-01  
134.6 6.9931e+00  14 6.89808e-01  
134.7 6.9694e+00  14 6.88607e-01  
134.8 6.9693e+00  14 6.88600e-01  
134.9 6.9443e+00  14 6.87342e-01  
135.0 6.9282e+00  14 6.86534e-01  
135.1 6.9154e+00  14 6.85895e-01  
135.2 6.8965e+00  14 6.84949e-01  
135.3 6.8776e+00  14 6.84006e-01  
135.4 6.8609e+00  14 6.83177e-01  
135.5 6.8376e+00  14 6.82024e-01  
135.6 6.8295e+00  14 6.81621e-01  
135.7 6.8162e+00  14 6.80968e-01  
135.8 6.8051e+00  14 6.80423e-01  
135.9 7.2896e+00  14 7.05086e-01  
136.0 7.2742e+00  14 7.04276e-01  
136.1 7.2713e+00  14 7.04126e-01  
136.2 7.2567e+00  14 7.03361e-01  
136.3 7.2419e+00  14 7.02590e-01  
136.4 7.2198e+00  14 7.01440e-01  
136.5 7.2008e+00  14 7.00450e-01  
136.6 7.1865e+00  14 6.99709e-01  
136.7 7.1606e+00  14 6.98370e-01  
136.8 7.1426e+00  14 6.97442e-01  
136.9 7.1276e+00  14 6.96668e-01  
137.0 7.1177e+00  14 6.96161e-01  
137.1 7.0919e+00  14 6.94839e-01  
137.2 7.0751e+00  14 6.93976e-01  
137.3 7.0597e+00  14 6.93191e-01  
137.4 7.0348e+00  14 6.91923e-01  
137.5 7.0172e+00  14 6.91029e-01  
137.6 7.0032e+00  14 6.90315e-01  
137.7 6.9855e+00  14 6.89422e-01  
137.8 6.9683e+00  14 6.88554e-01  
137.9 6.9619e+00  14 6.88228e-01  
138.0 6.9421e+00  14 6.87233e-01  
138.1 6.9274e+00  14 6.86496e-01  
138.2 6.9138e+00  14 6.85812e-01  
138.3 6.8972e+00  14 6.84987e-01  
138.4 6.8766e+00  14 6.83958e-01  
138.5 6.8628e+00  14 6.83270e-01  
138.6 7.3663e+00  14 7.09111e-01  
138.7 7.3503e+00  14 7.08269e-01  
138.8 7.3368e+00  14 7.07559e-01  
138.9 7.3212e+00  14 7.06741e-01  
139.0 7.3033e+00  14 7.05801e-01  
139.1 7.2849e+00  14 7.04840e-01  
139.2 7.2755e+00  14 7.04347e-01  
139.3 7.2605e+00  14 7.03563e-01  
139.4 7.2463e+00  14 7.02821e-01  
139.5 7.2196e+00  14 7.01426e-01  
139.6 7.1999e+00  14 7.00405e-01  
139.7 7.1699e+00  14 6.98848e-01  
139.8 7.1471e+00  14 6.97672e-01  
139.9 7.1358e+00  14 6.97092e-01  
140.0 7.1194e+00  14 6.96248e-01  
140.1 7.1152e+00  14 6.96035e-01  
140.2 7.0896e+00  14 6.94722e-01  
140.3 7.0726e+00  14 6.93849e-01  
140.4 7.0605e+00  14 6.93233e-01  
140.5 7.0339e+00  14 6.91874e-01  
140.6 7.0170e+00  14 6.91016e-01  
140.7 7.0038e+00  14 6.90345e-01  
140.8 6.9873e+00  14 6.89513e-01  
140.9 6.9675e+00  14 6.88513e-01  
141.0 6.9682e+00  14 6.88545e-01  
141.1 6.9450e+00  14 6.87381e-01  
141.2 6.9285e+00  14 6.86552e-01  
141.3 7.4589e+00  14 7.14002e-01  
141.4 7.4296e+00  14 7.12451e-01  
141.5 7.4113e+00  14 7.11486e-01  
141.6 7.4054e+00  14 7.11175e-01  
141.7 7.3953e+00  14 7.10640e-01  
141.8 7.3641e+00  14 7.08996e-01  
141.9 7.3470e+00  14 7.08095e-01  
142.0 7.3280e+00  14 7.07099e-01  
142.1 7.3068e+00  14 7.05986e-01  
142.2 7.2842e+00  14 7.04800e-01  
142.3 7.2751e+00  14 7.04325e-01  
142.4 7.2587e+00  14 7.03467e-01  
142.5 7.2417e+00  14 7.02580e-01  
142.6 7.2201e+00  14 7.01457e-01  
142.7 7.1961e+00  14 7.00206e-01  
142.8 7.1733e+00  14 6.99027e-01  
142.9 7.1462e+00  14 6.97629e-01  
143.0 7.1360e+00  14 6.97101e-01  
143.1 7.1225e+00  14 6.96406e-01  
143.2 7.1160e+00  14 6.96074e-01  
143.3 7.0874e+00  14 6.94607e-01  
143.4 7.0756e+00  14 6.94002e-01  
143.5 7.0652e+00  14 6.93472e-01  
143.6 7.0399e+00  14 6.92182e-01  
143.7 7.0202e+00  14 6.91182e-01  
143.8 7.0110e+00  14 6.90713e-01  
143.9 6.9967e+00  14 6.89989e-01  
144.0 6.9797e+00  14 6.89129e-01  
144.1 7.5111e+00  14 7.16773e-01  
144.2 7.4942e+00  14 7.15875e-01  
144.3 7.4789e+00  14 7.15063e-01  
144.4 7.4679e+00  14 7.14483e-01  
144.5 7.4546e+00  14 7.13778e-01  
144.6 7.4289e+00  14 7.12414e-01  
144.7 7.4111e+00  14 7.11477e-01  
144.8 7.3973e+00  14 7.10748e-01  
144.9 7.3638e+00  14 7.08979e-01  
145.0 7.3462e+00  14 7.08053e-01  
145.1 7.3272e+00  14 7.07058e-01  
145.2 7.3066e+00  14 7.05977e-01  
145.3 7.2850e+00  14 7.04845e-01  
145.4 7.2755e+00  14 7.04347e-01  
145.5 7.2601e+00  14 7.03543e-01  
145.6 7.2454e+00  14 7.02771e-01  
145.7 7.2210e+00  14 7.01502e-01  
145.8 7.2037e+00  14 7.00601e-01  
145.9 7.1818e+00  14 6.99463e-01  
146.0 7.1573e+00  14 6.98201e-01  
146.1 7.1435e+00  14 6.97489e-01  
146.2 7.1263e+00  14 6.96604e-01  
146.3 7.1205e+00  14 6.96305e-01  
146.4 7.0982e+00  14 6.95161e-01  
146.5 7.0894e+00  14 6.94707e-01  
146.6 7.0735e+00  14 6.93896e-01  
146.7 7.0585e+00  14 6.93132e-01  
146.8 7.6060e+00  14 7.21826e-01  
146.9 7.5890e+00  14 7.20920e-01  
147.0 7.5716e+00  14 7.19993e-01  
147.1 7.5685e+00  14 7.19825e-01  
147.2 7.5416e+00  14 7.18394e-01  
147.3 7.5127e+00  14 7.16856e-01  
147.4 7.4875e+00  14 7.15522e-01  
147.5 7.4691e+00  14 7.14547e-01  
147.6 7.4595e+00  14 7.14035e-01  
147.7 7.4301e+00  14 7.12479e-01  
147.8 7.4134e+00  14 7.11598e-01  
147.9 7.3964e+00  14 7.10697e-01  
148.0 7.3688e+00  14 7.09245e-01  
148.1 7.3507e+00  14 7.08290e-01  
148.2 7.3343e+00  14 7.07431e-01  
148.3 7.3155e+00  14 7.06442e-01  
148.4 7.2937e+00  14 7.05301e-01  
148.5 7.2758e+00  14 7.04364e-01  
148.6 7.2717e+00  14 7.04149e-01  
148.7 7.2564e+00  14 7.03350e-01  
148.8 7.2394e+00  14 7.02461e-01  
148.9 7.2206e+00  14 7.01481e-01  
149.0 7.1996e+00  14 7.00389e-01  
149.1 7.1777e+00  14 6.99252e-01  
149.2 7.1593e+00  14 6.98302e-01  
149.3 7.1434e+00  14 6.97482e-01  
149.4 7.1278e+00  14 6.96680e-01  
149.5 7.1212e+00  14 6.96342e-01  
149.6 7.0999e+00  14 6.95249e-01  
149.7 7.6712e+00  14 7.25310e-01  
149.8 7.6504e+00  14 7.24197e-01  
149.9 7.6411e+00  14 7.23702e-01  
150.0 7.6062e+00  14 7.21837e-01  
