 15.1 1.4521e+00  13 4.46742e-02  
 15.2 1.4597e+00  13 4.50398e-02  
 15.3 1.4673e+00  13 4.54009e-02  
 15.4 1.4749e+00  13 4.57577e-02  
 15.5 1.4825e+00  13 4.61103e-02  
 15.6 1.4900e+00  13 4.64586e-02  
 15.7 1.4976e+00  13 4.68030e-02  
 15.8 1.5052e+00  13 4.71434e-02  
 15.9 1.5128e+00  13 4.74799e-02  
 16.0 1.5204e+00  13 4.77586e-02  
 16.1 1.5279e+00  13 4.80865e-02  
 16.2 1.5355e+00  13 4.84107e-02  
 16.3 1.5431e+00  13 4.87312e-02  
 16.4 1.5507e+00  13 4.90481e-02  
 16.5 1.5582e+00  13 4.93614e-02  
 16.6 1.5658e+00  13 4.96713e-02  
 16.7 1.5734e+00  13 4.99778e-02  
 16.8 1.5809e+00  13 5.02809e-02  
 16.9 1.5885e+00  13 5.05807e-02  
 17.0 1.5961e+00  13 5.08773e-02  
 17.1 1.6036e+00  13 5.11707e-02  
 17.2 1.6112e+00  13 5.14609e-02  
 17.3 1.6188e+00  13 5.17479e-02  
 17.4 1.6263e+00  13 5.20321e-02  
 17.5 1.6339e+00  13 5.23133e-02  
 17.6 1.6414e+00  13 5.25915e-02  
 17.7 1.6490e+00  13 5.28669e-02  
 17.8 1.6565e+00  13 5.31395e-02  
 17.9 1.6641e+00  13 5.34092e-02  
 18.0 1.6716e+00  13 5.36762e-02  
 18.1 1.6792e+00  13 5.39406e-02  
 18.2 1.6867e+00  13 5.41269e-02  
 18.3 1.6943e+00  13 5.43850e-02  
 18.4 1.7018e+00  13 5.46405e-02  
 18.5 1.7094e+00  13 5.48935e-02  
 18.6 1.7169e+00  13 5.51442e-02  
 18.7 1.7272e+00  13 5.56028e-02  
 18.8 1.7395e+00  13 5.62063e-02  
 18.9 1.7519e+00  13 5.68119e-02  
 19.0 1.7644e+00  13 5.74195e-02  
 19.1 1.7769e+00  13 5.80289e-02  
 19.2 1.7896e+00  13 5.86404e-02  
 19.3 1.8024e+00  13 5.92539e-02  
 19.4 1.8152e+00  13 5.98695e-02  
 19.5 1.8282e+00  13 6.04873e-02  
 19.6 1.8412e+00  13 6.11072e-02  
 19.7 1.8543e+00  13 6.17295e-02  
 19.8 1.8676e+00  13 6.23540e-02  
 19.9 1.8809e+00  13 6.29808e-02  
 20.0 1.8944e+00  13 6.36100e-02  
 20.1 1.9079e+00  13 6.42416e-02  
 20.2 1.9215e+00  13 6.48758e-02  
 20.3 1.7607e+01  14 1.00000e+00  
 20.4 1.7688e+01  14 1.00000e+00  
 20.5 1.7769e+01  14 1.00000e+00  
 20.6 1.7851e+01  14 1.00000e+00  
 20.7 1.7903e+01  14 1.00000e+00  
 20.8 1.7982e+01  14 1.00000e+00  
 20.9 1.8062e+01  14 1.00000e+00  
 21.0 1.8142e+01  14 1.00000e+00  
 21.1 1.8221e+01  14 1.00000e+00  
 21.2 1.8301e+01  14 1.00000e+00  
 21.3 1.8380e+01  14 1.00000e+00  
 21.4 1.8461e+01  14 1.00000e+00  
 21.5 1.8509e+01  14 1.00000e+00  
 21.6 1.8587e+01  14 1.00000e+00  
 21.7 1.8666e+01  14 1.00000e+00  
 21.8 1.8744e+01  14 1.00000e+00  
 21.9 1.8822e+01  14 1.00000e+00  
 22.0 1.8900e+01  14 1.00000e+00  
 22.1 1.8977e+01  14 1.00000e+00  
 22.2 1.9057e+01  14 1.00000e+00  
 22.3 1.9102e+01  14 1.00000e+00  
 22.4 1.9179e+01  14 1.00000e+00  
 22.5 1.9256e+01  14 1.00000e+00  
 22.6 1.9333e+01  14 1.00000e+00  
 22.7 1.9409e+01  14 1.00000e+00  
 22.8 1.9485e+01  14 1.00000e+00  
 22.9 1.9561e+01  14 1.00000e+00  
 23.0 1.9639e+01  14 1.00000e+00  
 23.1 1.9682e+01  14 1.00000e+00  
 23.2 5.5643e+00  14 2.47346e-01  
 23.3 5.6778e+00  14 2.52358e-01  
 23.4 5.7927e+00  14 2.57409e-01  
 23.5 5.9091e+00  14 2.62499e-01  
 23.6 6.0269e+00  14 2.67627e-01  
 23.7 6.1462e+00  14 2.72793e-01  
 23.8 6.2669e+00  14 2.78001e-01  
 23.9 6.3893e+00  14 2.83218e-01  
 24.0 6.5105e+00  14 2.88897e-01  
 24.1 6.6354e+00  14 2.94211e-01  
 24.2 6.7617e+00  14 2.99562e-01  
 24.3 6.8895e+00  14 3.04949e-01  
 24.4 7.0187e+00  14 3.10378e-01  
 24.5 7.1493e+00  14 3.15845e-01  
 24.6 7.2814e+00  14 3.21349e-01  
 24.7 7.4154e+00  14 3.26859e-01  
 24.8 7.5456e+00  14 3.32797e-01  
 24.9 7.6818e+00  14 3.38400e-01  
 25.0 7.8195e+00  14 3.44039e-01  
 25.1 7.9586e+00  14 3.49721e-01  
 25.2 8.0992e+00  14 3.55437e-01  
 25.3 8.2412e+00  14 3.61189e-01  
 25.4 8.3847e+00  14 3.66977e-01  
 25.5 8.5303e+00  14 3.72769e-01  
 25.6 8.6692e+00  14 3.78958e-01  
 25.7 8.8168e+00  14 3.84845e-01  
 25.8 8.9658e+00  14 3.90767e-01  
 25.9 9.1163e+00  14 3.96726e-01  
 26.0 9.2682e+00  14 4.02719e-01  
 26.1 9.4216e+00  14 4.08746e-01  
 26.2 9.5765e+00  14 4.14807e-01  
 26.3 9.7331e+00  14 4.20894e-01  
 26.4 9.8808e+00  14 4.27312e-01  
 26.5 1.0040e+01  14 4.33471e-01  
 26.6 1.0200e+01  14 4.39665e-01  
 26.7 1.0362e+01  14 4.45893e-01  
 26.8 1.0525e+01  14 4.52155e-01  
 26.9 1.0690e+01  14 4.58450e-01  
 27.0 1.0856e+01  14 4.64778e-01  
 27.1 1.1024e+01  14 4.71140e-01  
 27.2 1.1180e+01  14 4.77792e-01  
 27.3 1.1350e+01  14 4.84217e-01  
 27.4 1.1522e+01  14 4.90675e-01  
 27.5 1.1695e+01  14 4.97166e-01  
 27.6 1.1869e+01  14 5.03690e-01  
 27.7 1.2045e+01  14 5.10246e-01  
 27.8 1.2223e+01  14 5.16836e-01  
 27.9 1.2402e+01  14 5.23459e-01  
 28.0 1.2584e+01  14 5.30096e-01  
 28.1 1.2747e+01  14 5.37030e-01  
 28.2 1.2930e+01  14 5.43747e-01  
 28.3 1.3114e+01  14 5.50496e-01  
 28.4 1.3300e+01  14 5.57278e-01  
 28.5 1.3487e+01  14 5.64092e-01  
 28.6 1.3675e+01  14 5.70939e-01  
 28.7 1.3865e+01  14 5.77818e-01  
 28.8 1.4057e+01  14 5.84730e-01  
 28.9 1.4229e+01  14 5.91874e-01  
 29.0 1.4423e+01  14 5.98843e-01  
 29.1 1.4618e+01  14 6.05847e-01  
 29.2 1.4815e+01  14 6.12883e-01  
 29.3 1.5013e+01  14 6.19950e-01  
 29.4 1.5212e+01  14 6.27051e-01  
 29.5 1.5413e+01  14 6.34183e-01  
 29.6 1.5616e+01  14 6.41349e-01  
 29.7 1.5794e+01  14 6.48716e-01  
 29.8 1.5999e+01  14 6.55939e-01  
 29.9 1.6205e+01  14 6.63192e-01  
 30.0 1.6413e+01  14 6.70477e-01  
 30.1 1.6622e+01  14 6.77796e-01  
 30.2 1.6832e+01  14 6.85146e-01  
 30.3 1.7044e+01  14 6.92527e-01  
 30.4 1.7257e+01  14 6.99939e-01  
 30.5 1.7473e+01  14 7.07379e-01  
 30.6 1.7657e+01  14 7.15000e-01  
 30.7 1.7874e+01  14 7.22503e-01  
 30.8 1.8093e+01  14 7.30069e-01  
 30.9 1.8313e+01  14 7.37635e-01  
 31.0 1.8534e+01  14 7.45233e-01  
 31.1 1.8756e+01  14 7.52862e-01  
 31.2 1.8980e+01  14 7.60522e-01  
 31.3 1.9205e+01  14 7.68213e-01  
 31.4 1.9396e+01  14 7.76048e-01  
 31.5 1.9623e+01  14 7.83798e-01  
 31.6 1.9852e+01  14 7.91579e-01  
 31.7 2.0082e+01  14 7.99392e-01  
 31.8 2.0313e+01  14 8.07235e-01  
 31.9 2.0546e+01  14 8.15109e-01  
 32.0 2.0780e+01  14 8.23015e-01  
 32.1 2.1015e+01  14 8.30951e-01  
 32.2 2.1205e+01  14 8.39010e-01  
 32.3 2.1447e+01  14 8.46995e-01  
 32.4 2.1686e+01  14 8.55020e-01  
 32.5 2.1926e+01  14 8.63077e-01  
 32.6 2.2168e+01  14 8.71165e-01  
 32.7 2.2410e+01  14 8.79284e-01  
 32.8 2.2654e+01  14 8.87434e-01  
 32.9 2.2900e+01  14 8.95614e-01  
 33.0 2.3146e+01  14 9.03826e-01  
 33.1 2.3341e+01  14 9.12117e-01  
 33.2 2.3593e+01  14 9.20383e-01  
 33.3 2.3843e+01  14 9.28683e-01  
 33.4 2.4094e+01  14 9.37013e-01  
 33.5 2.4347e+01  14 9.45375e-01  
 33.6 2.4600e+01  14 9.53767e-01  
 33.7 2.4855e+01  14 9.62191e-01  
 33.8 2.5111e+01  14 9.70645e-01  
 33.9 2.5302e+01  14 9.79143e-01  
 34.0 2.5567e+01  14 9.87653e-01  
 34.1 2.5827e+01  14 9.96195e-01  
 34.2 2.5969e+01  14 1.00000e+00  
 34.3 2.6014e+01  14 1.00000e+00  
 34.4 2.6060e+01  14 1.00000e+00  
 34.5 2.6105e+01  14 1.00000e+00  
 34.6 2.6150e+01  14 1.00000e+00  
 34.7 2.6193e+01  14 1.00000e+00  
 34.8 2.6163e+01  14 1.00000e+00  
 34.9 2.6215e+01  14 1.00000e+00  
 35.0 2.6258e+01  14 1.00000e+00  
 35.1 2.6301e+01  14 1.00000e+00  
 35.2 2.6217e+01  14 1.00000e+00  
 35.3 2.6260e+01  14 1.00000e+00  
 35.4 2.6302e+01  14 1.00000e+00  
 35.5 2.6344e+01  14 1.00000e+00  
 35.6 2.6245e+01  14 1.00000e+00  
 35.7 2.6209e+01  14 1.00000e+00  
 35.8 2.6258e+01  14 1.00000e+00  
 35.9 2.6299e+01  14 1.00000e+00  
 36.0 2.6339e+01  14 1.00000e+00  
 36.1 2.6238e+01  14 1.00000e+00  
 36.2 2.6278e+01  14 1.00000e+00  
 36.3 2.6318e+01  14 1.00000e+00  
 36.4 2.6357e+01  14 1.00000e+00  
 36.5 2.6396e+01  14 1.00000e+00  
 36.6 2.5416e+01  14 1.00000e+00  
 36.7 2.3709e+01  14 1.00000e+00  
 36.8 2.1103e+01  14 1.00000e+00  
 36.9 1.9787e+01  14 1.00000e+00  
 37.0 1.7198e+01  14 1.00000e+00  
 37.1 1.5890e+01  14 1.00000e+00  
 37.2 1.3837e+01  14 1.00000e+00  
 37.3 1.3818e+01  14 1.00000e+00  
 37.4 1.3759e+01  14 1.00000e+00  
 37.5 1.3796e+01  14 1.00000e+00  
 37.6 1.3727e+01  14 1.00000e+00  
 37.7 1.3692e+01  14 1.00000e+00  
 37.8 1.3590e+01  14 1.00000e+00  
 37.9 1.3562e+01  14 1.00000e+00  
 38.0 1.3538e+01  14 1.00000e+00  
 38.1 1.3561e+01  14 1.00000e+00  
 38.2 1.3471e+01  14 1.00000e+00  
 38.3 1.3440e+01  14 1.00000e+00  
 38.4 1.3346e+01  14 1.00000e+00  
 38.5 1.3306e+01  14 1.00000e+00  
 38.6 1.3260e+01  14 1.00000e+00  
 38.7 1.3215e+01  14 1.00000e+00  
 38.8 1.3200e+01  14 9.99945e-01  
 38.9 1.3072e+01  14 9.93463e-01  
 39.0 1.3048e+01  14 9.92233e-01  
 39.1 1.2915e+01  14 9.85455e-01  
 39.2 1.2811e+01  14 9.80141e-01  
 39.3 1.2851e+01  14 9.82229e-01  
 39.4 1.2616e+01  14 9.70161e-01  
 39.5 1.2726e+01  14 9.75836e-01  
 39.6 1.2734e+01  14 9.76214e-01  
 39.7 1.2767e+01  14 9.77891e-01  
 39.8 1.2498e+01  14 9.64124e-01  
 39.9 1.2578e+01  14 9.68222e-01  
 40.0 1.2657e+01  14 9.72258e-01  
 40.1 1.2735e+01  14 9.76258e-01  
 40.2 1.2818e+01  14 9.80513e-01  
 40.3 1.2929e+01  14 9.86206e-01  
 40.4 1.3238e+01  14 1.00000e+00  
 40.5 1.3272e+01  14 1.00000e+00  
 40.6 1.3308e+01  14 1.00000e+00  
 40.7 1.3339e+01  14 1.00000e+00  
 40.8 1.3371e+01  14 1.00000e+00  
 40.9 1.3402e+01  14 1.00000e+00  
 41.0 1.3433e+01  14 1.00000e+00  
 41.1 1.3463e+01  14 1.00000e+00  
 41.2 1.3493e+01  14 1.00000e+00  
 41.3 1.3524e+01  14 1.00000e+00  
 41.4 1.3568e+01  14 1.00000e+00  
 41.5 1.3704e+01  14 1.00000e+00  
 41.6 1.3739e+01  14 1.00000e+00  
 41.7 1.3775e+01  14 1.00000e+00  
 41.8 1.3805e+01  14 1.00000e+00  
 41.9 1.3837e+01  14 1.00000e+00  
 42.0 1.3869e+01  14 1.00000e+00  
 42.1 1.3900e+01  14 1.00000e+00  
 42.2 1.3930e+01  14 1.00000e+00  
 42.3 1.3960e+01  14 1.00000e+00  
 42.4 1.3996e+01  14 1.00000e+00  
 42.5 1.4040e+01  14 1.00000e+00  
 42.6 1.4083e+01  14 1.00000e+00  
 42.7 1.4149e+01  14 1.00000e+00  
 42.8 1.4256e+01  14 1.00000e+00  
 42.9 1.4292e+01  14 1.00000e+00  
 43.0 1.4325e+01  14 1.00000e+00  
 43.1 1.4357e+01  14 1.00000e+00  
 43.2 1.4389e+01  14 1.00000e+00  
 43.3 1.4420e+01  14 1.00000e+00  
 43.4 1.4451e+01  14 1.00000e+00  
 43.5 1.4481e+01  14 1.00000e+00  
 43.6 1.4515e+01  14 1.00000e+00  
 43.7 1.4559e+01  14 1.00000e+00  
 43.8 1.4635e+01  14 1.00000e+00  
 43.9 1.4688e+01  14 1.00000e+00  
 44.0 1.4736e+01  14 1.00000e+00  
 44.1 1.4816e+01  14 1.00000e+00  
 44.2 1.4853e+01  14 1.00000e+00  
 44.3 1.4884e+01  14 1.00000e+00  
 44.4 1.4917e+01  14 1.00000e+00  
 44.5 1.4949e+01  14 1.00000e+00  
 44.6 1.4969e+01  14 1.00000e+00  
 44.7 1.4999e+01  14 1.00000e+00  
 44.8 1.5037e+01  14 1.00000e+00  
 44.9 1.5101e+01  14 1.00000e+00  
 45.0 1.5161e+01  14 1.00000e+00  
 45.1 1.5214e+01  14 1.00000e+00  
 45.2 1.5261e+01  14 1.00000e+00  
 45.3 1.5346e+01  14 1.00000e+00  
 45.4 1.5383e+01  14 1.00000e+00  
 45.5 1.5415e+01  14 1.00000e+00  
 45.6 1.5448e+01  14 1.00000e+00  
 45.7 1.5480e+01  14 1.00000e+00  
 45.8 1.5512e+01  14 1.00000e+00  
 45.9 1.5544e+01  14 1.00000e+00  
 46.0 1.5574e+01  14 1.00000e+00  
 46.1 1.5607e+01  14 1.00000e+00  
 46.2 1.5651e+01  14 1.00000e+00  
 46.3 1.5729e+01  14 1.00000e+00  
 46.4 1.5785e+01  14 1.00000e+00  
 46.5 1.5835e+01  14 1.00000e+00  
 46.6 1.5880e+01  14 1.00000e+00  
 46.7 1.5963e+01  14 1.00000e+00  
 46.8 1.6000e+01  14 1.00000e+00  
 46.9 1.6032e+01  14 1.00000e+00  
 47.0 1.6065e+01  14 1.00000e+00  
 47.1 1.6098e+01  14 1.00000e+00  
 47.2 1.6130e+01  14 1.00000e+00  
 47.3 1.6162e+01  14 1.00000e+00  
 47.4 1.6193e+01  14 1.00000e+00  
 47.5 1.6225e+01  14 1.00000e+00  
 47.6 1.6297e+01  14 1.00000e+00  
 47.7 1.6357e+01  14 1.00000e+00  
 47.8 1.6410e+01  14 1.00000e+00  
 47.9 1.6458e+01  14 1.00000e+00  
 48.0 1.6503e+01  14 1.00000e+00  
 48.1 1.6589e+01  14 1.00000e+00  
 48.2 1.6627e+01  14 1.00000e+00  
 48.3 1.6672e+01  14 1.00000e+00  
 48.4 1.6706e+01  14 1.00000e+00  
 48.5 1.6752e+01  14 1.00000e+00  
 48.6 1.6786e+01  14 1.00000e+00  
 48.7 1.6835e+01  14 1.00000e+00  
 48.8 1.6868e+01  14 1.00000e+00  
 48.9 1.6920e+01  14 1.00000e+00  
 49.0 1.6952e+01  14 1.00000e+00  
 49.1 1.7006e+01  14 1.00000e+00  
 49.2 1.7038e+01  14 1.00000e+00  
 49.3 1.7093e+01  14 1.00000e+00  
 49.4 1.7123e+01  14 1.00000e+00  
 49.5 1.7180e+01  14 1.00000e+00  
 49.6 1.7208e+01  14 1.00000e+00  
 49.7 1.7267e+01  14 1.00000e+00  
 49.8 1.7292e+01  14 1.00000e+00  
 49.9 1.7353e+01  14 1.00000e+00  
 50.0 1.7413e+01  14 1.00000e+00  
 50.1 1.7437e+01  14 1.00000e+00  
 50.2 1.7499e+01  14 1.00000e+00  
 50.3 1.7519e+01  14 1.00000e+00  
 50.4 1.7583e+01  14 1.00000e+00  
 50.5 1.7645e+01  14 1.00000e+00  
 50.6 1.7654e+01  14 1.00000e+00  
 50.7 1.7718e+01  14 1.00000e+00  
 50.8 1.7785e+01  14 1.00000e+00  
 50.9 1.7798e+01  14 1.00000e+00  
 51.0 1.7863e+01  14 1.00000e+00  
 51.1 1.7930e+01  14 1.00000e+00  
 51.2 1.7941e+01  14 1.00000e+00  
 51.3 1.8007e+01  14 1.00000e+00  
 51.4 1.8070e+01  14 1.00000e+00  
 51.5 1.8082e+01  14 1.00000e+00  
 51.6 1.8149e+01  14 1.00000e+00  
 51.7 1.8162e+01  14 1.00000e+00  
 51.8 1.8221e+01  14 1.00000e+00  
 51.9 1.8289e+01  14 1.00000e+00  
 52.0 1.8298e+01  14 1.00000e+00  
 52.1 1.8357e+01  14 1.00000e+00  
 52.2 1.8424e+01  14 1.00000e+00  
 52.3 1.8433e+01  14 1.00000e+00  
 52.4 1.8479e+01  14 1.00000e+00  
 52.5 1.8557e+01  14 1.00000e+00  
 52.6 1.8569e+01  14 1.00000e+00  
 52.7 1.8613e+01  14 1.00000e+00  
 52.8 1.8685e+01  14 1.00000e+00  
 52.9 1.8751e+01  14 1.00000e+00  
 53.0 1.8751e+01  14 1.00000e+00  
 53.1 1.8785e+01  14 1.00000e+00  
 53.2 1.8880e+01  14 1.00000e+00  
 53.3 1.8887e+01  14 1.00000e+00  
 53.4 1.8930e+01  14 1.00000e+00  
 53.5 1.8955e+01  14 1.00000e+00  
 53.6 1.9066e+01  14 1.00000e+00  
 53.7 1.9070e+01  14 1.00000e+00  
 53.8 1.9113e+01  14 1.00000e+00  
 53.9 1.9139e+01  14 1.00000e+00  
 54.0 1.9242e+01  14 1.00000e+00  
 54.1 1.9250e+01  14 1.00000e+00  
 54.2 1.9295e+01  14 1.00000e+00  
 54.3 1.9322e+01  14 1.00000e+00  
 54.4 1.9323e+01  14 1.00000e+00  
 54.5 1.9431e+01  14 1.00000e+00  
 54.6 1.9479e+01  14 1.00000e+00  
 54.7 1.9513e+01  14 1.00000e+00  
 54.8 1.9515e+01  14 1.00000e+00  
 54.9 1.9660e+01  14 1.00000e+00  
 55.0 1.9662e+01  14 1.00000e+00  
 55.1 1.9705e+01  14 1.00000e+00  
 55.2 1.9732e+01  14 1.00000e+00  
 55.3 1.9732e+01  14 1.00000e+00  
 55.4 1.9893e+01  14 1.00000e+00  
 55.5 1.9891e+01  14 1.00000e+00  
 55.6 1.9933e+01  14 1.00000e+00  
 55.7 1.9955e+01  14 1.00000e+00  
 55.8 1.9958e+01  14 1.00000e+00  
 55.9 2.0016e+01  14 1.00000e+00  
 56.0 2.0121e+01  14 1.00000e+00  
 56.1 2.0165e+01  14 1.00000e+00  
 56.2 2.0193e+01  14 1.00000e+00  
 56.3 2.0197e+01  14 1.00000e+00  
 56.4 2.0234e+01  14 1.00000e+00  
 56.5 2.0347e+01  14 1.00000e+00  
 56.6 2.0397e+01  14 1.00000e+00  
 56.7 2.0436e+01  14 1.00000e+00  
 56.8 2.0462e+01  14 1.00000e+00  
 56.9 2.0465e+01  14 1.00000e+00  
 57.0 2.0514e+01  14 1.00000e+00  
 57.1 2.0676e+01  14 1.00000e+00  
 57.2 2.0674e+01  14 1.00000e+00  
 57.3 2.0716e+01  14 1.00000e+00  
 57.4 2.0750e+01  14 1.00000e+00  
 57.5 2.0756e+01  14 1.00000e+00  
 57.6 2.0777e+01  14 1.00000e+00  
 57.7 2.0830e+01  14 1.00000e+00  
 57.8 2.0998e+01  14 1.00000e+00  
 57.9 2.0996e+01  14 1.00000e+00  
 58.0 2.1037e+01  14 1.00000e+00  
 58.1 2.1069e+01  14 1.00000e+00  
 58.2 2.1075e+01  14 1.00000e+00  
 58.3 2.1099e+01  14 1.00000e+00  
 58.4 2.1146e+01  14 1.00000e+00  
 58.5 2.1320e+01  14 1.00000e+00  
 58.6 2.1318e+01  14 1.00000e+00  
 58.7 2.1365e+01  14 1.00000e+00  
 58.8 2.1403e+01  14 1.00000e+00  
 58.9 2.1409e+01  14 1.00000e+00  
 59.0 2.1432e+01  14 1.00000e+00  
 59.1 2.1471e+01  14 1.00000e+00  
 59.2 2.1629e+01  14 1.00000e+00  
 59.3 2.1693e+01  14 1.00000e+00  
 59.4 2.1690e+01  14 1.00000e+00  
 59.5 2.1737e+01  14 1.00000e+00  
 59.6 2.1777e+01  14 1.00000e+00  
 59.7 2.1808e+01  14 1.00000e+00  
 59.8 2.1817e+01  14 1.00000e+00  
 59.9 2.1839e+01  14 1.00000e+00  
 60.0 2.1990e+01  14 1.00000e+00  
 60.1 2.2049e+01  14 1.00000e+00  
 60.2 2.2116e+01  14 1.00000e+00  
 60.3 2.2107e+01  14 1.00000e+00  
 60.4 2.2157e+01  14 1.00000e+00  
 60.5 2.2200e+01  14 1.00000e+00  
 60.6 2.2234e+01  14 1.00000e+00  
 60.7 2.2244e+01  14 1.00000e+00  
 60.8 2.2287e+01  14 1.00000e+00  
 60.9 2.2385e+01  14 1.00000e+00  
 61.0 2.2440e+01  14 1.00000e+00  
 61.1 2.2506e+01  14 1.00000e+00  
 61.2 2.2568e+01  14 1.00000e+00  
 61.3 2.2627e+01  14 1.00000e+00  
 61.4 2.2621e+01  14 1.00000e+00  
 61.5 2.2669e+01  14 1.00000e+00  
 61.6 2.2712e+01  14 1.00000e+00  
 61.7 2.2750e+01  14 1.00000e+00  
 61.8 2.2822e+01  14 1.00000e+00  
 61.9 2.2817e+01  14 1.00000e+00  
 62.0 2.2880e+01  14 1.00000e+00  
 62.1 2.2944e+01  14 1.00000e+00  
 62.2 2.3008e+01  14 1.00000e+00  
 62.3 2.3070e+01  14 1.00000e+00  
 62.4 2.3132e+01  14 1.00000e+00  
 62.5 2.3197e+01  14 1.00000e+00  
 62.6 2.3180e+01  14 1.00000e+00  
 62.7 2.3232e+01  14 1.00000e+00  
 62.8 2.3279e+01  14 1.00000e+00  
 62.9 2.3234e+01  14 1.00000e+00  
 63.0 2.3285e+01  14 1.00000e+00  
 63.1 2.3350e+01  14 1.00000e+00  
 63.2 2.3417e+01  14 1.00000e+00  
 63.3 2.3480e+01  14 1.00000e+00  
 63.4 2.3543e+01  14 1.00000e+00  
 63.5 2.3600e+01  14 1.00000e+00  
 63.6 2.3663e+01  14 1.00000e+00  
 63.7 2.3726e+01  14 1.00000e+00  
 63.8 2.3787e+01  14 1.00000e+00  
 63.9 2.3848e+01  14 1.00000e+00  
 64.0 2.3867e+01  14 1.00000e+00  
 64.1 2.3866e+01  14 1.00000e+00  
 64.2 2.3879e+01  14 1.00000e+00  
 64.3 2.3909e+01  14 1.00000e+00  
 64.4 2.3939e+01  14 1.00000e+00  
 64.5 2.3983e+01  14 1.00000e+00  
 64.6 2.4030e+01  14 1.00000e+00  
 64.7 2.4089e+01  14 1.00000e+00  
 64.8 2.4156e+01  14 1.00000e+00  
 64.9 2.4212e+01  14 1.00000e+00  
 65.0 2.4273e+01  14 1.00000e+00  
 65.1 2.4336e+01  14 1.00000e+00  
 65.2 2.4393e+01  14 1.00000e+00  
 65.3 2.4421e+01  14 1.00000e+00  
 65.4 2.4497e+01  14 1.00000e+00  
 65.5 2.4546e+01  14 1.00000e+00  
 65.6 2.4597e+01  14 1.00000e+00  
 65.7 2.4644e+01  14 1.00000e+00  
 65.8 2.4689e+01  14 1.00000e+00  
 65.9 2.4733e+01  14 1.00000e+00  
 66.0 2.4775e+01  14 1.00000e+00  
 66.1 2.4814e+01  14 1.00000e+00  
 66.2 2.4825e+01  14 1.00000e+00  
 66.3 2.4862e+01  14 1.00000e+00  
 66.4 2.4894e+01  14 1.00000e+00  
 66.5 2.4927e+01  14 1.00000e+00  
 66.6 2.4972e+01  14 1.00000e+00  
 66.7 2.5100e+01  14 1.00000e+00  
 66.8 2.5177e+01  14 1.00000e+00  
 66.9 2.5194e+01  14 1.00000e+00  
 67.0 2.5253e+01  14 1.00000e+00  
 67.1 2.5308e+01  14 1.00000e+00  
 67.2 2.5367e+01  14 1.00000e+00  
 67.3 2.5423e+01  14 1.00000e+00  
 67.4 2.5479e+01  14 1.00000e+00  
 67.5 2.5534e+01  14 1.00000e+00  
 67.6 2.5585e+01  14 1.00000e+00  
 67.7 2.5648e+01  14 1.00000e+00  
 67.8 2.5706e+01  14 1.00000e+00  
 67.9 2.5765e+01  14 1.00000e+00  
 68.0 2.5730e+01  14 1.00000e+00  
 68.1 2.5776e+01  14 1.00000e+00  
 68.2 2.5828e+01  14 1.00000e+00  
 68.3 2.5878e+01  14 1.00000e+00  
 68.4 2.5925e+01  14 1.00000e+00  
 68.5 2.5992e+01  14 1.00000e+00  
 68.6 2.5947e+01  14 1.00000e+00  
 68.7 2.5984e+01  14 1.00000e+00  
 68.8 2.6020e+01  14 1.00000e+00  
 68.9 2.6062e+01  14 1.00000e+00  
 69.0 2.6110e+01  14 1.00000e+00  
 69.1 2.6157e+01  14 1.00000e+00  
 69.2 2.6204e+01  14 1.00000e+00  
 69.3 2.6252e+01  14 1.00000e+00  
 69.4 2.6299e+01  14 1.00000e+00  
 69.5 2.6346e+01  14 1.00000e+00  
 69.6 2.6395e+01  14 1.00000e+00  
 69.7 2.6448e+01  14 1.00000e+00  
 69.8 2.6507e+01  14 1.00000e+00  
 69.9 2.6566e+01  14 1.00000e+00  
 70.0 2.6624e+01  14 1.00000e+00  
 70.1 2.6682e+01  14 1.00000e+00  
 70.2 2.6739e+01  14 1.00000e+00  
 70.3 2.6793e+01  14 1.00000e+00  
 70.4 2.6843e+01  14 1.00000e+00  
 70.5 2.6901e+01  14 1.00000e+00  
 70.6 2.6882e+01  14 1.00000e+00  
 70.7 2.6932e+01  14 1.00000e+00  
 70.8 2.7106e+01  14 1.00000e+00  
 70.9 2.7154e+01  14 1.00000e+00  
 71.0 2.7209e+01  14 1.00000e+00  
 71.1 2.7263e+01  14 1.00000e+00  
 71.2 2.7314e+01  14 1.00000e+00  
 71.3 2.7359e+01  14 1.00000e+00  
 71.4 2.7421e+01  14 1.00000e+00  
 71.5 2.7470e+01  14 1.00000e+00  
 71.6 2.7521e+01  14 1.00000e+00  
 71.7 2.7575e+01  14 1.00000e+00  
 71.8 2.7616e+01  14 1.00000e+00  
 71.9 2.7679e+01  14 1.00000e+00  
 72.0 2.7734e+01  14 1.00000e+00  
 72.1 2.7776e+01  14 1.00000e+00  
 72.2 2.7728e+01  14 1.00000e+00  
 72.3 2.7777e+01  14 1.00000e+00  
 72.4 2.7822e+01  14 1.00000e+00  
 72.5 2.7944e+01  14 1.00000e+00  
 72.6 2.7812e+01  14 1.00000e+00  
 72.7 2.7952e+01  14 1.00000e+00  
 72.8 2.7988e+01  14 1.00000e+00  
 72.9 2.8039e+01  14 1.00000e+00  
 73.0 2.8085e+01  14 1.00000e+00  
 73.1 2.8128e+01  14 1.00000e+00  
 73.2 2.8168e+01  14 1.00000e+00  
 73.3 2.8180e+01  14 1.00000e+00  
 73.4 2.8223e+01  14 1.00000e+00  
 73.5 2.8267e+01  14 1.00000e+00  
 73.6 2.8305e+01  14 1.00000e+00  
 73.7 2.8343e+01  14 1.00000e+00  
 73.8 2.8380e+01  14 1.00000e+00  
 73.9 2.8416e+01  14 1.00000e+00  
 74.0 2.8458e+01  14 1.00000e+00  
 74.1 2.8503e+01  14 1.00000e+00  
 74.2 2.8549e+01  14 1.00000e+00  
 74.3 2.8595e+01  14 1.00000e+00  
 74.4 2.8641e+01  14 1.00000e+00  
 74.5 2.8688e+01  14 1.00000e+00  
 74.6 2.8734e+01  14 1.00000e+00  
 74.7 2.8781e+01  14 1.00000e+00  
 74.8 2.8827e+01  14 1.00000e+00  
 74.9 2.8873e+01  14 1.00000e+00  
 75.0 2.8920e+01  14 1.00000e+00  
 75.1 2.8966e+01  14 1.00000e+00  
 75.2 2.9012e+01  14 1.00000e+00  
 75.3 2.9059e+01  14 1.00000e+00  
 75.4 2.9105e+01  14 1.00000e+00  
 75.5 2.9154e+01  14 1.00000e+00  
 75.6 2.9202e+01  14 1.00000e+00  
 75.7 2.9251e+01  14 1.00000e+00  
 75.8 2.9299e+01  14 1.00000e+00  
 75.9 2.9349e+01  14 1.00000e+00  
 76.0 2.9400e+01  14 1.00000e+00  
 76.1 2.9439e+01  14 1.00000e+00  
 76.2 2.9478e+01  14 1.00000e+00  
 76.3 2.9525e+01  14 1.00000e+00  
 76.4 2.9645e+01  14 1.00000e+00  
 76.5 2.9726e+01  14 1.00000e+00  
 76.6 2.9740e+01  14 1.00000e+00  
 76.7 2.9787e+01  14 1.00000e+00  
 76.8 2.9834e+01  14 1.00000e+00  
 76.9 2.9882e+01  14 1.00000e+00  
 77.0 2.9929e+01  14 1.00000e+00  
 77.1 2.9976e+01  14 1.00000e+00  
 77.2 3.0023e+01  14 1.00000e+00  
 77.3 3.0070e+01  14 1.00000e+00  
 77.4 3.0118e+01  14 1.00000e+00  
 77.5 3.0165e+01  14 1.00000e+00  
 77.6 3.0212e+01  14 1.00000e+00  
 77.7 3.0259e+01  14 1.00000e+00  
 77.8 3.0306e+01  14 1.00000e+00  
 77.9 3.0353e+01  14 1.00000e+00  
 78.0 3.0400e+01  14 1.00000e+00  
 78.1 3.0447e+01  14 1.00000e+00  
 78.2 3.0490e+01  14 1.00000e+00  
 78.3 3.0537e+01  14 1.00000e+00  
 78.4 3.0582e+01  14 1.00000e+00  
 78.5 3.0612e+01  14 1.00000e+00  
 78.6 3.0723e+01  14 1.00000e+00  
 78.7 3.0732e+01  14 1.00000e+00  
 78.8 3.0771e+01  14 1.00000e+00  
 78.9 3.0827e+01  14 1.00000e+00  
 79.0 3.0874e+01  14 1.00000e+00  
 79.1 3.0920e+01  14 1.00000e+00  
 79.2 3.0967e+01  14 1.00000e+00  
 79.3 3.1013e+01  14 1.00000e+00  
 79.4 3.1058e+01  14 1.00000e+00  
 79.5 3.1103e+01  14 1.00000e+00  
 79.6 3.1147e+01  14 1.00000e+00  
 79.7 3.1191e+01  14 1.00000e+00  
 79.8 3.1235e+01  14 1.00000e+00  
 79.9 3.1277e+01  14 1.00000e+00  
 80.0 3.1288e+01  14 1.00000e+00  
 80.1 3.1316e+01  14 1.00000e+00  
 80.2 3.1509e+01  14 1.00000e+00  
 80.3 3.1482e+01  14 1.00000e+00  
 80.4 3.1524e+01  14 1.00000e+00  
 80.5 3.1567e+01  14 1.00000e+00  
 80.6 3.1609e+01  14 1.00000e+00  
 80.7 3.1650e+01  14 1.00000e+00  
 80.8 3.1691e+01  14 1.00000e+00  
 80.9 3.1731e+01  14 1.00000e+00  
 81.0 3.1770e+01  14 1.00000e+00  
 81.1 3.1810e+01  14 1.00000e+00  
 81.2 3.1851e+01  14 1.00000e+00  
 81.3 3.1896e+01  14 1.00000e+00  
 81.4 3.1942e+01  14 1.00000e+00  
 81.5 3.1988e+01  14 1.00000e+00  
 81.6 3.2034e+01  14 1.00000e+00  
 81.7 3.2079e+01  14 1.00000e+00  
 81.8 3.2127e+01  14 1.00000e+00  
 81.9 3.2175e+01  14 1.00000e+00  
 82.0 3.2224e+01  14 1.00000e+00  
 82.1 3.2282e+01  14 1.00000e+00  
 82.2 3.2397e+01  14 1.00000e+00  
 82.3 3.2444e+01  14 1.00000e+00  
 82.4 3.2571e+01  14 1.00000e+00  
 82.5 3.2632e+01  14 1.00000e+00  
 82.6 3.2512e+01  14 1.00000e+00  
 82.7 3.2561e+01  14 1.00000e+00  
 82.8 3.2616e+01  14 1.00000e+00  
 82.9 3.2676e+01  14 1.00000e+00  
 83.0 3.2740e+01  14 1.00000e+00  
 83.1 3.2804e+01  14 1.00000e+00  
 83.2 3.2866e+01  14 1.00000e+00  
 83.3 3.2933e+01  14 1.00000e+00  
 83.4 3.2986e+01  14 1.00000e+00  
 83.5 3.3028e+01  14 1.00000e+00  
 83.6 3.3089e+01  14 1.00000e+00  
 83.7 3.3151e+01  14 1.00000e+00  
 83.8 3.3247e+01  14 1.00000e+00  
 83.9 3.3315e+01  14 1.00000e+00  
 84.0 3.3304e+01  14 1.00000e+00  
 84.1 3.3353e+01  14 1.00000e+00  
 84.2 3.3400e+01  14 1.00000e+00  
 84.3 3.3460e+01  14 1.00000e+00  
 84.4 3.3539e+01  14 1.00000e+00  
 84.5 3.3589e+01  14 1.00000e+00  
 84.6 3.3650e+01  14 1.00000e+00  
 84.7 3.3693e+01  14 1.00000e+00  
 84.8 3.3749e+01  14 1.00000e+00  
 84.9 3.3796e+01  14 1.00000e+00  
 85.0 3.3843e+01  14 1.00000e+00  
 85.1 3.3893e+01  14 1.00000e+00  
 85.2 3.3929e+01  14 1.00000e+00  
 85.3 3.3984e+01  14 1.00000e+00  
 85.4 3.4035e+01  14 1.00000e+00  
 85.5 3.4084e+01  14 1.00000e+00  
 85.6 3.4130e+01  14 1.00000e+00  
 85.7 3.4171e+01  14 1.00000e+00  
 85.8 3.4238e+01  14 1.00000e+00  
 85.9 3.4288e+01  14 1.00000e+00  
 86.0 3.4340e+01  14 1.00000e+00  
 86.1 3.4382e+01  14 1.00000e+00  
 86.2 3.4418e+01  14 1.00000e+00  
 86.3 3.4474e+01  14 1.00000e+00  
 86.4 3.4526e+01  14 1.00000e+00  
 86.5 3.4562e+01  14 1.00000e+00  
 86.6 3.4714e+01  14 1.00000e+00  
 86.7 3.4753e+01  14 1.00000e+00  
 86.8 3.4791e+01  14 1.00000e+00  
 86.9 3.4822e+01  14 1.00000e+00  
 87.0 3.4881e+01  14 1.00000e+00  
 87.1 3.4927e+01  14 1.00000e+00  
 87.2 3.4965e+01  14 1.00000e+00  
 87.3 3.5006e+01  14 1.00000e+00  
 87.4 3.5058e+01  14 1.00000e+00  
 87.5 3.5099e+01  14 1.00000e+00  
 87.6 3.5124e+01  14 1.00000e+00  
 87.7 3.5182e+01  14 1.00000e+00  
 87.8 3.5232e+01  14 1.00000e+00  
 87.9 3.5269e+01  14 1.00000e+00  
 88.0 3.5304e+01  14 1.00000e+00  
 88.1 3.5317e+01  14 1.00000e+00  
 88.2 3.5372e+01  14 1.00000e+00  
 88.3 3.5443e+01  14 1.00000e+00  
 88.4 3.5486e+01  14 1.00000e+00  
 88.5 3.5518e+01  14 1.00000e+00  
 88.6 3.5567e+01  14 1.00000e+00  
 88.7 3.5596e+01  14 1.00000e+00  
 88.8 3.5646e+01  14 1.00000e+00  
 88.9 3.5693e+01  14 1.00000e+00  
 89.0 3.5730e+01  14 1.00000e+00  
 89.1 3.5766e+01  14 1.00000e+00  
 89.2 3.5801e+01  14 1.00000e+00  
 89.3 3.5835e+01  14 1.00000e+00  
 89.4 3.5869e+01  14 1.00000e+00  
 89.5 3.5904e+01  14 1.00000e+00  
 89.6 3.5948e+01  14 1.00000e+00  
 89.7 3.6011e+01  14 1.00000e+00  
 89.8 3.6113e+01  14 1.00000e+00  
 89.9 3.6185e+01  14 1.00000e+00  
 90.0 3.6340e+01  14 1.00000e+00  
 90.1 3.6284e+01  14 1.00000e+00  
 90.2 3.6347e+01  14 1.00000e+00  
 90.3 3.6409e+01  14 1.00000e+00  
 90.4 3.6475e+01  14 1.00000e+00  
 90.5 3.6547e+01  14 1.00000e+00  
 90.6 3.6610e+01  14 1.00000e+00  
 90.7 3.6654e+01  14 1.00000e+00  
 90.8 3.6704e+01  14 1.00000e+00  
 90.9 3.6764e+01  14 1.00000e+00  
 91.0 3.6813e+01  14 1.00000e+00  
 91.1 3.6848e+01  14 1.00000e+00  
 91.2 3.6936e+01  14 1.00000e+00  
 91.3 3.6917e+01  14 1.00000e+00  
 91.4 3.7049e+01  14 1.00000e+00  
 91.5 3.7078e+01  14 1.00000e+00  
 91.6 3.7139e+01  14 1.00000e+00  
 91.7 3.7203e+01  14 1.00000e+00  
 91.8 3.7252e+01  14 1.00000e+00  
 91.9 3.7297e+01  14 1.00000e+00  
 92.0 3.7333e+01  14 1.00000e+00  
 92.1 3.7405e+01  14 1.00000e+00  
 92.2 3.7455e+01  14 1.00000e+00  
 92.3 3.7508e+01  14 1.00000e+00  
 92.4 3.7541e+01  14 1.00000e+00  
 92.5 3.7598e+01  14 1.00000e+00  
 92.6 3.7644e+01  14 1.00000e+00  
 92.7 3.7688e+01  14 1.00000e+00  
 92.8 3.7737e+01  14 1.00000e+00  
 92.9 3.7871e+01  14 1.00000e+00  
 93.0 3.7913e+01  14 1.00000e+00  
 93.1 3.7939e+01  14 1.00000e+00  
 93.2 3.7987e+01  14 1.00000e+00  
 93.3 3.8039e+01  14 1.00000e+00  
 93.4 3.8092e+01  14 1.00000e+00  
 93.5 3.8132e+01  14 1.00000e+00  
 93.6 3.8172e+01  14 1.00000e+00  
 93.7 3.8190e+01  14 1.00000e+00  
 93.8 3.8253e+01  14 1.00000e+00  
 93.9 3.8290e+01  14 1.00000e+00  
 94.0 3.8275e+01  14 1.00000e+00  
 94.1 3.8381e+01  14 1.00000e+00  
 94.2 3.8429e+01  14 1.00000e+00  
 94.3 3.8462e+01  14 1.00000e+00  
 94.4 3.8511e+01  14 1.00000e+00  
 94.5 3.8543e+01  14 1.00000e+00  
 94.6 3.8569e+01  14 1.00000e+00  
 94.7 3.8632e+01  14 1.00000e+00  
 94.8 3.8672e+01  14 1.00000e+00  
 94.9 3.8704e+01  14 1.00000e+00  
 95.0 3.8737e+01  14 1.00000e+00  
 95.1 3.8770e+01  14 1.00000e+00  
 95.2 3.8802e+01  14 1.00000e+00  
 95.3 3.8839e+01  14 1.00000e+00  
 95.4 3.8927e+01  14 1.00000e+00  
 95.5 3.9015e+01  14 1.00000e+00  
 95.6 3.9146e+01  14 1.00000e+00  
 95.7 3.9212e+01  14 1.00000e+00  
 95.8 3.9244e+01  14 1.00000e+00  
 95.9 3.9264e+01  14 1.00000e+00  
 96.0 3.9359e+01  14 1.00000e+00  
 96.1 3.9400e+01  14 1.00000e+00  
 96.2 3.9479e+01  14 1.00000e+00  
 96.3 3.9543e+01  14 1.00000e+00  
 96.4 3.9586e+01  14 1.00000e+00  
 96.5 3.9627e+01  14 1.00000e+00  
 96.6 3.9710e+01  14 1.00000e+00  
 96.7 3.9788e+01  14 1.00000e+00  
 96.8 3.9818e+01  14 1.00000e+00  
 96.9 3.9890e+01  14 1.00000e+00  
 97.0 3.9958e+01  14 1.00000e+00  
 97.1 3.9986e+01  14 1.00000e+00  
 97.2 4.0045e+01  14 1.00000e+00  
 97.3 4.0098e+01  14 1.00000e+00  
 97.4 4.0146e+01  14 1.00000e+00  
 97.5 4.0238e+01  14 1.00000e+00  
 97.6 4.0246e+01  14 1.00000e+00  
 97.7 4.0309e+01  14 1.00000e+00  
 97.8 4.0356e+01  14 1.00000e+00  
 97.9 4.0409e+01  14 1.00000e+00  
 98.0 4.0429e+01  14 1.00000e+00  
 98.1 4.0489e+01  14 1.00000e+00  
 98.2 4.0548e+01  14 1.00000e+00  
 98.3 4.0578e+01  14 1.00000e+00  
 98.4 4.0716e+01  14 1.00000e+00  
 98.5 4.0526e+01  14 1.00000e+00  
 98.6 4.0788e+01  14 1.00000e+00  
 98.7 4.0801e+01  14 1.00000e+00  
 98.8 4.0923e+01  14 1.00000e+00  
 98.9 4.0969e+01  14 1.00000e+00  
 99.0 4.1014e+01  14 1.00000e+00  
 99.1 4.1000e+01  14 1.00000e+00  
 99.2 4.0975e+01  14 1.00000e+00  
 99.3 4.1119e+01  14 1.00000e+00  
 99.4 4.1194e+01  14 1.00000e+00  
 99.5 4.1186e+01  14 1.00000e+00  
 99.6 4.1236e+01  14 1.00000e+00  
 99.7 4.1275e+01  14 1.00000e+00  
 99.8 4.1374e+01  14 1.00000e+00  
 99.9 4.1378e+01  14 1.00000e+00  
100.0 4.1418e+01  14 1.00000e+00  
100.1 4.1442e+01  14 1.00000e+00  
100.2 4.1554e+01  14 1.00000e+00  
100.3 4.1599e+01  14 1.00000e+00  
100.4 4.1582e+01  14 1.00000e+00  
100.5 4.1583e+01  14 1.00000e+00  
100.6 4.1639e+01  14 1.00000e+00  
100.7 4.1681e+01  14 1.00000e+00  
100.8 4.1777e+01  14 1.00000e+00  
100.9 4.1870e+01  14 1.00000e+00  
101.0 4.1900e+01  14 1.00000e+00  
101.1 4.1960e+01  14 1.00000e+00  
101.2 4.2012e+01  14 1.00000e+00  
101.3 4.2068e+01  14 1.00000e+00  
101.4 4.2116e+01  14 1.00000e+00  
101.5 4.2179e+01  14 1.00000e+00  
101.6 4.2221e+01  14 1.00000e+00  
101.7 4.2271e+01  14 1.00000e+00  
101.8 4.2319e+01  14 1.00000e+00  
101.9 4.2368e+01  14 1.00000e+00  
102.0 4.2416e+01  14 1.00000e+00  
102.1 4.2465e+01  14 1.00000e+00  
102.2 4.2512e+01  14 1.00000e+00  
102.3 4.2539e+01  14 1.00000e+00  
102.4 4.2607e+01  14 1.00000e+00  
102.5 4.2653e+01  14 1.00000e+00  
102.6 4.2699e+01  14 1.00000e+00  
102.7 4.2739e+01  14 1.00000e+00  
102.8 4.2796e+01  14 1.00000e+00  
102.9 4.2837e+01  14 1.00000e+00  
103.0 4.2878e+01  14 1.00000e+00  
103.1 4.2936e+01  14 1.00000e+00  
103.2 4.2977e+01  14 1.00000e+00  
103.3 4.3019e+01  14 1.00000e+00  
103.4 4.3061e+01  14 1.00000e+00  
103.5 4.3120e+01  14 1.00000e+00  
103.6 4.3163e+01  14 1.00000e+00  
103.7 4.3205e+01  14 1.00000e+00  
103.8 4.3248e+01  14 1.00000e+00  
103.9 4.3311e+01  14 1.00000e+00  
104.0 4.3355e+01  14 1.00000e+00  
104.1 4.3399e+01  14 1.00000e+00  
104.2 4.3443e+01  14 1.00000e+00  
104.3 4.3488e+01  14 1.00000e+00  
104.4 4.3534e+01  14 1.00000e+00  
104.5 4.3581e+01  14 1.00000e+00  
104.6 4.3628e+01  14 1.00000e+00  
104.7 4.3676e+01  14 1.00000e+00  
104.8 4.3751e+01  14 1.00000e+00  
104.9 4.3802e+01  14 1.00000e+00  
105.0 4.3855e+01  14 1.00000e+00  
105.1 4.3880e+01  14 1.00000e+00  
105.2 4.3936e+01  14 1.00000e+00  
105.3 4.3995e+01  14 1.00000e+00  
105.4 4.4073e+01  14 1.00000e+00  
105.5 4.4161e+01  14 1.00000e+00  
105.6 4.4249e+01  14 1.00000e+00  
105.7 4.4336e+01  14 1.00000e+00  
105.8 4.4424e+01  14 1.00000e+00  
105.9 4.4512e+01  14 1.00000e+00  
106.0 4.4600e+01  14 1.00000e+00  
106.1 4.4687e+01  14 1.00000e+00  
106.2 4.4775e+01  14 1.00000e+00  
106.3 4.4863e+01  14 1.00000e+00  
106.4 4.4951e+01  14 1.00000e+00  
106.5 4.5039e+01  14 1.00000e+00  
106.6 4.5126e+01  14 1.00000e+00  
106.7 4.5214e+01  14 1.00000e+00  
106.8 4.5302e+01  14 1.00000e+00  
106.9 4.5390e+01  14 1.00000e+00  
107.0 4.5473e+01  14 1.00000e+00  
107.1 4.5561e+01  14 1.00000e+00  
107.2 4.5648e+01  14 1.00000e+00  
107.3 4.5736e+01  14 1.00000e+00  
107.4 4.5824e+01  14 1.00000e+00  
107.5 4.5912e+01  14 1.00000e+00  
107.6 4.6000e+01  14 1.00000e+00  
107.7 4.6087e+01  14 1.00000e+00  
107.8 4.6175e+01  14 1.00000e+00  
107.9 4.6263e+01  14 1.00000e+00  
108.0 4.6351e+01  14 1.00000e+00  
108.1 4.6439e+01  14 1.00000e+00  
108.2 4.6526e+01  14 1.00000e+00  
108.3 4.6614e+01  14 1.00000e+00  
108.4 4.6702e+01  14 1.00000e+00  
108.5 4.6790e+01  14 1.00000e+00  
108.6 4.6877e+01  14 1.00000e+00  
108.7 4.6965e+01  14 1.00000e+00  
108.8 4.7053e+01  14 1.00000e+00  
108.9 4.7141e+01  14 1.00000e+00  
109.0 4.7229e+01  14 1.00000e+00  
109.1 4.7316e+01  14 1.00000e+00  
109.2 4.7404e+01  14 1.00000e+00  
109.3 4.7492e+01  14 1.00000e+00  
109.4 4.7580e+01  14 1.00000e+00  
109.5 4.7667e+01  14 1.00000e+00  
109.6 4.7755e+01  14 1.00000e+00  
109.7 4.7843e+01  14 1.00000e+00  
109.8 4.7931e+01  14 1.00000e+00  
109.9 4.8019e+01  14 1.00000e+00  
110.0 4.8106e+01  14 1.00000e+00  
110.1 4.8194e+01  14 1.00000e+00  
110.2 4.8282e+01  14 1.00000e+00  
110.3 4.8369e+01  14 1.00000e+00  
110.4 4.8457e+01  14 1.00000e+00  
110.5 4.8545e+01  14 1.00000e+00  
110.6 4.8633e+01  14 1.00000e+00  
110.7 4.8720e+01  14 1.00000e+00  
110.8 4.8808e+01  14 1.00000e+00  
110.9 4.8896e+01  14 1.00000e+00  
111.0 4.8983e+01  14 1.00000e+00  
111.1 4.9071e+01  14 1.00000e+00  
111.2 4.9159e+01  14 1.00000e+00  
111.3 4.9246e+01  14 1.00000e+00  
111.4 4.9334e+01  14 1.00000e+00  
111.5 4.9422e+01  14 1.00000e+00  
111.6 4.9509e+01  14 1.00000e+00  
111.7 4.9597e+01  14 1.00000e+00  
111.8 4.9684e+01  14 1.00000e+00  
111.9 4.9772e+01  14 1.00000e+00  
112.0 4.9860e+01  14 1.00000e+00  
112.1 4.9947e+01  14 1.00000e+00  
112.2 5.0035e+01  14 1.00000e+00  
112.3 5.0122e+01  14 1.00000e+00  
112.4 5.0210e+01  14 1.00000e+00  
112.5 5.0298e+01  14 1.00000e+00  
112.6 5.0385e+01  14 1.00000e+00  
112.7 5.0473e+01  14 1.00000e+00  
112.8 5.0560e+01  14 1.00000e+00  
112.9 5.0648e+01  14 1.00000e+00  
113.0 5.0735e+01  14 1.00000e+00  
113.1 5.0823e+01  14 1.00000e+00  
113.2 5.0910e+01  14 1.00000e+00  
113.3 5.0998e+01  14 1.00000e+00  
113.4 5.1085e+01  14 1.00000e+00  
113.5 5.1173e+01  14 1.00000e+00  
113.6 5.1260e+01  14 1.00000e+00  
113.7 5.1348e+01  14 1.00000e+00  
113.8 5.1435e+01  14 1.00000e+00  
113.9 5.1523e+01  14 1.00000e+00  
114.0 5.1606e+01  14 1.00000e+00  
114.1 5.1693e+01  14 1.00000e+00  
114.2 5.1781e+01  14 1.00000e+00  
114.3 5.1868e+01  14 1.00000e+00  
114.4 5.1956e+01  14 1.00000e+00  
114.5 5.2043e+01  14 1.00000e+00  
114.6 5.2130e+01  14 1.00000e+00  
114.7 5.2218e+01  14 1.00000e+00  
114.8 5.2305e+01  14 1.00000e+00  
114.9 5.2393e+01  14 1.00000e+00  
115.0 5.2480e+01  14 1.00000e+00  
115.1 5.2567e+01  14 1.00000e+00  
115.2 5.2655e+01  14 1.00000e+00  
115.3 5.2742e+01  14 1.00000e+00  
115.4 5.2830e+01  14 1.00000e+00  
115.5 5.2917e+01  14 1.00000e+00  
115.6 5.3004e+01  14 1.00000e+00  
115.7 5.3091e+01  14 1.00000e+00  
115.8 5.3179e+01  14 1.00000e+00  
115.9 5.3266e+01  14 1.00000e+00  
116.0 5.3353e+01  14 1.00000e+00  
116.1 5.3441e+01  14 1.00000e+00  
116.2 5.3528e+01  14 1.00000e+00  
116.3 5.3615e+01  14 1.00000e+00  
116.4 5.3702e+01  14 1.00000e+00  
116.5 5.3790e+01  14 1.00000e+00  
116.6 5.3877e+01  14 1.00000e+00  
116.7 5.3964e+01  14 1.00000e+00  
116.8 5.4051e+01  14 1.00000e+00  
116.9 5.4139e+01  14 1.00000e+00  
117.0 5.4226e+01  14 1.00000e+00  
117.1 5.4313e+01  14 1.00000e+00  
117.2 5.4400e+01  14 1.00000e+00  
117.3 5.4487e+01  14 1.00000e+00  
117.4 5.4574e+01  14 1.00000e+00  
117.5 5.4662e+01  14 1.00000e+00  
117.6 5.4749e+01  14 1.00000e+00  
117.7 5.4836e+01  14 1.00000e+00  
117.8 5.4923e+01  14 1.00000e+00  
117.9 5.5010e+01  14 1.00000e+00  
118.0 5.5097e+01  14 1.00000e+00  
118.1 5.5184e+01  14 1.00000e+00  
118.2 5.5271e+01  14 1.00000e+00  
118.3 5.5358e+01  14 1.00000e+00  
118.4 5.5445e+01  14 1.00000e+00  
118.5 5.5532e+01  14 1.00000e+00  
118.6 5.5619e+01  14 1.00000e+00  
118.7 5.5706e+01  14 1.00000e+00  
118.8 5.5792e+01  14 1.00000e+00  
118.9 5.5879e+01  14 1.00000e+00  
119.0 5.5966e+01  14 1.00000e+00  
119.1 5.6053e+01  14 1.00000e+00  
119.2 5.6140e+01  14 1.00000e+00  
119.3 5.6227e+01  14 1.00000e+00  
119.4 5.6314e+01  14 1.00000e+00  
119.5 5.6401e+01  14 1.00000e+00  
119.6 5.6487e+01  14 1.00000e+00  
119.7 5.6574e+01  14 1.00000e+00  
119.8 5.6661e+01  14 1.00000e+00  
119.9 5.6748e+01  14 1.00000e+00  
120.0 5.6835e+01  14 1.00000e+00  
120.1 5.6921e+01  14 1.00000e+00  
120.2 5.7008e+01  14 1.00000e+00  
120.3 5.7095e+01  14 1.00000e+00  
120.4 5.7182e+01  14 1.00000e+00  
120.5 5.7268e+01  14 1.00000e+00  
120.6 5.7355e+01  14 1.00000e+00  
120.7 5.7442e+01  14 1.00000e+00  
120.8 5.7529e+01  14 1.00000e+00  
120.9 5.7615e+01  14 1.00000e+00  
121.0 5.7702e+01  14 1.00000e+00  
121.1 5.7789e+01  14 1.00000e+00  
121.2 5.7875e+01  14 1.00000e+00  
121.3 5.7962e+01  14 1.00000e+00  
121.4 5.8049e+01  14 1.00000e+00  
121.5 5.8131e+01  14 1.00000e+00  
121.6 5.8218e+01  14 1.00000e+00  
121.7 5.8304e+01  14 1.00000e+00  
121.8 5.8391e+01  14 1.00000e+00  
121.9 5.8477e+01  14 1.00000e+00  
122.0 5.8564e+01  14 1.00000e+00  
122.1 5.8651e+01  14 1.00000e+00  
122.2 5.8737e+01  14 1.00000e+00  
122.3 5.8824e+01  14 1.00000e+00  
122.4 5.8910e+01  14 1.00000e+00  
122.5 5.8997e+01  14 1.00000e+00  
122.6 5.9083e+01  14 1.00000e+00  
122.7 5.9170e+01  14 1.00000e+00  
122.8 5.9256e+01  14 1.00000e+00  
122.9 5.9343e+01  14 1.00000e+00  
123.0 5.9429e+01  14 1.00000e+00  
123.1 5.9516e+01  14 1.00000e+00  
123.2 5.9602e+01  14 1.00000e+00  
123.3 5.9688e+01  14 1.00000e+00  
123.4 5.9775e+01  14 1.00000e+00  
123.5 5.9862e+01  14 1.00000e+00  
123.6 5.9949e+01  14 1.00000e+00  
123.7 6.0035e+01  14 1.00000e+00  
123.8 6.0121e+01  14 1.00000e+00  
123.9 6.0208e+01  14 1.00000e+00  
124.0 6.0294e+01  14 1.00000e+00  
124.1 6.0381e+01  14 1.00000e+00  
124.2 6.0467e+01  14 1.00000e+00  
124.3 6.0553e+01  14 1.00000e+00  
124.4 5.9525e+01  14 1.00000e+00  
124.5 5.9611e+01  14 1.00000e+00  
124.6 5.9696e+01  14 1.00000e+00  
124.7 5.9782e+01  14 1.00000e+00  
124.8 5.9867e+01  14 1.00000e+00  
124.9 5.9953e+01  14 1.00000e+00  
125.0 6.0038e+01  14 1.00000e+00  
125.1 6.0124e+01  14 1.00000e+00  
125.2 6.0209e+01  14 1.00000e+00  
125.3 6.0295e+01  14 1.00000e+00  
125.4 6.0380e+01  14 1.00000e+00  
125.5 6.0466e+01  14 1.00000e+00  
125.6 6.0551e+01  14 1.00000e+00  
125.7 6.0636e+01  14 1.00000e+00  
125.8 6.0722e+01  14 1.00000e+00  
125.9 6.0807e+01  14 1.00000e+00  
126.0 6.0893e+01  14 1.00000e+00  
126.1 6.0978e+01  14 1.00000e+00  
126.2 6.1063e+01  14 1.00000e+00  
126.3 6.1149e+01  14 1.00000e+00  
126.4 6.1234e+01  14 1.00000e+00  
126.5 6.1319e+01  14 1.00000e+00  
126.6 6.0285e+01  14 1.00000e+00  
126.7 6.0370e+01  14 1.00000e+00  
126.8 6.0454e+01  14 1.00000e+00  
126.9 6.0539e+01  14 1.00000e+00  
127.0 5.9509e+01  14 1.00000e+00  
127.1 5.9593e+01  14 1.00000e+00  
127.2 5.9677e+01  14 1.00000e+00  
127.3 5.9761e+01  14 1.00000e+00  
127.4 5.9844e+01  14 1.00000e+00  
127.5 5.9928e+01  14 1.00000e+00  
127.6 6.0012e+01  14 1.00000e+00  
127.7 6.0096e+01  14 1.00000e+00  
127.8 6.0179e+01  14 1.00000e+00  
127.9 6.0263e+01  14 1.00000e+00  
128.0 6.0347e+01  14 1.00000e+00  
128.1 6.0431e+01  14 1.00000e+00  
128.2 6.0514e+01  14 1.00000e+00  
128.3 6.0598e+01  14 1.00000e+00  
128.4 6.0682e+01  14 1.00000e+00  
128.5 6.0765e+01  14 1.00000e+00  
128.6 6.0849e+01  14 1.00000e+00  
128.7 6.0933e+01  14 1.00000e+00  
128.8 6.1016e+01  14 1.00000e+00  
128.9 6.1100e+01  14 1.00000e+00  
129.0 6.1184e+01  14 1.00000e+00  
129.1 6.1267e+01  14 1.00000e+00  
129.2 6.1351e+01  14 1.00000e+00  
129.3 6.1434e+01  14 1.00000e+00  
129.4 6.1518e+01  14 1.00000e+00  
129.5 6.1601e+01  14 1.00000e+00  
129.6 6.1685e+01  14 1.00000e+00  
129.7 6.0923e+01  14 1.00000e+00  
129.8 6.1006e+01  14 1.00000e+00  
129.9 6.1089e+01  14 1.00000e+00  
130.0 6.1171e+01  14 1.00000e+00  
130.1 6.1254e+01  14 1.00000e+00  
130.2 6.1337e+01  14 1.00000e+00  
130.3 6.1419e+01  14 1.00000e+00  
130.4 6.1502e+01  14 1.00000e+00  
130.5 6.1585e+01  14 1.00000e+00  
130.6 6.1668e+01  14 1.00000e+00  
130.7 6.1750e+01  14 1.00000e+00  
130.8 6.1833e+01  14 1.00000e+00  
130.9 6.1916e+01  14 1.00000e+00  
131.0 6.1998e+01  14 1.00000e+00  
131.1 6.2081e+01  14 1.00000e+00  
131.2 6.2164e+01  14 1.00000e+00  
131.3 6.2246e+01  14 1.00000e+00  
131.4 6.2329e+01  14 1.00000e+00  
131.5 6.2411e+01  14 1.00000e+00  
131.6 6.2494e+01  14 1.00000e+00  
131.7 6.2577e+01  14 1.00000e+00  
131.8 6.2659e+01  14 1.00000e+00  
131.9 6.2742e+01  14 1.00000e+00  
132.0 6.2824e+01  14 1.00000e+00  
132.1 6.2907e+01  14 1.00000e+00  
132.2 6.2990e+01  14 1.00000e+00  
132.3 6.3072e+01  14 1.00000e+00  
132.4 6.0632e+01  14 1.00000e+00  
132.5 5.9598e+01  14 1.00000e+00  
132.6 5.9679e+01  14 1.00000e+00  
132.7 5.9759e+01  14 1.00000e+00  
132.8 5.9840e+01  14 1.00000e+00  
132.9 5.9920e+01  14 1.00000e+00  
133.0 6.0001e+01  14 1.00000e+00  
133.1 6.0081e+01  14 1.00000e+00  
133.2 6.0161e+01  14 1.00000e+00  
133.3 6.0242e+01  14 1.00000e+00  
133.4 6.0322e+01  14 1.00000e+00  
133.5 6.0403e+01  14 1.00000e+00  
133.6 6.0483e+01  14 1.00000e+00  
133.7 6.0563e+01  14 1.00000e+00  
133.8 6.0643e+01  14 1.00000e+00  
133.9 6.0724e+01  14 1.00000e+00  
134.0 6.0804e+01  14 1.00000e+00  
134.1 6.0884e+01  14 1.00000e+00  
134.2 6.0965e+01  14 1.00000e+00  
134.3 6.1045e+01  14 1.00000e+00  
134.4 6.1125e+01  14 1.00000e+00  
134.5 6.0296e+01  14 1.00000e+00  
134.6 6.0374e+01  14 1.00000e+00  
134.7 6.0452e+01  14 1.00000e+00  
134.8 6.0530e+01  14 1.00000e+00  
134.9 6.0608e+01  14 1.00000e+00  
135.0 6.0686e+01  14 1.00000e+00  
135.1 6.0763e+01  14 1.00000e+00  
135.2 6.0841e+01  14 1.00000e+00  
135.3 6.0919e+01  14 1.00000e+00  
135.4 6.0997e+01  14 1.00000e+00  
135.5 6.1075e+01  14 1.00000e+00  
135.6 6.1152e+01  14 1.00000e+00  
135.7 6.1230e+01  14 1.00000e+00  
135.8 6.1308e+01  14 1.00000e+00  
135.9 6.1386e+01  14 1.00000e+00  
136.0 6.1463e+01  14 1.00000e+00  
136.1 6.1541e+01  14 1.00000e+00  
136.2 6.1619e+01  14 1.00000e+00  
136.3 6.1697e+01  14 1.00000e+00  
136.4 6.1774e+01  14 1.00000e+00  
136.5 6.1852e+01  14 1.00000e+00  
136.6 6.1930e+01  14 1.00000e+00  
136.7 6.2007e+01  14 1.00000e+00  
136.8 6.2085e+01  14 1.00000e+00  
136.9 6.2162e+01  14 1.00000e+00  
137.0 6.2240e+01  14 1.00000e+00  
137.1 6.2318e+01  14 1.00000e+00  
137.2 6.2395e+01  14 1.00000e+00  
137.3 6.2473e+01  14 1.00000e+00  
137.4 6.2550e+01  14 1.00000e+00  
137.5 6.2628e+01  14 1.00000e+00  
137.6 6.2705e+01  14 1.00000e+00  
137.7 6.2783e+01  14 1.00000e+00  
137.8 6.2860e+01  14 1.00000e+00  
137.9 6.2938e+01  14 1.00000e+00  
138.0 6.2269e+01  14 1.00000e+00  
138.1 6.2345e+01  14 1.00000e+00  
138.2 6.2421e+01  14 1.00000e+00  
138.3 6.2497e+01  14 1.00000e+00  
138.4 6.2573e+01  14 1.00000e+00  
138.5 6.2649e+01  14 1.00000e+00  
138.6 6.2725e+01  14 1.00000e+00  
138.7 6.2801e+01  14 1.00000e+00  
138.8 6.2878e+01  14 1.00000e+00  
138.9 6.2954e+01  14 1.00000e+00  
139.0 6.3030e+01  14 1.00000e+00  
139.1 6.3106e+01  14 1.00000e+00  
139.2 6.3182e+01  14 1.00000e+00  
139.3 6.3258e+01  14 1.00000e+00  
139.4 6.3334e+01  14 1.00000e+00  
139.5 6.3410e+01  14 1.00000e+00  
139.6 6.3486e+01  14 1.00000e+00  
139.7 6.3562e+01  14 1.00000e+00  
139.8 6.3638e+01  14 1.00000e+00  
139.9 6.3714e+01  14 1.00000e+00  
140.0 6.3790e+01  14 1.00000e+00  
140.1 6.3865e+01  14 1.00000e+00  
140.2 6.3941e+01  14 1.00000e+00  
140.3 6.4017e+01  14 1.00000e+00  
140.4 6.4093e+01  14 1.00000e+00  
140.5 6.4169e+01  14 1.00000e+00  
140.6 6.4245e+01  14 1.00000e+00  
140.7 6.4321e+01  14 1.00000e+00  
140.8 6.4396e+01  14 1.00000e+00  
140.9 6.4506e+01  14 1.00000e+00  
141.0 6.4580e+01  14 1.00000e+00  
141.1 6.4655e+01  14 1.00000e+00  
141.2 6.4730e+01  14 1.00000e+00  
141.3 6.4804e+01  14 1.00000e+00  
141.4 6.4879e+01  14 1.00000e+00  
141.5 6.4954e+01  14 1.00000e+00  
141.6 6.5025e+01  14 1.00000e+00  
141.7 6.5100e+01  14 1.00000e+00  
141.8 6.5175e+01  14 1.00000e+00  
141.9 6.5250e+01  14 1.00000e+00  
142.0 6.5324e+01  14 1.00000e+00  
142.1 6.5399e+01  14 1.00000e+00  
142.2 6.5474e+01  14 1.00000e+00  
142.3 6.5549e+01  14 1.00000e+00  
142.4 6.5624e+01  14 1.00000e+00  
142.5 6.5070e+01  14 1.00000e+00  
142.6 6.5144e+01  14 1.00000e+00  
142.7 6.5219e+01  14 1.00000e+00  
142.8 6.5293e+01  14 1.00000e+00  
142.9 6.5367e+01  14 1.00000e+00  
143.0 6.5441e+01  14 1.00000e+00  
143.1 6.5516e+01  14 1.00000e+00  
143.2 6.5590e+01  14 1.00000e+00  
143.3 6.5664e+01  14 1.00000e+00  
143.4 6.5739e+01  14 1.00000e+00  
143.5 6.5813e+01  14 1.00000e+00  
143.6 6.5887e+01  14 1.00000e+00  
143.7 6.5962e+01  14 1.00000e+00  
143.8 6.0608e+01  14 1.00000e+00  
143.9 6.0683e+01  14 1.00000e+00  
144.0 6.0757e+01  14 1.00000e+00  
144.1 6.0832e+01  14 1.00000e+00  
144.2 6.0907e+01  14 1.00000e+00  
144.3 6.0026e+01  14 1.00000e+00  
144.4 6.0101e+01  14 1.00000e+00  
144.5 6.0175e+01  14 1.00000e+00  
144.6 6.0249e+01  14 1.00000e+00  
144.7 6.0324e+01  14 1.00000e+00  
144.8 6.0398e+01  14 1.00000e+00  
144.9 6.0473e+01  14 1.00000e+00  
145.0 6.0547e+01  14 1.00000e+00  
145.1 6.0621e+01  14 1.00000e+00  
145.2 6.0696e+01  14 1.00000e+00  
145.3 6.0770e+01  14 1.00000e+00  
145.4 6.0844e+01  14 1.00000e+00  
145.5 6.0919e+01  14 1.00000e+00  
145.6 6.0993e+01  14 1.00000e+00  
145.7 6.1067e+01  14 1.00000e+00  
145.8 6.1142e+01  14 1.00000e+00  
145.9 6.1216e+01  14 1.00000e+00  
146.0 6.1290e+01  14 1.00000e+00  
146.1 6.1365e+01  14 1.00000e+00  
146.2 6.1439e+01  14 1.00000e+00  
146.3 6.1513e+01  14 1.00000e+00  
146.4 6.1588e+01  14 1.00000e+00  
146.5 6.1662e+01  14 1.00000e+00  
146.6 6.1736e+01  14 1.00000e+00  
146.7 6.1811e+01  14 1.00000e+00  
146.8 6.1885e+01  14 1.00000e+00  
146.9 6.1959e+01  14 1.00000e+00  
147.0 6.2033e+01  14 1.00000e+00  
147.1 6.2108e+01  14 1.00000e+00  
147.2 6.2182e+01  14 1.00000e+00  
147.3 6.2256e+01  14 1.00000e+00  
147.4 6.2330e+01  14 1.00000e+00  
147.5 6.2405e+01  14 1.00000e+00  
147.6 6.2479e+01  14 1.00000e+00  
147.7 6.2553e+01  14 1.00000e+00  
147.8 6.2627e+01  14 1.00000e+00  
147.9 6.2702e+01  14 1.00000e+00  
148.0 6.2776e+01  14 1.00000e+00  
148.1 6.2850e+01  14 1.00000e+00  
148.2 6.2924e+01  14 1.00000e+00  
148.3 6.2998e+01  14 1.00000e+00  
148.4 6.3073e+01  14 1.00000e+00  
148.5 6.3147e+01  14 1.00000e+00  
148.6 6.2487e+01  14 1.00000e+00  
148.7 6.2561e+01  14 1.00000e+00  
148.8 6.2635e+01  14 1.00000e+00  
148.9 6.2709e+01  14 1.00000e+00  
149.0 6.2783e+01  14 1.00000e+00  
149.1 6.2857e+01  14 1.00000e+00  
149.2 6.2931e+01  14 1.00000e+00  
149.3 6.3005e+01  14 1.00000e+00  
149.4 6.3079e+01  14 1.00000e+00  
149.5 6.3153e+01  14 1.00000e+00  
149.6 6.3227e+01  14 1.00000e+00  
149.7 6.3301e+01  14 1.00000e+00  
149.8 6.3375e+01  14 1.00000e+00  
149.9 6.3449e+01  14 1.00000e+00  
150.0 6.3523e+01  14 1.00000e+00  
