 15.1 1.3423e+00  13 4.59187e-02  
 15.2 1.3497e+00  13 4.65940e-02  
 15.3 1.3570e+00  13 4.72537e-02  
 15.4 1.3644e+00  13 4.79271e-02  
 15.5 1.3757e+00  13 4.89601e-02  
 15.6 1.3831e+00  13 4.96360e-02  
 15.7 1.3905e+00  13 5.03107e-02  
 15.8 1.3979e+00  13 5.09847e-02  
 15.9 1.4053e+00  13 5.16559e-02  
 16.0 1.4127e+00  13 5.23279e-02  
 16.1 1.4201e+00  13 5.29716e-02  
 16.2 1.4275e+00  13 5.36393e-02  
 16.3 1.4349e+00  13 5.43060e-02  
 16.4 1.4423e+00  13 5.49721e-02  
 16.5 1.4497e+00  13 5.56382e-02  
 16.6 1.4571e+00  13 5.63044e-02  
 16.7 1.4644e+00  13 5.69703e-02  
 16.8 1.4718e+00  13 5.76365e-02  
 16.9 1.4792e+00  13 5.82843e-02  
 17.0 1.4865e+00  13 5.89388e-02  
 17.1 1.4939e+00  13 5.96048e-02  
 17.2 1.5013e+00  13 6.02715e-02  
 17.3 1.5195e+00  13 6.19357e-02  
 17.4 1.5271e+00  13 6.26257e-02  
 17.5 1.5347e+00  13 6.32890e-02  
 17.6 1.5423e+00  13 6.39852e-02  
 17.7 1.5498e+00  13 6.46845e-02  
 17.8 1.5574e+00  13 6.53861e-02  
 17.9 1.5650e+00  13 6.60917e-02  
 18.0 1.5725e+00  13 6.67999e-02  
 18.1 1.5801e+00  13 6.74700e-02  
 18.2 1.5877e+00  13 6.81832e-02  
 18.3 1.5952e+00  13 6.88990e-02  
 18.4 1.6028e+00  13 6.96201e-02  
 18.5 1.6104e+00  13 7.03449e-02  
 18.6 1.6179e+00  13 7.10744e-02  
 18.7 1.6255e+00  13 7.17649e-02  
 18.8 1.6330e+00  13 7.24999e-02  
 18.9 1.6405e+00  13 7.32407e-02  
 19.0 1.6481e+00  13 7.39863e-02  
 19.1 1.6556e+00  13 7.47370e-02  
 19.2 1.6631e+00  13 7.54891e-02  
 19.3 1.6707e+00  13 7.62059e-02  
 19.4 1.6782e+00  13 7.69712e-02  
 19.5 1.6857e+00  13 7.77440e-02  
 19.6 1.6941e+00  13 7.86317e-02  
 19.7 1.7054e+00  13 7.99167e-02  
 19.8 1.7168e+00  13 8.11664e-02  
 19.9 1.7282e+00  13 8.24883e-02  
 20.0 1.7397e+00  13 8.38335e-02  
 20.1 1.7513e+00  13 8.52002e-02  
 20.2 1.7630e+00  13 8.65903e-02  
 20.3 1.7747e+00  13 8.79382e-02  
 20.4 1.7865e+00  13 8.93692e-02  
 20.5 1.7984e+00  13 9.08273e-02  
 20.6 1.8061e+00  13 9.17777e-02  
 20.7 1.8180e+00  13 9.32677e-02  
 20.8 1.8296e+00  13 9.46579e-02  
 20.9 1.8415e+00  13 9.61805e-02  
 21.0 1.8536e+00  13 9.77332e-02  
 21.1 1.8657e+00  13 9.93106e-02  
 21.2 1.8779e+00  13 1.00917e-01  
 21.3 1.8902e+00  13 1.02482e-01  
 21.4 1.9026e+00  13 1.04135e-01  
 21.5 1.9151e+00  13 1.05821e-01  
 21.6 1.0995e+01  14 1.00000e+00  
 21.7 1.0967e+01  14 1.00000e+00  
 21.8 1.0946e+01  14 1.00000e+00  
 21.9 1.0919e+01  14 1.00000e+00  
 22.0 1.0889e+01  14 1.00000e+00  
 22.1 1.0858e+01  14 1.00000e+00  
 22.2 1.0825e+01  14 1.00000e+00  
 22.3 1.0803e+01  14 1.00000e+00  
 22.4 1.0771e+01  14 1.00000e+00  
 22.5 1.0737e+01  14 1.00000e+00  
 22.6 1.0703e+01  14 1.00000e+00  
 22.7 1.0667e+01  14 1.00000e+00  
 22.8 1.0631e+01  14 1.00000e+00  
 22.9 1.0605e+01  14 1.00000e+00  
 23.0 1.0568e+01  14 1.00000e+00  
 23.1 1.0530e+01  14 1.00000e+00  
 23.2 1.0492e+01  14 1.00000e+00  
 23.3 1.0457e+01  14 1.00000e+00  
 23.4 1.0424e+01  14 1.00000e+00  
 23.5 1.0384e+01  14 1.00000e+00  
 23.6 1.0344e+01  14 1.00000e+00  
 23.7 1.0304e+01  14 1.00000e+00  
 23.8 1.0264e+01  14 1.00000e+00  
 23.9 1.0187e+01  14 1.00000e+00  
 24.0 1.0154e+01  14 1.00000e+00  
 24.1 1.0111e+01  14 1.00000e+00  
 24.2 1.0066e+01  14 1.00000e+00  
 24.3 1.0022e+01  14 1.00000e+00  
 24.4 9.9766e+00  14 1.00000e+00  
 24.5 9.9431e+00  14 1.00000e+00  
 24.6 9.8969e+00  14 1.00000e+00  
 24.7 9.8483e+00  14 1.00000e+00  
 24.8 9.7929e+00  14 1.00000e+00  
 24.9 9.7056e+00  14 1.00000e+00  
 25.0 9.4774e+00  14 1.00000e+00  
 25.1 5.5078e+00  14 5.50279e-01  
 25.2 5.5324e+00  14 5.63391e-01  
 25.3 5.5543e+00  14 5.79379e-01  
 25.4 5.5734e+00  14 5.96380e-01  
 25.5 5.5954e+00  14 6.00948e-01  
 25.6 5.6190e+00  14 6.01998e-01  
 25.7 5.6433e+00  14 6.02755e-01  
 25.8 5.6686e+00  14 6.02696e-01  
 25.9 5.6946e+00  14 6.02709e-01  
 26.0 5.7213e+00  14 6.02828e-01  
 26.1 5.7491e+00  14 6.02512e-01  
 26.2 5.7773e+00  14 6.02602e-01  
 26.3 5.8053e+00  14 6.03330e-01  
 26.4 5.8346e+00  14 6.03694e-01  
 26.5 5.8606e+00  14 6.06429e-01  
 26.6 5.8828e+00  14 6.11370e-01  
 26.7 5.9050e+00  14 6.16089e-01  
 26.8 5.9297e+00  14 6.19407e-01  
 26.9 5.9576e+00  14 6.21243e-01  
 27.0 5.9862e+00  14 6.22972e-01  
 27.1 5.9114e+00  14 6.11066e-01  
 27.2 5.9115e+00  14 6.25250e-01  
 27.3 5.9281e+00  14 6.25853e-01  
 27.4 5.9398e+00  14 6.26284e-01  
 27.5 5.9450e+00  14 6.26477e-01  
 27.6 5.9606e+00  14 6.27063e-01  
 27.7 5.9665e+00  14 6.27288e-01  
 27.8 5.9818e+00  14 6.27876e-01  
 27.9 5.9967e+00  14 6.28456e-01  
 28.0 6.0088e+00  14 6.28934e-01  
 28.1 6.0126e+00  14 6.29084e-01  
 28.2 6.0357e+00  14 6.30009e-01  
 28.3 6.0417e+00  14 6.30251e-01  
 28.4 6.0528e+00  14 6.30705e-01  
 28.5 6.0677e+00  14 6.31317e-01  
 28.6 6.0796e+00  14 6.31814e-01  
 28.7 6.0961e+00  14 6.32505e-01  
 28.8 6.1082e+00  14 6.33017e-01  
 28.9 6.1185e+00  14 6.33458e-01  
 29.0 6.1259e+00  14 6.33777e-01  
 29.1 6.1418e+00  14 6.34465e-01  
 29.2 6.1581e+00  14 6.35172e-01  
 29.3 6.1687e+00  14 6.35641e-01  
 29.4 6.1769e+00  14 6.36002e-01  
 29.5 6.1983e+00  14 6.36955e-01  
 29.6 6.2081e+00  14 6.37394e-01  
 29.7 6.2274e+00  14 6.38266e-01  
 29.8 6.2381e+00  14 6.38749e-01  
 29.9 6.2520e+00  14 6.39386e-01  
 30.0 6.2604e+00  14 6.39775e-01  
 30.1 6.2748e+00  14 6.40437e-01  
 30.2 6.2847e+00  14 6.40896e-01  
 30.3 6.2990e+00  14 6.41566e-01  
 30.4 6.3147e+00  14 6.42299e-01  
 30.5 6.3229e+00  14 6.42680e-01  
 30.6 6.3362e+00  14 6.43283e-01  
 30.7 6.3519e+00  14 6.44001e-01  
 30.8 6.3706e+00  14 6.44858e-01  
 30.9 6.3815e+00  14 6.45359e-01  
 31.0 6.3925e+00  14 6.45869e-01  
 31.1 6.4053e+00  14 6.46463e-01  
 31.2 6.4238e+00  14 6.47331e-01  
 31.3 6.4343e+00  14 6.47824e-01  
 31.4 6.4520e+00  14 6.48659e-01  
 31.5 6.4638e+00  14 6.49220e-01  
 31.6 6.4746e+00  14 6.49731e-01  
 31.7 6.4922e+00  14 6.50575e-01  
 31.8 6.5051e+00  14 6.51196e-01  
 31.9 6.5167e+00  14 6.51753e-01  
 32.0 6.5323e+00  14 6.52507e-01  
 32.1 6.5479e+00  14 6.53263e-01  
 32.2 6.5622e+00  14 6.53958e-01  
 32.3 6.5755e+00  14 6.54610e-01  
 32.4 6.5948e+00  14 6.55559e-01  
 32.5 6.6053e+00  14 6.56076e-01  
 32.6 6.6247e+00  14 6.57030e-01  
 32.7 6.6424e+00  14 6.57907e-01  
 32.8 6.6568e+00  14 6.58628e-01  
 32.9 6.6655e+00  14 6.59060e-01  
 33.0 6.6814e+00  14 6.59853e-01  
 33.1 6.6996e+00  14 6.60767e-01  
 33.2 6.7168e+00  14 6.61633e-01  
 33.3 6.7243e+00  14 6.62008e-01  
 33.4 6.7417e+00  14 6.62886e-01  
 33.5 6.7598e+00  14 6.63808e-01  
 33.6 6.7708e+00  14 6.64363e-01  
 33.7 6.7897e+00  14 6.65328e-01  
 33.8 6.8071e+00  14 6.66213e-01  
 33.9 6.8236e+00  14 6.67061e-01  
 34.0 6.8338e+00  14 6.67585e-01  
 34.1 6.8487e+00  14 6.68352e-01  
 34.2 6.8675e+00  14 6.69322e-01  
 34.3 6.8752e+00  14 6.69718e-01  
 34.4 6.8949e+00  14 6.70740e-01  
 34.5 6.9042e+00  14 6.71219e-01  
 34.6 6.9325e+00  14 6.72694e-01  
 34.7 6.9458e+00  14 6.73386e-01  
 34.8 6.9582e+00  14 6.74033e-01  
 34.9 6.9684e+00  14 6.74568e-01  
 35.0 6.9904e+00  14 6.75719e-01  
 35.1 7.0013e+00  14 6.76292e-01  
 35.2 7.0188e+00  14 6.77208e-01  
 35.3 7.0296e+00  14 6.77778e-01  
 35.4 7.0467e+00  14 6.78679e-01  
 35.5 7.0580e+00  14 6.79276e-01  
 35.6 7.0843e+00  14 6.80667e-01  
 35.7 7.0909e+00  14 6.81015e-01  
 35.8 7.1102e+00  14 6.82037e-01  
 35.9 7.1135e+00  14 6.82210e-01  
 36.0 7.1370e+00  14 6.83461e-01  
 36.1 7.1555e+00  14 6.84443e-01  
 36.2 7.1654e+00  14 6.84971e-01  
 36.3 7.1852e+00  14 6.86026e-01  
 36.4 7.1965e+00  14 6.86631e-01  
 36.5 7.1965e+00  14 6.86632e-01  
 36.6 7.2205e+00  14 6.87912e-01  
 36.7 7.2300e+00  14 6.88425e-01  
 36.8 7.2480e+00  14 6.89388e-01  
 36.9 7.2565e+00  14 6.89845e-01  
 37.0 7.2850e+00  14 6.91375e-01  
 37.1 7.2963e+00  14 6.91980e-01  
 37.2 7.3016e+00  14 6.92267e-01  
 37.3 7.3204e+00  14 6.93280e-01  
 37.4 7.3333e+00  14 6.93976e-01  
 37.5 7.3647e+00  14 6.95672e-01  
 37.6 7.3712e+00  14 6.96022e-01  
 37.7 7.3988e+00  14 6.97521e-01  
 37.8 7.4121e+00  14 6.98241e-01  
 37.9 7.4352e+00  14 6.99493e-01  
 38.0 7.4422e+00  14 6.99873e-01  
 38.1 7.4757e+00  14 7.01693e-01  
 38.2 7.4869e+00  14 7.02298e-01  
 38.3 7.5164e+00  14 7.03908e-01  
 38.4 7.5293e+00  14 7.04609e-01  
 38.5 7.5517e+00  14 7.05832e-01  
 38.6 7.5705e+00  14 7.06856e-01  
 38.7 7.5875e+00  14 7.07784e-01  
 38.8 7.5952e+00  14 7.08207e-01  
 38.9 7.6125e+00  14 7.09151e-01  
 39.0 7.6281e+00  14 7.10004e-01  
 39.1 7.6322e+00  14 7.10227e-01  
 39.2 7.6607e+00  14 7.11787e-01  
 39.3 7.6716e+00  14 7.12385e-01  
 39.4 7.6839e+00  14 7.13056e-01  
 39.5 7.7081e+00  14 7.14385e-01  
 39.6 7.7330e+00  14 7.15750e-01  
 39.7 7.7452e+00  14 7.16417e-01  
 39.8 7.7650e+00  14 7.17507e-01  
 39.9 7.7773e+00  14 7.18181e-01  
 40.0 7.7920e+00  14 7.18987e-01  
 40.1 7.8142e+00  14 7.20209e-01  
 40.2 7.8270e+00  14 7.20909e-01  
 40.3 7.8347e+00  14 7.21333e-01  
 40.4 7.8526e+00  14 7.22322e-01  
 40.5 7.8753e+00  14 7.23572e-01  
 40.6 7.8982e+00  14 7.24830e-01  
 40.7 7.9078e+00  14 7.25359e-01  
 40.8 7.9319e+00  14 7.26691e-01  
 40.9 7.9290e+00  14 7.26530e-01  
 41.0 7.9634e+00  14 7.28428e-01  
 41.1 7.9736e+00  14 7.28987e-01  
 41.2 7.9881e+00  14 7.29793e-01  
 41.3 7.9960e+00  14 7.30225e-01  
 41.4 8.0031e+00  14 7.30616e-01  
 41.5 8.0375e+00  14 7.32516e-01  
 41.6 8.0571e+00  14 7.33600e-01  
 41.7 8.0774e+00  14 7.34722e-01  
 41.8 8.0998e+00  14 7.35960e-01  
 41.9 8.1048e+00  14 7.36237e-01  
 42.0 8.1369e+00  14 7.38010e-01  
 42.1 8.1532e+00  14 7.38906e-01  
 42.2 8.1616e+00  14 7.39372e-01  
 42.3 8.1924e+00  14 7.41077e-01  
 42.4 8.2075e+00  14 7.41910e-01  
 42.5 8.2192e+00  14 7.42555e-01  
 42.6 8.2400e+00  14 7.43708e-01  
 42.7 8.2580e+00  14 7.44705e-01  
 42.8 8.2721e+00  14 7.45482e-01  
 42.9 8.3017e+00  14 7.47120e-01  
 43.0 8.3038e+00  14 7.47238e-01  
 43.1 8.3288e+00  14 7.48616e-01  
 43.2 8.3496e+00  14 7.49768e-01  
 43.3 8.3624e+00  14 7.50473e-01  
 43.4 8.3687e+00  14 7.50824e-01  
 43.5 8.3894e+00  14 7.51969e-01  
 43.6 8.3713e+00  14 7.50967e-01  
 43.7 8.1968e+00  14 7.41320e-01  
 43.8 8.1862e+00  14 7.40732e-01  
 43.9 8.1546e+00  14 7.38989e-01  
 44.0 8.1300e+00  14 7.37629e-01  
 44.1 8.1194e+00  14 7.37042e-01  
 44.2 8.1004e+00  14 7.35994e-01  
 44.3 8.0635e+00  14 7.33952e-01  
 44.4 8.0316e+00  14 7.32191e-01  
 44.5 7.9800e+00  14 7.29343e-01  
 44.6 7.9438e+00  14 7.27346e-01  
 44.7 7.9113e+00  14 7.25555e-01  
 44.8 7.8918e+00  14 7.24481e-01  
 44.9 7.8344e+00  14 7.21319e-01  
 45.0 7.7657e+00  14 7.17543e-01  
 45.1 7.7602e+00  14 7.17239e-01  
 45.2 7.7515e+00  14 7.16761e-01  
 45.3 7.7420e+00  14 7.16245e-01  
 45.4 7.7253e+00  14 7.15327e-01  
 45.5 7.7008e+00  14 7.13981e-01  
 45.6 7.6933e+00  14 7.13573e-01  
 45.7 7.6781e+00  14 7.12742e-01  
 45.8 7.6519e+00  14 7.11306e-01  
 45.9 7.6443e+00  14 7.10891e-01  
 46.0 7.5945e+00  14 7.08168e-01  
 46.1 7.5769e+00  14 7.07207e-01  
 46.2 7.5545e+00  14 7.05981e-01  
 46.3 7.5558e+00  14 7.06056e-01  
 46.4 7.5265e+00  14 7.04456e-01  
 46.5 7.4859e+00  14 7.02248e-01  
 46.6 7.4219e+00  14 6.98772e-01  
 46.7 7.4226e+00  14 6.98808e-01  
 46.8 7.4096e+00  14 6.98106e-01  
 46.9 7.4116e+00  14 6.98213e-01  
 47.0 7.3986e+00  14 6.97506e-01  
 47.1 7.3850e+00  14 6.96770e-01  
 47.2 7.3684e+00  14 6.95872e-01  
 47.3 7.3856e+00  14 6.96801e-01  
 47.4 7.4035e+00  14 6.97774e-01  
 47.5 7.4207e+00  14 6.98707e-01  
 47.6 7.4438e+00  14 6.99959e-01  
 47.7 7.4557e+00  14 7.00603e-01  
 47.8 7.4780e+00  14 7.01817e-01  
 47.9 7.5304e+00  14 7.04670e-01  
 48.0 7.5806e+00  14 7.07410e-01  
 48.1 7.6181e+00  14 7.09457e-01  
 48.2 7.6426e+00  14 7.10798e-01  
 48.3 7.6777e+00  14 7.12718e-01  
 48.4 7.7102e+00  14 7.14500e-01  
 48.5 7.7578e+00  14 7.17107e-01  
 48.6 7.7920e+00  14 7.18985e-01  
 48.7 7.8055e+00  14 7.19726e-01  
 48.8 7.8302e+00  14 7.21086e-01  
 48.9 7.8558e+00  14 7.22494e-01  
 49.0 7.8757e+00  14 7.23591e-01  
 49.1 7.8959e+00  14 7.24704e-01  
 49.2 7.9137e+00  14 7.25689e-01  
 49.3 7.9471e+00  14 7.27529e-01  
 49.4 7.9966e+00  14 7.30260e-01  
 49.5 8.0505e+00  14 7.33233e-01  
 49.6 8.0918e+00  14 7.35517e-01  
 49.7 8.1236e+00  14 7.37273e-01  
 49.8 8.1622e+00  14 7.39406e-01  
 49.9 8.1895e+00  14 7.40916e-01  
 50.0 8.2404e+00  14 7.43729e-01  
 50.1 8.2714e+00  14 7.45443e-01  
 50.2 8.2992e+00  14 7.46984e-01  
 50.3 8.3149e+00  14 7.47850e-01  
 50.4 8.3463e+00  14 7.49585e-01  
 50.5 8.3691e+00  14 7.50847e-01  
 50.6 8.3827e+00  14 7.51596e-01  
 50.7 8.4106e+00  14 7.53139e-01  
 50.8 8.4551e+00  14 7.55600e-01  
 50.9 8.4924e+00  14 7.57664e-01  
 51.0 8.5584e+00  14 7.61319e-01  
 51.1 8.5889e+00  14 7.63006e-01  
 51.2 8.6405e+00  14 7.65859e-01  
 51.3 8.6677e+00  14 7.67362e-01  
 51.4 8.7166e+00  14 7.70065e-01  
 51.5 8.7417e+00  14 7.71456e-01  
 51.6 8.7966e+00  14 7.74483e-01  
 51.7 8.8377e+00  14 7.76756e-01  
 51.8 8.8552e+00  14 7.77722e-01  
 51.9 8.8883e+00  14 7.79549e-01  
 52.0 8.9195e+00  14 7.81271e-01  
 52.1 8.9454e+00  14 7.82697e-01  
 52.2 8.9634e+00  14 7.83690e-01  
 52.3 8.9905e+00  14 7.85185e-01  
 52.4 9.0310e+00  14 7.87412e-01  
 52.5 9.0732e+00  14 7.89738e-01  
 52.6 9.1425e+00  14 7.93548e-01  
 52.7 9.1932e+00  14 7.96338e-01  
 52.8 9.2281e+00  14 7.98254e-01  
 52.9 9.2720e+00  14 8.00665e-01  
 53.0 9.3016e+00  14 8.02290e-01  
 53.1 9.3432e+00  14 8.04572e-01  
 53.2 9.3957e+00  14 8.07454e-01  
 53.3 9.4514e+00  14 8.10502e-01  
 53.4 9.4727e+00  14 8.11669e-01  
 53.5 9.5041e+00  14 8.13386e-01  
 53.6 9.5309e+00  14 8.14854e-01  
 53.7 9.5561e+00  14 8.16229e-01  
 53.8 9.5884e+00  14 8.17995e-01  
 53.9 9.6137e+00  14 8.19380e-01  
 54.0 9.6570e+00  14 8.21741e-01  
 54.1 9.7098e+00  14 8.24619e-01  
 54.2 9.7509e+00  14 8.26857e-01  
 54.3 9.8201e+00  14 8.30620e-01  
 54.4 9.8648e+00  14 8.33050e-01  
 54.5 9.9125e+00  14 8.35641e-01  
 54.6 9.9633e+00  14 8.38393e-01  
 54.7 1.0003e+01  14 8.40519e-01  
 54.8 1.0043e+01  14 8.42709e-01  
 54.9 1.0116e+01  14 8.46682e-01  
 55.0 1.0140e+01  14 8.47931e-01  
 55.1 1.0165e+01  14 8.49290e-01  
 55.2 1.0213e+01  14 8.51881e-01  
 55.3 1.0235e+01  14 8.53075e-01  
 55.4 1.0255e+01  14 8.54162e-01  
 55.5 1.0299e+01  14 8.56503e-01  
 55.6 1.0314e+01  14 8.57333e-01  
 55.7 1.0383e+01  14 8.61037e-01  
 55.8 1.0433e+01  14 8.63715e-01  
 55.9 1.0478e+01  14 8.66151e-01  
 56.0 1.0551e+01  14 8.70046e-01  
 56.1 1.0605e+01  14 8.72948e-01  
 56.2 1.0655e+01  14 8.75624e-01  
 56.3 1.0701e+01  14 8.78094e-01  
 56.4 1.0747e+01  14 8.80521e-01  
 56.5 1.0780e+01  14 8.82296e-01  
 56.6 1.0820e+01  14 8.84405e-01  
 56.7 1.0890e+01  14 8.88105e-01  
 56.8 1.0937e+01  14 8.90637e-01  
 56.9 1.0974e+01  14 8.92562e-01  
 57.0 1.1001e+01  14 8.93989e-01  
 57.1 1.1023e+01  14 8.95150e-01  
 57.2 1.1064e+01  14 8.97323e-01  
 57.3 1.1105e+01  14 8.99535e-01  
 57.4 1.1149e+01  14 9.01827e-01  
 57.5 1.1209e+01  14 9.04978e-01  
 57.6 1.1256e+01  14 9.07459e-01  
 57.7 1.1310e+01  14 9.10287e-01  
 57.8 1.1384e+01  14 9.14186e-01  
 57.9 1.1443e+01  14 9.17300e-01  
 58.0 1.1498e+01  14 9.20170e-01  
 58.1 1.1542e+01  14 9.22490e-01  
 58.2 1.1591e+01  14 9.25037e-01  
 58.3 1.1645e+01  14 9.27825e-01  
 58.4 1.1688e+01  14 9.30069e-01  
 58.5 1.1769e+01  14 9.34324e-01  
 58.6 1.1803e+01  14 9.36086e-01  
 58.7 1.1838e+01  14 9.37858e-01  
 58.8 1.1873e+01  14 9.39698e-01  
 58.9 1.1907e+01  14 9.41439e-01  
 59.0 1.1945e+01  14 9.43423e-01  
 59.1 1.1959e+01  14 9.44135e-01  
 59.2 1.2026e+01  14 9.47609e-01  
 59.3 1.2087e+01  14 9.50746e-01  
 59.4 1.2150e+01  14 9.54014e-01  
 59.5 1.2198e+01  14 9.56453e-01  
 59.6 1.2241e+01  14 9.58672e-01  
 59.7 1.2334e+01  14 9.63438e-01  
 59.8 1.2398e+01  14 9.66731e-01  
 59.9 1.2451e+01  14 9.69416e-01  
 60.0 1.2510e+01  14 9.72459e-01  
 60.1 1.2556e+01  14 9.74798e-01  
 60.2 1.2609e+01  14 9.77496e-01  
 60.3 1.2655e+01  14 9.79844e-01  
 60.4 1.2735e+01  14 9.83879e-01  
 60.5 1.2793e+01  14 9.86827e-01  
 60.6 1.2820e+01  14 9.88202e-01  
 60.7 1.2853e+01  14 9.89865e-01  
 60.8 1.2894e+01  14 9.91916e-01  
 60.9 1.2936e+01  14 9.94040e-01  
 61.0 1.2979e+01  14 9.96218e-01  
 61.1 1.3017e+01  14 9.98140e-01  
 61.2 1.3061e+01  14 1.00000e+00  
 61.3 1.3088e+01  14 1.00000e+00  
 61.4 1.3117e+01  14 1.00000e+00  
 61.5 1.3132e+01  14 1.00000e+00  
 61.6 1.3169e+01  14 1.00000e+00  
 61.7 1.3186e+01  14 1.00000e+00  
 61.8 1.3213e+01  14 1.00000e+00  
 61.9 1.3240e+01  14 1.00000e+00  
 62.0 1.3261e+01  14 1.00000e+00  
 62.1 1.3277e+01  14 1.00000e+00  
 62.2 1.3298e+01  14 1.00000e+00  
 62.3 1.3316e+01  14 1.00000e+00  
 62.4 1.3336e+01  14 1.00000e+00  
 62.5 1.3368e+01  14 1.00000e+00  
 62.6 1.3383e+01  14 1.00000e+00  
 62.7 1.3398e+01  14 1.00000e+00  
 62.8 1.3413e+01  14 1.00000e+00  
 62.9 1.3422e+01  14 1.00000e+00  
 63.0 1.3443e+01  14 1.00000e+00  
 63.1 1.3460e+01  14 1.00000e+00  
 63.2 1.3491e+01  14 1.00000e+00  
 63.3 1.3516e+01  14 1.00000e+00  
 63.4 1.3541e+01  14 1.00000e+00  
 63.5 1.3562e+01  14 1.00000e+00  
 63.6 1.3584e+01  14 1.00000e+00  
 63.7 1.3611e+01  14 1.00000e+00  
 63.8 1.3638e+01  14 1.00000e+00  
 63.9 1.3656e+01  14 1.00000e+00  
 64.0 1.3684e+01  14 1.00000e+00  
 64.1 1.3699e+01  14 1.00000e+00  
 64.2 1.3725e+01  14 1.00000e+00  
 64.3 1.3745e+01  14 1.00000e+00  
 64.4 1.3763e+01  14 1.00000e+00  
 64.5 1.3792e+01  14 1.00000e+00  
 64.6 1.3814e+01  14 1.00000e+00  
 64.7 1.3831e+01  14 1.00000e+00  
 64.8 1.3847e+01  14 1.00000e+00  
 64.9 1.3862e+01  14 1.00000e+00  
 65.0 1.3872e+01  14 1.00000e+00  
 65.1 1.3893e+01  14 1.00000e+00  
 65.2 1.3914e+01  14 1.00000e+00  
 65.3 1.3943e+01  14 1.00000e+00  
 65.4 1.3968e+01  14 1.00000e+00  
 65.5 1.3992e+01  14 1.00000e+00  
 65.6 1.4014e+01  14 1.00000e+00  
 65.7 1.4034e+01  14 1.00000e+00  
 65.8 1.4068e+01  14 1.00000e+00  
 65.9 1.4093e+01  14 1.00000e+00  
 66.0 1.4116e+01  14 1.00000e+00  
 66.1 1.4140e+01  14 1.00000e+00  
 66.2 1.4158e+01  14 1.00000e+00  
 66.3 1.4179e+01  14 1.00000e+00  
 66.4 1.4197e+01  14 1.00000e+00  
 66.5 1.4216e+01  14 1.00000e+00  
 66.6 1.4241e+01  14 1.00000e+00  
 66.7 1.4274e+01  14 1.00000e+00  
 66.8 1.4278e+01  14 1.00000e+00  
 66.9 1.4295e+01  14 1.00000e+00  
 67.0 1.4316e+01  14 1.00000e+00  
 67.1 1.4331e+01  14 1.00000e+00  
 67.2 1.4345e+01  14 1.00000e+00  
 67.3 1.4364e+01  14 1.00000e+00  
 67.4 1.4387e+01  14 1.00000e+00  
 67.5 1.4421e+01  14 1.00000e+00  
 67.6 1.4446e+01  14 1.00000e+00  
 67.7 1.4464e+01  14 1.00000e+00  
 67.8 1.4491e+01  14 1.00000e+00  
 67.9 1.4510e+01  14 1.00000e+00  
 68.0 1.4544e+01  14 1.00000e+00  
 68.1 1.4567e+01  14 1.00000e+00  
 68.2 1.4593e+01  14 1.00000e+00  
 68.3 1.4606e+01  14 1.00000e+00  
 68.4 1.4635e+01  14 1.00000e+00  
 68.5 1.4656e+01  14 1.00000e+00  
 68.6 1.4675e+01  14 1.00000e+00  
 68.7 1.4693e+01  14 1.00000e+00  
 68.8 1.4711e+01  14 1.00000e+00  
 68.9 1.4739e+01  14 1.00000e+00  
 69.0 1.4761e+01  14 1.00000e+00  
 69.1 1.4775e+01  14 1.00000e+00  
 69.2 1.4789e+01  14 1.00000e+00  
 69.3 1.4808e+01  14 1.00000e+00  
 69.4 1.4815e+01  14 1.00000e+00  
 69.5 1.4838e+01  14 1.00000e+00  
 69.6 1.4865e+01  14 1.00000e+00  
 69.7 1.4891e+01  14 1.00000e+00  
 69.8 1.4920e+01  14 1.00000e+00  
 69.9 1.4944e+01  14 1.00000e+00  
 70.0 1.4968e+01  14 1.00000e+00  
 70.1 1.4982e+01  14 1.00000e+00  
 70.2 1.5012e+01  14 1.00000e+00  
 70.3 1.5043e+01  14 1.00000e+00  
 70.4 1.5071e+01  14 1.00000e+00  
 70.5 1.5090e+01  14 1.00000e+00  
 70.6 1.5119e+01  14 1.00000e+00  
 70.7 1.5136e+01  14 1.00000e+00  
 70.8 1.5161e+01  14 1.00000e+00  
 70.9 1.5179e+01  14 1.00000e+00  
 71.0 1.5196e+01  14 1.00000e+00  
 71.1 1.5214e+01  14 1.00000e+00  
 71.2 1.5242e+01  14 1.00000e+00  
 71.3 1.5273e+01  14 1.00000e+00  
 71.4 1.5285e+01  14 1.00000e+00  
 71.5 1.5296e+01  14 1.00000e+00  
 71.6 1.5317e+01  14 1.00000e+00  
 71.7 1.5329e+01  14 1.00000e+00  
 71.8 1.5349e+01  14 1.00000e+00  
 71.9 1.5361e+01  14 1.00000e+00  
 72.0 1.5396e+01  14 1.00000e+00  
 72.1 1.5415e+01  14 1.00000e+00  
 72.2 1.5447e+01  14 1.00000e+00  
 72.3 1.5471e+01  14 1.00000e+00  
 72.4 1.5500e+01  14 1.00000e+00  
 72.5 1.5524e+01  14 1.00000e+00  
 72.6 1.5545e+01  14 1.00000e+00  
 72.7 1.5577e+01  14 1.00000e+00  
 72.8 1.5596e+01  14 1.00000e+00  
 72.9 1.5626e+01  14 1.00000e+00  
 73.0 1.5629e+01  14 1.00000e+00  
 73.1 1.5671e+01  14 1.00000e+00  
 73.2 1.5683e+01  14 1.00000e+00  
 73.3 1.5701e+01  14 1.00000e+00  
 73.4 1.5719e+01  14 1.00000e+00  
 73.5 1.5735e+01  14 1.00000e+00  
 73.6 1.5753e+01  14 1.00000e+00  
 73.7 1.5782e+01  14 1.00000e+00  
 73.8 1.5818e+01  14 1.00000e+00  
 73.9 1.5831e+01  14 1.00000e+00  
 74.0 1.5846e+01  14 1.00000e+00  
 74.1 1.5853e+01  14 1.00000e+00  
 74.2 1.5880e+01  14 1.00000e+00  
 74.3 1.5895e+01  14 1.00000e+00  
 74.4 1.5911e+01  14 1.00000e+00  
 74.5 1.5951e+01  14 1.00000e+00  
 74.6 1.5978e+01  14 1.00000e+00  
 74.7 1.6005e+01  14 1.00000e+00  
 74.8 1.6031e+01  14 1.00000e+00  
 74.9 1.6045e+01  14 1.00000e+00  
 75.0 1.6072e+01  14 1.00000e+00  
 75.1 1.6089e+01  14 1.00000e+00  
 75.2 1.6121e+01  14 1.00000e+00  
 75.3 1.6152e+01  14 1.00000e+00  
 75.4 1.6162e+01  14 1.00000e+00  
 75.5 1.6177e+01  14 1.00000e+00  
 75.6 1.6198e+01  14 1.00000e+00  
 75.7 1.6231e+01  14 1.00000e+00  
 75.8 1.6269e+01  14 1.00000e+00  
 75.9 1.6279e+01  14 1.00000e+00  
 76.0 1.6302e+01  14 1.00000e+00  
 76.1 1.6324e+01  14 1.00000e+00  
 76.2 1.6338e+01  14 1.00000e+00  
 76.3 1.6366e+01  14 1.00000e+00  
 76.4 1.6398e+01  14 1.00000e+00  
 76.5 1.6413e+01  14 1.00000e+00  
 76.6 1.6427e+01  14 1.00000e+00  
 76.7 1.6441e+01  14 1.00000e+00  
 76.8 1.6463e+01  14 1.00000e+00  
 76.9 1.6477e+01  14 1.00000e+00  
 77.0 1.6500e+01  14 1.00000e+00  
 77.1 1.6537e+01  14 1.00000e+00  
 77.2 1.6560e+01  14 1.00000e+00  
 77.3 1.6586e+01  14 1.00000e+00  
 77.4 1.6605e+01  14 1.00000e+00  
 77.5 1.6639e+01  14 1.00000e+00  
 77.6 1.6663e+01  14 1.00000e+00  
 77.7 1.6685e+01  14 1.00000e+00  
 77.8 1.6703e+01  14 1.00000e+00  
 77.9 1.6722e+01  14 1.00000e+00  
 78.0 1.6746e+01  14 1.00000e+00  
 78.1 1.6761e+01  14 1.00000e+00  
 78.2 1.6783e+01  14 1.00000e+00  
 78.3 1.6813e+01  14 1.00000e+00  
 78.4 1.6835e+01  14 1.00000e+00  
 78.5 1.6876e+01  14 1.00000e+00  
 78.6 1.6892e+01  14 1.00000e+00  
 78.7 1.6907e+01  14 1.00000e+00  
 78.8 1.6924e+01  14 1.00000e+00  
 78.9 1.6941e+01  14 1.00000e+00  
 79.0 1.6985e+01  14 1.00000e+00  
 79.1 1.6994e+01  14 1.00000e+00  
 79.2 1.7005e+01  14 1.00000e+00  
 79.3 1.7015e+01  14 1.00000e+00  
 79.4 1.7040e+01  14 1.00000e+00  
 79.5 1.7056e+01  14 1.00000e+00  
 79.6 1.7071e+01  14 1.00000e+00  
 79.7 1.7098e+01  14 1.00000e+00  
 79.8 1.7127e+01  14 1.00000e+00  
 79.9 1.7156e+01  14 1.00000e+00  
 80.0 1.7182e+01  14 1.00000e+00  
 80.1 1.7206e+01  14 1.00000e+00  
 80.2 1.7225e+01  14 1.00000e+00  
 80.3 1.7257e+01  14 1.00000e+00  
 80.4 1.7280e+01  14 1.00000e+00  
 80.5 1.7298e+01  14 1.00000e+00  
 80.6 1.7319e+01  14 1.00000e+00  
 80.7 1.7331e+01  14 1.00000e+00  
 80.8 1.7349e+01  14 1.00000e+00  
 80.9 1.7372e+01  14 1.00000e+00  
 81.0 1.7393e+01  14 1.00000e+00  
 81.1 1.7414e+01  14 1.00000e+00  
 81.2 1.7383e+01  14 1.00000e+00  
 81.3 1.6031e+01  14 1.00000e+00  
 81.4 1.6040e+01  14 1.00000e+00  
 81.5 1.6046e+01  14 1.00000e+00  
 81.6 1.6050e+01  14 1.00000e+00  
 81.7 1.6012e+01  14 1.00000e+00  
 81.8 1.6025e+01  14 1.00000e+00  
 81.9 1.6034e+01  14 1.00000e+00  
 82.0 1.7608e+01  14 1.00000e+00  
 82.1 1.7620e+01  14 1.00000e+00  
 82.2 1.7632e+01  14 1.00000e+00  
 82.3 1.7658e+01  14 1.00000e+00  
 82.4 1.7674e+01  14 1.00000e+00  
 82.5 1.7699e+01  14 1.00000e+00  
 82.6 1.7730e+01  14 1.00000e+00  
 82.7 1.7759e+01  14 1.00000e+00  
 82.8 1.7787e+01  14 1.00000e+00  
 82.9 1.7814e+01  14 1.00000e+00  
 83.0 1.7841e+01  14 1.00000e+00  
 83.1 1.7858e+01  14 1.00000e+00  
 83.2 1.7885e+01  14 1.00000e+00  
 83.3 1.7906e+01  14 1.00000e+00  
 83.4 1.7921e+01  14 1.00000e+00  
 83.5 1.7949e+01  14 1.00000e+00  
 83.6 1.7955e+01  14 1.00000e+00  
 83.7 1.7978e+01  14 1.00000e+00  
 83.8 1.8000e+01  14 1.00000e+00  
 83.9 1.8022e+01  14 1.00000e+00  
 84.0 1.8043e+01  14 1.00000e+00  
 84.1 1.8060e+01  14 1.00000e+00  
 84.2 1.8083e+01  14 1.00000e+00  
 84.3 1.8126e+01  14 1.00000e+00  
 84.4 1.8073e+01  14 1.00000e+00  
 84.5 1.8085e+01  14 1.00000e+00  
 84.6 1.8124e+01  14 1.00000e+00  
 84.7 1.8078e+01  14 1.00000e+00  
 84.8 1.8084e+01  14 1.00000e+00  
 84.9 1.8126e+01  14 1.00000e+00  
 85.0 1.8137e+01  14 1.00000e+00  
 85.1 1.6689e+01  14 1.00000e+00  
 85.2 1.6697e+01  14 1.00000e+00  
 85.3 1.6701e+01  14 1.00000e+00  
 85.4 1.6705e+01  14 1.00000e+00  
 85.5 1.6733e+01  14 1.00000e+00  
 85.6 1.6721e+01  14 1.00000e+00  
 85.7 1.6730e+01  14 1.00000e+00  
 85.8 1.6739e+01  14 1.00000e+00  
 85.9 1.6745e+01  14 1.00000e+00  
 86.0 1.6747e+01  14 1.00000e+00  
 86.1 1.6755e+01  14 1.00000e+00  
 86.2 1.6764e+01  14 1.00000e+00  
 86.3 1.6727e+01  14 1.00000e+00  
 86.4 1.8551e+01  14 1.00000e+00  
 86.5 1.8605e+01  14 1.00000e+00  
 86.6 1.8609e+01  14 1.00000e+00  
 86.7 1.8633e+01  14 1.00000e+00  
 86.8 1.8655e+01  14 1.00000e+00  
 86.9 1.8677e+01  14 1.00000e+00  
 87.0 1.8699e+01  14 1.00000e+00  
 87.1 1.8721e+01  14 1.00000e+00  
 87.2 1.8738e+01  14 1.00000e+00  
 87.3 1.8753e+01  14 1.00000e+00  
 87.4 1.8801e+01  14 1.00000e+00  
 87.5 1.8753e+01  14 1.00000e+00  
 87.6 1.8753e+01  14 1.00000e+00  
 87.7 1.8799e+01  14 1.00000e+00  
 87.8 1.8818e+01  14 1.00000e+00  
 87.9 1.8753e+01  14 1.00000e+00  
 88.0 1.8802e+01  14 1.00000e+00  
 88.1 1.8814e+01  14 1.00000e+00  
 88.2 1.8814e+01  14 1.00000e+00  
 88.3 1.8756e+01  14 1.00000e+00  
 88.4 1.8770e+01  14 1.00000e+00  
 88.5 1.8798e+01  14 1.00000e+00  
 88.6 1.8817e+01  14 1.00000e+00  
 88.7 1.8750e+01  14 1.00000e+00  
 88.8 1.7337e+01  14 1.00000e+00  
 88.9 1.7341e+01  14 1.00000e+00  
 89.0 1.7349e+01  14 1.00000e+00  
 89.1 1.7357e+01  14 1.00000e+00  
 89.2 1.7364e+01  14 1.00000e+00  
 89.3 1.7319e+01  14 1.00000e+00  
 89.4 1.7321e+01  14 1.00000e+00  
 89.5 1.7333e+01  14 1.00000e+00  
 89.6 1.7338e+01  14 1.00000e+00  
 89.7 1.7344e+01  14 1.00000e+00  
 89.8 1.7341e+01  14 1.00000e+00  
 89.9 1.7350e+01  14 1.00000e+00  
 90.0 1.7357e+01  14 1.00000e+00  
 90.1 1.7366e+01  14 1.00000e+00  
 90.2 1.7374e+01  14 1.00000e+00  
 90.3 1.7382e+01  14 1.00000e+00  
 90.4 1.7389e+01  14 1.00000e+00  
 90.5 1.7396e+01  14 1.00000e+00  
 90.6 1.7402e+01  14 1.00000e+00  
 90.7 1.9449e+01  14 1.00000e+00  
 90.8 1.9464e+01  14 1.00000e+00  
 90.9 1.9445e+01  14 1.00000e+00  
 91.0 1.9444e+01  14 1.00000e+00  
 91.1 1.9453e+01  14 1.00000e+00  
 91.2 1.9465e+01  14 1.00000e+00  
 91.3 1.9441e+01  14 1.00000e+00  
 91.4 1.9440e+01  14 1.00000e+00  
 91.5 1.9253e+01  14 1.00000e+00  
 91.6 1.9265e+01  14 1.00000e+00  
 91.7 1.9231e+01  14 1.00000e+00  
 91.8 1.9231e+01  14 1.00000e+00  
 91.9 1.9247e+01  14 1.00000e+00  
 92.0 1.9256e+01  14 1.00000e+00  
 92.1 1.9003e+01  14 1.00000e+00  
 92.2 1.9024e+01  14 1.00000e+00  
 92.3 1.9037e+01  14 1.00000e+00  
 92.4 1.7938e+01  14 1.00000e+00  
 92.5 1.7943e+01  14 1.00000e+00  
 92.6 1.7941e+01  14 1.00000e+00  
 92.7 1.7947e+01  14 1.00000e+00  
 92.8 1.7949e+01  14 1.00000e+00  
 92.9 1.7951e+01  14 1.00000e+00  
 93.0 1.7936e+01  14 1.00000e+00  
 93.1 1.7941e+01  14 1.00000e+00  
 93.2 1.7948e+01  14 1.00000e+00  
 93.3 1.7956e+01  14 1.00000e+00  
 93.4 1.7964e+01  14 1.00000e+00  
 93.5 1.7971e+01  14 1.00000e+00  
 93.6 1.7945e+01  14 1.00000e+00  
 93.7 1.7946e+01  14 1.00000e+00  
 93.8 1.7947e+01  14 1.00000e+00  
 93.9 1.7948e+01  14 1.00000e+00  
 94.0 1.7937e+01  14 1.00000e+00  
 94.1 1.7943e+01  14 1.00000e+00  
 94.2 1.7949e+01  14 1.00000e+00  
 94.3 1.7954e+01  14 1.00000e+00  
 94.4 1.7958e+01  14 1.00000e+00  
 94.5 1.7966e+01  14 1.00000e+00  
 94.6 1.7974e+01  14 1.00000e+00  
 94.7 1.7981e+01  14 1.00000e+00  
 94.8 1.7988e+01  14 1.00000e+00  
 94.9 1.9680e+01  14 1.00000e+00  
 95.0 1.9702e+01  14 1.00000e+00  
 95.1 1.9678e+01  14 1.00000e+00  
 95.2 1.9471e+01  14 1.00000e+00  
 95.3 1.9496e+01  14 1.00000e+00  
 95.4 1.9469e+01  14 1.00000e+00  
 95.5 1.9466e+01  14 1.00000e+00  
 95.6 1.9273e+01  14 1.00000e+00  
 95.7 1.9252e+01  14 1.00000e+00  
 95.8 1.9248e+01  14 1.00000e+00  
 95.9 1.8514e+01  14 1.00000e+00  
 96.0 1.8515e+01  14 1.00000e+00  
 96.1 1.8526e+01  14 1.00000e+00  
 96.2 1.8528e+01  14 1.00000e+00  
 96.3 1.8529e+01  14 1.00000e+00  
 96.4 1.8534e+01  14 1.00000e+00  
 96.5 1.8538e+01  14 1.00000e+00  
 96.6 1.8545e+01  14 1.00000e+00  
 96.7 1.8499e+01  14 1.00000e+00  
 96.8 1.8498e+01  14 1.00000e+00  
 96.9 1.8497e+01  14 1.00000e+00  
 97.0 1.8495e+01  14 1.00000e+00  
 97.1 1.8504e+01  14 1.00000e+00  
 97.2 1.8507e+01  14 1.00000e+00  
 97.3 1.8511e+01  14 1.00000e+00  
 97.4 1.8514e+01  14 1.00000e+00  
 97.5 1.8517e+01  14 1.00000e+00  
 97.6 1.8524e+01  14 1.00000e+00  
 97.7 1.8530e+01  14 1.00000e+00  
 97.8 1.8535e+01  14 1.00000e+00  
 97.9 1.8490e+01  14 1.00000e+00  
 98.0 1.8490e+01  14 1.00000e+00  
 98.1 1.8489e+01  14 1.00000e+00  
 98.2 1.8489e+01  14 1.00000e+00  
 98.3 1.8499e+01  14 1.00000e+00  
 98.4 1.8501e+01  14 1.00000e+00  
 98.5 1.8505e+01  14 1.00000e+00  
 98.6 1.8510e+01  14 1.00000e+00  
 98.7 1.8514e+01  14 1.00000e+00  
 98.8 1.8516e+01  14 1.00000e+00  
 98.9 1.9662e+01  14 1.00000e+00  
 99.0 1.9682e+01  14 1.00000e+00  
 99.1 1.9682e+01  14 1.00000e+00  
 99.2 1.9457e+01  14 1.00000e+00  
 99.3 1.9466e+01  14 1.00000e+00  
 99.4 1.8925e+01  14 1.00000e+00  
 99.5 1.8703e+01  14 1.00000e+00  
 99.6 1.8699e+01  14 1.00000e+00  
 99.7 1.8697e+01  14 1.00000e+00  
 99.8 1.8695e+01  14 1.00000e+00  
 99.9 1.8702e+01  14 1.00000e+00  
100.0 1.8708e+01  14 1.00000e+00  
100.1 1.8870e+01  14 1.00000e+00  
100.2 1.8885e+01  14 1.00000e+00  
100.3 1.8877e+01  14 1.00000e+00  
100.4 1.8871e+01  14 1.00000e+00  
100.5 1.8885e+01  14 1.00000e+00  
100.6 1.8913e+01  14 1.00000e+00  
100.7 1.8909e+01  14 1.00000e+00  
100.8 1.8910e+01  14 1.00000e+00  
100.9 1.8919e+01  14 1.00000e+00  
101.0 1.8919e+01  14 1.00000e+00  
101.1 1.8921e+01  14 1.00000e+00  
101.2 1.8865e+01  14 1.00000e+00  
101.3 1.8864e+01  14 1.00000e+00  
101.4 1.8862e+01  14 1.00000e+00  
101.5 1.8861e+01  14 1.00000e+00  
101.6 1.8857e+01  14 1.00000e+00  
101.7 1.8866e+01  14 1.00000e+00  
101.8 1.8868e+01  14 1.00000e+00  
101.9 1.8869e+01  14 1.00000e+00  
102.0 1.8870e+01  14 1.00000e+00  
102.1 1.8868e+01  14 1.00000e+00  
102.2 1.8870e+01  14 1.00000e+00  
102.3 1.8871e+01  14 1.00000e+00  
102.4 1.8839e+01  14 1.00000e+00  
102.5 1.8828e+01  14 1.00000e+00  
102.6 1.8832e+01  14 1.00000e+00  
102.7 1.9860e+01  14 1.00000e+00  
102.8 1.8694e+01  14 1.00000e+00  
102.9 1.8698e+01  14 1.00000e+00  
103.0 1.8706e+01  14 1.00000e+00  
103.1 1.8711e+01  14 1.00000e+00  
103.2 1.8871e+01  14 1.00000e+00  
103.3 1.8868e+01  14 1.00000e+00  
103.4 1.8871e+01  14 1.00000e+00  
103.5 1.8871e+01  14 1.00000e+00  
103.6 1.8871e+01  14 1.00000e+00  
103.7 1.8871e+01  14 1.00000e+00  
103.8 1.8869e+01  14 1.00000e+00  
103.9 1.8871e+01  14 1.00000e+00  
104.0 1.8868e+01  14 1.00000e+00  
104.1 1.8875e+01  14 1.00000e+00  
104.2 1.8909e+01  14 1.00000e+00  
104.3 1.8849e+01  14 1.00000e+00  
104.4 1.8850e+01  14 1.00000e+00  
104.5 1.8846e+01  14 1.00000e+00  
104.6 1.8845e+01  14 1.00000e+00  
104.7 1.8847e+01  14 1.00000e+00  
104.8 1.8848e+01  14 1.00000e+00  
104.9 1.8829e+01  14 1.00000e+00  
105.0 1.8845e+01  14 1.00000e+00  
105.1 1.8849e+01  14 1.00000e+00  
105.2 1.8850e+01  14 1.00000e+00  
105.3 1.8848e+01  14 1.00000e+00  
105.4 1.8851e+01  14 1.00000e+00  
105.5 1.8818e+01  14 1.00000e+00  
105.6 1.8816e+01  14 1.00000e+00  
105.7 1.8812e+01  14 1.00000e+00  
105.8 1.8801e+01  14 1.00000e+00  
105.9 1.8771e+01  14 1.00000e+00  
106.0 1.8802e+01  14 1.00000e+00  
106.1 1.8801e+01  14 1.00000e+00  
106.2 1.8800e+01  14 1.00000e+00  
106.3 1.8800e+01  14 1.00000e+00  
106.4 1.8735e+01  14 1.00000e+00  
106.5 1.8738e+01  14 1.00000e+00  
106.6 1.8915e+01  14 1.00000e+00  
106.7 1.8921e+01  14 1.00000e+00  
106.8 1.8906e+01  14 1.00000e+00  
106.9 1.8917e+01  14 1.00000e+00  
107.0 1.8906e+01  14 1.00000e+00  
107.1 1.8911e+01  14 1.00000e+00  
107.2 1.8907e+01  14 1.00000e+00  
107.3 1.8920e+01  14 1.00000e+00  
107.4 1.8921e+01  14 1.00000e+00  
107.5 1.8861e+01  14 1.00000e+00  
107.6 1.8845e+01  14 1.00000e+00  
107.7 1.8843e+01  14 1.00000e+00  
107.8 1.8830e+01  14 1.00000e+00  
107.9 1.8844e+01  14 1.00000e+00  
108.0 1.8832e+01  14 1.00000e+00  
108.1 1.8833e+01  14 1.00000e+00  
108.2 1.8844e+01  14 1.00000e+00  
108.3 1.8848e+01  14 1.00000e+00  
108.4 1.8848e+01  14 1.00000e+00  
108.5 1.8846e+01  14 1.00000e+00  
108.6 1.8817e+01  14 1.00000e+00  
108.7 1.8812e+01  14 1.00000e+00  
108.8 1.8798e+01  14 1.00000e+00  
108.9 1.8772e+01  14 1.00000e+00  
109.0 1.8760e+01  14 1.00000e+00  
109.1 1.8749e+01  14 1.00000e+00  
109.2 1.8744e+01  14 1.00000e+00  
109.3 1.8750e+01  14 1.00000e+00  
109.4 1.8750e+01  14 1.00000e+00  
109.5 1.8753e+01  14 1.00000e+00  
109.6 1.8922e+01  14 1.00000e+00  
109.7 1.8922e+01  14 1.00000e+00  
109.8 1.8919e+01  14 1.00000e+00  
109.9 1.8918e+01  14 1.00000e+00  
110.0 1.8682e+01  14 1.00000e+00  
110.1 1.8919e+01  14 1.00000e+00  
110.2 1.8924e+01  14 1.00000e+00  
110.3 1.8913e+01  14 1.00000e+00  
110.4 1.8685e+01  14 1.00000e+00  
110.5 1.8683e+01  14 1.00000e+00  
110.6 1.8677e+01  14 1.00000e+00  
110.7 1.8688e+01  14 1.00000e+00  
110.8 1.8694e+01  14 1.00000e+00  
110.9 1.8870e+01  14 1.00000e+00  
111.0 1.8856e+01  14 1.00000e+00  
111.1 1.8848e+01  14 1.00000e+00  
111.2 1.8850e+01  14 1.00000e+00  
111.3 1.8848e+01  14 1.00000e+00  
111.4 1.8846e+01  14 1.00000e+00  
111.5 1.8848e+01  14 1.00000e+00  
111.6 1.8850e+01  14 1.00000e+00  
111.7 1.8846e+01  14 1.00000e+00  
111.8 1.8861e+01  14 1.00000e+00  
111.9 1.8848e+01  14 1.00000e+00  
112.0 1.8866e+01  14 1.00000e+00  
112.1 1.8815e+01  14 1.00000e+00  
112.2 1.8819e+01  14 1.00000e+00  
112.3 1.8816e+01  14 1.00000e+00  
112.4 1.8799e+01  14 1.00000e+00  
112.5 1.8801e+01  14 1.00000e+00  
112.6 1.8772e+01  14 1.00000e+00  
112.7 1.8760e+01  14 1.00000e+00  
112.8 1.8770e+01  14 1.00000e+00  
112.9 1.8769e+01  14 1.00000e+00  
113.0 1.8773e+01  14 1.00000e+00  
113.1 1.8934e+01  14 1.00000e+00  
113.2 1.8750e+01  14 1.00000e+00  
113.3 1.8698e+01  14 1.00000e+00  
113.4 1.8690e+01  14 1.00000e+00  
113.5 1.8678e+01  14 1.00000e+00  
113.6 1.8686e+01  14 1.00000e+00  
113.7 1.8926e+01  14 1.00000e+00  
113.8 1.8868e+01  14 1.00000e+00  
113.9 1.8848e+01  14 1.00000e+00  
114.0 1.8847e+01  14 1.00000e+00  
114.1 1.8918e+01  14 1.00000e+00  
114.2 1.8867e+01  14 1.00000e+00  
114.3 1.8866e+01  14 1.00000e+00  
114.4 1.8847e+01  14 1.00000e+00  
114.5 1.8849e+01  14 1.00000e+00  
114.6 1.8850e+01  14 1.00000e+00  
114.7 1.8849e+01  14 1.00000e+00  
114.8 1.8848e+01  14 1.00000e+00  
114.9 1.8848e+01  14 1.00000e+00  
115.0 1.8849e+01  14 1.00000e+00  
115.1 1.8849e+01  14 1.00000e+00  
115.2 1.8847e+01  14 1.00000e+00  
115.3 1.8862e+01  14 1.00000e+00  
115.4 1.8847e+01  14 1.00000e+00  
115.5 1.8818e+01  14 1.00000e+00  
115.6 1.8816e+01  14 1.00000e+00  
115.7 1.8813e+01  14 1.00000e+00  
115.8 1.8800e+01  14 1.00000e+00  
115.9 1.8798e+01  14 1.00000e+00  
116.0 1.8802e+01  14 1.00000e+00  
116.1 1.8763e+01  14 1.00000e+00  
116.2 1.8767e+01  14 1.00000e+00  
116.3 1.8773e+01  14 1.00000e+00  
116.4 1.8773e+01  14 1.00000e+00  
116.5 1.8802e+01  14 1.00000e+00  
116.6 1.8935e+01  14 1.00000e+00  
116.7 1.8753e+01  14 1.00000e+00  
116.8 1.8706e+01  14 1.00000e+00  
116.9 1.8694e+01  14 1.00000e+00  
117.0 1.8691e+01  14 1.00000e+00  
117.1 1.8690e+01  14 1.00000e+00  
117.2 1.8694e+01  14 1.00000e+00  
117.3 1.8699e+01  14 1.00000e+00  
117.4 1.8870e+01  14 1.00000e+00  
117.5 1.8852e+01  14 1.00000e+00  
117.6 1.8850e+01  14 1.00000e+00  
117.7 1.8848e+01  14 1.00000e+00  
117.8 1.8849e+01  14 1.00000e+00  
117.9 1.8829e+01  14 1.00000e+00  
118.0 1.8843e+01  14 1.00000e+00  
118.1 1.8847e+01  14 1.00000e+00  
118.2 1.8844e+01  14 1.00000e+00  
118.3 1.8842e+01  14 1.00000e+00  
118.4 1.8801e+01  14 1.00000e+00  
118.5 1.8801e+01  14 1.00000e+00  
118.6 1.8835e+01  14 1.00000e+00  
118.7 1.8833e+01  14 1.00000e+00  
118.8 1.8832e+01  14 1.00000e+00  
118.9 1.8806e+01  14 1.00000e+00  
119.0 1.8802e+01  14 1.00000e+00  
119.1 1.8771e+01  14 1.00000e+00  
119.2 1.8753e+01  14 1.00000e+00  
119.3 1.8750e+01  14 1.00000e+00  
119.4 1.8742e+01  14 1.00000e+00  
119.5 1.8738e+01  14 1.00000e+00  
119.6 1.8742e+01  14 1.00000e+00  
119.7 1.8743e+01  14 1.00000e+00  
119.8 1.8744e+01  14 1.00000e+00  
119.9 1.8750e+01  14 1.00000e+00  
120.0 1.8750e+01  14 1.00000e+00  
120.1 1.8925e+01  14 1.00000e+00  
120.2 1.8920e+01  14 1.00000e+00  
120.3 1.8912e+01  14 1.00000e+00  
120.4 1.8920e+01  14 1.00000e+00  
120.5 1.8682e+01  14 1.00000e+00  
120.6 1.8674e+01  14 1.00000e+00  
120.7 1.8680e+01  14 1.00000e+00  
120.8 1.8913e+01  14 1.00000e+00  
120.9 1.8867e+01  14 1.00000e+00  
121.0 1.8849e+01  14 1.00000e+00  
121.1 1.8847e+01  14 1.00000e+00  
121.2 1.8844e+01  14 1.00000e+00  
121.3 1.8843e+01  14 1.00000e+00  
121.4 1.8844e+01  14 1.00000e+00  
121.5 1.8831e+01  14 1.00000e+00  
121.6 1.8831e+01  14 1.00000e+00  
121.7 1.8829e+01  14 1.00000e+00  
121.8 1.8830e+01  14 1.00000e+00  
121.9 1.8832e+01  14 1.00000e+00  
122.0 1.8799e+01  14 1.00000e+00  
122.1 1.8772e+01  14 1.00000e+00  
122.2 1.8764e+01  14 1.00000e+00  
122.3 1.8750e+01  14 1.00000e+00  
122.4 1.8744e+01  14 1.00000e+00  
122.5 1.8732e+01  14 1.00000e+00  
122.6 1.8730e+01  14 1.00000e+00  
122.7 1.8727e+01  14 1.00000e+00  
122.8 1.8729e+01  14 1.00000e+00  
122.9 1.8915e+01  14 1.00000e+00  
123.0 1.8870e+01  14 1.00000e+00  
123.1 1.8713e+01  14 1.00000e+00  
123.2 1.8717e+01  14 1.00000e+00  
123.3 1.8720e+01  14 1.00000e+00  
123.4 1.8877e+01  14 1.00000e+00  
123.5 1.8871e+01  14 1.00000e+00  
123.6 1.8867e+01  14 1.00000e+00  
123.7 1.8871e+01  14 1.00000e+00  
123.8 1.8871e+01  14 1.00000e+00  
123.9 1.8871e+01  14 1.00000e+00  
124.0 1.8865e+01  14 1.00000e+00  
124.1 1.8868e+01  14 1.00000e+00  
124.2 1.8870e+01  14 1.00000e+00  
124.3 1.8871e+01  14 1.00000e+00  
124.4 1.8832e+01  14 1.00000e+00  
124.5 1.8831e+01  14 1.00000e+00  
124.6 1.8829e+01  14 1.00000e+00  
124.7 1.8815e+01  14 1.00000e+00  
124.8 1.8818e+01  14 1.00000e+00  
124.9 1.8817e+01  14 1.00000e+00  
125.0 1.8816e+01  14 1.00000e+00  
125.1 1.8814e+01  14 1.00000e+00  
125.2 1.8819e+01  14 1.00000e+00  
125.3 1.8815e+01  14 1.00000e+00  
125.4 1.8816e+01  14 1.00000e+00  
125.5 1.8818e+01  14 1.00000e+00  
125.6 1.8818e+01  14 1.00000e+00  
125.7 1.8743e+01  14 1.00000e+00  
125.8 1.8798e+01  14 1.00000e+00  
125.9 1.8736e+01  14 1.00000e+00  
126.0 1.8718e+01  14 1.00000e+00  
126.1 1.8705e+01  14 1.00000e+00  
126.2 1.8700e+01  14 1.00000e+00  
126.3 1.8705e+01  14 1.00000e+00  
126.4 1.8708e+01  14 1.00000e+00  
126.5 1.8869e+01  14 1.00000e+00  
126.6 1.8865e+01  14 1.00000e+00  
126.7 1.8849e+01  14 1.00000e+00  
126.8 1.8849e+01  14 1.00000e+00  
126.9 1.8849e+01  14 1.00000e+00  
127.0 1.8830e+01  14 1.00000e+00  
127.1 1.8832e+01  14 1.00000e+00  
127.2 1.8842e+01  14 1.00000e+00  
127.3 1.8832e+01  14 1.00000e+00  
127.4 1.8833e+01  14 1.00000e+00  
127.5 1.8762e+01  14 1.00000e+00  
127.6 1.8824e+01  14 1.00000e+00  
127.7 1.8832e+01  14 1.00000e+00  
127.8 1.8832e+01  14 1.00000e+00  
127.9 1.8832e+01  14 1.00000e+00  
128.0 1.8833e+01  14 1.00000e+00  
128.1 1.8763e+01  14 1.00000e+00  
128.2 1.8756e+01  14 1.00000e+00  
128.3 1.8750e+01  14 1.00000e+00  
128.4 1.8750e+01  14 1.00000e+00  
128.5 1.8744e+01  14 1.00000e+00  
128.6 1.8740e+01  14 1.00000e+00  
128.7 1.8736e+01  14 1.00000e+00  
128.8 1.8740e+01  14 1.00000e+00  
128.9 1.8742e+01  14 1.00000e+00  
129.0 1.8742e+01  14 1.00000e+00  
129.1 1.8744e+01  14 1.00000e+00  
129.2 1.8744e+01  14 1.00000e+00  
129.3 1.8925e+01  14 1.00000e+00  
129.4 1.8921e+01  14 1.00000e+00  
129.5 1.8919e+01  14 1.00000e+00  
129.6 1.8912e+01  14 1.00000e+00  
129.7 1.8914e+01  14 1.00000e+00  
129.8 1.8870e+01  14 1.00000e+00  
129.9 1.8881e+01  14 1.00000e+00  
130.0 1.8885e+01  14 1.00000e+00  
130.1 1.8842e+01  14 1.00000e+00  
130.2 1.8833e+01  14 1.00000e+00  
130.3 1.8821e+01  14 1.00000e+00  
130.4 1.8817e+01  14 1.00000e+00  
130.5 1.8817e+01  14 1.00000e+00  
130.6 1.8813e+01  14 1.00000e+00  
130.7 1.8802e+01  14 1.00000e+00  
130.8 1.8799e+01  14 1.00000e+00  
130.9 1.8800e+01  14 1.00000e+00  
131.0 1.8801e+01  14 1.00000e+00  
131.1 1.8799e+01  14 1.00000e+00  
131.2 1.8736e+01  14 1.00000e+00  
131.3 1.8755e+01  14 1.00000e+00  
131.4 1.8756e+01  14 1.00000e+00  
131.5 1.8707e+01  14 1.00000e+00  
131.6 1.8695e+01  14 1.00000e+00  
131.7 1.8687e+01  14 1.00000e+00  
131.8 1.8687e+01  14 1.00000e+00  
131.9 1.8691e+01  14 1.00000e+00  
132.0 1.8870e+01  14 1.00000e+00  
132.1 1.8868e+01  14 1.00000e+00  
132.2 1.8848e+01  14 1.00000e+00  
132.3 1.8850e+01  14 1.00000e+00  
132.4 1.8848e+01  14 1.00000e+00  
132.5 1.8924e+01  14 1.00000e+00  
132.6 1.8868e+01  14 1.00000e+00  
132.7 1.8866e+01  14 1.00000e+00  
132.8 1.8848e+01  14 1.00000e+00  
132.9 1.8848e+01  14 1.00000e+00  
133.0 1.8830e+01  14 1.00000e+00  
133.1 1.8844e+01  14 1.00000e+00  
133.2 1.8829e+01  14 1.00000e+00  
133.3 1.8833e+01  14 1.00000e+00  
133.4 1.8832e+01  14 1.00000e+00  
133.5 1.8832e+01  14 1.00000e+00  
133.6 1.8832e+01  14 1.00000e+00  
133.7 1.8832e+01  14 1.00000e+00  
133.8 1.8760e+01  14 1.00000e+00  
133.9 1.8753e+01  14 1.00000e+00  
134.0 1.8819e+01  14 1.00000e+00  
134.1 1.8744e+01  14 1.00000e+00  
134.2 1.8739e+01  14 1.00000e+00  
134.3 1.8727e+01  14 1.00000e+00  
134.4 1.8726e+01  14 1.00000e+00  
134.5 1.8728e+01  14 1.00000e+00  
134.6 1.8728e+01  14 1.00000e+00  
134.7 1.8730e+01  14 1.00000e+00  
134.8 1.8732e+01  14 1.00000e+00  
134.9 1.8906e+01  14 1.00000e+00  
135.0 1.8871e+01  14 1.00000e+00  
135.1 1.8871e+01  14 1.00000e+00  
135.2 1.8870e+01  14 1.00000e+00  
135.3 1.8869e+01  14 1.00000e+00  
135.4 1.8862e+01  14 1.00000e+00  
135.5 1.8865e+01  14 1.00000e+00  
135.6 1.8867e+01  14 1.00000e+00  
135.7 1.8864e+01  14 1.00000e+00  
135.8 1.8815e+01  14 1.00000e+00  
135.9 1.8819e+01  14 1.00000e+00  
136.0 1.8815e+01  14 1.00000e+00  
136.1 1.8811e+01  14 1.00000e+00  
136.2 1.8799e+01  14 1.00000e+00  
136.3 1.8773e+01  14 1.00000e+00  
136.4 1.8750e+01  14 1.00000e+00  
136.5 1.8744e+01  14 1.00000e+00  
136.6 1.8749e+01  14 1.00000e+00  
136.7 1.8743e+01  14 1.00000e+00  
136.8 1.8744e+01  14 1.00000e+00  
136.9 1.8926e+01  14 1.00000e+00  
137.0 1.8737e+01  14 1.00000e+00  
137.1 1.8737e+01  14 1.00000e+00  
137.2 1.8738e+01  14 1.00000e+00  
137.3 1.8739e+01  14 1.00000e+00  
137.4 1.8921e+01  14 1.00000e+00  
137.5 1.8914e+01  14 1.00000e+00  
137.6 1.8912e+01  14 1.00000e+00  
137.7 1.8913e+01  14 1.00000e+00  
137.8 1.8877e+01  14 1.00000e+00  
137.9 1.8873e+01  14 1.00000e+00  
138.0 1.8869e+01  14 1.00000e+00  
138.1 1.8870e+01  14 1.00000e+00  
138.2 1.8872e+01  14 1.00000e+00  
138.3 1.8880e+01  14 1.00000e+00  
138.4 1.8829e+01  14 1.00000e+00  
138.5 1.8833e+01  14 1.00000e+00  
138.6 1.8828e+01  14 1.00000e+00  
138.7 1.8815e+01  14 1.00000e+00  
138.8 1.8818e+01  14 1.00000e+00  
138.9 1.8817e+01  14 1.00000e+00  
139.0 1.8814e+01  14 1.00000e+00  
139.1 1.8817e+01  14 1.00000e+00  
139.2 1.8811e+01  14 1.00000e+00  
139.3 1.8811e+01  14 1.00000e+00  
139.4 1.8813e+01  14 1.00000e+00  
139.5 1.8812e+01  14 1.00000e+00  
139.6 1.8812e+01  14 1.00000e+00  
139.7 1.8740e+01  14 1.00000e+00  
139.8 1.8773e+01  14 1.00000e+00  
139.9 1.8772e+01  14 1.00000e+00  
140.0 1.8709e+01  14 1.00000e+00  
140.1 1.8695e+01  14 1.00000e+00  
140.2 1.8689e+01  14 1.00000e+00  
140.3 1.8691e+01  14 1.00000e+00  
140.4 1.8926e+01  14 1.00000e+00  
140.5 1.8867e+01  14 1.00000e+00  
140.6 1.8847e+01  14 1.00000e+00  
140.7 1.8832e+01  14 1.00000e+00  
140.8 1.8832e+01  14 1.00000e+00  
140.9 1.8816e+01  14 1.00000e+00  
141.0 1.8819e+01  14 1.00000e+00  
141.1 1.8814e+01  14 1.00000e+00  
141.2 1.8819e+01  14 1.00000e+00  
141.3 1.8818e+01  14 1.00000e+00  
141.4 1.8816e+01  14 1.00000e+00  
141.5 1.8739e+01  14 1.00000e+00  
141.6 1.8741e+01  14 1.00000e+00  
141.7 1.8806e+01  14 1.00000e+00  
141.8 1.8805e+01  14 1.00000e+00  
141.9 1.8812e+01  14 1.00000e+00  
142.0 1.8808e+01  14 1.00000e+00  
142.1 1.8738e+01  14 1.00000e+00  
142.2 1.8768e+01  14 1.00000e+00  
142.3 1.8771e+01  14 1.00000e+00  
142.4 1.8725e+01  14 1.00000e+00  
142.5 1.8714e+01  14 1.00000e+00  
142.6 1.8711e+01  14 1.00000e+00  
142.7 1.8704e+01  14 1.00000e+00  
142.8 1.8700e+01  14 1.00000e+00  
142.9 1.8707e+01  14 1.00000e+00  
143.0 1.8710e+01  14 1.00000e+00  
143.1 1.8714e+01  14 1.00000e+00  
143.2 1.8873e+01  14 1.00000e+00  
143.3 1.8870e+01  14 1.00000e+00  
143.4 1.8867e+01  14 1.00000e+00  
143.5 1.8856e+01  14 1.00000e+00  
143.6 1.8854e+01  14 1.00000e+00  
143.7 1.8848e+01  14 1.00000e+00  
143.8 1.8846e+01  14 1.00000e+00  
143.9 1.8847e+01  14 1.00000e+00  
144.0 1.8848e+01  14 1.00000e+00  
144.1 1.8829e+01  14 1.00000e+00  
144.2 1.8799e+01  14 1.00000e+00  
144.3 1.8770e+01  14 1.00000e+00  
144.4 1.8755e+01  14 1.00000e+00  
144.5 1.8750e+01  14 1.00000e+00  
144.6 1.8743e+01  14 1.00000e+00  
144.7 1.8730e+01  14 1.00000e+00  
144.8 1.8718e+01  14 1.00000e+00  
144.9 1.8724e+01  14 1.00000e+00  
145.0 1.8721e+01  14 1.00000e+00  
145.1 1.8723e+01  14 1.00000e+00  
145.2 1.8724e+01  14 1.00000e+00  
145.3 1.8880e+01  14 1.00000e+00  
145.4 1.8866e+01  14 1.00000e+00  
145.5 1.8866e+01  14 1.00000e+00  
145.6 1.8848e+01  14 1.00000e+00  
145.7 1.8846e+01  14 1.00000e+00  
145.8 1.8848e+01  14 1.00000e+00  
145.9 1.8849e+01  14 1.00000e+00  
146.0 1.8850e+01  14 1.00000e+00  
146.1 1.8841e+01  14 1.00000e+00  
146.2 1.8798e+01  14 1.00000e+00  
146.3 1.8802e+01  14 1.00000e+00  
146.4 1.8833e+01  14 1.00000e+00  
146.5 1.8831e+01  14 1.00000e+00  
146.6 1.8830e+01  14 1.00000e+00  
146.7 1.8831e+01  14 1.00000e+00  
146.8 1.8828e+01  14 1.00000e+00  
146.9 1.8802e+01  14 1.00000e+00  
147.0 1.8772e+01  14 1.00000e+00  
147.1 1.8765e+01  14 1.00000e+00  
147.2 1.8750e+01  14 1.00000e+00  
147.3 1.8750e+01  14 1.00000e+00  
147.4 1.8740e+01  14 1.00000e+00  
147.5 1.8733e+01  14 1.00000e+00  
147.6 1.8735e+01  14 1.00000e+00  
147.7 1.8737e+01  14 1.00000e+00  
147.8 1.8736e+01  14 1.00000e+00  
147.9 1.8737e+01  14 1.00000e+00  
148.0 1.8921e+01  14 1.00000e+00  
148.1 1.8918e+01  14 1.00000e+00  
148.2 1.8869e+01  14 1.00000e+00  
148.3 1.8871e+01  14 1.00000e+00  
148.4 1.8871e+01  14 1.00000e+00  
148.5 1.8863e+01  14 1.00000e+00  
148.6 1.8865e+01  14 1.00000e+00  
148.7 1.8866e+01  14 1.00000e+00  
148.8 1.8867e+01  14 1.00000e+00  
148.9 1.8816e+01  14 1.00000e+00  
149.0 1.8819e+01  14 1.00000e+00  
149.1 1.8813e+01  14 1.00000e+00  
149.2 1.8798e+01  14 1.00000e+00  
149.3 1.8802e+01  14 1.00000e+00  
149.4 1.8766e+01  14 1.00000e+00  
149.5 1.8753e+01  14 1.00000e+00  
149.6 1.8744e+01  14 1.00000e+00  
149.7 1.8743e+01  14 1.00000e+00  
149.8 1.8744e+01  14 1.00000e+00  
149.9 1.8742e+01  14 1.00000e+00  
150.0 1.8743e+01  14 1.00000e+00  
