 15.1 1.2892e+00  13 3.19359e-02  
 15.2 1.2958e+00  13 3.23547e-02  
 15.3 1.3024e+00  13 3.27684e-02  
 15.4 1.3090e+00  13 3.31772e-02  
 15.5 1.3155e+00  13 3.35814e-02  
 15.6 1.3221e+00  13 3.39800e-02  
 15.7 1.3286e+00  13 3.43743e-02  
 15.8 1.3350e+00  13 3.47564e-02  
 15.9 1.3415e+00  13 3.51403e-02  
 16.0 1.3480e+00  13 3.55198e-02  
 16.1 1.3656e+00  13 3.65339e-02  
 16.2 1.3722e+00  13 3.69110e-02  
 16.3 1.3789e+00  13 3.72852e-02  
 16.4 1.3855e+00  13 3.76550e-02  
 16.5 1.3921e+00  13 3.80203e-02  
 16.6 1.3987e+00  13 3.83818e-02  
 16.7 1.4053e+00  13 3.87394e-02  
 16.8 1.4119e+00  13 3.90935e-02  
 16.9 1.4185e+00  13 3.94429e-02  
 17.0 1.4250e+00  13 3.97884e-02  
 17.1 1.4315e+00  13 4.01314e-02  
 17.2 1.4380e+00  13 4.04704e-02  
 17.3 1.4445e+00  13 4.08055e-02  
 17.4 1.4510e+00  13 4.11375e-02  
 17.5 1.4575e+00  13 4.14661e-02  
 17.6 1.4639e+00  13 4.17916e-02  
 17.7 1.4704e+00  13 4.21137e-02  
 17.8 1.4768e+00  13 4.24321e-02  
 17.9 1.4832e+00  13 4.27491e-02  
 18.0 1.4896e+00  13 4.30627e-02  
 18.1 1.5109e+00  13 4.40837e-02  
 18.2 1.5175e+00  13 4.43957e-02  
 18.3 1.5240e+00  13 4.47046e-02  
 18.4 1.5306e+00  13 4.50105e-02  
 18.5 1.5372e+00  13 4.53134e-02  
 18.6 1.5437e+00  13 4.56134e-02  
 18.7 1.5502e+00  13 4.59104e-02  
 18.8 1.5567e+00  13 4.62045e-02  
 18.9 1.5632e+00  13 4.64958e-02  
 19.0 1.5696e+00  13 4.67843e-02  
 19.1 1.5761e+00  13 4.70700e-02  
 19.2 1.5825e+00  13 4.73529e-02  
 19.3 1.5889e+00  13 4.76332e-02  
 19.4 1.5953e+00  13 4.79107e-02  
 19.5 1.6016e+00  13 4.81856e-02  
 19.6 1.6080e+00  13 4.84580e-02  
 19.7 1.6143e+00  13 4.87292e-02  
 19.8 1.6207e+00  13 4.89980e-02  
 19.9 1.6270e+00  13 4.92652e-02  
 20.0 1.6334e+00  13 4.95300e-02  
 20.1 1.6397e+00  13 4.97926e-02  
 20.2 1.6460e+00  13 5.00528e-02  
 20.3 1.6523e+00  13 5.03102e-02  
 20.4 1.6585e+00  13 5.05645e-02  
 20.5 1.6647e+00  13 5.08172e-02  
 20.6 1.6710e+00  13 5.10679e-02  
 20.7 1.6772e+00  13 5.13162e-02  
 20.8 1.6833e+00  13 5.15624e-02  
 20.9 1.6895e+00  13 5.18064e-02  
 21.0 1.6957e+00  13 5.20483e-02  
 21.1 1.7227e+00  13 5.30952e-02  
 21.2 1.7290e+00  13 5.33378e-02  
 21.3 1.7354e+00  13 5.35786e-02  
 21.4 1.7420e+00  13 5.38279e-02  
 21.5 1.7484e+00  13 5.40677e-02  
 21.6 1.7542e+00  13 5.42873e-02  
 21.7 1.7605e+00  13 5.45200e-02  
 21.8 1.7668e+00  13 5.47509e-02  
 21.9 1.7730e+00  13 5.49800e-02  
 22.0 1.7792e+00  13 5.52073e-02  
 22.1 1.7854e+00  13 5.54327e-02  
 22.2 1.7916e+00  13 5.56562e-02  
 22.3 1.8007e+00  13 5.60778e-02  
 22.4 1.8100e+00  13 5.65179e-02  
 22.5 1.8193e+00  13 5.69577e-02  
 22.6 1.8287e+00  13 5.73971e-02  
 22.7 1.8381e+00  13 5.78375e-02  
 22.8 1.8475e+00  13 5.82780e-02  
 22.9 1.8570e+00  13 5.87183e-02  
 23.0 1.8665e+00  13 5.91585e-02  
 23.1 1.8760e+00  13 5.95986e-02  
 23.2 1.8855e+00  13 6.00405e-02  
 23.3 1.8951e+00  13 6.04819e-02  
 23.4 1.9047e+00  13 6.09228e-02  
 23.5 1.9143e+00  13 6.13635e-02  
 23.6 1.9239e+00  13 6.18033e-02  
 23.7 1.8453e+01  14 1.00000e+00  
 23.8 1.8509e+01  14 1.00000e+00  
 23.9 1.8567e+01  14 1.00000e+00  
 24.0 1.8623e+01  14 1.00000e+00  
 24.1 1.8679e+01  14 1.00000e+00  
 24.2 1.8735e+01  14 1.00000e+00  
 24.3 1.8791e+01  14 1.00000e+00  
 24.4 1.8838e+01  14 1.00000e+00  
 24.5 1.8892e+01  14 1.00000e+00  
 24.6 1.8946e+01  14 1.00000e+00  
 24.7 1.9000e+01  14 1.00000e+00  
 24.8 1.9054e+01  14 1.00000e+00  
 24.9 1.9107e+01  14 1.00000e+00  
 25.0 1.9160e+01  14 1.00000e+00  
 25.1 1.9213e+01  14 1.00000e+00  
 25.2 1.9266e+01  14 1.00000e+00  
 25.3 1.9319e+01  14 1.00000e+00  
 25.4 1.9372e+01  14 1.00000e+00  
 25.5 1.9424e+01  14 1.00000e+00  
 25.6 1.9476e+01  14 1.00000e+00  
 25.7 1.9529e+01  14 1.00000e+00  
 25.8 1.9581e+01  14 1.00000e+00  
 25.9 1.9633e+01  14 1.00000e+00  
 26.0 1.9684e+01  14 1.00000e+00  
 26.1 1.9736e+01  14 1.00000e+00  
 26.2 1.9787e+01  14 1.00000e+00  
 26.3 1.9838e+01  14 1.00000e+00  
 26.4 1.9893e+01  14 1.00000e+00  
 26.5 1.9944e+01  14 1.00000e+00  
 26.6 2.0287e+01  14 1.00000e+00  
 26.7 2.0338e+01  14 1.00000e+00  
 26.8 2.0389e+01  14 1.00000e+00  
 26.9 2.0440e+01  14 1.00000e+00  
 27.0 2.0491e+01  14 1.00000e+00  
 27.1 2.0542e+01  14 1.00000e+00  
 27.2 2.0592e+01  14 1.00000e+00  
 27.3 2.0643e+01  14 1.00000e+00  
 27.4 2.0693e+01  14 1.00000e+00  
 27.5 2.0743e+01  14 1.00000e+00  
 27.6 2.0792e+01  14 1.00000e+00  
 27.7 2.0842e+01  14 1.00000e+00  
 27.8 5.5839e+00  14 2.34293e-01  
 27.9 5.6836e+00  14 2.38689e-01  
 28.0 5.7837e+00  14 2.43085e-01  
 28.1 5.8841e+00  14 2.47480e-01  
 28.2 5.9849e+00  14 2.51872e-01  
 28.3 6.0860e+00  14 2.56262e-01  
 28.4 6.1875e+00  14 2.60653e-01  
 28.5 6.2894e+00  14 2.65045e-01  
 28.6 6.3918e+00  14 2.69439e-01  
 28.7 6.5031e+00  14 2.74201e-01  
 28.8 6.6087e+00  14 2.78700e-01  
 28.9 6.7146e+00  14 2.83197e-01  
 29.0 6.8208e+00  14 2.87690e-01  
 29.1 6.9274e+00  14 2.92181e-01  
 29.2 7.0342e+00  14 2.96670e-01  
 29.3 7.1414e+00  14 3.01154e-01  
 29.4 7.2488e+00  14 3.05636e-01  
 29.5 7.3270e+00  14 3.08885e-01  
 29.6 7.4327e+00  14 3.13267e-01  
 29.7 7.5387e+00  14 3.17647e-01  
 29.8 7.6451e+00  14 3.22026e-01  
 29.9 7.7517e+00  14 3.26404e-01  
 30.0 7.8587e+00  14 3.30779e-01  
 30.1 7.9660e+00  14 3.35152e-01  
 30.2 8.0735e+00  14 3.39523e-01  
 30.3 8.1814e+00  14 3.43892e-01  
 30.4 8.2895e+00  14 3.48259e-01  
 30.5 8.3981e+00  14 3.52631e-01  
 30.6 8.5075e+00  14 3.57019e-01  
 30.7 8.6175e+00  14 3.61420e-01  
 30.8 8.7184e+00  14 3.65442e-01  
 30.9 8.8278e+00  14 3.69790e-01  
 31.0 8.9371e+00  14 3.74126e-01  
 31.1 9.0467e+00  14 3.78455e-01  
 31.2 9.1565e+00  14 3.82780e-01  
 31.3 9.2665e+00  14 3.87102e-01  
 31.4 9.3883e+00  14 3.91870e-01  
 31.5 9.5023e+00  14 3.96322e-01  
 31.6 9.6165e+00  14 4.00767e-01  
 31.7 9.7309e+00  14 4.05205e-01  
 31.8 9.8454e+00  14 4.09635e-01  
 31.9 9.9600e+00  14 4.14058e-01  
 32.0 1.0041e+01  14 4.17168e-01  
 32.1 1.0152e+01  14 4.21453e-01  
 32.2 1.0264e+01  14 4.25733e-01  
 32.3 1.0376e+01  14 4.30009e-01  
 32.4 1.0489e+01  14 4.34280e-01  
 32.5 1.0601e+01  14 4.38546e-01  
 32.6 1.0713e+01  14 4.42808e-01  
 32.7 1.0826e+01  14 4.47064e-01  
 32.8 1.0939e+01  14 4.51321e-01  
 32.9 1.1052e+01  14 4.55572e-01  
 33.0 1.1166e+01  14 4.59818e-01  
 33.1 1.1279e+01  14 4.64058e-01  
 33.2 1.1394e+01  14 4.68323e-01  
 33.3 1.1508e+01  14 4.72584e-01  
 33.4 1.1623e+01  14 4.76838e-01  
 33.5 1.1738e+01  14 4.81084e-01  
 33.6 1.1853e+01  14 4.85322e-01  
 33.7 1.1968e+01  14 4.89551e-01  
 33.8 1.2083e+01  14 4.93778e-01  
 33.9 1.2199e+01  14 4.98005e-01  
 34.0 1.2329e+01  14 5.02768e-01  
 34.1 1.2449e+01  14 5.07144e-01  
 34.2 1.2570e+01  14 5.11512e-01  
 34.3 1.2690e+01  14 5.15870e-01  
 34.4 1.2810e+01  14 5.20219e-01  
 34.5 1.2892e+01  14 5.23173e-01  
 34.6 1.3008e+01  14 5.27355e-01  
 34.7 1.3125e+01  14 5.31532e-01  
 34.8 1.3241e+01  14 5.35704e-01  
 34.9 1.3358e+01  14 5.39869e-01  
 35.0 1.3475e+01  14 5.44029e-01  
 35.1 1.3592e+01  14 5.48188e-01  
 35.2 1.3709e+01  14 5.52342e-01  
 35.3 1.3826e+01  14 5.56491e-01  
 35.4 1.3943e+01  14 5.60633e-01  
 35.5 1.4061e+01  14 5.64768e-01  
 35.6 1.4178e+01  14 5.68896e-01  
 35.7 1.4296e+01  14 5.73030e-01  
 35.8 1.4414e+01  14 5.77178e-01  
 35.9 1.4533e+01  14 5.81319e-01  
 36.0 1.4652e+01  14 5.85452e-01  
 36.1 1.4770e+01  14 5.89577e-01  
 36.2 1.4889e+01  14 5.93693e-01  
 36.3 1.5008e+01  14 5.97799e-01  
 36.4 1.5126e+01  14 6.01895e-01  
 36.5 1.5245e+01  14 6.05981e-01  
 36.6 1.5382e+01  14 6.10712e-01  
 36.7 1.5506e+01  14 6.14967e-01  
 36.8 1.5630e+01  14 6.19211e-01  
 36.9 1.5717e+01  14 6.22181e-01  
 37.0 1.5836e+01  14 6.26227e-01  
 37.1 1.5955e+01  14 6.30267e-01  
 37.2 1.6073e+01  14 6.34301e-01  
 37.3 1.6192e+01  14 6.38329e-01  
 37.4 1.6312e+01  14 6.42364e-01  
 37.5 1.6431e+01  14 6.46402e-01  
 37.6 1.6551e+01  14 6.50433e-01  
 37.7 1.6671e+01  14 6.54457e-01  
 37.8 1.6790e+01  14 6.58473e-01  
 37.9 1.6910e+01  14 6.62483e-01  
 38.0 1.7030e+01  14 6.66486e-01  
 38.1 1.7150e+01  14 6.70481e-01  
 38.2 1.7269e+01  14 6.74469e-01  
 38.3 1.7390e+01  14 6.78477e-01  
 38.4 1.7511e+01  14 6.82484e-01  
 38.5 1.7632e+01  14 6.86483e-01  
 38.6 1.7752e+01  14 6.90474e-01  
 38.7 1.7873e+01  14 6.94456e-01  
 38.8 1.7994e+01  14 6.98429e-01  
 38.9 1.8115e+01  14 7.02392e-01  
 39.0 1.8235e+01  14 7.06345e-01  
 39.1 1.8356e+01  14 7.10287e-01  
 39.2 1.8499e+01  14 7.14980e-01  
 39.3 1.8626e+01  14 7.19105e-01  
 39.4 1.8714e+01  14 7.21985e-01  
 39.5 1.8835e+01  14 7.25888e-01  
 39.6 1.8955e+01  14 7.29784e-01  
 39.7 1.9075e+01  14 7.33674e-01  
 39.8 1.9196e+01  14 7.37569e-01  
 39.9 1.9316e+01  14 7.41458e-01  
 40.0 2.1335e+01  14 8.05589e-01  
 40.1 2.1459e+01  14 8.09469e-01  
 40.2 2.1577e+01  14 8.13138e-01  
 40.3 2.1694e+01  14 8.16792e-01  
 40.4 2.1809e+01  14 8.20365e-01  
 40.5 2.1925e+01  14 8.23976e-01  
 40.6 2.2034e+01  14 8.27375e-01  
 40.7 2.2143e+01  14 8.30742e-01  
 40.8 2.2251e+01  14 8.34102e-01  
 40.9 2.2360e+01  14 8.37454e-01  
 41.0 2.2468e+01  14 8.40797e-01  
 41.1 2.2576e+01  14 8.44133e-01  
 41.2 2.2681e+01  14 8.47356e-01  
 41.3 2.2780e+01  14 8.50421e-01  
 41.4 2.2881e+01  14 8.53520e-01  
 41.5 2.2983e+01  14 8.56626e-01  
 41.6 2.3084e+01  14 8.59722e-01  
 41.7 2.3184e+01  14 8.62804e-01  
 41.8 2.3285e+01  14 8.65868e-01  
 41.9 2.3371e+01  14 8.68488e-01  
 42.0 2.3452e+01  14 8.70978e-01  
 42.1 2.3529e+01  14 8.73324e-01  
 42.2 2.3605e+01  14 8.75633e-01  
 42.3 2.3680e+01  14 8.77920e-01  
 42.4 2.3756e+01  14 8.80201e-01  
 42.5 2.3831e+01  14 8.82483e-01  
 42.6 2.3908e+01  14 8.84825e-01  
 42.7 2.3985e+01  14 8.87158e-01  
 42.8 2.4062e+01  14 8.89473e-01  
 42.9 2.4132e+01  14 8.91591e-01  
 43.0 2.4197e+01  14 8.93560e-01  
 43.1 2.4264e+01  14 8.95578e-01  
 43.2 2.4331e+01  14 8.97606e-01  
 43.3 2.4398e+01  14 8.99628e-01  
 43.4 2.4465e+01  14 9.01644e-01  
 43.5 2.4533e+01  14 9.03675e-01  
 43.6 2.4602e+01  14 9.05757e-01  
 43.7 2.4671e+01  14 9.07829e-01  
 43.8 2.4739e+01  14 9.09880e-01  
 43.9 2.4801e+01  14 9.11740e-01  
 44.0 2.4859e+01  14 9.13484e-01  
 44.1 2.4918e+01  14 9.15250e-01  
 44.2 2.4978e+01  14 9.17042e-01  
 44.3 2.5038e+01  14 9.18829e-01  
 44.4 2.7541e+01  14 9.92573e-01  
 44.5 2.7610e+01  14 9.94572e-01  
 44.6 2.7656e+01  14 9.95929e-01  
 44.7 2.7703e+01  14 9.97288e-01  
 44.8 2.7750e+01  14 9.98652e-01  
 44.9 2.7797e+01  14 1.00000e+00  
 45.0 2.7807e+01  14 1.00000e+00  
 45.1 2.7816e+01  14 1.00000e+00  
 45.2 2.7825e+01  14 1.00000e+00  
 45.3 2.7834e+01  14 1.00000e+00  
 45.4 2.7842e+01  14 1.00000e+00  
 45.5 2.7851e+01  14 1.00000e+00  
 45.6 2.7859e+01  14 1.00000e+00  
 45.7 2.7867e+01  14 1.00000e+00  
 45.8 2.7876e+01  14 1.00000e+00  
 45.9 2.7886e+01  14 1.00000e+00  
 46.0 2.7895e+01  14 1.00000e+00  
 46.1 2.7904e+01  14 1.00000e+00  
 46.2 2.7911e+01  14 1.00000e+00  
 46.3 2.7918e+01  14 1.00000e+00  
 46.4 2.7925e+01  14 1.00000e+00  
 46.5 2.7932e+01  14 1.00000e+00  
 46.6 2.7940e+01  14 1.00000e+00  
 46.7 2.7948e+01  14 1.00000e+00  
 46.8 2.7952e+01  14 1.00000e+00  
 46.9 2.7953e+01  14 1.00000e+00  
 47.0 2.7955e+01  14 1.00000e+00  
 47.1 2.8545e+01  14 1.00000e+00  
 47.2 2.8549e+01  14 1.00000e+00  
 47.3 2.8553e+01  14 1.00000e+00  
 47.4 2.8555e+01  14 1.00000e+00  
 47.5 2.8557e+01  14 1.00000e+00  
 47.6 2.8559e+01  14 1.00000e+00  
 47.7 2.8561e+01  14 1.00000e+00  
 47.8 2.8564e+01  14 1.00000e+00  
 47.9 2.8567e+01  14 1.00000e+00  
 48.0 2.8569e+01  14 1.00000e+00  
 48.1 2.8572e+01  14 1.00000e+00  
 48.2 2.8575e+01  14 1.00000e+00  
 48.3 2.8577e+01  14 1.00000e+00  
 48.4 2.8580e+01  14 1.00000e+00  
 48.5 2.8584e+01  14 1.00000e+00  
 48.6 2.8586e+01  14 1.00000e+00  
 48.7 2.8588e+01  14 1.00000e+00  
 48.8 2.8583e+01  14 1.00000e+00  
 48.9 2.8578e+01  14 1.00000e+00  
 49.0 2.8573e+01  14 1.00000e+00  
 49.1 2.8568e+01  14 1.00000e+00  
 49.2 2.8564e+01  14 1.00000e+00  
 49.3 2.9175e+01  14 1.00000e+00  
 49.4 2.9172e+01  14 1.00000e+00  
 49.5 2.9170e+01  14 1.00000e+00  
 49.6 2.9168e+01  14 1.00000e+00  
 49.7 2.9168e+01  14 1.00000e+00  
 49.8 2.9167e+01  14 1.00000e+00  
 49.9 2.9164e+01  14 1.00000e+00  
 50.0 2.9160e+01  14 1.00000e+00  
 50.1 2.9157e+01  14 1.00000e+00  
 50.2 2.9154e+01  14 1.00000e+00  
 50.3 2.9152e+01  14 1.00000e+00  
 50.4 2.9150e+01  14 1.00000e+00  
 50.5 2.9148e+01  14 1.00000e+00  
 50.6 2.9140e+01  14 1.00000e+00  
 50.7 2.9130e+01  14 1.00000e+00  
 50.8 2.9121e+01  14 1.00000e+00  
 50.9 2.9112e+01  14 1.00000e+00  
 51.0 2.9104e+01  14 1.00000e+00  
 51.1 2.9095e+01  14 1.00000e+00  
 51.2 2.9086e+01  14 1.00000e+00  
 51.3 2.9714e+01  14 1.00000e+00  
 51.4 2.9707e+01  14 1.00000e+00  
 51.5 2.9700e+01  14 1.00000e+00  
 51.6 2.9693e+01  14 1.00000e+00  
 51.7 2.9686e+01  14 1.00000e+00  
 51.8 2.9679e+01  14 1.00000e+00  
 51.9 2.9673e+01  14 1.00000e+00  
 52.0 2.9668e+01  14 1.00000e+00  
 52.1 2.9662e+01  14 1.00000e+00  
 52.2 2.9655e+01  14 1.00000e+00  
 52.3 2.9645e+01  14 1.00000e+00  
 52.4 2.9630e+01  14 1.00000e+00  
 52.5 2.9617e+01  14 1.00000e+00  
 52.6 2.9602e+01  14 1.00000e+00  
 52.7 2.9587e+01  14 1.00000e+00  
 52.8 2.9572e+01  14 1.00000e+00  
 52.9 2.9558e+01  14 1.00000e+00  
 53.0 2.9546e+01  14 1.00000e+00  
 53.1 2.9534e+01  14 1.00000e+00  
 53.2 3.0180e+01  14 1.00000e+00  
 53.3 3.0169e+01  14 1.00000e+00  
 53.4 3.0159e+01  14 1.00000e+00  
 53.5 3.0150e+01  14 1.00000e+00  
 53.6 3.0140e+01  14 1.00000e+00  
 53.7 3.0131e+01  14 1.00000e+00  
 53.8 3.0122e+01  14 1.00000e+00  
 53.9 3.0108e+01  14 1.00000e+00  
 54.0 3.0088e+01  14 1.00000e+00  
 54.1 3.0069e+01  14 1.00000e+00  
 54.2 3.0049e+01  14 1.00000e+00  
 54.3 3.0030e+01  14 1.00000e+00  
 54.4 3.0012e+01  14 1.00000e+00  
 54.5 2.9995e+01  14 1.00000e+00  
 54.6 2.9979e+01  14 1.00000e+00  
 54.7 2.9962e+01  14 1.00000e+00  
 54.8 2.9946e+01  14 1.00000e+00  
 54.9 3.0608e+01  14 1.00000e+00  
 55.0 3.0596e+01  14 1.00000e+00  
 55.1 3.0583e+01  14 1.00000e+00  
 55.2 3.0570e+01  14 1.00000e+00  
 55.3 3.0557e+01  14 1.00000e+00  
 55.4 3.0544e+01  14 1.00000e+00  
 55.5 3.0528e+01  14 1.00000e+00  
 55.6 3.0506e+01  14 1.00000e+00  
 55.7 3.0484e+01  14 1.00000e+00  
 55.8 3.0463e+01  14 1.00000e+00  
 55.9 3.0443e+01  14 1.00000e+00  
 56.0 3.0425e+01  14 1.00000e+00  
 56.1 3.0406e+01  14 1.00000e+00  
 56.2 3.0387e+01  14 1.00000e+00  
 56.3 3.0369e+01  14 1.00000e+00  
 56.4 3.0352e+01  14 1.00000e+00  
 56.5 3.0337e+01  14 1.00000e+00  
 56.6 3.0320e+01  14 1.00000e+00  
 56.7 3.1002e+01  14 1.00000e+00  
 56.8 3.0987e+01  14 1.00000e+00  
 56.9 3.0972e+01  14 1.00000e+00  
 57.0 3.0960e+01  14 1.00000e+00  
 57.1 3.0939e+01  14 1.00000e+00  
 57.2 3.0917e+01  14 1.00000e+00  
 57.3 3.0893e+01  14 1.00000e+00  
 57.4 3.0871e+01  14 1.00000e+00  
 57.5 3.0851e+01  14 1.00000e+00  
 57.6 3.0830e+01  14 1.00000e+00  
 57.7 3.0809e+01  14 1.00000e+00  
 57.8 3.0789e+01  14 1.00000e+00  
 57.9 3.0770e+01  14 1.00000e+00  
 58.0 3.0753e+01  14 1.00000e+00  
 58.1 3.0735e+01  14 1.00000e+00  
 58.2 3.0716e+01  14 1.00000e+00  
 58.3 3.0699e+01  14 1.00000e+00  
 58.4 3.1397e+01  14 1.00000e+00  
 58.5 3.1382e+01  14 1.00000e+00  
 58.6 3.1368e+01  14 1.00000e+00  
 58.7 3.1345e+01  14 1.00000e+00  
 58.8 3.1320e+01  14 1.00000e+00  
 58.9 3.1297e+01  14 1.00000e+00  
 59.0 3.1275e+01  14 1.00000e+00  
 59.1 3.1252e+01  14 1.00000e+00  
 59.2 3.1229e+01  14 1.00000e+00  
 59.3 3.1207e+01  14 1.00000e+00  
 59.4 3.1186e+01  14 1.00000e+00  
 59.5 3.1167e+01  14 1.00000e+00  
 59.6 3.1147e+01  14 1.00000e+00  
 59.7 3.1127e+01  14 1.00000e+00  
 59.8 3.1107e+01  14 1.00000e+00  
 59.9 3.1089e+01  14 1.00000e+00  
 60.0 3.1072e+01  14 1.00000e+00  
 60.1 3.1055e+01  14 1.00000e+00  
 60.2 3.1770e+01  14 1.00000e+00  
 60.3 3.1746e+01  14 1.00000e+00  
 60.4 3.1720e+01  14 1.00000e+00  
 60.5 3.1697e+01  14 1.00000e+00  
 60.6 3.1673e+01  14 1.00000e+00  
 60.7 3.1649e+01  14 1.00000e+00  
 60.8 3.1624e+01  14 1.00000e+00  
 60.9 3.1601e+01  14 1.00000e+00  
 61.0 3.1580e+01  14 1.00000e+00  
 61.1 3.1558e+01  14 1.00000e+00  
 61.2 3.1536e+01  14 1.00000e+00  
 61.3 3.1515e+01  14 1.00000e+00  
 61.4 3.1495e+01  14 1.00000e+00  
 61.5 3.1476e+01  14 1.00000e+00  
 61.6 3.1456e+01  14 1.00000e+00  
 61.7 3.1437e+01  14 1.00000e+00  
 61.8 3.1418e+01  14 1.00000e+00  
 61.9 3.2145e+01  14 1.00000e+00  
 62.0 3.2118e+01  14 1.00000e+00  
 62.1 3.2093e+01  14 1.00000e+00  
 62.2 3.2067e+01  14 1.00000e+00  
 62.3 3.2041e+01  14 1.00000e+00  
 62.4 3.2016e+01  14 1.00000e+00  
 62.5 3.1993e+01  14 1.00000e+00  
 62.6 3.1970e+01  14 1.00000e+00  
 62.7 3.1946e+01  14 1.00000e+00  
 62.8 3.1922e+01  14 1.00000e+00  
 62.9 3.1900e+01  14 1.00000e+00  
 63.0 3.1879e+01  14 1.00000e+00  
 63.1 3.1858e+01  14 1.00000e+00  
 63.2 3.1837e+01  14 1.00000e+00  
 63.3 3.1816e+01  14 1.00000e+00  
 63.4 3.1796e+01  14 1.00000e+00  
 63.5 3.1778e+01  14 1.00000e+00  
 63.6 3.1749e+01  14 1.00000e+00  
 63.7 3.2487e+01  14 1.00000e+00  
 63.8 3.2459e+01  14 1.00000e+00  
 63.9 3.2432e+01  14 1.00000e+00  
 64.0 3.2406e+01  14 1.00000e+00  
 64.1 3.2382e+01  14 1.00000e+00  
 64.2 3.2357e+01  14 1.00000e+00  
 64.3 3.2332e+01  14 1.00000e+00  
 64.4 3.2307e+01  14 1.00000e+00  
 64.5 3.2283e+01  14 1.00000e+00  
 64.6 3.2261e+01  14 1.00000e+00  
 64.7 3.2238e+01  14 1.00000e+00  
 64.8 3.2215e+01  14 1.00000e+00  
 64.9 3.2193e+01  14 1.00000e+00  
 65.0 3.2172e+01  14 1.00000e+00  
 65.1 3.2152e+01  14 1.00000e+00  
 65.2 3.2129e+01  14 1.00000e+00  
 65.3 3.2098e+01  14 1.00000e+00  
 65.4 3.2067e+01  14 1.00000e+00  
 65.5 3.2822e+01  14 1.00000e+00  
 65.6 3.2794e+01  14 1.00000e+00  
 65.7 3.2768e+01  14 1.00000e+00  
 65.8 3.2742e+01  14 1.00000e+00  
 65.9 3.2715e+01  14 1.00000e+00  
 66.0 3.2690e+01  14 1.00000e+00  
 66.1 3.2666e+01  14 1.00000e+00  
 66.2 3.2641e+01  14 1.00000e+00  
 66.3 3.2616e+01  14 1.00000e+00  
 66.4 3.2592e+01  14 1.00000e+00  
 66.5 3.2569e+01  14 1.00000e+00  
 66.6 3.2547e+01  14 1.00000e+00  
 66.7 3.2525e+01  14 1.00000e+00  
 66.8 3.2503e+01  14 1.00000e+00  
 66.9 3.2477e+01  14 1.00000e+00  
 67.0 3.2445e+01  14 1.00000e+00  
 67.1 3.2415e+01  14 1.00000e+00  
 67.2 3.2385e+01  14 1.00000e+00  
 67.3 3.3155e+01  14 1.00000e+00  
 67.4 3.3127e+01  14 1.00000e+00  
 67.5 3.3099e+01  14 1.00000e+00  
 67.6 3.3072e+01  14 1.00000e+00  
 67.7 3.3046e+01  14 1.00000e+00  
 67.8 3.3021e+01  14 1.00000e+00  
 67.9 3.2996e+01  14 1.00000e+00  
 68.0 3.2969e+01  14 1.00000e+00  
 68.1 3.2944e+01  14 1.00000e+00  
 68.2 3.2921e+01  14 1.00000e+00  
 68.3 3.2898e+01  14 1.00000e+00  
 68.4 3.2874e+01  14 1.00000e+00  
 68.5 3.2850e+01  14 1.00000e+00  
 68.6 3.2824e+01  14 1.00000e+00  
 68.7 3.2792e+01  14 1.00000e+00  
 68.8 3.2761e+01  14 1.00000e+00  
 68.9 3.2729e+01  14 1.00000e+00  
 69.0 3.2698e+01  14 1.00000e+00  
 69.1 3.3484e+01  14 1.00000e+00  
 69.2 3.3455e+01  14 1.00000e+00  
 69.3 3.3427e+01  14 1.00000e+00  
 69.4 3.3400e+01  14 1.00000e+00  
 69.5 3.3373e+01  14 1.00000e+00  
 69.6 3.3347e+01  14 1.00000e+00  
 69.7 3.3321e+01  14 1.00000e+00  
 69.8 3.3295e+01  14 1.00000e+00  
 69.9 3.3271e+01  14 1.00000e+00  
 70.0 3.3246e+01  14 1.00000e+00  
 70.1 3.3221e+01  14 1.00000e+00  
 70.2 3.3197e+01  14 1.00000e+00  
 70.3 3.3172e+01  14 1.00000e+00  
 70.4 3.3139e+01  14 1.00000e+00  
 70.5 3.3106e+01  14 1.00000e+00  
 70.6 3.3073e+01  14 1.00000e+00  
 70.7 3.3041e+01  14 1.00000e+00  
 70.8 3.3011e+01  14 1.00000e+00  
 70.9 3.2981e+01  14 1.00000e+00  
 71.0 3.3781e+01  14 1.00000e+00  
 71.1 3.3753e+01  14 1.00000e+00  
 71.2 3.3724e+01  14 1.00000e+00  
 71.3 3.3697e+01  14 1.00000e+00  
 71.4 3.3670e+01  14 1.00000e+00  
 71.5 3.3645e+01  14 1.00000e+00  
 71.6 3.3618e+01  14 1.00000e+00  
 71.7 3.3592e+01  14 1.00000e+00  
 71.8 3.3567e+01  14 1.00000e+00  
 71.9 3.3542e+01  14 1.00000e+00  
 72.0 3.3518e+01  14 1.00000e+00  
 72.1 3.3486e+01  14 1.00000e+00  
 72.2 3.3452e+01  14 1.00000e+00  
 72.3 3.3418e+01  14 1.00000e+00  
 72.4 3.3385e+01  14 1.00000e+00  
 72.5 3.3353e+01  14 1.00000e+00  
 72.6 3.3321e+01  14 1.00000e+00  
 72.7 3.3290e+01  14 1.00000e+00  
 72.8 3.3259e+01  14 1.00000e+00  
 72.9 3.4076e+01  14 1.00000e+00  
 73.0 3.4047e+01  14 1.00000e+00  
 73.1 3.4019e+01  14 1.00000e+00  
 73.2 3.3992e+01  14 1.00000e+00  
 73.3 3.3965e+01  14 1.00000e+00  
 73.4 3.3939e+01  14 1.00000e+00  
 73.5 3.3912e+01  14 1.00000e+00  
 73.6 3.3886e+01  14 1.00000e+00  
 73.7 3.3861e+01  14 1.00000e+00  
 73.8 3.3835e+01  14 1.00000e+00  
 73.9 3.3799e+01  14 1.00000e+00  
 74.0 3.3764e+01  14 1.00000e+00  
 74.1 3.3730e+01  14 1.00000e+00  
 74.2 3.3696e+01  14 1.00000e+00  
 74.3 3.3663e+01  14 1.00000e+00  
 74.4 3.3631e+01  14 1.00000e+00  
 74.5 3.3599e+01  14 1.00000e+00  
 74.6 3.3569e+01  14 1.00000e+00  
 74.7 3.3538e+01  14 1.00000e+00  
 74.8 3.4369e+01  14 1.00000e+00  
 74.9 3.4340e+01  14 1.00000e+00  
 75.0 3.4312e+01  14 1.00000e+00  
 75.1 3.4285e+01  14 1.00000e+00  
 75.2 3.4257e+01  14 1.00000e+00  
 75.3 3.4231e+01  14 1.00000e+00  
 75.4 3.4205e+01  14 1.00000e+00  
 75.5 3.4178e+01  14 1.00000e+00  
 75.6 3.4151e+01  14 1.00000e+00  
 75.7 3.4113e+01  14 1.00000e+00  
 75.8 3.4078e+01  14 1.00000e+00  
 75.9 3.4043e+01  14 1.00000e+00  
 76.0 3.4008e+01  14 1.00000e+00  
 76.1 3.3973e+01  14 1.00000e+00  
 76.2 3.3941e+01  14 1.00000e+00  
 76.3 3.3909e+01  14 1.00000e+00  
 76.4 3.3877e+01  14 1.00000e+00  
 76.5 3.3845e+01  14 1.00000e+00  
 76.6 3.3815e+01  14 1.00000e+00  
 76.7 3.4661e+01  14 1.00000e+00  
 76.8 3.4631e+01  14 1.00000e+00  
 76.9 3.4603e+01  14 1.00000e+00  
 77.0 3.4575e+01  14 1.00000e+00  
 77.1 3.4548e+01  14 1.00000e+00  
 77.2 3.4521e+01  14 1.00000e+00  
 77.3 3.4495e+01  14 1.00000e+00  
 77.4 3.4467e+01  14 1.00000e+00  
 77.5 3.4429e+01  14 1.00000e+00  
 77.6 3.4392e+01  14 1.00000e+00  
 77.7 3.4356e+01  14 1.00000e+00  
 77.8 3.4320e+01  14 1.00000e+00  
 77.9 3.4286e+01  14 1.00000e+00  
 78.0 3.4252e+01  14 1.00000e+00  
 78.1 3.4219e+01  14 1.00000e+00  
 78.2 3.4186e+01  14 1.00000e+00  
 78.3 3.4153e+01  14 1.00000e+00  
 78.4 3.4122e+01  14 1.00000e+00  
 78.5 3.4092e+01  14 1.00000e+00  
 78.6 3.4950e+01  14 1.00000e+00  
 78.7 3.4921e+01  14 1.00000e+00  
 78.8 3.4893e+01  14 1.00000e+00  
 78.9 3.4865e+01  14 1.00000e+00  
 79.0 3.4837e+01  14 1.00000e+00  
 79.1 3.4809e+01  14 1.00000e+00  
 79.2 3.4783e+01  14 1.00000e+00  
 79.3 3.4747e+01  14 1.00000e+00  
 79.4 3.4709e+01  14 1.00000e+00  
 79.5 3.4672e+01  14 1.00000e+00  
 79.6 3.4635e+01  14 1.00000e+00  
 79.7 3.4599e+01  14 1.00000e+00  
 79.8 3.4564e+01  14 1.00000e+00  
 79.9 3.4530e+01  14 1.00000e+00  
 80.0 3.4496e+01  14 1.00000e+00  
 80.1 3.4463e+01  14 1.00000e+00  
 80.2 3.4431e+01  14 1.00000e+00  
 80.3 3.4399e+01  14 1.00000e+00  
 80.4 3.4368e+01  14 1.00000e+00  
 80.5 3.4337e+01  14 1.00000e+00  
 80.6 3.5211e+01  14 1.00000e+00  
 80.7 3.5182e+01  14 1.00000e+00  
 80.8 3.5153e+01  14 1.00000e+00  
 80.9 3.5124e+01  14 1.00000e+00  
 81.0 3.5097e+01  14 1.00000e+00  
 81.1 3.5067e+01  14 1.00000e+00  
 81.2 3.5029e+01  14 1.00000e+00  
 81.3 3.4990e+01  14 1.00000e+00  
 81.4 3.4952e+01  14 1.00000e+00  
 81.5 3.4916e+01  14 1.00000e+00  
 81.6 3.4880e+01  14 1.00000e+00  
 81.7 3.4844e+01  14 1.00000e+00  
 81.8 3.4809e+01  14 1.00000e+00  
 81.9 3.4775e+01  14 1.00000e+00  
 82.0 3.4742e+01  14 1.00000e+00  
 82.1 3.4709e+01  14 1.00000e+00  
 82.2 3.4676e+01  14 1.00000e+00  
 82.3 3.4645e+01  14 1.00000e+00  
 82.4 3.4614e+01  14 1.00000e+00  
 82.5 3.4583e+01  14 1.00000e+00  
 82.6 3.5471e+01  14 1.00000e+00  
 82.7 3.5441e+01  14 1.00000e+00  
 82.8 3.5413e+01  14 1.00000e+00  
 82.9 3.5385e+01  14 1.00000e+00  
 83.0 3.5350e+01  14 1.00000e+00  
 83.1 3.5311e+01  14 1.00000e+00  
 83.2 3.5273e+01  14 1.00000e+00  
 83.3 3.5235e+01  14 1.00000e+00  
 83.4 3.5198e+01  14 1.00000e+00  
 83.5 3.5161e+01  14 1.00000e+00  
 83.6 3.5124e+01  14 1.00000e+00  
 83.7 3.5090e+01  14 1.00000e+00  
 83.8 3.5055e+01  14 1.00000e+00  
 83.9 3.5021e+01  14 1.00000e+00  
 84.0 3.4987e+01  14 1.00000e+00  
 84.1 3.4955e+01  14 1.00000e+00  
 84.2 3.4923e+01  14 1.00000e+00  
 84.3 3.4892e+01  14 1.00000e+00  
 84.4 3.4860e+01  14 1.00000e+00  
 84.5 3.4829e+01  14 1.00000e+00  
 84.6 3.5731e+01  14 1.00000e+00  
 84.7 3.5702e+01  14 1.00000e+00  
 84.8 3.5672e+01  14 1.00000e+00  
 84.9 3.5635e+01  14 1.00000e+00  
 85.0 3.5596e+01  14 1.00000e+00  
 85.1 3.5559e+01  14 1.00000e+00  
 85.2 3.5520e+01  14 1.00000e+00  
 85.3 3.5482e+01  14 1.00000e+00  
 85.4 3.5445e+01  14 1.00000e+00  
 85.5 3.5409e+01  14 1.00000e+00  
 85.6 3.5373e+01  14 1.00000e+00  
 85.7 3.5337e+01  14 1.00000e+00  
 85.8 3.5302e+01  14 1.00000e+00  
 85.9 3.5268e+01  14 1.00000e+00  
 86.0 3.5235e+01  14 1.00000e+00  
 86.1 3.5203e+01  14 1.00000e+00  
 86.2 3.5170e+01  14 1.00000e+00  
 86.3 3.5138e+01  14 1.00000e+00  
 86.4 3.5107e+01  14 1.00000e+00  
 86.5 3.5077e+01  14 1.00000e+00  
 86.6 3.5991e+01  14 1.00000e+00  
 86.7 3.5961e+01  14 1.00000e+00  
 86.8 3.5924e+01  14 1.00000e+00  
 86.9 3.5885e+01  14 1.00000e+00  
 87.0 3.5846e+01  14 1.00000e+00  
 87.1 3.5807e+01  14 1.00000e+00  
 87.2 3.5769e+01  14 1.00000e+00  
 87.3 3.5732e+01  14 1.00000e+00  
 87.4 3.5695e+01  14 1.00000e+00  
 87.5 3.5658e+01  14 1.00000e+00  
 87.6 3.5621e+01  14 1.00000e+00  
 87.7 3.5586e+01  14 1.00000e+00  
 87.8 3.5552e+01  14 1.00000e+00  
 87.9 3.5518e+01  14 1.00000e+00  
 88.0 3.5484e+01  14 1.00000e+00  
 88.1 3.5451e+01  14 1.00000e+00  
 88.2 3.5418e+01  14 1.00000e+00  
 88.3 3.5387e+01  14 1.00000e+00  
 88.4 3.5356e+01  14 1.00000e+00  
 88.5 3.5325e+01  14 1.00000e+00  
 88.6 3.5294e+01  14 1.00000e+00  
 88.7 3.6218e+01  14 1.00000e+00  
 88.8 3.6177e+01  14 1.00000e+00  
 88.9 3.6137e+01  14 1.00000e+00  
 89.0 3.6097e+01  14 1.00000e+00  
 89.1 3.6059e+01  14 1.00000e+00  
 89.2 3.6022e+01  14 1.00000e+00  
 89.3 3.5984e+01  14 1.00000e+00  
 89.4 3.5946e+01  14 1.00000e+00  
 89.5 3.5909e+01  14 1.00000e+00  
 89.6 3.5873e+01  14 1.00000e+00  
 89.7 3.5838e+01  14 1.00000e+00  
 89.8 3.5803e+01  14 1.00000e+00  
 89.9 3.5768e+01  14 1.00000e+00  
 90.0 3.5734e+01  14 1.00000e+00  
 90.1 3.5701e+01  14 1.00000e+00  
 90.2 3.5669e+01  14 1.00000e+00  
 90.3 3.5636e+01  14 1.00000e+00  
 90.4 3.5604e+01  14 1.00000e+00  
 90.5 3.5573e+01  14 1.00000e+00  
 90.6 3.5543e+01  14 1.00000e+00  
 90.7 3.6474e+01  14 1.00000e+00  
 90.8 3.6432e+01  14 1.00000e+00  
 90.9 3.6392e+01  14 1.00000e+00  
 91.0 3.6354e+01  14 1.00000e+00  
 91.1 3.6315e+01  14 1.00000e+00  
 91.2 3.6276e+01  14 1.00000e+00  
 91.3 3.6238e+01  14 1.00000e+00  
 91.4 3.6201e+01  14 1.00000e+00  
 91.5 3.6164e+01  14 1.00000e+00  
 91.6 3.6128e+01  14 1.00000e+00  
 91.7 3.6091e+01  14 1.00000e+00  
 91.8 3.6055e+01  14 1.00000e+00  
 91.9 3.6021e+01  14 1.00000e+00  
 92.0 3.5987e+01  14 1.00000e+00  
 92.1 3.5954e+01  14 1.00000e+00  
 92.2 3.5921e+01  14 1.00000e+00  
 92.3 3.5887e+01  14 1.00000e+00  
 92.4 3.5856e+01  14 1.00000e+00  
 92.5 3.5825e+01  14 1.00000e+00  
 92.6 3.5794e+01  14 1.00000e+00  
 92.7 3.5752e+01  14 1.00000e+00  
 92.8 3.6692e+01  14 1.00000e+00  
 92.9 3.6652e+01  14 1.00000e+00  
 93.0 3.6612e+01  14 1.00000e+00  
 93.1 3.6573e+01  14 1.00000e+00  
 93.2 3.6533e+01  14 1.00000e+00  
 93.3 3.6497e+01  14 1.00000e+00  
 93.4 3.6460e+01  14 1.00000e+00  
 93.5 3.6422e+01  14 1.00000e+00  
 93.6 3.6384e+01  14 1.00000e+00  
 93.7 3.6347e+01  14 1.00000e+00  
 93.8 3.6312e+01  14 1.00000e+00  
 93.9 3.6277e+01  14 1.00000e+00  
 94.0 3.6243e+01  14 1.00000e+00  
 94.1 3.6208e+01  14 1.00000e+00  
 94.2 3.6174e+01  14 1.00000e+00  
 94.3 3.6142e+01  14 1.00000e+00  
 94.4 3.6110e+01  14 1.00000e+00  
 94.5 3.6078e+01  14 1.00000e+00  
 94.6 3.6046e+01  14 1.00000e+00  
 94.7 3.6004e+01  14 1.00000e+00  
 94.8 3.5963e+01  14 1.00000e+00  
 94.9 3.6915e+01  14 1.00000e+00  
 95.0 3.6874e+01  14 1.00000e+00  
 95.1 3.6834e+01  14 1.00000e+00  
 95.2 3.6796e+01  14 1.00000e+00  
 95.3 3.6758e+01  14 1.00000e+00  
 95.4 3.6720e+01  14 1.00000e+00  
 95.5 3.6682e+01  14 1.00000e+00  
 95.6 3.6644e+01  14 1.00000e+00  
 95.7 3.6608e+01  14 1.00000e+00  
 95.8 3.6572e+01  14 1.00000e+00  
 95.9 3.6537e+01  14 1.00000e+00  
 96.0 3.6501e+01  14 1.00000e+00  
 96.1 3.6466e+01  14 1.00000e+00  
 96.2 3.6433e+01  14 1.00000e+00  
 96.3 3.6399e+01  14 1.00000e+00  
 96.4 3.6366e+01  14 1.00000e+00  
 96.5 3.6333e+01  14 1.00000e+00  
 96.6 3.6301e+01  14 1.00000e+00  
 96.7 3.6262e+01  14 1.00000e+00  
 96.8 3.6220e+01  14 1.00000e+00  
 96.9 3.6178e+01  14 1.00000e+00  
 97.0 3.7141e+01  14 1.00000e+00  
 97.1 3.7101e+01  14 1.00000e+00  
 97.2 3.7062e+01  14 1.00000e+00  
 97.3 3.7023e+01  14 1.00000e+00  
 97.4 3.6984e+01  14 1.00000e+00  
 97.5 3.6946e+01  14 1.00000e+00  
 97.6 3.6910e+01  14 1.00000e+00  
 97.7 3.6873e+01  14 1.00000e+00  
 97.8 3.6836e+01  14 1.00000e+00  
 97.9 3.6799e+01  14 1.00000e+00  
 98.0 3.6762e+01  14 1.00000e+00  
 98.1 3.6728e+01  14 1.00000e+00  
 98.2 3.6694e+01  14 1.00000e+00  
 98.3 3.6660e+01  14 1.00000e+00  
 98.4 3.6626e+01  14 1.00000e+00  
 98.5 3.6592e+01  14 1.00000e+00  
 98.6 3.6560e+01  14 1.00000e+00  
 98.7 3.6525e+01  14 1.00000e+00  
 98.8 3.6482e+01  14 1.00000e+00  
 98.9 3.6439e+01  14 1.00000e+00  
 99.0 3.6397e+01  14 1.00000e+00  
 99.1 3.6357e+01  14 1.00000e+00  
 99.2 3.7333e+01  14 1.00000e+00  
 99.3 3.7293e+01  14 1.00000e+00  
 99.4 3.7252e+01  14 1.00000e+00  
 99.5 3.7215e+01  14 1.00000e+00  
 99.6 3.7178e+01  14 1.00000e+00  
 99.7 3.7141e+01  14 1.00000e+00  
 99.8 3.7103e+01  14 1.00000e+00  
 99.9 3.7065e+01  14 1.00000e+00  
100.0 3.7030e+01  14 1.00000e+00  
100.1 3.6995e+01  14 1.00000e+00  
100.2 3.6959e+01  14 1.00000e+00  
100.3 3.6924e+01  14 1.00000e+00  
100.4 3.6889e+01  14 1.00000e+00  
100.5 3.6855e+01  14 1.00000e+00  
100.6 3.6822e+01  14 1.00000e+00  
100.7 3.6790e+01  14 1.00000e+00  
100.8 3.6750e+01  14 1.00000e+00  
100.9 3.6706e+01  14 1.00000e+00  
101.0 3.6664e+01  14 1.00000e+00  
101.1 3.6623e+01  14 1.00000e+00  
101.2 3.6582e+01  14 1.00000e+00  
101.3 3.7568e+01  14 1.00000e+00  
101.4 3.7527e+01  14 1.00000e+00  
101.5 3.7489e+01  14 1.00000e+00  
101.6 3.7451e+01  14 1.00000e+00  
101.7 3.7412e+01  14 1.00000e+00  
101.8 3.7374e+01  14 1.00000e+00  
101.9 3.7337e+01  14 1.00000e+00  
102.0 3.7301e+01  14 1.00000e+00  
102.1 3.7265e+01  14 1.00000e+00  
102.2 3.7228e+01  14 1.00000e+00  
102.3 3.7192e+01  14 1.00000e+00  
102.4 3.7156e+01  14 1.00000e+00  
102.5 3.7122e+01  14 1.00000e+00  
102.6 3.7089e+01  14 1.00000e+00  
102.7 3.7055e+01  14 1.00000e+00  
102.8 3.7022e+01  14 1.00000e+00  
102.9 3.6980e+01  14 1.00000e+00  
103.0 3.6938e+01  14 1.00000e+00  
103.1 3.6895e+01  14 1.00000e+00  
103.2 3.6853e+01  14 1.00000e+00  
103.3 3.6811e+01  14 1.00000e+00  
103.4 3.6770e+01  14 1.00000e+00  
103.5 3.7769e+01  14 1.00000e+00  
103.6 3.7729e+01  14 1.00000e+00  
103.7 3.7689e+01  14 1.00000e+00  
103.8 3.7650e+01  14 1.00000e+00  
103.9 3.7613e+01  14 1.00000e+00  
104.0 3.7576e+01  14 1.00000e+00  
104.1 3.7540e+01  14 1.00000e+00  
104.2 3.7503e+01  14 1.00000e+00  
104.3 3.7466e+01  14 1.00000e+00  
104.4 3.7430e+01  14 1.00000e+00  
104.5 3.7395e+01  14 1.00000e+00  
104.6 3.7360e+01  14 1.00000e+00  
104.7 3.7326e+01  14 1.00000e+00  
104.8 3.7291e+01  14 1.00000e+00  
104.9 3.7256e+01  14 1.00000e+00  
105.0 3.7218e+01  14 1.00000e+00  
105.1 3.7175e+01  14 1.00000e+00  
105.2 3.7131e+01  14 1.00000e+00  
105.3 3.7088e+01  14 1.00000e+00  
105.4 3.7046e+01  14 1.00000e+00  
105.5 3.7006e+01  14 1.00000e+00  
105.6 3.6966e+01  14 1.00000e+00  
105.7 3.6925e+01  14 1.00000e+00  
105.8 3.7933e+01  14 1.00000e+00  
105.9 3.7894e+01  14 1.00000e+00  
106.0 3.7857e+01  14 1.00000e+00  
106.1 3.7819e+01  14 1.00000e+00  
106.2 3.7782e+01  14 1.00000e+00  
106.3 3.7745e+01  14 1.00000e+00  
106.4 3.7708e+01  14 1.00000e+00  
106.5 3.7673e+01  14 1.00000e+00  
106.6 3.7637e+01  14 1.00000e+00  
106.7 3.7601e+01  14 1.00000e+00  
106.8 3.7566e+01  14 1.00000e+00  
106.9 3.7531e+01  14 1.00000e+00  
107.0 3.7497e+01  14 1.00000e+00  
107.1 3.7463e+01  14 1.00000e+00  
107.2 3.7418e+01  14 1.00000e+00  
107.3 3.7374e+01  14 1.00000e+00  
107.4 3.7330e+01  14 1.00000e+00  
107.5 3.7288e+01  14 1.00000e+00  
107.6 3.7247e+01  14 1.00000e+00  
107.7 3.7206e+01  14 1.00000e+00  
107.8 3.7164e+01  14 1.00000e+00  
107.9 3.7124e+01  14 1.00000e+00  
108.0 3.8144e+01  14 1.00000e+00  
108.1 3.8106e+01  14 1.00000e+00  
108.2 3.8067e+01  14 1.00000e+00  
108.3 3.8029e+01  14 1.00000e+00  
108.4 3.7991e+01  14 1.00000e+00  
108.5 3.7955e+01  14 1.00000e+00  
108.6 3.7920e+01  14 1.00000e+00  
108.7 3.7884e+01  14 1.00000e+00  
108.8 3.7847e+01  14 1.00000e+00  
108.9 3.7811e+01  14 1.00000e+00  
109.0 3.7776e+01  14 1.00000e+00  
109.1 3.7742e+01  14 1.00000e+00  
109.2 3.7708e+01  14 1.00000e+00  
109.3 3.7668e+01  14 1.00000e+00  
109.4 3.7623e+01  14 1.00000e+00  
109.5 3.7579e+01  14 1.00000e+00  
109.6 3.7537e+01  14 1.00000e+00  
109.7 3.7494e+01  14 1.00000e+00  
109.8 3.7452e+01  14 1.00000e+00  
109.9 3.7410e+01  14 1.00000e+00  
110.0 3.7370e+01  14 1.00000e+00  
110.1 3.7331e+01  14 1.00000e+00  
110.2 3.7292e+01  14 1.00000e+00  
110.3 3.8321e+01  14 1.00000e+00  
110.4 3.8282e+01  14 1.00000e+00  
110.5 3.8244e+01  14 1.00000e+00  
110.6 3.8207e+01  14 1.00000e+00  
110.7 3.8170e+01  14 1.00000e+00  
110.8 3.8134e+01  14 1.00000e+00  
110.9 3.8098e+01  14 1.00000e+00  
111.0 3.8062e+01  14 1.00000e+00  
111.1 3.8026e+01  14 1.00000e+00  
111.2 3.7992e+01  14 1.00000e+00  
111.3 3.7957e+01  14 1.00000e+00  
111.4 3.7922e+01  14 1.00000e+00  
111.5 3.7880e+01  14 1.00000e+00  
111.6 3.7836e+01  14 1.00000e+00  
111.7 3.7793e+01  14 1.00000e+00  
111.8 3.7749e+01  14 1.00000e+00  
111.9 3.7705e+01  14 1.00000e+00  
112.0 3.7663e+01  14 1.00000e+00  
112.1 3.7622e+01  14 1.00000e+00  
112.2 3.7582e+01  14 1.00000e+00  
112.3 3.7542e+01  14 1.00000e+00  
112.4 3.7502e+01  14 1.00000e+00  
112.5 3.7462e+01  14 1.00000e+00  
112.6 3.8502e+01  14 1.00000e+00  
112.7 3.8465e+01  14 1.00000e+00  
112.8 3.8427e+01  14 1.00000e+00  
112.9 3.8390e+01  14 1.00000e+00  
113.0 3.8352e+01  14 1.00000e+00  
113.1 3.8317e+01  14 1.00000e+00  
113.2 3.8282e+01  14 1.00000e+00  
113.3 3.8248e+01  14 1.00000e+00  
113.4 3.8211e+01  14 1.00000e+00  
113.5 3.8175e+01  14 1.00000e+00  
113.6 3.8140e+01  14 1.00000e+00  
113.7 3.8100e+01  14 1.00000e+00  
113.8 3.8056e+01  14 1.00000e+00  
113.9 3.8011e+01  14 1.00000e+00  
114.0 3.7967e+01  14 1.00000e+00  
114.1 3.7923e+01  14 1.00000e+00  
114.2 3.7882e+01  14 1.00000e+00  
114.3 3.7841e+01  14 1.00000e+00  
114.4 3.7799e+01  14 1.00000e+00  
114.5 3.7758e+01  14 1.00000e+00  
114.6 3.7718e+01  14 1.00000e+00  
114.7 3.7680e+01  14 1.00000e+00  
114.8 3.7641e+01  14 1.00000e+00  
114.9 3.8690e+01  14 1.00000e+00  
115.0 3.8652e+01  14 1.00000e+00  
115.1 3.8614e+01  14 1.00000e+00  
115.2 3.8577e+01  14 1.00000e+00  
115.3 3.8541e+01  14 1.00000e+00  
115.4 3.8506e+01  14 1.00000e+00  
115.5 3.8470e+01  14 1.00000e+00  
115.6 3.8434e+01  14 1.00000e+00  
115.7 3.8399e+01  14 1.00000e+00  
115.8 3.8364e+01  14 1.00000e+00  
115.9 3.8329e+01  14 1.00000e+00  
116.0 3.8283e+01  14 1.00000e+00  
116.1 3.8237e+01  14 1.00000e+00  
116.2 3.8192e+01  14 1.00000e+00  
116.3 3.8149e+01  14 1.00000e+00  
116.4 3.8108e+01  14 1.00000e+00  
116.5 3.8065e+01  14 1.00000e+00  
116.6 3.8023e+01  14 1.00000e+00  
116.7 3.7981e+01  14 1.00000e+00  
116.8 3.7942e+01  14 1.00000e+00  
116.9 3.7903e+01  14 1.00000e+00  
117.0 3.7863e+01  14 1.00000e+00  
117.1 3.7824e+01  14 1.00000e+00  
117.2 3.8882e+01  14 1.00000e+00  
117.3 3.8844e+01  14 1.00000e+00  
117.4 3.8807e+01  14 1.00000e+00  
117.5 3.8771e+01  14 1.00000e+00  
117.6 3.8734e+01  14 1.00000e+00  
117.7 3.8698e+01  14 1.00000e+00  
117.8 3.8662e+01  14 1.00000e+00  
117.9 3.8627e+01  14 1.00000e+00  
118.0 3.8594e+01  14 1.00000e+00  
118.1 3.8559e+01  14 1.00000e+00  
118.2 3.8517e+01  14 1.00000e+00  
118.3 3.8471e+01  14 1.00000e+00  
118.4 3.8426e+01  14 1.00000e+00  
118.5 3.8383e+01  14 1.00000e+00  
118.6 3.8339e+01  14 1.00000e+00  
118.7 3.8296e+01  14 1.00000e+00  
118.8 3.8253e+01  14 1.00000e+00  
118.9 3.8212e+01  14 1.00000e+00  
119.0 3.8172e+01  14 1.00000e+00  
119.1 3.8131e+01  14 1.00000e+00  
119.2 3.8091e+01  14 1.00000e+00  
119.3 3.8051e+01  14 1.00000e+00  
119.4 3.8013e+01  14 1.00000e+00  
119.5 3.7976e+01  14 1.00000e+00  
119.6 3.9044e+01  14 1.00000e+00  
119.7 3.9007e+01  14 1.00000e+00  
119.8 3.8969e+01  14 1.00000e+00  
119.9 3.8932e+01  14 1.00000e+00  
120.0 3.8896e+01  14 1.00000e+00  
120.1 3.8861e+01  14 1.00000e+00  
120.2 3.8827e+01  14 1.00000e+00  
120.3 3.8792e+01  14 1.00000e+00  
120.4 3.8757e+01  14 1.00000e+00  
120.5 3.8714e+01  14 1.00000e+00  
120.6 3.8668e+01  14 1.00000e+00  
120.7 3.8624e+01  14 1.00000e+00  
120.8 3.8579e+01  14 1.00000e+00  
120.9 3.8535e+01  14 1.00000e+00  
121.0 3.8492e+01  14 1.00000e+00  
121.1 3.8450e+01  14 1.00000e+00  
121.2 3.8410e+01  14 1.00000e+00  
121.3 3.8368e+01  14 1.00000e+00  
121.4 3.8327e+01  14 1.00000e+00  
121.5 3.8287e+01  14 1.00000e+00  
121.6 3.8248e+01  14 1.00000e+00  
121.7 3.8210e+01  14 1.00000e+00  
121.8 3.8171e+01  14 1.00000e+00  
121.9 3.8133e+01  14 1.00000e+00  
122.0 3.9210e+01  14 1.00000e+00  
122.1 3.9173e+01  14 1.00000e+00  
122.2 3.9136e+01  14 1.00000e+00  
122.3 3.9100e+01  14 1.00000e+00  
122.4 3.9066e+01  14 1.00000e+00  
122.5 3.9029e+01  14 1.00000e+00  
122.6 3.8994e+01  14 1.00000e+00  
122.7 3.8959e+01  14 1.00000e+00  
122.8 3.8919e+01  14 1.00000e+00  
122.9 3.8874e+01  14 1.00000e+00  
123.0 3.8828e+01  14 1.00000e+00  
123.1 3.8783e+01  14 1.00000e+00  
123.2 3.8739e+01  14 1.00000e+00  
123.3 3.8696e+01  14 1.00000e+00  
123.4 3.8655e+01  14 1.00000e+00  
123.5 3.8612e+01  14 1.00000e+00  
123.6 3.8570e+01  14 1.00000e+00  
123.7 3.8529e+01  14 1.00000e+00  
123.8 3.8489e+01  14 1.00000e+00  
123.9 3.8451e+01  14 1.00000e+00  
124.0 3.8411e+01  14 1.00000e+00  
124.1 3.8372e+01  14 1.00000e+00  
124.2 3.8334e+01  14 1.00000e+00  
124.3 3.8297e+01  14 1.00000e+00  
124.4 3.8260e+01  14 1.00000e+00  
124.5 3.9346e+01  14 1.00000e+00  
124.6 3.9310e+01  14 1.00000e+00  
124.7 3.9273e+01  14 1.00000e+00  
124.8 3.9238e+01  14 1.00000e+00  
124.9 3.9202e+01  14 1.00000e+00  
125.0 3.9167e+01  14 1.00000e+00  
125.1 3.9131e+01  14 1.00000e+00  
125.2 3.9086e+01  14 1.00000e+00  
125.3 3.9040e+01  14 1.00000e+00  
125.4 3.8995e+01  14 1.00000e+00  
125.5 3.8951e+01  14 1.00000e+00  
125.6 3.8908e+01  14 1.00000e+00  
125.7 3.8865e+01  14 1.00000e+00  
125.8 3.8822e+01  14 1.00000e+00  
125.9 3.8780e+01  14 1.00000e+00  
126.0 3.8739e+01  14 1.00000e+00  
126.1 3.8699e+01  14 1.00000e+00  
126.2 3.8659e+01  14 1.00000e+00  
126.3 3.8619e+01  14 1.00000e+00  
126.4 3.8580e+01  14 1.00000e+00  
126.5 3.8541e+01  14 1.00000e+00  
126.6 3.8504e+01  14 1.00000e+00  
126.7 3.8467e+01  14 1.00000e+00  
126.8 3.8430e+01  14 1.00000e+00  
126.9 3.9523e+01  14 1.00000e+00  
127.0 3.9488e+01  14 1.00000e+00  
127.1 3.9452e+01  14 1.00000e+00  
127.2 3.9416e+01  14 1.00000e+00  
127.3 3.9382e+01  14 1.00000e+00  
127.4 3.9348e+01  14 1.00000e+00  
127.5 3.9306e+01  14 1.00000e+00  
127.6 3.9260e+01  14 1.00000e+00  
127.7 3.9215e+01  14 1.00000e+00  
127.8 3.9171e+01  14 1.00000e+00  
127.9 3.9128e+01  14 1.00000e+00  
128.0 3.9084e+01  14 1.00000e+00  
128.1 3.9040e+01  14 1.00000e+00  
128.2 3.8998e+01  14 1.00000e+00  
128.3 3.8957e+01  14 1.00000e+00  
128.4 3.8917e+01  14 1.00000e+00  
128.5 3.8875e+01  14 1.00000e+00  
128.6 3.8835e+01  14 1.00000e+00  
128.7 3.8795e+01  14 1.00000e+00  
128.8 3.8757e+01  14 1.00000e+00  
128.9 3.8719e+01  14 1.00000e+00  
129.0 3.8681e+01  14 1.00000e+00  
129.1 3.8643e+01  14 1.00000e+00  
129.2 3.8606e+01  14 1.00000e+00  
129.3 3.8569e+01  14 1.00000e+00  
129.4 3.9659e+01  14 1.00000e+00  
129.5 3.9626e+01  14 1.00000e+00  
129.6 3.9594e+01  14 1.00000e+00  
129.7 3.9561e+01  14 1.00000e+00  
129.8 3.9529e+01  14 1.00000e+00  
129.9 3.9488e+01  14 1.00000e+00  
130.0 3.9444e+01  14 1.00000e+00  
130.1 3.9400e+01  14 1.00000e+00  
130.2 3.9355e+01  14 1.00000e+00  
130.3 3.9311e+01  14 1.00000e+00  
130.4 3.9267e+01  14 1.00000e+00  
130.5 3.9224e+01  14 1.00000e+00  
130.6 3.9182e+01  14 1.00000e+00  
130.7 3.9141e+01  14 1.00000e+00  
130.8 3.9099e+01  14 1.00000e+00  
130.9 3.9058e+01  14 1.00000e+00  
131.0 3.9018e+01  14 1.00000e+00  
131.1 3.8979e+01  14 1.00000e+00  
131.2 3.8941e+01  14 1.00000e+00  
131.3 3.8901e+01  14 1.00000e+00  
131.4 3.8863e+01  14 1.00000e+00  
131.5 3.8825e+01  14 1.00000e+00  
131.6 3.8789e+01  14 1.00000e+00  
131.7 3.8753e+01  14 1.00000e+00  
131.8 3.8717e+01  14 1.00000e+00  
131.9 3.9802e+01  14 1.00000e+00  
132.0 3.9769e+01  14 1.00000e+00  
132.1 3.9736e+01  14 1.00000e+00  
132.2 3.9704e+01  14 1.00000e+00  
132.3 3.9665e+01  14 1.00000e+00  
132.4 3.9625e+01  14 1.00000e+00  
132.5 3.9585e+01  14 1.00000e+00  
132.6 3.9543e+01  14 1.00000e+00  
132.7 3.9502e+01  14 1.00000e+00  
132.8 3.9459e+01  14 1.00000e+00  
132.9 3.9417e+01  14 1.00000e+00  
133.0 3.9374e+01  14 1.00000e+00  
133.1 3.9332e+01  14 1.00000e+00  
133.2 3.9290e+01  14 1.00000e+00  
133.3 3.9249e+01  14 1.00000e+00  
133.4 3.9209e+01  14 1.00000e+00  
133.5 3.9171e+01  14 1.00000e+00  
133.6 3.9130e+01  14 1.00000e+00  
133.7 3.9091e+01  14 1.00000e+00  
133.8 3.9053e+01  14 1.00000e+00  
133.9 3.9015e+01  14 1.00000e+00  
134.0 3.8979e+01  14 1.00000e+00  
134.1 3.8942e+01  14 1.00000e+00  
134.2 3.8905e+01  14 1.00000e+00  
134.3 3.8869e+01  14 1.00000e+00  
134.4 3.9948e+01  14 1.00000e+00  
134.5 3.9916e+01  14 1.00000e+00  
134.6 3.9884e+01  14 1.00000e+00  
134.7 3.9850e+01  14 1.00000e+00  
134.8 3.9809e+01  14 1.00000e+00  
134.9 3.9767e+01  14 1.00000e+00  
135.0 3.9726e+01  14 1.00000e+00  
135.1 3.9686e+01  14 1.00000e+00  
135.2 3.9647e+01  14 1.00000e+00  
135.3 3.9608e+01  14 1.00000e+00  
135.4 3.9567e+01  14 1.00000e+00  
135.5 3.9528e+01  14 1.00000e+00  
135.6 3.9489e+01  14 1.00000e+00  
135.7 3.9448e+01  14 1.00000e+00  
135.8 3.9408e+01  14 1.00000e+00  
135.9 3.9367e+01  14 1.00000e+00  
136.0 3.9328e+01  14 1.00000e+00  
136.1 3.9288e+01  14 1.00000e+00  
136.2 3.9250e+01  14 1.00000e+00  
136.3 3.9212e+01  14 1.00000e+00  
136.4 3.9175e+01  14 1.00000e+00  
136.5 3.9138e+01  14 1.00000e+00  
136.6 3.9100e+01  14 1.00000e+00  
136.7 3.9064e+01  14 1.00000e+00  
136.8 3.9029e+01  14 1.00000e+00  
136.9 3.8994e+01  14 1.00000e+00  
137.0 4.0069e+01  14 1.00000e+00  
137.1 4.0037e+01  14 1.00000e+00  
137.2 4.0001e+01  14 1.00000e+00  
137.3 3.9958e+01  14 1.00000e+00  
137.4 3.9917e+01  14 1.00000e+00  
137.5 3.9877e+01  14 1.00000e+00  
137.6 3.9838e+01  14 1.00000e+00  
137.7 3.9798e+01  14 1.00000e+00  
137.8 3.9759e+01  14 1.00000e+00  
137.9 3.9719e+01  14 1.00000e+00  
138.0 3.9680e+01  14 1.00000e+00  
138.1 3.9643e+01  14 1.00000e+00  
138.2 3.9606e+01  14 1.00000e+00  
138.3 3.9567e+01  14 1.00000e+00  
138.4 3.9530e+01  14 1.00000e+00  
138.5 3.9493e+01  14 1.00000e+00  
138.6 3.9455e+01  14 1.00000e+00  
138.7 3.9417e+01  14 1.00000e+00  
138.8 3.9378e+01  14 1.00000e+00  
138.9 3.9340e+01  14 1.00000e+00  
139.0 3.9303e+01  14 1.00000e+00  
139.1 3.9266e+01  14 1.00000e+00  
139.2 3.9231e+01  14 1.00000e+00  
139.3 3.9196e+01  14 1.00000e+00  
139.4 3.9160e+01  14 1.00000e+00  
139.5 3.9124e+01  14 1.00000e+00  
139.6 4.0196e+01  14 1.00000e+00  
139.7 4.0157e+01  14 1.00000e+00  
139.8 4.0116e+01  14 1.00000e+00  
139.9 4.0075e+01  14 1.00000e+00  
140.0 4.0036e+01  14 1.00000e+00  
140.1 3.9996e+01  14 1.00000e+00  
140.2 3.9956e+01  14 1.00000e+00  
140.3 3.9917e+01  14 1.00000e+00  
140.4 3.9879e+01  14 1.00000e+00  
140.5 3.9840e+01  14 1.00000e+00  
140.6 3.9802e+01  14 1.00000e+00  
140.7 3.9764e+01  14 1.00000e+00  
140.8 3.9727e+01  14 1.00000e+00  
140.9 3.9690e+01  14 1.00000e+00  
141.0 3.9654e+01  14 1.00000e+00  
141.1 3.9619e+01  14 1.00000e+00  
141.2 3.9582e+01  14 1.00000e+00  
141.3 3.9547e+01  14 1.00000e+00  
141.4 3.9512e+01  14 1.00000e+00  
141.5 3.9476e+01  14 1.00000e+00  
141.6 3.9440e+01  14 1.00000e+00  
141.7 3.9404e+01  14 1.00000e+00  
141.8 3.9368e+01  14 1.00000e+00  
141.9 3.9332e+01  14 1.00000e+00  
142.0 3.9297e+01  14 1.00000e+00  
142.1 3.9262e+01  14 1.00000e+00  
142.2 4.0323e+01  14 1.00000e+00  
142.3 4.0282e+01  14 1.00000e+00  
142.4 4.0241e+01  14 1.00000e+00  
142.5 4.0202e+01  14 1.00000e+00  
142.6 4.0161e+01  14 1.00000e+00  
142.7 4.0122e+01  14 1.00000e+00  
142.8 4.0083e+01  14 1.00000e+00  
142.9 4.0046e+01  14 1.00000e+00  
143.0 4.0008e+01  14 1.00000e+00  
143.1 3.9968e+01  14 1.00000e+00  
143.2 3.9930e+01  14 1.00000e+00  
143.3 3.9893e+01  14 1.00000e+00  
143.4 3.9857e+01  14 1.00000e+00  
143.5 3.9821e+01  14 1.00000e+00  
143.6 3.9784e+01  14 1.00000e+00  
143.7 3.9748e+01  14 1.00000e+00  
143.8 3.9713e+01  14 1.00000e+00  
143.9 3.9678e+01  14 1.00000e+00  
144.0 3.9645e+01  14 1.00000e+00  
144.1 3.9612e+01  14 1.00000e+00  
144.2 3.9577e+01  14 1.00000e+00  
144.3 3.9543e+01  14 1.00000e+00  
144.4 3.9510e+01  14 1.00000e+00  
144.5 3.9476e+01  14 1.00000e+00  
144.6 3.9442e+01  14 1.00000e+00  
144.7 3.9407e+01  14 1.00000e+00  
144.8 4.0456e+01  14 1.00000e+00  
144.9 4.0416e+01  14 1.00000e+00  
145.0 4.0374e+01  14 1.00000e+00  
145.1 4.0334e+01  14 1.00000e+00  
145.2 4.0295e+01  14 1.00000e+00  
145.3 4.0256e+01  14 1.00000e+00  
145.4 4.0219e+01  14 1.00000e+00  
145.5 4.0180e+01  14 1.00000e+00  
145.6 4.0142e+01  14 1.00000e+00  
145.7 4.0104e+01  14 1.00000e+00  
145.8 4.0067e+01  14 1.00000e+00  
145.9 4.0031e+01  14 1.00000e+00  
146.0 3.9994e+01  14 1.00000e+00  
146.1 3.9957e+01  14 1.00000e+00  
146.2 3.9921e+01  14 1.00000e+00  
146.3 3.9886e+01  14 1.00000e+00  
146.4 3.9851e+01  14 1.00000e+00  
146.5 3.9817e+01  14 1.00000e+00  
146.6 3.9783e+01  14 1.00000e+00  
146.7 3.9749e+01  14 1.00000e+00  
146.8 3.9715e+01  14 1.00000e+00  
146.9 3.9682e+01  14 1.00000e+00  
147.0 3.9650e+01  14 1.00000e+00  
147.1 3.9618e+01  14 1.00000e+00  
147.2 3.9586e+01  14 1.00000e+00  
147.3 3.9551e+01  14 1.00000e+00  
147.4 3.9510e+01  14 1.00000e+00  
147.5 4.0556e+01  14 1.00000e+00  
147.6 4.0515e+01  14 1.00000e+00  
147.7 4.0476e+01  14 1.00000e+00  
147.8 4.0437e+01  14 1.00000e+00  
147.9 4.0399e+01  14 1.00000e+00  
148.0 4.0360e+01  14 1.00000e+00  
148.1 4.0322e+01  14 1.00000e+00  
148.2 4.0285e+01  14 1.00000e+00  
148.3 4.0248e+01  14 1.00000e+00  
148.4 4.0212e+01  14 1.00000e+00  
148.5 4.0174e+01  14 1.00000e+00  
148.6 4.0137e+01  14 1.00000e+00  
148.7 4.0101e+01  14 1.00000e+00  
148.8 4.0065e+01  14 1.00000e+00  
148.9 4.0031e+01  14 1.00000e+00  
149.0 3.9997e+01  14 1.00000e+00  
149.1 3.9961e+01  14 1.00000e+00  
149.2 3.9927e+01  14 1.00000e+00  
149.3 3.9893e+01  14 1.00000e+00  
149.4 3.9860e+01  14 1.00000e+00  
149.5 3.9828e+01  14 1.00000e+00  
149.6 3.9795e+01  14 1.00000e+00  
149.7 3.9763e+01  14 1.00000e+00  
149.8 3.9730e+01  14 1.00000e+00  
149.9 3.9697e+01  14 1.00000e+00  
150.0 3.9656e+01  14 1.00000e+00  
