 15.1 1.3106e+00  13 9.13813e-02  
 15.2 1.3175e+00  13 9.59965e-02  
 15.3 1.3245e+00  13 9.88522e-02  
 15.4 1.3314e+00  13 1.03055e-01  
 15.5 1.3384e+00  13 1.07038e-01  
 15.6 1.3454e+00  13 1.10501e-01  
 15.7 1.3523e+00  13 1.15700e-01  
 15.8 1.3593e+00  13 1.18689e-01  
 15.9 1.3662e+00  13 1.24151e-01  
 16.0 1.3731e+00  13 1.24327e-01  
 16.1 1.3800e+00  13 1.25778e-01  
 16.2 1.3950e+00  13 1.27844e-01  
 16.3 1.4021e+00  13 1.28818e-01  
 16.4 1.4091e+00  13 1.29062e-01  
 16.5 1.4161e+00  13 1.30411e-01  
 16.6 1.4231e+00  13 1.30703e-01  
 16.7 1.4301e+00  13 1.32067e-01  
 16.8 1.4371e+00  13 1.32875e-01  
 16.9 1.4441e+00  13 1.33411e-01  
 17.0 1.4511e+00  13 1.34490e-01  
 17.1 1.4581e+00  13 1.35593e-01  
 17.2 1.4651e+00  13 1.35425e-01  
 17.3 1.4721e+00  13 1.37654e-01  
 17.4 1.4790e+00  13 1.37112e-01  
 17.5 1.4860e+00  13 1.38162e-01  
 17.6 1.4929e+00  13 1.39782e-01  
 17.7 1.4999e+00  13 1.39652e-01  
 17.8 1.5068e+00  13 1.40452e-01  
 17.9 1.5137e+00  13 1.40632e-01  
 18.0 1.5206e+00  13 1.42104e-01  
 18.1 1.5274e+00  13 1.42771e-01  
 18.2 1.5343e+00  13 1.42241e-01  
 18.3 1.5521e+00  13 1.44810e-01  
 18.4 1.5591e+00  13 1.45352e-01  
 18.5 1.5661e+00  13 1.45878e-01  
 18.6 1.5731e+00  13 1.46462e-01  
 18.7 1.5799e+00  13 1.46856e-01  
 18.8 1.5869e+00  13 1.47511e-01  
 18.9 1.5938e+00  13 1.48114e-01  
 19.0 1.6006e+00  13 1.48614e-01  
 19.1 1.6074e+00  13 1.49286e-01  
 19.2 1.6143e+00  13 1.50065e-01  
 19.3 1.6212e+00  13 1.49626e-01  
 19.4 1.6283e+00  13 1.50756e-01  
 19.5 1.6353e+00  13 1.49971e-01  
 19.6 1.6421e+00  13 1.50579e-01  
 19.7 1.6491e+00  13 1.51255e-01  
 19.8 1.6559e+00  13 1.51224e-01  
 19.9 1.6628e+00  13 1.51966e-01  
 20.0 1.6697e+00  13 1.52688e-01  
 20.1 1.6765e+00  13 1.52865e-01  
 20.2 1.6833e+00  13 1.53077e-01  
 20.3 1.6902e+00  13 1.54024e-01  
 20.4 1.6970e+00  13 1.53763e-01  
 20.5 1.7027e+00  13 1.54341e-01  
 20.6 1.7094e+00  13 1.53935e-01  
 20.7 1.7161e+00  13 1.54379e-01  
 20.8 1.7228e+00  13 1.54798e-01  
 20.9 1.7316e+00  13 1.55803e-01  
 21.0 1.7416e+00  13 1.57121e-01  
 21.1 1.7519e+00  13 1.58455e-01  
 21.2 1.7621e+00  13 1.60099e-01  
 21.3 1.7964e+00  13 1.63206e-01  
 21.4 1.8072e+00  13 1.64029e-01  
 21.5 1.8180e+00  13 1.65076e-01  
 21.6 1.8287e+00  13 1.66811e-01  
 21.7 1.7995e+00  13 1.60542e-01  
 21.8 1.8062e+00  13 1.60902e-01  
 21.9 1.8069e+00  13 1.68796e-01  
 22.0 1.8072e+00  13 1.68812e-01  
 22.1 1.8084e+00  13 1.68880e-01  
 22.2 1.8098e+00  13 1.68950e-01  
 22.3 1.8119e+00  13 1.69063e-01  
 22.4 1.8127e+00  13 1.69107e-01  
 22.5 1.8131e+00  13 1.69125e-01  
 22.6 1.8146e+00  13 1.69204e-01  
 22.7 1.8153e+00  13 1.69242e-01  
 22.8 1.8168e+00  13 1.69323e-01  
 22.9 1.8178e+00  13 1.69373e-01  
 23.0 1.8194e+00  13 1.69461e-01  
 23.1 1.8216e+00  13 1.69573e-01  
 23.2 1.8220e+00  13 1.69594e-01  
 23.3 1.8234e+00  13 1.69667e-01  
 23.4 1.8245e+00  13 1.69725e-01  
 23.5 1.8264e+00  13 1.69821e-01  
 23.6 1.8274e+00  13 1.69876e-01  
 23.7 1.8294e+00  13 1.69979e-01  
 23.8 1.8314e+00  13 1.70084e-01  
 23.9 1.8319e+00  13 1.70106e-01  
 24.0 1.8342e+00  13 1.70225e-01  
 24.1 1.8361e+00  13 1.70325e-01  
 24.2 1.8368e+00  13 1.70359e-01  
 24.3 1.8382e+00  13 1.70429e-01  
 24.4 1.8400e+00  13 1.70520e-01  
 24.5 1.8420e+00  13 1.70622e-01  
 24.6 1.8436e+00  13 1.70701e-01  
 24.7 1.8443e+00  13 1.70737e-01  
 24.8 1.8453e+00  13 1.70790e-01  
 24.9 1.8473e+00  13 1.70890e-01  
 25.0 1.8492e+00  13 1.70982e-01  
 25.1 1.8508e+00  13 1.71060e-01  
 25.2 1.8523e+00  13 1.71137e-01  
 25.3 1.8539e+00  13 1.71215e-01  
 25.4 1.8554e+00  13 1.71292e-01  
 25.5 1.8570e+00  13 1.71368e-01  
 25.6 1.8583e+00  13 1.71431e-01  
 25.7 1.8595e+00  13 1.71493e-01  
 25.8 1.8609e+00  13 1.71561e-01  
 25.9 1.8629e+00  13 1.71658e-01  
 26.0 1.8649e+00  13 1.71754e-01  
 26.1 1.8656e+00  13 1.71787e-01  
 26.2 1.8664e+00  13 1.71830e-01  
 26.3 1.8676e+00  13 1.71885e-01  
 26.4 1.8701e+00  13 1.72006e-01  
 26.5 1.8721e+00  13 1.72105e-01  
 26.6 1.8735e+00  13 1.72171e-01  
 26.7 1.8883e+00  13 1.72872e-01  
 26.8 1.8889e+00  13 1.72898e-01  
 26.9 1.8920e+00  13 1.73046e-01  
 27.0 1.8931e+00  13 1.73095e-01  
 27.1 1.8952e+00  13 1.73193e-01  
 27.2 1.8970e+00  13 1.73278e-01  
 27.3 1.8991e+00  13 1.73373e-01  
 27.4 1.9008e+00  13 1.73454e-01  
 27.5 1.9018e+00  13 1.73497e-01  
 27.6 1.9050e+00  13 1.73645e-01  
 27.7 1.9071e+00  13 1.73740e-01  
 27.8 1.9081e+00  13 1.73789e-01  
 27.9 1.9103e+00  13 1.73888e-01  
 28.0 1.9122e+00  13 1.73973e-01  
 28.1 1.9133e+00  13 1.74021e-01  
 28.2 1.9161e+00  13 1.74147e-01  
 28.3 1.9178e+00  13 1.74227e-01  
 28.4 1.9196e+00  13 1.74307e-01  
 28.5 1.9203e+00  13 1.74337e-01  
 28.6 1.9230e+00  13 1.74456e-01  
 28.7 1.9235e+00  13 1.74480e-01  
 28.8 7.1093e+00  14 1.00000e+00  
 28.9 7.1178e+00  14 1.00000e+00  
 29.0 7.1238e+00  14 1.00000e+00  
 29.1 7.1369e+00  14 1.00000e+00  
 29.2 7.1437e+00  14 1.00000e+00  
 29.3 7.1506e+00  14 1.00000e+00  
 29.4 7.1615e+00  14 1.00000e+00  
 29.5 7.1644e+00  14 1.00000e+00  
 29.6 7.1730e+00  14 1.00000e+00  
 29.7 7.1861e+00  14 1.00000e+00  
 29.8 7.1903e+00  14 1.00000e+00  
 29.9 7.1985e+00  14 1.00000e+00  
 30.0 7.2049e+00  14 1.00000e+00  
 30.1 7.2202e+00  14 1.00000e+00  
 30.2 7.2200e+00  14 1.00000e+00  
 30.3 7.2305e+00  14 1.00000e+00  
 30.4 7.2421e+00  14 1.00000e+00  
 30.5 7.2525e+00  14 1.00000e+00  
 30.6 7.2616e+00  14 1.00000e+00  
 30.7 7.2700e+00  14 1.00000e+00  
 30.8 7.2842e+00  14 1.00000e+00  
 30.9 7.2865e+00  14 1.00000e+00  
 31.0 7.3003e+00  14 1.00000e+00  
 31.1 7.3065e+00  14 1.00000e+00  
 31.2 7.3165e+00  14 1.00000e+00  
 31.3 7.3251e+00  14 1.00000e+00  
 31.4 7.3344e+00  14 1.00000e+00  
 31.5 7.3430e+00  14 1.00000e+00  
 31.6 7.3515e+00  14 1.00000e+00  
 31.7 7.3591e+00  14 1.00000e+00  
 31.8 7.3686e+00  14 1.00000e+00  
 31.9 7.3785e+00  14 1.00000e+00  
 32.0 7.3867e+00  14 1.00000e+00  
 32.1 7.3950e+00  14 1.00000e+00  
 32.2 7.3996e+00  14 1.00000e+00  
 32.3 7.4079e+00  14 1.00000e+00  
 32.4 7.4119e+00  14 1.00000e+00  
 32.5 7.3397e+00  14 1.00000e+00  
 32.6 7.3480e+00  14 1.00000e+00  
 32.7 7.3498e+00  14 1.00000e+00  
 32.8 7.3570e+00  14 1.00000e+00  
 32.9 7.3651e+00  14 1.00000e+00  
 33.0 7.3734e+00  14 1.00000e+00  
 33.1 7.3815e+00  14 1.00000e+00  
 33.2 7.3887e+00  14 1.00000e+00  
 33.3 7.3960e+00  14 1.00000e+00  
 33.4 7.3995e+00  14 1.00000e+00  
 33.5 7.4075e+00  14 1.00000e+00  
 33.6 7.4123e+00  14 1.00000e+00  
 33.7 7.4227e+00  14 1.00000e+00  
 33.8 7.4273e+00  14 1.00000e+00  
 33.9 7.4344e+00  14 1.00000e+00  
 34.0 7.4360e+00  14 1.00000e+00  
 34.1 7.4499e+00  14 1.00000e+00  
 34.2 7.4535e+00  14 1.00000e+00  
 34.3 7.4615e+00  14 1.00000e+00  
 34.4 7.4616e+00  14 1.00000e+00  
 34.5 7.4736e+00  14 1.00000e+00  
 34.6 7.4798e+00  14 1.00000e+00  
 34.7 7.4866e+00  14 1.00000e+00  
 34.8 7.4889e+00  14 1.00000e+00  
 34.9 7.4981e+00  14 1.00000e+00  
 35.0 7.5073e+00  14 1.00000e+00  
 35.1 7.5188e+00  14 1.00000e+00  
 35.2 7.5199e+00  14 1.00000e+00  
 35.3 7.5287e+00  14 1.00000e+00  
 35.4 7.5389e+00  14 1.00000e+00  
 35.5 7.5423e+00  14 1.00000e+00  
 35.6 7.5508e+00  14 1.00000e+00  
 35.7 7.5539e+00  14 1.00000e+00  
 35.8 7.5668e+00  14 1.00000e+00  
 35.9 7.5715e+00  14 1.00000e+00  
 36.0 7.5825e+00  14 1.00000e+00  
 36.1 7.5903e+00  14 1.00000e+00  
 36.2 7.5967e+00  14 1.00000e+00  
 36.3 7.6012e+00  14 1.00000e+00  
 36.4 7.6068e+00  14 1.00000e+00  
 36.5 7.6100e+00  14 1.00000e+00  
 36.6 7.6112e+00  14 1.00000e+00  
 36.7 7.6196e+00  14 1.00000e+00  
 36.8 7.6261e+00  14 1.00000e+00  
 36.9 7.6316e+00  14 1.00000e+00  
 37.0 7.6331e+00  14 1.00000e+00  
 37.1 7.6383e+00  14 1.00000e+00  
 37.2 7.6490e+00  14 1.00000e+00  
 37.3 7.6565e+00  14 1.00000e+00  
 37.4 7.6567e+00  14 1.00000e+00  
 37.5 7.6598e+00  14 1.00000e+00  
 37.6 7.6733e+00  14 1.00000e+00  
 37.7 7.6784e+00  14 1.00000e+00  
 37.8 7.6774e+00  14 1.00000e+00  
 37.9 7.6910e+00  14 1.00000e+00  
 38.0 7.6935e+00  14 1.00000e+00  
 38.1 7.6985e+00  14 1.00000e+00  
 38.2 7.7046e+00  14 1.00000e+00  
 38.3 7.7131e+00  14 1.00000e+00  
 38.4 7.7157e+00  14 1.00000e+00  
 38.5 7.7206e+00  14 1.00000e+00  
 38.6 7.7252e+00  14 1.00000e+00  
 38.7 7.7320e+00  14 1.00000e+00  
 38.8 7.7416e+00  14 1.00000e+00  
 38.9 7.7431e+00  14 1.00000e+00  
 39.0 7.7557e+00  14 1.00000e+00  
 39.1 7.7577e+00  14 1.00000e+00  
 39.2 7.7671e+00  14 1.00000e+00  
 39.3 7.7765e+00  14 1.00000e+00  
 39.4 7.7766e+00  14 1.00000e+00  
 39.5 7.7834e+00  14 1.00000e+00  
 39.6 7.7855e+00  14 1.00000e+00  
 39.7 7.7966e+00  14 1.00000e+00  
 39.8 7.8038e+00  14 1.00000e+00  
 39.9 7.8097e+00  14 1.00000e+00  
 40.0 7.8098e+00  14 1.00000e+00  
 40.1 7.8151e+00  14 1.00000e+00  
 40.2 7.9709e+00  14 1.00000e+00  
 40.3 7.9767e+00  14 1.00000e+00  
 40.4 7.9891e+00  14 1.00000e+00  
 40.5 7.9952e+00  14 1.00000e+00  
 40.6 7.9960e+00  14 1.00000e+00  
 40.7 8.0024e+00  14 1.00000e+00  
 40.8 8.0088e+00  14 1.00000e+00  
 40.9 8.0181e+00  14 1.00000e+00  
 41.0 8.0260e+00  14 1.00000e+00  
 41.1 8.0289e+00  14 1.00000e+00  
 41.2 8.0385e+00  14 1.00000e+00  
 41.3 8.0429e+00  14 1.00000e+00  
 41.4 8.0456e+00  14 1.00000e+00  
 41.5 8.0525e+00  14 1.00000e+00  
 41.6 8.0545e+00  14 1.00000e+00  
 41.7 8.0670e+00  14 1.00000e+00  
 41.8 8.0713e+00  14 1.00000e+00  
 41.9 8.0689e+00  14 1.00000e+00  
 42.0 8.0768e+00  14 1.00000e+00  
 42.1 8.0808e+00  14 1.00000e+00  
 42.2 8.0861e+00  14 1.00000e+00  
 42.3 8.0961e+00  14 1.00000e+00  
 42.4 8.0988e+00  14 1.00000e+00  
 42.5 8.1071e+00  14 1.00000e+00  
 42.6 8.1068e+00  14 1.00000e+00  
 42.7 8.1143e+00  14 1.00000e+00  
 42.8 8.1161e+00  14 1.00000e+00  
 42.9 8.1250e+00  14 1.00000e+00  
 43.0 8.1339e+00  14 1.00000e+00  
 43.1 8.1384e+00  14 1.00000e+00  
 43.2 8.1428e+00  14 1.00000e+00  
 43.3 8.1531e+00  14 1.00000e+00  
 43.4 8.1589e+00  14 1.00000e+00  
 43.5 8.1666e+00  14 1.00000e+00  
 43.6 8.1741e+00  14 1.00000e+00  
 43.7 8.1815e+00  14 1.00000e+00  
 43.8 8.1843e+00  14 1.00000e+00  
 43.9 8.1924e+00  14 1.00000e+00  
 44.0 8.1910e+00  14 1.00000e+00  
 44.1 8.1977e+00  14 1.00000e+00  
 44.2 8.2080e+00  14 1.00000e+00  
 44.3 8.2155e+00  14 1.00000e+00  
 44.4 8.2165e+00  14 1.00000e+00  
 44.5 5.4928e+00  14 6.26938e-01  
 44.6 5.4925e+00  14 6.26939e-01  
 44.7 5.4949e+00  14 6.26932e-01  
 44.8 5.5035e+00  14 6.26913e-01  
 44.9 5.5037e+00  14 6.26913e-01  
 45.0 5.5045e+00  14 6.26912e-01  
 45.1 5.5090e+00  14 6.26908e-01  
 45.2 5.5113e+00  14 6.26907e-01  
 45.3 5.5161e+00  14 6.26908e-01  
 45.4 5.5169e+00  14 6.26908e-01  
 45.5 5.5192e+00  14 6.26910e-01  
 45.6 5.5231e+00  14 6.26915e-01  
 45.7 5.5286e+00  14 6.26927e-01  
 45.8 5.5288e+00  14 6.26927e-01  
 45.9 8.1544e+00  14 1.00000e+00  
 46.0 8.1580e+00  14 1.00000e+00  
 46.1 8.1599e+00  14 1.00000e+00  
 46.2 8.1575e+00  14 1.00000e+00  
 46.3 8.1598e+00  14 1.00000e+00  
 46.4 8.1666e+00  14 1.00000e+00  
 46.5 8.1738e+00  14 1.00000e+00  
 46.6 8.1774e+00  14 1.00000e+00  
 46.7 8.1842e+00  14 1.00000e+00  
 46.8 8.1842e+00  14 1.00000e+00  
 46.9 8.1899e+00  14 1.00000e+00  
 47.0 8.1946e+00  14 1.00000e+00  
 47.1 8.1911e+00  14 1.00000e+00  
 47.2 8.2004e+00  14 1.00000e+00  
 47.3 8.2042e+00  14 1.00000e+00  
 47.4 8.2070e+00  14 1.00000e+00  
 47.5 8.2130e+00  14 1.00000e+00  
 47.6 8.2169e+00  14 1.00000e+00  
 47.7 8.2159e+00  14 1.00000e+00  
 47.8 8.2175e+00  14 1.00000e+00  
 47.9 8.2162e+00  14 1.00000e+00  
 48.0 8.2193e+00  14 1.00000e+00  
 48.1 5.4926e+00  14 6.26939e-01  
 48.2 5.4945e+00  14 6.26933e-01  
 48.3 5.4962e+00  14 6.26928e-01  
 48.4 5.4972e+00  14 6.26925e-01  
 48.5 5.4989e+00  14 6.26921e-01  
 48.6 5.5018e+00  14 6.26916e-01  
 48.7 5.5051e+00  14 6.26911e-01  
 48.8 5.5039e+00  14 6.26913e-01  
 48.9 5.5073e+00  14 6.26909e-01  
 49.0 5.5074e+00  14 6.26909e-01  
 49.1 5.5097e+00  14 6.26907e-01  
 49.2 5.5145e+00  14 6.26907e-01  
 49.3 5.5096e+00  14 6.26907e-01  
 49.4 5.5145e+00  14 6.26907e-01  
 49.5 5.5128e+00  14 6.26907e-01  
 49.6 5.5165e+00  14 6.26908e-01  
 49.7 5.6491e+00  14 6.28138e-01  
 49.8 5.6512e+00  14 6.28174e-01  
 49.9 5.6533e+00  14 6.28209e-01  
 50.0 5.6557e+00  14 6.28251e-01  
 50.1 5.6558e+00  14 6.28253e-01  
 50.2 5.6566e+00  14 6.28267e-01  
 50.3 5.5721e+00  14 6.27163e-01  
 50.4 5.5751e+00  14 6.27188e-01  
 50.5 5.5769e+00  14 6.27204e-01  
 50.6 5.5792e+00  14 6.27225e-01  
 50.7 5.5811e+00  14 6.27243e-01  
 50.8 5.5793e+00  14 6.27227e-01  
 50.9 5.5809e+00  14 6.27241e-01  
 51.0 5.5824e+00  14 6.27255e-01  
 51.1 5.5831e+00  14 6.27262e-01  
 51.2 5.5849e+00  14 6.27280e-01  
 51.3 5.5875e+00  14 6.27305e-01  
 51.4 5.5880e+00  14 6.27310e-01  
 51.5 5.5923e+00  14 6.27355e-01  
 51.6 5.5928e+00  14 6.27361e-01  
 51.7 5.5955e+00  14 6.27390e-01  
 51.8 5.5975e+00  14 6.27412e-01  
 51.9 5.5992e+00  14 6.27432e-01  
 52.0 5.5971e+00  14 6.27409e-01  
 52.1 5.5986e+00  14 6.27426e-01  
 52.2 5.6001e+00  14 6.27442e-01  
 52.3 5.6015e+00  14 6.27459e-01  
 52.4 5.6034e+00  14 6.27481e-01  
 52.5 5.6030e+00  14 6.27476e-01  
 52.6 5.6055e+00  14 6.27507e-01  
 52.7 5.6068e+00  14 6.27523e-01  
 52.8 5.6067e+00  14 6.27522e-01  
 52.9 5.6114e+00  14 6.27580e-01  
 53.0 5.6136e+00  14 6.27610e-01  
 53.1 5.6064e+00  14 6.27518e-01  
 53.2 5.6117e+00  14 6.27584e-01  
 53.3 5.6132e+00  14 6.27604e-01  
 53.4 5.8222e+00  14 6.32249e-01  
 53.5 5.6448e+00  14 6.28067e-01  
 53.6 5.6472e+00  14 6.28108e-01  
 53.7 5.6475e+00  14 6.28113e-01  
 53.8 5.6471e+00  14 6.28106e-01  
 53.9 5.6490e+00  14 6.28137e-01  
 54.0 5.6485e+00  14 6.28129e-01  
 54.1 5.6511e+00  14 6.28172e-01  
 54.2 5.6510e+00  14 6.28171e-01  
 54.3 5.6531e+00  14 6.28206e-01  
 54.4 5.6515e+00  14 6.28178e-01  
 54.5 5.6499e+00  14 6.28152e-01  
 54.6 5.6532e+00  14 6.28209e-01  
 54.7 5.6535e+00  14 6.28212e-01  
 54.8 5.6528e+00  14 6.28201e-01  
 54.9 5.6552e+00  14 6.28243e-01  
 55.0 5.6565e+00  14 6.28265e-01  
 55.1 5.6564e+00  14 6.28264e-01  
 55.2 5.6567e+00  14 6.28269e-01  
 55.3 5.6598e+00  14 6.28323e-01  
 55.4 5.6607e+00  14 6.28340e-01  
 55.5 5.6587e+00  14 6.28304e-01  
 55.6 5.6592e+00  14 6.28313e-01  
 55.7 5.6597e+00  14 6.28322e-01  
 55.8 5.6602e+00  14 6.28331e-01  
 55.9 5.6612e+00  14 6.28348e-01  
 56.0 5.6621e+00  14 6.28364e-01  
 56.1 5.6641e+00  14 6.28402e-01  
 56.2 5.6660e+00  14 6.28435e-01  
 56.3 5.6621e+00  14 6.28364e-01  
 56.4 5.6630e+00  14 6.28382e-01  
 56.5 5.6639e+00  14 6.28398e-01  
 56.6 5.7453e+00  14 6.30153e-01  
 56.7 5.7395e+00  14 6.30012e-01  
 56.8 5.7400e+00  14 6.30025e-01  
 56.9 5.7467e+00  14 6.30188e-01  
 57.0 5.7449e+00  14 6.30144e-01  
 57.1 5.7512e+00  14 6.30302e-01  
 57.2 5.7512e+00  14 6.30301e-01  
 57.3 5.7578e+00  14 6.30468e-01  
 57.4 5.7606e+00  14 6.30542e-01  
 57.5 5.7597e+00  14 6.30518e-01  
 57.6 5.7652e+00  14 6.30659e-01  
 57.7 5.7612e+00  14 6.30555e-01  
 57.8 5.7615e+00  14 6.30564e-01  
 57.9 5.7607e+00  14 6.30542e-01  
 58.0 5.7612e+00  14 6.30557e-01  
 58.1 5.7622e+00  14 6.30581e-01  
 58.2 5.7653e+00  14 6.30663e-01  
 58.3 5.7677e+00  14 6.30726e-01  
 58.4 5.7652e+00  14 6.30659e-01  
 58.5 5.7640e+00  14 6.30629e-01  
 58.6 5.7646e+00  14 6.30643e-01  
 58.7 5.7651e+00  14 6.30657e-01  
 58.8 5.7656e+00  14 6.30671e-01  
 58.9 5.7663e+00  14 6.30689e-01  
 59.0 5.7651e+00  14 6.30656e-01  
 59.1 5.7662e+00  14 6.30686e-01  
 59.2 5.7667e+00  14 6.30699e-01  
 59.3 5.7651e+00  14 6.30657e-01  
 59.4 5.9058e+00  14 6.34916e-01  
 59.5 5.9098e+00  14 6.35052e-01  
 59.6 5.9134e+00  14 6.35176e-01  
 59.7 5.9162e+00  14 6.35271e-01  
 59.8 5.9120e+00  14 6.35126e-01  
 59.9 5.9140e+00  14 6.35195e-01  
 60.0 5.9139e+00  14 6.35191e-01  
 60.1 5.9143e+00  14 6.35206e-01  
 60.2 5.9151e+00  14 6.35234e-01  
 60.3 5.9150e+00  14 6.35230e-01  
 60.4 5.9168e+00  14 6.35293e-01  
 60.5 5.9183e+00  14 6.35345e-01  
 60.6 5.9136e+00  14 6.35181e-01  
 60.7 5.9130e+00  14 6.35161e-01  
 60.8 5.9125e+00  14 6.35143e-01  
 60.9 5.9121e+00  14 6.35129e-01  
 61.0 5.9118e+00  14 6.35121e-01  
 61.1 5.9118e+00  14 6.35121e-01  
 61.2 5.9155e+00  14 6.35247e-01  
 61.3 5.9169e+00  14 6.35295e-01  
 61.4 5.9113e+00  14 6.35104e-01  
 61.5 5.9111e+00  14 6.35097e-01  
 61.6 5.9110e+00  14 6.35091e-01  
 61.7 5.9110e+00  14 6.35092e-01  
 61.8 5.9111e+00  14 6.35098e-01  
 61.9 5.9113e+00  14 6.35101e-01  
 62.0 6.1079e+00  14 6.42601e-01  
 62.1 6.1081e+00  14 6.42608e-01  
 62.2 6.1084e+00  14 6.42619e-01  
 62.3 6.1096e+00  14 6.42669e-01  
 62.4 6.1090e+00  14 6.42647e-01  
 62.5 6.1119e+00  14 6.42766e-01  
 62.6 6.1137e+00  14 6.42840e-01  
 62.7 6.1050e+00  14 6.42480e-01  
 62.8 6.1031e+00  14 6.42402e-01  
 62.9 6.1014e+00  14 6.42329e-01  
 63.0 6.0996e+00  14 6.42255e-01  
 63.1 6.0978e+00  14 6.42183e-01  
 63.2 6.1002e+00  14 6.42281e-01  
 63.3 6.1023e+00  14 6.42369e-01  
 63.4 6.0916e+00  14 6.41925e-01  
 63.5 6.0894e+00  14 6.41836e-01  
 63.6 6.0864e+00  14 6.41712e-01  
 63.7 6.0895e+00  14 6.41840e-01  
 63.8 6.0885e+00  14 6.41798e-01  
 63.9 6.0876e+00  14 6.41762e-01  
 64.0 6.0883e+00  14 6.41791e-01  
 64.1 6.0848e+00  14 6.41650e-01  
 64.2 6.0831e+00  14 6.41579e-01  
 64.3 6.0807e+00  14 6.41482e-01  
 64.4 6.0786e+00  14 6.41398e-01  
 64.5 6.3054e+00  14 6.51240e-01  
 64.6 6.3109e+00  14 6.51476e-01  
 64.7 6.2990e+00  14 6.50963e-01  
 64.8 6.2956e+00  14 6.50819e-01  
 64.9 6.2912e+00  14 6.50632e-01  
 65.0 6.2840e+00  14 6.50317e-01  
 65.1 6.2860e+00  14 6.50409e-01  
 65.2 6.2872e+00  14 6.50463e-01  
 65.3 6.2741e+00  14 6.49866e-01  
 65.4 6.2761e+00  14 6.49956e-01  
 65.5 6.2707e+00  14 6.49709e-01  
 65.6 6.2697e+00  14 6.49665e-01  
 65.7 6.2666e+00  14 6.49522e-01  
 65.8 6.2598e+00  14 6.49212e-01  
 65.9 6.2653e+00  14 6.49463e-01  
 66.0 6.2545e+00  14 6.48973e-01  
 66.1 6.2521e+00  14 6.48864e-01  
 66.2 6.2498e+00  14 6.48761e-01  
 66.3 6.2477e+00  14 6.48665e-01  
 66.4 6.2455e+00  14 6.48569e-01  
 66.5 6.2435e+00  14 6.48478e-01  
 66.6 6.2445e+00  14 6.48522e-01  
 66.7 6.2461e+00  14 6.48593e-01  
 66.8 6.4896e+00  14 6.59463e-01  
 66.9 6.4846e+00  14 6.59228e-01  
 67.0 6.4796e+00  14 6.58999e-01  
 67.1 6.4744e+00  14 6.58762e-01  
 67.2 6.4678e+00  14 6.58455e-01  
 67.3 6.4661e+00  14 6.58377e-01  
 67.4 6.4618e+00  14 6.58181e-01  
 67.5 6.4558e+00  14 6.57906e-01  
 67.6 6.4464e+00  14 6.57477e-01  
 67.7 6.4426e+00  14 6.57306e-01  
 67.8 6.4441e+00  14 6.57372e-01  
 67.9 6.4435e+00  14 6.57346e-01  
 68.0 6.4359e+00  14 6.56997e-01  
 68.1 6.4382e+00  14 6.57105e-01  
 68.2 6.4366e+00  14 6.57033e-01  
 68.3 6.4315e+00  14 6.56801e-01  
 68.4 6.4324e+00  14 6.56841e-01  
 68.5 6.4325e+00  14 6.56845e-01  
 68.6 6.4263e+00  14 6.56564e-01  
 68.7 6.4268e+00  14 6.56587e-01  
 68.8 6.4208e+00  14 6.56316e-01  
 68.9 6.4159e+00  14 6.56094e-01  
 69.0 6.6900e+00  14 6.68994e-01  
 69.1 6.6892e+00  14 6.68952e-01  
 69.2 6.6852e+00  14 6.68760e-01  
 69.3 6.6763e+00  14 6.68326e-01  
 69.4 6.6788e+00  14 6.68445e-01  
 69.5 6.6722e+00  14 6.68128e-01  
 69.6 6.6728e+00  14 6.68155e-01  
 69.7 6.6705e+00  14 6.68043e-01  
 69.8 6.6686e+00  14 6.67953e-01  
 69.9 6.6604e+00  14 6.67554e-01  
 70.0 6.6548e+00  14 6.67283e-01  
 70.1 6.6506e+00  14 6.67081e-01  
 70.2 6.6510e+00  14 6.67099e-01  
 70.3 6.6504e+00  14 6.67073e-01  
 70.4 6.6387e+00  14 6.66506e-01  
 70.5 6.6307e+00  14 6.66123e-01  
 70.6 6.6307e+00  14 6.66122e-01  
 70.7 6.6288e+00  14 6.66028e-01  
 70.8 6.6256e+00  14 6.65877e-01  
 70.9 6.6196e+00  14 6.65587e-01  
 71.0 6.6156e+00  14 6.65396e-01  
 71.1 6.6141e+00  14 6.65324e-01  
 71.2 6.6047e+00  14 6.64877e-01  
 71.3 6.9126e+00  14 6.80093e-01  
 71.4 6.9077e+00  14 6.79846e-01  
 71.5 6.9011e+00  14 6.79511e-01  
 71.6 6.8986e+00  14 6.79382e-01  
 71.7 6.8935e+00  14 6.79126e-01  
 71.8 6.8852e+00  14 6.78705e-01  
 71.9 6.8825e+00  14 6.78567e-01  
 72.0 6.8786e+00  14 6.78369e-01  
 72.1 6.8736e+00  14 6.78116e-01  
 72.2 6.8678e+00  14 6.77824e-01  
 72.3 6.8611e+00  14 6.77485e-01  
 72.4 6.8520e+00  14 6.77029e-01  
 72.5 6.8529e+00  14 6.77072e-01  
 72.6 6.8475e+00  14 6.76801e-01  
 72.7 6.8395e+00  14 6.76400e-01  
 72.8 6.8370e+00  14 6.76270e-01  
 72.9 6.8318e+00  14 6.76010e-01  
 73.0 6.8227e+00  14 6.75555e-01  
 73.1 6.8120e+00  14 6.75017e-01  
 73.2 6.8057e+00  14 6.74703e-01  
 73.3 6.7973e+00  14 6.74281e-01  
 73.4 6.7842e+00  14 6.73631e-01  
 73.5 6.7784e+00  14 6.73341e-01  
 73.6 7.1299e+00  14 6.91292e-01  
 73.7 7.1120e+00  14 6.90355e-01  
 73.8 7.1087e+00  14 6.90188e-01  
 73.9 7.1041e+00  14 6.89946e-01  
 74.0 7.0983e+00  14 6.89646e-01  
 74.1 7.0921e+00  14 6.89323e-01  
 74.2 7.0858e+00  14 6.88995e-01  
 74.3 7.0795e+00  14 6.88667e-01  
 74.4 7.0714e+00  14 6.88250e-01  
 74.5 7.0620e+00  14 6.87760e-01  
 74.6 7.0609e+00  14 6.87706e-01  
 74.7 7.0543e+00  14 6.87362e-01  
 74.8 7.0429e+00  14 6.86771e-01  
 74.9 7.0410e+00  14 6.86677e-01  
 75.0 7.0339e+00  14 6.86308e-01  
 75.1 7.0259e+00  14 6.85895e-01  
 75.2 7.0138e+00  14 6.85273e-01  
 75.3 7.0126e+00  14 6.85212e-01  
 75.4 7.0068e+00  14 6.84915e-01  
 75.5 7.0008e+00  14 6.84603e-01  
 75.6 6.9940e+00  14 6.84257e-01  
 75.7 6.9859e+00  14 6.83840e-01  
 75.8 6.9817e+00  14 6.83625e-01  
 75.9 6.9792e+00  14 6.83492e-01  
 76.0 7.3430e+00  14 7.02521e-01  
 76.1 7.3397e+00  14 7.02344e-01  
 76.2 7.3329e+00  14 7.01984e-01  
 76.3 7.3221e+00  14 7.01410e-01  
 76.4 7.3241e+00  14 7.01514e-01  
 76.5 7.3173e+00  14 7.01156e-01  
 76.6 7.3077e+00  14 7.00646e-01  
 76.7 7.3090e+00  14 7.00713e-01  
 76.8 7.3030e+00  14 7.00392e-01  
 76.9 7.2925e+00  14 6.99838e-01  
 77.0 7.2876e+00  14 6.99580e-01  
 77.1 7.2843e+00  14 6.99403e-01  
 77.2 7.2828e+00  14 6.99322e-01  
 77.3 7.2659e+00  14 6.98428e-01  
 77.4 7.2561e+00  14 6.97912e-01  
 77.5 7.2459e+00  14 6.97375e-01  
 77.6 7.2378e+00  14 6.96948e-01  
 77.7 7.2333e+00  14 6.96710e-01  
 77.8 7.2210e+00  14 6.96061e-01  
 77.9 7.2224e+00  14 6.96131e-01  
 78.0 7.2139e+00  14 6.95686e-01  
 78.1 7.2052e+00  14 6.95232e-01  
 78.2 7.1966e+00  14 6.94778e-01  
 78.3 7.1876e+00  14 6.94306e-01  
 78.4 7.6040e+00  14 7.16499e-01  
 78.5 7.5906e+00  14 7.15775e-01  
 78.6 7.5751e+00  14 7.14943e-01  
 78.7 7.5671e+00  14 7.14510e-01  
 78.8 7.5588e+00  14 7.14066e-01  
 78.9 7.5516e+00  14 7.13679e-01  
 79.0 7.5443e+00  14 7.13286e-01  
 79.1 7.5467e+00  14 7.13413e-01  
 79.2 7.5418e+00  14 7.13152e-01  
 79.3 7.5291e+00  14 7.12469e-01  
 79.4 7.5235e+00  14 7.12170e-01  
 79.5 7.5085e+00  14 7.11362e-01  
 79.6 7.4939e+00  14 7.10578e-01  
 79.7 7.4728e+00  14 7.09449e-01  
 79.8 7.4615e+00  14 7.08840e-01  
 79.9 7.4541e+00  14 7.08448e-01  
 80.0 7.4445e+00  14 7.07932e-01  
 80.1 7.4333e+00  14 7.07332e-01  
 80.2 7.4194e+00  14 7.06592e-01  
 80.3 7.4136e+00  14 7.06281e-01  
 80.4 7.4017e+00  14 7.05645e-01  
 80.5 7.3923e+00  14 7.05145e-01  
 80.6 7.3772e+00  14 7.04340e-01  
 80.7 7.3701e+00  14 7.03959e-01  
 80.8 7.8295e+00  14 7.28706e-01  
 80.9 7.8237e+00  14 7.28391e-01  
 81.0 7.8115e+00  14 7.27725e-01  
 81.1 7.8022e+00  14 7.27223e-01  
 81.2 7.7933e+00  14 7.26736e-01  
 81.3 7.7835e+00  14 7.26204e-01  
 81.4 7.7715e+00  14 7.25554e-01  
 81.5 7.7627e+00  14 7.25074e-01  
 81.6 7.7541e+00  14 7.24608e-01  
 81.7 7.7450e+00  14 7.24114e-01  
 81.8 7.7363e+00  14 7.23645e-01  
 81.9 7.7277e+00  14 7.23181e-01  
 82.0 7.7188e+00  14 7.22697e-01  
 82.1 7.7105e+00  14 7.22250e-01  
 82.2 7.6962e+00  14 7.21476e-01  
 82.3 7.6988e+00  14 7.21618e-01  
 82.4 7.6765e+00  14 7.20412e-01  
 82.5 7.6653e+00  14 7.19805e-01  
 82.6 7.6550e+00  14 7.19248e-01  
 82.7 7.6447e+00  14 7.18694e-01  
 82.8 7.6337e+00  14 7.18102e-01  
 82.9 7.6247e+00  14 7.17616e-01  
 83.0 7.6216e+00  14 7.17445e-01  
 83.1 7.6096e+00  14 7.16799e-01  
 83.2 8.0957e+00  14 7.43223e-01  
 83.3 8.0972e+00  14 7.43306e-01  
 83.4 8.0715e+00  14 7.41900e-01  
 83.5 8.0675e+00  14 7.41681e-01  
 83.6 8.0591e+00  14 7.41224e-01  
 83.7 8.0455e+00  14 7.40479e-01  
 83.8 8.0469e+00  14 7.40557e-01  
 83.9 8.0354e+00  14 7.39928e-01  
 84.0 8.0106e+00  14 7.38574e-01  
 84.1 7.9974e+00  14 7.37856e-01  
 84.2 7.9773e+00  14 7.36756e-01  
 84.3 7.9630e+00  14 7.35977e-01  
 84.4 7.9501e+00  14 7.35276e-01  
 84.5 7.9439e+00  14 7.34936e-01  
 84.6 7.9310e+00  14 7.34235e-01  
 84.7 7.9283e+00  14 7.34084e-01  
 84.8 7.9136e+00  14 7.33284e-01  
 84.9 7.8972e+00  14 7.32390e-01  
 85.0 7.8786e+00  14 7.31380e-01  
 85.1 7.8653e+00  14 7.30654e-01  
 85.2 7.8566e+00  14 7.30179e-01  
 85.3 7.8451e+00  14 7.29554e-01  
 85.4 7.8315e+00  14 7.28816e-01  
 85.5 7.8275e+00  14 7.28594e-01  
 85.6 7.8149e+00  14 7.27910e-01  
 85.7 8.3456e+00  14 7.56890e-01  
 85.8 8.3386e+00  14 7.56506e-01  
 85.9 8.3293e+00  14 7.56000e-01  
 86.0 8.3194e+00  14 7.55459e-01  
 86.1 8.3067e+00  14 7.54761e-01  
 86.2 8.2945e+00  14 7.54093e-01  
 86.3 8.2786e+00  14 7.53223e-01  
 86.4 8.2573e+00  14 7.52059e-01  
 86.5 8.2443e+00  14 7.51346e-01  
 86.6 8.2272e+00  14 7.50415e-01  
 86.7 8.2088e+00  14 7.49407e-01  
 86.8 8.1901e+00  14 7.48386e-01  
 86.9 8.1801e+00  14 7.47838e-01  
 87.0 8.1702e+00  14 7.47296e-01  
 87.1 8.1604e+00  14 7.46758e-01  
 87.2 8.1505e+00  14 7.46220e-01  
 87.3 8.1416e+00  14 7.45730e-01  
 87.4 8.1347e+00  14 7.45353e-01  
 87.5 8.1280e+00  14 7.44988e-01  
 87.6 8.0986e+00  14 7.43382e-01  
 87.7 8.0991e+00  14 7.43410e-01  
 87.8 8.0812e+00  14 7.42428e-01  
 87.9 8.0704e+00  14 7.41843e-01  
 88.0 8.0586e+00  14 7.41197e-01  
 88.1 8.0485e+00  14 7.40647e-01  
 88.2 8.6292e+00  14 7.72435e-01  
 88.3 8.6163e+00  14 7.71725e-01  
 88.4 8.5984e+00  14 7.70746e-01  
 88.5 8.5868e+00  14 7.70108e-01  
 88.6 8.5603e+00  14 7.68657e-01  
 88.7 8.5444e+00  14 7.67788e-01  
 88.8 8.5335e+00  14 7.67189e-01  
 88.9 8.5216e+00  14 7.66535e-01  
 89.0 8.4981e+00  14 7.65250e-01  
 89.1 8.4837e+00  14 7.64460e-01  
 89.2 8.4609e+00  14 7.63207e-01  
 89.3 8.4517e+00  14 7.62703e-01  
 89.4 8.4386e+00  14 7.61985e-01  
 89.5 8.4218e+00  14 7.61065e-01  
 89.6 8.4040e+00  14 7.60090e-01  
 89.7 8.3955e+00  14 7.59620e-01  
 89.8 8.3979e+00  14 7.59754e-01  
 89.9 8.3797e+00  14 7.58757e-01  
 90.0 8.3622e+00  14 7.57799e-01  
 90.1 8.3401e+00  14 7.56588e-01  
 90.2 8.3288e+00  14 7.55972e-01  
 90.3 8.3165e+00  14 7.55297e-01  
 90.4 8.3011e+00  14 7.54454e-01  
 90.5 8.2916e+00  14 7.53934e-01  
 90.6 8.2793e+00  14 7.53265e-01  
 90.7 8.8979e+00  14 7.87142e-01  
 90.8 8.8964e+00  14 7.87063e-01  
 90.9 8.8552e+00  14 7.84807e-01  
 91.0 8.8452e+00  14 7.84260e-01  
 91.1 8.8297e+00  14 7.83414e-01  
 91.2 8.8124e+00  14 7.82465e-01  
 91.3 8.7944e+00  14 7.81481e-01  
 91.4 8.7708e+00  14 7.80193e-01  
 91.5 8.7564e+00  14 7.79402e-01  
 91.6 8.7283e+00  14 7.77862e-01  
 91.7 8.7130e+00  14 7.77028e-01  
 91.8 8.6925e+00  14 7.75904e-01  
 91.9 8.6685e+00  14 7.74588e-01  
 92.0 8.6690e+00  14 7.74616e-01  
 92.1 8.6579e+00  14 7.74007e-01  
 92.2 8.6462e+00  14 7.73368e-01  
 92.3 8.6362e+00  14 7.72818e-01  
 92.4 8.6286e+00  14 7.72399e-01  
 92.5 8.6218e+00  14 7.72031e-01  
 92.6 8.5870e+00  14 7.70123e-01  
 92.7 8.5880e+00  14 7.70174e-01  
 92.8 8.5681e+00  14 7.69083e-01  
 92.9 8.5552e+00  14 7.68378e-01  
 93.0 8.5464e+00  14 7.67894e-01  
 93.1 8.5361e+00  14 7.67333e-01  
 93.2 9.1813e+00  14 8.02617e-01  
 93.3 9.1634e+00  14 8.01640e-01  
 93.4 9.1391e+00  14 8.00311e-01  
 93.5 9.1214e+00  14 7.99350e-01  
 93.6 9.1007e+00  14 7.98220e-01  
 93.7 9.0862e+00  14 7.97429e-01  
 93.8 9.0755e+00  14 7.96843e-01  
 93.9 9.0629e+00  14 7.96156e-01  
 94.0 9.0278e+00  14 7.94241e-01  
 94.1 9.0112e+00  14 7.93336e-01  
 94.2 8.9936e+00  14 7.92373e-01  
 94.3 8.9807e+00  14 7.91669e-01  
 94.4 8.9649e+00  14 7.90807e-01  
 94.5 8.9476e+00  14 7.89860e-01  
 94.6 8.9275e+00  14 7.88762e-01  
 94.7 8.9094e+00  14 7.87774e-01  
 94.8 8.8936e+00  14 7.86908e-01  
 94.9 8.8924e+00  14 7.86845e-01  
 95.0 8.8607e+00  14 7.85110e-01  
 95.1 8.8482e+00  14 7.84424e-01  
 95.2 8.8375e+00  14 7.83844e-01  
 95.3 8.8238e+00  14 7.83089e-01  
 95.4 8.8096e+00  14 7.82314e-01  
 95.5 8.7912e+00  14 7.81308e-01  
 95.6 8.7613e+00  14 7.79673e-01  
 95.7 8.7465e+00  14 7.78862e-01  
 95.8 9.4579e+00  14 8.17675e-01  
 95.9 9.4369e+00  14 8.16536e-01  
 96.0 9.4212e+00  14 8.15680e-01  
 96.1 9.4011e+00  14 8.14590e-01  
 96.2 9.3800e+00  14 8.13440e-01  
 96.3 9.3484e+00  14 8.11723e-01  
 96.4 9.3347e+00  14 8.10977e-01  
 96.5 9.3120e+00  14 8.09741e-01  
 96.6 9.2886e+00  14 8.08467e-01  
 96.7 9.2651e+00  14 8.07187e-01  
 96.8 9.2411e+00  14 8.05876e-01  
 96.9 9.2170e+00  14 8.04562e-01  
 97.0 9.2038e+00  14 8.03842e-01  
 97.1 9.1892e+00  14 8.03046e-01  
 97.2 9.1772e+00  14 8.02393e-01  
 97.3 9.1732e+00  14 8.02176e-01  
 97.4 9.1618e+00  14 8.01551e-01  
 97.5 9.1360e+00  14 8.00142e-01  
 97.6 9.1253e+00  14 7.99559e-01  
 97.7 9.0996e+00  14 7.98159e-01  
 97.8 9.0838e+00  14 7.97298e-01  
 97.9 9.0708e+00  14 7.96588e-01  
 98.0 9.0620e+00  14 7.96110e-01  
 98.1 9.0268e+00  14 7.94186e-01  
 98.2 8.9989e+00  14 7.92665e-01  
 98.3 8.9891e+00  14 7.92128e-01  
 98.4 9.7391e+00  14 8.32907e-01  
 98.5 9.7080e+00  14 8.31226e-01  
 98.6 9.6937e+00  14 8.30455e-01  
 98.7 9.6833e+00  14 8.29892e-01  
 98.8 9.6470e+00  14 8.27929e-01  
 98.9 9.6309e+00  14 8.27058e-01  
 99.0 9.6118e+00  14 8.26025e-01  
 99.1 9.5959e+00  14 8.25164e-01  
 99.2 9.5695e+00  14 8.23733e-01  
 99.3 9.5472e+00  14 8.22524e-01  
 99.4 9.5370e+00  14 8.21967e-01  
 99.5 9.5156e+00  14 8.20809e-01  
 99.6 9.4886e+00  14 8.19342e-01  
 99.7 9.4710e+00  14 8.18386e-01  
 99.8 9.4596e+00  14 8.17770e-01  
 99.9 9.4379e+00  14 8.16586e-01  
100.0 9.4291e+00  14 8.16108e-01  
100.1 9.4128e+00  14 8.15224e-01  
100.2 9.3959e+00  14 8.14304e-01  
100.3 9.3762e+00  14 8.13237e-01  
100.4 9.3493e+00  14 8.11769e-01  
100.5 9.3126e+00  14 8.09771e-01  
100.6 9.2855e+00  14 8.08298e-01  
100.7 9.2644e+00  14 8.07146e-01  
100.8 9.2385e+00  14 8.05738e-01  
100.9 9.2193e+00  14 8.04686e-01  
101.0 1.0048e+01  14 8.49561e-01  
101.1 1.0024e+01  14 8.48243e-01  
101.2 9.9848e+00  14 8.46148e-01  
101.3 9.9626e+00  14 8.44953e-01  
101.4 9.9366e+00  14 8.43558e-01  
101.5 9.9108e+00  14 8.42169e-01  
101.6 9.8832e+00  14 8.40683e-01  
101.7 9.8475e+00  14 8.38760e-01  
101.8 9.8381e+00  14 8.38250e-01  
101.9 9.8233e+00  14 8.37454e-01  
102.0 9.8078e+00  14 8.36619e-01  
102.1 9.7953e+00  14 8.35942e-01  
102.2 9.7802e+00  14 8.35127e-01  
102.3 9.7471e+00  14 8.33340e-01  
102.4 9.7386e+00  14 8.32881e-01  
102.5 9.7183e+00  14 8.31784e-01  
102.6 9.6911e+00  14 8.30314e-01  
102.7 9.6792e+00  14 8.29673e-01  
102.8 9.6497e+00  14 8.28076e-01  
102.9 9.6333e+00  14 8.27188e-01  
103.0 9.6110e+00  14 8.25979e-01  
103.1 9.5912e+00  14 8.24905e-01  
103.2 9.5574e+00  14 8.23075e-01  
103.3 9.5419e+00  14 8.22236e-01  
103.4 9.5193e+00  14 8.21007e-01  
103.5 9.4892e+00  14 8.19375e-01  
103.6 1.0323e+01  14 8.64263e-01  
103.7 1.0312e+01  14 8.63700e-01  
103.8 1.0289e+01  14 8.62461e-01  
103.9 1.0255e+01  14 8.60642e-01  
104.0 1.0237e+01  14 8.59681e-01  
104.1 1.0217e+01  14 8.58616e-01  
104.2 1.0193e+01  14 8.57321e-01  
104.3 1.0165e+01  14 8.55810e-01  
104.4 1.0157e+01  14 8.55416e-01  
104.5 1.0126e+01  14 8.53750e-01  
104.6 1.0117e+01  14 8.53224e-01  
104.7 1.0092e+01  14 8.51920e-01  
104.8 1.0083e+01  14 8.51418e-01  
104.9 1.0063e+01  14 8.50351e-01  
105.0 1.0043e+01  14 8.49250e-01  
105.1 1.0022e+01  14 8.48124e-01  
105.2 9.9884e+00  14 8.46344e-01  
105.3 9.9609e+00  14 8.44862e-01  
105.4 9.9218e+00  14 8.42761e-01  
105.5 9.9005e+00  14 8.41611e-01  
105.6 9.8660e+00  14 8.39753e-01  
105.7 9.8376e+00  14 8.38227e-01  
105.8 9.8228e+00  14 8.37425e-01  
105.9 9.8046e+00  14 8.36444e-01  
106.0 9.7868e+00  14 8.35487e-01  
106.1 9.7452e+00  14 8.33236e-01  
106.2 9.7390e+00  14 8.32906e-01  
106.3 1.0633e+01  14 8.80801e-01  
106.4 1.0601e+01  14 8.79102e-01  
106.5 1.0565e+01  14 8.77185e-01  
106.6 1.0546e+01  14 8.76142e-01  
106.7 1.0527e+01  14 8.75174e-01  
106.8 1.0510e+01  14 8.74223e-01  
106.9 1.0492e+01  14 8.73279e-01  
107.0 1.0476e+01  14 8.72462e-01  
107.1 1.0438e+01  14 8.70421e-01  
107.2 1.0420e+01  14 8.69473e-01  
107.3 1.0393e+01  14 8.68012e-01  
107.4 1.0375e+01  14 8.67037e-01  
107.5 1.0363e+01  14 8.66400e-01  
107.6 1.0321e+01  14 8.64170e-01  
107.7 1.0306e+01  14 8.63387e-01  
107.8 1.0286e+01  14 8.62315e-01  
107.9 1.0244e+01  14 8.60065e-01  
108.0 1.0222e+01  14 8.58888e-01  
108.1 1.0194e+01  14 8.57394e-01  
108.2 1.0158e+01  14 8.55473e-01  
108.3 1.0143e+01  14 8.54661e-01  
108.4 1.0113e+01  14 8.53032e-01  
108.5 1.0092e+01  14 8.51905e-01  
108.6 1.0082e+01  14 8.51377e-01  
108.7 1.0059e+01  14 8.50119e-01  
108.8 1.0034e+01  14 8.48779e-01  
108.9 1.0003e+01  14 8.47143e-01  
109.0 1.0943e+01  14 8.97161e-01  
109.1 1.0915e+01  14 8.95700e-01  
109.2 1.0882e+01  14 8.93953e-01  
109.3 1.0861e+01  14 8.92838e-01  
109.4 1.0851e+01  14 8.92316e-01  
109.5 1.0795e+01  14 8.89366e-01  
109.6 1.0774e+01  14 8.88259e-01  
109.7 1.0752e+01  14 8.87095e-01  
109.8 1.0724e+01  14 8.85599e-01  
109.9 1.0709e+01  14 8.84825e-01  
110.0 1.0710e+01  14 8.84868e-01  
110.1 1.0678e+01  14 8.83143e-01  
110.2 1.0645e+01  14 8.81406e-01  
110.3 1.0613e+01  14 8.79719e-01  
110.4 1.0580e+01  14 8.77946e-01  
110.5 1.0548e+01  14 8.76268e-01  
110.6 1.0525e+01  14 8.75032e-01  
110.7 1.0502e+01  14 8.73795e-01  
110.8 1.0489e+01  14 8.73126e-01  
110.9 1.0443e+01  14 8.70685e-01  
111.0 1.0420e+01  14 8.69442e-01  
111.1 1.0391e+01  14 8.67933e-01  
111.2 1.0380e+01  14 8.67319e-01  
111.3 1.0323e+01  14 8.64265e-01  
111.4 1.0308e+01  14 8.63499e-01  
111.5 1.0286e+01  14 8.62323e-01  
111.6 1.0247e+01  14 8.60191e-01  
111.7 1.1270e+01  14 9.14277e-01  
111.8 1.1223e+01  14 9.11860e-01  
111.9 1.1202e+01  14 9.10752e-01  
112.0 1.1178e+01  14 9.09468e-01  
112.1 1.1161e+01  14 9.08616e-01  
112.2 1.1146e+01  14 9.07808e-01  
112.3 1.1079e+01  14 9.04278e-01  
112.4 1.1071e+01  14 9.03875e-01  
112.5 1.1049e+01  14 9.02693e-01  
112.6 1.1016e+01  14 9.01006e-01  
112.7 1.0999e+01  14 9.00088e-01  
112.8 1.0977e+01  14 8.98918e-01  
112.9 1.0952e+01  14 8.97649e-01  
113.0 1.0918e+01  14 8.95835e-01  
113.1 1.0875e+01  14 8.93583e-01  
113.2 1.0839e+01  14 8.91679e-01  
113.3 1.0813e+01  14 8.90298e-01  
113.4 1.0777e+01  14 8.88400e-01  
113.5 1.0749e+01  14 8.86934e-01  
113.6 1.0714e+01  14 8.85054e-01  
113.7 1.0723e+01  14 8.85545e-01  
113.8 1.0685e+01  14 8.83555e-01  
113.9 1.0643e+01  14 8.81329e-01  
114.0 1.0599e+01  14 8.78969e-01  
114.1 1.0577e+01  14 8.77797e-01  
114.2 1.0549e+01  14 8.76310e-01  
114.3 1.0529e+01  14 8.75266e-01  
114.4 1.0510e+01  14 8.74222e-01  
114.5 1.1564e+01  14 9.29584e-01  
114.6 1.1533e+01  14 9.27989e-01  
114.7 1.1490e+01  14 9.25766e-01  
114.8 1.1469e+01  14 9.24688e-01  
114.9 1.1466e+01  14 9.24491e-01  
115.0 1.1426e+01  14 9.22423e-01  
115.1 1.1385e+01  14 9.20319e-01  
115.2 1.1344e+01  14 9.18184e-01  
115.3 1.1329e+01  14 9.17390e-01  
115.4 1.1310e+01  14 9.16362e-01  
115.5 1.1290e+01  14 9.15355e-01  
115.6 1.1270e+01  14 9.14286e-01  
115.7 1.1209e+01  14 9.11092e-01  
115.8 1.1191e+01  14 9.10170e-01  
115.9 1.1160e+01  14 9.08567e-01  
116.0 1.1145e+01  14 9.07777e-01  
116.1 1.1078e+01  14 9.04249e-01  
116.2 1.1047e+01  14 9.02613e-01  
116.3 1.1019e+01  14 9.01123e-01  
116.4 1.0999e+01  14 9.00074e-01  
116.5 1.0971e+01  14 8.98633e-01  
116.6 1.0942e+01  14 8.97098e-01  
116.7 1.0911e+01  14 8.95466e-01  
116.8 1.0871e+01  14 8.93367e-01  
116.9 1.0841e+01  14 8.91757e-01  
117.0 1.0820e+01  14 8.90656e-01  
117.1 1.0783e+01  14 8.88712e-01  
117.2 1.0762e+01  14 8.87580e-01  
117.3 1.1885e+01  14 9.46195e-01  
117.4 1.1847e+01  14 9.44238e-01  
117.5 1.1823e+01  14 9.42992e-01  
117.6 1.1796e+01  14 9.41568e-01  
117.7 1.1766e+01  14 9.40034e-01  
117.8 1.1743e+01  14 9.38837e-01  
117.9 1.1710e+01  14 9.37160e-01  
118.0 1.1672e+01  14 9.35174e-01  
118.1 1.1636e+01  14 9.33305e-01  
118.2 1.1618e+01  14 9.32388e-01  
118.3 1.1583e+01  14 9.30595e-01  
118.4 1.1546e+01  14 9.28679e-01  
118.5 1.1500e+01  14 9.26261e-01  
118.6 1.1490e+01  14 9.25784e-01  
118.7 1.1451e+01  14 9.23707e-01  
118.8 1.1405e+01  14 9.21344e-01  
118.9 1.1358e+01  14 9.18892e-01  
119.0 1.1327e+01  14 9.17282e-01  
119.1 1.1299e+01  14 9.15829e-01  
119.2 1.1277e+01  14 9.14686e-01  
119.3 1.1263e+01  14 9.13952e-01  
119.4 1.1213e+01  14 9.11302e-01  
119.5 1.1190e+01  14 9.10096e-01  
119.6 1.1160e+01  14 9.08530e-01  
119.7 1.1148e+01  14 9.07917e-01  
119.8 1.1081e+01  14 9.04378e-01  
119.9 1.1069e+01  14 9.03790e-01  
120.0 1.1037e+01  14 9.02096e-01  
120.1 1.1012e+01  14 9.00800e-01  
120.2 1.2181e+01  14 9.61314e-01  
120.3 1.2159e+01  14 9.60193e-01  
120.4 1.2111e+01  14 9.57735e-01  
120.5 1.2089e+01  14 9.56643e-01  
120.6 1.2061e+01  14 9.55196e-01  
120.7 1.2044e+01  14 9.54328e-01  
120.8 1.2028e+01  14 9.53500e-01  
120.9 1.1946e+01  14 9.49328e-01  
121.0 1.1928e+01  14 9.48363e-01  
121.1 1.1891e+01  14 9.46494e-01  
121.2 1.1847e+01  14 9.44236e-01  
121.3 1.1816e+01  14 9.42621e-01  
121.4 1.1780e+01  14 9.40776e-01  
121.5 1.1739e+01  14 9.38647e-01  
121.6 1.1709e+01  14 9.37106e-01  
121.7 1.1664e+01  14 9.34787e-01  
121.8 1.1632e+01  14 9.33104e-01  
121.9 1.1603e+01  14 9.31625e-01  
122.0 1.1571e+01  14 9.29956e-01  
122.1 1.1537e+01  14 9.28225e-01  
122.2 1.1492e+01  14 9.25864e-01  
122.3 1.1489e+01  14 9.25730e-01  
122.4 1.1458e+01  14 9.24088e-01  
122.5 1.1402e+01  14 9.21208e-01  
122.6 1.1376e+01  14 9.19827e-01  
122.7 1.1334e+01  14 9.17635e-01  
122.8 1.1312e+01  14 9.16510e-01  
122.9 1.1293e+01  14 9.15481e-01  
123.0 1.2515e+01  14 9.78314e-01  
123.1 1.2486e+01  14 9.76831e-01  
123.2 1.2451e+01  14 9.75048e-01  
123.3 1.2417e+01  14 9.73328e-01  
123.4 1.2391e+01  14 9.72013e-01  
123.5 1.2354e+01  14 9.70168e-01  
123.6 1.2342e+01  14 9.69559e-01  
123.7 1.2283e+01  14 9.66545e-01  
123.8 1.2233e+01  14 9.63967e-01  
123.9 1.2202e+01  14 9.62382e-01  
124.0 1.2167e+01  14 9.60612e-01  
124.1 1.2154e+01  14 9.59961e-01  
124.2 1.2093e+01  14 9.56858e-01  
124.3 1.2060e+01  14 9.55173e-01  
124.4 1.2032e+01  14 9.53696e-01  
124.5 1.1975e+01  14 9.50804e-01  
124.6 1.1946e+01  14 9.49295e-01  
124.7 1.1902e+01  14 9.47063e-01  
124.8 1.1884e+01  14 9.46135e-01  
124.9 1.1844e+01  14 9.44069e-01  
125.0 1.1815e+01  14 9.42578e-01  
125.1 1.1782e+01  14 9.40869e-01  
125.2 1.1746e+01  14 9.38999e-01  
125.3 1.1720e+01  14 9.37692e-01  
125.4 1.1677e+01  14 9.35436e-01  
125.5 1.1636e+01  14 9.33332e-01  
125.6 1.1621e+01  14 9.32566e-01  
125.7 1.1593e+01  14 9.31111e-01  
125.8 1.1564e+01  14 9.29592e-01  
125.9 1.2850e+01  14 9.95206e-01  
126.0 1.2814e+01  14 9.93380e-01  
126.1 1.2785e+01  14 9.91954e-01  
126.2 1.2754e+01  14 9.90375e-01  
126.3 1.2715e+01  14 9.88424e-01  
126.4 1.2670e+01  14 9.86167e-01  
126.5 1.2630e+01  14 9.84149e-01  
126.6 1.2580e+01  14 9.81621e-01  
126.7 1.2529e+01  14 9.79009e-01  
126.8 1.2500e+01  14 9.77575e-01  
126.9 1.2457e+01  14 9.75390e-01  
127.0 1.2418e+01  14 9.73390e-01  
127.1 1.2374e+01  14 9.71156e-01  
127.2 1.2374e+01  14 9.71159e-01  
127.3 1.2304e+01  14 9.67590e-01  
127.4 1.2262e+01  14 9.65469e-01  
127.5 1.2223e+01  14 9.63492e-01  
127.6 1.2184e+01  14 9.61497e-01  
127.7 1.2170e+01  14 9.60750e-01  
127.8 1.2154e+01  14 9.59953e-01  
127.9 1.2095e+01  14 9.56925e-01  
128.0 1.2072e+01  14 9.55761e-01  
128.1 1.2044e+01  14 9.54338e-01  
128.2 1.2025e+01  14 9.53384e-01  
128.3 1.1946e+01  14 9.49291e-01  
128.4 1.1935e+01  14 9.48733e-01  
128.5 1.1899e+01  14 9.46888e-01  
128.6 1.1879e+01  14 9.45846e-01  
128.7 1.1842e+01  14 9.43968e-01  
128.8 1.1816e+01  14 9.42630e-01  
128.9 1.2856e+01  14 9.95487e-01  
129.0 1.2819e+01  14 9.93668e-01  
129.1 1.2783e+01  14 9.91851e-01  
129.2 1.2735e+01  14 9.89418e-01  
129.3 1.2693e+01  14 9.87311e-01  
129.4 1.2927e+01  14 9.99064e-01  
129.5 1.2894e+01  14 9.97434e-01  
129.6 1.2858e+01  14 9.95600e-01  
129.7 1.2815e+01  14 9.93441e-01  
129.8 1.2779e+01  14 9.91638e-01  
129.9 1.2740e+01  14 9.89656e-01  
130.0 1.2699e+01  14 9.87601e-01  
130.1 1.2655e+01  14 9.85382e-01  
130.2 1.2589e+01  14 9.82037e-01  
130.3 1.2573e+01  14 9.81254e-01  
130.4 1.2526e+01  14 9.78889e-01  
130.5 1.2499e+01  14 9.77512e-01  
130.6 1.2461e+01  14 9.75590e-01  
130.7 1.2416e+01  14 9.73310e-01  
130.8 1.2388e+01  14 9.71861e-01  
130.9 1.2347e+01  14 9.69813e-01  
131.0 1.2342e+01  14 9.69510e-01  
131.1 1.2283e+01  14 9.66509e-01  
131.2 1.2242e+01  14 9.64450e-01  
131.3 1.2205e+01  14 9.62574e-01  
131.4 1.2184e+01  14 9.61481e-01  
131.5 1.2169e+01  14 9.60743e-01  
131.6 1.2154e+01  14 9.59959e-01  
131.7 1.2094e+01  14 9.56898e-01  
131.8 1.2075e+01  14 9.55919e-01  
131.9 1.2868e+01  14 9.96100e-01  
132.0 1.2821e+01  14 9.93767e-01  
132.1 1.2780e+01  14 9.91698e-01  
132.2 1.2734e+01  14 9.89356e-01  
132.3 1.2968e+01  14 1.00000e+00  
132.4 1.2906e+01  14 9.98015e-01  
132.5 1.2878e+01  14 9.96618e-01  
132.6 1.2854e+01  14 9.95401e-01  
132.7 1.2806e+01  14 9.92976e-01  
132.8 1.2769e+01  14 9.91144e-01  
132.9 1.2722e+01  14 9.88791e-01  
133.0 1.2682e+01  14 9.86731e-01  
133.1 1.2911e+01  14 9.98265e-01  
133.2 1.2893e+01  14 9.97367e-01  
133.3 1.2858e+01  14 9.95617e-01  
133.4 1.2817e+01  14 9.93562e-01  
133.5 1.2785e+01  14 9.91935e-01  
133.6 1.2749e+01  14 9.90141e-01  
133.7 1.2713e+01  14 9.88310e-01  
133.8 1.2676e+01  14 9.86426e-01  
133.9 1.2632e+01  14 9.84252e-01  
134.0 1.2589e+01  14 9.82081e-01  
134.1 1.2563e+01  14 9.80754e-01  
134.2 1.2522e+01  14 9.78656e-01  
134.3 1.2495e+01  14 9.77302e-01  
134.4 1.2461e+01  14 9.75561e-01  
134.5 1.2418e+01  14 9.73397e-01  
134.6 1.2398e+01  14 9.72361e-01  
134.7 1.2350e+01  14 9.69927e-01  
134.8 1.2794e+01  14 9.92385e-01  
134.9 1.2909e+01  14 9.98156e-01  
135.0 1.2867e+01  14 9.96050e-01  
135.1 1.2810e+01  14 9.93171e-01  
135.2 1.2760e+01  14 9.90674e-01  
135.3 1.2974e+01  14 1.00000e+00  
135.4 1.2938e+01  14 9.99610e-01  
135.5 1.2906e+01  14 9.98014e-01  
135.6 1.2864e+01  14 9.95928e-01  
135.7 1.2818e+01  14 9.93617e-01  
135.8 1.2778e+01  14 9.91590e-01  
135.9 1.2733e+01  14 9.89298e-01  
136.0 1.2687e+01  14 9.86986e-01  
136.1 1.2927e+01  14 9.99050e-01  
136.2 1.2886e+01  14 9.97004e-01  
136.3 1.2857e+01  14 9.95559e-01  
136.4 1.2817e+01  14 9.93570e-01  
136.5 1.2779e+01  14 9.91647e-01  
136.6 1.2745e+01  14 9.89904e-01  
136.7 1.2709e+01  14 9.88128e-01  
136.8 1.2944e+01  14 9.99936e-01  
136.9 1.2910e+01  14 9.98203e-01  
137.0 1.2871e+01  14 9.96248e-01  
137.1 1.2855e+01  14 9.95453e-01  
137.2 1.2817e+01  14 9.93555e-01  
137.3 1.2788e+01  14 9.92099e-01  
137.4 1.2756e+01  14 9.90456e-01  
137.5 1.2719e+01  14 9.88631e-01  
137.6 1.2673e+01  14 9.86306e-01  
137.7 1.2631e+01  14 9.84178e-01  
137.8 1.2708e+01  14 9.88084e-01  
137.9 1.2906e+01  14 9.98004e-01  
138.0 1.2868e+01  14 9.96118e-01  
138.1 1.2821e+01  14 9.93723e-01  
138.2 1.2789e+01  14 9.92147e-01  
138.3 1.2903e+01  14 9.97846e-01  
138.4 1.2849e+01  14 9.95165e-01  
138.5 1.2809e+01  14 9.93162e-01  
138.6 1.2753e+01  14 9.90344e-01  
138.7 1.2701e+01  14 9.87708e-01  
138.8 1.2822e+01  14 9.93784e-01  
138.9 1.2769e+01  14 9.91152e-01  
139.0 1.2718e+01  14 9.88586e-01  
139.1 1.2682e+01  14 9.86737e-01  
139.2 1.2910e+01  14 9.98193e-01  
139.3 1.2869e+01  14 9.96142e-01  
139.4 1.2842e+01  14 9.94818e-01  
139.5 1.2797e+01  14 9.92564e-01  
139.6 1.2758e+01  14 9.90561e-01  
139.7 1.2724e+01  14 9.88843e-01  
139.8 1.2967e+01  14 1.00000e+00  
139.9 1.2906e+01  14 9.98020e-01  
140.0 1.2893e+01  14 9.97384e-01  
140.1 1.2862e+01  14 9.95789e-01  
140.2 1.2819e+01  14 9.93643e-01  
140.3 1.2791e+01  14 9.92242e-01  
140.4 1.2748e+01  14 9.90067e-01  
140.5 1.2704e+01  14 9.87863e-01  
140.6 1.2658e+01  14 9.85523e-01  
140.7 1.2903e+01  14 9.97860e-01  
140.8 1.2862e+01  14 9.95804e-01  
140.9 1.2936e+01  14 9.99504e-01  
141.0 1.2900e+01  14 9.97725e-01  
141.1 1.2847e+01  14 9.95062e-01  
141.2 1.2808e+01  14 9.93072e-01  
141.3 1.2907e+01  14 9.98047e-01  
141.4 1.2874e+01  14 9.96395e-01  
141.5 1.2842e+01  14 9.94809e-01  
141.6 1.2789e+01  14 9.92158e-01  
141.7 1.2908e+01  14 9.98093e-01  
141.8 1.2862e+01  14 9.95804e-01  
141.9 1.2811e+01  14 9.93260e-01  
142.0 1.2772e+01  14 9.91297e-01  
142.1 1.2723e+01  14 9.88820e-01  
142.2 1.2843e+01  14 9.94857e-01  
142.3 1.2792e+01  14 9.92296e-01  
142.4 1.2745e+01  14 9.89911e-01  
142.5 1.2973e+01  14 1.00000e+00  
142.6 1.2933e+01  14 9.99345e-01  
142.7 1.2907e+01  14 9.98055e-01  
142.8 1.2971e+01  14 1.00000e+00  
142.9 1.2669e+01  14 9.86118e-01  
143.0 1.2907e+01  14 9.98080e-01  
143.1 1.2872e+01  14 9.96309e-01  
143.2 1.2851e+01  14 9.95260e-01  
143.3 1.2813e+01  14 9.93369e-01  
143.4 1.2759e+01  14 9.90649e-01  
143.5 1.2709e+01  14 9.88138e-01  
143.6 1.2666e+01  14 9.85921e-01  
143.7 1.2907e+01  14 9.98042e-01  
143.8 1.2862e+01  14 9.95806e-01  
143.9 1.2695e+01  14 9.87419e-01  
144.0 1.2909e+01  14 9.98159e-01  
144.1 1.2869e+01  14 9.96134e-01  
144.2 1.2826e+01  14 9.93984e-01  
144.3 1.2681e+01  14 9.86713e-01  
144.4 1.2907e+01  14 9.98073e-01  
144.5 1.2866e+01  14 9.96031e-01  
144.6 1.2840e+01  14 9.94710e-01  
144.7 1.2682e+01  14 9.86758e-01  
144.8 1.2909e+01  14 9.98186e-01  
144.9 1.2866e+01  14 9.95989e-01  
145.0 1.2818e+01  14 9.93587e-01  
145.1 1.2781e+01  14 9.91744e-01  
145.2 1.2733e+01  14 9.89336e-01  
145.3 1.2856e+01  14 9.95528e-01  
145.4 1.2807e+01  14 9.93062e-01  
145.5 1.2763e+01  14 9.90812e-01  
145.6 1.2730e+01  14 9.89164e-01  
145.7 1.2967e+01  14 1.00000e+00  
145.8 1.2801e+01  14 9.92721e-01  
145.9 1.2755e+01  14 9.90444e-01  
146.0 1.2715e+01  14 9.88409e-01  
146.1 1.2665e+01  14 9.85896e-01  
146.2 1.2909e+01  14 9.98186e-01  
146.3 1.2730e+01  14 9.89168e-01  
146.4 1.2671e+01  14 9.86215e-01  
146.5 1.2906e+01  14 9.98011e-01  
146.6 1.2862e+01  14 9.95784e-01  
146.7 1.2813e+01  14 9.93343e-01  
146.8 1.2877e+01  14 9.96572e-01  
146.9 1.2847e+01  14 9.95033e-01  
147.0 1.2668e+01  14 9.86042e-01  
147.1 1.2909e+01  14 9.98153e-01  
147.2 1.2860e+01  14 9.95710e-01  
147.3 1.2739e+01  14 9.89646e-01  
147.4 1.2682e+01  14 9.86746e-01  
147.5 1.2906e+01  14 9.98027e-01  
147.6 1.2867e+01  14 9.96073e-01  
147.7 1.2843e+01  14 9.94832e-01  
147.8 1.2693e+01  14 9.87296e-01  
147.9 1.2905e+01  14 9.97975e-01  
148.0 1.2869e+01  14 9.96142e-01  
148.1 1.2844e+01  14 9.94891e-01  
148.2 1.2794e+01  14 9.92388e-01  
148.3 1.2910e+01  14 9.98204e-01  
148.4 1.2868e+01  14 9.96126e-01  
148.5 1.2824e+01  14 9.93877e-01  
148.6 1.2798e+01  14 9.92605e-01  
148.7 1.2753e+01  14 9.90335e-01  
148.8 1.2868e+01  14 9.96121e-01  
148.9 1.2824e+01  14 9.93902e-01  
149.0 1.2785e+01  14 9.91959e-01  
149.1 1.2747e+01  14 9.90032e-01  
149.2 1.2708e+01  14 9.88059e-01  
149.3 1.2658e+01  14 9.85553e-01  
149.4 1.2757e+01  14 9.90547e-01  
149.5 1.2702e+01  14 9.87741e-01  
149.6 1.2937e+01  14 9.99554e-01  
149.7 1.2884e+01  14 9.96914e-01  
149.8 1.2698e+01  14 9.87544e-01  
149.9 1.2921e+01  14 9.98740e-01  
150.0 1.2873e+01  14 9.96350e-01  
