 15.1 1.4093e+00  13 4.32667e-02  
 15.2 1.4169e+00  13 4.37085e-02  
 15.3 1.4246e+00  13 4.41459e-02  
 15.4 1.4322e+00  13 4.45795e-02  
 15.5 1.4399e+00  13 4.50088e-02  
 15.6 1.4475e+00  13 4.54345e-02  
 15.7 1.4552e+00  13 4.58557e-02  
 15.8 1.4628e+00  13 4.62739e-02  
 15.9 1.4705e+00  13 4.66884e-02  
 16.0 1.4781e+00  13 4.70993e-02  
 16.1 1.4858e+00  13 4.75070e-02  
 16.2 1.4934e+00  13 4.79110e-02  
 16.3 1.5011e+00  13 4.83121e-02  
 16.4 1.5087e+00  13 4.87099e-02  
 16.5 1.5164e+00  13 4.91046e-02  
 16.6 1.5240e+00  13 4.94964e-02  
 16.7 1.5317e+00  13 4.98851e-02  
 16.8 1.5393e+00  13 5.02712e-02  
 16.9 1.5470e+00  13 5.06546e-02  
 17.0 1.5547e+00  13 5.10350e-02  
 17.1 1.5623e+00  13 5.14133e-02  
 17.2 1.5699e+00  13 5.17887e-02  
 17.3 1.5776e+00  13 5.21582e-02  
 17.4 1.5852e+00  13 5.25206e-02  
 17.5 1.5929e+00  13 5.28882e-02  
 17.6 1.6005e+00  13 5.32980e-02  
 17.7 1.6082e+00  13 5.36623e-02  
 17.8 1.6158e+00  13 5.40244e-02  
 17.9 1.6235e+00  13 5.43844e-02  
 18.0 1.6311e+00  13 5.47428e-02  
 18.1 1.6387e+00  13 5.50991e-02  
 18.2 1.6464e+00  13 5.54537e-02  
 18.3 1.6540e+00  13 5.58067e-02  
 18.4 1.6616e+00  13 5.61579e-02  
 18.5 1.6693e+00  13 5.64939e-02  
 18.6 1.6769e+00  13 5.68929e-02  
 18.7 1.6845e+00  13 5.72398e-02  
 18.8 1.6922e+00  13 5.75853e-02  
 18.9 1.6998e+00  13 5.79294e-02  
 19.0 1.7074e+00  13 5.82724e-02  
 19.1 1.7151e+00  13 5.86142e-02  
 19.2 1.7235e+00  13 5.90273e-02  
 19.3 1.7355e+00  13 5.97913e-02  
 19.4 1.7476e+00  13 6.04956e-02  
 19.5 1.7598e+00  13 6.12160e-02  
 19.6 1.7721e+00  13 6.19415e-02  
 19.7 1.7844e+00  13 6.26719e-02  
 19.8 1.7968e+00  13 6.34076e-02  
 19.9 1.8094e+00  13 6.42134e-02  
 20.0 1.8220e+00  13 6.49624e-02  
 20.1 1.8347e+00  13 6.56970e-02  
 20.2 1.8474e+00  13 6.64546e-02  
 20.3 1.8603e+00  13 6.72180e-02  
 20.4 1.8733e+00  13 6.79878e-02  
 20.5 1.8863e+00  13 6.88360e-02  
 20.6 1.8995e+00  13 6.96208e-02  
 20.7 1.9127e+00  13 7.03908e-02  
 20.8 1.6126e+01  14 1.00000e+00  
 20.9 1.6156e+01  14 1.00000e+00  
 21.0 1.6202e+01  14 1.00000e+00  
 21.1 1.6247e+01  14 1.00000e+00  
 21.2 1.6292e+01  14 1.00000e+00  
 21.3 1.6341e+01  14 1.00000e+00  
 21.4 1.6368e+01  14 1.00000e+00  
 21.5 1.6411e+01  14 1.00000e+00  
 21.6 1.6453e+01  14 1.00000e+00  
 21.7 1.6494e+01  14 1.00000e+00  
 21.8 1.6517e+01  14 1.00000e+00  
 21.9 1.6562e+01  14 1.00000e+00  
 22.0 1.6602e+01  14 1.00000e+00  
 22.1 1.6623e+01  14 1.00000e+00  
 22.2 1.6661e+01  14 1.00000e+00  
 22.3 1.6697e+01  14 1.00000e+00  
 22.4 1.6718e+01  14 1.00000e+00  
 22.5 1.6757e+01  14 1.00000e+00  
 22.6 1.6792e+01  14 1.00000e+00  
 22.7 1.6807e+01  14 1.00000e+00  
 22.8 1.6840e+01  14 1.00000e+00  
 22.9 1.6854e+01  14 1.00000e+00  
 23.0 1.6891e+01  14 1.00000e+00  
 23.1 1.6903e+01  14 1.00000e+00  
 23.2 1.6933e+01  14 1.00000e+00  
 23.3 1.6943e+01  14 1.00000e+00  
 23.4 1.6952e+01  14 1.00000e+00  
 23.5 1.6967e+01  14 1.00000e+00  
 23.6 1.6888e+01  14 1.00000e+00  
 23.7 1.6912e+01  14 1.00000e+00  
 23.8 1.6935e+01  14 1.00000e+00  
 23.9 1.6957e+01  14 1.00000e+00  
 24.0 5.5711e+00  14 2.90403e-01  
 24.1 5.6585e+00  14 2.95459e-01  
 24.2 5.7465e+00  14 3.00551e-01  
 24.3 5.8349e+00  14 3.05676e-01  
 24.4 5.9238e+00  14 3.10832e-01  
 24.5 6.0134e+00  14 3.15897e-01  
 24.6 6.1031e+00  14 3.21108e-01  
 24.7 6.1932e+00  14 3.26351e-01  
 24.8 6.2837e+00  14 3.31622e-01  
 24.9 6.3746e+00  14 3.36925e-01  
 25.0 6.4664e+00  14 3.42139e-01  
 25.1 6.5580e+00  14 3.47496e-01  
 25.2 6.6498e+00  14 3.52882e-01  
 25.3 6.7420e+00  14 3.58299e-01  
 25.4 6.8346e+00  14 3.63711e-01  
 25.5 6.9280e+00  14 3.69096e-01  
 25.6 7.0210e+00  14 3.74590e-01  
 25.7 7.1142e+00  14 3.80112e-01  
 25.8 7.2075e+00  14 3.85668e-01  
 25.9 7.3022e+00  14 3.91135e-01  
 26.0 7.3960e+00  14 3.96733e-01  
 26.1 7.4900e+00  14 4.02357e-01  
 26.2 7.5840e+00  14 4.08013e-01  
 26.3 7.6780e+00  14 4.13692e-01  
 26.4 7.7738e+00  14 4.19285e-01  
 26.5 7.8682e+00  14 4.25007e-01  
 26.6 7.9626e+00  14 4.30753e-01  
 26.7 8.0569e+00  14 4.36535e-01  
 26.8 8.1512e+00  14 4.42340e-01  
 26.9 8.2477e+00  14 4.48046e-01  
 27.0 8.3421e+00  14 4.53892e-01  
 27.1 8.4364e+00  14 4.59766e-01  
 27.2 8.5305e+00  14 4.65663e-01  
 27.3 8.6258e+00  14 4.71522e-01  
 27.4 8.7210e+00  14 4.77410e-01  
 27.5 8.8149e+00  14 4.83369e-01  
 27.6 8.9087e+00  14 4.89351e-01  
 27.7 9.0014e+00  14 4.95315e-01  
 27.8 9.0975e+00  14 5.01229e-01  
 27.9 9.1907e+00  14 5.07273e-01  
 28.0 9.2834e+00  14 5.13347e-01  
 28.1 9.3756e+00  14 5.19444e-01  
 28.2 9.4675e+00  14 5.25563e-01  
 28.3 9.5631e+00  14 5.31633e-01  
 28.4 9.6544e+00  14 5.37791e-01  
 28.5 9.7450e+00  14 5.43978e-01  
 28.6 9.8348e+00  14 5.50193e-01  
 28.7 9.9241e+00  14 5.56426e-01  
 28.8 1.0017e+01  14 5.62561e-01  
 28.9 1.0106e+01  14 5.68820e-01  
 29.0 1.0194e+01  14 5.75099e-01  
 29.1 1.0282e+01  14 5.81395e-01  
 29.2 1.0368e+01  14 5.87712e-01  
 29.3 1.0460e+01  14 5.93923e-01  
 29.4 1.0546e+01  14 6.00262e-01  
 29.5 1.0631e+01  14 6.06620e-01  
 29.6 1.0716e+01  14 6.12991e-01  
 29.7 1.0802e+01  14 6.19339e-01  
 29.8 1.0889e+01  14 6.25664e-01  
 29.9 1.0972e+01  14 6.32073e-01  
 30.0 1.1054e+01  14 6.38497e-01  
 30.1 1.1136e+01  14 6.44935e-01  
 30.2 1.1219e+01  14 6.51340e-01  
 30.3 1.1303e+01  14 6.57741e-01  
 30.4 1.1382e+01  14 6.64212e-01  
 30.5 1.1461e+01  14 6.70693e-01  
 30.6 1.1538e+01  14 6.77190e-01  
 30.7 1.1616e+01  14 6.83693e-01  
 30.8 1.1699e+01  14 6.90106e-01  
 30.9 1.1774e+01  14 6.96629e-01  
 31.0 1.1849e+01  14 7.03164e-01  
 31.1 1.1922e+01  14 7.09708e-01  
 31.2 1.1994e+01  14 7.16266e-01  
 31.3 1.2074e+01  14 7.22716e-01  
 31.4 1.2145e+01  14 7.29281e-01  
 31.5 1.2216e+01  14 7.35853e-01  
 31.6 1.2284e+01  14 7.42435e-01  
 31.7 1.2352e+01  14 7.49025e-01  
 31.8 1.2428e+01  14 7.55521e-01  
 31.9 1.2494e+01  14 7.62119e-01  
 32.0 1.2560e+01  14 7.68718e-01  
 32.1 1.2624e+01  14 7.75326e-01  
 32.2 1.2686e+01  14 7.81937e-01  
 32.3 1.2750e+01  14 7.88535e-01  
 32.4 1.2819e+01  14 7.95081e-01  
 32.5 1.2879e+01  14 8.01700e-01  
 32.6 1.2938e+01  14 8.08324e-01  
 32.7 1.2995e+01  14 8.14950e-01  
 32.8 1.3051e+01  14 8.21576e-01  
 32.9 1.3118e+01  14 8.28119e-01  
 33.0 1.3172e+01  14 8.34742e-01  
 33.1 1.3225e+01  14 8.41366e-01  
 33.2 1.3277e+01  14 8.47990e-01  
 33.3 1.3327e+01  14 8.54613e-01  
 33.4 1.3377e+01  14 8.61234e-01  
 33.5 1.3437e+01  14 8.67782e-01  
 33.6 1.3485e+01  14 8.74395e-01  
 33.7 1.3530e+01  14 8.81007e-01  
 33.8 1.3575e+01  14 8.87611e-01  
 33.9 1.3614e+01  14 8.94229e-01  
 34.0 1.3648e+01  14 9.00853e-01  
 34.1 1.3697e+01  14 9.07406e-01  
 34.2 1.3695e+01  14 9.14128e-01  
 34.3 1.3701e+01  14 9.20787e-01  
 34.4 1.3696e+01  14 9.27453e-01  
 34.5 1.3647e+01  14 9.34205e-01  
 34.6 1.3341e+01  14 9.41548e-01  
 34.7 1.2954e+01  14 9.48937e-01  
 34.8 1.2688e+01  14 9.55851e-01  
 34.9 1.2559e+01  14 9.62317e-01  
 35.0 1.2660e+01  14 9.68280e-01  
 35.1 1.2741e+01  14 9.74304e-01  
 35.2 1.2857e+01  14 9.80311e-01  
 35.3 1.2985e+01  14 9.86353e-01  
 35.4 1.3043e+01  14 9.92469e-01  
 35.5 1.3167e+01  14 9.98584e-01  
 35.6 1.3247e+01  14 1.00000e+00  
 35.7 1.3313e+01  14 1.00000e+00  
 35.8 1.3370e+01  14 1.00000e+00  
 35.9 1.3395e+01  14 1.00000e+00  
 36.0 1.3423e+01  14 1.00000e+00  
 36.1 1.3489e+01  14 1.00000e+00  
 36.2 1.3512e+01  14 1.00000e+00  
 36.3 1.3539e+01  14 1.00000e+00  
 36.4 1.3499e+01  14 1.00000e+00  
 36.5 1.3533e+01  14 1.00000e+00  
 36.6 1.3483e+01  14 1.00000e+00  
 36.7 1.3473e+01  14 1.00000e+00  
 36.8 1.3565e+01  14 1.00000e+00  
 36.9 1.3584e+01  14 1.00000e+00  
 37.0 1.3633e+01  14 1.00000e+00  
 37.1 1.3653e+01  14 1.00000e+00  
 37.2 1.3684e+01  14 1.00000e+00  
 37.3 1.3675e+01  14 1.00000e+00  
 37.4 1.3699e+01  14 1.00000e+00  
 37.5 1.3722e+01  14 1.00000e+00  
 37.6 1.3743e+01  14 1.00000e+00  
 37.7 1.3761e+01  14 1.00000e+00  
 37.8 1.3789e+01  14 1.00000e+00  
 37.9 1.3809e+01  14 1.00000e+00  
 38.0 1.3827e+01  14 1.00000e+00  
 38.1 1.3753e+01  14 1.00000e+00  
 38.2 1.3711e+01  14 1.00000e+00  
 38.3 1.3565e+01  14 1.00000e+00  
 38.4 1.3562e+01  14 1.00000e+00  
 38.5 1.3497e+01  14 1.00000e+00  
 38.6 1.3397e+01  14 1.00000e+00  
 38.7 1.3390e+01  14 1.00000e+00  
 38.8 1.3386e+01  14 1.00000e+00  
 38.9 1.3291e+01  14 1.00000e+00  
 39.0 1.3286e+01  14 1.00000e+00  
 39.1 1.3243e+01  14 1.00000e+00  
 39.2 1.3134e+01  14 9.98498e-01  
 39.3 1.2947e+01  14 9.89002e-01  
 39.4 1.2941e+01  14 9.88733e-01  
 39.5 1.2931e+01  14 9.88205e-01  
 39.6 1.2661e+01  14 9.74425e-01  
 39.7 1.2585e+01  14 9.70543e-01  
 39.8 1.2577e+01  14 9.70125e-01  
 39.9 1.2397e+01  14 9.60873e-01  
 40.0 1.2213e+01  14 9.51347e-01  
 40.1 1.2257e+01  14 9.53661e-01  
 40.2 1.2210e+01  14 9.51229e-01  
 40.3 1.1967e+01  14 9.38602e-01  
 40.4 1.1905e+01  14 9.35352e-01  
 40.5 1.1941e+01  14 9.37229e-01  
 40.6 1.1817e+01  14 9.30750e-01  
 40.7 1.1606e+01  14 9.19714e-01  
 40.8 1.1615e+01  14 9.20210e-01  
 40.9 1.1645e+01  14 9.21775e-01  
 41.0 1.1455e+01  14 9.11758e-01  
 41.1 1.1356e+01  14 9.06533e-01  
 41.2 1.1355e+01  14 9.06471e-01  
 41.3 1.1384e+01  14 9.08009e-01  
 41.4 1.1175e+01  14 8.96953e-01  
 41.5 1.1095e+01  14 8.92678e-01  
 41.6 1.1090e+01  14 8.92419e-01  
 41.7 1.1102e+01  14 8.93053e-01  
 41.8 1.0893e+01  14 8.81931e-01  
 41.9 1.1013e+01  14 8.88305e-01  
 42.0 1.0983e+01  14 8.86708e-01  
 42.1 1.1060e+01  14 8.90817e-01  
 42.2 1.1148e+01  14 8.95523e-01  
 42.3 1.1235e+01  14 9.00142e-01  
 42.4 1.1319e+01  14 9.04566e-01  
 42.5 1.1410e+01  14 9.09403e-01  
 42.6 1.1515e+01  14 9.14931e-01  
 42.7 1.1547e+01  14 9.16585e-01  
 42.8 1.1650e+01  14 9.22008e-01  
 42.9 1.1738e+01  14 9.26620e-01  
 43.0 1.1822e+01  14 9.31055e-01  
 43.1 1.1910e+01  14 9.35602e-01  
 43.2 1.1993e+01  14 9.39966e-01  
 43.3 1.2079e+01  14 9.44425e-01  
 43.4 1.2166e+01  14 9.48930e-01  
 43.5 1.2225e+01  14 9.52007e-01  
 43.6 1.2317e+01  14 9.56724e-01  
 43.7 1.2409e+01  14 9.61476e-01  
 43.8 1.2469e+01  14 9.64591e-01  
 43.9 1.2573e+01  14 9.69930e-01  
 44.0 1.2660e+01  14 9.74382e-01  
 44.1 1.2800e+01  14 9.81519e-01  
 44.2 1.2868e+01  14 9.84986e-01  
 44.3 1.2960e+01  14 9.89689e-01  
 44.4 1.3055e+01  14 9.94491e-01  
 44.5 1.3153e+01  14 9.99465e-01  
 44.6 1.3198e+01  14 1.00000e+00  
 44.7 1.3236e+01  14 1.00000e+00  
 44.8 1.3275e+01  14 1.00000e+00  
 44.9 1.3315e+01  14 1.00000e+00  
 45.0 1.3354e+01  14 1.00000e+00  
 45.1 1.3392e+01  14 1.00000e+00  
 45.2 1.3429e+01  14 1.00000e+00  
 45.3 1.3463e+01  14 1.00000e+00  
 45.4 1.3526e+01  14 1.00000e+00  
 45.5 1.3561e+01  14 1.00000e+00  
 45.6 1.3593e+01  14 1.00000e+00  
 45.7 1.3624e+01  14 1.00000e+00  
 45.8 1.3655e+01  14 1.00000e+00  
 45.9 1.3687e+01  14 1.00000e+00  
 46.0 1.3718e+01  14 1.00000e+00  
 46.1 1.3748e+01  14 1.00000e+00  
 46.2 1.3777e+01  14 1.00000e+00  
 46.3 1.3806e+01  14 1.00000e+00  
 46.4 1.3834e+01  14 1.00000e+00  
 46.5 1.3857e+01  14 1.00000e+00  
 46.6 1.3961e+01  14 1.00000e+00  
 46.7 1.3927e+01  14 1.00000e+00  
 46.8 1.3990e+01  14 1.00000e+00  
 46.9 1.4040e+01  14 1.00000e+00  
 47.0 1.4082e+01  14 1.00000e+00  
 47.1 1.4121e+01  14 1.00000e+00  
 47.2 1.4159e+01  14 1.00000e+00  
 47.3 1.4194e+01  14 1.00000e+00  
 47.4 1.4196e+01  14 1.00000e+00  
 47.5 1.4288e+01  14 1.00000e+00  
 47.6 1.4306e+01  14 1.00000e+00  
 47.7 1.4343e+01  14 1.00000e+00  
 47.8 1.4365e+01  14 1.00000e+00  
 47.9 1.4408e+01  14 1.00000e+00  
 48.0 1.4415e+01  14 1.00000e+00  
 48.1 1.4441e+01  14 1.00000e+00  
 48.2 1.4478e+01  14 1.00000e+00  
 48.3 1.4558e+01  14 1.00000e+00  
 48.4 1.4587e+01  14 1.00000e+00  
 48.5 1.4633e+01  14 1.00000e+00  
 48.6 1.4674e+01  14 1.00000e+00  
 48.7 1.4711e+01  14 1.00000e+00  
 48.8 1.4740e+01  14 1.00000e+00  
 48.9 1.4793e+01  14 1.00000e+00  
 49.0 1.4833e+01  14 1.00000e+00  
 49.1 1.4836e+01  14 1.00000e+00  
 49.2 1.4895e+01  14 1.00000e+00  
 49.3 1.4907e+01  14 1.00000e+00  
 49.4 1.4948e+01  14 1.00000e+00  
 49.5 1.4973e+01  14 1.00000e+00  
 49.6 1.4994e+01  14 1.00000e+00  
 49.7 1.5037e+01  14 1.00000e+00  
 49.8 1.5098e+01  14 1.00000e+00  
 49.9 1.5151e+01  14 1.00000e+00  
 50.0 1.5192e+01  14 1.00000e+00  
 50.1 1.5216e+01  14 1.00000e+00  
 50.2 1.5269e+01  14 1.00000e+00  
 50.3 1.5305e+01  14 1.00000e+00  
 50.4 1.5361e+01  14 1.00000e+00  
 50.5 1.5394e+01  14 1.00000e+00  
 50.6 1.5421e+01  14 1.00000e+00  
 50.7 1.5449e+01  14 1.00000e+00  
 50.8 1.5476e+01  14 1.00000e+00  
 50.9 1.5500e+01  14 1.00000e+00  
 51.0 1.5526e+01  14 1.00000e+00  
 51.1 1.5551e+01  14 1.00000e+00  
 51.2 1.5601e+01  14 1.00000e+00  
 51.3 1.5641e+01  14 1.00000e+00  
 51.4 1.5707e+01  14 1.00000e+00  
 51.5 1.5753e+01  14 1.00000e+00  
 51.6 1.5794e+01  14 1.00000e+00  
 51.7 1.5833e+01  14 1.00000e+00  
 51.8 1.5867e+01  14 1.00000e+00  
 51.9 1.5931e+01  14 1.00000e+00  
 52.0 1.5968e+01  14 1.00000e+00  
 52.1 1.5992e+01  14 1.00000e+00  
 52.2 1.6020e+01  14 1.00000e+00  
 52.3 1.6047e+01  14 1.00000e+00  
 52.4 1.6072e+01  14 1.00000e+00  
 52.5 1.6101e+01  14 1.00000e+00  
 52.6 1.6126e+01  14 1.00000e+00  
 52.7 1.6160e+01  14 1.00000e+00  
 52.8 1.6207e+01  14 1.00000e+00  
 52.9 1.6252e+01  14 1.00000e+00  
 53.0 1.6313e+01  14 1.00000e+00  
 53.1 1.6356e+01  14 1.00000e+00  
 53.2 1.6400e+01  14 1.00000e+00  
 53.3 1.6438e+01  14 1.00000e+00  
 53.4 1.6474e+01  14 1.00000e+00  
 53.5 1.6538e+01  14 1.00000e+00  
 53.6 1.6575e+01  14 1.00000e+00  
 53.7 1.6600e+01  14 1.00000e+00  
 53.8 1.6629e+01  14 1.00000e+00  
 53.9 1.6655e+01  14 1.00000e+00  
 54.0 1.6681e+01  14 1.00000e+00  
 54.1 1.6710e+01  14 1.00000e+00  
 54.2 1.6735e+01  14 1.00000e+00  
 54.3 1.6771e+01  14 1.00000e+00  
 54.4 1.6820e+01  14 1.00000e+00  
 54.5 1.6863e+01  14 1.00000e+00  
 54.6 1.6918e+01  14 1.00000e+00  
 54.7 1.6969e+01  14 1.00000e+00  
 54.8 1.7012e+01  14 1.00000e+00  
 54.9 1.7050e+01  14 1.00000e+00  
 55.0 1.7086e+01  14 1.00000e+00  
 55.1 1.7120e+01  14 1.00000e+00  
 55.2 1.7183e+01  14 1.00000e+00  
 55.3 1.7222e+01  14 1.00000e+00  
 55.4 1.7246e+01  14 1.00000e+00  
 55.5 1.7275e+01  14 1.00000e+00  
 55.6 1.7300e+01  14 1.00000e+00  
 55.7 1.7327e+01  14 1.00000e+00  
 55.8 1.7352e+01  14 1.00000e+00  
 55.9 1.7380e+01  14 1.00000e+00  
 56.0 1.7415e+01  14 1.00000e+00  
 56.1 1.7465e+01  14 1.00000e+00  
 56.2 1.7505e+01  14 1.00000e+00  
 56.3 1.7569e+01  14 1.00000e+00  
 56.4 1.7614e+01  14 1.00000e+00  
 56.5 1.7652e+01  14 1.00000e+00  
 56.6 1.7698e+01  14 1.00000e+00  
 56.7 1.7735e+01  14 1.00000e+00  
 56.8 1.7770e+01  14 1.00000e+00  
 56.9 1.7805e+01  14 1.00000e+00  
 57.0 1.7872e+01  14 1.00000e+00  
 57.1 1.7895e+01  14 1.00000e+00  
 57.2 1.7925e+01  14 1.00000e+00  
 57.3 1.7951e+01  14 1.00000e+00  
 57.4 1.7979e+01  14 1.00000e+00  
 57.5 1.8008e+01  14 1.00000e+00  
 57.6 1.8032e+01  14 1.00000e+00  
 57.7 1.8057e+01  14 1.00000e+00  
 57.8 1.8111e+01  14 1.00000e+00  
 57.9 1.8161e+01  14 1.00000e+00  
 58.0 1.8205e+01  14 1.00000e+00  
 58.1 1.8257e+01  14 1.00000e+00  
 58.2 1.8307e+01  14 1.00000e+00  
 58.3 1.8346e+01  14 1.00000e+00  
 58.4 1.8392e+01  14 1.00000e+00  
 58.5 1.8430e+01  14 1.00000e+00  
 58.6 1.8466e+01  14 1.00000e+00  
 58.7 1.8498e+01  14 1.00000e+00  
 58.8 1.8563e+01  14 1.00000e+00  
 58.9 1.8591e+01  14 1.00000e+00  
 59.0 1.8619e+01  14 1.00000e+00  
 59.1 1.8646e+01  14 1.00000e+00  
 59.2 1.8674e+01  14 1.00000e+00  
 59.3 1.8699e+01  14 1.00000e+00  
 59.4 1.8728e+01  14 1.00000e+00  
 59.5 1.8754e+01  14 1.00000e+00  
 59.6 1.8805e+01  14 1.00000e+00  
 59.7 1.8857e+01  14 1.00000e+00  
 59.8 1.8898e+01  14 1.00000e+00  
 59.9 1.8945e+01  14 1.00000e+00  
 60.0 1.9004e+01  14 1.00000e+00  
 60.1 1.9049e+01  14 1.00000e+00  
 60.2 1.9090e+01  14 1.00000e+00  
 60.3 1.9131e+01  14 1.00000e+00  
 60.4 1.9166e+01  14 1.00000e+00  
 60.5 1.9202e+01  14 1.00000e+00  
 60.6 1.9239e+01  14 1.00000e+00  
 60.7 1.9293e+01  14 1.00000e+00  
 60.8 1.9335e+01  14 1.00000e+00  
 60.9 1.9363e+01  14 1.00000e+00  
 61.0 1.9392e+01  14 1.00000e+00  
 61.1 1.9413e+01  14 1.00000e+00  
 61.2 1.9448e+01  14 1.00000e+00  
 61.3 1.9464e+01  14 1.00000e+00  
 61.4 1.9501e+01  14 1.00000e+00  
 61.5 1.9540e+01  14 1.00000e+00  
 61.6 1.9598e+01  14 1.00000e+00  
 61.7 1.9642e+01  14 1.00000e+00  
 61.8 1.9687e+01  14 1.00000e+00  
 61.9 1.9747e+01  14 1.00000e+00  
 62.0 1.9794e+01  14 1.00000e+00  
 62.1 1.9835e+01  14 1.00000e+00  
 62.2 1.9879e+01  14 1.00000e+00  
 62.3 1.9916e+01  14 1.00000e+00  
 62.4 1.9955e+01  14 1.00000e+00  
 62.5 1.9989e+01  14 1.00000e+00  
 62.6 2.0057e+01  14 1.00000e+00  
 62.7 2.0092e+01  14 1.00000e+00  
 62.8 2.0115e+01  14 1.00000e+00  
 62.9 2.0147e+01  14 1.00000e+00  
 63.0 2.0177e+01  14 1.00000e+00  
 63.1 2.0202e+01  14 1.00000e+00  
 63.2 2.0229e+01  14 1.00000e+00  
 63.3 2.0260e+01  14 1.00000e+00  
 63.4 2.0286e+01  14 1.00000e+00  
 63.5 2.0335e+01  14 1.00000e+00  
 63.6 2.0384e+01  14 1.00000e+00  
 63.7 2.0439e+01  14 1.00000e+00  
 63.8 2.0485e+01  14 1.00000e+00  
 63.9 2.0523e+01  14 1.00000e+00  
 64.0 2.0587e+01  14 1.00000e+00  
 64.1 2.0632e+01  14 1.00000e+00  
 64.2 2.0673e+01  14 1.00000e+00  
 64.3 2.0714e+01  14 1.00000e+00  
 64.4 2.0749e+01  14 1.00000e+00  
 64.5 2.0788e+01  14 1.00000e+00  
 64.6 2.0839e+01  14 1.00000e+00  
 64.7 2.0888e+01  14 1.00000e+00  
 64.8 2.0935e+01  14 1.00000e+00  
 64.9 2.0968e+01  14 1.00000e+00  
 65.0 2.0992e+01  14 1.00000e+00  
 65.1 2.1027e+01  14 1.00000e+00  
 65.2 2.1054e+01  14 1.00000e+00  
 65.3 2.1084e+01  14 1.00000e+00  
 65.4 2.1097e+01  14 1.00000e+00  
 65.5 2.1140e+01  14 1.00000e+00  
 65.6 2.1203e+01  14 1.00000e+00  
 65.7 2.1251e+01  14 1.00000e+00  
 65.8 2.1303e+01  14 1.00000e+00  
 65.9 2.1347e+01  14 1.00000e+00  
 66.0 2.1391e+01  14 1.00000e+00  
 66.1 2.1444e+01  14 1.00000e+00  
 66.2 2.1482e+01  14 1.00000e+00  
 66.3 2.1536e+01  14 1.00000e+00  
 66.4 2.1576e+01  14 1.00000e+00  
 66.5 2.1619e+01  14 1.00000e+00  
 66.6 2.1648e+01  14 1.00000e+00  
 66.7 2.1682e+01  14 1.00000e+00  
 66.8 2.1755e+01  14 1.00000e+00  
 66.9 2.1791e+01  14 1.00000e+00  
 67.0 2.1821e+01  14 1.00000e+00  
 67.1 2.1848e+01  14 1.00000e+00  
 67.2 2.1873e+01  14 1.00000e+00  
 67.3 2.1892e+01  14 1.00000e+00  
 67.4 2.1924e+01  14 1.00000e+00  
 67.5 2.1963e+01  14 1.00000e+00  
 67.6 2.1988e+01  14 1.00000e+00  
 67.7 2.2011e+01  14 1.00000e+00  
 67.8 2.2084e+01  14 1.00000e+00  
 67.9 2.2130e+01  14 1.00000e+00  
 68.0 2.2190e+01  14 1.00000e+00  
 68.1 2.2238e+01  14 1.00000e+00  
 68.2 2.2277e+01  14 1.00000e+00  
 68.3 2.2337e+01  14 1.00000e+00  
 68.4 2.2384e+01  14 1.00000e+00  
 68.5 2.2417e+01  14 1.00000e+00  
 68.6 2.2467e+01  14 1.00000e+00  
 68.7 2.2503e+01  14 1.00000e+00  
 68.8 2.2551e+01  14 1.00000e+00  
 68.9 2.2583e+01  14 1.00000e+00  
 69.0 2.2619e+01  14 1.00000e+00  
 69.1 2.2688e+01  14 1.00000e+00  
 69.2 2.2729e+01  14 1.00000e+00  
 69.3 2.2750e+01  14 1.00000e+00  
 69.4 2.2781e+01  14 1.00000e+00  
 69.5 2.2809e+01  14 1.00000e+00  
 69.6 2.2839e+01  14 1.00000e+00  
 69.7 2.2875e+01  14 1.00000e+00  
 69.8 2.2896e+01  14 1.00000e+00  
 69.9 2.2924e+01  14 1.00000e+00  
 70.0 2.2968e+01  14 1.00000e+00  
 70.1 2.3036e+01  14 1.00000e+00  
 70.2 2.3085e+01  14 1.00000e+00  
 70.3 2.3142e+01  14 1.00000e+00  
 70.4 2.3191e+01  14 1.00000e+00  
 70.5 2.3232e+01  14 1.00000e+00  
 70.6 2.3278e+01  14 1.00000e+00  
 70.7 2.3322e+01  14 1.00000e+00  
 70.8 2.3383e+01  14 1.00000e+00  
 70.9 2.3406e+01  14 1.00000e+00  
 71.0 2.3457e+01  14 1.00000e+00  
 71.1 2.3505e+01  14 1.00000e+00  
 71.2 2.3547e+01  14 1.00000e+00  
 71.3 2.3568e+01  14 1.00000e+00  
 71.4 2.3598e+01  14 1.00000e+00  
 71.5 2.3668e+01  14 1.00000e+00  
 71.6 2.3716e+01  14 1.00000e+00  
 71.7 2.3735e+01  14 1.00000e+00  
 71.8 2.3771e+01  14 1.00000e+00  
 71.9 2.3809e+01  14 1.00000e+00  
 72.0 2.3843e+01  14 1.00000e+00  
 72.1 2.3879e+01  14 1.00000e+00  
 72.2 2.3903e+01  14 1.00000e+00  
 72.3 2.3931e+01  14 1.00000e+00  
 72.4 2.3949e+01  14 1.00000e+00  
 72.5 2.4036e+01  14 1.00000e+00  
 72.6 2.4084e+01  14 1.00000e+00  
 72.7 2.4143e+01  14 1.00000e+00  
 72.8 2.4192e+01  14 1.00000e+00  
 72.9 2.4238e+01  14 1.00000e+00  
 73.0 2.4282e+01  14 1.00000e+00  
 73.1 2.4340e+01  14 1.00000e+00  
 73.2 2.4378e+01  14 1.00000e+00  
 73.3 2.4433e+01  14 1.00000e+00  
 73.4 2.4476e+01  14 1.00000e+00  
 73.5 2.4514e+01  14 1.00000e+00  
 73.6 2.4538e+01  14 1.00000e+00  
 73.7 2.4587e+01  14 1.00000e+00  
 73.8 2.4630e+01  14 1.00000e+00  
 73.9 2.4665e+01  14 1.00000e+00  
 74.0 2.4732e+01  14 1.00000e+00  
 74.1 2.4771e+01  14 1.00000e+00  
 74.2 2.4802e+01  14 1.00000e+00  
 74.3 2.4838e+01  14 1.00000e+00  
 74.4 2.4847e+01  14 1.00000e+00  
 74.5 2.4897e+01  14 1.00000e+00  
 74.6 2.4930e+01  14 1.00000e+00  
 74.7 2.4961e+01  14 1.00000e+00  
 74.8 2.4990e+01  14 1.00000e+00  
 74.9 2.5018e+01  14 1.00000e+00  
 75.0 2.5078e+01  14 1.00000e+00  
 75.1 2.5133e+01  14 1.00000e+00  
 75.2 2.5193e+01  14 1.00000e+00  
 75.3 2.5235e+01  14 1.00000e+00  
 75.4 2.5278e+01  14 1.00000e+00  
 75.5 2.5342e+01  14 1.00000e+00  
 75.6 2.5363e+01  14 1.00000e+00  
 75.7 2.5439e+01  14 1.00000e+00  
 75.8 2.5490e+01  14 1.00000e+00  
 75.9 2.5535e+01  14 1.00000e+00  
 76.0 2.5582e+01  14 1.00000e+00  
 76.1 2.5618e+01  14 1.00000e+00  
 76.2 2.5664e+01  14 1.00000e+00  
 76.3 2.5684e+01  14 1.00000e+00  
 76.4 2.5734e+01  14 1.00000e+00  
 76.5 2.5769e+01  14 1.00000e+00  
 76.6 2.5805e+01  14 1.00000e+00  
 76.7 2.5885e+01  14 1.00000e+00  
 76.8 2.5916e+01  14 1.00000e+00  
 76.9 2.5942e+01  14 1.00000e+00  
 77.0 2.5978e+01  14 1.00000e+00  
 77.1 2.6013e+01  14 1.00000e+00  
 77.2 2.6044e+01  14 1.00000e+00  
 77.3 2.6066e+01  14 1.00000e+00  
 77.4 2.6093e+01  14 1.00000e+00  
 77.5 2.6131e+01  14 1.00000e+00  
 77.6 2.6162e+01  14 1.00000e+00  
 77.7 2.6235e+01  14 1.00000e+00  
 77.8 2.6298e+01  14 1.00000e+00  
 77.9 2.6343e+01  14 1.00000e+00  
 78.0 2.6398e+01  14 1.00000e+00  
 78.1 2.6440e+01  14 1.00000e+00  
 78.2 2.6505e+01  14 1.00000e+00  
 78.3 2.6529e+01  14 1.00000e+00  
 78.4 2.6576e+01  14 1.00000e+00  
 78.5 2.6657e+01  14 1.00000e+00  
 78.6 2.6703e+01  14 1.00000e+00  
 78.7 2.6731e+01  14 1.00000e+00  
 78.8 2.6772e+01  14 1.00000e+00  
 78.9 2.6833e+01  14 1.00000e+00  
 79.0 2.6862e+01  14 1.00000e+00  
 79.1 2.6910e+01  14 1.00000e+00  
 79.2 2.6949e+01  14 1.00000e+00  
 79.3 2.6971e+01  14 1.00000e+00  
 79.4 2.7014e+01  14 1.00000e+00  
 79.5 2.7104e+01  14 1.00000e+00  
 79.6 2.7109e+01  14 1.00000e+00  
 79.7 2.7166e+01  14 1.00000e+00  
 79.8 2.7191e+01  14 1.00000e+00  
 79.9 2.7231e+01  14 1.00000e+00  
 80.0 2.7263e+01  14 1.00000e+00  
 80.1 2.7292e+01  14 1.00000e+00  
 80.2 2.7323e+01  14 1.00000e+00  
 80.3 2.7347e+01  14 1.00000e+00  
 80.4 2.7363e+01  14 1.00000e+00  
 80.5 2.7433e+01  14 1.00000e+00  
 80.6 2.7509e+01  14 1.00000e+00  
 80.7 2.7570e+01  14 1.00000e+00  
 80.8 2.7624e+01  14 1.00000e+00  
 80.9 2.7677e+01  14 1.00000e+00  
 81.0 2.7721e+01  14 1.00000e+00  
 81.1 2.7774e+01  14 1.00000e+00  
 81.2 2.7805e+01  14 1.00000e+00  
 81.3 2.7879e+01  14 1.00000e+00  
 81.4 2.7924e+01  14 1.00000e+00  
 81.5 2.7975e+01  14 1.00000e+00  
 81.6 2.8020e+01  14 1.00000e+00  
 81.7 2.8063e+01  14 1.00000e+00  
 81.8 2.8095e+01  14 1.00000e+00  
 81.9 2.8145e+01  14 1.00000e+00  
 82.0 2.8172e+01  14 1.00000e+00  
 82.1 2.8223e+01  14 1.00000e+00  
 82.2 2.8261e+01  14 1.00000e+00  
 82.3 2.8298e+01  14 1.00000e+00  
 82.4 2.8387e+01  14 1.00000e+00  
 82.5 2.8394e+01  14 1.00000e+00  
 82.6 2.8447e+01  14 1.00000e+00  
 82.7 2.8479e+01  14 1.00000e+00  
 82.8 2.8501e+01  14 1.00000e+00  
 82.9 2.8524e+01  14 1.00000e+00  
 83.0 2.8569e+01  14 1.00000e+00  
 83.1 2.8611e+01  14 1.00000e+00  
 83.2 2.8621e+01  14 1.00000e+00  
 83.3 2.8670e+01  14 1.00000e+00  
 83.4 2.8705e+01  14 1.00000e+00  
 83.5 2.8773e+01  14 1.00000e+00  
 83.6 2.8813e+01  14 1.00000e+00  
 83.7 2.8888e+01  14 1.00000e+00  
 83.8 2.8947e+01  14 1.00000e+00  
 83.9 2.9035e+01  14 1.00000e+00  
 84.0 2.9079e+01  14 1.00000e+00  
 84.1 2.9135e+01  14 1.00000e+00  
 84.2 2.9181e+01  14 1.00000e+00  
 84.3 2.9227e+01  14 1.00000e+00  
 84.4 2.9269e+01  14 1.00000e+00  
 84.5 2.9331e+01  14 1.00000e+00  
 84.6 2.9373e+01  14 1.00000e+00  
 84.7 2.9416e+01  14 1.00000e+00  
 84.8 2.9470e+01  14 1.00000e+00  
 84.9 2.9507e+01  14 1.00000e+00  
 85.0 2.9551e+01  14 1.00000e+00  
 85.1 2.9581e+01  14 1.00000e+00  
 85.2 2.9631e+01  14 1.00000e+00  
 85.3 2.9668e+01  14 1.00000e+00  
 85.4 2.9764e+01  14 1.00000e+00  
 85.5 2.9777e+01  14 1.00000e+00  
 85.6 2.9823e+01  14 1.00000e+00  
 85.7 2.9859e+01  14 1.00000e+00  
 85.8 2.9892e+01  14 1.00000e+00  
 85.9 2.9924e+01  14 1.00000e+00  
 86.0 2.9957e+01  14 1.00000e+00  
 86.1 2.9992e+01  14 1.00000e+00  
 86.2 3.0027e+01  14 1.00000e+00  
 86.3 3.0059e+01  14 1.00000e+00  
 86.4 3.0082e+01  14 1.00000e+00  
 86.5 3.0121e+01  14 1.00000e+00  
 86.6 3.0195e+01  14 1.00000e+00  
 86.7 3.0258e+01  14 1.00000e+00  
 86.8 3.0314e+01  14 1.00000e+00  
 86.9 3.0377e+01  14 1.00000e+00  
 87.0 3.0433e+01  14 1.00000e+00  
 87.1 3.0486e+01  14 1.00000e+00  
 87.2 3.0515e+01  14 1.00000e+00  
 87.3 3.0586e+01  14 1.00000e+00  
 87.4 3.0636e+01  14 1.00000e+00  
 87.5 3.0683e+01  14 1.00000e+00  
 87.6 3.0745e+01  14 1.00000e+00  
 87.7 3.0796e+01  14 1.00000e+00  
 87.8 3.0843e+01  14 1.00000e+00  
 87.9 3.0889e+01  14 1.00000e+00  
 88.0 3.0934e+01  14 1.00000e+00  
 88.1 3.0966e+01  14 1.00000e+00  
 88.2 3.1017e+01  14 1.00000e+00  
 88.3 3.1055e+01  14 1.00000e+00  
 88.4 3.1099e+01  14 1.00000e+00  
 88.5 3.1128e+01  14 1.00000e+00  
 88.6 3.1178e+01  14 1.00000e+00  
 88.7 3.1216e+01  14 1.00000e+00  
 88.8 3.1292e+01  14 1.00000e+00  
 88.9 3.1317e+01  14 1.00000e+00  
 89.0 3.1355e+01  14 1.00000e+00  
 89.1 3.1388e+01  14 1.00000e+00  
 89.2 3.1424e+01  14 1.00000e+00  
 89.3 3.1465e+01  14 1.00000e+00  
 89.4 3.1506e+01  14 1.00000e+00  
 89.5 3.1542e+01  14 1.00000e+00  
 89.6 3.1562e+01  14 1.00000e+00  
 89.7 3.1605e+01  14 1.00000e+00  
 89.8 3.1632e+01  14 1.00000e+00  
 89.9 3.1691e+01  14 1.00000e+00  
 90.0 3.1752e+01  14 1.00000e+00  
 90.1 3.1816e+01  14 1.00000e+00  
 90.2 3.1875e+01  14 1.00000e+00  
 90.3 3.1930e+01  14 1.00000e+00  
 90.4 3.2005e+01  14 1.00000e+00  
 90.5 3.2053e+01  14 1.00000e+00  
 90.6 3.2111e+01  14 1.00000e+00  
 90.7 3.2150e+01  14 1.00000e+00  
 90.8 3.2205e+01  14 1.00000e+00  
 90.9 3.2256e+01  14 1.00000e+00  
 91.0 3.2318e+01  14 1.00000e+00  
 91.1 3.2363e+01  14 1.00000e+00  
 91.2 3.2413e+01  14 1.00000e+00  
 91.3 3.2459e+01  14 1.00000e+00  
 91.4 3.2501e+01  14 1.00000e+00  
 91.5 3.2558e+01  14 1.00000e+00  
 91.6 3.2602e+01  14 1.00000e+00  
 91.7 3.2627e+01  14 1.00000e+00  
 91.8 3.2687e+01  14 1.00000e+00  
 91.9 3.2711e+01  14 1.00000e+00  
 92.0 3.2769e+01  14 1.00000e+00  
 92.1 3.2783e+01  14 1.00000e+00  
 92.2 3.2906e+01  14 1.00000e+00  
 92.3 3.2916e+01  14 1.00000e+00  
 92.4 3.2951e+01  14 1.00000e+00  
 92.5 3.2985e+01  14 1.00000e+00  
 92.6 3.3028e+01  14 1.00000e+00  
 92.7 3.3075e+01  14 1.00000e+00  
 92.8 3.3118e+01  14 1.00000e+00  
 92.9 3.3155e+01  14 1.00000e+00  
 93.0 3.3169e+01  14 1.00000e+00  
 93.1 3.3220e+01  14 1.00000e+00  
 93.2 3.3260e+01  14 1.00000e+00  
 93.3 3.3284e+01  14 1.00000e+00  
 93.4 3.3321e+01  14 1.00000e+00  
 93.5 3.3391e+01  14 1.00000e+00  
 93.6 3.3452e+01  14 1.00000e+00  
 93.7 3.3505e+01  14 1.00000e+00  
 93.8 3.3584e+01  14 1.00000e+00  
 93.9 3.3645e+01  14 1.00000e+00  
 94.0 3.3700e+01  14 1.00000e+00  
 94.1 3.3747e+01  14 1.00000e+00  
 94.2 3.3810e+01  14 1.00000e+00  
 94.3 3.3863e+01  14 1.00000e+00  
 94.4 3.3909e+01  14 1.00000e+00  
 94.5 3.3937e+01  14 1.00000e+00  
 94.6 3.3987e+01  14 1.00000e+00  
 94.7 3.4079e+01  14 1.00000e+00  
 94.8 3.4130e+01  14 1.00000e+00  
 94.9 3.4178e+01  14 1.00000e+00  
 95.0 3.4226e+01  14 1.00000e+00  
 95.1 3.4271e+01  14 1.00000e+00  
 95.2 3.4305e+01  14 1.00000e+00  
 95.3 3.4359e+01  14 1.00000e+00  
 95.4 3.4404e+01  14 1.00000e+00  
 95.5 3.4429e+01  14 1.00000e+00  
 95.6 3.4489e+01  14 1.00000e+00  
 95.7 3.4520e+01  14 1.00000e+00  
 95.8 3.4571e+01  14 1.00000e+00  
 95.9 3.4585e+01  14 1.00000e+00  
 96.0 3.4710e+01  14 1.00000e+00  
 96.1 3.4744e+01  14 1.00000e+00  
 96.2 3.4780e+01  14 1.00000e+00  
 96.3 3.4799e+01  14 1.00000e+00  
 96.4 3.4853e+01  14 1.00000e+00  
 96.5 3.4895e+01  14 1.00000e+00  
 96.6 3.4930e+01  14 1.00000e+00  
 96.7 3.4954e+01  14 1.00000e+00  
 96.8 3.5005e+01  14 1.00000e+00  
 96.9 3.5019e+01  14 1.00000e+00  
 97.0 3.5077e+01  14 1.00000e+00  
 97.1 3.5094e+01  14 1.00000e+00  
 97.2 3.5145e+01  14 1.00000e+00  
 97.3 3.5180e+01  14 1.00000e+00  
 97.4 3.5273e+01  14 1.00000e+00  
 97.5 3.5338e+01  14 1.00000e+00  
 97.6 3.5385e+01  14 1.00000e+00  
 97.7 3.5465e+01  14 1.00000e+00  
 97.8 3.5526e+01  14 1.00000e+00  
 97.9 3.5565e+01  14 1.00000e+00  
 98.0 3.5641e+01  14 1.00000e+00  
 98.1 3.5669e+01  14 1.00000e+00  
 98.2 3.5746e+01  14 1.00000e+00  
 98.3 3.5800e+01  14 1.00000e+00  
 98.4 3.5850e+01  14 1.00000e+00  
 98.5 3.5900e+01  14 1.00000e+00  
 98.6 3.5957e+01  14 1.00000e+00  
 98.7 3.5993e+01  14 1.00000e+00  
 98.8 3.6048e+01  14 1.00000e+00  
 98.9 3.6090e+01  14 1.00000e+00  
 99.0 3.6161e+01  14 1.00000e+00  
 99.1 3.6211e+01  14 1.00000e+00  
 99.2 3.6255e+01  14 1.00000e+00  
 99.3 3.6288e+01  14 1.00000e+00  
 99.4 3.6344e+01  14 1.00000e+00  
 99.5 3.6389e+01  14 1.00000e+00  
 99.6 3.6409e+01  14 1.00000e+00  
 99.7 3.6476e+01  14 1.00000e+00  
 99.8 3.6495e+01  14 1.00000e+00  
 99.9 3.6558e+01  14 1.00000e+00  
100.0 3.6658e+01  14 1.00000e+00  
100.1 3.6673e+01  14 1.00000e+00  
100.2 3.6732e+01  14 1.00000e+00  
100.3 3.6775e+01  14 1.00000e+00  
100.4 3.6786e+01  14 1.00000e+00  
100.5 3.6848e+01  14 1.00000e+00  
100.6 3.6890e+01  14 1.00000e+00  
100.7 3.6915e+01  14 1.00000e+00  
100.8 3.6967e+01  14 1.00000e+00  
100.9 3.6988e+01  14 1.00000e+00  
101.0 3.7042e+01  14 1.00000e+00  
101.1 3.7073e+01  14 1.00000e+00  
101.2 3.7097e+01  14 1.00000e+00  
101.3 3.7150e+01  14 1.00000e+00  
101.4 3.7202e+01  14 1.00000e+00  
101.5 3.7285e+01  14 1.00000e+00  
101.6 3.7338e+01  14 1.00000e+00  
101.7 3.7418e+01  14 1.00000e+00  
101.8 3.7480e+01  14 1.00000e+00  
101.9 3.7519e+01  14 1.00000e+00  
102.0 3.7605e+01  14 1.00000e+00  
102.1 3.7635e+01  14 1.00000e+00  
102.2 3.7717e+01  14 1.00000e+00  
102.3 3.7775e+01  14 1.00000e+00  
102.4 3.7806e+01  14 1.00000e+00  
102.5 3.7855e+01  14 1.00000e+00  
102.6 3.7916e+01  14 1.00000e+00  
102.7 3.7969e+01  14 1.00000e+00  
102.8 3.8015e+01  14 1.00000e+00  
102.9 3.8101e+01  14 1.00000e+00  
103.0 3.8154e+01  14 1.00000e+00  
103.1 3.8203e+01  14 1.00000e+00  
103.2 3.8248e+01  14 1.00000e+00  
103.3 3.8284e+01  14 1.00000e+00  
103.4 3.8329e+01  14 1.00000e+00  
103.5 3.8392e+01  14 1.00000e+00  
103.6 3.8435e+01  14 1.00000e+00  
103.7 3.8456e+01  14 1.00000e+00  
103.8 3.8569e+01  14 1.00000e+00  
103.9 3.8591e+01  14 1.00000e+00  
104.0 3.8658e+01  14 1.00000e+00  
104.1 3.8677e+01  14 1.00000e+00  
104.2 3.8782e+01  14 1.00000e+00  
104.3 3.8844e+01  14 1.00000e+00  
104.4 3.8873e+01  14 1.00000e+00  
104.5 3.8921e+01  14 1.00000e+00  
104.6 3.8966e+01  14 1.00000e+00  
104.7 3.8987e+01  14 1.00000e+00  
104.8 3.9048e+01  14 1.00000e+00  
104.9 3.9061e+01  14 1.00000e+00  
105.0 3.9128e+01  14 1.00000e+00  
105.1 3.9148e+01  14 1.00000e+00  
105.2 3.9205e+01  14 1.00000e+00  
105.3 3.9244e+01  14 1.00000e+00  
105.4 3.9261e+01  14 1.00000e+00  
105.5 3.9319e+01  14 1.00000e+00  
105.6 3.9358e+01  14 1.00000e+00  
105.7 3.9419e+01  14 1.00000e+00  
105.8 3.9487e+01  14 1.00000e+00  
105.9 3.9564e+01  14 1.00000e+00  
106.0 3.9629e+01  14 1.00000e+00  
106.1 3.9697e+01  14 1.00000e+00  
106.2 3.9762e+01  14 1.00000e+00  
106.3 3.9823e+01  14 1.00000e+00  
106.4 3.9882e+01  14 1.00000e+00  
106.5 3.9945e+01  14 1.00000e+00  
106.6 3.9981e+01  14 1.00000e+00  
106.7 4.0054e+01  14 1.00000e+00  
106.8 4.0116e+01  14 1.00000e+00  
106.9 4.0170e+01  14 1.00000e+00  
107.0 4.0223e+01  14 1.00000e+00  
107.1 4.0275e+01  14 1.00000e+00  
107.2 4.0327e+01  14 1.00000e+00  
107.3 4.0399e+01  14 1.00000e+00  
107.4 4.0451e+01  14 1.00000e+00  
107.5 4.0503e+01  14 1.00000e+00  
107.6 4.0555e+01  14 1.00000e+00  
107.7 4.0606e+01  14 1.00000e+00  
107.8 4.0653e+01  14 1.00000e+00  
107.9 4.0690e+01  14 1.00000e+00  
108.0 4.0738e+01  14 1.00000e+00  
108.1 4.0797e+01  14 1.00000e+00  
108.2 4.0847e+01  14 1.00000e+00  
108.3 4.0883e+01  14 1.00000e+00  
108.4 4.0935e+01  14 1.00000e+00  
108.5 4.0984e+01  14 1.00000e+00  
108.6 4.0999e+01  14 1.00000e+00  
108.7 4.1065e+01  14 1.00000e+00  
108.8 4.1178e+01  14 1.00000e+00  
108.9 4.1213e+01  14 1.00000e+00  
109.0 4.1262e+01  14 1.00000e+00  
109.1 4.1298e+01  14 1.00000e+00  
109.2 4.1346e+01  14 1.00000e+00  
109.3 4.1380e+01  14 1.00000e+00  
109.4 4.1430e+01  14 1.00000e+00  
109.5 4.1444e+01  14 1.00000e+00  
109.6 4.1513e+01  14 1.00000e+00  
109.7 4.1545e+01  14 1.00000e+00  
109.8 4.1593e+01  14 1.00000e+00  
109.9 4.1637e+01  14 1.00000e+00  
110.0 4.1670e+01  14 1.00000e+00  
110.1 4.1694e+01  14 1.00000e+00  
110.2 4.1755e+01  14 1.00000e+00  
110.3 4.1796e+01  14 1.00000e+00  
110.4 4.1842e+01  14 1.00000e+00  
110.5 4.1916e+01  14 1.00000e+00  
110.6 4.1406e+01  14 1.00000e+00  
110.7 4.1443e+01  14 1.00000e+00  
110.8 4.1486e+01  14 1.00000e+00  
110.9 4.1530e+01  14 1.00000e+00  
111.0 4.1545e+01  14 1.00000e+00  
111.1 4.1611e+01  14 1.00000e+00  
111.2 4.1060e+01  14 1.00000e+00  
111.3 4.1172e+01  14 1.00000e+00  
111.4 4.1194e+01  14 1.00000e+00  
111.5 4.1254e+01  14 1.00000e+00  
111.6 4.1267e+01  14 1.00000e+00  
111.7 4.1337e+01  14 1.00000e+00  
111.8 4.1352e+01  14 1.00000e+00  
111.9 4.0812e+01  14 1.00000e+00  
112.0 4.0859e+01  14 1.00000e+00  
112.1 4.0887e+01  14 1.00000e+00  
112.2 4.0945e+01  14 1.00000e+00  
112.3 4.0991e+01  14 1.00000e+00  
112.4 4.1017e+01  14 1.00000e+00  
112.5 4.0489e+01  14 1.00000e+00  
112.6 4.0539e+01  14 1.00000e+00  
112.7 4.0588e+01  14 1.00000e+00  
112.8 4.0635e+01  14 1.00000e+00  
112.9 4.0675e+01  14 1.00000e+00  
113.0 4.0702e+01  14 1.00000e+00  
113.1 4.0769e+01  14 1.00000e+00  
113.2 4.0177e+01  14 1.00000e+00  
113.3 4.0226e+01  14 1.00000e+00  
113.4 4.0275e+01  14 1.00000e+00  
113.5 4.0324e+01  14 1.00000e+00  
113.6 4.0393e+01  14 1.00000e+00  
113.7 4.0442e+01  14 1.00000e+00  
113.8 3.4587e+01  14 1.00000e+00  
113.9 3.4675e+01  14 1.00000e+00  
114.0 3.4202e+01  14 1.00000e+00  
114.1 3.4240e+01  14 1.00000e+00  
114.2 3.4277e+01  14 1.00000e+00  
114.3 3.4304e+01  14 1.00000e+00  
114.4 3.4332e+01  14 1.00000e+00  
114.5 3.4389e+01  14 1.00000e+00  
114.6 3.4421e+01  14 1.00000e+00  
114.7 3.4433e+01  14 1.00000e+00  
114.8 3.4495e+01  14 1.00000e+00  
114.9 3.4520e+01  14 1.00000e+00  
115.0 3.4562e+01  14 1.00000e+00  
115.1 3.4588e+01  14 1.00000e+00  
115.2 3.4685e+01  14 1.00000e+00  
115.3 3.4715e+01  14 1.00000e+00  
115.4 3.4749e+01  14 1.00000e+00  
115.5 3.4777e+01  14 1.00000e+00  
115.6 3.4299e+01  14 1.00000e+00  
115.7 3.4317e+01  14 1.00000e+00  
115.8 3.4379e+01  14 1.00000e+00  
115.9 3.4414e+01  14 1.00000e+00  
116.0 3.4428e+01  14 1.00000e+00  
116.1 3.4484e+01  14 1.00000e+00  
116.2 3.4516e+01  14 1.00000e+00  
116.3 3.4544e+01  14 1.00000e+00  
116.4 3.4583e+01  14 1.00000e+00  
116.5 3.4616e+01  14 1.00000e+00  
116.6 3.4710e+01  14 1.00000e+00  
116.7 3.4736e+01  14 1.00000e+00  
116.8 3.4752e+01  14 1.00000e+00  
116.9 3.4799e+01  14 1.00000e+00  
117.0 3.4825e+01  14 1.00000e+00  
117.1 3.4853e+01  14 1.00000e+00  
117.2 3.4891e+01  14 1.00000e+00  
117.3 3.4896e+01  14 1.00000e+00  
117.4 3.4951e+01  14 1.00000e+00  
117.5 3.4967e+01  14 1.00000e+00  
117.6 3.4519e+01  14 1.00000e+00  
117.7 3.4567e+01  14 1.00000e+00  
117.8 3.4588e+01  14 1.00000e+00  
117.9 3.4678e+01  14 1.00000e+00  
118.0 3.4713e+01  14 1.00000e+00  
118.1 3.4750e+01  14 1.00000e+00  
118.2 3.4779e+01  14 1.00000e+00  
118.3 3.4806e+01  14 1.00000e+00  
118.4 3.4841e+01  14 1.00000e+00  
118.5 3.4851e+01  14 1.00000e+00  
118.6 3.4901e+01  14 1.00000e+00  
118.7 3.4932e+01  14 1.00000e+00  
118.8 3.4956e+01  14 1.00000e+00  
118.9 3.4991e+01  14 1.00000e+00  
119.0 3.5017e+01  14 1.00000e+00  
119.1 3.5051e+01  14 1.00000e+00  
119.2 3.4595e+01  14 1.00000e+00  
119.3 3.4705e+01  14 1.00000e+00  
119.4 3.4716e+01  14 1.00000e+00  
119.5 3.4755e+01  14 1.00000e+00  
119.6 3.4792e+01  14 1.00000e+00  
119.7 3.4796e+01  14 1.00000e+00  
119.8 3.4852e+01  14 1.00000e+00  
119.9 3.4885e+01  14 1.00000e+00  
120.0 3.4899e+01  14 1.00000e+00  
120.1 3.4944e+01  14 1.00000e+00  
120.2 3.4950e+01  14 1.00000e+00  
120.3 3.5003e+01  14 1.00000e+00  
120.4 3.5017e+01  14 1.00000e+00  
120.5 3.5062e+01  14 1.00000e+00  
120.6 3.4689e+01  14 1.00000e+00  
120.7 3.4714e+01  14 1.00000e+00  
120.8 3.4741e+01  14 1.00000e+00  
120.9 3.4748e+01  14 1.00000e+00  
121.0 3.4803e+01  14 1.00000e+00  
121.1 3.4831e+01  14 1.00000e+00  
121.2 3.4852e+01  14 1.00000e+00  
121.3 3.4400e+01  14 1.00000e+00  
121.4 3.4426e+01  14 1.00000e+00  
121.5 3.4453e+01  14 1.00000e+00  
121.6 3.4499e+01  14 1.00000e+00  
121.7 3.4519e+01  14 1.00000e+00  
121.8 3.4565e+01  14 1.00000e+00  
121.9 3.4589e+01  14 1.00000e+00  
122.0 3.4687e+01  14 1.00000e+00  
122.1 3.4715e+01  14 1.00000e+00  
122.2 3.4743e+01  14 1.00000e+00  
122.3 3.4751e+01  14 1.00000e+00  
122.4 3.4804e+01  14 1.00000e+00  
122.5 3.4833e+01  14 1.00000e+00  
122.6 3.4851e+01  14 1.00000e+00  
122.7 3.4400e+01  14 1.00000e+00  
122.8 3.4426e+01  14 1.00000e+00  
122.9 3.4451e+01  14 1.00000e+00  
123.0 4.3562e+01  14 1.00000e+00  
123.1 4.3585e+01  14 1.00000e+00  
123.2 4.3651e+01  14 1.00000e+00  
123.3 4.3693e+01  14 1.00000e+00  
123.4 4.3802e+01  14 1.00000e+00  
123.5 4.3836e+01  14 1.00000e+00  
123.6 4.3204e+01  14 1.00000e+00  
123.7 4.3251e+01  14 1.00000e+00  
123.8 4.3296e+01  14 1.00000e+00  
123.9 4.3340e+01  14 1.00000e+00  
124.0 4.3377e+01  14 1.00000e+00  
124.1 4.3404e+01  14 1.00000e+00  
124.2 4.3474e+01  14 1.00000e+00  
124.3 4.2833e+01  14 1.00000e+00  
124.4 4.2878e+01  14 1.00000e+00  
124.5 4.2944e+01  14 1.00000e+00  
124.6 4.2986e+01  14 1.00000e+00  
124.7 4.3036e+01  14 1.00000e+00  
124.8 4.3094e+01  14 1.00000e+00  
124.9 4.2409e+01  14 1.00000e+00  
125.0 4.2483e+01  14 1.00000e+00  
125.1 4.2538e+01  14 1.00000e+00  
125.2 4.2588e+01  14 1.00000e+00  
125.3 4.2635e+01  14 1.00000e+00  
125.4 4.2664e+01  14 1.00000e+00  
125.5 4.2717e+01  14 1.00000e+00  
125.6 4.2053e+01  14 1.00000e+00  
125.7 4.2089e+01  14 1.00000e+00  
125.8 4.2172e+01  14 1.00000e+00  
125.9 4.2193e+01  14 1.00000e+00  
126.0 4.2241e+01  14 1.00000e+00  
126.1 4.2303e+01  14 1.00000e+00  
126.2 4.1655e+01  14 1.00000e+00  
126.3 4.1676e+01  14 1.00000e+00  
126.4 4.1714e+01  14 1.00000e+00  
126.5 4.1757e+01  14 1.00000e+00  
126.6 4.1793e+01  14 1.00000e+00  
126.7 4.1825e+01  14 1.00000e+00  
126.8 4.1893e+01  14 1.00000e+00  
126.9 4.1376e+01  14 1.00000e+00  
127.0 4.1423e+01  14 1.00000e+00  
127.1 4.1444e+01  14 1.00000e+00  
127.2 4.1492e+01  14 1.00000e+00  
127.3 4.1530e+01  14 1.00000e+00  
127.4 4.1546e+01  14 1.00000e+00  
127.5 4.0991e+01  14 1.00000e+00  
127.6 4.1040e+01  14 1.00000e+00  
127.7 4.1147e+01  14 1.00000e+00  
127.8 4.1183e+01  14 1.00000e+00  
127.9 4.1214e+01  14 1.00000e+00  
128.0 4.1256e+01  14 1.00000e+00  
128.1 4.1269e+01  14 1.00000e+00  
128.2 4.0694e+01  14 1.00000e+00  
128.3 4.0749e+01  14 1.00000e+00  
128.4 4.0793e+01  14 1.00000e+00  
128.5 4.0835e+01  14 1.00000e+00  
128.6 4.0871e+01  14 1.00000e+00  
128.7 4.0888e+01  14 1.00000e+00  
128.8 4.0948e+01  14 1.00000e+00  
128.9 4.0387e+01  14 1.00000e+00  
129.0 4.0435e+01  14 1.00000e+00  
129.1 4.0478e+01  14 1.00000e+00  
129.2 4.0521e+01  14 1.00000e+00  
129.3 4.0564e+01  14 1.00000e+00  
129.4 4.0606e+01  14 1.00000e+00  
129.5 4.0645e+01  14 1.00000e+00  
129.6 3.4286e+01  14 1.00000e+00  
129.7 3.4307e+01  14 1.00000e+00  
129.8 3.4337e+01  14 1.00000e+00  
129.9 3.4384e+01  14 1.00000e+00  
130.0 3.4414e+01  14 1.00000e+00  
130.1 3.4429e+01  14 1.00000e+00  
130.2 3.4480e+01  14 1.00000e+00  
130.3 3.4513e+01  14 1.00000e+00  
130.4 3.4519e+01  14 1.00000e+00  
130.5 3.4573e+01  14 1.00000e+00  
130.6 3.4588e+01  14 1.00000e+00  
130.7 3.4685e+01  14 1.00000e+00  
130.8 3.4715e+01  14 1.00000e+00  
130.9 3.4227e+01  14 1.00000e+00  
131.0 3.4260e+01  14 1.00000e+00  
131.1 3.4291e+01  14 1.00000e+00  
131.2 3.4309e+01  14 1.00000e+00  
131.3 3.4350e+01  14 1.00000e+00  
131.4 3.4388e+01  14 1.00000e+00  
131.5 3.4417e+01  14 1.00000e+00  
131.6 3.4428e+01  14 1.00000e+00  
131.7 3.4483e+01  14 1.00000e+00  
131.8 3.4514e+01  14 1.00000e+00  
131.9 3.4518e+01  14 1.00000e+00  
132.0 3.4573e+01  14 1.00000e+00  
132.1 3.4588e+01  14 1.00000e+00  
132.2 3.4678e+01  14 1.00000e+00  
132.3 3.4715e+01  14 1.00000e+00  
132.4 3.4744e+01  14 1.00000e+00  
132.5 3.4751e+01  14 1.00000e+00  
132.6 3.4800e+01  14 1.00000e+00  
132.7 3.4807e+01  14 1.00000e+00  
132.8 3.4853e+01  14 1.00000e+00  
132.9 3.4882e+01  14 1.00000e+00  
133.0 3.4417e+01  14 1.00000e+00  
133.1 3.4428e+01  14 1.00000e+00  
133.2 3.4481e+01  14 1.00000e+00  
133.3 3.4511e+01  14 1.00000e+00  
133.4 3.4519e+01  14 1.00000e+00  
133.5 3.4572e+01  14 1.00000e+00  
133.6 3.4588e+01  14 1.00000e+00  
133.7 3.4688e+01  14 1.00000e+00  
133.8 3.4714e+01  14 1.00000e+00  
133.9 3.4739e+01  14 1.00000e+00  
134.0 3.4753e+01  14 1.00000e+00  
134.1 3.4796e+01  14 1.00000e+00  
134.2 3.4800e+01  14 1.00000e+00  
134.3 3.4849e+01  14 1.00000e+00  
134.4 3.4860e+01  14 1.00000e+00  
134.5 3.4900e+01  14 1.00000e+00  
134.6 3.4927e+01  14 1.00000e+00  
134.7 3.4955e+01  14 1.00000e+00  
134.8 3.4980e+01  14 1.00000e+00  
134.9 3.5009e+01  14 1.00000e+00  
135.0 3.5017e+01  14 1.00000e+00  
135.1 3.5059e+01  14 1.00000e+00  
135.2 3.5084e+01  14 1.00000e+00  
135.3 3.5094e+01  14 1.00000e+00  
135.4 3.4711e+01  14 1.00000e+00  
135.5 3.4755e+01  14 1.00000e+00  
135.6 3.4782e+01  14 1.00000e+00  
135.7 3.4806e+01  14 1.00000e+00  
135.8 3.4835e+01  14 1.00000e+00  
135.9 3.4852e+01  14 1.00000e+00  
136.0 3.4890e+01  14 1.00000e+00  
136.1 3.4895e+01  14 1.00000e+00  
136.2 3.4944e+01  14 1.00000e+00  
136.3 3.4954e+01  14 1.00000e+00  
136.4 3.4994e+01  14 1.00000e+00  
136.5 3.5017e+01  14 1.00000e+00  
136.6 3.5031e+01  14 1.00000e+00  
136.7 3.5073e+01  14 1.00000e+00  
136.8 3.4682e+01  14 1.00000e+00  
136.9 3.4715e+01  14 1.00000e+00  
137.0 3.4740e+01  14 1.00000e+00  
137.1 3.4753e+01  14 1.00000e+00  
137.2 3.4792e+01  14 1.00000e+00  
137.3 3.4798e+01  14 1.00000e+00  
137.4 3.4846e+01  14 1.00000e+00  
137.5 3.4377e+01  14 1.00000e+00  
137.6 3.4407e+01  14 1.00000e+00  
137.7 3.4427e+01  14 1.00000e+00  
137.8 3.4449e+01  14 1.00000e+00  
137.9 3.4497e+01  14 1.00000e+00  
138.0 3.4519e+01  14 1.00000e+00  
138.1 3.4550e+01  14 1.00000e+00  
138.2 3.4581e+01  14 1.00000e+00  
138.3 3.4583e+01  14 1.00000e+00  
138.4 3.4688e+01  14 1.00000e+00  
138.5 3.4712e+01  14 1.00000e+00  
138.6 3.4750e+01  14 1.00000e+00  
138.7 3.4751e+01  14 1.00000e+00  
138.8 3.4801e+01  14 1.00000e+00  
138.9 3.4809e+01  14 1.00000e+00  
139.0 3.4357e+01  14 1.00000e+00  
139.1 3.4388e+01  14 1.00000e+00  
139.2 3.4416e+01  14 1.00000e+00  
139.3 4.3499e+01  14 1.00000e+00  
139.4 4.3536e+01  14 1.00000e+00  
139.5 4.3567e+01  14 1.00000e+00  
139.6 4.3612e+01  14 1.00000e+00  
139.7 4.3656e+01  14 1.00000e+00  
139.8 4.3693e+01  14 1.00000e+00  
139.9 4.3801e+01  14 1.00000e+00  
140.0 4.3142e+01  14 1.00000e+00  
140.1 4.3185e+01  14 1.00000e+00  
140.2 4.3234e+01  14 1.00000e+00  
140.3 4.3275e+01  14 1.00000e+00  
140.4 4.3315e+01  14 1.00000e+00  
140.5 4.3351e+01  14 1.00000e+00  
140.6 4.3382e+01  14 1.00000e+00  
140.7 4.2732e+01  14 1.00000e+00  
140.8 4.2786e+01  14 1.00000e+00  
140.9 4.2829e+01  14 1.00000e+00  
141.0 4.2869e+01  14 1.00000e+00  
141.1 4.2932e+01  14 1.00000e+00  
141.2 4.2966e+01  14 1.00000e+00  
141.3 4.3007e+01  14 1.00000e+00  
141.4 4.3053e+01  14 1.00000e+00  
141.5 4.2393e+01  14 1.00000e+00  
141.6 4.2427e+01  14 1.00000e+00  
141.7 4.2489e+01  14 1.00000e+00  
141.8 4.2536e+01  14 1.00000e+00  
141.9 4.2580e+01  14 1.00000e+00  
142.0 4.2622e+01  14 1.00000e+00  
142.1 4.2655e+01  14 1.00000e+00  
142.2 4.2695e+01  14 1.00000e+00  
142.3 4.2021e+01  14 1.00000e+00  
142.4 4.2074e+01  14 1.00000e+00  
142.5 4.2109e+01  14 1.00000e+00  
142.6 4.2181e+01  14 1.00000e+00  
142.7 4.2194e+01  14 1.00000e+00  
142.8 4.2240e+01  14 1.00000e+00  
142.9 4.2296e+01  14 1.00000e+00  
143.0 4.1648e+01  14 1.00000e+00  
143.1 4.1671e+01  14 1.00000e+00  
143.2 4.1681e+01  14 1.00000e+00  
143.3 4.1736e+01  14 1.00000e+00  
143.4 4.1768e+01  14 1.00000e+00  
143.5 4.1803e+01  14 1.00000e+00  
143.6 4.1840e+01  14 1.00000e+00  
143.7 4.1898e+01  14 1.00000e+00  
143.8 4.1370e+01  14 1.00000e+00  
143.9 4.1417e+01  14 1.00000e+00  
144.0 4.1443e+01  14 1.00000e+00  
144.1 4.1481e+01  14 1.00000e+00  
144.2 4.1516e+01  14 1.00000e+00  
144.3 4.1542e+01  14 1.00000e+00  
144.4 4.1556e+01  14 1.00000e+00  
144.5 4.1608e+01  14 1.00000e+00  
144.6 4.1046e+01  14 1.00000e+00  
144.7 4.1148e+01  14 1.00000e+00  
144.8 4.1183e+01  14 1.00000e+00  
144.9 4.1210e+01  14 1.00000e+00  
145.0 4.1247e+01  14 1.00000e+00  
145.1 4.1271e+01  14 1.00000e+00  
145.2 4.1308e+01  14 1.00000e+00  
145.3 4.0702e+01  14 1.00000e+00  
145.4 4.0758e+01  14 1.00000e+00  
145.5 4.0802e+01  14 1.00000e+00  
145.6 4.0838e+01  14 1.00000e+00  
145.7 4.0870e+01  14 1.00000e+00  
145.8 4.0888e+01  14 1.00000e+00  
145.9 4.0936e+01  14 1.00000e+00  
146.0 4.0973e+01  14 1.00000e+00  
146.1 4.0408e+01  14 1.00000e+00  
146.2 4.0451e+01  14 1.00000e+00  
146.3 4.0489e+01  14 1.00000e+00  
146.4 4.0527e+01  14 1.00000e+00  
146.5 4.0564e+01  14 1.00000e+00  
146.6 4.0601e+01  14 1.00000e+00  
146.7 4.0636e+01  14 1.00000e+00  
146.8 4.0668e+01  14 1.00000e+00  
146.9 4.0695e+01  14 1.00000e+00  
147.0 3.4310e+01  14 1.00000e+00  
147.1 3.4361e+01  14 1.00000e+00  
147.2 3.4390e+01  14 1.00000e+00  
147.3 3.4416e+01  14 1.00000e+00  
147.4 3.4429e+01  14 1.00000e+00  
147.5 3.4470e+01  14 1.00000e+00  
147.6 3.4503e+01  14 1.00000e+00  
147.7 4.0387e+01  14 1.00000e+00  
147.8 3.4556e+01  14 1.00000e+00  
147.9 3.4582e+01  14 1.00000e+00  
148.0 3.4583e+01  14 1.00000e+00  
148.1 3.4679e+01  14 1.00000e+00  
148.2 3.4715e+01  14 1.00000e+00  
148.3 3.4223e+01  14 1.00000e+00  
148.4 3.4252e+01  14 1.00000e+00  
148.5 3.4279e+01  14 1.00000e+00  
148.6 3.4302e+01  14 1.00000e+00  
148.7 3.4316e+01  14 1.00000e+00  
148.8 3.4364e+01  14 1.00000e+00  
148.9 3.4393e+01  14 1.00000e+00  
149.0 3.4418e+01  14 1.00000e+00  
149.1 3.4428e+01  14 1.00000e+00  
149.2 3.4476e+01  14 1.00000e+00  
149.3 3.4504e+01  14 1.00000e+00  
149.4 3.4520e+01  14 1.00000e+00  
149.5 3.4556e+01  14 1.00000e+00  
149.6 3.4582e+01  14 1.00000e+00  
149.7 3.4583e+01  14 1.00000e+00  
149.8 3.4675e+01  14 1.00000e+00  
149.9 3.4715e+01  14 1.00000e+00  
150.0 3.4740e+01  14 1.00000e+00  
