 15.1 1.4506e+00  13 4.45551e-02  
 15.2 1.4582e+00  13 4.49225e-02  
 15.3 1.4658e+00  13 4.52854e-02  
 15.4 1.4734e+00  13 4.56440e-02  
 15.5 1.4810e+00  13 4.59984e-02  
 15.6 1.4886e+00  13 4.63485e-02  
 15.7 1.4961e+00  13 4.66946e-02  
 15.8 1.5037e+00  13 4.70366e-02  
 15.9 1.5113e+00  13 4.73746e-02  
 16.0 1.5189e+00  13 4.77088e-02  
 16.1 1.5265e+00  13 4.79850e-02  
 16.2 1.5341e+00  13 4.83108e-02  
 16.3 1.5417e+00  13 4.86327e-02  
 16.4 1.5492e+00  13 4.89511e-02  
 16.5 1.5568e+00  13 4.92660e-02  
 16.6 1.5644e+00  13 4.95776e-02  
 16.7 1.5720e+00  13 4.98857e-02  
 16.8 1.5795e+00  13 5.01904e-02  
 16.9 1.5871e+00  13 5.04919e-02  
 17.0 1.5947e+00  13 5.07901e-02  
 17.1 1.6023e+00  13 5.10851e-02  
 17.2 1.6098e+00  13 5.13770e-02  
 17.3 1.6174e+00  13 5.16658e-02  
 17.4 1.6250e+00  13 5.19515e-02  
 17.5 1.6325e+00  13 5.22342e-02  
 17.6 1.6401e+00  13 5.25139e-02  
 17.7 1.6477e+00  13 5.27909e-02  
 17.8 1.6552e+00  13 5.30650e-02  
 17.9 1.6628e+00  13 5.33362e-02  
 18.0 1.6704e+00  13 5.36048e-02  
 18.1 1.6779e+00  13 5.38707e-02  
 18.2 1.6855e+00  13 5.41339e-02  
 18.3 1.6930e+00  13 5.43186e-02  
 18.4 1.7006e+00  13 5.45757e-02  
 18.5 1.7081e+00  13 5.48302e-02  
 18.6 1.7157e+00  13 5.50822e-02  
 18.7 1.7239e+00  13 5.53821e-02  
 18.8 1.7361e+00  13 5.59845e-02  
 18.9 1.7485e+00  13 5.65888e-02  
 19.0 1.7609e+00  13 5.71951e-02  
 19.1 1.7734e+00  13 5.78032e-02  
 19.2 1.7861e+00  13 5.84131e-02  
 19.3 1.7988e+00  13 5.90252e-02  
 19.4 1.8116e+00  13 5.96395e-02  
 19.5 1.8245e+00  13 6.02558e-02  
 19.6 1.8375e+00  13 6.08744e-02  
 19.7 1.8506e+00  13 6.14951e-02  
 19.8 1.8638e+00  13 6.21182e-02  
 19.9 1.8771e+00  13 6.27435e-02  
 20.0 1.8905e+00  13 6.33712e-02  
 20.1 1.9040e+00  13 6.40028e-02  
 20.2 1.9176e+00  13 6.46387e-02  
 20.3 1.7597e+01  14 1.00000e+00  
 20.4 1.7677e+01  14 1.00000e+00  
 20.5 1.7729e+01  14 1.00000e+00  
 20.6 1.7809e+01  14 1.00000e+00  
 20.7 1.7888e+01  14 1.00000e+00  
 20.8 1.7969e+01  14 1.00000e+00  
 20.9 1.8049e+01  14 1.00000e+00  
 21.0 1.8128e+01  14 1.00000e+00  
 21.1 1.8207e+01  14 1.00000e+00  
 21.2 1.8286e+01  14 1.00000e+00  
 21.3 1.8335e+01  14 1.00000e+00  
 21.4 1.8413e+01  14 1.00000e+00  
 21.5 1.8491e+01  14 1.00000e+00  
 21.6 1.8571e+01  14 1.00000e+00  
 21.7 1.8649e+01  14 1.00000e+00  
 21.8 1.8727e+01  14 1.00000e+00  
 21.9 1.8805e+01  14 1.00000e+00  
 22.0 1.8882e+01  14 1.00000e+00  
 22.1 1.8928e+01  14 1.00000e+00  
 22.2 1.9005e+01  14 1.00000e+00  
 22.3 1.9081e+01  14 1.00000e+00  
 22.4 1.9160e+01  14 1.00000e+00  
 22.5 1.9237e+01  14 1.00000e+00  
 22.6 1.9313e+01  14 1.00000e+00  
 22.7 1.9389e+01  14 1.00000e+00  
 22.8 1.9464e+01  14 1.00000e+00  
 22.9 1.9507e+01  14 1.00000e+00  
 23.0 1.9582e+01  14 1.00000e+00  
 23.1 1.9657e+01  14 1.00000e+00  
 23.2 5.5216e+00  14 2.45384e-01  
 23.3 5.6344e+00  14 2.50377e-01  
 23.4 5.7486e+00  14 2.55409e-01  
 23.5 5.8642e+00  14 2.60479e-01  
 23.6 5.9801e+00  14 2.66005e-01  
 23.7 6.0984e+00  14 2.71152e-01  
 23.8 6.2180e+00  14 2.76336e-01  
 23.9 6.3391e+00  14 2.81559e-01  
 24.0 6.4618e+00  14 2.86785e-01  
 24.1 6.5859e+00  14 2.92079e-01  
 24.2 6.7114e+00  14 2.97409e-01  
 24.3 6.8382e+00  14 3.02783e-01  
 24.4 6.9630e+00  14 3.08577e-01  
 24.5 7.0925e+00  14 3.14018e-01  
 24.6 7.2234e+00  14 3.19495e-01  
 24.7 7.3558e+00  14 3.25003e-01  
 24.8 7.4900e+00  14 3.30524e-01  
 24.9 7.6252e+00  14 3.36112e-01  
 25.0 7.7619e+00  14 3.41733e-01  
 25.1 7.9001e+00  14 3.47392e-01  
 25.2 8.0335e+00  14 3.53440e-01  
 25.3 8.1742e+00  14 3.59164e-01  
 25.4 8.3164e+00  14 3.64922e-01  
 25.5 8.4603e+00  14 3.70703e-01  
 25.6 8.6056e+00  14 3.76519e-01  
 25.7 8.7521e+00  14 3.82384e-01  
 25.8 8.9000e+00  14 3.88285e-01  
 25.9 9.0494e+00  14 3.94220e-01  
 26.0 9.1912e+00  14 4.00512e-01  
 26.1 9.3431e+00  14 4.06510e-01  
 26.2 9.4964e+00  14 4.12545e-01  
 26.3 9.6515e+00  14 4.18599e-01  
 26.4 9.8082e+00  14 4.24688e-01  
 26.5 9.9659e+00  14 4.30823e-01  
 26.6 1.0125e+01  14 4.36992e-01  
 26.7 1.0286e+01  14 4.43195e-01  
 26.8 1.0435e+01  14 4.49726e-01  
 26.9 1.0598e+01  14 4.55989e-01  
 27.0 1.0763e+01  14 4.62292e-01  
 27.1 1.0929e+01  14 4.68614e-01  
 27.2 1.1097e+01  14 4.74967e-01  
 27.3 1.1266e+01  14 4.81365e-01  
 27.4 1.1436e+01  14 4.87796e-01  
 27.5 1.1608e+01  14 4.94260e-01  
 27.6 1.1765e+01  14 5.01024e-01  
 27.7 1.1939e+01  14 5.07553e-01  
 27.8 1.2114e+01  14 5.14114e-01  
 27.9 1.2292e+01  14 5.20688e-01  
 28.0 1.2471e+01  14 5.27306e-01  
 28.1 1.2651e+01  14 5.33962e-01  
 28.2 1.2832e+01  14 5.40650e-01  
 28.3 1.2995e+01  14 5.47615e-01  
 28.4 1.3179e+01  14 5.54363e-01  
 28.5 1.3363e+01  14 5.61146e-01  
 28.6 1.3550e+01  14 5.67961e-01  
 28.7 1.3739e+01  14 5.74786e-01  
 28.8 1.3929e+01  14 5.81663e-01  
 28.9 1.4119e+01  14 5.88572e-01  
 29.0 1.4311e+01  14 5.95514e-01  
 29.1 1.4481e+01  14 6.02703e-01  
 29.2 1.4675e+01  14 6.09703e-01  
 29.3 1.4871e+01  14 6.16738e-01  
 29.4 1.5068e+01  14 6.23803e-01  
 29.5 1.5269e+01  14 6.30880e-01  
 29.6 1.5469e+01  14 6.38007e-01  
 29.7 1.5670e+01  14 6.45166e-01  
 29.8 1.5873e+01  14 6.52357e-01  
 29.9 1.6048e+01  14 6.59767e-01  
 30.0 1.6253e+01  14 6.67047e-01  
 30.1 1.6460e+01  14 6.74327e-01  
 30.2 1.6667e+01  14 6.81643e-01  
 30.3 1.6879e+01  14 6.88970e-01  
 30.4 1.7090e+01  14 6.96345e-01  
 30.5 1.7302e+01  14 7.03751e-01  
 30.6 1.7515e+01  14 7.11189e-01  
 30.7 1.7694e+01  14 7.18816e-01  
 30.8 1.7910e+01  14 7.26311e-01  
 30.9 1.8126e+01  14 7.33837e-01  
 31.0 1.8345e+01  14 7.41394e-01  
 31.1 1.8567e+01  14 7.48971e-01  
 31.2 1.8788e+01  14 7.56590e-01  
 31.3 1.9010e+01  14 7.64241e-01  
 31.4 1.9233e+01  14 7.71923e-01  
 31.5 1.9416e+01  14 7.79763e-01  
 31.6 1.9642e+01  14 7.87502e-01  
 31.7 1.9869e+01  14 7.95271e-01  
 31.8 2.0097e+01  14 8.03072e-01  
 31.9 2.0329e+01  14 8.10896e-01  
 32.0 2.0561e+01  14 8.18755e-01  
 32.1 2.0793e+01  14 8.26649e-01  
 32.2 2.1026e+01  14 8.34573e-01  
 32.3 2.1212e+01  14 8.42621e-01  
 32.4 2.1447e+01  14 8.50601e-01  
 32.5 2.1684e+01  14 8.58612e-01  
 32.6 2.1921e+01  14 8.66654e-01  
 32.7 2.2161e+01  14 8.74726e-01  
 32.8 2.2406e+01  14 8.82822e-01  
 32.9 2.2648e+01  14 8.90956e-01  
 33.0 2.2891e+01  14 8.99122e-01  
 33.1 2.3077e+01  14 9.07374e-01  
 33.2 2.3322e+01  14 9.15595e-01  
 33.3 2.3568e+01  14 9.23846e-01  
 33.4 2.3814e+01  14 9.32128e-01  
 33.5 2.4063e+01  14 9.40441e-01  
 33.6 2.4319e+01  14 9.48781e-01  
 33.7 2.4570e+01  14 9.57155e-01  
 33.8 2.4822e+01  14 9.65559e-01  
 33.9 2.5008e+01  14 9.74011e-01  
 34.0 2.5262e+01  14 9.82471e-01  
 34.1 2.5517e+01  14 9.90962e-01  
 34.2 2.5772e+01  14 9.99483e-01  
 34.3 2.5829e+01  14 1.00000e+00  
 34.4 2.5877e+01  14 1.00000e+00  
 34.5 2.5923e+01  14 1.00000e+00  
 34.6 2.5967e+01  14 1.00000e+00  
 34.7 2.6010e+01  14 1.00000e+00  
 34.8 2.5977e+01  14 1.00000e+00  
 34.9 2.6019e+01  14 1.00000e+00  
 35.0 2.6061e+01  14 1.00000e+00  
 35.1 2.6102e+01  14 1.00000e+00  
 35.2 2.6017e+01  14 1.00000e+00  
 35.3 2.6065e+01  14 1.00000e+00  
 35.4 2.6105e+01  14 1.00000e+00  
 35.5 2.6146e+01  14 1.00000e+00  
 35.6 2.6104e+01  14 1.00000e+00  
 35.7 2.6005e+01  14 1.00000e+00  
 35.8 2.6044e+01  14 1.00000e+00  
 35.9 2.6084e+01  14 1.00000e+00  
 36.0 2.6123e+01  14 1.00000e+00  
 36.1 2.6170e+01  14 1.00000e+00  
 36.2 2.6068e+01  14 1.00000e+00  
 36.3 2.6106e+01  14 1.00000e+00  
 36.4 2.6054e+01  14 1.00000e+00  
 36.5 2.6092e+01  14 1.00000e+00  
 36.6 2.5985e+01  14 1.00000e+00  
 36.7 2.4817e+01  14 1.00000e+00  
 36.8 2.2195e+01  14 1.00000e+00  
 36.9 2.0861e+01  14 1.00000e+00  
 37.0 1.7901e+01  14 1.00000e+00  
 37.1 1.6591e+01  14 1.00000e+00  
 37.2 1.4021e+01  14 1.00000e+00  
 37.3 1.3898e+01  14 1.00000e+00  
 37.4 1.3800e+01  14 1.00000e+00  
 37.5 1.3767e+01  14 1.00000e+00  
 37.6 1.3690e+01  14 1.00000e+00  
 37.7 1.3704e+01  14 1.00000e+00  
 37.8 1.3686e+01  14 1.00000e+00  
 37.9 1.3616e+01  14 1.00000e+00  
 38.0 1.3577e+01  14 1.00000e+00  
 38.1 1.3497e+01  14 1.00000e+00  
 38.2 1.3470e+01  14 1.00000e+00  
 38.3 1.3498e+01  14 1.00000e+00  
 38.4 1.3365e+01  14 1.00000e+00  
 38.5 1.3329e+01  14 1.00000e+00  
 38.6 1.3282e+01  14 1.00000e+00  
 38.7 1.3261e+01  14 1.00000e+00  
 38.8 1.3225e+01  14 1.00000e+00  
 38.9 1.3221e+01  14 1.00000e+00  
 39.0 1.3119e+01  14 9.95928e-01  
 39.1 1.3013e+01  14 9.90533e-01  
 39.2 1.2948e+01  14 9.87196e-01  
 39.3 1.2775e+01  14 9.78366e-01  
 39.4 1.2834e+01  14 9.81376e-01  
 39.5 1.2544e+01  14 9.66538e-01  
 39.6 1.2326e+01  14 9.55292e-01  
 39.7 1.2319e+01  14 9.54926e-01  
 39.8 1.2370e+01  14 9.57578e-01  
 39.9 1.2447e+01  14 9.61522e-01  
 40.0 1.2521e+01  14 9.65369e-01  
 40.1 1.2595e+01  14 9.69165e-01  
 40.2 1.2699e+01  14 9.74465e-01  
 40.3 1.2809e+01  14 9.80103e-01  
 40.4 1.3160e+01  14 9.97961e-01  
 40.5 1.3218e+01  14 1.00000e+00  
 40.6 1.3253e+01  14 1.00000e+00  
 40.7 1.3283e+01  14 1.00000e+00  
 40.8 1.3314e+01  14 1.00000e+00  
 40.9 1.3345e+01  14 1.00000e+00  
 41.0 1.3375e+01  14 1.00000e+00  
 41.1 1.3405e+01  14 1.00000e+00  
 41.2 1.3434e+01  14 1.00000e+00  
 41.3 1.3474e+01  14 1.00000e+00  
 41.4 1.3523e+01  14 1.00000e+00  
 41.5 1.3648e+01  14 1.00000e+00  
 41.6 1.3682e+01  14 1.00000e+00  
 41.7 1.3716e+01  14 1.00000e+00  
 41.8 1.3747e+01  14 1.00000e+00  
 41.9 1.3778e+01  14 1.00000e+00  
 42.0 1.3809e+01  14 1.00000e+00  
 42.1 1.3840e+01  14 1.00000e+00  
 42.2 1.3870e+01  14 1.00000e+00  
 42.3 1.3901e+01  14 1.00000e+00  
 42.4 1.3944e+01  14 1.00000e+00  
 42.5 1.3987e+01  14 1.00000e+00  
 42.6 1.4052e+01  14 1.00000e+00  
 42.7 1.4108e+01  14 1.00000e+00  
 42.8 1.4195e+01  14 1.00000e+00  
 42.9 1.4229e+01  14 1.00000e+00  
 43.0 1.4261e+01  14 1.00000e+00  
 43.1 1.4293e+01  14 1.00000e+00  
 43.2 1.4324e+01  14 1.00000e+00  
 43.3 1.4355e+01  14 1.00000e+00  
 43.4 1.4385e+01  14 1.00000e+00  
 43.5 1.4417e+01  14 1.00000e+00  
 43.6 1.4473e+01  14 1.00000e+00  
 43.7 1.4535e+01  14 1.00000e+00  
 43.8 1.4589e+01  14 1.00000e+00  
 43.9 1.4636e+01  14 1.00000e+00  
 44.0 1.4720e+01  14 1.00000e+00  
 44.1 1.4756e+01  14 1.00000e+00  
 44.2 1.4787e+01  14 1.00000e+00  
 44.3 1.4819e+01  14 1.00000e+00  
 44.4 1.4851e+01  14 1.00000e+00  
 44.5 1.4872e+01  14 1.00000e+00  
 44.6 1.4902e+01  14 1.00000e+00  
 44.7 1.4936e+01  14 1.00000e+00  
 44.8 1.4995e+01  14 1.00000e+00  
 44.9 1.5057e+01  14 1.00000e+00  
 45.0 1.5111e+01  14 1.00000e+00  
 45.1 1.5159e+01  14 1.00000e+00  
 45.2 1.5203e+01  14 1.00000e+00  
 45.3 1.5282e+01  14 1.00000e+00  
 45.4 1.5314e+01  14 1.00000e+00  
 45.5 1.5347e+01  14 1.00000e+00  
 45.6 1.5379e+01  14 1.00000e+00  
 45.7 1.5411e+01  14 1.00000e+00  
 45.8 1.5442e+01  14 1.00000e+00  
 45.9 1.5473e+01  14 1.00000e+00  
 46.0 1.5504e+01  14 1.00000e+00  
 46.1 1.5547e+01  14 1.00000e+00  
 46.2 1.5622e+01  14 1.00000e+00  
 46.3 1.5678e+01  14 1.00000e+00  
 46.4 1.5729e+01  14 1.00000e+00  
 46.5 1.5775e+01  14 1.00000e+00  
 46.6 1.5860e+01  14 1.00000e+00  
 46.7 1.5896e+01  14 1.00000e+00  
 46.8 1.5928e+01  14 1.00000e+00  
 46.9 1.5961e+01  14 1.00000e+00  
 47.0 1.5994e+01  14 1.00000e+00  
 47.1 1.6028e+01  14 1.00000e+00  
 47.2 1.6060e+01  14 1.00000e+00  
 47.3 1.6089e+01  14 1.00000e+00  
 47.4 1.6121e+01  14 1.00000e+00  
 47.5 1.6165e+01  14 1.00000e+00  
 47.6 1.6205e+01  14 1.00000e+00  
 47.7 1.6273e+01  14 1.00000e+00  
 47.8 1.6297e+01  14 1.00000e+00  
 47.9 1.6374e+01  14 1.00000e+00  
 48.0 1.6409e+01  14 1.00000e+00  
 48.1 1.6470e+01  14 1.00000e+00  
 48.2 1.6504e+01  14 1.00000e+00  
 48.3 1.6564e+01  14 1.00000e+00  
 48.4 1.6597e+01  14 1.00000e+00  
 48.5 1.6656e+01  14 1.00000e+00  
 48.6 1.6690e+01  14 1.00000e+00  
 48.7 1.6748e+01  14 1.00000e+00  
 48.8 1.6782e+01  14 1.00000e+00  
 48.9 1.6788e+01  14 1.00000e+00  
 49.0 1.6876e+01  14 1.00000e+00  
 49.1 1.6900e+01  14 1.00000e+00  
 49.2 1.6968e+01  14 1.00000e+00  
 49.3 1.6997e+01  14 1.00000e+00  
 49.4 1.7060e+01  14 1.00000e+00  
 49.5 1.7093e+01  14 1.00000e+00  
 49.6 1.7097e+01  14 1.00000e+00  
 49.7 1.7188e+01  14 1.00000e+00  
 49.8 1.7210e+01  14 1.00000e+00  
 49.9 1.7226e+01  14 1.00000e+00  
 50.0 1.7314e+01  14 1.00000e+00  
 50.1 1.7317e+01  14 1.00000e+00  
 50.2 1.7407e+01  14 1.00000e+00  
 50.3 1.7436e+01  14 1.00000e+00  
 50.4 1.7450e+01  14 1.00000e+00  
 50.5 1.7547e+01  14 1.00000e+00  
 50.6 1.7573e+01  14 1.00000e+00  
 50.7 1.7579e+01  14 1.00000e+00  
 50.8 1.7647e+01  14 1.00000e+00  
 50.9 1.7702e+01  14 1.00000e+00  
 51.0 1.7715e+01  14 1.00000e+00  
 51.1 1.7786e+01  14 1.00000e+00  
 51.2 1.7817e+01  14 1.00000e+00  
 51.3 1.7849e+01  14 1.00000e+00  
 51.4 1.7920e+01  14 1.00000e+00  
 51.5 1.7974e+01  14 1.00000e+00  
 51.6 1.7981e+01  14 1.00000e+00  
 51.7 1.8052e+01  14 1.00000e+00  
 51.8 1.8124e+01  14 1.00000e+00  
 51.9 1.8121e+01  14 1.00000e+00  
 52.0 1.8176e+01  14 1.00000e+00  
 52.1 1.8249e+01  14 1.00000e+00  
 52.2 1.8267e+01  14 1.00000e+00  
 52.3 1.8296e+01  14 1.00000e+00  
 52.4 1.8369e+01  14 1.00000e+00  
 52.5 1.8440e+01  14 1.00000e+00  
 52.6 1.8443e+01  14 1.00000e+00  
 52.7 1.8482e+01  14 1.00000e+00  
 52.8 1.8555e+01  14 1.00000e+00  
 52.9 1.8625e+01  14 1.00000e+00  
 53.0 1.8654e+01  14 1.00000e+00  
 53.1 1.8661e+01  14 1.00000e+00  
 53.2 1.8734e+01  14 1.00000e+00  
 53.3 1.8805e+01  14 1.00000e+00  
 53.4 1.8875e+01  14 1.00000e+00  
 53.5 1.8836e+01  14 1.00000e+00  
 53.6 1.8896e+01  14 1.00000e+00  
 53.7 1.8970e+01  14 1.00000e+00  
 53.8 1.9041e+01  14 1.00000e+00  
 53.9 1.9103e+01  14 1.00000e+00  
 54.0 1.9062e+01  14 1.00000e+00  
 54.1 1.9136e+01  14 1.00000e+00  
 54.2 1.9208e+01  14 1.00000e+00  
 54.3 1.9275e+01  14 1.00000e+00  
 54.4 1.9273e+01  14 1.00000e+00  
 54.5 1.9292e+01  14 1.00000e+00  
 54.6 1.9366e+01  14 1.00000e+00  
 54.7 1.9435e+01  14 1.00000e+00  
 54.8 1.9502e+01  14 1.00000e+00  
 54.9 1.9570e+01  14 1.00000e+00  
 55.0 1.9512e+01  14 1.00000e+00  
 55.1 1.9582e+01  14 1.00000e+00  
 55.2 1.9654e+01  14 1.00000e+00  
 55.3 1.9721e+01  14 1.00000e+00  
 55.4 1.9789e+01  14 1.00000e+00  
 55.5 1.9797e+01  14 1.00000e+00  
 55.6 1.9790e+01  14 1.00000e+00  
 55.7 1.9863e+01  14 1.00000e+00  
 55.8 1.9930e+01  14 1.00000e+00  
 55.9 1.9997e+01  14 1.00000e+00  
 56.0 2.0066e+01  14 1.00000e+00  
 56.1 2.0098e+01  14 1.00000e+00  
 56.2 2.0058e+01  14 1.00000e+00  
 56.3 2.0127e+01  14 1.00000e+00  
 56.4 2.0196e+01  14 1.00000e+00  
 56.5 2.0263e+01  14 1.00000e+00  
 56.6 2.0330e+01  14 1.00000e+00  
 56.7 2.0396e+01  14 1.00000e+00  
 56.8 2.0348e+01  14 1.00000e+00  
 56.9 2.0379e+01  14 1.00000e+00  
 57.0 2.0439e+01  14 1.00000e+00  
 57.1 2.0506e+01  14 1.00000e+00  
 57.2 2.0573e+01  14 1.00000e+00  
 57.3 2.0642e+01  14 1.00000e+00  
 57.4 2.0707e+01  14 1.00000e+00  
 57.5 2.0704e+01  14 1.00000e+00  
 57.6 2.0712e+01  14 1.00000e+00  
 57.7 2.0742e+01  14 1.00000e+00  
 57.8 2.0807e+01  14 1.00000e+00  
 57.9 2.0876e+01  14 1.00000e+00  
 58.0 2.0944e+01  14 1.00000e+00  
 58.1 2.1010e+01  14 1.00000e+00  
 58.2 2.1069e+01  14 1.00000e+00  
 58.3 2.1081e+01  14 1.00000e+00  
 58.4 2.1092e+01  14 1.00000e+00  
 58.5 2.1115e+01  14 1.00000e+00  
 58.6 2.1157e+01  14 1.00000e+00  
 58.7 2.1224e+01  14 1.00000e+00  
 58.8 2.1294e+01  14 1.00000e+00  
 58.9 2.1359e+01  14 1.00000e+00  
 59.0 2.1424e+01  14 1.00000e+00  
 59.1 2.1466e+01  14 1.00000e+00  
 59.2 2.1506e+01  14 1.00000e+00  
 59.3 2.1539e+01  14 1.00000e+00  
 59.4 2.1551e+01  14 1.00000e+00  
 59.5 2.1575e+01  14 1.00000e+00  
 59.6 2.1617e+01  14 1.00000e+00  
 59.7 2.1683e+01  14 1.00000e+00  
 59.8 2.1751e+01  14 1.00000e+00  
 59.9 2.1816e+01  14 1.00000e+00  
 60.0 2.1873e+01  14 1.00000e+00  
 60.1 2.1932e+01  14 1.00000e+00  
 60.2 2.1978e+01  14 1.00000e+00  
 60.3 2.2019e+01  14 1.00000e+00  
 60.4 2.2057e+01  14 1.00000e+00  
 60.5 2.2068e+01  14 1.00000e+00  
 60.6 2.2106e+01  14 1.00000e+00  
 60.7 2.2132e+01  14 1.00000e+00  
 60.8 2.2167e+01  14 1.00000e+00  
 60.9 2.2231e+01  14 1.00000e+00  
 61.0 2.2345e+01  14 1.00000e+00  
 61.1 2.2424e+01  14 1.00000e+00  
 61.2 2.2485e+01  14 1.00000e+00  
 61.3 2.2543e+01  14 1.00000e+00  
 61.4 2.2531e+01  14 1.00000e+00  
 61.5 2.2583e+01  14 1.00000e+00  
 61.6 2.2628e+01  14 1.00000e+00  
 61.7 2.2670e+01  14 1.00000e+00  
 61.8 2.2710e+01  14 1.00000e+00  
 61.9 2.2745e+01  14 1.00000e+00  
 62.0 2.2761e+01  14 1.00000e+00  
 62.1 2.2843e+01  14 1.00000e+00  
 62.2 2.2877e+01  14 1.00000e+00  
 62.3 2.2938e+01  14 1.00000e+00  
 62.4 2.2997e+01  14 1.00000e+00  
 62.5 2.3057e+01  14 1.00000e+00  
 62.6 2.3115e+01  14 1.00000e+00  
 62.7 2.3172e+01  14 1.00000e+00  
 62.8 2.3231e+01  14 1.00000e+00  
 62.9 2.3294e+01  14 1.00000e+00  
 63.0 2.3274e+01  14 1.00000e+00  
 63.1 2.3330e+01  14 1.00000e+00  
 63.2 2.3374e+01  14 1.00000e+00  
 63.3 2.3424e+01  14 1.00000e+00  
 63.4 2.3472e+01  14 1.00000e+00  
 63.5 2.3429e+01  14 1.00000e+00  
 63.6 2.3469e+01  14 1.00000e+00  
 63.7 2.3516e+01  14 1.00000e+00  
 63.8 2.3571e+01  14 1.00000e+00  
 63.9 2.3634e+01  14 1.00000e+00  
 64.0 2.3697e+01  14 1.00000e+00  
 64.1 2.3757e+01  14 1.00000e+00  
 64.2 2.3815e+01  14 1.00000e+00  
 64.3 2.3869e+01  14 1.00000e+00  
 64.4 2.3930e+01  14 1.00000e+00  
 64.5 2.3980e+01  14 1.00000e+00  
 64.6 2.4034e+01  14 1.00000e+00  
 64.7 2.4089e+01  14 1.00000e+00  
 64.8 2.4145e+01  14 1.00000e+00  
 64.9 2.4169e+01  14 1.00000e+00  
 65.0 2.4144e+01  14 1.00000e+00  
 65.1 2.4270e+01  14 1.00000e+00  
 65.2 2.4316e+01  14 1.00000e+00  
 65.3 2.4358e+01  14 1.00000e+00  
 65.4 2.4408e+01  14 1.00000e+00  
 65.5 2.4445e+01  14 1.00000e+00  
 65.6 2.4494e+01  14 1.00000e+00  
 65.7 2.4537e+01  14 1.00000e+00  
 65.8 2.4578e+01  14 1.00000e+00  
 65.9 2.4595e+01  14 1.00000e+00  
 66.0 2.4636e+01  14 1.00000e+00  
 66.1 2.4674e+01  14 1.00000e+00  
 66.2 2.4708e+01  14 1.00000e+00  
 66.3 2.4741e+01  14 1.00000e+00  
 66.4 2.4782e+01  14 1.00000e+00  
 66.5 2.4829e+01  14 1.00000e+00  
 66.6 2.4925e+01  14 1.00000e+00  
 66.7 2.5026e+01  14 1.00000e+00  
 66.8 2.5036e+01  14 1.00000e+00  
 66.9 2.5092e+01  14 1.00000e+00  
 67.0 2.5145e+01  14 1.00000e+00  
 67.1 2.5195e+01  14 1.00000e+00  
 67.2 2.5252e+01  14 1.00000e+00  
 67.3 2.5304e+01  14 1.00000e+00  
 67.4 2.5357e+01  14 1.00000e+00  
 67.5 2.5409e+01  14 1.00000e+00  
 67.6 2.5462e+01  14 1.00000e+00  
 67.7 2.5513e+01  14 1.00000e+00  
 67.8 2.5564e+01  14 1.00000e+00  
 67.9 2.5622e+01  14 1.00000e+00  
 68.0 2.5673e+01  14 1.00000e+00  
 68.1 2.5722e+01  14 1.00000e+00  
 68.2 2.5770e+01  14 1.00000e+00  
 68.3 2.5827e+01  14 1.00000e+00  
 68.4 2.5874e+01  14 1.00000e+00  
 68.5 2.5929e+01  14 1.00000e+00  
 68.6 2.5922e+01  14 1.00000e+00  
 68.7 2.5964e+01  14 1.00000e+00  
 68.8 2.6018e+01  14 1.00000e+00  
 68.9 2.6067e+01  14 1.00000e+00  
 69.0 2.6115e+01  14 1.00000e+00  
 69.1 2.6164e+01  14 1.00000e+00  
 69.2 2.6212e+01  14 1.00000e+00  
 69.3 2.6260e+01  14 1.00000e+00  
 69.4 2.6308e+01  14 1.00000e+00  
 69.5 2.6356e+01  14 1.00000e+00  
 69.6 2.6404e+01  14 1.00000e+00  
 69.7 2.6451e+01  14 1.00000e+00  
 69.8 2.6499e+01  14 1.00000e+00  
 69.9 2.6546e+01  14 1.00000e+00  
 70.0 2.6593e+01  14 1.00000e+00  
 70.1 2.6638e+01  14 1.00000e+00  
 70.2 2.6682e+01  14 1.00000e+00  
 70.3 2.6726e+01  14 1.00000e+00  
 70.4 2.6784e+01  14 1.00000e+00  
 70.5 2.6831e+01  14 1.00000e+00  
 70.6 2.6876e+01  14 1.00000e+00  
 70.7 2.6923e+01  14 1.00000e+00  
 70.8 2.6968e+01  14 1.00000e+00  
 70.9 2.7012e+01  14 1.00000e+00  
 71.0 2.7054e+01  14 1.00000e+00  
 71.1 2.7112e+01  14 1.00000e+00  
 71.2 2.7160e+01  14 1.00000e+00  
 71.3 2.7206e+01  14 1.00000e+00  
 71.4 2.7266e+01  14 1.00000e+00  
 71.5 2.7311e+01  14 1.00000e+00  
 71.6 2.7421e+01  14 1.00000e+00  
 71.7 2.7400e+01  14 1.00000e+00  
 71.8 2.7347e+01  14 1.00000e+00  
 71.9 2.7429e+01  14 1.00000e+00  
 72.0 2.7476e+01  14 1.00000e+00  
 72.1 2.7524e+01  14 1.00000e+00  
 72.2 2.7572e+01  14 1.00000e+00  
 72.3 2.7620e+01  14 1.00000e+00  
 72.4 2.7669e+01  14 1.00000e+00  
 72.5 2.7719e+01  14 1.00000e+00  
 72.6 2.7768e+01  14 1.00000e+00  
 72.7 2.7817e+01  14 1.00000e+00  
 72.8 2.7866e+01  14 1.00000e+00  
 72.9 2.7915e+01  14 1.00000e+00  
 73.0 2.7997e+01  14 1.00000e+00  
 73.1 2.8049e+01  14 1.00000e+00  
 73.2 2.8096e+01  14 1.00000e+00  
 73.3 2.8141e+01  14 1.00000e+00  
 73.4 2.8186e+01  14 1.00000e+00  
 73.5 2.8231e+01  14 1.00000e+00  
 73.6 2.8250e+01  14 1.00000e+00  
 73.7 2.8296e+01  14 1.00000e+00  
 73.8 2.8343e+01  14 1.00000e+00  
 73.9 2.8430e+01  14 1.00000e+00  
 74.0 2.8551e+01  14 1.00000e+00  
 74.1 2.8455e+01  14 1.00000e+00  
 74.2 2.8504e+01  14 1.00000e+00  
 74.3 2.8554e+01  14 1.00000e+00  
 74.4 2.8604e+01  14 1.00000e+00  
 74.5 2.8655e+01  14 1.00000e+00  
 74.6 2.8703e+01  14 1.00000e+00  
 74.7 2.8751e+01  14 1.00000e+00  
 74.8 2.8800e+01  14 1.00000e+00  
 74.9 2.8848e+01  14 1.00000e+00  
 75.0 2.8897e+01  14 1.00000e+00  
 75.1 2.8947e+01  14 1.00000e+00  
 75.2 2.9038e+01  14 1.00000e+00  
 75.3 2.9109e+01  14 1.00000e+00  
 75.4 2.9156e+01  14 1.00000e+00  
 75.5 2.9117e+01  14 1.00000e+00  
 75.6 2.9168e+01  14 1.00000e+00  
 75.7 2.9219e+01  14 1.00000e+00  
 75.8 2.9271e+01  14 1.00000e+00  
 75.9 2.9322e+01  14 1.00000e+00  
 76.0 2.9373e+01  14 1.00000e+00  
 76.1 2.9425e+01  14 1.00000e+00  
 76.2 2.9477e+01  14 1.00000e+00  
 76.3 2.9552e+01  14 1.00000e+00  
 76.4 2.9613e+01  14 1.00000e+00  
 76.5 2.9674e+01  14 1.00000e+00  
 76.6 2.9721e+01  14 1.00000e+00  
 76.7 2.9767e+01  14 1.00000e+00  
 76.8 2.9813e+01  14 1.00000e+00  
 76.9 2.9861e+01  14 1.00000e+00  
 77.0 2.9909e+01  14 1.00000e+00  
 77.1 2.9942e+01  14 1.00000e+00  
 77.2 3.0066e+01  14 1.00000e+00  
 77.3 3.0081e+01  14 1.00000e+00  
 77.4 3.0074e+01  14 1.00000e+00  
 77.5 3.0132e+01  14 1.00000e+00  
 77.6 3.0185e+01  14 1.00000e+00  
 77.7 3.0238e+01  14 1.00000e+00  
 77.8 3.0286e+01  14 1.00000e+00  
 77.9 3.0332e+01  14 1.00000e+00  
 78.0 3.0379e+01  14 1.00000e+00  
 78.1 3.0420e+01  14 1.00000e+00  
 78.2 3.0473e+01  14 1.00000e+00  
 78.3 3.0523e+01  14 1.00000e+00  
 78.4 3.0572e+01  14 1.00000e+00  
 78.5 3.0620e+01  14 1.00000e+00  
 78.6 3.0667e+01  14 1.00000e+00  
 78.7 3.0702e+01  14 1.00000e+00  
 78.8 3.0797e+01  14 1.00000e+00  
 78.9 3.0811e+01  14 1.00000e+00  
 79.0 3.0854e+01  14 1.00000e+00  
 79.1 3.0890e+01  14 1.00000e+00  
 79.2 3.0950e+01  14 1.00000e+00  
 79.3 3.0999e+01  14 1.00000e+00  
 79.4 3.1045e+01  14 1.00000e+00  
 79.5 3.1173e+01  14 1.00000e+00  
 79.6 3.1087e+01  14 1.00000e+00  
 79.7 3.1210e+01  14 1.00000e+00  
 79.8 3.1320e+01  14 1.00000e+00  
 79.9 3.1363e+01  14 1.00000e+00  
 80.0 3.1407e+01  14 1.00000e+00  
 80.1 3.1448e+01  14 1.00000e+00  
 80.2 3.1496e+01  14 1.00000e+00  
 80.3 3.1532e+01  14 1.00000e+00  
 80.4 3.1587e+01  14 1.00000e+00  
 80.5 3.1610e+01  14 1.00000e+00  
 80.6 3.1672e+01  14 1.00000e+00  
 80.7 3.1713e+01  14 1.00000e+00  
 80.8 3.1749e+01  14 1.00000e+00  
 80.9 3.1803e+01  14 1.00000e+00  
 81.0 3.1841e+01  14 1.00000e+00  
 81.1 3.1883e+01  14 1.00000e+00  
 81.2 3.1931e+01  14 1.00000e+00  
 81.3 3.1958e+01  14 1.00000e+00  
 81.4 3.2017e+01  14 1.00000e+00  
 81.5 3.2043e+01  14 1.00000e+00  
 81.6 3.2100e+01  14 1.00000e+00  
 81.7 3.2126e+01  14 1.00000e+00  
 81.8 3.2186e+01  14 1.00000e+00  
 81.9 3.2214e+01  14 1.00000e+00  
 82.0 3.2265e+01  14 1.00000e+00  
 82.1 3.2308e+01  14 1.00000e+00  
 82.2 3.2338e+01  14 1.00000e+00  
 82.3 3.2386e+01  14 1.00000e+00  
 82.4 3.2431e+01  14 1.00000e+00  
 82.5 3.2460e+01  14 1.00000e+00  
 82.6 3.2494e+01  14 1.00000e+00  
 82.7 3.2603e+01  14 1.00000e+00  
 82.8 3.2669e+01  14 1.00000e+00  
 82.9 3.2608e+01  14 1.00000e+00  
 83.0 3.2641e+01  14 1.00000e+00  
 83.1 3.2685e+01  14 1.00000e+00  
 83.2 3.2729e+01  14 1.00000e+00  
 83.3 3.2776e+01  14 1.00000e+00  
 83.4 3.2825e+01  14 1.00000e+00  
 83.5 3.2873e+01  14 1.00000e+00  
 83.6 3.2930e+01  14 1.00000e+00  
 83.7 3.3000e+01  14 1.00000e+00  
 83.8 3.3073e+01  14 1.00000e+00  
 83.9 3.3142e+01  14 1.00000e+00  
 84.0 3.3207e+01  14 1.00000e+00  
 84.1 3.3271e+01  14 1.00000e+00  
 84.2 3.3334e+01  14 1.00000e+00  
 84.3 3.3427e+01  14 1.00000e+00  
 84.4 3.3458e+01  14 1.00000e+00  
 84.5 3.3480e+01  14 1.00000e+00  
 84.6 3.3529e+01  14 1.00000e+00  
 84.7 3.3616e+01  14 1.00000e+00  
 84.8 3.3655e+01  14 1.00000e+00  
 84.9 3.3732e+01  14 1.00000e+00  
 85.0 3.3765e+01  14 1.00000e+00  
 85.1 3.3828e+01  14 1.00000e+00  
 85.2 3.3877e+01  14 1.00000e+00  
 85.3 3.3926e+01  14 1.00000e+00  
 85.4 3.3975e+01  14 1.00000e+00  
 85.5 3.4025e+01  14 1.00000e+00  
 85.6 3.4076e+01  14 1.00000e+00  
 85.7 3.4069e+01  14 1.00000e+00  
 85.8 3.4110e+01  14 1.00000e+00  
 85.9 3.4222e+01  14 1.00000e+00  
 86.0 3.4295e+01  14 1.00000e+00  
 86.1 3.4354e+01  14 1.00000e+00  
 86.2 3.4408e+01  14 1.00000e+00  
 86.3 3.4475e+01  14 1.00000e+00  
 86.4 3.4444e+01  14 1.00000e+00  
 86.5 3.4571e+01  14 1.00000e+00  
 86.6 3.4614e+01  14 1.00000e+00  
 86.7 3.4656e+01  14 1.00000e+00  
 86.8 3.4695e+01  14 1.00000e+00  
 86.9 3.4735e+01  14 1.00000e+00  
 87.0 3.4761e+01  14 1.00000e+00  
 87.1 3.4815e+01  14 1.00000e+00  
 87.2 3.4864e+01  14 1.00000e+00  
 87.3 3.4906e+01  14 1.00000e+00  
 87.4 3.4929e+01  14 1.00000e+00  
 87.5 3.4989e+01  14 1.00000e+00  
 87.6 3.5027e+01  14 1.00000e+00  
 87.7 3.5041e+01  14 1.00000e+00  
 87.8 3.5109e+01  14 1.00000e+00  
 87.9 3.5136e+01  14 1.00000e+00  
 88.0 3.5321e+01  14 1.00000e+00  
 88.1 3.5222e+01  14 1.00000e+00  
 88.2 3.5261e+01  14 1.00000e+00  
 88.3 3.5294e+01  14 1.00000e+00  
 88.4 3.5327e+01  14 1.00000e+00  
 88.5 3.5358e+01  14 1.00000e+00  
 88.6 3.5389e+01  14 1.00000e+00  
 88.7 3.5431e+01  14 1.00000e+00  
 88.8 3.5475e+01  14 1.00000e+00  
 88.9 3.5533e+01  14 1.00000e+00  
 89.0 3.5611e+01  14 1.00000e+00  
 89.1 3.5692e+01  14 1.00000e+00  
 89.2 3.5768e+01  14 1.00000e+00  
 89.3 3.5829e+01  14 1.00000e+00  
 89.4 3.5891e+01  14 1.00000e+00  
 89.5 3.6015e+01  14 1.00000e+00  
 89.6 3.6067e+01  14 1.00000e+00  
 89.7 3.6116e+01  14 1.00000e+00  
 89.8 3.6128e+01  14 1.00000e+00  
 89.9 3.6179e+01  14 1.00000e+00  
 90.0 3.6243e+01  14 1.00000e+00  
 90.1 3.6321e+01  14 1.00000e+00  
 90.2 3.6383e+01  14 1.00000e+00  
 90.3 3.6433e+01  14 1.00000e+00  
 90.4 3.6481e+01  14 1.00000e+00  
 90.5 3.6531e+01  14 1.00000e+00  
 90.6 3.6581e+01  14 1.00000e+00  
 90.7 3.6632e+01  14 1.00000e+00  
 90.8 3.6685e+01  14 1.00000e+00  
 90.9 3.6734e+01  14 1.00000e+00  
 91.0 3.6774e+01  14 1.00000e+00  
 91.1 3.6807e+01  14 1.00000e+00  
 91.2 3.6870e+01  14 1.00000e+00  
 91.3 3.6949e+01  14 1.00000e+00  
 91.4 3.6965e+01  14 1.00000e+00  
 91.5 3.7004e+01  14 1.00000e+00  
 91.6 3.6946e+01  14 1.00000e+00  
 91.7 3.7137e+01  14 1.00000e+00  
 91.8 3.7232e+01  14 1.00000e+00  
 91.9 3.7272e+01  14 1.00000e+00  
 92.0 3.7315e+01  14 1.00000e+00  
 92.1 3.7345e+01  14 1.00000e+00  
 92.2 3.7387e+01  14 1.00000e+00  
 92.3 3.7259e+01  14 1.00000e+00  
 92.4 3.7487e+01  14 1.00000e+00  
 92.5 3.7526e+01  14 1.00000e+00  
 92.6 3.7538e+01  14 1.00000e+00  
 92.7 3.7600e+01  14 1.00000e+00  
 92.8 3.7650e+01  14 1.00000e+00  
 92.9 3.7682e+01  14 1.00000e+00  
 93.0 3.7731e+01  14 1.00000e+00  
 93.1 3.7681e+01  14 1.00000e+00  
 93.2 3.7783e+01  14 1.00000e+00  
 93.3 3.7851e+01  14 1.00000e+00  
 93.4 3.7885e+01  14 1.00000e+00  
 93.5 3.7913e+01  14 1.00000e+00  
 93.6 3.7948e+01  14 1.00000e+00  
 93.7 3.8084e+01  14 1.00000e+00  
 93.8 3.8008e+01  14 1.00000e+00  
 93.9 3.8056e+01  14 1.00000e+00  
 94.0 3.8153e+01  14 1.00000e+00  
 94.1 3.8231e+01  14 1.00000e+00  
 94.2 3.8313e+01  14 1.00000e+00  
 94.3 3.8397e+01  14 1.00000e+00  
 94.4 3.8448e+01  14 1.00000e+00  
 94.5 3.8476e+01  14 1.00000e+00  
 94.6 3.8582e+01  14 1.00000e+00  
 94.7 3.8613e+01  14 1.00000e+00  
 94.8 3.8695e+01  14 1.00000e+00  
 94.9 3.8744e+01  14 1.00000e+00  
 95.0 3.8800e+01  14 1.00000e+00  
 95.1 3.8825e+01  14 1.00000e+00  
 95.2 3.8915e+01  14 1.00000e+00  
 95.3 3.8989e+01  14 1.00000e+00  
 95.4 3.9046e+01  14 1.00000e+00  
 95.5 3.9100e+01  14 1.00000e+00  
 95.6 3.9158e+01  14 1.00000e+00  
 95.7 3.9190e+01  14 1.00000e+00  
 95.8 3.9228e+01  14 1.00000e+00  
 95.9 3.9313e+01  14 1.00000e+00  
 96.0 3.9358e+01  14 1.00000e+00  
 96.1 3.9394e+01  14 1.00000e+00  
 96.2 3.9456e+01  14 1.00000e+00  
 96.3 3.9512e+01  14 1.00000e+00  
 96.4 3.9538e+01  14 1.00000e+00  
 96.5 3.9603e+01  14 1.00000e+00  
 96.6 3.9634e+01  14 1.00000e+00  
 96.7 3.9697e+01  14 1.00000e+00  
 96.8 3.9824e+01  14 1.00000e+00  
 96.9 3.9868e+01  14 1.00000e+00  
 97.0 3.9909e+01  14 1.00000e+00  
 97.1 3.9949e+01  14 1.00000e+00  
 97.2 3.9952e+01  14 1.00000e+00  
 97.3 4.0014e+01  14 1.00000e+00  
 97.4 4.0045e+01  14 1.00000e+00  
 97.5 4.0059e+01  14 1.00000e+00  
 97.6 4.0037e+01  14 1.00000e+00  
 97.7 4.0146e+01  14 1.00000e+00  
 97.8 4.0300e+01  14 1.00000e+00  
 97.9 4.0369e+01  14 1.00000e+00  
 98.0 4.0326e+01  14 1.00000e+00  
 98.1 4.0389e+01  14 1.00000e+00  
 98.2 4.0410e+01  14 1.00000e+00  
 98.3 4.0477e+01  14 1.00000e+00  
 98.4 4.0500e+01  14 1.00000e+00  
 98.5 4.0550e+01  14 1.00000e+00  
 98.6 4.0599e+01  14 1.00000e+00  
 98.7 4.0634e+01  14 1.00000e+00  
 98.8 4.0665e+01  14 1.00000e+00  
 98.9 4.0696e+01  14 1.00000e+00  
 99.0 4.0726e+01  14 1.00000e+00  
 99.1 4.0770e+01  14 1.00000e+00  
 99.2 4.0879e+01  14 1.00000e+00  
 99.3 4.0965e+01  14 1.00000e+00  
 99.4 4.1004e+01  14 1.00000e+00  
 99.5 4.1108e+01  14 1.00000e+00  
 99.6 4.1144e+01  14 1.00000e+00  
 99.7 4.1240e+01  14 1.00000e+00  
 99.8 4.1289e+01  14 1.00000e+00  
 99.9 4.1365e+01  14 1.00000e+00  
100.0 4.1416e+01  14 1.00000e+00  
100.1 4.1486e+01  14 1.00000e+00  
100.2 4.1521e+01  14 1.00000e+00  
100.3 4.1620e+01  14 1.00000e+00  
100.4 4.1665e+01  14 1.00000e+00  
100.5 4.1710e+01  14 1.00000e+00  
100.6 4.1733e+01  14 1.00000e+00  
100.7 4.1800e+01  14 1.00000e+00  
100.8 4.1845e+01  14 1.00000e+00  
100.9 4.1890e+01  14 1.00000e+00  
101.0 4.1936e+01  14 1.00000e+00  
101.1 4.1984e+01  14 1.00000e+00  
101.2 4.2033e+01  14 1.00000e+00  
101.3 4.2081e+01  14 1.00000e+00  
101.4 4.2129e+01  14 1.00000e+00  
101.5 4.2177e+01  14 1.00000e+00  
101.6 4.2223e+01  14 1.00000e+00  
101.7 4.2270e+01  14 1.00000e+00  
101.8 4.2317e+01  14 1.00000e+00  
101.9 4.2363e+01  14 1.00000e+00  
102.0 4.2409e+01  14 1.00000e+00  
102.1 4.2455e+01  14 1.00000e+00  
102.2 4.2500e+01  14 1.00000e+00  
102.3 4.2568e+01  14 1.00000e+00  
102.4 4.2613e+01  14 1.00000e+00  
102.5 4.2658e+01  14 1.00000e+00  
102.6 4.2703e+01  14 1.00000e+00  
102.7 4.2748e+01  14 1.00000e+00  
102.8 4.2792e+01  14 1.00000e+00  
102.9 4.2837e+01  14 1.00000e+00  
103.0 4.2882e+01  14 1.00000e+00  
103.1 4.2927e+01  14 1.00000e+00  
103.2 4.2972e+01  14 1.00000e+00  
103.3 4.3016e+01  14 1.00000e+00  
103.4 4.3062e+01  14 1.00000e+00  
103.5 4.3118e+01  14 1.00000e+00  
103.6 4.3159e+01  14 1.00000e+00  
103.7 4.3213e+01  14 1.00000e+00  
103.8 4.3255e+01  14 1.00000e+00  
103.9 4.3297e+01  14 1.00000e+00  
104.0 4.3352e+01  14 1.00000e+00  
104.1 4.3394e+01  14 1.00000e+00  
104.2 4.3436e+01  14 1.00000e+00  
104.3 4.3492e+01  14 1.00000e+00  
104.4 4.3535e+01  14 1.00000e+00  
104.5 4.3577e+01  14 1.00000e+00  
104.6 4.3621e+01  14 1.00000e+00  
104.7 4.3678e+01  14 1.00000e+00  
104.8 4.3721e+01  14 1.00000e+00  
104.9 4.3765e+01  14 1.00000e+00  
105.0 4.3809e+01  14 1.00000e+00  
105.1 4.3854e+01  14 1.00000e+00  
105.2 4.3899e+01  14 1.00000e+00  
105.3 4.3960e+01  14 1.00000e+00  
105.4 4.4006e+01  14 1.00000e+00  
105.5 4.4051e+01  14 1.00000e+00  
105.6 4.4098e+01  14 1.00000e+00  
105.7 4.4146e+01  14 1.00000e+00  
105.8 4.4195e+01  14 1.00000e+00  
105.9 4.4246e+01  14 1.00000e+00  
106.0 4.4297e+01  14 1.00000e+00  
106.1 4.4351e+01  14 1.00000e+00  
106.2 4.4406e+01  14 1.00000e+00  
106.3 4.4464e+01  14 1.00000e+00  
106.4 4.4524e+01  14 1.00000e+00  
106.5 4.4587e+01  14 1.00000e+00  
106.6 4.4665e+01  14 1.00000e+00  
106.7 4.4752e+01  14 1.00000e+00  
106.8 4.4839e+01  14 1.00000e+00  
106.9 4.4926e+01  14 1.00000e+00  
107.0 4.5014e+01  14 1.00000e+00  
107.1 4.5101e+01  14 1.00000e+00  
107.2 4.5188e+01  14 1.00000e+00  
107.3 4.5275e+01  14 1.00000e+00  
107.4 4.5363e+01  14 1.00000e+00  
107.5 4.5450e+01  14 1.00000e+00  
107.6 4.5537e+01  14 1.00000e+00  
107.7 4.5624e+01  14 1.00000e+00  
107.8 4.5712e+01  14 1.00000e+00  
107.9 4.5799e+01  14 1.00000e+00  
108.0 4.5886e+01  14 1.00000e+00  
108.1 4.5973e+01  14 1.00000e+00  
108.2 4.6060e+01  14 1.00000e+00  
108.3 4.6148e+01  14 1.00000e+00  
108.4 4.6235e+01  14 1.00000e+00  
108.5 4.6322e+01  14 1.00000e+00  
108.6 4.6409e+01  14 1.00000e+00  
108.7 4.6497e+01  14 1.00000e+00  
108.8 4.6584e+01  14 1.00000e+00  
108.9 4.6671e+01  14 1.00000e+00  
109.0 4.6758e+01  14 1.00000e+00  
109.1 4.6845e+01  14 1.00000e+00  
109.2 4.6933e+01  14 1.00000e+00  
109.3 4.7020e+01  14 1.00000e+00  
109.4 4.7107e+01  14 1.00000e+00  
109.5 4.7194e+01  14 1.00000e+00  
109.6 4.7281e+01  14 1.00000e+00  
109.7 4.7369e+01  14 1.00000e+00  
109.8 4.7456e+01  14 1.00000e+00  
109.9 4.7543e+01  14 1.00000e+00  
110.0 4.7630e+01  14 1.00000e+00  
110.1 4.7717e+01  14 1.00000e+00  
110.2 4.7804e+01  14 1.00000e+00  
110.3 4.7891e+01  14 1.00000e+00  
110.4 4.7978e+01  14 1.00000e+00  
110.5 4.8065e+01  14 1.00000e+00  
110.6 4.8152e+01  14 1.00000e+00  
110.7 4.8239e+01  14 1.00000e+00  
110.8 4.8326e+01  14 1.00000e+00  
110.9 4.8413e+01  14 1.00000e+00  
111.0 4.8500e+01  14 1.00000e+00  
111.1 4.8587e+01  14 1.00000e+00  
111.2 4.8674e+01  14 1.00000e+00  
111.3 4.8761e+01  14 1.00000e+00  
111.4 4.8848e+01  14 1.00000e+00  
111.5 4.8935e+01  14 1.00000e+00  
111.6 4.9022e+01  14 1.00000e+00  
111.7 4.9109e+01  14 1.00000e+00  
111.8 4.9196e+01  14 1.00000e+00  
111.9 4.9283e+01  14 1.00000e+00  
112.0 4.9370e+01  14 1.00000e+00  
112.1 4.9457e+01  14 1.00000e+00  
112.2 4.9539e+01  14 1.00000e+00  
112.3 4.9626e+01  14 1.00000e+00  
112.4 4.9713e+01  14 1.00000e+00  
112.5 4.9800e+01  14 1.00000e+00  
112.6 4.9887e+01  14 1.00000e+00  
112.7 4.9974e+01  14 1.00000e+00  
112.8 5.0061e+01  14 1.00000e+00  
112.9 5.0147e+01  14 1.00000e+00  
113.0 5.0234e+01  14 1.00000e+00  
113.1 5.0321e+01  14 1.00000e+00  
113.2 5.0408e+01  14 1.00000e+00  
113.3 5.0495e+01  14 1.00000e+00  
113.4 5.0582e+01  14 1.00000e+00  
113.5 5.0669e+01  14 1.00000e+00  
113.6 5.0755e+01  14 1.00000e+00  
113.7 5.0842e+01  14 1.00000e+00  
113.8 5.0929e+01  14 1.00000e+00  
113.9 5.1016e+01  14 1.00000e+00  
114.0 5.1103e+01  14 1.00000e+00  
114.1 5.1190e+01  14 1.00000e+00  
114.2 5.1276e+01  14 1.00000e+00  
114.3 5.1363e+01  14 1.00000e+00  
114.4 5.1450e+01  14 1.00000e+00  
114.5 5.1537e+01  14 1.00000e+00  
114.6 5.1623e+01  14 1.00000e+00  
114.7 5.1710e+01  14 1.00000e+00  
114.8 5.1797e+01  14 1.00000e+00  
114.9 5.1883e+01  14 1.00000e+00  
115.0 5.1977e+01  14 1.00000e+00  
115.1 5.2064e+01  14 1.00000e+00  
115.2 5.2150e+01  14 1.00000e+00  
115.3 5.2237e+01  14 1.00000e+00  
115.4 5.2324e+01  14 1.00000e+00  
115.5 5.2410e+01  14 1.00000e+00  
115.6 5.2497e+01  14 1.00000e+00  
115.7 5.2584e+01  14 1.00000e+00  
115.8 5.2670e+01  14 1.00000e+00  
115.9 5.2757e+01  14 1.00000e+00  
116.0 5.2844e+01  14 1.00000e+00  
116.1 5.2930e+01  14 1.00000e+00  
116.2 5.3017e+01  14 1.00000e+00  
116.3 5.3104e+01  14 1.00000e+00  
116.4 5.3190e+01  14 1.00000e+00  
116.5 5.3277e+01  14 1.00000e+00  
116.6 5.3363e+01  14 1.00000e+00  
116.7 5.3450e+01  14 1.00000e+00  
116.8 5.3537e+01  14 1.00000e+00  
116.9 5.3623e+01  14 1.00000e+00  
117.0 5.3709e+01  14 1.00000e+00  
117.1 5.3796e+01  14 1.00000e+00  
117.2 5.3882e+01  14 1.00000e+00  
117.3 5.3969e+01  14 1.00000e+00  
117.4 5.4055e+01  14 1.00000e+00  
117.5 5.4142e+01  14 1.00000e+00  
117.6 5.4228e+01  14 1.00000e+00  
117.7 5.4315e+01  14 1.00000e+00  
117.8 5.4401e+01  14 1.00000e+00  
117.9 5.4488e+01  14 1.00000e+00  
118.0 5.4574e+01  14 1.00000e+00  
118.1 5.4661e+01  14 1.00000e+00  
118.2 5.4747e+01  14 1.00000e+00  
118.3 5.4833e+01  14 1.00000e+00  
118.4 5.4920e+01  14 1.00000e+00  
118.5 5.5006e+01  14 1.00000e+00  
118.6 5.5093e+01  14 1.00000e+00  
118.7 5.5179e+01  14 1.00000e+00  
118.8 5.5265e+01  14 1.00000e+00  
118.9 5.5352e+01  14 1.00000e+00  
119.0 5.5438e+01  14 1.00000e+00  
119.1 5.5524e+01  14 1.00000e+00  
119.2 5.5611e+01  14 1.00000e+00  
119.3 5.5697e+01  14 1.00000e+00  
119.4 5.5779e+01  14 1.00000e+00  
119.5 5.5865e+01  14 1.00000e+00  
119.6 5.5951e+01  14 1.00000e+00  
119.7 5.6037e+01  14 1.00000e+00  
119.8 5.6124e+01  14 1.00000e+00  
119.9 5.6210e+01  14 1.00000e+00  
120.0 5.6296e+01  14 1.00000e+00  
120.1 5.6382e+01  14 1.00000e+00  
120.2 5.6468e+01  14 1.00000e+00  
120.3 5.6555e+01  14 1.00000e+00  
120.4 5.6641e+01  14 1.00000e+00  
120.5 5.6727e+01  14 1.00000e+00  
120.6 5.6813e+01  14 1.00000e+00  
120.7 5.6899e+01  14 1.00000e+00  
120.8 5.6985e+01  14 1.00000e+00  
120.9 5.7071e+01  14 1.00000e+00  
121.0 5.7157e+01  14 1.00000e+00  
121.1 5.7243e+01  14 1.00000e+00  
121.2 5.7330e+01  14 1.00000e+00  
121.3 5.7416e+01  14 1.00000e+00  
121.4 5.7502e+01  14 1.00000e+00  
121.5 5.7588e+01  14 1.00000e+00  
121.6 5.7674e+01  14 1.00000e+00  
121.7 5.7760e+01  14 1.00000e+00  
121.8 5.7846e+01  14 1.00000e+00  
121.9 5.7932e+01  14 1.00000e+00  
122.0 5.8017e+01  14 1.00000e+00  
122.1 5.8103e+01  14 1.00000e+00  
122.2 5.8189e+01  14 1.00000e+00  
122.3 5.8275e+01  14 1.00000e+00  
122.4 5.7265e+01  14 1.00000e+00  
122.5 5.7350e+01  14 1.00000e+00  
122.6 5.7436e+01  14 1.00000e+00  
122.7 5.7521e+01  14 1.00000e+00  
122.8 5.7606e+01  14 1.00000e+00  
122.9 5.7691e+01  14 1.00000e+00  
123.0 5.7776e+01  14 1.00000e+00  
123.1 5.7861e+01  14 1.00000e+00  
123.2 5.7946e+01  14 1.00000e+00  
123.3 5.8031e+01  14 1.00000e+00  
123.4 5.8116e+01  14 1.00000e+00  
123.5 5.8201e+01  14 1.00000e+00  
123.6 5.8286e+01  14 1.00000e+00  
123.7 5.8371e+01  14 1.00000e+00  
123.8 5.8456e+01  14 1.00000e+00  
123.9 5.7585e+01  14 1.00000e+00  
124.0 5.7669e+01  14 1.00000e+00  
124.1 5.7754e+01  14 1.00000e+00  
124.2 5.7838e+01  14 1.00000e+00  
124.3 5.7923e+01  14 1.00000e+00  
124.4 5.8007e+01  14 1.00000e+00  
124.5 5.8091e+01  14 1.00000e+00  
124.6 5.8176e+01  14 1.00000e+00  
124.7 5.8260e+01  14 1.00000e+00  
124.8 5.8345e+01  14 1.00000e+00  
124.9 5.8296e+01  14 1.00000e+00  
125.0 5.8372e+01  14 1.00000e+00  
125.1 5.7360e+01  14 1.00000e+00  
125.2 5.7443e+01  14 1.00000e+00  
125.3 5.7527e+01  14 1.00000e+00  
125.4 5.7610e+01  14 1.00000e+00  
125.5 5.7693e+01  14 1.00000e+00  
125.6 5.7777e+01  14 1.00000e+00  
125.7 5.7860e+01  14 1.00000e+00  
125.8 5.7943e+01  14 1.00000e+00  
125.9 5.8027e+01  14 1.00000e+00  
126.0 5.8110e+01  14 1.00000e+00  
126.1 5.8193e+01  14 1.00000e+00  
126.2 5.8276e+01  14 1.00000e+00  
126.3 5.8360e+01  14 1.00000e+00  
126.4 5.7464e+01  14 1.00000e+00  
126.5 5.7546e+01  14 1.00000e+00  
126.6 5.7629e+01  14 1.00000e+00  
126.7 5.7712e+01  14 1.00000e+00  
126.8 5.7794e+01  14 1.00000e+00  
126.9 5.7877e+01  14 1.00000e+00  
127.0 5.7959e+01  14 1.00000e+00  
127.1 5.8042e+01  14 1.00000e+00  
127.2 5.8125e+01  14 1.00000e+00  
127.3 5.8207e+01  14 1.00000e+00  
127.4 5.8290e+01  14 1.00000e+00  
127.5 5.8373e+01  14 1.00000e+00  
127.6 5.8455e+01  14 1.00000e+00  
127.7 5.8538e+01  14 1.00000e+00  
127.8 5.8620e+01  14 1.00000e+00  
127.9 5.8703e+01  14 1.00000e+00  
128.0 5.8785e+01  14 1.00000e+00  
128.1 5.8868e+01  14 1.00000e+00  
128.2 5.8951e+01  14 1.00000e+00  
128.3 5.9033e+01  14 1.00000e+00  
128.4 5.9116e+01  14 1.00000e+00  
128.5 5.9198e+01  14 1.00000e+00  
128.6 5.9281e+01  14 1.00000e+00  
128.7 5.9363e+01  14 1.00000e+00  
128.8 5.9446e+01  14 1.00000e+00  
128.9 5.9528e+01  14 1.00000e+00  
129.0 5.9611e+01  14 1.00000e+00  
129.1 5.9694e+01  14 1.00000e+00  
129.2 5.9776e+01  14 1.00000e+00  
129.3 5.9859e+01  14 1.00000e+00  
129.4 5.9941e+01  14 1.00000e+00  
129.5 6.0024e+01  14 1.00000e+00  
129.6 6.0106e+01  14 1.00000e+00  
129.7 6.0189e+01  14 1.00000e+00  
129.8 6.0271e+01  14 1.00000e+00  
129.9 6.0354e+01  14 1.00000e+00  
130.0 6.0436e+01  14 1.00000e+00  
130.1 5.9769e+01  14 1.00000e+00  
130.2 5.9860e+01  14 1.00000e+00  
130.3 5.9942e+01  14 1.00000e+00  
130.4 6.0024e+01  14 1.00000e+00  
130.5 6.0106e+01  14 1.00000e+00  
130.6 6.0188e+01  14 1.00000e+00  
130.7 6.0270e+01  14 1.00000e+00  
130.8 6.0352e+01  14 1.00000e+00  
130.9 6.0434e+01  14 1.00000e+00  
131.0 6.0516e+01  14 1.00000e+00  
131.1 6.0599e+01  14 1.00000e+00  
131.2 6.0681e+01  14 1.00000e+00  
131.3 6.0763e+01  14 1.00000e+00  
131.4 6.0846e+01  14 1.00000e+00  
131.5 6.0928e+01  14 1.00000e+00  
131.6 6.1010e+01  14 1.00000e+00  
131.7 6.1093e+01  14 1.00000e+00  
131.8 6.1175e+01  14 1.00000e+00  
131.9 6.1258e+01  14 1.00000e+00  
132.0 5.7664e+01  14 1.00000e+00  
132.1 5.7603e+01  14 1.00000e+00  
132.2 5.7682e+01  14 1.00000e+00  
132.3 5.7761e+01  14 1.00000e+00  
132.4 5.7840e+01  14 1.00000e+00  
132.5 5.7919e+01  14 1.00000e+00  
132.6 5.7999e+01  14 1.00000e+00  
132.7 5.8078e+01  14 1.00000e+00  
132.8 5.8157e+01  14 1.00000e+00  
132.9 5.7142e+01  14 1.00000e+00  
133.0 5.7220e+01  14 1.00000e+00  
133.1 5.7299e+01  14 1.00000e+00  
133.2 5.7377e+01  14 1.00000e+00  
133.3 5.7456e+01  14 1.00000e+00  
133.4 5.7534e+01  14 1.00000e+00  
133.5 5.7613e+01  14 1.00000e+00  
133.6 5.7691e+01  14 1.00000e+00  
133.7 5.7769e+01  14 1.00000e+00  
133.8 5.7848e+01  14 1.00000e+00  
133.9 5.7926e+01  14 1.00000e+00  
134.0 5.8004e+01  14 1.00000e+00  
134.1 5.8083e+01  14 1.00000e+00  
134.2 5.8161e+01  14 1.00000e+00  
134.3 5.8240e+01  14 1.00000e+00  
134.4 5.8318e+01  14 1.00000e+00  
134.5 5.8396e+01  14 1.00000e+00  
134.6 5.8474e+01  14 1.00000e+00  
134.7 5.8553e+01  14 1.00000e+00  
134.8 5.8631e+01  14 1.00000e+00  
134.9 5.8709e+01  14 1.00000e+00  
135.0 5.8788e+01  14 1.00000e+00  
135.1 5.8866e+01  14 1.00000e+00  
135.2 5.8944e+01  14 1.00000e+00  
135.3 5.9022e+01  14 1.00000e+00  
135.4 5.9101e+01  14 1.00000e+00  
135.5 5.8315e+01  14 1.00000e+00  
135.6 5.8391e+01  14 1.00000e+00  
135.7 5.8467e+01  14 1.00000e+00  
135.8 5.8543e+01  14 1.00000e+00  
135.9 5.8619e+01  14 1.00000e+00  
136.0 5.8695e+01  14 1.00000e+00  
136.1 5.8771e+01  14 1.00000e+00  
136.2 5.8847e+01  14 1.00000e+00  
136.3 5.8923e+01  14 1.00000e+00  
136.4 5.8999e+01  14 1.00000e+00  
136.5 5.9075e+01  14 1.00000e+00  
136.6 5.9151e+01  14 1.00000e+00  
136.7 5.9227e+01  14 1.00000e+00  
136.8 5.9303e+01  14 1.00000e+00  
136.9 5.9379e+01  14 1.00000e+00  
137.0 5.9455e+01  14 1.00000e+00  
137.1 5.9530e+01  14 1.00000e+00  
137.2 5.9606e+01  14 1.00000e+00  
137.3 5.9682e+01  14 1.00000e+00  
137.4 5.9758e+01  14 1.00000e+00  
137.5 5.9834e+01  14 1.00000e+00  
137.6 5.9910e+01  14 1.00000e+00  
137.7 5.9986e+01  14 1.00000e+00  
137.8 6.0061e+01  14 1.00000e+00  
137.9 6.0137e+01  14 1.00000e+00  
138.0 6.0213e+01  14 1.00000e+00  
138.1 6.0289e+01  14 1.00000e+00  
138.2 6.0364e+01  14 1.00000e+00  
138.3 6.0440e+01  14 1.00000e+00  
138.4 6.0516e+01  14 1.00000e+00  
138.5 6.0592e+01  14 1.00000e+00  
138.6 6.0667e+01  14 1.00000e+00  
138.7 6.0743e+01  14 1.00000e+00  
138.8 6.0819e+01  14 1.00000e+00  
138.9 6.0894e+01  14 1.00000e+00  
139.0 6.0970e+01  14 1.00000e+00  
139.1 7.2494e+01  14 1.00000e+00  
139.2 7.2578e+01  14 1.00000e+00  
139.3 7.2661e+01  14 1.00000e+00  
139.4 7.2744e+01  14 1.00000e+00  
139.5 7.2827e+01  14 1.00000e+00  
139.6 7.2911e+01  14 1.00000e+00  
139.7 7.2994e+01  14 1.00000e+00  
139.8 7.3077e+01  14 1.00000e+00  
139.9 7.3161e+01  14 1.00000e+00  
140.0 7.3244e+01  14 1.00000e+00  
140.1 7.3327e+01  14 1.00000e+00  
140.2 7.3410e+01  14 1.00000e+00  
140.3 7.3494e+01  14 1.00000e+00  
140.4 7.3577e+01  14 1.00000e+00  
140.5 7.3660e+01  14 1.00000e+00  
140.6 7.3743e+01  14 1.00000e+00  
140.7 7.3826e+01  14 1.00000e+00  
140.8 7.3909e+01  14 1.00000e+00  
140.9 7.3992e+01  14 1.00000e+00  
141.0 7.4076e+01  14 1.00000e+00  
141.1 7.4159e+01  14 1.00000e+00  
141.2 7.4242e+01  14 1.00000e+00  
141.3 7.4325e+01  14 1.00000e+00  
141.4 7.4408e+01  14 1.00000e+00  
141.5 7.4491e+01  14 1.00000e+00  
141.6 7.4574e+01  14 1.00000e+00  
141.7 7.4657e+01  14 1.00000e+00  
141.8 7.4740e+01  14 1.00000e+00  
141.9 7.4823e+01  14 1.00000e+00  
142.0 7.4906e+01  14 1.00000e+00  
142.1 7.4989e+01  14 1.00000e+00  
142.2 7.5072e+01  14 1.00000e+00  
142.3 7.5154e+01  14 1.00000e+00  
142.4 7.5237e+01  14 1.00000e+00  
142.5 7.5320e+01  14 1.00000e+00  
142.6 7.5403e+01  14 1.00000e+00  
142.7 7.5486e+01  14 1.00000e+00  
142.8 7.5569e+01  14 1.00000e+00  
142.9 7.5651e+01  14 1.00000e+00  
143.0 7.5734e+01  14 1.00000e+00  
143.1 7.5817e+01  14 1.00000e+00  
143.2 7.5900e+01  14 1.00000e+00  
143.3 7.5982e+01  14 1.00000e+00  
143.4 5.7504e+01  14 1.00000e+00  
143.5 5.7577e+01  14 1.00000e+00  
143.6 5.7650e+01  14 1.00000e+00  
143.7 5.7723e+01  14 1.00000e+00  
143.8 5.7796e+01  14 1.00000e+00  
143.9 5.7869e+01  14 1.00000e+00  
144.0 5.7942e+01  14 1.00000e+00  
144.1 5.8015e+01  14 1.00000e+00  
144.2 5.8088e+01  14 1.00000e+00  
144.3 5.8161e+01  14 1.00000e+00  
144.4 5.8234e+01  14 1.00000e+00  
144.5 5.8307e+01  14 1.00000e+00  
144.6 5.8380e+01  14 1.00000e+00  
144.7 5.8453e+01  14 1.00000e+00  
144.8 5.8525e+01  14 1.00000e+00  
144.9 5.8598e+01  14 1.00000e+00  
145.0 5.7741e+01  14 1.00000e+00  
145.1 5.7814e+01  14 1.00000e+00  
145.2 5.7886e+01  14 1.00000e+00  
145.3 5.7959e+01  14 1.00000e+00  
145.4 5.8031e+01  14 1.00000e+00  
145.5 5.8104e+01  14 1.00000e+00  
145.6 5.8176e+01  14 1.00000e+00  
145.7 5.8249e+01  14 1.00000e+00  
145.8 5.8322e+01  14 1.00000e+00  
145.9 5.8394e+01  14 1.00000e+00  
146.0 5.8467e+01  14 1.00000e+00  
146.1 5.8539e+01  14 1.00000e+00  
146.2 5.8612e+01  14 1.00000e+00  
146.3 5.8684e+01  14 1.00000e+00  
146.4 5.8757e+01  14 1.00000e+00  
146.5 5.8829e+01  14 1.00000e+00  
146.6 5.8902e+01  14 1.00000e+00  
146.7 5.8974e+01  14 1.00000e+00  
146.8 5.9047e+01  14 1.00000e+00  
146.9 5.9119e+01  14 1.00000e+00  
147.0 5.9192e+01  14 1.00000e+00  
147.1 5.9264e+01  14 1.00000e+00  
147.2 5.9337e+01  14 1.00000e+00  
147.3 5.9409e+01  14 1.00000e+00  
147.4 5.9481e+01  14 1.00000e+00  
147.5 5.9554e+01  14 1.00000e+00  
147.6 5.9626e+01  14 1.00000e+00  
147.7 5.9699e+01  14 1.00000e+00  
147.8 5.9771e+01  14 1.00000e+00  
147.9 5.9844e+01  14 1.00000e+00  
148.0 5.9916e+01  14 1.00000e+00  
148.1 5.9988e+01  14 1.00000e+00  
148.2 6.0061e+01  14 1.00000e+00  
148.3 6.0133e+01  14 1.00000e+00  
148.4 6.0206e+01  14 1.00000e+00  
148.5 6.0278e+01  14 1.00000e+00  
148.6 6.0350e+01  14 1.00000e+00  
148.7 6.0423e+01  14 1.00000e+00  
148.8 6.0495e+01  14 1.00000e+00  
148.9 6.0567e+01  14 1.00000e+00  
149.0 6.0640e+01  14 1.00000e+00  
149.1 6.0712e+01  14 1.00000e+00  
149.2 6.0784e+01  14 1.00000e+00  
149.3 6.0857e+01  14 1.00000e+00  
149.4 6.0929e+01  14 1.00000e+00  
149.5 6.0283e+01  14 1.00000e+00  
149.6 6.0355e+01  14 1.00000e+00  
149.7 6.0427e+01  14 1.00000e+00  
149.8 6.0499e+01  14 1.00000e+00  
149.9 6.0572e+01  14 1.00000e+00  
150.0 6.0644e+01  14 1.00000e+00  
