 15.1 1.4589e+00  13 4.51129e-02  
 15.2 1.4664e+00  13 4.54160e-02  
 15.3 1.4739e+00  13 4.57630e-02  
 15.4 1.4814e+00  13 4.61059e-02  
 15.5 1.4890e+00  13 4.64448e-02  
 15.6 1.4965e+00  13 4.67798e-02  
 15.7 1.5040e+00  13 4.71108e-02  
 15.8 1.5115e+00  13 4.74381e-02  
 15.9 1.5190e+00  13 4.77617e-02  
 16.0 1.5265e+00  13 4.80817e-02  
 16.1 1.5341e+00  13 4.83981e-02  
 16.2 1.5416e+00  13 4.87112e-02  
 16.3 1.5491e+00  13 4.90207e-02  
 16.4 1.5566e+00  13 4.93269e-02  
 16.5 1.5641e+00  13 4.96299e-02  
 16.6 1.5716e+00  13 4.99294e-02  
 16.7 1.5791e+00  13 5.02256e-02  
 16.8 1.5866e+00  13 5.05185e-02  
 16.9 1.5941e+00  13 5.08082e-02  
 17.0 1.6016e+00  13 5.10946e-02  
 17.1 1.6091e+00  13 5.13779e-02  
 17.2 1.6166e+00  13 5.16582e-02  
 17.3 1.6241e+00  13 5.19355e-02  
 17.4 1.6316e+00  13 5.22097e-02  
 17.5 1.6391e+00  13 5.24810e-02  
 17.6 1.6466e+00  13 5.27495e-02  
 17.7 1.6541e+00  13 5.30150e-02  
 17.8 1.6616e+00  13 5.32778e-02  
 17.9 1.6691e+00  13 5.34629e-02  
 18.0 1.6766e+00  13 5.37193e-02  
 18.1 1.6840e+00  13 5.39731e-02  
 18.2 1.6915e+00  13 5.42242e-02  
 18.3 1.7010e+00  13 5.46275e-02  
 18.4 1.7132e+00  13 5.52320e-02  
 18.5 1.7255e+00  13 5.58382e-02  
 18.6 1.7379e+00  13 5.64462e-02  
 18.7 1.7503e+00  13 5.70560e-02  
 18.8 1.7629e+00  13 5.76677e-02  
 18.9 1.7756e+00  13 5.82813e-02  
 19.0 1.7883e+00  13 5.88970e-02  
 19.1 1.8012e+00  13 5.95147e-02  
 19.2 1.8141e+00  13 6.01344e-02  
 19.3 1.8272e+00  13 6.07562e-02  
 19.4 1.8403e+00  13 6.13803e-02  
 19.5 1.8535e+00  13 6.20066e-02  
 19.6 1.8669e+00  13 6.26352e-02  
 19.7 1.8803e+00  13 6.32661e-02  
 19.8 1.8939e+00  13 6.38995e-02  
 19.9 1.9075e+00  13 6.45352e-02  
 20.0 1.9213e+00  13 6.51735e-02  
 20.1 1.7528e+01  14 1.00000e+00  
 20.2 1.7611e+01  14 1.00000e+00  
 20.3 1.7694e+01  14 1.00000e+00  
 20.4 1.7777e+01  14 1.00000e+00  
 20.5 1.7860e+01  14 1.00000e+00  
 20.6 1.7943e+01  14 1.00000e+00  
 20.7 1.8026e+01  14 1.00000e+00  
 20.8 1.8109e+01  14 1.00000e+00  
 20.9 1.8192e+01  14 1.00000e+00  
 21.0 1.8274e+01  14 1.00000e+00  
 21.1 1.8357e+01  14 1.00000e+00  
 21.2 1.8440e+01  14 1.00000e+00  
 21.3 1.8522e+01  14 1.00000e+00  
 21.4 1.8605e+01  14 1.00000e+00  
 21.5 1.8688e+01  14 1.00000e+00  
 21.6 1.8770e+01  14 1.00000e+00  
 21.7 1.8852e+01  14 1.00000e+00  
 21.8 1.8934e+01  14 1.00000e+00  
 21.9 1.9017e+01  14 1.00000e+00  
 22.0 1.9099e+01  14 1.00000e+00  
 22.1 1.9181e+01  14 1.00000e+00  
 22.2 1.9263e+01  14 1.00000e+00  
 22.3 1.9346e+01  14 1.00000e+00  
 22.4 1.9428e+01  14 1.00000e+00  
 22.5 1.9510e+01  14 1.00000e+00  
 22.6 1.9592e+01  14 1.00000e+00  
 22.7 1.9674e+01  14 1.00000e+00  
 22.8 1.9756e+01  14 1.00000e+00  
 22.9 5.5130e+00  14 2.43592e-01  
 23.0 5.6284e+00  14 2.48610e-01  
 23.1 5.7453e+00  14 2.53669e-01  
 23.2 5.8639e+00  14 2.58768e-01  
 23.3 5.9840e+00  14 2.63908e-01  
 23.4 6.1058e+00  14 2.69088e-01  
 23.5 6.2291e+00  14 2.74308e-01  
 23.6 6.3541e+00  14 2.79567e-01  
 23.7 6.4807e+00  14 2.84866e-01  
 23.8 6.6089e+00  14 2.90204e-01  
 23.9 6.7387e+00  14 2.95582e-01  
 24.0 6.8702e+00  14 3.00998e-01  
 24.1 7.0033e+00  14 3.06453e-01  
 24.2 7.1380e+00  14 3.11947e-01  
 24.3 7.2744e+00  14 3.17480e-01  
 24.4 7.4125e+00  14 3.23051e-01  
 24.5 7.5522e+00  14 3.28660e-01  
 24.6 7.6936e+00  14 3.34307e-01  
 24.7 7.8366e+00  14 3.39992e-01  
 24.8 7.9813e+00  14 3.45716e-01  
 24.9 8.1277e+00  14 3.51479e-01  
 25.0 8.2757e+00  14 3.57280e-01  
 25.1 8.4255e+00  14 3.63118e-01  
 25.2 8.5769e+00  14 3.68992e-01  
 25.3 8.7301e+00  14 3.74904e-01  
 25.4 8.8751e+00  14 3.81245e-01  
 25.5 9.0311e+00  14 3.87228e-01  
 25.6 9.1889e+00  14 3.93248e-01  
 25.7 9.3483e+00  14 3.99304e-01  
 25.8 9.5095e+00  14 4.05397e-01  
 25.9 9.6724e+00  14 4.11525e-01  
 26.0 9.8370e+00  14 4.17691e-01  
 26.1 1.0003e+01  14 4.23897e-01  
 26.2 1.0171e+01  14 4.30138e-01  
 26.3 1.0327e+01  14 4.36761e-01  
 26.4 1.0498e+01  14 4.43067e-01  
 26.5 1.0671e+01  14 4.49409e-01  
 26.6 1.0845e+01  14 4.55786e-01  
 26.7 1.1021e+01  14 4.62200e-01  
 26.8 1.1199e+01  14 4.68654e-01  
 26.9 1.1379e+01  14 4.75141e-01  
 27.0 1.1560e+01  14 4.81663e-01  
 27.1 1.1743e+01  14 4.88221e-01  
 27.2 1.1928e+01  14 4.94814e-01  
 27.3 1.2095e+01  14 5.01744e-01  
 27.4 1.2283e+01  14 5.08402e-01  
 27.5 1.2473e+01  14 5.15095e-01  
 27.6 1.2664e+01  14 5.21828e-01  
 27.7 1.2857e+01  14 5.28594e-01  
 27.8 1.3052e+01  14 5.35393e-01  
 27.9 1.3249e+01  14 5.42228e-01  
 28.0 1.3448e+01  14 5.49096e-01  
 28.1 1.3648e+01  14 5.56001e-01  
 28.2 1.3825e+01  14 5.63204e-01  
 28.3 1.4028e+01  14 5.70175e-01  
 28.4 1.4233e+01  14 5.77180e-01  
 28.5 1.4440e+01  14 5.84219e-01  
 28.6 1.4648e+01  14 5.91292e-01  
 28.7 1.4859e+01  14 5.98400e-01  
 28.8 1.5071e+01  14 6.05542e-01  
 28.9 1.5286e+01  14 6.12719e-01  
 29.0 1.5502e+01  14 6.19930e-01  
 29.1 1.5688e+01  14 6.27402e-01  
 29.2 1.5906e+01  14 6.34680e-01  
 29.3 1.6127e+01  14 6.41990e-01  
 29.4 1.6349e+01  14 6.49335e-01  
 29.5 1.6574e+01  14 6.56713e-01  
 29.6 1.6800e+01  14 6.64126e-01  
 29.7 1.7028e+01  14 6.71573e-01  
 29.8 1.7258e+01  14 6.79055e-01  
 29.9 1.7490e+01  14 6.86570e-01  
 30.0 1.7723e+01  14 6.94122e-01  
 30.1 1.7918e+01  14 7.01888e-01  
 30.2 1.8155e+01  14 7.09502e-01  
 30.3 1.8393e+01  14 7.17149e-01  
 30.4 1.8634e+01  14 7.24831e-01  
 30.5 1.8876e+01  14 7.32547e-01  
 30.6 1.9120e+01  14 7.40298e-01  
 30.7 1.9366e+01  14 7.48082e-01  
 30.8 1.9614e+01  14 7.55899e-01  
 30.9 1.9863e+01  14 7.63753e-01  
 31.0 2.0114e+01  14 7.71640e-01  
 31.1 2.0318e+01  14 7.79697e-01  
 31.2 2.0572e+01  14 7.87647e-01  
 31.3 2.0828e+01  14 7.95631e-01  
 31.4 2.1087e+01  14 8.03648e-01  
 31.5 2.1347e+01  14 8.11700e-01  
 31.6 2.1609e+01  14 8.19786e-01  
 31.7 2.1873e+01  14 8.27906e-01  
 31.8 2.2139e+01  14 8.36060e-01  
 31.9 2.2406e+01  14 8.44250e-01  
 32.0 2.2616e+01  14 8.52565e-01  
 32.1 2.2886e+01  14 8.60816e-01  
 32.2 2.3158e+01  14 8.69102e-01  
 32.3 2.3433e+01  14 8.77421e-01  
 32.4 2.3709e+01  14 8.85775e-01  
 32.5 2.3987e+01  14 8.94163e-01  
 32.6 2.4267e+01  14 9.02585e-01  
 32.7 2.4549e+01  14 9.11040e-01  
 32.8 2.4834e+01  14 9.19530e-01  
 32.9 2.5119e+01  14 9.28056e-01  
 33.0 2.5334e+01  14 9.36655e-01  
 33.1 2.5622e+01  14 9.45243e-01  
 33.2 2.5913e+01  14 9.53864e-01  
 33.3 2.6205e+01  14 9.62520e-01  
 33.4 2.6500e+01  14 9.71211e-01  
 33.5 2.6796e+01  14 9.79935e-01  
 33.6 2.7095e+01  14 9.88694e-01  
 33.7 2.7395e+01  14 9.97488e-01  
 33.8 2.7529e+01  14 1.00000e+00  
 33.9 2.7595e+01  14 1.00000e+00  
 34.0 2.7578e+01  14 1.00000e+00  
 34.1 2.7644e+01  14 1.00000e+00  
 34.2 2.7711e+01  14 1.00000e+00  
 34.3 2.7777e+01  14 1.00000e+00  
 34.4 2.7843e+01  14 1.00000e+00  
 34.5 2.7909e+01  14 1.00000e+00  
 34.6 2.7974e+01  14 1.00000e+00  
 34.7 2.8040e+01  14 1.00000e+00  
 34.8 2.7973e+01  14 1.00000e+00  
 34.9 2.8039e+01  14 1.00000e+00  
 35.0 2.8013e+01  14 1.00000e+00  
 35.1 2.8077e+01  14 1.00000e+00  
 35.2 2.8142e+01  14 1.00000e+00  
 35.3 2.8062e+01  14 1.00000e+00  
 35.4 2.8127e+01  14 1.00000e+00  
 35.5 2.8191e+01  14 1.00000e+00  
 35.6 2.8255e+01  14 1.00000e+00  
 35.7 2.8320e+01  14 1.00000e+00  
 35.8 2.8237e+01  14 1.00000e+00  
 35.9 2.8302e+01  14 1.00000e+00  
 36.0 2.8269e+01  14 1.00000e+00  
 36.1 2.8332e+01  14 1.00000e+00  
 36.2 2.8247e+01  14 1.00000e+00  
 36.3 2.5737e+01  14 1.00000e+00  
 36.4 2.4412e+01  14 1.00000e+00  
 36.5 2.1794e+01  14 1.00000e+00  
 36.6 2.0485e+01  14 1.00000e+00  
 36.7 1.7866e+01  14 1.00000e+00  
 36.8 1.5264e+01  14 1.00000e+00  
 36.9 1.3710e+01  14 1.00000e+00  
 37.0 1.3729e+01  14 1.00000e+00  
 37.1 1.3684e+01  14 1.00000e+00  
 37.2 1.3581e+01  14 1.00000e+00  
 37.3 1.3541e+01  14 1.00000e+00  
 37.4 1.3488e+01  14 1.00000e+00  
 37.5 1.3463e+01  14 1.00000e+00  
 37.6 1.3430e+01  14 1.00000e+00  
 37.7 1.3499e+01  14 1.00000e+00  
 37.8 1.3381e+01  14 1.00000e+00  
 37.9 1.3367e+01  14 1.00000e+00  
 38.0 1.3331e+01  14 1.00000e+00  
 38.1 1.3361e+01  14 1.00000e+00  
 38.2 1.3396e+01  14 1.00000e+00  
 38.3 1.3350e+01  14 1.00000e+00  
 38.4 1.3458e+01  14 1.00000e+00  
 38.5 1.3494e+01  14 1.00000e+00  
 38.6 1.3530e+01  14 1.00000e+00  
 38.7 1.3565e+01  14 1.00000e+00  
 38.8 1.3599e+01  14 1.00000e+00  
 38.9 1.3627e+01  14 1.00000e+00  
 39.0 1.3663e+01  14 1.00000e+00  
 39.1 1.3699e+01  14 1.00000e+00  
 39.2 1.3733e+01  14 1.00000e+00  
 39.3 1.3768e+01  14 1.00000e+00  
 39.4 1.3802e+01  14 1.00000e+00  
 39.5 1.3833e+01  14 1.00000e+00  
 39.6 1.3867e+01  14 1.00000e+00  
 39.7 1.3901e+01  14 1.00000e+00  
 39.8 1.3936e+01  14 1.00000e+00  
 39.9 1.3970e+01  14 1.00000e+00  
 40.0 1.4005e+01  14 1.00000e+00  
 40.1 1.4035e+01  14 1.00000e+00  
 40.2 1.4069e+01  14 1.00000e+00  
 40.3 1.4104e+01  14 1.00000e+00  
 40.4 1.4138e+01  14 1.00000e+00  
 40.5 1.4172e+01  14 1.00000e+00  
 40.6 1.4203e+01  14 1.00000e+00  
 40.7 1.4237e+01  14 1.00000e+00  
 40.8 1.4272e+01  14 1.00000e+00  
 40.9 1.4306e+01  14 1.00000e+00  
 41.0 1.4340e+01  14 1.00000e+00  
 41.1 1.4373e+01  14 1.00000e+00  
 41.2 1.4405e+01  14 1.00000e+00  
 41.3 1.4439e+01  14 1.00000e+00  
 41.4 1.4473e+01  14 1.00000e+00  
 41.5 1.4507e+01  14 1.00000e+00  
 41.6 1.4538e+01  14 1.00000e+00  
 41.7 1.4572e+01  14 1.00000e+00  
 41.8 1.4606e+01  14 1.00000e+00  
 41.9 1.4640e+01  14 1.00000e+00  
 42.0 1.4673e+01  14 1.00000e+00  
 42.1 1.4705e+01  14 1.00000e+00  
 42.2 1.4739e+01  14 1.00000e+00  
 42.3 1.4773e+01  14 1.00000e+00  
 42.4 1.4806e+01  14 1.00000e+00  
 42.5 1.4837e+01  14 1.00000e+00  
 42.6 1.4871e+01  14 1.00000e+00  
 42.7 1.4905e+01  14 1.00000e+00  
 42.8 1.4935e+01  14 1.00000e+00  
 42.9 1.4970e+01  14 1.00000e+00  
 43.0 1.5004e+01  14 1.00000e+00  
 43.1 1.5033e+01  14 1.00000e+00  
 43.2 1.5068e+01  14 1.00000e+00  
 43.3 1.5102e+01  14 1.00000e+00  
 43.4 1.5131e+01  14 1.00000e+00  
 43.5 1.5165e+01  14 1.00000e+00  
 43.6 1.5191e+01  14 1.00000e+00  
 43.7 1.5089e+01  14 1.00000e+00  
 43.8 1.5097e+01  14 1.00000e+00  
 43.9 1.5109e+01  14 1.00000e+00  
 44.0 1.4992e+01  14 1.00000e+00  
 44.1 1.5029e+01  14 1.00000e+00  
 44.2 1.5204e+01  14 1.00000e+00  
 44.3 1.5240e+01  14 1.00000e+00  
 44.4 1.5278e+01  14 1.00000e+00  
 44.5 1.5314e+01  14 1.00000e+00  
 44.6 1.5348e+01  14 1.00000e+00  
 44.7 1.5382e+01  14 1.00000e+00  
 44.8 1.5416e+01  14 1.00000e+00  
 44.9 1.5450e+01  14 1.00000e+00  
 45.0 1.5484e+01  14 1.00000e+00  
 45.1 1.5506e+01  14 1.00000e+00  
 45.2 1.5538e+01  14 1.00000e+00  
 45.3 1.5570e+01  14 1.00000e+00  
 45.4 1.5611e+01  14 1.00000e+00  
 45.5 1.5656e+01  14 1.00000e+00  
 45.6 1.5824e+01  14 1.00000e+00  
 45.7 1.5861e+01  14 1.00000e+00  
 45.8 1.5898e+01  14 1.00000e+00  
 45.9 1.5932e+01  14 1.00000e+00  
 46.0 1.5966e+01  14 1.00000e+00  
 46.1 1.6000e+01  14 1.00000e+00  
 46.2 1.6034e+01  14 1.00000e+00  
 46.3 1.6067e+01  14 1.00000e+00  
 46.4 1.6100e+01  14 1.00000e+00  
 46.5 1.6133e+01  14 1.00000e+00  
 46.6 1.6166e+01  14 1.00000e+00  
 46.7 1.6199e+01  14 1.00000e+00  
 46.8 1.6242e+01  14 1.00000e+00  
 46.9 1.6287e+01  14 1.00000e+00  
 47.0 1.6333e+01  14 1.00000e+00  
 47.1 1.6383e+01  14 1.00000e+00  
 47.2 1.6533e+01  14 1.00000e+00  
 47.3 1.6570e+01  14 1.00000e+00  
 47.4 1.6605e+01  14 1.00000e+00  
 47.5 1.6639e+01  14 1.00000e+00  
 47.6 1.6673e+01  14 1.00000e+00  
 47.7 1.6707e+01  14 1.00000e+00  
 47.8 1.6741e+01  14 1.00000e+00  
 47.9 1.6764e+01  14 1.00000e+00  
 48.0 1.6796e+01  14 1.00000e+00  
 48.1 1.6830e+01  14 1.00000e+00  
 48.2 1.6875e+01  14 1.00000e+00  
 48.3 1.6921e+01  14 1.00000e+00  
 48.4 1.6967e+01  14 1.00000e+00  
 48.5 1.7022e+01  14 1.00000e+00  
 48.6 1.7085e+01  14 1.00000e+00  
 48.7 1.7208e+01  14 1.00000e+00  
 48.8 1.7247e+01  14 1.00000e+00  
 48.9 1.7280e+01  14 1.00000e+00  
 49.0 1.7314e+01  14 1.00000e+00  
 49.1 1.7349e+01  14 1.00000e+00  
 49.2 1.7383e+01  14 1.00000e+00  
 49.3 1.7417e+01  14 1.00000e+00  
 49.4 1.7451e+01  14 1.00000e+00  
 49.5 1.7484e+01  14 1.00000e+00  
 49.6 1.7517e+01  14 1.00000e+00  
 49.7 1.7557e+01  14 1.00000e+00  
 49.8 1.7603e+01  14 1.00000e+00  
 49.9 1.7649e+01  14 1.00000e+00  
 50.0 1.7695e+01  14 1.00000e+00  
 50.1 1.7764e+01  14 1.00000e+00  
 50.2 1.7824e+01  14 1.00000e+00  
 50.3 1.7884e+01  14 1.00000e+00  
 50.4 1.7977e+01  14 1.00000e+00  
 50.5 1.8014e+01  14 1.00000e+00  
 50.6 1.8048e+01  14 1.00000e+00  
 50.7 1.8083e+01  14 1.00000e+00  
 50.8 1.8118e+01  14 1.00000e+00  
 50.9 1.8143e+01  14 1.00000e+00  
 51.0 1.8176e+01  14 1.00000e+00  
 51.1 1.8210e+01  14 1.00000e+00  
 51.2 1.8243e+01  14 1.00000e+00  
 51.3 1.8287e+01  14 1.00000e+00  
 51.4 1.8333e+01  14 1.00000e+00  
 51.5 1.8406e+01  14 1.00000e+00  
 51.6 1.8466e+01  14 1.00000e+00  
 51.7 1.8521e+01  14 1.00000e+00  
 51.8 1.8571e+01  14 1.00000e+00  
 51.9 1.8618e+01  14 1.00000e+00  
 52.0 1.8716e+01  14 1.00000e+00  
 52.1 1.8753e+01  14 1.00000e+00  
 52.2 1.8787e+01  14 1.00000e+00  
 52.3 1.8822e+01  14 1.00000e+00  
 52.4 1.8857e+01  14 1.00000e+00  
 52.5 1.8892e+01  14 1.00000e+00  
 52.6 1.8927e+01  14 1.00000e+00  
 52.7 1.8960e+01  14 1.00000e+00  
 52.8 1.8994e+01  14 1.00000e+00  
 52.9 1.9027e+01  14 1.00000e+00  
 53.0 1.9068e+01  14 1.00000e+00  
 53.1 1.9115e+01  14 1.00000e+00  
 53.2 1.9162e+01  14 1.00000e+00  
 53.3 1.9241e+01  14 1.00000e+00  
 53.4 1.9299e+01  14 1.00000e+00  
 53.5 1.9353e+01  14 1.00000e+00  
 53.6 1.9403e+01  14 1.00000e+00  
 53.7 1.9449e+01  14 1.00000e+00  
 53.8 1.9551e+01  14 1.00000e+00  
 53.9 1.9587e+01  14 1.00000e+00  
 54.0 1.9622e+01  14 1.00000e+00  
 54.1 1.9658e+01  14 1.00000e+00  
 54.2 1.9693e+01  14 1.00000e+00  
 54.3 1.9728e+01  14 1.00000e+00  
 54.4 1.9763e+01  14 1.00000e+00  
 54.5 1.9798e+01  14 1.00000e+00  
 54.6 1.9832e+01  14 1.00000e+00  
 54.7 1.9865e+01  14 1.00000e+00  
 54.8 1.9899e+01  14 1.00000e+00  
 54.9 1.9946e+01  14 1.00000e+00  
 55.0 1.9992e+01  14 1.00000e+00  
 55.1 2.0067e+01  14 1.00000e+00  
 55.2 2.0122e+01  14 1.00000e+00  
 55.3 2.0181e+01  14 1.00000e+00  
 55.4 2.0230e+01  14 1.00000e+00  
 55.5 2.0282e+01  14 1.00000e+00  
 55.6 2.0329e+01  14 1.00000e+00  
 55.7 2.0374e+01  14 1.00000e+00  
 55.8 2.0423e+01  14 1.00000e+00  
 55.9 2.0469e+01  14 1.00000e+00  
 56.0 2.0580e+01  14 1.00000e+00  
 56.1 2.0562e+01  14 1.00000e+00  
 56.2 2.0609e+01  14 1.00000e+00  
 56.3 2.0719e+01  14 1.00000e+00  
 56.4 2.0702e+01  14 1.00000e+00  
 56.5 2.0803e+01  14 1.00000e+00  
 56.6 2.0858e+01  14 1.00000e+00  
 56.7 2.0842e+01  14 1.00000e+00  
 56.8 2.0942e+01  14 1.00000e+00  
 56.9 2.1000e+01  14 1.00000e+00  
 57.0 2.0982e+01  14 1.00000e+00  
 57.1 2.1086e+01  14 1.00000e+00  
 57.2 2.1074e+01  14 1.00000e+00  
 57.3 2.1122e+01  14 1.00000e+00  
 57.4 2.1228e+01  14 1.00000e+00  
 57.5 2.1214e+01  14 1.00000e+00  
 57.6 2.1261e+01  14 1.00000e+00  
 57.7 2.1370e+01  14 1.00000e+00  
 57.8 2.1355e+01  14 1.00000e+00  
 57.9 2.1400e+01  14 1.00000e+00  
 58.0 2.1514e+01  14 1.00000e+00  
 58.1 2.1495e+01  14 1.00000e+00  
 58.2 2.1540e+01  14 1.00000e+00  
 58.3 2.1571e+01  14 1.00000e+00  
 58.4 2.1636e+01  14 1.00000e+00  
 58.5 2.1681e+01  14 1.00000e+00  
 58.6 2.1718e+01  14 1.00000e+00  
 58.7 2.1843e+01  14 1.00000e+00  
 58.8 2.1821e+01  14 1.00000e+00  
 58.9 2.1859e+01  14 1.00000e+00  
 59.0 2.1857e+01  14 1.00000e+00  
 59.1 2.1962e+01  14 1.00000e+00  
 59.2 2.2002e+01  14 1.00000e+00  
 59.3 2.2028e+01  14 1.00000e+00  
 59.4 2.2041e+01  14 1.00000e+00  
 59.5 2.2147e+01  14 1.00000e+00  
 59.6 2.2177e+01  14 1.00000e+00  
 59.7 2.2182e+01  14 1.00000e+00  
 59.8 2.2228e+01  14 1.00000e+00  
 59.9 2.2328e+01  14 1.00000e+00  
 60.0 2.2348e+01  14 1.00000e+00  
 60.1 2.2369e+01  14 1.00000e+00  
 60.2 2.2415e+01  14 1.00000e+00  
 60.3 2.2463e+01  14 1.00000e+00  
 60.4 2.2510e+01  14 1.00000e+00  
 60.5 2.2556e+01  14 1.00000e+00  
 60.6 2.2605e+01  14 1.00000e+00  
 60.7 2.2682e+01  14 1.00000e+00  
 60.8 2.2698e+01  14 1.00000e+00  
 60.9 2.2744e+01  14 1.00000e+00  
 61.0 2.2794e+01  14 1.00000e+00  
 61.1 2.2874e+01  14 1.00000e+00  
 61.2 2.2947e+01  14 1.00000e+00  
 61.3 2.2932e+01  14 1.00000e+00  
 61.4 2.2981e+01  14 1.00000e+00  
 61.5 2.3057e+01  14 1.00000e+00  
 61.6 2.3132e+01  14 1.00000e+00  
 61.7 2.3206e+01  14 1.00000e+00  
 61.8 2.3166e+01  14 1.00000e+00  
 61.9 2.3236e+01  14 1.00000e+00  
 62.0 2.3309e+01  14 1.00000e+00  
 62.1 2.3386e+01  14 1.00000e+00  
 62.2 2.3458e+01  14 1.00000e+00  
 62.3 2.3406e+01  14 1.00000e+00  
 62.4 2.3473e+01  14 1.00000e+00  
 62.5 2.3548e+01  14 1.00000e+00  
 62.6 2.3623e+01  14 1.00000e+00  
 62.7 2.3697e+01  14 1.00000e+00  
 62.8 2.3768e+01  14 1.00000e+00  
 62.9 2.3713e+01  14 1.00000e+00  
 63.0 2.3788e+01  14 1.00000e+00  
 63.1 2.3864e+01  14 1.00000e+00  
 63.2 2.3936e+01  14 1.00000e+00  
 63.3 2.4006e+01  14 1.00000e+00  
 63.4 2.3987e+01  14 1.00000e+00  
 63.5 2.4021e+01  14 1.00000e+00  
 63.6 2.4093e+01  14 1.00000e+00  
 63.7 2.4167e+01  14 1.00000e+00  
 63.8 2.4238e+01  14 1.00000e+00  
 63.9 2.4306e+01  14 1.00000e+00  
 64.0 2.4260e+01  14 1.00000e+00  
 64.1 2.4318e+01  14 1.00000e+00  
 64.2 2.4392e+01  14 1.00000e+00  
 64.3 2.4463e+01  14 1.00000e+00  
 64.4 2.4532e+01  14 1.00000e+00  
 64.5 2.4497e+01  14 1.00000e+00  
 64.6 2.4533e+01  14 1.00000e+00  
 64.7 2.4607e+01  14 1.00000e+00  
 64.8 2.4678e+01  14 1.00000e+00  
 64.9 2.4749e+01  14 1.00000e+00  
 65.0 2.4821e+01  14 1.00000e+00  
 65.1 2.4778e+01  14 1.00000e+00  
 65.2 2.4811e+01  14 1.00000e+00  
 65.3 2.4811e+01  14 1.00000e+00  
 65.4 2.4958e+01  14 1.00000e+00  
 65.5 2.5030e+01  14 1.00000e+00  
 65.6 2.5106e+01  14 1.00000e+00  
 65.7 2.5046e+01  14 1.00000e+00  
 65.8 2.5072e+01  14 1.00000e+00  
 65.9 2.5077e+01  14 1.00000e+00  
 66.0 2.5121e+01  14 1.00000e+00  
 66.1 2.5298e+01  14 1.00000e+00  
 66.2 2.5373e+01  14 1.00000e+00  
 66.3 2.5316e+01  14 1.00000e+00  
 66.4 2.5345e+01  14 1.00000e+00  
 66.5 2.5345e+01  14 1.00000e+00  
 66.6 2.5388e+01  14 1.00000e+00  
 66.7 2.5433e+01  14 1.00000e+00  
 66.8 2.5483e+01  14 1.00000e+00  
 66.9 2.5585e+01  14 1.00000e+00  
 67.0 2.5629e+01  14 1.00000e+00  
 67.1 2.5652e+01  14 1.00000e+00  
 67.2 2.5657e+01  14 1.00000e+00  
 67.3 2.5701e+01  14 1.00000e+00  
 67.4 2.5745e+01  14 1.00000e+00  
 67.5 2.5809e+01  14 1.00000e+00  
 67.6 2.5885e+01  14 1.00000e+00  
 67.7 2.5881e+01  14 1.00000e+00  
 67.8 2.5971e+01  14 1.00000e+00  
 67.9 2.5971e+01  14 1.00000e+00  
 68.0 2.6015e+01  14 1.00000e+00  
 68.1 2.6059e+01  14 1.00000e+00  
 68.2 2.6119e+01  14 1.00000e+00  
 68.3 2.6197e+01  14 1.00000e+00  
 68.4 2.6269e+01  14 1.00000e+00  
 68.5 2.6340e+01  14 1.00000e+00  
 68.6 2.6323e+01  14 1.00000e+00  
 68.7 2.6330e+01  14 1.00000e+00  
 68.8 2.6375e+01  14 1.00000e+00  
 68.9 2.6419e+01  14 1.00000e+00  
 69.0 2.6488e+01  14 1.00000e+00  
 69.1 2.6562e+01  14 1.00000e+00  
 69.2 2.6634e+01  14 1.00000e+00  
 69.3 2.6704e+01  14 1.00000e+00  
 69.4 2.6772e+01  14 1.00000e+00  
 69.5 2.6810e+01  14 1.00000e+00  
 69.6 2.6736e+01  14 1.00000e+00  
 69.7 2.6781e+01  14 1.00000e+00  
 69.8 2.6836e+01  14 1.00000e+00  
 69.9 2.6913e+01  14 1.00000e+00  
 70.0 2.6984e+01  14 1.00000e+00  
 70.1 2.7053e+01  14 1.00000e+00  
 70.2 2.7123e+01  14 1.00000e+00  
 70.3 2.7189e+01  14 1.00000e+00  
 70.4 2.7258e+01  14 1.00000e+00  
 70.5 2.7315e+01  14 1.00000e+00  
 70.6 2.7188e+01  14 1.00000e+00  
 70.7 2.7240e+01  14 1.00000e+00  
 70.8 2.7316e+01  14 1.00000e+00  
 70.9 2.7386e+01  14 1.00000e+00  
 71.0 2.7449e+01  14 1.00000e+00  
 71.1 2.7518e+01  14 1.00000e+00  
 71.2 2.7584e+01  14 1.00000e+00  
 71.3 2.7649e+01  14 1.00000e+00  
 71.4 2.7716e+01  14 1.00000e+00  
 71.5 2.7678e+01  14 1.00000e+00  
 71.6 2.7724e+01  14 1.00000e+00  
 71.7 2.7688e+01  14 1.00000e+00  
 71.8 2.7757e+01  14 1.00000e+00  
 71.9 2.7832e+01  14 1.00000e+00  
 72.0 2.7896e+01  14 1.00000e+00  
 72.1 2.7967e+01  14 1.00000e+00  
 72.2 2.8032e+01  14 1.00000e+00  
 72.3 2.8097e+01  14 1.00000e+00  
 72.4 2.8161e+01  14 1.00000e+00  
 72.5 2.8231e+01  14 1.00000e+00  
 72.6 2.8188e+01  14 1.00000e+00  
 72.7 2.8237e+01  14 1.00000e+00  
 72.8 2.8335e+01  14 1.00000e+00  
 72.9 2.8250e+01  14 1.00000e+00  
 73.0 2.8325e+01  14 1.00000e+00  
 73.1 2.8393e+01  14 1.00000e+00  
 73.2 2.8459e+01  14 1.00000e+00  
 73.3 2.8529e+01  14 1.00000e+00  
 73.4 2.8590e+01  14 1.00000e+00  
 73.5 2.8656e+01  14 1.00000e+00  
 73.6 2.8721e+01  14 1.00000e+00  
 73.7 2.8788e+01  14 1.00000e+00  
 73.8 2.8745e+01  14 1.00000e+00  
 73.9 2.8790e+01  14 1.00000e+00  
 74.0 2.8837e+01  14 1.00000e+00  
 74.1 2.8788e+01  14 1.00000e+00  
 74.2 2.8855e+01  14 1.00000e+00  
 74.3 2.8928e+01  14 1.00000e+00  
 74.4 2.8996e+01  14 1.00000e+00  
 74.5 2.9059e+01  14 1.00000e+00  
 74.6 2.9128e+01  14 1.00000e+00  
 74.7 2.9193e+01  14 1.00000e+00  
 74.8 2.9253e+01  14 1.00000e+00  
 74.9 2.9320e+01  14 1.00000e+00  
 75.0 2.9381e+01  14 1.00000e+00  
 75.1 2.9347e+01  14 1.00000e+00  
 75.2 2.9397e+01  14 1.00000e+00  
 75.3 2.9444e+01  14 1.00000e+00  
 75.4 2.9489e+01  14 1.00000e+00  
 75.5 2.9434e+01  14 1.00000e+00  
 75.6 2.9489e+01  14 1.00000e+00  
 75.7 2.9558e+01  14 1.00000e+00  
 75.8 2.9623e+01  14 1.00000e+00  
 75.9 2.9688e+01  14 1.00000e+00  
 76.0 2.9756e+01  14 1.00000e+00  
 76.1 2.9820e+01  14 1.00000e+00  
 76.2 2.9882e+01  14 1.00000e+00  
 76.3 2.9946e+01  14 1.00000e+00  
 76.4 3.0010e+01  14 1.00000e+00  
 76.5 3.0071e+01  14 1.00000e+00  
 76.6 3.0135e+01  14 1.00000e+00  
 76.7 3.0095e+01  14 1.00000e+00  
 76.8 3.0147e+01  14 1.00000e+00  
 76.9 3.0193e+01  14 1.00000e+00  
 77.0 3.0186e+01  14 1.00000e+00  
 77.1 3.0177e+01  14 1.00000e+00  
 77.2 3.0223e+01  14 1.00000e+00  
 77.3 3.0280e+01  14 1.00000e+00  
 77.4 3.0347e+01  14 1.00000e+00  
 77.5 3.0416e+01  14 1.00000e+00  
 77.6 3.0473e+01  14 1.00000e+00  
 77.7 3.0538e+01  14 1.00000e+00  
 77.8 3.0608e+01  14 1.00000e+00  
 77.9 3.0670e+01  14 1.00000e+00  
 78.0 3.0728e+01  14 1.00000e+00  
 78.1 3.0793e+01  14 1.00000e+00  
 78.2 3.0855e+01  14 1.00000e+00  
 78.3 3.0916e+01  14 1.00000e+00  
 78.4 3.0980e+01  14 1.00000e+00  
 78.5 3.0943e+01  14 1.00000e+00  
 78.6 3.1024e+01  14 1.00000e+00  
 78.7 3.0980e+01  14 1.00000e+00  
 78.8 3.1006e+01  14 1.00000e+00  
 78.9 3.1027e+01  14 1.00000e+00  
 79.0 3.1067e+01  14 1.00000e+00  
 79.1 3.1113e+01  14 1.00000e+00  
 79.2 3.1161e+01  14 1.00000e+00  
 79.3 3.1220e+01  14 1.00000e+00  
 79.4 3.1287e+01  14 1.00000e+00  
 79.5 3.1352e+01  14 1.00000e+00  
 79.6 3.1414e+01  14 1.00000e+00  
 79.7 3.1478e+01  14 1.00000e+00  
 79.8 3.1539e+01  14 1.00000e+00  
 79.9 3.1597e+01  14 1.00000e+00  
 80.0 3.1659e+01  14 1.00000e+00  
 80.1 3.1716e+01  14 1.00000e+00  
 80.2 3.1770e+01  14 1.00000e+00  
 80.3 3.1746e+01  14 1.00000e+00  
 80.4 3.1811e+01  14 1.00000e+00  
 80.5 3.1897e+01  14 1.00000e+00  
 80.6 3.1947e+01  14 1.00000e+00  
 80.7 3.1987e+01  14 1.00000e+00  
 80.8 3.2030e+01  14 1.00000e+00  
 80.9 3.2048e+01  14 1.00000e+00  
 81.0 3.2090e+01  14 1.00000e+00  
 81.1 3.2125e+01  14 1.00000e+00  
 81.2 3.2161e+01  14 1.00000e+00  
 81.3 3.2189e+01  14 1.00000e+00  
 81.4 3.2212e+01  14 1.00000e+00  
 81.5 3.2246e+01  14 1.00000e+00  
 81.6 3.2293e+01  14 1.00000e+00  
 81.7 3.2342e+01  14 1.00000e+00  
 81.8 3.2398e+01  14 1.00000e+00  
 81.9 3.2464e+01  14 1.00000e+00  
 82.0 3.2529e+01  14 1.00000e+00  
 82.1 3.2592e+01  14 1.00000e+00  
 82.2 3.2649e+01  14 1.00000e+00  
 82.3 3.2696e+01  14 1.00000e+00  
 82.4 3.2694e+01  14 1.00000e+00  
 82.5 3.2895e+01  14 1.00000e+00  
 82.6 3.2955e+01  14 1.00000e+00  
 82.7 3.3009e+01  14 1.00000e+00  
 82.8 3.3066e+01  14 1.00000e+00  
 82.9 3.3037e+01  14 1.00000e+00  
 83.0 3.3087e+01  14 1.00000e+00  
 83.1 3.3140e+01  14 1.00000e+00  
 83.2 3.3190e+01  14 1.00000e+00  
 83.3 3.3245e+01  14 1.00000e+00  
 83.4 3.3291e+01  14 1.00000e+00  
 83.5 3.3339e+01  14 1.00000e+00  
 83.6 3.3388e+01  14 1.00000e+00  
 83.7 3.3434e+01  14 1.00000e+00  
 83.8 3.3476e+01  14 1.00000e+00  
 83.9 3.3519e+01  14 1.00000e+00  
 84.0 3.3544e+01  14 1.00000e+00  
 84.1 3.3583e+01  14 1.00000e+00  
 84.2 3.3627e+01  14 1.00000e+00  
 84.3 3.3665e+01  14 1.00000e+00  
 84.4 3.3703e+01  14 1.00000e+00  
 84.5 3.3739e+01  14 1.00000e+00  
 84.6 3.3800e+01  14 1.00000e+00  
 84.7 3.3915e+01  14 1.00000e+00  
 84.8 3.4014e+01  14 1.00000e+00  
 84.9 3.3942e+01  14 1.00000e+00  
 85.0 3.3992e+01  14 1.00000e+00  
 85.1 3.4058e+01  14 1.00000e+00  
 85.2 3.4108e+01  14 1.00000e+00  
 85.3 3.4173e+01  14 1.00000e+00  
 85.4 3.4231e+01  14 1.00000e+00  
 85.5 3.4286e+01  14 1.00000e+00  
 85.6 3.4339e+01  14 1.00000e+00  
 85.7 3.4392e+01  14 1.00000e+00  
 85.8 3.4451e+01  14 1.00000e+00  
 85.9 3.4508e+01  14 1.00000e+00  
 86.0 3.4565e+01  14 1.00000e+00  
 86.1 3.4623e+01  14 1.00000e+00  
 86.2 3.4680e+01  14 1.00000e+00  
 86.3 3.4735e+01  14 1.00000e+00  
 86.4 3.4784e+01  14 1.00000e+00  
 86.5 3.4840e+01  14 1.00000e+00  
 86.6 3.4895e+01  14 1.00000e+00  
 86.7 3.4950e+01  14 1.00000e+00  
 86.8 3.5008e+01  14 1.00000e+00  
 86.9 3.4970e+01  14 1.00000e+00  
 87.0 3.5057e+01  14 1.00000e+00  
 87.1 3.4963e+01  14 1.00000e+00  
 87.2 3.5139e+01  14 1.00000e+00  
 87.3 3.5189e+01  14 1.00000e+00  
 87.4 3.5239e+01  14 1.00000e+00  
 87.5 3.5288e+01  14 1.00000e+00  
 87.6 3.5333e+01  14 1.00000e+00  
 87.7 3.5373e+01  14 1.00000e+00  
 87.8 3.5426e+01  14 1.00000e+00  
 87.9 3.5448e+01  14 1.00000e+00  
 88.0 3.5498e+01  14 1.00000e+00  
 88.1 3.5548e+01  14 1.00000e+00  
 88.2 3.5590e+01  14 1.00000e+00  
 88.3 3.5633e+01  14 1.00000e+00  
 88.4 3.5682e+01  14 1.00000e+00  
 88.5 3.5721e+01  14 1.00000e+00  
 88.6 3.5766e+01  14 1.00000e+00  
 88.7 3.5810e+01  14 1.00000e+00  
 88.8 3.5844e+01  14 1.00000e+00  
 88.9 3.5890e+01  14 1.00000e+00  
 89.0 3.5931e+01  14 1.00000e+00  
 89.1 3.5969e+01  14 1.00000e+00  
 89.2 3.6003e+01  14 1.00000e+00  
 89.3 3.6038e+01  14 1.00000e+00  
 89.4 3.6072e+01  14 1.00000e+00  
 89.5 3.6111e+01  14 1.00000e+00  
 89.6 3.6158e+01  14 1.00000e+00  
 89.7 3.6211e+01  14 1.00000e+00  
 89.8 3.6264e+01  14 1.00000e+00  
 89.9 3.6322e+01  14 1.00000e+00  
 90.0 3.6379e+01  14 1.00000e+00  
 90.1 3.6436e+01  14 1.00000e+00  
 90.2 3.6493e+01  14 1.00000e+00  
 90.3 3.6534e+01  14 1.00000e+00  
 90.4 3.6574e+01  14 1.00000e+00  
 90.5 3.6679e+01  14 1.00000e+00  
 90.6 3.6790e+01  14 1.00000e+00  
 90.7 3.6856e+01  14 1.00000e+00  
 90.8 3.6877e+01  14 1.00000e+00  
 90.9 3.6932e+01  14 1.00000e+00  
 91.0 3.6987e+01  14 1.00000e+00  
 91.1 3.7037e+01  14 1.00000e+00  
 91.2 3.7097e+01  14 1.00000e+00  
 91.3 3.7138e+01  14 1.00000e+00  
 91.4 3.7202e+01  14 1.00000e+00  
 91.5 3.7252e+01  14 1.00000e+00  
 91.6 3.7305e+01  14 1.00000e+00  
 91.7 3.7362e+01  14 1.00000e+00  
 91.8 3.7403e+01  14 1.00000e+00  
 91.9 3.7469e+01  14 1.00000e+00  
 92.0 3.7510e+01  14 1.00000e+00  
 92.1 3.7574e+01  14 1.00000e+00  
 92.2 3.7624e+01  14 1.00000e+00  
 92.3 3.7671e+01  14 1.00000e+00  
 92.4 3.7718e+01  14 1.00000e+00  
 92.5 3.7777e+01  14 1.00000e+00  
 92.6 3.7832e+01  14 1.00000e+00  
 92.7 3.7879e+01  14 1.00000e+00  
 92.8 3.7930e+01  14 1.00000e+00  
 92.9 3.8003e+01  14 1.00000e+00  
 93.0 3.8048e+01  14 1.00000e+00  
 93.1 3.8093e+01  14 1.00000e+00  
 93.2 3.8138e+01  14 1.00000e+00  
 93.3 3.8184e+01  14 1.00000e+00  
 93.4 3.8198e+01  14 1.00000e+00  
 93.5 3.8163e+01  14 1.00000e+00  
 93.6 3.8297e+01  14 1.00000e+00  
 93.7 3.8364e+01  14 1.00000e+00  
 93.8 3.8409e+01  14 1.00000e+00  
 93.9 3.8454e+01  14 1.00000e+00  
 94.0 3.8499e+01  14 1.00000e+00  
 94.1 3.8544e+01  14 1.00000e+00  
 94.2 3.8591e+01  14 1.00000e+00  
 94.3 3.8640e+01  14 1.00000e+00  
 94.4 3.8689e+01  14 1.00000e+00  
 94.5 3.8737e+01  14 1.00000e+00  
 94.6 3.8785e+01  14 1.00000e+00  
 94.7 3.8834e+01  14 1.00000e+00  
 94.8 3.8882e+01  14 1.00000e+00  
 94.9 3.8931e+01  14 1.00000e+00  
 95.0 3.8979e+01  14 1.00000e+00  
 95.1 3.9027e+01  14 1.00000e+00  
 95.2 3.9075e+01  14 1.00000e+00  
 95.3 3.9122e+01  14 1.00000e+00  
 95.4 3.9183e+01  14 1.00000e+00  
 95.5 3.9098e+01  14 1.00000e+00  
 95.6 3.9277e+01  14 1.00000e+00  
 95.7 3.9325e+01  14 1.00000e+00  
 95.8 3.9373e+01  14 1.00000e+00  
 95.9 3.9421e+01  14 1.00000e+00  
 96.0 3.9469e+01  14 1.00000e+00  
 96.1 3.9517e+01  14 1.00000e+00  
 96.2 3.9566e+01  14 1.00000e+00  
 96.3 3.9615e+01  14 1.00000e+00  
 96.4 3.9663e+01  14 1.00000e+00  
 96.5 3.9705e+01  14 1.00000e+00  
 96.6 3.9755e+01  14 1.00000e+00  
 96.7 3.9805e+01  14 1.00000e+00  
 96.8 3.9855e+01  14 1.00000e+00  
 96.9 3.9905e+01  14 1.00000e+00  
 97.0 3.9956e+01  14 1.00000e+00  
 97.1 4.0005e+01  14 1.00000e+00  
 97.2 4.0034e+01  14 1.00000e+00  
 97.3 4.0124e+01  14 1.00000e+00  
 97.4 4.0155e+01  14 1.00000e+00  
 97.5 4.0186e+01  14 1.00000e+00  
 97.6 4.0219e+01  14 1.00000e+00  
 97.7 4.0312e+01  14 1.00000e+00  
 97.8 4.0346e+01  14 1.00000e+00  
 97.9 4.0382e+01  14 1.00000e+00  
 98.0 4.0419e+01  14 1.00000e+00  
 98.1 4.0457e+01  14 1.00000e+00  
 98.2 4.0553e+01  14 1.00000e+00  
 98.3 4.0593e+01  14 1.00000e+00  
 98.4 4.0642e+01  14 1.00000e+00  
 98.5 4.0732e+01  14 1.00000e+00  
 98.6 4.0821e+01  14 1.00000e+00  
 98.7 4.0911e+01  14 1.00000e+00  
 98.8 4.0994e+01  14 1.00000e+00  
 98.9 4.1084e+01  14 1.00000e+00  
 99.0 4.1174e+01  14 1.00000e+00  
 99.1 4.1263e+01  14 1.00000e+00  
 99.2 4.1353e+01  14 1.00000e+00  
 99.3 4.1443e+01  14 1.00000e+00  
 99.4 4.1532e+01  14 1.00000e+00  
 99.5 4.1622e+01  14 1.00000e+00  
 99.6 4.1712e+01  14 1.00000e+00  
 99.7 4.1802e+01  14 1.00000e+00  
 99.8 4.1891e+01  14 1.00000e+00  
 99.9 4.1981e+01  14 1.00000e+00  
100.0 4.2071e+01  14 1.00000e+00  
100.1 4.2161e+01  14 1.00000e+00  
100.2 4.2251e+01  14 1.00000e+00  
100.3 4.2341e+01  14 1.00000e+00  
100.4 4.2431e+01  14 1.00000e+00  
100.5 4.2520e+01  14 1.00000e+00  
100.6 4.2610e+01  14 1.00000e+00  
100.7 4.2700e+01  14 1.00000e+00  
100.8 4.2790e+01  14 1.00000e+00  
100.9 4.2880e+01  14 1.00000e+00  
101.0 4.2970e+01  14 1.00000e+00  
101.1 4.3061e+01  14 1.00000e+00  
101.2 4.3151e+01  14 1.00000e+00  
101.3 4.3241e+01  14 1.00000e+00  
101.4 4.3331e+01  14 1.00000e+00  
101.5 4.3421e+01  14 1.00000e+00  
101.6 4.3511e+01  14 1.00000e+00  
101.7 4.3601e+01  14 1.00000e+00  
101.8 4.3691e+01  14 1.00000e+00  
101.9 4.3782e+01  14 1.00000e+00  
102.0 4.3872e+01  14 1.00000e+00  
102.1 4.3962e+01  14 1.00000e+00  
102.2 4.4052e+01  14 1.00000e+00  
102.3 4.4143e+01  14 1.00000e+00  
102.4 4.4233e+01  14 1.00000e+00  
102.5 4.4323e+01  14 1.00000e+00  
102.6 4.4413e+01  14 1.00000e+00  
102.7 4.4503e+01  14 1.00000e+00  
102.8 4.4594e+01  14 1.00000e+00  
102.9 4.4684e+01  14 1.00000e+00  
103.0 4.4774e+01  14 1.00000e+00  
103.1 4.4865e+01  14 1.00000e+00  
103.2 4.4955e+01  14 1.00000e+00  
103.3 4.5045e+01  14 1.00000e+00  
103.4 4.5136e+01  14 1.00000e+00  
103.5 4.5226e+01  14 1.00000e+00  
103.6 4.5316e+01  14 1.00000e+00  
103.7 4.5407e+01  14 1.00000e+00  
103.8 4.5497e+01  14 1.00000e+00  
103.9 4.5587e+01  14 1.00000e+00  
104.0 4.5678e+01  14 1.00000e+00  
104.1 4.5768e+01  14 1.00000e+00  
104.2 4.5859e+01  14 1.00000e+00  
104.3 4.5949e+01  14 1.00000e+00  
104.4 4.6040e+01  14 1.00000e+00  
104.5 4.6130e+01  14 1.00000e+00  
104.6 4.6221e+01  14 1.00000e+00  
104.7 4.6311e+01  14 1.00000e+00  
104.8 4.6402e+01  14 1.00000e+00  
104.9 4.6492e+01  14 1.00000e+00  
105.0 4.6583e+01  14 1.00000e+00  
105.1 4.6673e+01  14 1.00000e+00  
105.2 4.6764e+01  14 1.00000e+00  
105.3 4.6854e+01  14 1.00000e+00  
105.4 4.6945e+01  14 1.00000e+00  
105.5 4.7035e+01  14 1.00000e+00  
105.6 4.7126e+01  14 1.00000e+00  
105.7 4.7217e+01  14 1.00000e+00  
105.8 4.7307e+01  14 1.00000e+00  
105.9 4.7393e+01  14 1.00000e+00  
106.0 4.7483e+01  14 1.00000e+00  
106.1 4.7574e+01  14 1.00000e+00  
106.2 4.7664e+01  14 1.00000e+00  
106.3 4.7755e+01  14 1.00000e+00  
106.4 4.7846e+01  14 1.00000e+00  
106.5 4.7936e+01  14 1.00000e+00  
106.6 4.8027e+01  14 1.00000e+00  
106.7 4.8118e+01  14 1.00000e+00  
106.8 4.8208e+01  14 1.00000e+00  
106.9 4.8299e+01  14 1.00000e+00  
107.0 4.8390e+01  14 1.00000e+00  
107.1 4.8480e+01  14 1.00000e+00  
107.2 4.8571e+01  14 1.00000e+00  
107.3 4.8662e+01  14 1.00000e+00  
107.4 4.8752e+01  14 1.00000e+00  
107.5 4.8843e+01  14 1.00000e+00  
107.6 4.8934e+01  14 1.00000e+00  
107.7 4.9025e+01  14 1.00000e+00  
107.8 4.9115e+01  14 1.00000e+00  
107.9 4.9206e+01  14 1.00000e+00  
108.0 4.9297e+01  14 1.00000e+00  
108.1 4.9387e+01  14 1.00000e+00  
108.2 4.9478e+01  14 1.00000e+00  
108.3 4.9569e+01  14 1.00000e+00  
108.4 4.9660e+01  14 1.00000e+00  
108.5 4.9750e+01  14 1.00000e+00  
108.6 4.9841e+01  14 1.00000e+00  
108.7 4.9932e+01  14 1.00000e+00  
108.8 5.0023e+01  14 1.00000e+00  
108.9 5.0113e+01  14 1.00000e+00  
109.0 5.0204e+01  14 1.00000e+00  
109.1 5.0295e+01  14 1.00000e+00  
109.2 5.0386e+01  14 1.00000e+00  
109.3 5.0476e+01  14 1.00000e+00  
109.4 5.0567e+01  14 1.00000e+00  
109.5 5.0658e+01  14 1.00000e+00  
109.6 5.0749e+01  14 1.00000e+00  
109.7 5.0840e+01  14 1.00000e+00  
109.8 5.0930e+01  14 1.00000e+00  
109.9 5.1021e+01  14 1.00000e+00  
110.0 5.1112e+01  14 1.00000e+00  
110.1 5.1203e+01  14 1.00000e+00  
110.2 5.1294e+01  14 1.00000e+00  
110.3 5.1384e+01  14 1.00000e+00  
110.4 5.1475e+01  14 1.00000e+00  
110.5 5.1566e+01  14 1.00000e+00  
110.6 5.1657e+01  14 1.00000e+00  
110.7 5.1748e+01  14 1.00000e+00  
110.8 5.1838e+01  14 1.00000e+00  
110.9 5.1929e+01  14 1.00000e+00  
111.0 5.2020e+01  14 1.00000e+00  
111.1 5.2111e+01  14 1.00000e+00  
111.2 5.2201e+01  14 1.00000e+00  
111.3 5.2292e+01  14 1.00000e+00  
111.4 5.2383e+01  14 1.00000e+00  
111.5 5.2474e+01  14 1.00000e+00  
111.6 5.2565e+01  14 1.00000e+00  
111.7 5.2655e+01  14 1.00000e+00  
111.8 5.2746e+01  14 1.00000e+00  
111.9 5.2837e+01  14 1.00000e+00  
112.0 5.2928e+01  14 1.00000e+00  
112.1 5.3019e+01  14 1.00000e+00  
112.2 5.3110e+01  14 1.00000e+00  
112.3 5.3200e+01  14 1.00000e+00  
112.4 5.3291e+01  14 1.00000e+00  
112.5 5.3382e+01  14 1.00000e+00  
112.6 5.3473e+01  14 1.00000e+00  
112.7 5.3563e+01  14 1.00000e+00  
112.8 5.3654e+01  14 1.00000e+00  
112.9 5.3745e+01  14 1.00000e+00  
113.0 5.3836e+01  14 1.00000e+00  
113.1 5.3927e+01  14 1.00000e+00  
113.2 5.4017e+01  14 1.00000e+00  
113.3 5.4108e+01  14 1.00000e+00  
113.4 5.4199e+01  14 1.00000e+00  
113.5 5.4285e+01  14 1.00000e+00  
113.6 5.4376e+01  14 1.00000e+00  
113.7 5.4467e+01  14 1.00000e+00  
113.8 5.4558e+01  14 1.00000e+00  
113.9 5.4648e+01  14 1.00000e+00  
114.0 5.4739e+01  14 1.00000e+00  
114.1 5.4830e+01  14 1.00000e+00  
114.2 5.4921e+01  14 1.00000e+00  
114.3 5.5011e+01  14 1.00000e+00  
114.4 5.5102e+01  14 1.00000e+00  
114.5 5.5193e+01  14 1.00000e+00  
114.6 5.5284e+01  14 1.00000e+00  
114.7 5.5374e+01  14 1.00000e+00  
114.8 5.5465e+01  14 1.00000e+00  
114.9 5.5548e+01  14 1.00000e+00  
115.0 5.5638e+01  14 1.00000e+00  
115.1 5.5729e+01  14 1.00000e+00  
115.2 5.5820e+01  14 1.00000e+00  
115.3 5.5911e+01  14 1.00000e+00  
115.4 5.6001e+01  14 1.00000e+00  
115.5 5.6092e+01  14 1.00000e+00  
115.6 5.6183e+01  14 1.00000e+00  
115.7 5.6273e+01  14 1.00000e+00  
115.8 5.6364e+01  14 1.00000e+00  
115.9 5.6455e+01  14 1.00000e+00  
116.0 5.6545e+01  14 1.00000e+00  
116.1 5.6636e+01  14 1.00000e+00  
116.2 5.6727e+01  14 1.00000e+00  
116.3 5.6817e+01  14 1.00000e+00  
116.4 5.6908e+01  14 1.00000e+00  
116.5 5.6999e+01  14 1.00000e+00  
116.6 5.7089e+01  14 1.00000e+00  
116.7 5.7180e+01  14 1.00000e+00  
116.8 5.7271e+01  14 1.00000e+00  
116.9 5.7361e+01  14 1.00000e+00  
117.0 5.7452e+01  14 1.00000e+00  
117.1 5.7543e+01  14 1.00000e+00  
117.2 5.7633e+01  14 1.00000e+00  
117.3 5.7724e+01  14 1.00000e+00  
117.4 5.7814e+01  14 1.00000e+00  
117.5 5.7905e+01  14 1.00000e+00  
117.6 5.7996e+01  14 1.00000e+00  
117.7 5.8086e+01  14 1.00000e+00  
117.8 5.8177e+01  14 1.00000e+00  
117.9 5.8268e+01  14 1.00000e+00  
118.0 5.8358e+01  14 1.00000e+00  
118.1 5.8449e+01  14 1.00000e+00  
118.2 5.8539e+01  14 1.00000e+00  
118.3 5.8630e+01  14 1.00000e+00  
118.4 5.8720e+01  14 1.00000e+00  
118.5 5.8811e+01  14 1.00000e+00  
118.6 5.8902e+01  14 1.00000e+00  
118.7 5.8992e+01  14 1.00000e+00  
118.8 5.9083e+01  14 1.00000e+00  
118.9 5.9173e+01  14 1.00000e+00  
119.0 5.9264e+01  14 1.00000e+00  
119.1 5.9354e+01  14 1.00000e+00  
119.2 5.9445e+01  14 1.00000e+00  
119.3 5.9535e+01  14 1.00000e+00  
119.4 5.9626e+01  14 1.00000e+00  
119.5 5.9716e+01  14 1.00000e+00  
119.6 5.9807e+01  14 1.00000e+00  
119.7 5.9897e+01  14 1.00000e+00  
119.8 5.9988e+01  14 1.00000e+00  
119.9 6.0078e+01  14 1.00000e+00  
120.0 6.0169e+01  14 1.00000e+00  
120.1 6.0259e+01  14 1.00000e+00  
120.2 6.0350e+01  14 1.00000e+00  
120.3 6.0440e+01  14 1.00000e+00  
120.4 6.0531e+01  14 1.00000e+00  
120.5 6.0621e+01  14 1.00000e+00  
120.6 6.0711e+01  14 1.00000e+00  
120.7 6.0802e+01  14 1.00000e+00  
120.8 6.0892e+01  14 1.00000e+00  
120.9 6.0983e+01  14 1.00000e+00  
121.0 6.1073e+01  14 1.00000e+00  
121.1 6.1163e+01  14 1.00000e+00  
121.2 6.1254e+01  14 1.00000e+00  
121.3 6.1344e+01  14 1.00000e+00  
121.4 6.1435e+01  14 1.00000e+00  
121.5 6.1525e+01  14 1.00000e+00  
121.6 6.1615e+01  14 1.00000e+00  
121.7 6.1706e+01  14 1.00000e+00  
121.8 6.1796e+01  14 1.00000e+00  
121.9 6.1886e+01  14 1.00000e+00  
122.0 6.1973e+01  14 1.00000e+00  
122.1 6.2063e+01  14 1.00000e+00  
122.2 6.2153e+01  14 1.00000e+00  
122.3 6.2243e+01  14 1.00000e+00  
122.4 6.2334e+01  14 1.00000e+00  
122.5 6.2424e+01  14 1.00000e+00  
122.6 6.2514e+01  14 1.00000e+00  
122.7 6.2605e+01  14 1.00000e+00  
122.8 6.2695e+01  14 1.00000e+00  
122.9 6.2785e+01  14 1.00000e+00  
123.0 6.2875e+01  14 1.00000e+00  
123.1 6.2966e+01  14 1.00000e+00  
123.2 6.3056e+01  14 1.00000e+00  
123.3 6.3146e+01  14 1.00000e+00  
123.4 6.3236e+01  14 1.00000e+00  
123.5 6.3326e+01  14 1.00000e+00  
123.6 6.3416e+01  14 1.00000e+00  
123.7 6.3507e+01  14 1.00000e+00  
123.8 6.3597e+01  14 1.00000e+00  
123.9 6.3687e+01  14 1.00000e+00  
124.0 6.3777e+01  14 1.00000e+00  
124.1 6.3867e+01  14 1.00000e+00  
124.2 6.3957e+01  14 1.00000e+00  
124.3 6.4047e+01  14 1.00000e+00  
124.4 6.4138e+01  14 1.00000e+00  
124.5 6.4228e+01  14 1.00000e+00  
124.6 6.4318e+01  14 1.00000e+00  
124.7 6.4408e+01  14 1.00000e+00  
124.8 6.4498e+01  14 1.00000e+00  
124.9 6.4588e+01  14 1.00000e+00  
125.0 6.4678e+01  14 1.00000e+00  
125.1 6.4768e+01  14 1.00000e+00  
125.2 6.4858e+01  14 1.00000e+00  
125.3 6.4948e+01  14 1.00000e+00  
125.4 6.5038e+01  14 1.00000e+00  
125.5 6.5128e+01  14 1.00000e+00  
125.6 6.5218e+01  14 1.00000e+00  
125.7 6.5308e+01  14 1.00000e+00  
125.8 6.5398e+01  14 1.00000e+00  
125.9 6.5488e+01  14 1.00000e+00  
126.0 6.5578e+01  14 1.00000e+00  
126.1 6.5668e+01  14 1.00000e+00  
126.2 6.5758e+01  14 1.00000e+00  
126.3 6.5848e+01  14 1.00000e+00  
126.4 6.5938e+01  14 1.00000e+00  
126.5 6.6028e+01  14 1.00000e+00  
126.6 6.6118e+01  14 1.00000e+00  
126.7 6.6208e+01  14 1.00000e+00  
126.8 6.6298e+01  14 1.00000e+00  
126.9 6.6388e+01  14 1.00000e+00  
127.0 6.6478e+01  14 1.00000e+00  
127.1 6.6568e+01  14 1.00000e+00  
127.2 6.6657e+01  14 1.00000e+00  
127.3 6.6747e+01  14 1.00000e+00  
127.4 6.6837e+01  14 1.00000e+00  
127.5 6.6927e+01  14 1.00000e+00  
127.6 6.7017e+01  14 1.00000e+00  
127.7 6.7107e+01  14 1.00000e+00  
127.8 6.7197e+01  14 1.00000e+00  
127.9 6.7286e+01  14 1.00000e+00  
128.0 6.7376e+01  14 1.00000e+00  
128.1 6.7466e+01  14 1.00000e+00  
128.2 6.7556e+01  14 1.00000e+00  
128.3 6.7646e+01  14 1.00000e+00  
128.4 6.7735e+01  14 1.00000e+00  
128.5 6.7825e+01  14 1.00000e+00  
128.6 6.7915e+01  14 1.00000e+00  
128.7 6.8005e+01  14 1.00000e+00  
128.8 6.8094e+01  14 1.00000e+00  
128.9 6.8184e+01  14 1.00000e+00  
129.0 6.8274e+01  14 1.00000e+00  
129.1 6.8363e+01  14 1.00000e+00  
129.2 6.8453e+01  14 1.00000e+00  
129.3 6.8543e+01  14 1.00000e+00  
129.4 6.8632e+01  14 1.00000e+00  
129.5 6.8722e+01  14 1.00000e+00  
129.6 6.8812e+01  14 1.00000e+00  
129.7 6.8901e+01  14 1.00000e+00  
129.8 6.8991e+01  14 1.00000e+00  
129.9 6.9081e+01  14 1.00000e+00  
130.0 6.9170e+01  14 1.00000e+00  
130.1 6.9260e+01  14 1.00000e+00  
130.2 6.9349e+01  14 1.00000e+00  
130.3 6.9439e+01  14 1.00000e+00  
130.4 6.9529e+01  14 1.00000e+00  
130.5 6.9618e+01  14 1.00000e+00  
130.6 6.9708e+01  14 1.00000e+00  
130.7 6.9797e+01  14 1.00000e+00  
130.8 6.9887e+01  14 1.00000e+00  
130.9 6.9976e+01  14 1.00000e+00  
131.0 7.0066e+01  14 1.00000e+00  
131.1 7.0155e+01  14 1.00000e+00  
131.2 7.0241e+01  14 1.00000e+00  
131.3 7.0331e+01  14 1.00000e+00  
131.4 7.0420e+01  14 1.00000e+00  
131.5 7.0510e+01  14 1.00000e+00  
131.6 7.0599e+01  14 1.00000e+00  
131.7 7.0689e+01  14 1.00000e+00  
131.8 7.0778e+01  14 1.00000e+00  
131.9 7.0868e+01  14 1.00000e+00  
132.0 7.0957e+01  14 1.00000e+00  
132.1 7.1046e+01  14 1.00000e+00  
132.2 7.1136e+01  14 1.00000e+00  
132.3 7.1225e+01  14 1.00000e+00  
132.4 7.1315e+01  14 1.00000e+00  
132.5 7.1404e+01  14 1.00000e+00  
132.6 7.1493e+01  14 1.00000e+00  
132.7 7.1583e+01  14 1.00000e+00  
132.8 7.1672e+01  14 1.00000e+00  
132.9 7.1761e+01  14 1.00000e+00  
133.0 7.1851e+01  14 1.00000e+00  
133.1 7.1940e+01  14 1.00000e+00  
133.2 7.2029e+01  14 1.00000e+00  
133.3 7.2119e+01  14 1.00000e+00  
133.4 7.2208e+01  14 1.00000e+00  
133.5 7.2297e+01  14 1.00000e+00  
133.6 7.2386e+01  14 1.00000e+00  
133.7 7.2476e+01  14 1.00000e+00  
133.8 7.2565e+01  14 1.00000e+00  
133.9 7.2654e+01  14 1.00000e+00  
134.0 7.2743e+01  14 1.00000e+00  
134.1 7.2833e+01  14 1.00000e+00  
134.2 7.2922e+01  14 1.00000e+00  
134.3 7.3011e+01  14 1.00000e+00  
134.4 7.3100e+01  14 1.00000e+00  
134.5 7.3189e+01  14 1.00000e+00  
134.6 7.3279e+01  14 1.00000e+00  
134.7 7.3368e+01  14 1.00000e+00  
134.8 7.3457e+01  14 1.00000e+00  
134.9 7.3546e+01  14 1.00000e+00  
135.0 7.3635e+01  14 1.00000e+00  
135.1 7.3724e+01  14 1.00000e+00  
135.2 7.2740e+01  14 1.00000e+00  
135.3 7.2829e+01  14 1.00000e+00  
135.4 7.2918e+01  14 1.00000e+00  
135.5 7.3006e+01  14 1.00000e+00  
135.6 7.3095e+01  14 1.00000e+00  
135.7 7.3184e+01  14 1.00000e+00  
135.8 7.3273e+01  14 1.00000e+00  
135.9 7.3361e+01  14 1.00000e+00  
136.0 7.3450e+01  14 1.00000e+00  
136.1 7.3539e+01  14 1.00000e+00  
136.2 7.3627e+01  14 1.00000e+00  
136.3 7.3716e+01  14 1.00000e+00  
136.4 7.3805e+01  14 1.00000e+00  
136.5 7.3893e+01  14 1.00000e+00  
136.6 7.3982e+01  14 1.00000e+00  
136.7 7.4071e+01  14 1.00000e+00  
136.8 7.2774e+01  14 1.00000e+00  
136.9 7.2862e+01  14 1.00000e+00  
137.0 7.2950e+01  14 1.00000e+00  
137.1 7.3038e+01  14 1.00000e+00  
137.2 7.3126e+01  14 1.00000e+00  
137.3 7.3213e+01  14 1.00000e+00  
137.4 7.3301e+01  14 1.00000e+00  
137.5 7.3389e+01  14 1.00000e+00  
137.6 7.3477e+01  14 1.00000e+00  
137.7 7.3564e+01  14 1.00000e+00  
137.8 7.3652e+01  14 1.00000e+00  
137.9 7.3740e+01  14 1.00000e+00  
138.0 7.3828e+01  14 1.00000e+00  
138.1 7.3915e+01  14 1.00000e+00  
138.2 7.4003e+01  14 1.00000e+00  
138.3 7.4091e+01  14 1.00000e+00  
138.4 7.4179e+01  14 1.00000e+00  
138.5 7.4266e+01  14 1.00000e+00  
138.6 7.4354e+01  14 1.00000e+00  
138.7 7.4442e+01  14 1.00000e+00  
138.8 7.4529e+01  14 1.00000e+00  
138.9 7.4617e+01  14 1.00000e+00  
139.0 7.4705e+01  14 1.00000e+00  
139.1 7.3919e+01  14 1.00000e+00  
139.2 7.4007e+01  14 1.00000e+00  
139.3 7.4094e+01  14 1.00000e+00  
139.4 7.4182e+01  14 1.00000e+00  
139.5 7.4269e+01  14 1.00000e+00  
139.6 7.4357e+01  14 1.00000e+00  
139.7 7.4444e+01  14 1.00000e+00  
139.8 7.4532e+01  14 1.00000e+00  
139.9 7.4619e+01  14 1.00000e+00  
140.0 7.4707e+01  14 1.00000e+00  
140.1 7.4794e+01  14 1.00000e+00  
140.2 7.4882e+01  14 1.00000e+00  
140.3 7.4969e+01  14 1.00000e+00  
140.4 7.5056e+01  14 1.00000e+00  
140.5 7.5144e+01  14 1.00000e+00  
140.6 7.5231e+01  14 1.00000e+00  
140.7 7.5319e+01  14 1.00000e+00  
140.8 7.5406e+01  14 1.00000e+00  
140.9 7.5494e+01  14 1.00000e+00  
141.0 7.5581e+01  14 1.00000e+00  
141.1 7.5668e+01  14 1.00000e+00  
141.2 7.3096e+01  14 1.00000e+00  
141.3 7.3181e+01  14 1.00000e+00  
141.4 7.3267e+01  14 1.00000e+00  
141.5 7.3353e+01  14 1.00000e+00  
141.6 7.3438e+01  14 1.00000e+00  
141.7 7.3524e+01  14 1.00000e+00  
141.8 7.3610e+01  14 1.00000e+00  
141.9 7.3695e+01  14 1.00000e+00  
142.0 7.3781e+01  14 1.00000e+00  
142.1 7.3866e+01  14 1.00000e+00  
142.2 7.3952e+01  14 1.00000e+00  
142.3 7.4037e+01  14 1.00000e+00  
142.4 7.4123e+01  14 1.00000e+00  
142.5 7.4209e+01  14 1.00000e+00  
142.6 7.4294e+01  14 1.00000e+00  
142.7 7.4380e+01  14 1.00000e+00  
142.8 7.4465e+01  14 1.00000e+00  
142.9 7.4551e+01  14 1.00000e+00  
143.0 7.4636e+01  14 1.00000e+00  
143.1 7.4722e+01  14 1.00000e+00  
143.2 7.4807e+01  14 1.00000e+00  
143.3 7.4893e+01  14 1.00000e+00  
143.4 7.4978e+01  14 1.00000e+00  
143.5 7.5064e+01  14 1.00000e+00  
143.6 7.5149e+01  14 1.00000e+00  
143.7 7.5235e+01  14 1.00000e+00  
143.8 7.5320e+01  14 1.00000e+00  
143.9 7.5405e+01  14 1.00000e+00  
144.0 7.5491e+01  14 1.00000e+00  
144.1 7.5576e+01  14 1.00000e+00  
144.2 7.5662e+01  14 1.00000e+00  
144.3 7.5747e+01  14 1.00000e+00  
144.4 7.5832e+01  14 1.00000e+00  
144.5 7.5918e+01  14 1.00000e+00  
144.6 7.6003e+01  14 1.00000e+00  
144.7 7.6089e+01  14 1.00000e+00  
144.8 7.6174e+01  14 1.00000e+00  
144.9 7.6259e+01  14 1.00000e+00  
145.0 7.5580e+01  14 1.00000e+00  
145.1 7.5666e+01  14 1.00000e+00  
145.2 7.5751e+01  14 1.00000e+00  
145.3 7.5837e+01  14 1.00000e+00  
145.4 7.5922e+01  14 1.00000e+00  
145.5 7.6008e+01  14 1.00000e+00  
145.6 7.6093e+01  14 1.00000e+00  
145.7 7.6179e+01  14 1.00000e+00  
145.8 7.6264e+01  14 1.00000e+00  
145.9 7.6349e+01  14 1.00000e+00  
146.0 7.6435e+01  14 1.00000e+00  
146.1 7.6520e+01  14 1.00000e+00  
146.2 7.6606e+01  14 1.00000e+00  
146.3 7.6691e+01  14 1.00000e+00  
146.4 7.6777e+01  14 1.00000e+00  
146.5 7.6862e+01  14 1.00000e+00  
146.6 7.6947e+01  14 1.00000e+00  
146.7 7.7033e+01  14 1.00000e+00  
146.8 7.7118e+01  14 1.00000e+00  
146.9 7.7204e+01  14 1.00000e+00  
147.0 7.7289e+01  14 1.00000e+00  
147.1 7.7374e+01  14 1.00000e+00  
147.2 7.7460e+01  14 1.00000e+00  
147.3 7.7545e+01  14 1.00000e+00  
147.4 7.7631e+01  14 1.00000e+00  
147.5 7.7716e+01  14 1.00000e+00  
147.6 7.7801e+01  14 1.00000e+00  
147.7 7.7887e+01  14 1.00000e+00  
147.8 7.7972e+01  14 1.00000e+00  
147.9 7.8057e+01  14 1.00000e+00  
148.0 7.8143e+01  14 1.00000e+00  
148.1 7.8228e+01  14 1.00000e+00  
148.2 7.8313e+01  14 1.00000e+00  
148.3 7.8399e+01  14 1.00000e+00  
148.4 7.8484e+01  14 1.00000e+00  
148.5 7.8569e+01  14 1.00000e+00  
148.6 7.8655e+01  14 1.00000e+00  
148.7 7.8740e+01  14 1.00000e+00  
148.8 7.8825e+01  14 1.00000e+00  
148.9 7.8911e+01  14 1.00000e+00  
149.0 7.8996e+01  14 1.00000e+00  
149.1 7.9081e+01  14 1.00000e+00  
149.2 7.9167e+01  14 1.00000e+00  
149.3 7.9252e+01  14 1.00000e+00  
149.4 7.9337e+01  14 1.00000e+00  
149.5 7.9419e+01  14 1.00000e+00  
149.6 7.9505e+01  14 1.00000e+00  
149.7 7.9590e+01  14 1.00000e+00  
149.8 7.9675e+01  14 1.00000e+00  
149.9 7.9760e+01  14 1.00000e+00  
150.0 7.9846e+01  14 1.00000e+00  
