 15.1 1.4563e+00  13 4.50054e-02  
 15.2 1.4639e+00  13 4.53151e-02  
 15.3 1.4714e+00  13 4.56675e-02  
 15.4 1.4790e+00  13 4.60157e-02  
 15.5 1.4865e+00  13 4.63600e-02  
 15.6 1.4941e+00  13 4.67002e-02  
 15.7 1.5016e+00  13 4.70365e-02  
 15.8 1.5092e+00  13 4.73688e-02  
 15.9 1.5167e+00  13 4.76973e-02  
 16.0 1.5243e+00  13 4.80221e-02  
 16.1 1.5318e+00  13 4.83432e-02  
 16.2 1.5394e+00  13 4.86606e-02  
 16.3 1.5469e+00  13 4.89745e-02  
 16.4 1.5545e+00  13 4.92851e-02  
 16.5 1.5620e+00  13 4.95924e-02  
 16.6 1.5696e+00  13 4.98968e-02  
 16.7 1.5771e+00  13 5.01982e-02  
 16.8 1.5846e+00  13 5.04964e-02  
 16.9 1.5922e+00  13 5.07915e-02  
 17.0 1.5997e+00  13 5.10834e-02  
 17.1 1.6072e+00  13 5.13722e-02  
 17.2 1.6148e+00  13 5.16578e-02  
 17.3 1.6223e+00  13 5.18726e-02  
 17.4 1.6298e+00  13 5.21513e-02  
 17.5 1.6374e+00  13 5.24271e-02  
 17.6 1.6449e+00  13 5.26998e-02  
 17.7 1.6524e+00  13 5.29698e-02  
 17.8 1.6599e+00  13 5.32372e-02  
 17.9 1.6675e+00  13 5.35017e-02  
 18.0 1.6750e+00  13 5.37636e-02  
 18.1 1.6825e+00  13 5.40227e-02  
 18.2 1.6900e+00  13 5.42793e-02  
 18.3 1.6975e+00  13 5.45333e-02  
 18.4 1.7050e+00  13 5.47849e-02  
 18.5 1.7139e+00  13 5.51352e-02  
 18.6 1.7261e+00  13 5.57395e-02  
 18.7 1.7384e+00  13 5.63456e-02  
 18.8 1.7509e+00  13 5.69535e-02  
 18.9 1.7634e+00  13 5.75634e-02  
 19.0 1.7760e+00  13 5.81752e-02  
 19.1 1.7887e+00  13 5.87890e-02  
 19.2 1.8015e+00  13 5.94046e-02  
 19.3 1.8144e+00  13 6.00226e-02  
 19.4 1.8274e+00  13 6.06427e-02  
 19.5 1.8405e+00  13 6.12650e-02  
 19.6 1.8536e+00  13 6.18896e-02  
 19.7 1.8669e+00  13 6.25165e-02  
 19.8 1.8803e+00  13 6.31457e-02  
 19.9 1.8938e+00  13 6.37773e-02  
 20.0 1.9074e+00  13 6.44114e-02  
 20.1 1.9211e+00  13 6.50480e-02  
 20.2 1.7556e+01  14 1.00000e+00  
 20.3 1.7638e+01  14 1.00000e+00  
 20.4 1.7720e+01  14 1.00000e+00  
 20.5 1.7802e+01  14 1.00000e+00  
 20.6 1.7884e+01  14 1.00000e+00  
 20.7 1.7967e+01  14 1.00000e+00  
 20.8 1.8049e+01  14 1.00000e+00  
 20.9 1.8131e+01  14 1.00000e+00  
 21.0 1.8213e+01  14 1.00000e+00  
 21.1 1.8295e+01  14 1.00000e+00  
 21.2 1.8376e+01  14 1.00000e+00  
 21.3 1.8458e+01  14 1.00000e+00  
 21.4 1.8540e+01  14 1.00000e+00  
 21.5 1.8622e+01  14 1.00000e+00  
 21.6 1.8703e+01  14 1.00000e+00  
 21.7 1.8785e+01  14 1.00000e+00  
 21.8 1.8866e+01  14 1.00000e+00  
 21.9 1.8948e+01  14 1.00000e+00  
 22.0 1.9030e+01  14 1.00000e+00  
 22.1 1.9110e+01  14 1.00000e+00  
 22.2 1.9191e+01  14 1.00000e+00  
 22.3 1.9272e+01  14 1.00000e+00  
 22.4 1.9318e+01  14 1.00000e+00  
 22.5 1.9398e+01  14 1.00000e+00  
 22.6 1.9478e+01  14 1.00000e+00  
 22.7 1.9557e+01  14 1.00000e+00  
 22.8 1.9638e+01  14 1.00000e+00  
 22.9 1.9718e+01  14 1.00000e+00  
 23.0 1.9798e+01  14 1.00000e+00  
 23.1 5.5941e+00  14 2.47361e-01  
 23.2 5.7090e+00  14 2.52840e-01  
 23.3 5.8257e+00  14 2.57909e-01  
 23.4 5.9439e+00  14 2.63018e-01  
 23.5 6.0636e+00  14 2.68166e-01  
 23.6 6.1848e+00  14 2.73353e-01  
 23.7 6.3078e+00  14 2.78553e-01  
 23.8 6.4321e+00  14 2.83824e-01  
 23.9 6.5579e+00  14 2.89132e-01  
 24.0 6.6854e+00  14 2.94478e-01  
 24.1 6.8111e+00  14 3.00261e-01  
 24.2 6.9413e+00  14 3.05677e-01  
 24.3 7.0730e+00  14 3.11130e-01  
 24.4 7.2063e+00  14 3.16627e-01  
 24.5 7.3410e+00  14 3.22162e-01  
 24.6 7.4777e+00  14 3.27707e-01  
 24.7 7.6157e+00  14 3.33314e-01  
 24.8 7.7552e+00  14 3.38957e-01  
 24.9 7.8963e+00  14 3.44638e-01  
 25.0 8.0326e+00  14 3.50716e-01  
 25.1 8.1764e+00  14 3.56471e-01  
 25.2 8.3217e+00  14 3.62261e-01  
 25.3 8.4686e+00  14 3.68087e-01  
 25.4 8.6171e+00  14 3.73949e-01  
 25.5 8.7678e+00  14 3.79821e-01  
 25.6 8.9195e+00  14 3.85753e-01  
 25.7 9.0727e+00  14 3.91720e-01  
 25.8 9.2274e+00  14 3.97730e-01  
 25.9 9.3740e+00  14 4.04098e-01  
 26.0 9.5316e+00  14 4.10172e-01  
 26.1 9.6907e+00  14 4.16280e-01  
 26.2 9.8513e+00  14 4.22424e-01  
 26.3 1.0014e+01  14 4.28603e-01  
 26.4 1.0178e+01  14 4.34792e-01  
 26.5 1.0344e+01  14 4.41044e-01  
 26.6 1.0511e+01  14 4.47330e-01  
 26.7 1.0679e+01  14 4.53650e-01  
 26.8 1.0836e+01  14 4.60295e-01  
 26.9 1.1007e+01  14 4.66680e-01  
 27.0 1.1180e+01  14 4.73098e-01  
 27.1 1.1355e+01  14 4.79551e-01  
 27.2 1.1531e+01  14 4.86038e-01  
 27.3 1.1709e+01  14 4.92560e-01  
 27.4 1.1889e+01  14 4.99101e-01  
 27.5 1.2070e+01  14 5.05693e-01  
 27.6 1.2252e+01  14 5.12319e-01  
 27.7 1.2418e+01  14 5.19234e-01  
 27.8 1.2604e+01  14 5.25923e-01  
 27.9 1.2790e+01  14 5.32644e-01  
 28.0 1.2979e+01  14 5.39400e-01  
 28.1 1.3169e+01  14 5.46194e-01  
 28.2 1.3360e+01  14 5.53020e-01  
 28.3 1.3555e+01  14 5.59859e-01  
 28.4 1.3749e+01  14 5.66751e-01  
 28.5 1.3946e+01  14 5.73676e-01  
 28.6 1.4144e+01  14 5.80634e-01  
 28.7 1.4320e+01  14 5.87844e-01  
 28.8 1.4521e+01  14 5.94864e-01  
 28.9 1.4723e+01  14 6.01918e-01  
 29.0 1.4927e+01  14 6.09009e-01  
 29.1 1.5132e+01  14 6.16131e-01  
 29.2 1.5340e+01  14 6.23279e-01  
 29.3 1.5550e+01  14 6.30456e-01  
 29.4 1.5760e+01  14 6.37676e-01  
 29.5 1.5972e+01  14 6.44929e-01  
 29.6 1.6156e+01  14 6.52399e-01  
 29.7 1.6371e+01  14 6.59714e-01  
 29.8 1.6587e+01  14 6.67061e-01  
 29.9 1.6804e+01  14 6.74445e-01  
 30.0 1.7023e+01  14 6.81859e-01  
 30.1 1.7244e+01  14 6.89307e-01  
 30.2 1.7469e+01  14 6.96772e-01  
 30.3 1.7693e+01  14 7.04284e-01  
 30.4 1.7919e+01  14 7.11829e-01  
 30.5 1.8111e+01  14 7.19556e-01  
 30.6 1.8340e+01  14 7.27162e-01  
 30.7 1.8569e+01  14 7.34796e-01  
 30.8 1.8800e+01  14 7.42468e-01  
 30.9 1.9033e+01  14 7.50172e-01  
 31.0 1.9268e+01  14 7.57908e-01  
 31.1 1.9504e+01  14 7.65675e-01  
 31.2 1.9745e+01  14 7.73467e-01  
 31.3 1.9984e+01  14 7.81301e-01  
 31.4 2.0225e+01  14 7.89168e-01  
 31.5 2.0425e+01  14 7.97176e-01  
 31.6 2.0669e+01  14 8.05103e-01  
 31.7 2.0914e+01  14 8.13062e-01  
 31.8 2.1160e+01  14 8.21055e-01  
 31.9 2.1408e+01  14 8.29080e-01  
 32.0 2.1658e+01  14 8.37138e-01  
 32.1 2.1912e+01  14 8.45222e-01  
 32.2 2.2166e+01  14 8.53342e-01  
 32.3 2.2421e+01  14 8.61497e-01  
 32.4 2.2626e+01  14 8.69756e-01  
 32.5 2.2883e+01  14 8.77971e-01  
 32.6 2.3142e+01  14 8.86219e-01  
 32.7 2.3402e+01  14 8.94498e-01  
 32.8 2.3664e+01  14 9.02811e-01  
 32.9 2.3926e+01  14 9.11156e-01  
 33.0 2.4190e+01  14 9.19533e-01  
 33.1 2.4462e+01  14 9.27939e-01  
 33.2 2.4730e+01  14 9.36382e-01  
 33.3 2.4999e+01  14 9.44857e-01  
 33.4 2.5209e+01  14 9.53390e-01  
 33.5 2.5481e+01  14 9.61925e-01  
 33.6 2.5755e+01  14 9.70493e-01  
 33.7 2.6030e+01  14 9.79093e-01  
 33.8 2.6306e+01  14 9.87725e-01  
 33.9 2.6584e+01  14 9.96390e-01  
 34.0 2.6731e+01  14 1.00000e+00  
 34.1 2.6792e+01  14 1.00000e+00  
 34.2 2.6847e+01  14 1.00000e+00  
 34.3 2.6901e+01  14 1.00000e+00  
 34.4 2.6886e+01  14 1.00000e+00  
 34.5 2.6939e+01  14 1.00000e+00  
 34.6 2.6993e+01  14 1.00000e+00  
 34.7 2.7046e+01  14 1.00000e+00  
 34.8 2.7099e+01  14 1.00000e+00  
 34.9 2.7151e+01  14 1.00000e+00  
 35.0 2.7073e+01  14 1.00000e+00  
 35.1 2.7133e+01  14 1.00000e+00  
 35.2 2.7185e+01  14 1.00000e+00  
 35.3 2.7162e+01  14 1.00000e+00  
 35.4 2.7213e+01  14 1.00000e+00  
 35.5 2.7122e+01  14 1.00000e+00  
 35.6 2.7173e+01  14 1.00000e+00  
 35.7 2.7224e+01  14 1.00000e+00  
 35.8 2.7275e+01  14 1.00000e+00  
 35.9 2.7180e+01  14 1.00000e+00  
 36.0 2.7231e+01  14 1.00000e+00  
 36.1 2.7289e+01  14 1.00000e+00  
 36.2 2.7339e+01  14 1.00000e+00  
 36.3 2.7309e+01  14 1.00000e+00  
 36.4 2.7212e+01  14 1.00000e+00  
 36.5 2.4927e+01  14 1.00000e+00  
 36.6 2.2300e+01  14 1.00000e+00  
 36.7 2.0981e+01  14 1.00000e+00  
 36.8 1.8373e+01  14 1.00000e+00  
 36.9 1.7069e+01  14 1.00000e+00  
 37.0 1.4489e+01  14 1.00000e+00  
 37.1 1.3805e+01  14 1.00000e+00  
 37.2 1.3689e+01  14 1.00000e+00  
 37.3 1.3749e+01  14 1.00000e+00  
 37.4 1.3632e+01  14 1.00000e+00  
 37.5 1.3617e+01  14 1.00000e+00  
 37.6 1.3621e+01  14 1.00000e+00  
 37.7 1.3499e+01  14 1.00000e+00  
 37.8 1.3474e+01  14 1.00000e+00  
 37.9 1.3432e+01  14 1.00000e+00  
 38.0 1.3396e+01  14 1.00000e+00  
 38.1 1.3374e+01  14 1.00000e+00  
 38.2 1.3351e+01  14 1.00000e+00  
 38.3 1.3316e+01  14 1.00000e+00  
 38.4 1.3328e+01  14 1.00000e+00  
 38.5 1.3252e+01  14 1.00000e+00  
 38.6 1.3277e+01  14 1.00000e+00  
 38.7 1.3211e+01  14 1.00000e+00  
 38.8 1.3266e+01  14 1.00000e+00  
 38.9 1.3316e+01  14 1.00000e+00  
 39.0 1.3405e+01  14 1.00000e+00  
 39.1 1.3327e+01  14 1.00000e+00  
 39.2 1.3386e+01  14 1.00000e+00  
 39.3 1.3438e+01  14 1.00000e+00  
 39.4 1.3484e+01  14 1.00000e+00  
 39.5 1.3569e+01  14 1.00000e+00  
 39.6 1.3505e+01  14 1.00000e+00  
 39.7 1.3559e+01  14 1.00000e+00  
 39.8 1.3608e+01  14 1.00000e+00  
 39.9 1.3696e+01  14 1.00000e+00  
 40.0 1.3733e+01  14 1.00000e+00  
 40.1 1.3680e+01  14 1.00000e+00  
 40.2 1.3731e+01  14 1.00000e+00  
 40.3 1.3777e+01  14 1.00000e+00  
 40.4 1.3859e+01  14 1.00000e+00  
 40.5 1.3779e+01  14 1.00000e+00  
 40.6 1.3843e+01  14 1.00000e+00  
 40.7 1.3901e+01  14 1.00000e+00  
 40.8 1.3986e+01  14 1.00000e+00  
 40.9 1.3899e+01  14 1.00000e+00  
 41.0 1.3962e+01  14 1.00000e+00  
 41.1 1.4018e+01  14 1.00000e+00  
 41.2 1.3978e+01  14 1.00000e+00  
 41.3 1.4023e+01  14 1.00000e+00  
 41.4 1.4027e+01  14 1.00000e+00  
 41.5 1.4059e+01  14 1.00000e+00  
 41.6 1.4088e+01  14 1.00000e+00  
 41.7 1.4115e+01  14 1.00000e+00  
 41.8 1.4136e+01  14 1.00000e+00  
 41.9 1.4015e+01  14 1.00000e+00  
 42.0 1.4046e+01  14 1.00000e+00  
 42.1 1.4078e+01  14 1.00000e+00  
 42.2 1.4111e+01  14 1.00000e+00  
 42.3 1.4142e+01  14 1.00000e+00  
 42.4 1.4174e+01  14 1.00000e+00  
 42.5 1.4205e+01  14 1.00000e+00  
 42.6 1.4236e+01  14 1.00000e+00  
 42.7 1.4280e+01  14 1.00000e+00  
 42.8 1.4324e+01  14 1.00000e+00  
 42.9 1.4471e+01  14 1.00000e+00  
 43.0 1.4508e+01  14 1.00000e+00  
 43.1 1.4543e+01  14 1.00000e+00  
 43.2 1.4575e+01  14 1.00000e+00  
 43.3 1.4607e+01  14 1.00000e+00  
 43.4 1.4640e+01  14 1.00000e+00  
 43.5 1.4672e+01  14 1.00000e+00  
 43.6 1.4704e+01  14 1.00000e+00  
 43.7 1.4735e+01  14 1.00000e+00  
 43.8 1.4766e+01  14 1.00000e+00  
 43.9 1.4807e+01  14 1.00000e+00  
 44.0 1.4852e+01  14 1.00000e+00  
 44.1 1.4896e+01  14 1.00000e+00  
 44.2 1.5043e+01  14 1.00000e+00  
 44.3 1.5078e+01  14 1.00000e+00  
 44.4 1.5115e+01  14 1.00000e+00  
 44.5 1.5147e+01  14 1.00000e+00  
 44.6 1.5169e+01  14 1.00000e+00  
 44.7 1.5201e+01  14 1.00000e+00  
 44.8 1.5234e+01  14 1.00000e+00  
 44.9 1.5265e+01  14 1.00000e+00  
 45.0 1.5297e+01  14 1.00000e+00  
 45.1 1.5337e+01  14 1.00000e+00  
 45.2 1.5382e+01  14 1.00000e+00  
 45.3 1.5427e+01  14 1.00000e+00  
 45.4 1.5493e+01  14 1.00000e+00  
 45.5 1.5550e+01  14 1.00000e+00  
 45.6 1.5652e+01  14 1.00000e+00  
 45.7 1.5687e+01  14 1.00000e+00  
 45.8 1.5720e+01  14 1.00000e+00  
 45.9 1.5753e+01  14 1.00000e+00  
 46.0 1.5786e+01  14 1.00000e+00  
 46.1 1.5819e+01  14 1.00000e+00  
 46.2 1.5851e+01  14 1.00000e+00  
 46.3 1.5883e+01  14 1.00000e+00  
 46.4 1.5916e+01  14 1.00000e+00  
 46.5 1.5961e+01  14 1.00000e+00  
 46.6 1.6006e+01  14 1.00000e+00  
 46.7 1.6092e+01  14 1.00000e+00  
 46.8 1.6144e+01  14 1.00000e+00  
 46.9 1.6191e+01  14 1.00000e+00  
 47.0 1.6279e+01  14 1.00000e+00  
 47.1 1.6316e+01  14 1.00000e+00  
 47.2 1.6349e+01  14 1.00000e+00  
 47.3 1.6383e+01  14 1.00000e+00  
 47.4 1.6406e+01  14 1.00000e+00  
 47.5 1.6439e+01  14 1.00000e+00  
 47.6 1.6471e+01  14 1.00000e+00  
 47.7 1.6503e+01  14 1.00000e+00  
 47.8 1.6542e+01  14 1.00000e+00  
 47.9 1.6588e+01  14 1.00000e+00  
 48.0 1.6670e+01  14 1.00000e+00  
 48.1 1.6725e+01  14 1.00000e+00  
 48.2 1.6776e+01  14 1.00000e+00  
 48.3 1.6822e+01  14 1.00000e+00  
 48.4 1.6908e+01  14 1.00000e+00  
 48.5 1.6946e+01  14 1.00000e+00  
 48.6 1.6979e+01  14 1.00000e+00  
 48.7 1.7013e+01  14 1.00000e+00  
 48.8 1.7046e+01  14 1.00000e+00  
 48.9 1.7080e+01  14 1.00000e+00  
 49.0 1.7113e+01  14 1.00000e+00  
 49.1 1.7145e+01  14 1.00000e+00  
 49.2 1.7177e+01  14 1.00000e+00  
 49.3 1.7217e+01  14 1.00000e+00  
 49.4 1.7265e+01  14 1.00000e+00  
 49.5 1.7344e+01  14 1.00000e+00  
 49.6 1.7401e+01  14 1.00000e+00  
 49.7 1.7453e+01  14 1.00000e+00  
 49.8 1.7501e+01  14 1.00000e+00  
 49.9 1.7544e+01  14 1.00000e+00  
 50.0 1.7631e+01  14 1.00000e+00  
 50.1 1.7665e+01  14 1.00000e+00  
 50.2 1.7700e+01  14 1.00000e+00  
 50.3 1.7734e+01  14 1.00000e+00  
 50.4 1.7768e+01  14 1.00000e+00  
 50.5 1.7802e+01  14 1.00000e+00  
 50.6 1.7835e+01  14 1.00000e+00  
 50.7 1.7867e+01  14 1.00000e+00  
 50.8 1.7900e+01  14 1.00000e+00  
 50.9 1.7941e+01  14 1.00000e+00  
 51.0 1.7986e+01  14 1.00000e+00  
 51.1 1.8070e+01  14 1.00000e+00  
 51.2 1.8119e+01  14 1.00000e+00  
 51.3 1.8175e+01  14 1.00000e+00  
 51.4 1.8220e+01  14 1.00000e+00  
 51.5 1.8272e+01  14 1.00000e+00  
 51.6 1.8316e+01  14 1.00000e+00  
 51.7 1.8365e+01  14 1.00000e+00  
 51.8 1.8410e+01  14 1.00000e+00  
 51.9 1.8456e+01  14 1.00000e+00  
 52.0 1.8502e+01  14 1.00000e+00  
 52.1 1.8547e+01  14 1.00000e+00  
 52.2 1.8594e+01  14 1.00000e+00  
 52.3 1.8639e+01  14 1.00000e+00  
 52.4 1.8684e+01  14 1.00000e+00  
 52.5 1.8731e+01  14 1.00000e+00  
 52.6 1.8823e+01  14 1.00000e+00  
 52.7 1.8823e+01  14 1.00000e+00  
 52.8 1.8867e+01  14 1.00000e+00  
 52.9 1.8913e+01  14 1.00000e+00  
 53.0 1.8960e+01  14 1.00000e+00  
 53.1 1.9000e+01  14 1.00000e+00  
 53.2 1.9052e+01  14 1.00000e+00  
 53.3 1.9095e+01  14 1.00000e+00  
 53.4 1.9142e+01  14 1.00000e+00  
 53.5 1.9189e+01  14 1.00000e+00  
 53.6 1.9228e+01  14 1.00000e+00  
 53.7 1.9281e+01  14 1.00000e+00  
 53.8 1.9326e+01  14 1.00000e+00  
 53.9 1.9359e+01  14 1.00000e+00  
 54.0 1.9420e+01  14 1.00000e+00  
 54.1 1.9461e+01  14 1.00000e+00  
 54.2 1.9487e+01  14 1.00000e+00  
 54.3 1.9503e+01  14 1.00000e+00  
 54.4 1.9596e+01  14 1.00000e+00  
 54.5 1.9630e+01  14 1.00000e+00  
 54.6 1.9632e+01  14 1.00000e+00  
 54.7 1.9737e+01  14 1.00000e+00  
 54.8 1.9765e+01  14 1.00000e+00  
 54.9 1.9767e+01  14 1.00000e+00  
 55.0 1.9878e+01  14 1.00000e+00  
 55.1 1.9902e+01  14 1.00000e+00  
 55.2 1.9905e+01  14 1.00000e+00  
 55.3 1.9958e+01  14 1.00000e+00  
 55.4 2.0045e+01  14 1.00000e+00  
 55.5 2.0047e+01  14 1.00000e+00  
 55.6 2.0092e+01  14 1.00000e+00  
 55.7 2.0167e+01  14 1.00000e+00  
 55.8 2.0192e+01  14 1.00000e+00  
 55.9 2.0227e+01  14 1.00000e+00  
 56.0 2.0296e+01  14 1.00000e+00  
 56.1 2.0369e+01  14 1.00000e+00  
 56.2 2.0366e+01  14 1.00000e+00  
 56.3 2.0420e+01  14 1.00000e+00  
 56.4 2.0494e+01  14 1.00000e+00  
 56.5 2.0567e+01  14 1.00000e+00  
 56.6 2.0551e+01  14 1.00000e+00  
 56.7 2.0614e+01  14 1.00000e+00  
 56.8 2.0688e+01  14 1.00000e+00  
 56.9 2.0760e+01  14 1.00000e+00  
 57.0 2.0829e+01  14 1.00000e+00  
 57.1 2.0801e+01  14 1.00000e+00  
 57.2 2.0876e+01  14 1.00000e+00  
 57.3 2.0947e+01  14 1.00000e+00  
 57.4 2.1018e+01  14 1.00000e+00  
 57.5 2.0983e+01  14 1.00000e+00  
 57.6 2.1059e+01  14 1.00000e+00  
 57.7 2.1131e+01  14 1.00000e+00  
 57.8 2.1201e+01  14 1.00000e+00  
 57.9 2.1272e+01  14 1.00000e+00  
 58.0 2.1234e+01  14 1.00000e+00  
 58.1 2.1297e+01  14 1.00000e+00  
 58.2 2.1369e+01  14 1.00000e+00  
 58.3 2.1437e+01  14 1.00000e+00  
 58.4 2.1511e+01  14 1.00000e+00  
 58.5 2.1466e+01  14 1.00000e+00  
 58.6 2.1538e+01  14 1.00000e+00  
 58.7 2.1607e+01  14 1.00000e+00  
 58.8 2.1677e+01  14 1.00000e+00  
 58.9 2.1747e+01  14 1.00000e+00  
 59.0 2.1738e+01  14 1.00000e+00  
 59.1 2.1771e+01  14 1.00000e+00  
 59.2 2.1841e+01  14 1.00000e+00  
 59.3 2.1912e+01  14 1.00000e+00  
 59.4 2.1984e+01  14 1.00000e+00  
 59.5 2.1972e+01  14 1.00000e+00  
 59.6 2.2041e+01  14 1.00000e+00  
 59.7 2.2066e+01  14 1.00000e+00  
 59.8 2.2136e+01  14 1.00000e+00  
 59.9 2.2207e+01  14 1.00000e+00  
 60.0 2.2204e+01  14 1.00000e+00  
 60.1 2.2252e+01  14 1.00000e+00  
 60.2 2.2297e+01  14 1.00000e+00  
 60.3 2.2354e+01  14 1.00000e+00  
 60.4 2.2423e+01  14 1.00000e+00  
 60.5 2.2493e+01  14 1.00000e+00  
 60.6 2.2486e+01  14 1.00000e+00  
 60.7 2.2533e+01  14 1.00000e+00  
 60.8 2.2566e+01  14 1.00000e+00  
 60.9 2.2633e+01  14 1.00000e+00  
 61.0 2.2702e+01  14 1.00000e+00  
 61.1 2.2769e+01  14 1.00000e+00  
 61.2 2.2765e+01  14 1.00000e+00  
 61.3 2.2816e+01  14 1.00000e+00  
 61.4 2.2852e+01  14 1.00000e+00  
 61.5 2.2878e+01  14 1.00000e+00  
 61.6 2.2968e+01  14 1.00000e+00  
 61.7 2.3038e+01  14 1.00000e+00  
 61.8 2.3105e+01  14 1.00000e+00  
 61.9 2.3164e+01  14 1.00000e+00  
 62.0 2.3143e+01  14 1.00000e+00  
 62.1 2.3184e+01  14 1.00000e+00  
 62.2 2.3212e+01  14 1.00000e+00  
 62.3 2.3286e+01  14 1.00000e+00  
 62.4 2.3354e+01  14 1.00000e+00  
 62.5 2.3417e+01  14 1.00000e+00  
 62.6 2.3491e+01  14 1.00000e+00  
 62.7 2.3473e+01  14 1.00000e+00  
 62.8 2.3519e+01  14 1.00000e+00  
 62.9 2.3553e+01  14 1.00000e+00  
 63.0 2.3548e+01  14 1.00000e+00  
 63.1 2.3668e+01  14 1.00000e+00  
 63.2 2.3735e+01  14 1.00000e+00  
 63.3 2.3800e+01  14 1.00000e+00  
 63.4 2.3870e+01  14 1.00000e+00  
 63.5 2.3849e+01  14 1.00000e+00  
 63.6 2.3896e+01  14 1.00000e+00  
 63.7 2.3934e+01  14 1.00000e+00  
 63.8 2.3930e+01  14 1.00000e+00  
 63.9 2.4072e+01  14 1.00000e+00  
 64.0 2.4098e+01  14 1.00000e+00  
 64.1 2.4166e+01  14 1.00000e+00  
 64.2 2.4232e+01  14 1.00000e+00  
 64.3 2.4303e+01  14 1.00000e+00  
 64.4 2.4272e+01  14 1.00000e+00  
 64.5 2.4321e+01  14 1.00000e+00  
 64.6 2.4357e+01  14 1.00000e+00  
 64.7 2.4382e+01  14 1.00000e+00  
 64.8 2.4446e+01  14 1.00000e+00  
 64.9 2.4517e+01  14 1.00000e+00  
 65.0 2.4579e+01  14 1.00000e+00  
 65.1 2.4649e+01  14 1.00000e+00  
 65.2 2.4713e+01  14 1.00000e+00  
 65.3 2.4777e+01  14 1.00000e+00  
 65.4 2.4748e+01  14 1.00000e+00  
 65.5 2.4792e+01  14 1.00000e+00  
 65.6 2.4824e+01  14 1.00000e+00  
 65.7 2.4870e+01  14 1.00000e+00  
 65.8 2.4910e+01  14 1.00000e+00  
 65.9 2.4980e+01  14 1.00000e+00  
 66.0 2.5039e+01  14 1.00000e+00  
 66.1 2.5105e+01  14 1.00000e+00  
 66.2 2.5169e+01  14 1.00000e+00  
 66.3 2.5234e+01  14 1.00000e+00  
 66.4 2.5302e+01  14 1.00000e+00  
 66.5 2.5265e+01  14 1.00000e+00  
 66.6 2.5310e+01  14 1.00000e+00  
 66.7 2.5355e+01  14 1.00000e+00  
 66.8 2.5375e+01  14 1.00000e+00  
 66.9 2.5408e+01  14 1.00000e+00  
 67.0 2.5478e+01  14 1.00000e+00  
 67.1 2.5545e+01  14 1.00000e+00  
 67.2 2.5611e+01  14 1.00000e+00  
 67.3 2.5673e+01  14 1.00000e+00  
 67.4 2.5736e+01  14 1.00000e+00  
 67.5 2.5803e+01  14 1.00000e+00  
 67.6 2.5869e+01  14 1.00000e+00  
 67.7 2.5830e+01  14 1.00000e+00  
 67.8 2.5884e+01  14 1.00000e+00  
 67.9 2.5906e+01  14 1.00000e+00  
 68.0 2.5899e+01  14 1.00000e+00  
 68.1 2.5948e+01  14 1.00000e+00  
 68.2 2.6015e+01  14 1.00000e+00  
 68.3 2.6089e+01  14 1.00000e+00  
 68.4 2.6156e+01  14 1.00000e+00  
 68.5 2.6222e+01  14 1.00000e+00  
 68.6 2.6284e+01  14 1.00000e+00  
 68.7 2.6347e+01  14 1.00000e+00  
 68.8 2.6412e+01  14 1.00000e+00  
 68.9 2.6476e+01  14 1.00000e+00  
 69.0 2.6432e+01  14 1.00000e+00  
 69.1 2.6483e+01  14 1.00000e+00  
 69.2 2.6446e+01  14 1.00000e+00  
 69.3 2.6490e+01  14 1.00000e+00  
 69.4 2.6537e+01  14 1.00000e+00  
 69.5 2.6607e+01  14 1.00000e+00  
 69.6 2.6678e+01  14 1.00000e+00  
 69.7 2.6744e+01  14 1.00000e+00  
 69.8 2.6806e+01  14 1.00000e+00  
 69.9 2.6871e+01  14 1.00000e+00  
 70.0 2.6934e+01  14 1.00000e+00  
 70.1 2.6994e+01  14 1.00000e+00  
 70.2 2.7052e+01  14 1.00000e+00  
 70.3 2.7119e+01  14 1.00000e+00  
 70.4 2.7032e+01  14 1.00000e+00  
 70.5 2.7039e+01  14 1.00000e+00  
 70.6 2.7080e+01  14 1.00000e+00  
 70.7 2.7125e+01  14 1.00000e+00  
 70.8 2.7170e+01  14 1.00000e+00  
 70.9 2.7215e+01  14 1.00000e+00  
 71.0 2.7278e+01  14 1.00000e+00  
 71.1 2.7348e+01  14 1.00000e+00  
 71.2 2.7413e+01  14 1.00000e+00  
 71.3 2.7476e+01  14 1.00000e+00  
 71.4 2.7542e+01  14 1.00000e+00  
 71.5 2.7602e+01  14 1.00000e+00  
 71.6 2.7667e+01  14 1.00000e+00  
 71.7 2.7727e+01  14 1.00000e+00  
 71.8 2.7786e+01  14 1.00000e+00  
 71.9 2.7730e+01  14 1.00000e+00  
 72.0 2.7796e+01  14 1.00000e+00  
 72.1 2.7798e+01  14 1.00000e+00  
 72.2 2.7826e+01  14 1.00000e+00  
 72.3 2.7856e+01  14 1.00000e+00  
 72.4 2.7901e+01  14 1.00000e+00  
 72.5 2.7947e+01  14 1.00000e+00  
 72.6 2.7993e+01  14 1.00000e+00  
 72.7 2.8039e+01  14 1.00000e+00  
 72.8 2.8101e+01  14 1.00000e+00  
 72.9 2.8169e+01  14 1.00000e+00  
 73.0 2.8236e+01  14 1.00000e+00  
 73.1 2.8300e+01  14 1.00000e+00  
 73.2 2.8362e+01  14 1.00000e+00  
 73.3 2.8421e+01  14 1.00000e+00  
 73.4 2.8480e+01  14 1.00000e+00  
 73.5 2.8431e+01  14 1.00000e+00  
 73.6 2.8557e+01  14 1.00000e+00  
 73.7 2.8602e+01  14 1.00000e+00  
 73.8 2.8649e+01  14 1.00000e+00  
 73.9 2.8693e+01  14 1.00000e+00  
 74.0 2.8732e+01  14 1.00000e+00  
 74.1 2.8766e+01  14 1.00000e+00  
 74.2 2.8778e+01  14 1.00000e+00  
 74.3 2.8810e+01  14 1.00000e+00  
 74.4 2.8835e+01  14 1.00000e+00  
 74.5 2.8869e+01  14 1.00000e+00  
 74.6 2.8915e+01  14 1.00000e+00  
 74.7 2.8961e+01  14 1.00000e+00  
 74.8 2.9007e+01  14 1.00000e+00  
 74.9 2.9053e+01  14 1.00000e+00  
 75.0 2.9103e+01  14 1.00000e+00  
 75.1 2.9145e+01  14 1.00000e+00  
 75.2 2.9351e+01  14 1.00000e+00  
 75.3 2.9358e+01  14 1.00000e+00  
 75.4 2.9409e+01  14 1.00000e+00  
 75.5 2.9474e+01  14 1.00000e+00  
 75.6 2.9533e+01  14 1.00000e+00  
 75.7 2.9592e+01  14 1.00000e+00  
 75.8 2.9650e+01  14 1.00000e+00  
 75.9 2.9708e+01  14 1.00000e+00  
 76.0 2.9765e+01  14 1.00000e+00  
 76.1 2.9721e+01  14 1.00000e+00  
 76.2 2.9769e+01  14 1.00000e+00  
 76.3 2.9823e+01  14 1.00000e+00  
 76.4 2.9871e+01  14 1.00000e+00  
 76.5 2.9917e+01  14 1.00000e+00  
 76.6 2.9959e+01  14 1.00000e+00  
 76.7 3.0001e+01  14 1.00000e+00  
 76.8 3.0044e+01  14 1.00000e+00  
 76.9 3.0086e+01  14 1.00000e+00  
 77.0 3.0098e+01  14 1.00000e+00  
 77.1 3.0139e+01  14 1.00000e+00  
 77.2 3.0174e+01  14 1.00000e+00  
 77.3 3.0242e+01  14 1.00000e+00  
 77.4 3.0411e+01  14 1.00000e+00  
 77.5 3.0280e+01  14 1.00000e+00  
 77.6 3.0343e+01  14 1.00000e+00  
 77.7 3.0403e+01  14 1.00000e+00  
 77.8 3.0463e+01  14 1.00000e+00  
 77.9 3.0521e+01  14 1.00000e+00  
 78.0 3.0566e+01  14 1.00000e+00  
 78.1 3.0634e+01  14 1.00000e+00  
 78.2 3.0683e+01  14 1.00000e+00  
 78.3 3.0747e+01  14 1.00000e+00  
 78.4 3.0798e+01  14 1.00000e+00  
 78.5 3.0847e+01  14 1.00000e+00  
 78.6 3.0906e+01  14 1.00000e+00  
 78.7 3.0962e+01  14 1.00000e+00  
 78.8 3.1017e+01  14 1.00000e+00  
 78.9 3.1072e+01  14 1.00000e+00  
 79.0 3.1125e+01  14 1.00000e+00  
 79.1 3.1179e+01  14 1.00000e+00  
 79.2 3.1240e+01  14 1.00000e+00  
 79.3 3.1276e+01  14 1.00000e+00  
 79.4 3.1298e+01  14 1.00000e+00  
 79.5 3.1301e+01  14 1.00000e+00  
 79.6 3.1265e+01  14 1.00000e+00  
 79.7 3.1388e+01  14 1.00000e+00  
 79.8 3.1487e+01  14 1.00000e+00  
 79.9 3.1533e+01  14 1.00000e+00  
 80.0 3.1579e+01  14 1.00000e+00  
 80.1 3.1622e+01  14 1.00000e+00  
 80.2 3.1659e+01  14 1.00000e+00  
 80.3 3.1717e+01  14 1.00000e+00  
 80.4 3.1758e+01  14 1.00000e+00  
 80.5 3.1801e+01  14 1.00000e+00  
 80.6 3.1824e+01  14 1.00000e+00  
 80.7 3.1869e+01  14 1.00000e+00  
 80.8 3.1911e+01  14 1.00000e+00  
 80.9 3.1948e+01  14 1.00000e+00  
 81.0 3.1995e+01  14 1.00000e+00  
 81.1 3.2040e+01  14 1.00000e+00  
 81.2 3.2081e+01  14 1.00000e+00  
 81.3 3.2119e+01  14 1.00000e+00  
 81.4 3.2156e+01  14 1.00000e+00  
 81.5 3.2192e+01  14 1.00000e+00  
 81.6 3.2227e+01  14 1.00000e+00  
 81.7 3.2262e+01  14 1.00000e+00  
 81.8 3.2304e+01  14 1.00000e+00  
 81.9 3.2349e+01  14 1.00000e+00  
 82.0 3.2396e+01  14 1.00000e+00  
 82.1 3.2444e+01  14 1.00000e+00  
 82.2 3.2492e+01  14 1.00000e+00  
 82.3 3.2540e+01  14 1.00000e+00  
 82.4 3.2590e+01  14 1.00000e+00  
 82.5 3.2675e+01  14 1.00000e+00  
 82.6 3.2784e+01  14 1.00000e+00  
 82.7 3.2915e+01  14 1.00000e+00  
 82.8 3.2859e+01  14 1.00000e+00  
 82.9 3.2907e+01  14 1.00000e+00  
 83.0 3.2966e+01  14 1.00000e+00  
 83.1 3.3021e+01  14 1.00000e+00  
 83.2 3.3074e+01  14 1.00000e+00  
 83.3 3.3122e+01  14 1.00000e+00  
 83.4 3.3168e+01  14 1.00000e+00  
 83.5 3.3227e+01  14 1.00000e+00  
 83.6 3.3282e+01  14 1.00000e+00  
 83.7 3.3332e+01  14 1.00000e+00  
 83.8 3.3379e+01  14 1.00000e+00  
 83.9 3.3427e+01  14 1.00000e+00  
 84.0 3.3482e+01  14 1.00000e+00  
 84.1 3.3536e+01  14 1.00000e+00  
 84.2 3.3587e+01  14 1.00000e+00  
 84.3 3.3634e+01  14 1.00000e+00  
 84.4 3.3674e+01  14 1.00000e+00  
 84.5 3.3689e+01  14 1.00000e+00  
 84.6 3.3752e+01  14 1.00000e+00  
 84.7 3.3866e+01  14 1.00000e+00  
 84.8 3.3922e+01  14 1.00000e+00  
 84.9 3.3975e+01  14 1.00000e+00  
 85.0 3.4026e+01  14 1.00000e+00  
 85.1 3.4073e+01  14 1.00000e+00  
 85.2 3.4121e+01  14 1.00000e+00  
 85.3 3.4162e+01  14 1.00000e+00  
 85.4 3.4221e+01  14 1.00000e+00  
 85.5 3.4269e+01  14 1.00000e+00  
 85.6 3.4319e+01  14 1.00000e+00  
 85.7 3.4374e+01  14 1.00000e+00  
 85.8 3.4421e+01  14 1.00000e+00  
 85.9 3.4481e+01  14 1.00000e+00  
 86.0 3.4527e+01  14 1.00000e+00  
 86.1 3.4582e+01  14 1.00000e+00  
 86.2 3.4634e+01  14 1.00000e+00  
 86.3 3.4673e+01  14 1.00000e+00  
 86.4 3.4735e+01  14 1.00000e+00  
 86.5 3.4790e+01  14 1.00000e+00  
 86.6 3.4826e+01  14 1.00000e+00  
 86.7 3.4887e+01  14 1.00000e+00  
 86.8 3.4943e+01  14 1.00000e+00  
 86.9 3.4992e+01  14 1.00000e+00  
 87.0 3.5031e+01  14 1.00000e+00  
 87.1 3.5094e+01  14 1.00000e+00  
 87.2 3.5149e+01  14 1.00000e+00  
 87.3 3.5197e+01  14 1.00000e+00  
 87.4 3.5235e+01  14 1.00000e+00  
 87.5 3.5297e+01  14 1.00000e+00  
 87.6 3.5262e+01  14 1.00000e+00  
 87.7 3.5313e+01  14 1.00000e+00  
 87.8 3.5361e+01  14 1.00000e+00  
 87.9 3.5409e+01  14 1.00000e+00  
 88.0 3.5458e+01  14 1.00000e+00  
 88.1 3.5507e+01  14 1.00000e+00  
 88.2 3.5546e+01  14 1.00000e+00  
 88.3 3.5607e+01  14 1.00000e+00  
 88.4 3.5646e+01  14 1.00000e+00  
 88.5 3.5698e+01  14 1.00000e+00  
 88.6 3.5750e+01  14 1.00000e+00  
 88.7 3.5800e+01  14 1.00000e+00  
 88.8 3.5851e+01  14 1.00000e+00  
 88.9 3.5900e+01  14 1.00000e+00  
 89.0 3.5950e+01  14 1.00000e+00  
 89.1 3.6001e+01  14 1.00000e+00  
 89.2 3.6049e+01  14 1.00000e+00  
 89.3 3.6097e+01  14 1.00000e+00  
 89.4 3.6146e+01  14 1.00000e+00  
 89.5 3.6191e+01  14 1.00000e+00  
 89.6 3.6243e+01  14 1.00000e+00  
 89.7 3.6302e+01  14 1.00000e+00  
 89.8 3.6347e+01  14 1.00000e+00  
 89.9 3.6402e+01  14 1.00000e+00  
 90.0 3.6452e+01  14 1.00000e+00  
 90.1 3.6503e+01  14 1.00000e+00  
 90.2 3.6554e+01  14 1.00000e+00  
 90.3 3.6694e+01  14 1.00000e+00  
 90.4 3.6736e+01  14 1.00000e+00  
 90.5 3.6772e+01  14 1.00000e+00  
 90.6 3.6806e+01  14 1.00000e+00  
 90.7 3.6824e+01  14 1.00000e+00  
 90.8 3.6807e+01  14 1.00000e+00  
 90.9 3.6892e+01  14 1.00000e+00  
 91.0 3.6964e+01  14 1.00000e+00  
 91.1 3.7011e+01  14 1.00000e+00  
 91.2 3.7042e+01  14 1.00000e+00  
 91.3 3.7101e+01  14 1.00000e+00  
 91.4 3.7154e+01  14 1.00000e+00  
 91.5 3.7283e+01  14 1.00000e+00  
 91.6 3.7336e+01  14 1.00000e+00  
 91.7 3.7388e+01  14 1.00000e+00  
 91.8 3.7429e+01  14 1.00000e+00  
 91.9 3.7479e+01  14 1.00000e+00  
 92.0 3.7533e+01  14 1.00000e+00  
 92.1 3.7574e+01  14 1.00000e+00  
 92.2 3.7623e+01  14 1.00000e+00  
 92.3 3.7678e+01  14 1.00000e+00  
 92.4 3.7720e+01  14 1.00000e+00  
 92.5 3.7767e+01  14 1.00000e+00  
 92.6 3.7821e+01  14 1.00000e+00  
 92.7 3.7864e+01  14 1.00000e+00  
 92.8 3.7911e+01  14 1.00000e+00  
 92.9 3.7964e+01  14 1.00000e+00  
 93.0 3.7998e+01  14 1.00000e+00  
 93.1 3.8059e+01  14 1.00000e+00  
 93.2 3.8082e+01  14 1.00000e+00  
 93.3 3.8043e+01  14 1.00000e+00  
 93.4 3.8218e+01  14 1.00000e+00  
 93.5 3.8245e+01  14 1.00000e+00  
 93.6 3.8312e+01  14 1.00000e+00  
 93.7 3.8339e+01  14 1.00000e+00  
 93.8 3.8405e+01  14 1.00000e+00  
 93.9 3.8442e+01  14 1.00000e+00  
 94.0 3.8497e+01  14 1.00000e+00  
 94.1 3.8545e+01  14 1.00000e+00  
 94.2 3.8578e+01  14 1.00000e+00  
 94.3 3.8644e+01  14 1.00000e+00  
 94.4 3.8682e+01  14 1.00000e+00  
 94.5 3.8732e+01  14 1.00000e+00  
 94.6 3.8783e+01  14 1.00000e+00  
 94.7 3.8813e+01  14 1.00000e+00  
 94.8 3.8878e+01  14 1.00000e+00  
 94.9 3.8917e+01  14 1.00000e+00  
 95.0 3.8964e+01  14 1.00000e+00  
 95.1 3.8991e+01  14 1.00000e+00  
 95.2 3.9030e+01  14 1.00000e+00  
 95.3 3.9007e+01  14 1.00000e+00  
 95.4 3.9170e+01  14 1.00000e+00  
 95.5 3.9326e+01  14 1.00000e+00  
 95.6 3.9254e+01  14 1.00000e+00  
 95.7 3.9309e+01  14 1.00000e+00  
 95.8 3.9358e+01  14 1.00000e+00  
 95.9 3.9395e+01  14 1.00000e+00  
 96.0 3.9443e+01  14 1.00000e+00  
 96.1 3.9496e+01  14 1.00000e+00  
 96.2 3.9536e+01  14 1.00000e+00  
 96.3 3.9571e+01  14 1.00000e+00  
 96.4 3.9622e+01  14 1.00000e+00  
 96.5 3.9672e+01  14 1.00000e+00  
 96.6 3.9721e+01  14 1.00000e+00  
 96.7 3.9765e+01  14 1.00000e+00  
 96.8 3.9809e+01  14 1.00000e+00  
 96.9 3.9852e+01  14 1.00000e+00  
 97.0 3.9896e+01  14 1.00000e+00  
 97.1 3.9938e+01  14 1.00000e+00  
 97.2 3.9981e+01  14 1.00000e+00  
 97.3 4.0023e+01  14 1.00000e+00  
 97.4 4.0058e+01  14 1.00000e+00  
 97.5 4.0108e+01  14 1.00000e+00  
 97.6 4.0179e+01  14 1.00000e+00  
 97.7 4.0249e+01  14 1.00000e+00  
 97.8 4.0328e+01  14 1.00000e+00  
 97.9 4.0407e+01  14 1.00000e+00  
 98.0 4.0452e+01  14 1.00000e+00  
 98.1 4.0513e+01  14 1.00000e+00  
 98.2 4.0576e+01  14 1.00000e+00  
 98.3 4.0636e+01  14 1.00000e+00  
 98.4 4.0665e+01  14 1.00000e+00  
 98.5 4.0688e+01  14 1.00000e+00  
 98.6 4.0741e+01  14 1.00000e+00  
 98.7 4.0794e+01  14 1.00000e+00  
 98.8 4.0846e+01  14 1.00000e+00  
 98.9 4.0898e+01  14 1.00000e+00  
 99.0 4.0949e+01  14 1.00000e+00  
 99.1 4.0999e+01  14 1.00000e+00  
 99.2 4.1049e+01  14 1.00000e+00  
 99.3 4.1098e+01  14 1.00000e+00  
 99.4 4.1148e+01  14 1.00000e+00  
 99.5 4.1197e+01  14 1.00000e+00  
 99.6 4.1247e+01  14 1.00000e+00  
 99.7 4.1296e+01  14 1.00000e+00  
 99.8 4.1353e+01  14 1.00000e+00  
 99.9 4.1387e+01  14 1.00000e+00  
100.0 4.1462e+01  14 1.00000e+00  
100.1 4.1497e+01  14 1.00000e+00  
100.2 4.1532e+01  14 1.00000e+00  
100.3 4.1570e+01  14 1.00000e+00  
100.4 4.1646e+01  14 1.00000e+00  
100.5 4.1683e+01  14 1.00000e+00  
100.6 4.1721e+01  14 1.00000e+00  
100.7 4.1760e+01  14 1.00000e+00  
100.8 4.1841e+01  14 1.00000e+00  
100.9 4.1881e+01  14 1.00000e+00  
101.0 4.1922e+01  14 1.00000e+00  
101.1 4.1964e+01  14 1.00000e+00  
101.2 4.2007e+01  14 1.00000e+00  
101.3 4.2051e+01  14 1.00000e+00  
101.4 4.2096e+01  14 1.00000e+00  
101.5 4.2185e+01  14 1.00000e+00  
101.6 4.2232e+01  14 1.00000e+00  
101.7 4.2281e+01  14 1.00000e+00  
101.8 4.2332e+01  14 1.00000e+00  
101.9 4.2389e+01  14 1.00000e+00  
102.0 4.2478e+01  14 1.00000e+00  
102.1 4.2567e+01  14 1.00000e+00  
102.2 4.2656e+01  14 1.00000e+00  
102.3 4.2745e+01  14 1.00000e+00  
102.4 4.2834e+01  14 1.00000e+00  
102.5 4.2923e+01  14 1.00000e+00  
102.6 4.3012e+01  14 1.00000e+00  
102.7 4.3102e+01  14 1.00000e+00  
102.8 4.3191e+01  14 1.00000e+00  
102.9 4.3280e+01  14 1.00000e+00  
103.0 4.3369e+01  14 1.00000e+00  
103.1 4.3458e+01  14 1.00000e+00  
103.2 4.3547e+01  14 1.00000e+00  
103.3 4.3636e+01  14 1.00000e+00  
103.4 4.3726e+01  14 1.00000e+00  
103.5 4.3815e+01  14 1.00000e+00  
103.6 4.3904e+01  14 1.00000e+00  
103.7 4.3993e+01  14 1.00000e+00  
103.8 4.4082e+01  14 1.00000e+00  
103.9 4.4172e+01  14 1.00000e+00  
104.0 4.4261e+01  14 1.00000e+00  
104.1 4.4345e+01  14 1.00000e+00  
104.2 4.4434e+01  14 1.00000e+00  
104.3 4.4523e+01  14 1.00000e+00  
104.4 4.4613e+01  14 1.00000e+00  
104.5 4.4702e+01  14 1.00000e+00  
104.6 4.4791e+01  14 1.00000e+00  
104.7 4.4880e+01  14 1.00000e+00  
104.8 4.4969e+01  14 1.00000e+00  
104.9 4.5059e+01  14 1.00000e+00  
105.0 4.5148e+01  14 1.00000e+00  
105.1 4.5237e+01  14 1.00000e+00  
105.2 4.5327e+01  14 1.00000e+00  
105.3 4.5416e+01  14 1.00000e+00  
105.4 4.5505e+01  14 1.00000e+00  
105.5 4.5594e+01  14 1.00000e+00  
105.6 4.5684e+01  14 1.00000e+00  
105.7 4.5773e+01  14 1.00000e+00  
105.8 4.5862e+01  14 1.00000e+00  
105.9 4.5952e+01  14 1.00000e+00  
106.0 4.6041e+01  14 1.00000e+00  
106.1 4.6130e+01  14 1.00000e+00  
106.2 4.6220e+01  14 1.00000e+00  
106.3 4.6309e+01  14 1.00000e+00  
106.4 4.6398e+01  14 1.00000e+00  
106.5 4.6488e+01  14 1.00000e+00  
106.6 4.6577e+01  14 1.00000e+00  
106.7 4.6666e+01  14 1.00000e+00  
106.8 4.6756e+01  14 1.00000e+00  
106.9 4.6845e+01  14 1.00000e+00  
107.0 4.6934e+01  14 1.00000e+00  
107.1 4.7024e+01  14 1.00000e+00  
107.2 4.7113e+01  14 1.00000e+00  
107.3 4.7202e+01  14 1.00000e+00  
107.4 4.7292e+01  14 1.00000e+00  
107.5 4.7381e+01  14 1.00000e+00  
107.6 4.7471e+01  14 1.00000e+00  
107.7 4.7560e+01  14 1.00000e+00  
107.8 4.7649e+01  14 1.00000e+00  
107.9 4.7739e+01  14 1.00000e+00  
108.0 4.7828e+01  14 1.00000e+00  
108.1 4.7917e+01  14 1.00000e+00  
108.2 4.8007e+01  14 1.00000e+00  
108.3 4.8096e+01  14 1.00000e+00  
108.4 4.8185e+01  14 1.00000e+00  
108.5 4.8275e+01  14 1.00000e+00  
108.6 4.8364e+01  14 1.00000e+00  
108.7 4.8454e+01  14 1.00000e+00  
108.8 4.8543e+01  14 1.00000e+00  
108.9 4.8632e+01  14 1.00000e+00  
109.0 4.8722e+01  14 1.00000e+00  
109.1 4.8811e+01  14 1.00000e+00  
109.2 4.8900e+01  14 1.00000e+00  
109.3 4.8990e+01  14 1.00000e+00  
109.4 4.9079e+01  14 1.00000e+00  
109.5 4.9169e+01  14 1.00000e+00  
109.6 4.9258e+01  14 1.00000e+00  
109.7 4.9347e+01  14 1.00000e+00  
109.8 4.9437e+01  14 1.00000e+00  
109.9 4.9526e+01  14 1.00000e+00  
110.0 4.9615e+01  14 1.00000e+00  
110.1 4.9705e+01  14 1.00000e+00  
110.2 4.9794e+01  14 1.00000e+00  
110.3 4.9883e+01  14 1.00000e+00  
110.4 4.9973e+01  14 1.00000e+00  
110.5 5.0062e+01  14 1.00000e+00  
110.6 5.0152e+01  14 1.00000e+00  
110.7 5.0241e+01  14 1.00000e+00  
110.8 5.0330e+01  14 1.00000e+00  
110.9 5.0420e+01  14 1.00000e+00  
111.0 5.0509e+01  14 1.00000e+00  
111.1 5.0598e+01  14 1.00000e+00  
111.2 5.0688e+01  14 1.00000e+00  
111.3 5.0777e+01  14 1.00000e+00  
111.4 5.0862e+01  14 1.00000e+00  
111.5 5.0951e+01  14 1.00000e+00  
111.6 5.1041e+01  14 1.00000e+00  
111.7 5.1130e+01  14 1.00000e+00  
111.8 5.1219e+01  14 1.00000e+00  
111.9 5.1308e+01  14 1.00000e+00  
112.0 5.1398e+01  14 1.00000e+00  
112.1 5.1487e+01  14 1.00000e+00  
112.2 5.1576e+01  14 1.00000e+00  
112.3 5.1666e+01  14 1.00000e+00  
112.4 5.1755e+01  14 1.00000e+00  
112.5 5.1844e+01  14 1.00000e+00  
112.6 5.1934e+01  14 1.00000e+00  
112.7 5.2023e+01  14 1.00000e+00  
112.8 5.2112e+01  14 1.00000e+00  
112.9 5.2202e+01  14 1.00000e+00  
113.0 5.2291e+01  14 1.00000e+00  
113.1 5.2380e+01  14 1.00000e+00  
113.2 5.2469e+01  14 1.00000e+00  
113.3 5.2559e+01  14 1.00000e+00  
113.4 5.2648e+01  14 1.00000e+00  
113.5 5.2737e+01  14 1.00000e+00  
113.6 5.2827e+01  14 1.00000e+00  
113.7 5.2916e+01  14 1.00000e+00  
113.8 5.3005e+01  14 1.00000e+00  
113.9 5.3094e+01  14 1.00000e+00  
114.0 5.3184e+01  14 1.00000e+00  
114.1 5.3273e+01  14 1.00000e+00  
114.2 5.3362e+01  14 1.00000e+00  
114.3 5.3451e+01  14 1.00000e+00  
114.4 5.3540e+01  14 1.00000e+00  
114.5 5.3630e+01  14 1.00000e+00  
114.6 5.3719e+01  14 1.00000e+00  
114.7 5.3808e+01  14 1.00000e+00  
114.8 5.3897e+01  14 1.00000e+00  
114.9 5.3986e+01  14 1.00000e+00  
115.0 5.4076e+01  14 1.00000e+00  
115.1 5.4165e+01  14 1.00000e+00  
115.2 5.4254e+01  14 1.00000e+00  
115.3 5.4343e+01  14 1.00000e+00  
115.4 5.4432e+01  14 1.00000e+00  
115.5 5.4522e+01  14 1.00000e+00  
115.6 5.4611e+01  14 1.00000e+00  
115.7 5.4700e+01  14 1.00000e+00  
115.8 5.4789e+01  14 1.00000e+00  
115.9 5.4878e+01  14 1.00000e+00  
116.0 5.4967e+01  14 1.00000e+00  
116.1 5.5056e+01  14 1.00000e+00  
116.2 5.5145e+01  14 1.00000e+00  
116.3 5.5235e+01  14 1.00000e+00  
116.4 5.5324e+01  14 1.00000e+00  
116.5 5.5413e+01  14 1.00000e+00  
116.6 5.5502e+01  14 1.00000e+00  
116.7 5.5591e+01  14 1.00000e+00  
116.8 5.5680e+01  14 1.00000e+00  
116.9 5.5769e+01  14 1.00000e+00  
117.0 5.5858e+01  14 1.00000e+00  
117.1 5.5947e+01  14 1.00000e+00  
117.2 5.6036e+01  14 1.00000e+00  
117.3 5.6125e+01  14 1.00000e+00  
117.4 5.6214e+01  14 1.00000e+00  
117.5 5.6303e+01  14 1.00000e+00  
117.6 5.6392e+01  14 1.00000e+00  
117.7 5.6481e+01  14 1.00000e+00  
117.8 5.6570e+01  14 1.00000e+00  
117.9 5.6659e+01  14 1.00000e+00  
118.0 5.6748e+01  14 1.00000e+00  
118.1 5.6837e+01  14 1.00000e+00  
118.2 5.6926e+01  14 1.00000e+00  
118.3 5.7015e+01  14 1.00000e+00  
118.4 5.7104e+01  14 1.00000e+00  
118.5 5.7193e+01  14 1.00000e+00  
118.6 5.7282e+01  14 1.00000e+00  
118.7 5.7371e+01  14 1.00000e+00  
118.8 5.7460e+01  14 1.00000e+00  
118.9 5.7549e+01  14 1.00000e+00  
119.0 5.7638e+01  14 1.00000e+00  
119.1 5.7726e+01  14 1.00000e+00  
119.2 5.7811e+01  14 1.00000e+00  
119.3 5.7900e+01  14 1.00000e+00  
119.4 5.7989e+01  14 1.00000e+00  
119.5 5.8078e+01  14 1.00000e+00  
119.6 5.8167e+01  14 1.00000e+00  
119.7 5.8256e+01  14 1.00000e+00  
119.8 5.8344e+01  14 1.00000e+00  
119.9 5.8433e+01  14 1.00000e+00  
120.0 5.8522e+01  14 1.00000e+00  
120.1 5.8611e+01  14 1.00000e+00  
120.2 5.8700e+01  14 1.00000e+00  
120.3 5.8788e+01  14 1.00000e+00  
120.4 5.8877e+01  14 1.00000e+00  
120.5 5.8966e+01  14 1.00000e+00  
120.6 5.9055e+01  14 1.00000e+00  
120.7 5.9143e+01  14 1.00000e+00  
120.8 5.9232e+01  14 1.00000e+00  
120.9 5.9321e+01  14 1.00000e+00  
121.0 5.9410e+01  14 1.00000e+00  
121.1 5.9498e+01  14 1.00000e+00  
121.2 5.9587e+01  14 1.00000e+00  
121.3 5.9676e+01  14 1.00000e+00  
121.4 5.9764e+01  14 1.00000e+00  
121.5 5.9853e+01  14 1.00000e+00  
121.6 5.9942e+01  14 1.00000e+00  
121.7 6.0030e+01  14 1.00000e+00  
121.8 6.0119e+01  14 1.00000e+00  
121.9 6.0208e+01  14 1.00000e+00  
122.0 6.0296e+01  14 1.00000e+00  
122.1 6.0385e+01  14 1.00000e+00  
122.2 6.0474e+01  14 1.00000e+00  
122.3 6.0562e+01  14 1.00000e+00  
122.4 6.0651e+01  14 1.00000e+00  
122.5 6.0739e+01  14 1.00000e+00  
122.6 6.0828e+01  14 1.00000e+00  
122.7 6.0917e+01  14 1.00000e+00  
122.8 6.1005e+01  14 1.00000e+00  
122.9 6.1094e+01  14 1.00000e+00  
123.0 6.1182e+01  14 1.00000e+00  
123.1 6.1271e+01  14 1.00000e+00  
123.2 6.1359e+01  14 1.00000e+00  
123.3 6.1448e+01  14 1.00000e+00  
123.4 6.1536e+01  14 1.00000e+00  
123.5 6.1625e+01  14 1.00000e+00  
123.6 6.1713e+01  14 1.00000e+00  
123.7 6.1802e+01  14 1.00000e+00  
123.8 6.1890e+01  14 1.00000e+00  
123.9 6.1978e+01  14 1.00000e+00  
124.0 6.2067e+01  14 1.00000e+00  
124.1 6.2155e+01  14 1.00000e+00  
124.2 6.2244e+01  14 1.00000e+00  
124.3 6.2332e+01  14 1.00000e+00  
124.4 6.2420e+01  14 1.00000e+00  
124.5 6.2509e+01  14 1.00000e+00  
124.6 6.2597e+01  14 1.00000e+00  
124.7 6.2685e+01  14 1.00000e+00  
124.8 6.2773e+01  14 1.00000e+00  
124.9 6.2862e+01  14 1.00000e+00  
125.0 6.2950e+01  14 1.00000e+00  
125.1 6.3038e+01  14 1.00000e+00  
125.2 6.3127e+01  14 1.00000e+00  
125.3 6.3215e+01  14 1.00000e+00  
125.4 6.3303e+01  14 1.00000e+00  
125.5 6.3391e+01  14 1.00000e+00  
125.6 6.3479e+01  14 1.00000e+00  
125.7 6.3568e+01  14 1.00000e+00  
125.8 6.3656e+01  14 1.00000e+00  
125.9 6.3744e+01  14 1.00000e+00  
126.0 6.3832e+01  14 1.00000e+00  
126.1 6.3920e+01  14 1.00000e+00  
126.2 6.4009e+01  14 1.00000e+00  
126.3 6.4097e+01  14 1.00000e+00  
126.4 6.4185e+01  14 1.00000e+00  
126.5 6.4273e+01  14 1.00000e+00  
126.6 6.4361e+01  14 1.00000e+00  
126.7 6.4449e+01  14 1.00000e+00  
126.8 6.4537e+01  14 1.00000e+00  
126.9 6.4625e+01  14 1.00000e+00  
127.0 6.4713e+01  14 1.00000e+00  
127.1 6.4801e+01  14 1.00000e+00  
127.2 6.4889e+01  14 1.00000e+00  
127.3 6.4977e+01  14 1.00000e+00  
127.4 6.5065e+01  14 1.00000e+00  
127.5 6.5153e+01  14 1.00000e+00  
127.6 6.5241e+01  14 1.00000e+00  
127.7 6.5329e+01  14 1.00000e+00  
127.8 6.5414e+01  14 1.00000e+00  
127.9 6.5502e+01  14 1.00000e+00  
128.0 6.5590e+01  14 1.00000e+00  
128.1 6.5678e+01  14 1.00000e+00  
128.2 6.5766e+01  14 1.00000e+00  
128.3 6.5853e+01  14 1.00000e+00  
128.4 6.5941e+01  14 1.00000e+00  
128.5 6.6029e+01  14 1.00000e+00  
128.6 6.6117e+01  14 1.00000e+00  
128.7 6.6205e+01  14 1.00000e+00  
128.8 6.6293e+01  14 1.00000e+00  
128.9 6.6381e+01  14 1.00000e+00  
129.0 6.6469e+01  14 1.00000e+00  
129.1 6.6556e+01  14 1.00000e+00  
129.2 6.6644e+01  14 1.00000e+00  
129.3 6.6732e+01  14 1.00000e+00  
129.4 6.6820e+01  14 1.00000e+00  
129.5 6.6907e+01  14 1.00000e+00  
129.6 6.6995e+01  14 1.00000e+00  
129.7 6.7083e+01  14 1.00000e+00  
129.8 6.7171e+01  14 1.00000e+00  
129.9 6.7259e+01  14 1.00000e+00  
130.0 6.7346e+01  14 1.00000e+00  
130.1 6.7434e+01  14 1.00000e+00  
130.2 6.7522e+01  14 1.00000e+00  
130.3 6.7609e+01  14 1.00000e+00  
130.4 6.7697e+01  14 1.00000e+00  
130.5 6.7785e+01  14 1.00000e+00  
130.6 6.7872e+01  14 1.00000e+00  
130.7 6.7960e+01  14 1.00000e+00  
130.8 6.8047e+01  14 1.00000e+00  
130.9 6.8135e+01  14 1.00000e+00  
131.0 6.8223e+01  14 1.00000e+00  
131.1 6.8310e+01  14 1.00000e+00  
131.2 6.8398e+01  14 1.00000e+00  
131.3 6.8485e+01  14 1.00000e+00  
131.4 6.8573e+01  14 1.00000e+00  
131.5 6.7703e+01  14 1.00000e+00  
131.6 6.7791e+01  14 1.00000e+00  
131.7 6.7878e+01  14 1.00000e+00  
131.8 6.7740e+01  14 1.00000e+00  
131.9 6.7827e+01  14 1.00000e+00  
132.0 6.7913e+01  14 1.00000e+00  
132.1 6.8000e+01  14 1.00000e+00  
132.2 6.8087e+01  14 1.00000e+00  
132.3 6.8174e+01  14 1.00000e+00  
132.4 6.8260e+01  14 1.00000e+00  
132.5 6.8347e+01  14 1.00000e+00  
132.6 6.7403e+01  14 1.00000e+00  
132.7 6.7489e+01  14 1.00000e+00  
132.8 6.7576e+01  14 1.00000e+00  
132.9 6.7663e+01  14 1.00000e+00  
133.0 6.7749e+01  14 1.00000e+00  
133.1 6.7836e+01  14 1.00000e+00  
133.2 6.7923e+01  14 1.00000e+00  
133.3 6.8009e+01  14 1.00000e+00  
133.4 6.8096e+01  14 1.00000e+00  
133.5 6.8182e+01  14 1.00000e+00  
133.6 6.8269e+01  14 1.00000e+00  
133.7 6.8355e+01  14 1.00000e+00  
133.8 6.8442e+01  14 1.00000e+00  
133.9 6.8528e+01  14 1.00000e+00  
134.0 6.8615e+01  14 1.00000e+00  
134.1 6.8701e+01  14 1.00000e+00  
134.2 6.8788e+01  14 1.00000e+00  
134.3 6.8874e+01  14 1.00000e+00  
134.4 6.8961e+01  14 1.00000e+00  
134.5 6.9047e+01  14 1.00000e+00  
134.6 6.9134e+01  14 1.00000e+00  
134.7 6.9220e+01  14 1.00000e+00  
134.8 6.9306e+01  14 1.00000e+00  
134.9 6.9393e+01  14 1.00000e+00  
135.0 6.9479e+01  14 1.00000e+00  
135.1 6.8215e+01  14 1.00000e+00  
135.2 6.8300e+01  14 1.00000e+00  
135.3 6.7327e+01  14 1.00000e+00  
135.4 6.7412e+01  14 1.00000e+00  
135.5 6.7497e+01  14 1.00000e+00  
135.6 6.7582e+01  14 1.00000e+00  
135.7 6.7667e+01  14 1.00000e+00  
135.8 6.7752e+01  14 1.00000e+00  
135.9 6.7838e+01  14 1.00000e+00  
136.0 6.7923e+01  14 1.00000e+00  
136.1 6.8008e+01  14 1.00000e+00  
136.2 6.8093e+01  14 1.00000e+00  
136.3 6.8178e+01  14 1.00000e+00  
136.4 6.8263e+01  14 1.00000e+00  
136.5 6.8348e+01  14 1.00000e+00  
136.6 6.8433e+01  14 1.00000e+00  
136.7 6.8518e+01  14 1.00000e+00  
136.8 6.8603e+01  14 1.00000e+00  
136.9 6.8688e+01  14 1.00000e+00  
137.0 6.8773e+01  14 1.00000e+00  
137.1 6.8858e+01  14 1.00000e+00  
137.2 6.8944e+01  14 1.00000e+00  
137.3 6.9029e+01  14 1.00000e+00  
137.4 6.9113e+01  14 1.00000e+00  
137.5 6.9198e+01  14 1.00000e+00  
137.6 6.9284e+01  14 1.00000e+00  
137.7 6.9368e+01  14 1.00000e+00  
137.8 6.9453e+01  14 1.00000e+00  
137.9 6.9538e+01  14 1.00000e+00  
138.0 6.9623e+01  14 1.00000e+00  
138.1 6.9708e+01  14 1.00000e+00  
138.2 6.9793e+01  14 1.00000e+00  
138.3 6.9878e+01  14 1.00000e+00  
138.4 6.9963e+01  14 1.00000e+00  
138.5 7.0048e+01  14 1.00000e+00  
138.6 7.0133e+01  14 1.00000e+00  
138.7 7.0218e+01  14 1.00000e+00  
138.8 7.0303e+01  14 1.00000e+00  
138.9 6.9611e+01  14 1.00000e+00  
139.0 6.9696e+01  14 1.00000e+00  
139.1 6.9781e+01  14 1.00000e+00  
139.2 6.9866e+01  14 1.00000e+00  
139.3 6.9951e+01  14 1.00000e+00  
139.4 7.0036e+01  14 1.00000e+00  
139.5 7.0121e+01  14 1.00000e+00  
139.6 7.0206e+01  14 1.00000e+00  
139.7 7.0291e+01  14 1.00000e+00  
139.8 7.0376e+01  14 1.00000e+00  
139.9 7.0461e+01  14 1.00000e+00  
140.0 7.0546e+01  14 1.00000e+00  
140.1 7.0631e+01  14 1.00000e+00  
140.2 7.0716e+01  14 1.00000e+00  
140.3 7.0801e+01  14 1.00000e+00  
140.4 7.0886e+01  14 1.00000e+00  
140.5 7.0971e+01  14 1.00000e+00  
140.6 7.1056e+01  14 1.00000e+00  
140.7 7.1141e+01  14 1.00000e+00  
140.8 7.1226e+01  14 1.00000e+00  
140.9 7.1311e+01  14 1.00000e+00  
141.0 7.1395e+01  14 1.00000e+00  
141.1 7.1480e+01  14 1.00000e+00  
141.2 7.1565e+01  14 1.00000e+00  
141.3 7.1650e+01  14 1.00000e+00  
141.4 7.1735e+01  14 1.00000e+00  
141.5 7.1820e+01  14 1.00000e+00  
141.6 7.1905e+01  14 1.00000e+00  
141.7 7.1990e+01  14 1.00000e+00  
141.8 7.2074e+01  14 1.00000e+00  
141.9 7.2159e+01  14 1.00000e+00  
142.0 7.2244e+01  14 1.00000e+00  
142.1 7.2329e+01  14 1.00000e+00  
142.2 7.2414e+01  14 1.00000e+00  
142.3 7.2499e+01  14 1.00000e+00  
142.4 7.2583e+01  14 1.00000e+00  
142.5 7.2668e+01  14 1.00000e+00  
142.6 7.2753e+01  14 1.00000e+00  
142.7 7.2838e+01  14 1.00000e+00  
142.8 7.2922e+01  14 1.00000e+00  
142.9 7.3007e+01  14 1.00000e+00  
143.0 7.3092e+01  14 1.00000e+00  
143.1 7.3177e+01  14 1.00000e+00  
143.2 7.3261e+01  14 1.00000e+00  
143.3 7.3346e+01  14 1.00000e+00  
143.4 7.3431e+01  14 1.00000e+00  
143.5 7.3515e+01  14 1.00000e+00  
143.6 7.3597e+01  14 1.00000e+00  
143.7 7.3681e+01  14 1.00000e+00  
143.8 7.3766e+01  14 1.00000e+00  
143.9 6.8490e+01  14 1.00000e+00  
144.0 6.8571e+01  14 1.00000e+00  
144.1 6.8651e+01  14 1.00000e+00  
144.2 6.8732e+01  14 1.00000e+00  
144.3 6.8813e+01  14 1.00000e+00  
144.4 6.8894e+01  14 1.00000e+00  
144.5 6.8974e+01  14 1.00000e+00  
144.6 6.9055e+01  14 1.00000e+00  
144.7 6.9136e+01  14 1.00000e+00  
144.8 6.9216e+01  14 1.00000e+00  
144.9 6.9297e+01  14 1.00000e+00  
145.0 6.9378e+01  14 1.00000e+00  
145.1 6.9458e+01  14 1.00000e+00  
145.2 6.9539e+01  14 1.00000e+00  
145.3 6.9620e+01  14 1.00000e+00  
145.4 6.9700e+01  14 1.00000e+00  
145.5 6.9781e+01  14 1.00000e+00  
145.6 6.9862e+01  14 1.00000e+00  
145.7 6.9942e+01  14 1.00000e+00  
145.8 6.9226e+01  14 1.00000e+00  
145.9 6.9307e+01  14 1.00000e+00  
146.0 6.9388e+01  14 1.00000e+00  
146.1 6.9468e+01  14 1.00000e+00  
146.2 6.9549e+01  14 1.00000e+00  
146.3 6.9630e+01  14 1.00000e+00  
146.4 6.9710e+01  14 1.00000e+00  
146.5 6.9791e+01  14 1.00000e+00  
146.6 6.9872e+01  14 1.00000e+00  
146.7 6.9953e+01  14 1.00000e+00  
146.8 7.0033e+01  14 1.00000e+00  
146.9 7.0114e+01  14 1.00000e+00  
147.0 7.0195e+01  14 1.00000e+00  
147.1 7.0276e+01  14 1.00000e+00  
147.2 7.0357e+01  14 1.00000e+00  
147.3 7.0437e+01  14 1.00000e+00  
147.4 7.0518e+01  14 1.00000e+00  
147.5 7.0599e+01  14 1.00000e+00  
147.6 7.0680e+01  14 1.00000e+00  
147.7 7.0760e+01  14 1.00000e+00  
147.8 7.0841e+01  14 1.00000e+00  
147.9 7.0922e+01  14 1.00000e+00  
148.0 7.1003e+01  14 1.00000e+00  
148.1 7.1084e+01  14 1.00000e+00  
148.2 7.1165e+01  14 1.00000e+00  
148.3 7.1246e+01  14 1.00000e+00  
148.4 7.1326e+01  14 1.00000e+00  
148.5 7.1407e+01  14 1.00000e+00  
148.6 7.1488e+01  14 1.00000e+00  
148.7 7.1569e+01  14 1.00000e+00  
148.8 7.1650e+01  14 1.00000e+00  
148.9 7.1731e+01  14 1.00000e+00  
149.0 7.1812e+01  14 1.00000e+00  
149.1 7.1893e+01  14 1.00000e+00  
149.2 7.1974e+01  14 1.00000e+00  
149.3 7.2055e+01  14 1.00000e+00  
149.4 7.2136e+01  14 1.00000e+00  
149.5 7.2217e+01  14 1.00000e+00  
149.6 7.2298e+01  14 1.00000e+00  
149.7 7.2379e+01  14 1.00000e+00  
149.8 7.2460e+01  14 1.00000e+00  
149.9 7.2541e+01  14 1.00000e+00  
150.0 7.2622e+01  14 1.00000e+00  
