 15.1 1.3989e+00  13 4.21771e-02  
 15.2 1.4066e+00  13 4.26199e-02  
 15.3 1.4142e+00  13 4.30585e-02  
 15.4 1.4218e+00  13 4.34931e-02  
 15.5 1.4295e+00  13 4.39236e-02  
 15.6 1.4371e+00  13 4.43504e-02  
 15.7 1.4448e+00  13 4.47735e-02  
 15.8 1.4524e+00  13 4.51928e-02  
 15.9 1.4601e+00  13 4.56087e-02  
 16.0 1.4677e+00  13 4.60209e-02  
 16.1 1.4754e+00  13 4.64301e-02  
 16.2 1.4830e+00  13 4.68357e-02  
 16.3 1.4907e+00  13 4.72381e-02  
 16.4 1.4983e+00  13 4.76376e-02  
 16.5 1.5060e+00  13 4.80340e-02  
 16.6 1.5136e+00  13 4.84278e-02  
 16.7 1.5213e+00  13 4.88186e-02  
 16.8 1.5289e+00  13 4.92069e-02  
 16.9 1.5366e+00  13 4.95849e-02  
 17.0 1.5442e+00  13 5.00002e-02  
 17.1 1.5519e+00  13 5.03810e-02  
 17.2 1.5595e+00  13 5.07593e-02  
 17.3 1.5671e+00  13 5.11354e-02  
 17.4 1.5748e+00  13 5.15094e-02  
 17.5 1.5824e+00  13 5.18812e-02  
 17.6 1.5901e+00  13 5.22514e-02  
 17.7 1.5977e+00  13 5.26198e-02  
 17.8 1.6054e+00  13 5.30229e-02  
 17.9 1.6130e+00  13 5.33798e-02  
 18.0 1.6207e+00  13 5.37426e-02  
 18.1 1.6283e+00  13 5.41036e-02  
 18.2 1.6359e+00  13 5.44631e-02  
 18.3 1.6436e+00  13 5.48615e-02  
 18.4 1.6512e+00  13 5.52194e-02  
 18.5 1.6588e+00  13 5.55717e-02  
 18.6 1.6665e+00  13 5.59206e-02  
 18.7 1.6741e+00  13 5.62734e-02  
 18.8 1.6817e+00  13 5.66679e-02  
 18.9 1.6893e+00  13 5.70205e-02  
 19.0 1.6970e+00  13 5.73721e-02  
 19.1 1.7046e+00  13 5.77116e-02  
 19.2 1.7122e+00  13 5.81046e-02  
 19.3 1.7227e+00  13 5.86918e-02  
 19.4 1.7346e+00  13 5.93987e-02  
 19.5 1.7466e+00  13 6.01104e-02  
 19.6 1.7587e+00  13 6.08711e-02  
 19.7 1.7709e+00  13 6.15843e-02  
 19.8 1.7832e+00  13 6.23111e-02  
 19.9 1.7955e+00  13 6.30942e-02  
 20.0 1.8079e+00  13 6.38340e-02  
 20.1 1.8205e+00  13 6.45656e-02  
 20.2 1.8331e+00  13 6.53670e-02  
 20.3 1.8458e+00  13 6.61241e-02  
 20.4 1.8585e+00  13 6.69414e-02  
 20.5 1.8714e+00  13 6.77127e-02  
 20.6 1.8844e+00  13 6.85291e-02  
 20.7 1.8974e+00  13 6.93130e-02  
 20.8 1.9105e+00  13 7.01600e-02  
 20.9 1.9238e+00  13 7.09590e-02  
 21.0 1.6172e+01  14 1.00000e+00  
 21.1 1.6203e+01  14 1.00000e+00  
 21.2 1.6202e+01  14 1.00000e+00  
 21.3 1.6209e+01  14 1.00000e+00  
 21.4 1.6252e+01  14 1.00000e+00  
 21.5 1.6292e+01  14 1.00000e+00  
 21.6 1.6330e+01  14 1.00000e+00  
 21.7 1.6368e+01  14 1.00000e+00  
 21.8 1.6409e+01  14 1.00000e+00  
 21.9 1.6446e+01  14 1.00000e+00  
 22.0 1.6482e+01  14 1.00000e+00  
 22.1 1.6517e+01  14 1.00000e+00  
 22.2 1.6555e+01  14 1.00000e+00  
 22.3 1.6589e+01  14 1.00000e+00  
 22.4 1.6623e+01  14 1.00000e+00  
 22.5 1.6655e+01  14 1.00000e+00  
 22.6 1.6691e+01  14 1.00000e+00  
 22.7 1.6722e+01  14 1.00000e+00  
 22.8 1.6752e+01  14 1.00000e+00  
 22.9 1.6785e+01  14 1.00000e+00  
 23.0 1.6814e+01  14 1.00000e+00  
 23.1 1.6843e+01  14 1.00000e+00  
 23.2 1.6870e+01  14 1.00000e+00  
 23.3 1.6900e+01  14 1.00000e+00  
 23.4 1.6926e+01  14 1.00000e+00  
 23.5 1.6952e+01  14 1.00000e+00  
 23.6 1.6975e+01  14 1.00000e+00  
 23.7 1.7003e+01  14 1.00000e+00  
 23.8 1.7025e+01  14 1.00000e+00  
 23.9 1.7046e+01  14 1.00000e+00  
 24.0 1.7068e+01  14 1.00000e+00  
 24.1 5.5108e+00  14 2.84790e-01  
 24.2 5.5979e+00  14 2.89836e-01  
 24.3 5.6855e+00  14 2.94914e-01  
 24.4 5.7737e+00  14 2.99932e-01  
 24.5 5.8621e+00  14 3.05055e-01  
 24.6 5.9510e+00  14 3.10207e-01  
 24.7 6.0402e+00  14 3.15390e-01  
 24.8 6.1301e+00  14 3.20506e-01  
 24.9 6.2202e+00  14 3.25729e-01  
 25.0 6.3105e+00  14 3.30979e-01  
 25.1 6.4013e+00  14 3.36249e-01  
 25.2 6.4928e+00  14 3.41468e-01  
 25.3 6.5842e+00  14 3.46789e-01  
 25.4 6.6759e+00  14 3.52134e-01  
 25.5 6.7685e+00  14 3.57417e-01  
 25.6 6.8609e+00  14 3.62799e-01  
 25.7 6.9535e+00  14 3.68209e-01  
 25.8 7.0464e+00  14 3.73647e-01  
 25.9 7.1404e+00  14 3.79013e-01  
 26.0 7.2339e+00  14 3.84483e-01  
 26.1 7.3277e+00  14 3.89977e-01  
 26.2 7.4216e+00  14 3.95499e-01  
 26.3 7.5168e+00  14 4.00948e-01  
 26.4 7.6113e+00  14 4.06499e-01  
 26.5 7.7060e+00  14 4.12075e-01  
 26.6 7.8008e+00  14 4.17673e-01  
 26.7 7.8972e+00  14 4.23199e-01  
 26.8 7.9925e+00  14 4.28831e-01  
 26.9 8.0872e+00  14 4.34435e-01  
 27.0 8.1828e+00  14 4.40106e-01  
 27.1 8.2802e+00  14 4.45703e-01  
 27.2 8.3763e+00  14 4.51405e-01  
 27.3 8.4725e+00  14 4.57130e-01  
 27.4 8.5694e+00  14 4.62917e-01  
 27.5 8.6678e+00  14 4.68586e-01  
 27.6 8.7646e+00  14 4.74357e-01  
 27.7 8.8615e+00  14 4.80149e-01  
 27.8 8.9584e+00  14 4.85959e-01  
 27.9 9.0553e+00  14 4.91789e-01  
 28.0 9.1549e+00  14 4.97539e-01  
 28.1 9.2522e+00  14 5.03398e-01  
 28.2 9.3498e+00  14 5.09270e-01  
 28.3 9.4473e+00  14 5.15161e-01  
 28.4 9.5464e+00  14 5.21022e-01  
 28.5 9.6456e+00  14 5.26899e-01  
 28.6 9.7435e+00  14 5.32836e-01  
 28.7 9.8415e+00  14 5.38789e-01  
 28.8 9.9394e+00  14 5.44760e-01  
 28.9 1.0041e+01  14 5.50652e-01  
 29.0 1.0139e+01  14 5.56645e-01  
 29.1 1.0238e+01  14 5.62654e-01  
 29.2 1.0337e+01  14 5.68680e-01  
 29.3 1.0435e+01  14 5.74723e-01  
 29.4 1.0535e+01  14 5.80758e-01  
 29.5 1.0636e+01  14 5.86762e-01  
 29.6 1.0735e+01  14 5.92848e-01  
 29.7 1.0834e+01  14 5.98944e-01  
 29.8 1.0933e+01  14 6.05053e-01  
 29.9 1.1032e+01  14 6.11176e-01  
 30.0 1.1132e+01  14 6.17305e-01  
 30.1 1.1235e+01  14 6.23380e-01  
 30.2 1.1335e+01  14 6.29543e-01  
 30.3 1.1434e+01  14 6.35724e-01  
 30.4 1.1534e+01  14 6.41919e-01  
 30.5 1.1633e+01  14 6.48132e-01  
 30.6 1.1737e+01  14 6.54271e-01  
 30.7 1.1837e+01  14 6.60509e-01  
 30.8 1.1937e+01  14 6.66751e-01  
 30.9 1.2037e+01  14 6.73004e-01  
 31.0 1.2137e+01  14 6.79274e-01  
 31.1 1.2237e+01  14 6.85558e-01  
 31.2 1.2338e+01  14 6.91854e-01  
 31.3 1.2438e+01  14 6.98163e-01  
 31.4 1.2538e+01  14 7.04486e-01  
 31.5 1.2639e+01  14 7.10809e-01  
 31.6 1.2745e+01  14 7.17102e-01  
 31.7 1.2845e+01  14 7.23467e-01  
 31.8 1.2945e+01  14 7.29846e-01  
 31.9 1.3044e+01  14 7.36243e-01  
 32.0 1.3143e+01  14 7.42661e-01  
 32.1 1.3251e+01  14 7.49005e-01  
 32.2 1.3350e+01  14 7.55443e-01  
 32.3 1.3449e+01  14 7.61899e-01  
 32.4 1.3556e+01  14 7.68299e-01  
 32.5 1.3650e+01  14 7.74813e-01  
 32.6 1.3752e+01  14 7.81278e-01  
 32.7 1.3855e+01  14 7.87751e-01  
 32.8 1.3957e+01  14 7.94242e-01  
 32.9 1.4059e+01  14 8.00750e-01  
 33.0 1.4160e+01  14 8.07273e-01  
 33.1 1.4261e+01  14 8.13813e-01  
 33.2 1.4362e+01  14 8.20364e-01  
 33.3 1.4462e+01  14 8.26931e-01  
 33.4 1.4563e+01  14 8.33511e-01  
 33.5 1.4662e+01  14 8.40104e-01  
 33.6 1.4761e+01  14 8.46716e-01  
 33.7 1.4873e+01  14 8.53279e-01  
 33.8 1.4972e+01  14 8.59913e-01  
 33.9 1.5070e+01  14 8.66561e-01  
 34.0 1.5168e+01  14 8.73224e-01  
 34.1 1.5276e+01  14 8.79860e-01  
 34.2 1.5377e+01  14 8.86535e-01  
 34.3 1.5476e+01  14 8.93227e-01  
 34.4 1.5576e+01  14 8.99929e-01  
 34.5 1.5674e+01  14 9.06649e-01  
 34.6 1.5769e+01  14 9.13384e-01  
 34.7 1.5879e+01  14 9.20098e-01  
 34.8 1.5973e+01  14 9.26859e-01  
 34.9 1.6071e+01  14 9.33621e-01  
 35.0 1.6170e+01  14 9.40394e-01  
 35.1 1.6275e+01  14 9.47169e-01  
 35.2 1.6377e+01  14 9.53961e-01  
 35.3 1.6469e+01  14 9.60775e-01  
 35.4 1.6564e+01  14 9.67596e-01  
 35.5 1.6671e+01  14 9.74419e-01  
 35.6 1.6760e+01  14 9.81265e-01  
 35.7 1.6858e+01  14 9.88115e-01  
 35.8 1.6950e+01  14 9.94978e-01  
 35.9 1.7031e+01  14 1.00000e+00  
 36.0 1.7009e+01  14 1.00000e+00  
 36.1 1.6995e+01  14 1.00000e+00  
 36.2 1.6984e+01  14 1.00000e+00  
 36.3 1.6968e+01  14 1.00000e+00  
 36.4 1.6953e+01  14 1.00000e+00  
 36.5 1.6941e+01  14 1.00000e+00  
 36.6 1.6915e+01  14 1.00000e+00  
 36.7 1.6804e+01  14 1.00000e+00  
 36.8 1.6784e+01  14 1.00000e+00  
 36.9 1.6766e+01  14 1.00000e+00  
 37.0 1.6742e+01  14 1.00000e+00  
 37.1 1.6738e+01  14 1.00000e+00  
 37.2 1.6608e+01  14 1.00000e+00  
 37.3 1.6583e+01  14 1.00000e+00  
 37.4 1.6564e+01  14 1.00000e+00  
 37.5 1.6551e+01  14 1.00000e+00  
 37.6 1.6519e+01  14 1.00000e+00  
 37.7 1.6395e+01  14 1.00000e+00  
 37.8 1.6377e+01  14 1.00000e+00  
 37.9 1.6344e+01  14 1.00000e+00  
 38.0 1.6339e+01  14 1.00000e+00  
 38.1 1.6320e+01  14 1.00000e+00  
 38.2 1.6175e+01  14 1.00000e+00  
 38.3 1.5128e+01  14 1.00000e+00  
 38.4 1.4129e+01  14 1.00000e+00  
 38.5 1.3990e+01  14 1.00000e+00  
 38.6 1.3917e+01  14 1.00000e+00  
 38.7 1.3881e+01  14 1.00000e+00  
 38.8 1.3851e+01  14 1.00000e+00  
 38.9 1.3732e+01  14 1.00000e+00  
 39.0 1.3635e+01  14 1.00000e+00  
 39.1 1.3590e+01  14 1.00000e+00  
 39.2 1.3576e+01  14 1.00000e+00  
 39.3 1.3474e+01  14 1.00000e+00  
 39.4 1.3357e+01  14 1.00000e+00  
 39.5 1.3323e+01  14 1.00000e+00  
 39.6 1.3292e+01  14 1.00000e+00  
 39.7 1.3290e+01  14 1.00000e+00  
 39.8 1.3168e+01  14 1.00000e+00  
 39.9 1.2922e+01  14 9.88386e-01  
 40.0 1.2923e+01  14 9.88407e-01  
 40.1 1.2835e+01  14 9.83939e-01  
 40.2 1.2577e+01  14 9.70765e-01  
 40.3 1.2484e+01  14 9.66000e-01  
 40.4 1.2292e+01  14 9.56103e-01  
 40.5 1.2285e+01  14 9.55760e-01  
 40.6 1.2186e+01  14 9.50618e-01  
 40.7 1.2019e+01  14 9.41965e-01  
 40.8 1.1903e+01  14 9.35962e-01  
 40.9 1.1763e+01  14 9.28634e-01  
 41.0 1.1749e+01  14 9.27891e-01  
 41.1 1.1721e+01  14 9.26433e-01  
 41.2 1.1375e+01  14 9.08229e-01  
 41.3 1.1321e+01  14 9.05364e-01  
 41.4 1.1317e+01  14 9.05153e-01  
 41.5 1.1301e+01  14 9.04345e-01  
 41.6 1.1054e+01  14 8.91204e-01  
 41.7 1.0916e+01  14 8.83858e-01  
 41.8 1.0910e+01  14 8.83547e-01  
 41.9 1.0898e+01  14 8.82914e-01  
 42.0 1.0883e+01  14 8.82124e-01  
 42.1 1.0760e+01  14 8.75509e-01  
 42.2 1.0668e+01  14 8.70572e-01  
 42.3 1.0493e+01  14 8.61195e-01  
 42.4 1.0468e+01  14 8.59820e-01  
 42.5 1.0435e+01  14 8.58038e-01  
 42.6 1.0467e+01  14 8.59775e-01  
 42.7 1.0492e+01  14 8.61092e-01  
 42.8 1.0509e+01  14 8.62035e-01  
 42.9 1.0656e+01  14 8.69968e-01  
 43.0 1.0749e+01  14 8.74910e-01  
 43.1 1.0873e+01  14 8.81563e-01  
 43.2 1.0900e+01  14 8.82991e-01  
 43.3 1.0926e+01  14 8.84421e-01  
 43.4 1.0939e+01  14 8.85074e-01  
 43.5 1.1069e+01  14 8.91998e-01  
 43.6 1.1174e+01  14 8.97587e-01  
 43.7 1.1317e+01  14 9.05178e-01  
 43.8 1.1388e+01  14 9.08939e-01  
 43.9 1.1450e+01  14 9.12214e-01  
 44.0 1.1508e+01  14 9.15241e-01  
 44.1 1.1567e+01  14 9.18331e-01  
 44.2 1.1624e+01  14 9.21348e-01  
 44.3 1.1662e+01  14 9.23324e-01  
 44.4 1.1708e+01  14 9.25750e-01  
 44.5 1.1772e+01  14 9.29104e-01  
 44.6 1.1917e+01  14 9.36653e-01  
 44.7 1.2028e+01  14 9.42445e-01  
 44.8 1.2128e+01  14 9.47639e-01  
 44.9 1.2217e+01  14 9.52220e-01  
 45.0 1.2372e+01  14 9.60255e-01  
 45.1 1.2449e+01  14 9.64201e-01  
 45.2 1.2507e+01  14 9.67163e-01  
 45.3 1.2571e+01  14 9.70440e-01  
 45.4 1.2632e+01  14 9.73599e-01  
 45.5 1.2695e+01  14 9.76800e-01  
 45.6 1.2754e+01  14 9.79802e-01  
 45.7 1.2806e+01  14 9.82453e-01  
 45.8 1.2861e+01  14 9.85285e-01  
 45.9 1.3009e+01  14 9.92773e-01  
 46.0 1.3135e+01  14 9.99193e-01  
 46.1 1.3188e+01  14 1.00000e+00  
 46.2 1.3223e+01  14 1.00000e+00  
 46.3 1.3259e+01  14 1.00000e+00  
 46.4 1.3318e+01  14 1.00000e+00  
 46.5 1.3351e+01  14 1.00000e+00  
 46.6 1.3374e+01  14 1.00000e+00  
 46.7 1.3393e+01  14 1.00000e+00  
 46.8 1.3418e+01  14 1.00000e+00  
 46.9 1.3441e+01  14 1.00000e+00  
 47.0 1.3462e+01  14 1.00000e+00  
 47.1 1.3480e+01  14 1.00000e+00  
 47.2 1.3517e+01  14 1.00000e+00  
 47.3 1.3581e+01  14 1.00000e+00  
 47.4 1.3626e+01  14 1.00000e+00  
 47.5 1.3667e+01  14 1.00000e+00  
 47.6 1.3703e+01  14 1.00000e+00  
 47.7 1.3763e+01  14 1.00000e+00  
 47.8 1.3795e+01  14 1.00000e+00  
 47.9 1.3823e+01  14 1.00000e+00  
 48.0 1.3848e+01  14 1.00000e+00  
 48.1 1.3872e+01  14 1.00000e+00  
 48.2 1.3898e+01  14 1.00000e+00  
 48.3 1.3922e+01  14 1.00000e+00  
 48.4 1.3945e+01  14 1.00000e+00  
 48.5 1.3964e+01  14 1.00000e+00  
 48.6 1.4001e+01  14 1.00000e+00  
 48.7 1.4059e+01  14 1.00000e+00  
 48.8 1.4106e+01  14 1.00000e+00  
 48.9 1.4147e+01  14 1.00000e+00  
 49.0 1.4186e+01  14 1.00000e+00  
 49.1 1.4218e+01  14 1.00000e+00  
 49.2 1.4279e+01  14 1.00000e+00  
 49.3 1.4307e+01  14 1.00000e+00  
 49.4 1.4332e+01  14 1.00000e+00  
 49.5 1.4358e+01  14 1.00000e+00  
 49.6 1.4382e+01  14 1.00000e+00  
 49.7 1.4407e+01  14 1.00000e+00  
 49.8 1.4431e+01  14 1.00000e+00  
 49.9 1.4450e+01  14 1.00000e+00  
 50.0 1.4485e+01  14 1.00000e+00  
 50.1 1.4527e+01  14 1.00000e+00  
 50.2 1.4583e+01  14 1.00000e+00  
 50.3 1.4631e+01  14 1.00000e+00  
 50.4 1.4671e+01  14 1.00000e+00  
 50.5 1.4707e+01  14 1.00000e+00  
 50.6 1.4738e+01  14 1.00000e+00  
 50.7 1.4805e+01  14 1.00000e+00  
 50.8 1.4833e+01  14 1.00000e+00  
 50.9 1.4856e+01  14 1.00000e+00  
 51.0 1.4883e+01  14 1.00000e+00  
 51.1 1.4905e+01  14 1.00000e+00  
 51.2 1.4931e+01  14 1.00000e+00  
 51.3 1.4955e+01  14 1.00000e+00  
 51.4 1.4978e+01  14 1.00000e+00  
 51.5 1.5009e+01  14 1.00000e+00  
 51.6 1.5054e+01  14 1.00000e+00  
 51.7 1.5105e+01  14 1.00000e+00  
 51.8 1.5152e+01  14 1.00000e+00  
 51.9 1.5195e+01  14 1.00000e+00  
 52.0 1.5234e+01  14 1.00000e+00  
 52.1 1.5267e+01  14 1.00000e+00  
 52.2 1.5321e+01  14 1.00000e+00  
 52.3 1.5363e+01  14 1.00000e+00  
 52.4 1.5385e+01  14 1.00000e+00  
 52.5 1.5412e+01  14 1.00000e+00  
 52.6 1.5435e+01  14 1.00000e+00  
 52.7 1.5460e+01  14 1.00000e+00  
 52.8 1.5488e+01  14 1.00000e+00  
 52.9 1.5511e+01  14 1.00000e+00  
 53.0 1.5532e+01  14 1.00000e+00  
 53.1 1.5582e+01  14 1.00000e+00  
 53.2 1.5622e+01  14 1.00000e+00  
 53.3 1.5674e+01  14 1.00000e+00  
 53.4 1.5723e+01  14 1.00000e+00  
 53.5 1.5763e+01  14 1.00000e+00  
 53.6 1.5799e+01  14 1.00000e+00  
 53.7 1.5837e+01  14 1.00000e+00  
 53.8 1.5897e+01  14 1.00000e+00  
 53.9 1.5928e+01  14 1.00000e+00  
 54.0 1.5956e+01  14 1.00000e+00  
 54.1 1.5985e+01  14 1.00000e+00  
 54.2 1.6009e+01  14 1.00000e+00  
 54.3 1.6034e+01  14 1.00000e+00  
 54.4 1.6061e+01  14 1.00000e+00  
 54.5 1.6081e+01  14 1.00000e+00  
 54.6 1.6104e+01  14 1.00000e+00  
 54.7 1.6148e+01  14 1.00000e+00  
 54.8 1.6196e+01  14 1.00000e+00  
 54.9 1.6243e+01  14 1.00000e+00  
 55.0 1.6293e+01  14 1.00000e+00  
 55.1 1.6334e+01  14 1.00000e+00  
 55.2 1.6372e+01  14 1.00000e+00  
 55.3 1.6408e+01  14 1.00000e+00  
 55.4 1.6443e+01  14 1.00000e+00  
 55.5 1.6507e+01  14 1.00000e+00  
 55.6 1.6538e+01  14 1.00000e+00  
 55.7 1.6557e+01  14 1.00000e+00  
 55.8 1.6589e+01  14 1.00000e+00  
 55.9 1.6615e+01  14 1.00000e+00  
 56.0 1.6636e+01  14 1.00000e+00  
 56.1 1.6661e+01  14 1.00000e+00  
 56.2 1.6690e+01  14 1.00000e+00  
 56.3 1.6716e+01  14 1.00000e+00  
 56.4 1.6765e+01  14 1.00000e+00  
 56.5 1.6808e+01  14 1.00000e+00  
 56.6 1.6850e+01  14 1.00000e+00  
 56.7 1.6903e+01  14 1.00000e+00  
 56.8 1.6945e+01  14 1.00000e+00  
 56.9 1.6984e+01  14 1.00000e+00  
 57.0 1.7022e+01  14 1.00000e+00  
 57.1 1.7053e+01  14 1.00000e+00  
 57.2 1.7082e+01  14 1.00000e+00  
 57.3 1.7147e+01  14 1.00000e+00  
 57.4 1.7179e+01  14 1.00000e+00  
 57.5 1.7197e+01  14 1.00000e+00  
 57.6 1.7223e+01  14 1.00000e+00  
 57.7 1.7250e+01  14 1.00000e+00  
 57.8 1.7275e+01  14 1.00000e+00  
 57.9 1.7296e+01  14 1.00000e+00  
 58.0 1.7320e+01  14 1.00000e+00  
 58.1 1.7367e+01  14 1.00000e+00  
 58.2 1.7413e+01  14 1.00000e+00  
 58.3 1.7453e+01  14 1.00000e+00  
 58.4 1.7506e+01  14 1.00000e+00  
 58.5 1.7551e+01  14 1.00000e+00  
 58.6 1.7587e+01  14 1.00000e+00  
 58.7 1.7631e+01  14 1.00000e+00  
 58.8 1.7667e+01  14 1.00000e+00  
 58.9 1.7694e+01  14 1.00000e+00  
 59.0 1.7766e+01  14 1.00000e+00  
 59.1 1.7799e+01  14 1.00000e+00  
 59.2 1.7823e+01  14 1.00000e+00  
 59.3 1.7844e+01  14 1.00000e+00  
 59.4 1.7872e+01  14 1.00000e+00  
 59.5 1.7901e+01  14 1.00000e+00  
 59.6 1.7925e+01  14 1.00000e+00  
 59.7 1.7951e+01  14 1.00000e+00  
 59.8 1.7975e+01  14 1.00000e+00  
 59.9 1.8014e+01  14 1.00000e+00  
 60.0 1.8057e+01  14 1.00000e+00  
 60.1 1.8102e+01  14 1.00000e+00  
 60.2 1.8136e+01  14 1.00000e+00  
 60.3 1.8196e+01  14 1.00000e+00  
 60.4 1.8238e+01  14 1.00000e+00  
 60.5 1.8280e+01  14 1.00000e+00  
 60.6 1.8319e+01  14 1.00000e+00  
 60.7 1.8352e+01  14 1.00000e+00  
 60.8 1.8386e+01  14 1.00000e+00  
 60.9 1.8441e+01  14 1.00000e+00  
 61.0 1.8483e+01  14 1.00000e+00  
 61.1 1.8507e+01  14 1.00000e+00  
 61.2 1.8527e+01  14 1.00000e+00  
 61.3 1.8559e+01  14 1.00000e+00  
 61.4 1.8579e+01  14 1.00000e+00  
 61.5 1.8604e+01  14 1.00000e+00  
 61.6 1.8641e+01  14 1.00000e+00  
 61.7 1.8677e+01  14 1.00000e+00  
 61.8 1.8730e+01  14 1.00000e+00  
 61.9 1.8772e+01  14 1.00000e+00  
 62.0 1.8814e+01  14 1.00000e+00  
 62.1 1.8859e+01  14 1.00000e+00  
 62.2 1.8911e+01  14 1.00000e+00  
 62.3 1.8944e+01  14 1.00000e+00  
 62.4 1.8995e+01  14 1.00000e+00  
 62.5 1.9020e+01  14 1.00000e+00  
 62.6 1.9068e+01  14 1.00000e+00  
 62.7 1.9094e+01  14 1.00000e+00  
 62.8 1.9135e+01  14 1.00000e+00  
 62.9 1.9202e+01  14 1.00000e+00  
 63.0 1.9222e+01  14 1.00000e+00  
 63.1 1.9255e+01  14 1.00000e+00  
 63.2 1.9278e+01  14 1.00000e+00  
 63.3 1.9300e+01  14 1.00000e+00  
 63.4 1.9324e+01  14 1.00000e+00  
 63.5 1.9354e+01  14 1.00000e+00  
 63.6 1.9376e+01  14 1.00000e+00  
 63.7 1.9405e+01  14 1.00000e+00  
 63.8 1.9462e+01  14 1.00000e+00  
 63.9 1.9512e+01  14 1.00000e+00  
 64.0 1.9555e+01  14 1.00000e+00  
 64.1 1.9591e+01  14 1.00000e+00  
 64.2 1.9647e+01  14 1.00000e+00  
 64.3 1.9680e+01  14 1.00000e+00  
 64.4 1.9731e+01  14 1.00000e+00  
 64.5 1.9760e+01  14 1.00000e+00  
 64.6 1.9805e+01  14 1.00000e+00  
 64.7 1.9834e+01  14 1.00000e+00  
 64.8 1.9866e+01  14 1.00000e+00  
 64.9 1.9918e+01  14 1.00000e+00  
 65.0 1.9972e+01  14 1.00000e+00  
 65.1 1.9994e+01  14 1.00000e+00  
 65.2 2.0020e+01  14 1.00000e+00  
 65.3 2.0040e+01  14 1.00000e+00  
 65.4 2.0062e+01  14 1.00000e+00  
 65.5 2.0098e+01  14 1.00000e+00  
 65.6 2.0131e+01  14 1.00000e+00  
 65.7 2.0156e+01  14 1.00000e+00  
 65.8 2.0197e+01  14 1.00000e+00  
 65.9 2.0253e+01  14 1.00000e+00  
 66.0 2.0294e+01  14 1.00000e+00  
 66.1 2.0339e+01  14 1.00000e+00  
 66.2 2.0369e+01  14 1.00000e+00  
 66.3 2.0435e+01  14 1.00000e+00  
 66.4 2.0461e+01  14 1.00000e+00  
 66.5 2.0520e+01  14 1.00000e+00  
 66.6 2.0550e+01  14 1.00000e+00  
 66.7 2.0598e+01  14 1.00000e+00  
 66.8 2.0627e+01  14 1.00000e+00  
 66.9 2.0666e+01  14 1.00000e+00  
 67.0 2.0697e+01  14 1.00000e+00  
 67.1 2.0766e+01  14 1.00000e+00  
 67.2 2.0788e+01  14 1.00000e+00  
 67.3 2.0817e+01  14 1.00000e+00  
 67.4 2.0843e+01  14 1.00000e+00  
 67.5 2.0870e+01  14 1.00000e+00  
 67.6 2.0899e+01  14 1.00000e+00  
 67.7 2.0919e+01  14 1.00000e+00  
 67.8 2.0943e+01  14 1.00000e+00  
 67.9 2.0973e+01  14 1.00000e+00  
 68.0 2.1037e+01  14 1.00000e+00  
 68.1 2.1079e+01  14 1.00000e+00  
 68.2 2.1130e+01  14 1.00000e+00  
 68.3 2.1168e+01  14 1.00000e+00  
 68.4 2.1219e+01  14 1.00000e+00  
 68.5 2.1264e+01  14 1.00000e+00  
 68.6 2.1305e+01  14 1.00000e+00  
 68.7 2.1357e+01  14 1.00000e+00  
 68.8 2.1398e+01  14 1.00000e+00  
 68.9 2.1434e+01  14 1.00000e+00  
 69.0 2.1460e+01  14 1.00000e+00  
 69.1 2.1503e+01  14 1.00000e+00  
 69.2 2.1536e+01  14 1.00000e+00  
 69.3 2.1596e+01  14 1.00000e+00  
 69.4 2.1630e+01  14 1.00000e+00  
 69.5 2.1658e+01  14 1.00000e+00  
 69.6 2.1692e+01  14 1.00000e+00  
 69.7 2.1720e+01  14 1.00000e+00  
 69.8 2.1748e+01  14 1.00000e+00  
 69.9 2.1767e+01  14 1.00000e+00  
 70.0 2.1784e+01  14 1.00000e+00  
 70.1 2.1815e+01  14 1.00000e+00  
 70.2 2.1868e+01  14 1.00000e+00  
 70.3 2.1925e+01  14 1.00000e+00  
 70.4 2.1971e+01  14 1.00000e+00  
 70.5 2.2022e+01  14 1.00000e+00  
 70.6 2.2066e+01  14 1.00000e+00  
 70.7 2.2088e+01  14 1.00000e+00  
 70.8 2.2157e+01  14 1.00000e+00  
 70.9 2.2192e+01  14 1.00000e+00  
 71.0 2.2243e+01  14 1.00000e+00  
 71.1 2.2283e+01  14 1.00000e+00  
 71.2 2.2318e+01  14 1.00000e+00  
 71.3 2.2342e+01  14 1.00000e+00  
 71.4 2.2387e+01  14 1.00000e+00  
 71.5 2.2425e+01  14 1.00000e+00  
 71.6 2.2487e+01  14 1.00000e+00  
 71.7 2.2525e+01  14 1.00000e+00  
 71.8 2.2553e+01  14 1.00000e+00  
 71.9 2.2583e+01  14 1.00000e+00  
 72.0 2.2600e+01  14 1.00000e+00  
 72.1 2.2637e+01  14 1.00000e+00  
 72.2 2.2667e+01  14 1.00000e+00  
 72.3 2.2695e+01  14 1.00000e+00  
 72.4 2.2721e+01  14 1.00000e+00  
 72.5 2.2732e+01  14 1.00000e+00  
 72.6 2.2799e+01  14 1.00000e+00  
 72.7 2.2861e+01  14 1.00000e+00  
 72.8 2.2896e+01  14 1.00000e+00  
 72.9 2.2950e+01  14 1.00000e+00  
 73.0 2.2985e+01  14 1.00000e+00  
 73.1 2.3040e+01  14 1.00000e+00  
 73.2 2.3081e+01  14 1.00000e+00  
 73.3 2.3138e+01  14 1.00000e+00  
 73.4 2.3177e+01  14 1.00000e+00  
 73.5 2.3221e+01  14 1.00000e+00  
 73.6 2.3259e+01  14 1.00000e+00  
 73.7 2.3285e+01  14 1.00000e+00  
 73.8 2.3334e+01  14 1.00000e+00  
 73.9 2.3368e+01  14 1.00000e+00  
 74.0 2.3380e+01  14 1.00000e+00  
 74.1 2.3483e+01  14 1.00000e+00  
 74.2 2.3502e+01  14 1.00000e+00  
 74.3 2.3519e+01  14 1.00000e+00  
 74.4 2.3556e+01  14 1.00000e+00  
 74.5 2.3573e+01  14 1.00000e+00  
 74.6 2.3613e+01  14 1.00000e+00  
 74.7 2.3634e+01  14 1.00000e+00  
 74.8 2.3659e+01  14 1.00000e+00  
 74.9 2.3691e+01  14 1.00000e+00  
 75.0 2.3736e+01  14 1.00000e+00  
 75.1 2.3795e+01  14 1.00000e+00  
 75.2 2.3840e+01  14 1.00000e+00  
 75.3 2.3897e+01  14 1.00000e+00  
 75.4 2.3944e+01  14 1.00000e+00  
 75.5 2.3978e+01  14 1.00000e+00  
 75.6 2.4031e+01  14 1.00000e+00  
 75.7 2.4072e+01  14 1.00000e+00  
 75.8 2.4127e+01  14 1.00000e+00  
 75.9 2.4155e+01  14 1.00000e+00  
 76.0 2.4207e+01  14 1.00000e+00  
 76.1 2.4245e+01  14 1.00000e+00  
 76.2 2.4269e+01  14 1.00000e+00  
 76.3 2.4327e+01  14 1.00000e+00  
 76.4 2.4345e+01  14 1.00000e+00  
 76.5 2.4391e+01  14 1.00000e+00  
 76.6 2.4448e+01  14 1.00000e+00  
 76.7 2.4499e+01  14 1.00000e+00  
 76.8 2.4530e+01  14 1.00000e+00  
 76.9 2.4561e+01  14 1.00000e+00  
 77.0 2.4592e+01  14 1.00000e+00  
 77.1 2.4609e+01  14 1.00000e+00  
 77.2 2.4651e+01  14 1.00000e+00  
 77.3 2.4677e+01  14 1.00000e+00  
 77.4 2.4704e+01  14 1.00000e+00  
 77.5 2.4735e+01  14 1.00000e+00  
 77.6 2.4760e+01  14 1.00000e+00  
 77.7 2.4826e+01  14 1.00000e+00  
 77.8 2.4883e+01  14 1.00000e+00  
 77.9 2.4919e+01  14 1.00000e+00  
 78.0 2.4973e+01  14 1.00000e+00  
 78.1 2.5020e+01  14 1.00000e+00  
 78.2 2.5074e+01  14 1.00000e+00  
 78.3 2.5116e+01  14 1.00000e+00  
 78.4 2.5156e+01  14 1.00000e+00  
 78.5 2.5213e+01  14 1.00000e+00  
 78.6 2.5244e+01  14 1.00000e+00  
 78.7 2.5286e+01  14 1.00000e+00  
 78.8 2.5315e+01  14 1.00000e+00  
 78.9 2.5375e+01  14 1.00000e+00  
 79.0 2.5403e+01  14 1.00000e+00  
 79.1 2.5448e+01  14 1.00000e+00  
 79.2 2.5471e+01  14 1.00000e+00  
 79.3 2.5574e+01  14 1.00000e+00  
 79.4 2.5595e+01  14 1.00000e+00  
 79.5 2.5611e+01  14 1.00000e+00  
 79.6 2.5651e+01  14 1.00000e+00  
 79.7 2.5675e+01  14 1.00000e+00  
 79.8 2.5695e+01  14 1.00000e+00  
 79.9 2.5741e+01  14 1.00000e+00  
 80.0 2.5771e+01  14 1.00000e+00  
 80.1 2.5800e+01  14 1.00000e+00  
 80.2 2.5829e+01  14 1.00000e+00  
 80.3 2.5891e+01  14 1.00000e+00  
 80.4 2.5950e+01  14 1.00000e+00  
 80.5 2.5991e+01  14 1.00000e+00  
 80.6 2.6054e+01  14 1.00000e+00  
 80.7 2.6101e+01  14 1.00000e+00  
 80.8 2.6141e+01  14 1.00000e+00  
 80.9 2.6200e+01  14 1.00000e+00  
 81.0 2.6245e+01  14 1.00000e+00  
 81.1 2.6287e+01  14 1.00000e+00  
 81.2 2.6340e+01  14 1.00000e+00  
 81.3 2.6386e+01  14 1.00000e+00  
 81.4 2.6428e+01  14 1.00000e+00  
 81.5 2.6470e+01  14 1.00000e+00  
 81.6 2.6510e+01  14 1.00000e+00  
 81.7 2.6545e+01  14 1.00000e+00  
 81.8 2.6586e+01  14 1.00000e+00  
 81.9 2.6618e+01  14 1.00000e+00  
 82.0 2.6659e+01  14 1.00000e+00  
 82.1 2.6742e+01  14 1.00000e+00  
 82.2 2.6765e+01  14 1.00000e+00  
 82.3 2.6784e+01  14 1.00000e+00  
 82.4 2.6807e+01  14 1.00000e+00  
 82.5 2.6857e+01  14 1.00000e+00  
 82.6 2.6888e+01  14 1.00000e+00  
 82.7 2.6918e+01  14 1.00000e+00  
 82.8 2.6946e+01  14 1.00000e+00  
 82.9 2.6977e+01  14 1.00000e+00  
 83.0 2.7008e+01  14 1.00000e+00  
 83.1 2.7022e+01  14 1.00000e+00  
 83.2 2.7085e+01  14 1.00000e+00  
 83.3 2.7142e+01  14 1.00000e+00  
 83.4 2.7207e+01  14 1.00000e+00  
 83.5 2.7260e+01  14 1.00000e+00  
 83.6 2.7305e+01  14 1.00000e+00  
 83.7 2.7339e+01  14 1.00000e+00  
 83.8 2.7405e+01  14 1.00000e+00  
 83.9 2.7452e+01  14 1.00000e+00  
 84.0 2.7494e+01  14 1.00000e+00  
 84.1 2.7536e+01  14 1.00000e+00  
 84.2 2.7593e+01  14 1.00000e+00  
 84.3 2.7639e+01  14 1.00000e+00  
 84.4 2.7681e+01  14 1.00000e+00  
 84.5 2.7722e+01  14 1.00000e+00  
 84.6 2.7751e+01  14 1.00000e+00  
 84.7 2.7799e+01  14 1.00000e+00  
 84.8 2.7834e+01  14 1.00000e+00  
 84.9 2.7874e+01  14 1.00000e+00  
 85.0 2.7899e+01  14 1.00000e+00  
 85.1 2.7981e+01  14 1.00000e+00  
 85.2 2.8022e+01  14 1.00000e+00  
 85.3 2.8045e+01  14 1.00000e+00  
 85.4 2.8086e+01  14 1.00000e+00  
 85.5 2.8118e+01  14 1.00000e+00  
 85.6 2.8150e+01  14 1.00000e+00  
 85.7 2.8182e+01  14 1.00000e+00  
 85.8 2.8213e+01  14 1.00000e+00  
 85.9 2.8243e+01  14 1.00000e+00  
 86.0 2.8252e+01  14 1.00000e+00  
 86.1 2.8301e+01  14 1.00000e+00  
 86.2 2.8343e+01  14 1.00000e+00  
 86.3 2.8407e+01  14 1.00000e+00  
 86.4 2.8450e+01  14 1.00000e+00  
 86.5 2.8504e+01  14 1.00000e+00  
 86.6 2.8575e+01  14 1.00000e+00  
 86.7 2.8626e+01  14 1.00000e+00  
 86.8 2.8661e+01  14 1.00000e+00  
 86.9 2.8721e+01  14 1.00000e+00  
 87.0 2.8766e+01  14 1.00000e+00  
 87.1 2.8809e+01  14 1.00000e+00  
 87.2 2.8851e+01  14 1.00000e+00  
 87.3 2.8905e+01  14 1.00000e+00  
 87.4 2.8955e+01  14 1.00000e+00  
 87.5 2.8998e+01  14 1.00000e+00  
 87.6 2.9034e+01  14 1.00000e+00  
 87.7 2.9062e+01  14 1.00000e+00  
 87.8 2.9120e+01  14 1.00000e+00  
 87.9 2.9148e+01  14 1.00000e+00  
 88.0 2.9196e+01  14 1.00000e+00  
 88.1 2.9217e+01  14 1.00000e+00  
 88.2 2.9267e+01  14 1.00000e+00  
 88.3 2.9356e+01  14 1.00000e+00  
 88.4 2.9368e+01  14 1.00000e+00  
 88.5 2.9398e+01  14 1.00000e+00  
 88.6 2.9433e+01  14 1.00000e+00  
 88.7 2.9466e+01  14 1.00000e+00  
 88.8 2.9502e+01  14 1.00000e+00  
 88.9 2.9535e+01  14 1.00000e+00  
 89.0 2.9576e+01  14 1.00000e+00  
 89.1 2.9610e+01  14 1.00000e+00  
 89.2 2.9640e+01  14 1.00000e+00  
 89.3 2.9668e+01  14 1.00000e+00  
 89.4 2.9714e+01  14 1.00000e+00  
 89.5 2.9776e+01  14 1.00000e+00  
 89.6 2.9838e+01  14 1.00000e+00  
 89.7 2.9894e+01  14 1.00000e+00  
 89.8 2.9943e+01  14 1.00000e+00  
 89.9 2.9987e+01  14 1.00000e+00  
 90.0 3.0053e+01  14 1.00000e+00  
 90.1 3.0083e+01  14 1.00000e+00  
 90.2 3.0145e+01  14 1.00000e+00  
 90.3 3.0194e+01  14 1.00000e+00  
 90.4 3.0238e+01  14 1.00000e+00  
 90.5 3.0281e+01  14 1.00000e+00  
 90.6 3.0335e+01  14 1.00000e+00  
 90.7 3.0370e+01  14 1.00000e+00  
 90.8 3.0413e+01  14 1.00000e+00  
 90.9 3.0458e+01  14 1.00000e+00  
 91.0 3.0511e+01  14 1.00000e+00  
 91.1 3.0542e+01  14 1.00000e+00  
 91.2 3.0583e+01  14 1.00000e+00  
 91.3 3.0626e+01  14 1.00000e+00  
 91.4 3.0666e+01  14 1.00000e+00  
 91.5 3.0697e+01  14 1.00000e+00  
 91.6 3.0791e+01  14 1.00000e+00  
 91.7 3.0810e+01  14 1.00000e+00  
 91.8 3.0844e+01  14 1.00000e+00  
 91.9 3.0872e+01  14 1.00000e+00  
 92.0 3.0912e+01  14 1.00000e+00  
 92.1 3.0953e+01  14 1.00000e+00  
 92.2 3.0990e+01  14 1.00000e+00  
 92.3 3.1023e+01  14 1.00000e+00  
 92.4 3.1040e+01  14 1.00000e+00  
 92.5 3.1082e+01  14 1.00000e+00  
 92.6 3.1121e+01  14 1.00000e+00  
 92.7 3.1140e+01  14 1.00000e+00  
 92.8 3.1206e+01  14 1.00000e+00  
 92.9 3.1268e+01  14 1.00000e+00  
 93.0 3.1328e+01  14 1.00000e+00  
 93.1 3.1383e+01  14 1.00000e+00  
 93.2 3.1425e+01  14 1.00000e+00  
 93.3 3.1495e+01  14 1.00000e+00  
 93.4 3.1546e+01  14 1.00000e+00  
 93.5 3.1597e+01  14 1.00000e+00  
 93.6 3.1629e+01  14 1.00000e+00  
 93.7 3.1689e+01  14 1.00000e+00  
 93.8 3.1737e+01  14 1.00000e+00  
 93.9 3.1782e+01  14 1.00000e+00  
 94.0 3.1822e+01  14 1.00000e+00  
 94.1 3.1890e+01  14 1.00000e+00  
 94.2 3.1935e+01  14 1.00000e+00  
 94.3 3.1980e+01  14 1.00000e+00  
 94.4 3.2023e+01  14 1.00000e+00  
 94.5 3.2061e+01  14 1.00000e+00  
 94.6 3.2082e+01  14 1.00000e+00  
 94.7 3.2145e+01  14 1.00000e+00  
 94.8 3.2179e+01  14 1.00000e+00  
 94.9 3.2223e+01  14 1.00000e+00  
 95.0 3.2260e+01  14 1.00000e+00  
 95.1 3.2300e+01  14 1.00000e+00  
 95.2 3.2385e+01  14 1.00000e+00  
 95.3 3.2410e+01  14 1.00000e+00  
 95.4 3.2452e+01  14 1.00000e+00  
 95.5 3.2491e+01  14 1.00000e+00  
 95.6 3.2516e+01  14 1.00000e+00  
 95.7 3.2553e+01  14 1.00000e+00  
 95.8 3.2572e+01  14 1.00000e+00  
 95.9 3.2615e+01  14 1.00000e+00  
 96.0 3.2655e+01  14 1.00000e+00  
 96.1 3.2665e+01  14 1.00000e+00  
 96.2 3.2721e+01  14 1.00000e+00  
 96.3 3.2733e+01  14 1.00000e+00  
 96.4 3.2813e+01  14 1.00000e+00  
 96.5 3.2876e+01  14 1.00000e+00  
 96.6 3.2929e+01  14 1.00000e+00  
 96.7 3.2980e+01  14 1.00000e+00  
 96.8 3.3052e+01  14 1.00000e+00  
 96.9 3.3108e+01  14 1.00000e+00  
 97.0 3.3142e+01  14 1.00000e+00  
 97.1 3.3213e+01  14 1.00000e+00  
 97.2 3.3262e+01  14 1.00000e+00  
 97.3 3.3286e+01  14 1.00000e+00  
 97.4 3.3349e+01  14 1.00000e+00  
 97.5 3.3392e+01  14 1.00000e+00  
 97.6 3.3434e+01  14 1.00000e+00  
 97.7 3.3505e+01  14 1.00000e+00  
 97.8 3.3559e+01  14 1.00000e+00  
 97.9 3.3606e+01  14 1.00000e+00  
 98.0 3.3648e+01  14 1.00000e+00  
 98.1 3.3680e+01  14 1.00000e+00  
 98.2 3.3713e+01  14 1.00000e+00  
 98.3 3.3779e+01  14 1.00000e+00  
 98.4 3.3817e+01  14 1.00000e+00  
 98.5 3.3838e+01  14 1.00000e+00  
 98.6 3.3902e+01  14 1.00000e+00  
 98.7 3.3926e+01  14 1.00000e+00  
 98.8 3.3981e+01  14 1.00000e+00  
 98.9 3.3998e+01  14 1.00000e+00  
 99.0 3.4091e+01  14 1.00000e+00  
 99.1 3.4138e+01  14 1.00000e+00  
 99.2 3.4178e+01  14 1.00000e+00  
 99.3 3.4191e+01  14 1.00000e+00  
 99.4 3.4239e+01  14 1.00000e+00  
 99.5 3.4286e+01  14 1.00000e+00  
 99.6 3.4315e+01  14 1.00000e+00  
 99.7 3.4347e+01  14 1.00000e+00  
 99.8 3.4391e+01  14 1.00000e+00  
 99.9 3.4410e+01  14 1.00000e+00  
100.0 3.4461e+01  14 1.00000e+00  
100.1 3.4526e+01  14 1.00000e+00  
100.2 3.4606e+01  14 1.00000e+00  
100.3 3.4672e+01  14 1.00000e+00  
100.4 3.4735e+01  14 1.00000e+00  
100.5 3.4792e+01  14 1.00000e+00  
100.6 3.4827e+01  14 1.00000e+00  
100.7 3.4906e+01  14 1.00000e+00  
100.8 3.4935e+01  14 1.00000e+00  
100.9 3.5009e+01  14 1.00000e+00  
101.0 3.5061e+01  14 1.00000e+00  
101.1 3.5109e+01  14 1.00000e+00  
101.2 3.5157e+01  14 1.00000e+00  
101.3 3.5192e+01  14 1.00000e+00  
101.4 3.5248e+01  14 1.00000e+00  
101.5 3.5298e+01  14 1.00000e+00  
101.6 3.5341e+01  14 1.00000e+00  
101.7 3.5389e+01  14 1.00000e+00  
101.8 3.5442e+01  14 1.00000e+00  
101.9 3.5503e+01  14 1.00000e+00  
102.0 3.5548e+01  14 1.00000e+00  
102.1 3.5589e+01  14 1.00000e+00  
102.2 3.5614e+01  14 1.00000e+00  
102.3 3.5675e+01  14 1.00000e+00  
102.4 3.5717e+01  14 1.00000e+00  
102.5 3.5738e+01  14 1.00000e+00  
102.6 3.5800e+01  14 1.00000e+00  
102.7 3.5829e+01  14 1.00000e+00  
102.8 3.5936e+01  14 1.00000e+00  
102.9 3.5971e+01  14 1.00000e+00  
103.0 3.6006e+01  14 1.00000e+00  
103.1 3.6030e+01  14 1.00000e+00  
103.2 3.6083e+01  14 1.00000e+00  
103.3 3.6117e+01  14 1.00000e+00  
103.4 3.6151e+01  14 1.00000e+00  
103.5 3.6194e+01  14 1.00000e+00  
103.6 3.6213e+01  14 1.00000e+00  
103.7 3.6267e+01  14 1.00000e+00  
103.8 3.6288e+01  14 1.00000e+00  
103.9 3.6339e+01  14 1.00000e+00  
104.0 3.6371e+01  14 1.00000e+00  
104.1 3.6386e+01  14 1.00000e+00  
104.2 3.6472e+01  14 1.00000e+00  
104.3 3.6518e+01  14 1.00000e+00  
104.4 3.6603e+01  14 1.00000e+00  
104.5 3.6666e+01  14 1.00000e+00  
104.6 3.6703e+01  14 1.00000e+00  
104.7 3.6784e+01  14 1.00000e+00  
104.8 3.6829e+01  14 1.00000e+00  
104.9 3.6896e+01  14 1.00000e+00  
105.0 3.6928e+01  14 1.00000e+00  
105.1 3.6992e+01  14 1.00000e+00  
105.2 3.7052e+01  14 1.00000e+00  
105.3 3.7103e+01  14 1.00000e+00  
105.4 3.7153e+01  14 1.00000e+00  
105.5 3.7201e+01  14 1.00000e+00  
105.6 3.7245e+01  14 1.00000e+00  
105.7 3.7311e+01  14 1.00000e+00  
105.8 3.7360e+01  14 1.00000e+00  
105.9 3.7408e+01  14 1.00000e+00  
106.0 3.7454e+01  14 1.00000e+00  
106.1 3.7498e+01  14 1.00000e+00  
106.2 3.7532e+01  14 1.00000e+00  
106.3 3.7568e+01  14 1.00000e+00  
106.4 3.7632e+01  14 1.00000e+00  
106.5 3.7672e+01  14 1.00000e+00  
106.6 3.7701e+01  14 1.00000e+00  
106.7 3.7760e+01  14 1.00000e+00  
106.8 3.7803e+01  14 1.00000e+00  
106.9 3.7819e+01  14 1.00000e+00  
107.0 3.7886e+01  14 1.00000e+00  
107.1 3.7980e+01  14 1.00000e+00  
107.2 3.8020e+01  14 1.00000e+00  
107.3 3.8036e+01  14 1.00000e+00  
107.4 3.8098e+01  14 1.00000e+00  
107.5 3.8111e+01  14 1.00000e+00  
107.6 3.8174e+01  14 1.00000e+00  
107.7 3.8202e+01  14 1.00000e+00  
107.8 3.8249e+01  14 1.00000e+00  
107.9 3.8280e+01  14 1.00000e+00  
108.0 3.8304e+01  14 1.00000e+00  
108.1 3.8339e+01  14 1.00000e+00  
108.2 3.8371e+01  14 1.00000e+00  
108.3 3.8418e+01  14 1.00000e+00  
108.4 3.8443e+01  14 1.00000e+00  
108.5 3.8479e+01  14 1.00000e+00  
108.6 3.8552e+01  14 1.00000e+00  
108.7 3.8613e+01  14 1.00000e+00  
108.8 3.8689e+01  14 1.00000e+00  
108.9 3.8182e+01  14 1.00000e+00  
109.0 3.8222e+01  14 1.00000e+00  
109.1 3.8257e+01  14 1.00000e+00  
109.2 3.8297e+01  14 1.00000e+00  
109.3 3.8314e+01  14 1.00000e+00  
109.4 3.8342e+01  14 1.00000e+00  
109.5 3.8386e+01  14 1.00000e+00  
109.6 3.8425e+01  14 1.00000e+00  
109.7 3.7983e+01  14 1.00000e+00  
109.8 3.8033e+01  14 1.00000e+00  
109.9 3.8073e+01  14 1.00000e+00  
110.0 3.8112e+01  14 1.00000e+00  
110.1 3.8150e+01  14 1.00000e+00  
110.2 3.8183e+01  14 1.00000e+00  
110.3 3.8226e+01  14 1.00000e+00  
110.4 3.7696e+01  14 1.00000e+00  
110.5 3.7736e+01  14 1.00000e+00  
110.6 3.7789e+01  14 1.00000e+00  
110.7 3.7820e+01  14 1.00000e+00  
110.8 3.7866e+01  14 1.00000e+00  
110.9 3.7968e+01  14 1.00000e+00  
111.0 3.7982e+01  14 1.00000e+00  
111.1 3.8033e+01  14 1.00000e+00  
111.2 3.7492e+01  14 1.00000e+00  
111.3 3.7527e+01  14 1.00000e+00  
111.4 3.7553e+01  14 1.00000e+00  
111.5 3.7618e+01  14 1.00000e+00  
111.6 3.7660e+01  14 1.00000e+00  
111.7 3.7694e+01  14 1.00000e+00  
111.8 3.7723e+01  14 1.00000e+00  
111.9 3.7783e+01  14 1.00000e+00  
112.0 3.7242e+01  14 1.00000e+00  
112.1 3.7305e+01  14 1.00000e+00  
112.2 3.7351e+01  14 1.00000e+00  
112.3 3.7397e+01  14 1.00000e+00  
112.4 3.7440e+01  14 1.00000e+00  
112.5 3.7483e+01  14 1.00000e+00  
112.6 3.7519e+01  14 1.00000e+00  
112.7 3.7543e+01  14 1.00000e+00  
112.8 3.7605e+01  14 1.00000e+00  
112.9 3.7047e+01  14 1.00000e+00  
113.0 3.7095e+01  14 1.00000e+00  
113.1 3.7141e+01  14 1.00000e+00  
113.2 3.7186e+01  14 1.00000e+00  
113.3 3.7227e+01  14 1.00000e+00  
113.4 3.7270e+01  14 1.00000e+00  
113.5 3.7334e+01  14 1.00000e+00  
113.6 3.7379e+01  14 1.00000e+00  
113.7 3.7423e+01  14 1.00000e+00  
113.8 3.6809e+01  14 1.00000e+00  
113.9 3.6881e+01  14 1.00000e+00  
114.0 3.6929e+01  14 1.00000e+00  
114.1 3.6960e+01  14 1.00000e+00  
114.2 3.7022e+01  14 1.00000e+00  
114.3 3.7073e+01  14 1.00000e+00  
114.4 3.7119e+01  14 1.00000e+00  
114.5 3.7164e+01  14 1.00000e+00  
114.6 3.7208e+01  14 1.00000e+00  
114.7 3.6584e+01  14 1.00000e+00  
114.8 3.6624e+01  14 1.00000e+00  
114.9 3.6694e+01  14 1.00000e+00  
115.0 3.6744e+01  14 1.00000e+00  
115.1 3.6798e+01  14 1.00000e+00  
115.2 3.6845e+01  14 1.00000e+00  
115.3 3.6901e+01  14 1.00000e+00  
115.4 3.6928e+01  14 1.00000e+00  
115.5 3.6985e+01  14 1.00000e+00  
115.6 3.6356e+01  14 1.00000e+00  
115.7 3.6376e+01  14 1.00000e+00  
115.8 3.6400e+01  14 1.00000e+00  
115.9 3.6483e+01  14 1.00000e+00  
116.0 3.6523e+01  14 1.00000e+00  
116.1 3.6599e+01  14 1.00000e+00  
116.2 3.6651e+01  14 1.00000e+00  
116.3 3.6706e+01  14 1.00000e+00  
116.4 3.6761e+01  14 1.00000e+00  
116.5 3.1418e+01  14 1.00000e+00  
116.6 3.1458e+01  14 1.00000e+00  
116.7 3.1501e+01  14 1.00000e+00  
116.8 3.1540e+01  14 1.00000e+00  
116.9 3.1031e+01  14 1.00000e+00  
117.0 3.1074e+01  14 1.00000e+00  
117.1 3.1080e+01  14 1.00000e+00  
117.2 3.1124e+01  14 1.00000e+00  
117.3 3.1140e+01  14 1.00000e+00  
117.4 3.1178e+01  14 1.00000e+00  
117.5 3.1223e+01  14 1.00000e+00  
117.6 3.1284e+01  14 1.00000e+00  
117.7 3.1329e+01  14 1.00000e+00  
117.8 3.1356e+01  14 1.00000e+00  
117.9 3.1418e+01  14 1.00000e+00  
118.0 3.1458e+01  14 1.00000e+00  
118.1 3.1500e+01  14 1.00000e+00  
118.2 3.1538e+01  14 1.00000e+00  
118.3 3.1031e+01  14 1.00000e+00  
118.4 3.1074e+01  14 1.00000e+00  
118.5 3.1081e+01  14 1.00000e+00  
118.6 3.1123e+01  14 1.00000e+00  
118.7 3.1140e+01  14 1.00000e+00  
118.8 3.1167e+01  14 1.00000e+00  
118.9 3.1226e+01  14 1.00000e+00  
119.0 3.1282e+01  14 1.00000e+00  
119.1 3.1326e+01  14 1.00000e+00  
119.2 3.1354e+01  14 1.00000e+00  
119.3 3.1417e+01  14 1.00000e+00  
119.4 3.1455e+01  14 1.00000e+00  
119.5 3.1498e+01  14 1.00000e+00  
119.6 3.1534e+01  14 1.00000e+00  
119.7 3.1577e+01  14 1.00000e+00  
119.8 3.1073e+01  14 1.00000e+00  
119.9 3.1077e+01  14 1.00000e+00  
120.0 3.1121e+01  14 1.00000e+00  
120.1 3.1139e+01  14 1.00000e+00  
120.2 3.1161e+01  14 1.00000e+00  
120.3 3.1225e+01  14 1.00000e+00  
120.4 3.1272e+01  14 1.00000e+00  
120.5 3.1310e+01  14 1.00000e+00  
120.6 3.1359e+01  14 1.00000e+00  
120.7 3.1405e+01  14 1.00000e+00  
120.8 3.1444e+01  14 1.00000e+00  
120.9 3.1491e+01  14 1.00000e+00  
121.0 3.1522e+01  14 1.00000e+00  
121.1 3.1569e+01  14 1.00000e+00  
121.2 3.1605e+01  14 1.00000e+00  
121.3 3.1626e+01  14 1.00000e+00  
121.4 3.1113e+01  14 1.00000e+00  
121.5 3.1135e+01  14 1.00000e+00  
121.6 3.1143e+01  14 1.00000e+00  
121.7 3.1205e+01  14 1.00000e+00  
121.8 3.1252e+01  14 1.00000e+00  
121.9 3.1279e+01  14 1.00000e+00  
122.0 3.1348e+01  14 1.00000e+00  
122.1 3.1388e+01  14 1.00000e+00  
122.2 3.1416e+01  14 1.00000e+00  
122.3 3.1473e+01  14 1.00000e+00  
122.4 3.1487e+01  14 1.00000e+00  
122.5 3.1550e+01  14 1.00000e+00  
122.6 3.1588e+01  14 1.00000e+00  
122.7 3.1606e+01  14 1.00000e+00  
122.8 3.1654e+01  14 1.00000e+00  
122.9 3.1695e+01  14 1.00000e+00  
123.0 3.1731e+01  14 1.00000e+00  
123.1 3.1173e+01  14 1.00000e+00  
123.2 3.1229e+01  14 1.00000e+00  
123.3 3.1278e+01  14 1.00000e+00  
123.4 3.1316e+01  14 1.00000e+00  
123.5 3.1352e+01  14 1.00000e+00  
123.6 3.1406e+01  14 1.00000e+00  
123.7 3.1443e+01  14 1.00000e+00  
123.8 3.1490e+01  14 1.00000e+00  
123.9 3.1518e+01  14 1.00000e+00  
124.0 3.1566e+01  14 1.00000e+00  
124.1 3.1601e+01  14 1.00000e+00  
124.2 3.1616e+01  14 1.00000e+00  
124.3 3.1666e+01  14 1.00000e+00  
124.4 3.1705e+01  14 1.00000e+00  
124.5 3.1740e+01  14 1.00000e+00  
124.6 3.1773e+01  14 1.00000e+00  
124.7 3.1227e+01  14 1.00000e+00  
124.8 3.1291e+01  14 1.00000e+00  
124.9 3.1335e+01  14 1.00000e+00  
125.0 3.1361e+01  14 1.00000e+00  
125.1 3.1417e+01  14 1.00000e+00  
125.2 3.1453e+01  14 1.00000e+00  
125.3 3.1495e+01  14 1.00000e+00  
125.4 3.1528e+01  14 1.00000e+00  
125.5 3.1571e+01  14 1.00000e+00  
125.6 3.1605e+01  14 1.00000e+00  
125.7 3.1623e+01  14 1.00000e+00  
125.8 3.1674e+01  14 1.00000e+00  
125.9 3.1711e+01  14 1.00000e+00  
126.0 3.1746e+01  14 1.00000e+00  
126.1 3.1778e+01  14 1.00000e+00  
126.2 3.1808e+01  14 1.00000e+00  
126.3 3.1860e+01  14 1.00000e+00  
126.4 3.1894e+01  14 1.00000e+00  
126.5 3.1363e+01  14 1.00000e+00  
126.6 3.1418e+01  14 1.00000e+00  
126.7 3.1453e+01  14 1.00000e+00  
126.8 3.1494e+01  14 1.00000e+00  
126.9 3.1531e+01  14 1.00000e+00  
127.0 3.1573e+01  14 1.00000e+00  
127.1 3.1604e+01  14 1.00000e+00  
127.2 3.1624e+01  14 1.00000e+00  
127.3 3.1670e+01  14 1.00000e+00  
127.4 3.1707e+01  14 1.00000e+00  
127.5 3.1741e+01  14 1.00000e+00  
127.6 3.1774e+01  14 1.00000e+00  
127.7 3.1804e+01  14 1.00000e+00  
127.8 3.1855e+01  14 1.00000e+00  
127.9 3.1892e+01  14 1.00000e+00  
128.0 3.1925e+01  14 1.00000e+00  
128.1 3.1957e+01  14 1.00000e+00  
128.2 3.1445e+01  14 1.00000e+00  
128.3 3.1490e+01  14 1.00000e+00  
128.4 3.1515e+01  14 1.00000e+00  
128.5 3.1563e+01  14 1.00000e+00  
128.6 3.1598e+01  14 1.00000e+00  
128.7 3.1614e+01  14 1.00000e+00  
128.8 3.1659e+01  14 1.00000e+00  
128.9 3.1697e+01  14 1.00000e+00  
129.0 3.1732e+01  14 1.00000e+00  
129.1 3.1767e+01  14 1.00000e+00  
129.2 3.1797e+01  14 1.00000e+00  
129.3 3.1846e+01  14 1.00000e+00  
129.4 3.1880e+01  14 1.00000e+00  
129.5 3.1913e+01  14 1.00000e+00  
129.6 3.1945e+01  14 1.00000e+00  
129.7 3.1976e+01  14 1.00000e+00  
129.8 3.2007e+01  14 1.00000e+00  
129.9 3.1487e+01  14 1.00000e+00  
130.0 3.1548e+01  14 1.00000e+00  
130.1 3.1584e+01  14 1.00000e+00  
130.2 3.1599e+01  14 1.00000e+00  
130.3 3.1643e+01  14 1.00000e+00  
130.4 3.1684e+01  14 1.00000e+00  
130.5 3.1719e+01  14 1.00000e+00  
130.6 3.1751e+01  14 1.00000e+00  
130.7 3.1782e+01  14 1.00000e+00  
130.8 3.1811e+01  14 1.00000e+00  
130.9 3.1863e+01  14 1.00000e+00  
131.0 3.1895e+01  14 1.00000e+00  
131.1 3.1927e+01  14 1.00000e+00  
131.2 3.1959e+01  14 1.00000e+00  
131.3 3.1448e+01  14 1.00000e+00  
131.4 3.1494e+01  14 1.00000e+00  
131.5 3.1522e+01  14 1.00000e+00  
131.6 3.1566e+01  14 1.00000e+00  
131.7 3.1599e+01  14 1.00000e+00  
131.8 3.1615e+01  14 1.00000e+00  
131.9 3.1658e+01  14 1.00000e+00  
132.0 3.1695e+01  14 1.00000e+00  
132.1 3.1729e+01  14 1.00000e+00  
132.2 3.1761e+01  14 1.00000e+00  
132.3 3.1791e+01  14 1.00000e+00  
132.4 3.1819e+01  14 1.00000e+00  
132.5 3.1872e+01  14 1.00000e+00  
132.6 3.1907e+01  14 1.00000e+00  
132.7 3.1944e+01  14 1.00000e+00  
132.8 3.1975e+01  14 1.00000e+00  
132.9 3.1472e+01  14 1.00000e+00  
133.0 3.1491e+01  14 1.00000e+00  
133.1 3.1541e+01  14 1.00000e+00  
133.2 3.1578e+01  14 1.00000e+00  
133.3 3.1601e+01  14 1.00000e+00  
133.4 3.1627e+01  14 1.00000e+00  
133.5 3.1670e+01  14 1.00000e+00  
133.6 3.1707e+01  14 1.00000e+00  
133.7 3.1739e+01  14 1.00000e+00  
133.8 3.1775e+01  14 1.00000e+00  
133.9 3.1807e+01  14 1.00000e+00  
134.0 3.1857e+01  14 1.00000e+00  
134.1 3.1889e+01  14 1.00000e+00  
134.2 3.1920e+01  14 1.00000e+00  
134.3 3.1951e+01  14 1.00000e+00  
134.4 3.1981e+01  14 1.00000e+00  
134.5 3.1479e+01  14 1.00000e+00  
134.6 3.1493e+01  14 1.00000e+00  
134.7 3.1548e+01  14 1.00000e+00  
134.8 3.1583e+01  14 1.00000e+00  
134.9 3.1599e+01  14 1.00000e+00  
135.0 3.1647e+01  14 1.00000e+00  
135.1 3.1686e+01  14 1.00000e+00  
135.2 3.1720e+01  14 1.00000e+00  
135.3 3.1751e+01  14 1.00000e+00  
135.4 3.1781e+01  14 1.00000e+00  
135.5 3.1809e+01  14 1.00000e+00  
135.6 3.1859e+01  14 1.00000e+00  
135.7 3.1890e+01  14 1.00000e+00  
135.8 3.1921e+01  14 1.00000e+00  
135.9 3.1951e+01  14 1.00000e+00  
136.0 3.1981e+01  14 1.00000e+00  
136.1 3.1486e+01  14 1.00000e+00  
136.2 3.1511e+01  14 1.00000e+00  
136.3 3.1559e+01  14 1.00000e+00  
136.4 3.1592e+01  14 1.00000e+00  
136.5 3.1600e+01  14 1.00000e+00  
136.6 3.1645e+01  14 1.00000e+00  
136.7 3.1683e+01  14 1.00000e+00  
136.8 3.1717e+01  14 1.00000e+00  
136.9 3.1748e+01  14 1.00000e+00  
137.0 3.1778e+01  14 1.00000e+00  
137.1 3.1806e+01  14 1.00000e+00  
137.2 3.1854e+01  14 1.00000e+00  
137.3 3.1332e+01  14 1.00000e+00  
137.4 3.1350e+01  14 1.00000e+00  
137.5 3.9784e+01  14 1.00000e+00  
137.6 3.9784e+01  14 1.00000e+00  
137.7 3.9785e+01  14 1.00000e+00  
137.8 3.9786e+01  14 1.00000e+00  
137.9 3.9787e+01  14 1.00000e+00  
138.0 3.1586e+01  14 1.00000e+00  
138.1 3.1599e+01  14 1.00000e+00  
138.2 3.1636e+01  14 1.00000e+00  
138.3 3.1676e+01  14 1.00000e+00  
138.4 3.1710e+01  14 1.00000e+00  
138.5 3.1742e+01  14 1.00000e+00  
138.6 3.1771e+01  14 1.00000e+00  
138.7 3.1800e+01  14 1.00000e+00  
138.8 3.1852e+01  14 1.00000e+00  
138.9 3.1318e+01  14 1.00000e+00  
139.0 3.1359e+01  14 1.00000e+00  
139.1 3.9804e+01  14 1.00000e+00  
139.2 3.9806e+01  14 1.00000e+00  
139.3 3.9808e+01  14 1.00000e+00  
139.4 3.9810e+01  14 1.00000e+00  
139.5 3.9811e+01  14 1.00000e+00  
139.6 3.9813e+01  14 1.00000e+00  
139.7 3.1604e+01  14 1.00000e+00  
139.8 3.1619e+01  14 1.00000e+00  
139.9 3.1663e+01  14 1.00000e+00  
140.0 3.1698e+01  14 1.00000e+00  
140.1 3.1730e+01  14 1.00000e+00  
140.2 3.1760e+01  14 1.00000e+00  
140.3 3.1793e+01  14 1.00000e+00  
140.4 3.1819e+01  14 1.00000e+00  
140.5 3.1284e+01  14 1.00000e+00  
140.6 3.9802e+01  14 1.00000e+00  
140.7 3.9833e+01  14 1.00000e+00  
140.8 3.9837e+01  14 1.00000e+00  
140.9 3.9839e+01  14 1.00000e+00  
141.0 3.9841e+01  14 1.00000e+00  
141.1 3.9842e+01  14 1.00000e+00  
141.2 3.9844e+01  14 1.00000e+00  
141.3 3.9846e+01  14 1.00000e+00  
141.4 3.9847e+01  14 1.00000e+00  
141.5 3.1640e+01  14 1.00000e+00  
141.6 3.1679e+01  14 1.00000e+00  
141.7 3.1712e+01  14 1.00000e+00  
141.8 3.1748e+01  14 1.00000e+00  
141.9 3.1776e+01  14 1.00000e+00  
142.0 3.1804e+01  14 1.00000e+00  
142.1 3.9743e+01  14 1.00000e+00  
142.2 3.9780e+01  14 1.00000e+00  
142.3 3.9815e+01  14 1.00000e+00  
142.4 3.9842e+01  14 1.00000e+00  
142.5 3.9852e+01  14 1.00000e+00  
142.6 3.9884e+01  14 1.00000e+00  
142.7 3.9893e+01  14 1.00000e+00  
142.8 3.9898e+01  14 1.00000e+00  
142.9 3.9902e+01  14 1.00000e+00  
143.0 3.9906e+01  14 1.00000e+00  
143.1 3.9911e+01  14 1.00000e+00  
143.2 3.9889e+01  14 1.00000e+00  
143.3 3.1693e+01  14 1.00000e+00  
143.4 3.1724e+01  14 1.00000e+00  
143.5 3.9626e+01  14 1.00000e+00  
143.6 3.9660e+01  14 1.00000e+00  
143.7 3.9714e+01  14 1.00000e+00  
143.8 3.9751e+01  14 1.00000e+00  
143.9 3.9788e+01  14 1.00000e+00  
144.0 3.9821e+01  14 1.00000e+00  
144.1 3.9845e+01  14 1.00000e+00  
144.2 3.9866e+01  14 1.00000e+00  
144.3 3.9915e+01  14 1.00000e+00  
144.4 3.9952e+01  14 1.00000e+00  
144.5 3.9974e+01  14 1.00000e+00  
144.6 3.9959e+01  14 1.00000e+00  
144.7 3.9964e+01  14 1.00000e+00  
144.8 3.9968e+01  14 1.00000e+00  
144.9 3.9522e+01  14 1.00000e+00  
145.0 3.9558e+01  14 1.00000e+00  
145.1 3.9600e+01  14 1.00000e+00  
145.2 3.9628e+01  14 1.00000e+00  
145.3 3.9663e+01  14 1.00000e+00  
145.4 3.9716e+01  14 1.00000e+00  
145.5 3.9753e+01  14 1.00000e+00  
145.6 3.9789e+01  14 1.00000e+00  
145.7 3.9822e+01  14 1.00000e+00  
145.8 3.9846e+01  14 1.00000e+00  
145.9 3.9867e+01  14 1.00000e+00  
146.0 3.9915e+01  14 1.00000e+00  
146.1 3.9957e+01  14 1.00000e+00  
146.2 3.9984e+01  14 1.00000e+00  
146.3 3.9984e+01  14 1.00000e+00  
146.4 3.9984e+01  14 1.00000e+00  
146.5 3.9985e+01  14 1.00000e+00  
146.6 3.9519e+01  14 1.00000e+00  
146.7 3.9556e+01  14 1.00000e+00  
146.8 3.9597e+01  14 1.00000e+00  
146.9 3.9625e+01  14 1.00000e+00  
147.0 3.9657e+01  14 1.00000e+00  
147.1 3.9711e+01  14 1.00000e+00  
147.2 3.9748e+01  14 1.00000e+00  
147.3 3.9784e+01  14 1.00000e+00  
147.4 3.9817e+01  14 1.00000e+00  
147.5 3.9842e+01  14 1.00000e+00  
147.6 3.9852e+01  14 1.00000e+00  
147.7 3.9908e+01  14 1.00000e+00  
147.8 3.9950e+01  14 1.00000e+00  
147.9 3.9979e+01  14 1.00000e+00  
148.0 3.9988e+01  14 1.00000e+00  
148.1 3.9988e+01  14 1.00000e+00  
148.2 3.9456e+01  14 1.00000e+00  
148.3 3.9517e+01  14 1.00000e+00  
148.4 3.9546e+01  14 1.00000e+00  
148.5 3.9588e+01  14 1.00000e+00  
148.6 3.9617e+01  14 1.00000e+00  
148.7 3.9641e+01  14 1.00000e+00  
148.8 3.9689e+01  14 1.00000e+00  
148.9 3.9736e+01  14 1.00000e+00  
149.0 3.9772e+01  14 1.00000e+00  
149.1 3.9806e+01  14 1.00000e+00  
149.2 3.9835e+01  14 1.00000e+00  
149.3 3.9851e+01  14 1.00000e+00  
149.4 3.9893e+01  14 1.00000e+00  
149.5 3.9930e+01  14 1.00000e+00  
149.6 3.9964e+01  14 1.00000e+00  
149.7 3.9969e+01  14 1.00000e+00  
149.8 3.9967e+01  14 1.00000e+00  
149.9 3.9965e+01  14 1.00000e+00  
150.0 3.9964e+01  14 1.00000e+00  
