 15.1 1.4284e+00  13 4.83521e-02  
 15.2 1.4360e+00  13 4.82929e-02  
 15.3 1.4436e+00  13 4.86184e-02  
 15.4 1.4513e+00  13 4.87966e-02  
 15.5 1.4589e+00  13 4.85915e-02  
 15.6 1.4666e+00  13 4.84228e-02  
 15.7 1.4742e+00  13 4.83460e-02  
 15.8 1.4818e+00  13 4.85798e-02  
 15.9 1.4895e+00  13 4.85445e-02  
 16.0 1.4971e+00  13 4.82855e-02  
 16.1 1.5048e+00  13 4.85785e-02  
 16.2 1.5124e+00  13 4.88705e-02  
 16.3 1.5200e+00  13 4.92548e-02  
 16.4 1.5277e+00  13 4.96351e-02  
 16.5 1.5353e+00  13 5.00207e-02  
 16.6 1.5430e+00  13 5.04035e-02  
 16.7 1.5506e+00  13 5.07834e-02  
 16.8 1.5582e+00  13 5.11606e-02  
 16.9 1.5659e+00  13 5.15357e-02  
 17.0 1.5735e+00  13 5.19083e-02  
 17.1 1.5812e+00  13 5.22780e-02  
 17.2 1.5888e+00  13 5.26457e-02  
 17.3 1.5964e+00  13 5.30103e-02  
 17.4 1.6041e+00  13 5.33729e-02  
 17.5 1.6117e+00  13 5.37332e-02  
 17.6 1.6193e+00  13 5.40915e-02  
 17.7 1.6269e+00  13 5.45002e-02  
 17.8 1.6346e+00  13 5.48440e-02  
 17.9 1.6422e+00  13 5.51967e-02  
 18.0 1.6498e+00  13 5.55470e-02  
 18.1 1.6575e+00  13 5.58953e-02  
 18.2 1.6651e+00  13 5.62420e-02  
 18.3 1.6727e+00  13 5.65871e-02  
 18.4 1.6803e+00  13 5.69304e-02  
 18.5 1.6880e+00  13 5.72718e-02  
 18.6 1.6956e+00  13 5.76120e-02  
 18.7 1.7032e+00  13 5.79505e-02  
 18.8 1.7108e+00  13 5.82884e-02  
 18.9 1.7184e+00  13 5.86898e-02  
 19.0 1.7260e+00  13 5.90072e-02  
 19.1 1.7363e+00  13 5.95631e-02  
 19.2 1.7485e+00  13 6.02838e-02  
 19.3 1.7608e+00  13 6.10094e-02  
 19.4 1.7732e+00  13 6.17398e-02  
 19.5 1.7856e+00  13 6.24750e-02  
 19.6 1.7982e+00  13 6.32163e-02  
 19.7 1.8109e+00  13 6.39625e-02  
 19.8 1.8236e+00  13 6.47146e-02  
 19.9 1.8364e+00  13 6.55500e-02  
 20.0 1.8494e+00  13 6.63052e-02  
 20.1 1.8624e+00  13 6.70594e-02  
 20.2 1.8755e+00  13 6.78326e-02  
 20.3 1.8887e+00  13 6.86118e-02  
 20.4 1.9020e+00  13 6.93973e-02  
 20.5 1.9154e+00  13 7.01905e-02  
 20.6 1.6215e+01  14 1.00000e+00  
 20.7 1.6263e+01  14 1.00000e+00  
 20.8 1.6291e+01  14 1.00000e+00  
 20.9 1.6338e+01  14 1.00000e+00  
 21.0 1.6391e+01  14 1.00000e+00  
 21.1 1.6438e+01  14 1.00000e+00  
 21.2 1.6484e+01  14 1.00000e+00  
 21.3 1.6529e+01  14 1.00000e+00  
 21.4 1.6574e+01  14 1.00000e+00  
 21.5 1.6618e+01  14 1.00000e+00  
 21.6 1.6640e+01  14 1.00000e+00  
 21.7 1.6683e+01  14 1.00000e+00  
 21.8 1.6728e+01  14 1.00000e+00  
 21.9 1.6774e+01  14 1.00000e+00  
 22.0 1.6815e+01  14 1.00000e+00  
 22.1 1.6856e+01  14 1.00000e+00  
 22.2 1.6896e+01  14 1.00000e+00  
 22.3 1.6936e+01  14 1.00000e+00  
 22.4 1.6951e+01  14 1.00000e+00  
 22.5 1.6990e+01  14 1.00000e+00  
 22.6 1.7030e+01  14 1.00000e+00  
 22.7 1.7072e+01  14 1.00000e+00  
 22.8 1.7108e+01  14 1.00000e+00  
 22.9 1.7145e+01  14 1.00000e+00  
 23.0 1.7180e+01  14 1.00000e+00  
 23.1 1.7215e+01  14 1.00000e+00  
 23.2 1.7223e+01  14 1.00000e+00  
 23.3 1.7257e+01  14 1.00000e+00  
 23.4 1.7297e+01  14 1.00000e+00  
 23.5 1.7329e+01  14 1.00000e+00  
 23.6 5.4925e+00  14 2.78985e-01  
 23.7 5.5841e+00  14 2.84010e-01  
 23.8 5.6764e+00  14 2.89069e-01  
 23.9 5.7687e+00  14 2.94622e-01  
 24.0 5.8621e+00  14 2.99752e-01  
 24.1 5.9561e+00  14 3.04921e-01  
 24.2 6.0511e+00  14 3.09972e-01  
 24.3 6.1464e+00  14 3.15190e-01  
 24.4 6.2423e+00  14 3.20437e-01  
 24.5 6.3395e+00  14 3.25753e-01  
 24.6 6.4343e+00  14 3.31519e-01  
 24.7 6.5316e+00  14 3.36865e-01  
 24.8 6.6295e+00  14 3.42244e-01  
 24.9 6.7288e+00  14 3.47517e-01  
 25.0 6.8278e+00  14 3.52947e-01  
 25.1 6.9274e+00  14 3.58405e-01  
 25.2 7.0273e+00  14 3.63896e-01  
 25.3 7.1235e+00  14 3.69866e-01  
 25.4 7.2241e+00  14 3.75419e-01  
 25.5 7.3251e+00  14 3.80998e-01  
 25.6 7.4274e+00  14 3.86527e-01  
 25.7 7.5300e+00  14 3.92103e-01  
 25.8 7.6324e+00  14 3.97760e-01  
 25.9 7.7290e+00  14 4.03885e-01  
 26.0 7.8317e+00  14 4.09602e-01  
 26.1 7.9347e+00  14 4.15348e-01  
 26.2 8.0380e+00  14 4.21122e-01  
 26.3 8.1422e+00  14 4.26888e-01  
 26.4 8.2479e+00  14 4.32613e-01  
 26.5 8.3442e+00  14 4.38891e-01  
 26.6 8.4483e+00  14 4.44766e-01  
 26.7 8.5527e+00  14 4.50667e-01  
 26.8 8.6573e+00  14 4.56595e-01  
 26.9 8.7621e+00  14 4.62549e-01  
 27.0 8.8569e+00  14 4.68958e-01  
 27.1 8.9651e+00  14 4.74818e-01  
 27.2 9.0701e+00  14 4.80844e-01  
 27.3 9.1752e+00  14 4.86895e-01  
 27.4 9.2803e+00  14 4.92972e-01  
 27.5 9.3855e+00  14 4.99073e-01  
 27.6 9.4784e+00  14 5.05612e-01  
 27.7 9.5833e+00  14 5.11756e-01  
 27.8 9.6922e+00  14 5.17800e-01  
 27.9 9.7972e+00  14 5.23993e-01  
 28.0 9.8883e+00  14 5.30610e-01  
 28.1 9.9928e+00  14 5.36846e-01  
 28.2 1.0097e+01  14 5.43109e-01  
 28.3 1.0201e+01  14 5.49395e-01  
 28.4 1.0290e+01  14 5.56095e-01  
 28.5 1.0398e+01  14 5.62296e-01  
 28.6 1.0502e+01  14 5.68642e-01  
 28.7 1.0605e+01  14 5.75010e-01  
 28.8 1.0690e+01  14 5.81785e-01  
 28.9 1.0792e+01  14 5.88194e-01  
 29.0 1.0894e+01  14 5.94627e-01  
 29.1 1.0977e+01  14 6.01453e-01  
 29.2 1.1084e+01  14 6.07799e-01  
 29.3 1.1165e+01  14 6.14650e-01  
 29.4 1.1265e+01  14 6.21153e-01  
 29.5 1.1343e+01  14 6.28040e-01  
 29.6 1.1360e+01  14 6.35971e-01  
 29.7 1.1434e+01  14 6.42881e-01  
 29.8 1.1528e+01  14 6.49453e-01  
 29.9 1.1624e+01  14 6.56006e-01  
 30.0 1.1723e+01  14 6.62524e-01  
 30.1 1.1815e+01  14 6.69147e-01  
 30.2 1.1907e+01  14 6.75787e-01  
 30.3 1.1998e+01  14 6.82446e-01  
 30.4 1.2089e+01  14 6.89116e-01  
 30.5 1.2178e+01  14 6.95760e-01  
 30.6 1.2268e+01  14 7.02445e-01  
 30.7 1.2364e+01  14 7.09061e-01  
 30.8 1.2452e+01  14 7.15792e-01  
 30.9 1.2538e+01  14 7.22536e-01  
 31.0 1.2624e+01  14 7.29296e-01  
 31.1 1.2709e+01  14 7.36067e-01  
 31.2 1.2793e+01  14 7.42852e-01  
 31.3 1.2876e+01  14 7.49697e-01  
 31.4 1.2969e+01  14 7.56400e-01  
 31.5 1.3050e+01  14 7.63222e-01  
 31.6 1.3130e+01  14 7.70054e-01  
 31.7 1.3209e+01  14 7.76895e-01  
 31.8 1.3287e+01  14 7.83747e-01  
 31.9 1.3364e+01  14 7.90610e-01  
 32.0 1.3440e+01  14 7.97483e-01  
 32.1 1.3526e+01  14 8.04274e-01  
 32.2 1.3600e+01  14 8.11164e-01  
 32.3 1.3672e+01  14 8.18059e-01  
 32.4 1.3743e+01  14 8.24963e-01  
 32.5 1.3813e+01  14 8.31873e-01  
 32.6 1.3881e+01  14 8.38790e-01  
 32.7 1.3948e+01  14 8.45714e-01  
 32.8 1.4020e+01  14 8.52606e-01  
 32.9 1.4091e+01  14 8.59504e-01  
 33.0 1.4155e+01  14 8.66439e-01  
 33.1 1.4216e+01  14 8.73377e-01  
 33.2 1.4276e+01  14 8.80317e-01  
 33.3 1.4335e+01  14 8.87260e-01  
 33.4 1.4392e+01  14 8.94204e-01  
 33.5 1.4447e+01  14 9.01147e-01  
 33.6 1.4516e+01  14 9.08042e-01  
 33.7 1.4568e+01  14 9.14985e-01  
 33.8 1.4619e+01  14 9.21926e-01  
 33.9 1.4668e+01  14 9.28864e-01  
 34.0 1.4715e+01  14 9.35799e-01  
 34.1 1.4760e+01  14 9.42730e-01  
 34.2 1.4803e+01  14 9.49654e-01  
 34.3 1.4857e+01  14 9.56555e-01  
 34.4 1.4902e+01  14 9.63462e-01  
 34.5 1.4940e+01  14 9.70367e-01  
 34.6 1.4977e+01  14 9.77262e-01  
 34.7 1.5012e+01  14 9.84148e-01  
 34.8 1.5044e+01  14 9.91022e-01  
 34.9 1.5075e+01  14 9.97884e-01  
 35.0 1.5033e+01  14 1.00000e+00  
 35.1 1.4965e+01  14 1.00000e+00  
 35.2 1.4837e+01  14 1.00000e+00  
 35.3 1.4652e+01  14 1.00000e+00  
 35.4 1.4341e+01  14 1.00000e+00  
 35.5 1.3768e+01  14 1.00000e+00  
 35.6 1.3356e+01  14 1.00000e+00  
 35.7 1.3229e+01  14 1.00000e+00  
 35.8 1.3255e+01  14 1.00000e+00  
 35.9 1.3255e+01  14 1.00000e+00  
 36.0 1.3297e+01  14 1.00000e+00  
 36.1 1.3380e+01  14 1.00000e+00  
 36.2 1.3434e+01  14 1.00000e+00  
 36.3 1.3464e+01  14 1.00000e+00  
 36.4 1.3525e+01  14 1.00000e+00  
 36.5 1.3507e+01  14 1.00000e+00  
 36.6 1.3549e+01  14 1.00000e+00  
 36.7 1.3645e+01  14 1.00000e+00  
 36.8 1.3669e+01  14 1.00000e+00  
 36.9 1.3734e+01  14 1.00000e+00  
 37.0 1.3718e+01  14 1.00000e+00  
 37.1 1.3814e+01  14 1.00000e+00  
 37.2 1.3848e+01  14 1.00000e+00  
 37.3 1.3875e+01  14 1.00000e+00  
 37.4 1.3815e+01  14 1.00000e+00  
 37.5 1.3778e+01  14 1.00000e+00  
 37.6 1.3659e+01  14 1.00000e+00  
 37.7 1.3627e+01  14 1.00000e+00  
 37.8 1.3633e+01  14 1.00000e+00  
 37.9 1.3583e+01  14 1.00000e+00  
 38.0 1.3515e+01  14 1.00000e+00  
 38.1 1.3484e+01  14 1.00000e+00  
 38.2 1.3492e+01  14 1.00000e+00  
 38.3 1.3419e+01  14 1.00000e+00  
 38.4 1.3394e+01  14 1.00000e+00  
 38.5 1.3394e+01  14 1.00000e+00  
 38.6 1.3359e+01  14 1.00000e+00  
 38.7 1.3308e+01  14 1.00000e+00  
 38.8 1.3263e+01  14 1.00000e+00  
 38.9 1.3267e+01  14 1.00000e+00  
 39.0 1.3273e+01  14 1.00000e+00  
 39.1 1.3158e+01  14 9.98758e-01  
 39.2 1.3183e+01  14 1.00000e+00  
 39.3 1.3189e+01  14 1.00000e+00  
 39.4 1.2952e+01  14 9.88310e-01  
 39.5 1.2855e+01  14 9.83356e-01  
 39.6 1.2881e+01  14 9.84711e-01  
 39.7 1.2896e+01  14 9.85444e-01  
 39.8 1.2765e+01  14 9.78763e-01  
 39.9 1.2635e+01  14 9.72140e-01  
 40.0 1.2480e+01  14 9.64174e-01  
 40.1 1.2477e+01  14 9.64017e-01  
 40.2 1.2453e+01  14 9.62739e-01  
 40.3 1.2212e+01  14 9.50319e-01  
 40.4 1.2127e+01  14 9.45904e-01  
 40.5 1.1980e+01  14 9.38269e-01  
 40.6 1.1899e+01  14 9.34055e-01  
 40.7 1.1896e+01  14 9.33857e-01  
 40.8 1.1734e+01  14 9.25383e-01  
 40.9 1.1799e+01  14 9.28820e-01  
 41.0 1.1848e+01  14 9.31379e-01  
 41.1 1.1892e+01  14 9.33662e-01  
 41.2 1.1995e+01  14 9.39055e-01  
 41.3 1.2137e+01  14 9.46421e-01  
 41.4 1.2239e+01  14 9.51689e-01  
 41.5 1.2384e+01  14 9.59200e-01  
 41.6 1.2438e+01  14 9.62011e-01  
 41.7 1.2490e+01  14 9.64675e-01  
 41.8 1.2534e+01  14 9.66915e-01  
 41.9 1.2658e+01  14 9.73273e-01  
 42.0 1.2798e+01  14 9.80460e-01  
 42.1 1.2921e+01  14 9.86730e-01  
 42.2 1.3030e+01  14 9.92300e-01  
 42.3 1.3187e+01  14 1.00000e+00  
 42.4 1.3219e+01  14 1.00000e+00  
 42.5 1.3248e+01  14 1.00000e+00  
 42.6 1.3277e+01  14 1.00000e+00  
 42.7 1.3305e+01  14 1.00000e+00  
 42.8 1.3333e+01  14 1.00000e+00  
 42.9 1.3367e+01  14 1.00000e+00  
 43.0 1.3393e+01  14 1.00000e+00  
 43.1 1.3444e+01  14 1.00000e+00  
 43.2 1.3501e+01  14 1.00000e+00  
 43.3 1.3539e+01  14 1.00000e+00  
 43.4 1.3588e+01  14 1.00000e+00  
 43.5 1.3635e+01  14 1.00000e+00  
 43.6 1.3672e+01  14 1.00000e+00  
 43.7 1.3717e+01  14 1.00000e+00  
 43.8 1.3752e+01  14 1.00000e+00  
 43.9 1.3797e+01  14 1.00000e+00  
 44.0 1.3838e+01  14 1.00000e+00  
 44.1 1.3878e+01  14 1.00000e+00  
 44.2 1.3917e+01  14 1.00000e+00  
 44.3 1.3957e+01  14 1.00000e+00  
 44.4 1.3997e+01  14 1.00000e+00  
 44.5 1.4037e+01  14 1.00000e+00  
 44.6 1.4077e+01  14 1.00000e+00  
 44.7 1.4118e+01  14 1.00000e+00  
 44.8 1.4182e+01  14 1.00000e+00  
 44.9 1.4198e+01  14 1.00000e+00  
 45.0 1.4259e+01  14 1.00000e+00  
 45.1 1.4278e+01  14 1.00000e+00  
 45.2 1.4314e+01  14 1.00000e+00  
 45.3 1.4358e+01  14 1.00000e+00  
 45.4 1.4397e+01  14 1.00000e+00  
 45.5 1.4436e+01  14 1.00000e+00  
 45.6 1.4479e+01  14 1.00000e+00  
 45.7 1.4540e+01  14 1.00000e+00  
 45.8 1.4560e+01  14 1.00000e+00  
 45.9 1.4595e+01  14 1.00000e+00  
 46.0 1.4639e+01  14 1.00000e+00  
 46.1 1.4681e+01  14 1.00000e+00  
 46.2 1.4707e+01  14 1.00000e+00  
 46.3 1.4762e+01  14 1.00000e+00  
 46.4 1.4800e+01  14 1.00000e+00  
 46.5 1.4866e+01  14 1.00000e+00  
 46.6 1.4884e+01  14 1.00000e+00  
 46.7 1.4919e+01  14 1.00000e+00  
 46.8 1.4990e+01  14 1.00000e+00  
 46.9 1.5006e+01  14 1.00000e+00  
 47.0 1.5039e+01  14 1.00000e+00  
 47.1 1.5085e+01  14 1.00000e+00  
 47.2 1.5128e+01  14 1.00000e+00  
 47.3 1.5165e+01  14 1.00000e+00  
 47.4 1.5187e+01  14 1.00000e+00  
 47.5 1.5246e+01  14 1.00000e+00  
 47.6 1.5290e+01  14 1.00000e+00  
 47.7 1.5316e+01  14 1.00000e+00  
 47.8 1.5393e+01  14 1.00000e+00  
 47.9 1.5413e+01  14 1.00000e+00  
 48.0 1.5450e+01  14 1.00000e+00  
 48.1 1.5469e+01  14 1.00000e+00  
 48.2 1.5531e+01  14 1.00000e+00  
 48.3 1.5577e+01  14 1.00000e+00  
 48.4 1.5610e+01  14 1.00000e+00  
 48.5 1.5611e+01  14 1.00000e+00  
 48.6 1.5695e+01  14 1.00000e+00  
 48.7 1.5740e+01  14 1.00000e+00  
 48.8 1.5773e+01  14 1.00000e+00  
 48.9 1.5777e+01  14 1.00000e+00  
 49.0 1.5885e+01  14 1.00000e+00  
 49.1 1.5905e+01  14 1.00000e+00  
 49.2 1.5943e+01  14 1.00000e+00  
 49.3 1.5967e+01  14 1.00000e+00  
 49.4 1.6045e+01  14 1.00000e+00  
 49.5 1.6066e+01  14 1.00000e+00  
 49.6 1.6112e+01  14 1.00000e+00  
 49.7 1.6146e+01  14 1.00000e+00  
 49.8 1.6167e+01  14 1.00000e+00  
 49.9 1.6251e+01  14 1.00000e+00  
 50.0 1.6272e+01  14 1.00000e+00  
 50.1 1.6316e+01  14 1.00000e+00  
 50.2 1.6357e+01  14 1.00000e+00  
 50.3 1.6386e+01  14 1.00000e+00  
 50.4 1.6441e+01  14 1.00000e+00  
 50.5 1.6503e+01  14 1.00000e+00  
 50.6 1.6520e+01  14 1.00000e+00  
 50.7 1.6567e+01  14 1.00000e+00  
 50.8 1.6605e+01  14 1.00000e+00  
 50.9 1.6633e+01  14 1.00000e+00  
 51.0 1.6687e+01  14 1.00000e+00  
 51.1 1.6754e+01  14 1.00000e+00  
 51.2 1.6773e+01  14 1.00000e+00  
 51.3 1.6820e+01  14 1.00000e+00  
 51.4 1.6861e+01  14 1.00000e+00  
 51.5 1.6901e+01  14 1.00000e+00  
 51.6 1.6928e+01  14 1.00000e+00  
 51.7 1.6986e+01  14 1.00000e+00  
 51.8 1.7044e+01  14 1.00000e+00  
 51.9 1.7062e+01  14 1.00000e+00  
 52.0 1.7109e+01  14 1.00000e+00  
 52.1 1.7152e+01  14 1.00000e+00  
 52.2 1.7147e+01  14 1.00000e+00  
 52.3 1.7204e+01  14 1.00000e+00  
 52.4 1.7261e+01  14 1.00000e+00  
 52.5 1.7318e+01  14 1.00000e+00  
 52.6 1.7375e+01  14 1.00000e+00  
 52.7 1.7393e+01  14 1.00000e+00  
 52.8 1.7441e+01  14 1.00000e+00  
 52.9 1.7504e+01  14 1.00000e+00  
 53.0 1.7476e+01  14 1.00000e+00  
 53.1 1.7509e+01  14 1.00000e+00  
 53.2 1.7568e+01  14 1.00000e+00  
 53.3 1.7625e+01  14 1.00000e+00  
 53.4 1.7679e+01  14 1.00000e+00  
 53.5 1.7732e+01  14 1.00000e+00  
 53.6 1.7787e+01  14 1.00000e+00  
 53.7 1.7811e+01  14 1.00000e+00  
 53.8 1.7854e+01  14 1.00000e+00  
 53.9 1.7884e+01  14 1.00000e+00  
 54.0 1.7903e+01  14 1.00000e+00  
 54.1 1.7935e+01  14 1.00000e+00  
 54.2 1.7965e+01  14 1.00000e+00  
 54.3 1.8021e+01  14 1.00000e+00  
 54.4 1.8076e+01  14 1.00000e+00  
 54.5 1.8130e+01  14 1.00000e+00  
 54.6 1.8182e+01  14 1.00000e+00  
 54.7 1.8229e+01  14 1.00000e+00  
 54.8 1.8278e+01  14 1.00000e+00  
 54.9 1.8323e+01  14 1.00000e+00  
 55.0 1.8365e+01  14 1.00000e+00  
 55.1 1.8404e+01  14 1.00000e+00  
 55.2 1.8441e+01  14 1.00000e+00  
 55.3 1.8474e+01  14 1.00000e+00  
 55.4 1.8495e+01  14 1.00000e+00  
 55.5 1.8532e+01  14 1.00000e+00  
 55.6 1.8565e+01  14 1.00000e+00  
 55.7 1.8594e+01  14 1.00000e+00  
 55.8 1.8688e+01  14 1.00000e+00  
 55.9 1.8728e+01  14 1.00000e+00  
 56.0 1.8778e+01  14 1.00000e+00  
 56.1 1.8827e+01  14 1.00000e+00  
 56.2 1.8875e+01  14 1.00000e+00  
 56.3 1.8927e+01  14 1.00000e+00  
 56.4 1.8975e+01  14 1.00000e+00  
 56.5 1.8989e+01  14 1.00000e+00  
 56.6 1.9034e+01  14 1.00000e+00  
 56.7 1.9080e+01  14 1.00000e+00  
 56.8 1.9125e+01  14 1.00000e+00  
 56.9 1.9169e+01  14 1.00000e+00  
 57.0 1.9213e+01  14 1.00000e+00  
 57.1 1.9247e+01  14 1.00000e+00  
 57.2 1.9242e+01  14 1.00000e+00  
 57.3 1.9302e+01  14 1.00000e+00  
 57.4 1.9339e+01  14 1.00000e+00  
 57.5 1.9383e+01  14 1.00000e+00  
 57.6 1.9422e+01  14 1.00000e+00  
 57.7 1.9462e+01  14 1.00000e+00  
 57.8 1.9499e+01  14 1.00000e+00  
 57.9 1.9538e+01  14 1.00000e+00  
 58.0 1.9575e+01  14 1.00000e+00  
 58.1 1.9609e+01  14 1.00000e+00  
 58.2 1.9651e+01  14 1.00000e+00  
 58.3 1.9766e+01  14 1.00000e+00  
 58.4 1.9814e+01  14 1.00000e+00  
 58.5 1.9823e+01  14 1.00000e+00  
 58.6 1.9869e+01  14 1.00000e+00  
 58.7 1.9915e+01  14 1.00000e+00  
 58.8 1.9960e+01  14 1.00000e+00  
 58.9 2.0004e+01  14 1.00000e+00  
 59.0 2.0055e+01  14 1.00000e+00  
 59.1 2.0093e+01  14 1.00000e+00  
 59.2 2.0141e+01  14 1.00000e+00  
 59.3 2.0185e+01  14 1.00000e+00  
 59.4 2.0225e+01  14 1.00000e+00  
 59.5 2.0274e+01  14 1.00000e+00  
 59.6 2.0317e+01  14 1.00000e+00  
 59.7 2.0362e+01  14 1.00000e+00  
 59.8 2.0405e+01  14 1.00000e+00  
 59.9 2.0449e+01  14 1.00000e+00  
 60.0 2.0494e+01  14 1.00000e+00  
 60.1 2.0537e+01  14 1.00000e+00  
 60.2 2.0581e+01  14 1.00000e+00  
 60.3 2.0624e+01  14 1.00000e+00  
 60.4 2.0651e+01  14 1.00000e+00  
 60.5 2.0650e+01  14 1.00000e+00  
 60.6 2.0775e+01  14 1.00000e+00  
 60.7 2.0816e+01  14 1.00000e+00  
 60.8 2.0853e+01  14 1.00000e+00  
 60.9 2.0893e+01  14 1.00000e+00  
 61.0 2.0933e+01  14 1.00000e+00  
 61.1 2.0973e+01  14 1.00000e+00  
 61.2 2.1018e+01  14 1.00000e+00  
 61.3 2.1057e+01  14 1.00000e+00  
 61.4 2.1099e+01  14 1.00000e+00  
 61.5 2.1109e+01  14 1.00000e+00  
 61.6 2.1198e+01  14 1.00000e+00  
 61.7 2.1234e+01  14 1.00000e+00  
 61.8 2.1276e+01  14 1.00000e+00  
 61.9 2.1318e+01  14 1.00000e+00  
 62.0 2.1359e+01  14 1.00000e+00  
 62.1 2.1399e+01  14 1.00000e+00  
 62.2 2.1441e+01  14 1.00000e+00  
 62.3 2.1477e+01  14 1.00000e+00  
 62.4 2.1485e+01  14 1.00000e+00  
 62.5 2.1568e+01  14 1.00000e+00  
 62.6 2.1609e+01  14 1.00000e+00  
 62.7 2.1644e+01  14 1.00000e+00  
 62.8 2.1686e+01  14 1.00000e+00  
 62.9 2.1727e+01  14 1.00000e+00  
 63.0 2.1768e+01  14 1.00000e+00  
 63.1 2.1808e+01  14 1.00000e+00  
 63.2 2.1847e+01  14 1.00000e+00  
 63.3 2.1886e+01  14 1.00000e+00  
 63.4 2.1919e+01  14 1.00000e+00  
 63.5 2.1960e+01  14 1.00000e+00  
 63.6 2.1997e+01  14 1.00000e+00  
 63.7 2.2033e+01  14 1.00000e+00  
 63.8 2.2068e+01  14 1.00000e+00  
 63.9 2.2123e+01  14 1.00000e+00  
 64.0 2.2183e+01  14 1.00000e+00  
 64.1 2.2281e+01  14 1.00000e+00  
 64.2 2.2268e+01  14 1.00000e+00  
 64.3 2.2321e+01  14 1.00000e+00  
 64.4 2.2374e+01  14 1.00000e+00  
 64.5 2.2423e+01  14 1.00000e+00  
 64.6 2.2472e+01  14 1.00000e+00  
 64.7 2.2479e+01  14 1.00000e+00  
 64.8 2.2565e+01  14 1.00000e+00  
 64.9 2.2607e+01  14 1.00000e+00  
 65.0 2.2680e+01  14 1.00000e+00  
 65.1 2.2721e+01  14 1.00000e+00  
 65.2 2.2772e+01  14 1.00000e+00  
 65.3 2.2813e+01  14 1.00000e+00  
 65.4 2.2863e+01  14 1.00000e+00  
 65.5 2.2908e+01  14 1.00000e+00  
 65.6 2.2953e+01  14 1.00000e+00  
 65.7 2.2995e+01  14 1.00000e+00  
 65.8 2.3032e+01  14 1.00000e+00  
 65.9 2.3076e+01  14 1.00000e+00  
 66.0 2.3121e+01  14 1.00000e+00  
 66.1 2.3162e+01  14 1.00000e+00  
 66.2 2.3202e+01  14 1.00000e+00  
 66.3 2.3279e+01  14 1.00000e+00  
 66.4 2.3326e+01  14 1.00000e+00  
 66.5 2.3363e+01  14 1.00000e+00  
 66.6 2.3392e+01  14 1.00000e+00  
 66.7 2.3429e+01  14 1.00000e+00  
 66.8 2.3463e+01  14 1.00000e+00  
 66.9 2.3525e+01  14 1.00000e+00  
 67.0 2.3544e+01  14 1.00000e+00  
 67.1 2.3581e+01  14 1.00000e+00  
 67.2 2.3611e+01  14 1.00000e+00  
 67.3 2.3645e+01  14 1.00000e+00  
 67.4 2.3681e+01  14 1.00000e+00  
 67.5 2.3719e+01  14 1.00000e+00  
 67.6 2.3749e+01  14 1.00000e+00  
 67.7 2.3806e+01  14 1.00000e+00  
 67.8 2.3869e+01  14 1.00000e+00  
 67.9 2.3949e+01  14 1.00000e+00  
 68.0 2.4028e+01  14 1.00000e+00  
 68.1 2.4094e+01  14 1.00000e+00  
 68.2 2.4071e+01  14 1.00000e+00  
 68.3 2.4131e+01  14 1.00000e+00  
 68.4 2.4202e+01  14 1.00000e+00  
 68.5 2.4249e+01  14 1.00000e+00  
 68.6 2.4293e+01  14 1.00000e+00  
 68.7 2.4336e+01  14 1.00000e+00  
 68.8 2.4388e+01  14 1.00000e+00  
 68.9 2.4430e+01  14 1.00000e+00  
 69.0 2.4466e+01  14 1.00000e+00  
 69.1 2.4517e+01  14 1.00000e+00  
 69.2 2.4560e+01  14 1.00000e+00  
 69.3 2.4611e+01  14 1.00000e+00  
 69.4 2.4593e+01  14 1.00000e+00  
 69.5 2.4620e+01  14 1.00000e+00  
 69.6 2.4754e+01  14 1.00000e+00  
 69.7 2.4787e+01  14 1.00000e+00  
 69.8 2.4822e+01  14 1.00000e+00  
 69.9 2.4843e+01  14 1.00000e+00  
 70.0 2.4887e+01  14 1.00000e+00  
 70.1 2.4926e+01  14 1.00000e+00  
 70.2 2.4957e+01  14 1.00000e+00  
 70.3 2.4993e+01  14 1.00000e+00  
 70.4 2.5026e+01  14 1.00000e+00  
 70.5 2.5053e+01  14 1.00000e+00  
 70.6 2.5107e+01  14 1.00000e+00  
 70.7 2.5166e+01  14 1.00000e+00  
 70.8 2.5240e+01  14 1.00000e+00  
 70.9 2.5298e+01  14 1.00000e+00  
 71.0 2.5351e+01  14 1.00000e+00  
 71.1 2.5397e+01  14 1.00000e+00  
 71.2 2.5469e+01  14 1.00000e+00  
 71.3 2.5507e+01  14 1.00000e+00  
 71.4 2.5569e+01  14 1.00000e+00  
 71.5 2.5600e+01  14 1.00000e+00  
 71.6 2.5653e+01  14 1.00000e+00  
 71.7 2.5709e+01  14 1.00000e+00  
 71.8 2.5748e+01  14 1.00000e+00  
 71.9 2.5795e+01  14 1.00000e+00  
 72.0 2.5836e+01  14 1.00000e+00  
 72.1 2.5874e+01  14 1.00000e+00  
 72.2 2.5910e+01  14 1.00000e+00  
 72.3 2.5973e+01  14 1.00000e+00  
 72.4 2.6009e+01  14 1.00000e+00  
 72.5 2.6063e+01  14 1.00000e+00  
 72.6 2.6088e+01  14 1.00000e+00  
 72.7 2.6138e+01  14 1.00000e+00  
 72.8 2.6157e+01  14 1.00000e+00  
 72.9 2.6190e+01  14 1.00000e+00  
 73.0 2.6233e+01  14 1.00000e+00  
 73.1 2.6266e+01  14 1.00000e+00  
 73.2 2.6304e+01  14 1.00000e+00  
 73.3 2.6328e+01  14 1.00000e+00  
 73.4 2.6383e+01  14 1.00000e+00  
 73.5 2.6472e+01  14 1.00000e+00  
 73.6 2.6531e+01  14 1.00000e+00  
 73.7 2.6589e+01  14 1.00000e+00  
 73.8 2.6642e+01  14 1.00000e+00  
 73.9 2.6686e+01  14 1.00000e+00  
 74.0 2.6749e+01  14 1.00000e+00  
 74.1 2.6828e+01  14 1.00000e+00  
 74.2 2.6867e+01  14 1.00000e+00  
 74.3 2.6920e+01  14 1.00000e+00  
 74.4 2.6962e+01  14 1.00000e+00  
 74.5 2.7017e+01  14 1.00000e+00  
 74.6 2.7053e+01  14 1.00000e+00  
 74.7 2.7101e+01  14 1.00000e+00  
 74.8 2.7137e+01  14 1.00000e+00  
 74.9 2.7176e+01  14 1.00000e+00  
 75.0 2.7266e+01  14 1.00000e+00  
 75.1 2.7304e+01  14 1.00000e+00  
 75.2 2.7339e+01  14 1.00000e+00  
 75.3 2.7379e+01  14 1.00000e+00  
 75.4 2.7393e+01  14 1.00000e+00  
 75.5 2.7443e+01  14 1.00000e+00  
 75.6 2.7462e+01  14 1.00000e+00  
 75.7 2.7514e+01  14 1.00000e+00  
 75.8 2.7595e+01  14 1.00000e+00  
 75.9 2.7561e+01  14 1.00000e+00  
 76.0 2.7610e+01  14 1.00000e+00  
 76.1 2.7641e+01  14 1.00000e+00  
 76.2 2.7812e+01  14 1.00000e+00  
 76.3 2.7768e+01  14 1.00000e+00  
 76.4 2.7840e+01  14 1.00000e+00  
 76.5 2.7901e+01  14 1.00000e+00  
 76.6 2.7954e+01  14 1.00000e+00  
 76.7 2.7996e+01  14 1.00000e+00  
 76.8 2.8067e+01  14 1.00000e+00  
 76.9 2.8114e+01  14 1.00000e+00  
 77.0 2.8189e+01  14 1.00000e+00  
 77.1 2.8238e+01  14 1.00000e+00  
 77.2 2.8278e+01  14 1.00000e+00  
 77.3 2.8284e+01  14 1.00000e+00  
 77.4 2.8338e+01  14 1.00000e+00  
 77.5 2.8362e+01  14 1.00000e+00  
 77.6 2.8463e+01  14 1.00000e+00  
 77.7 2.8503e+01  14 1.00000e+00  
 77.8 2.8542e+01  14 1.00000e+00  
 77.9 2.8643e+01  14 1.00000e+00  
 78.0 2.8673e+01  14 1.00000e+00  
 78.1 2.8708e+01  14 1.00000e+00  
 78.2 2.8737e+01  14 1.00000e+00  
 78.3 2.8780e+01  14 1.00000e+00  
 78.4 2.8810e+01  14 1.00000e+00  
 78.5 2.8831e+01  14 1.00000e+00  
 78.6 2.8856e+01  14 1.00000e+00  
 78.7 2.8893e+01  14 1.00000e+00  
 78.8 2.8941e+01  14 1.00000e+00  
 78.9 2.8984e+01  14 1.00000e+00  
 79.0 2.9010e+01  14 1.00000e+00  
 79.1 2.9062e+01  14 1.00000e+00  
 79.2 2.9119e+01  14 1.00000e+00  
 79.3 2.9180e+01  14 1.00000e+00  
 79.4 2.9249e+01  14 1.00000e+00  
 79.5 2.9301e+01  14 1.00000e+00  
 79.6 2.9381e+01  14 1.00000e+00  
 79.7 2.9433e+01  14 1.00000e+00  
 79.8 2.9478e+01  14 1.00000e+00  
 79.9 2.9549e+01  14 1.00000e+00  
 80.0 2.9589e+01  14 1.00000e+00  
 80.1 2.9652e+01  14 1.00000e+00  
 80.2 2.9702e+01  14 1.00000e+00  
 80.3 2.9750e+01  14 1.00000e+00  
 80.4 2.9795e+01  14 1.00000e+00  
 80.5 2.9831e+01  14 1.00000e+00  
 80.6 2.9885e+01  14 1.00000e+00  
 80.7 2.9909e+01  14 1.00000e+00  
 80.8 2.9957e+01  14 1.00000e+00  
 80.9 3.0003e+01  14 1.00000e+00  
 81.0 3.0119e+01  14 1.00000e+00  
 81.1 3.0145e+01  14 1.00000e+00  
 81.2 3.0183e+01  14 1.00000e+00  
 81.3 3.0218e+01  14 1.00000e+00  
 81.4 3.0231e+01  14 1.00000e+00  
 81.5 3.0292e+01  14 1.00000e+00  
 81.6 3.0328e+01  14 1.00000e+00  
 81.7 3.0347e+01  14 1.00000e+00  
 81.8 3.0390e+01  14 1.00000e+00  
 81.9 3.0428e+01  14 1.00000e+00  
 82.0 3.0437e+01  14 1.00000e+00  
 82.1 3.0494e+01  14 1.00000e+00  
 82.2 3.0521e+01  14 1.00000e+00  
 82.3 3.0567e+01  14 1.00000e+00  
 82.4 3.0647e+01  14 1.00000e+00  
 82.5 3.0716e+01  14 1.00000e+00  
 82.6 3.0779e+01  14 1.00000e+00  
 82.7 3.0834e+01  14 1.00000e+00  
 82.8 3.0874e+01  14 1.00000e+00  
 82.9 3.0957e+01  14 1.00000e+00  
 83.0 3.0996e+01  14 1.00000e+00  
 83.1 3.1062e+01  14 1.00000e+00  
 83.2 3.1113e+01  14 1.00000e+00  
 83.3 3.1188e+01  14 1.00000e+00  
 83.4 3.1239e+01  14 1.00000e+00  
 83.5 3.1289e+01  14 1.00000e+00  
 83.6 3.1337e+01  14 1.00000e+00  
 83.7 3.1384e+01  14 1.00000e+00  
 83.8 3.1422e+01  14 1.00000e+00  
 83.9 3.1474e+01  14 1.00000e+00  
 84.0 3.1507e+01  14 1.00000e+00  
 84.1 3.1560e+01  14 1.00000e+00  
 84.2 3.1601e+01  14 1.00000e+00  
 84.3 3.1638e+01  14 1.00000e+00  
 84.4 3.1748e+01  14 1.00000e+00  
 84.5 3.1780e+01  14 1.00000e+00  
 84.6 3.1808e+01  14 1.00000e+00  
 84.7 3.1830e+01  14 1.00000e+00  
 84.8 3.1895e+01  14 1.00000e+00  
 84.9 3.1932e+01  14 1.00000e+00  
 85.0 3.1969e+01  14 1.00000e+00  
 85.1 3.1986e+01  14 1.00000e+00  
 85.2 3.2031e+01  14 1.00000e+00  
 85.3 3.2076e+01  14 1.00000e+00  
 85.4 3.2089e+01  14 1.00000e+00  
 85.5 3.2144e+01  14 1.00000e+00  
 85.6 3.2174e+01  14 1.00000e+00  
 85.7 3.2197e+01  14 1.00000e+00  
 85.8 3.2263e+01  14 1.00000e+00  
 85.9 3.2343e+01  14 1.00000e+00  
 86.0 3.2410e+01  14 1.00000e+00  
 86.1 3.2458e+01  14 1.00000e+00  
 86.2 3.2516e+01  14 1.00000e+00  
 86.3 3.2603e+01  14 1.00000e+00  
 86.4 3.2648e+01  14 1.00000e+00  
 86.5 3.2715e+01  14 1.00000e+00  
 86.6 3.2760e+01  14 1.00000e+00  
 86.7 3.2821e+01  14 1.00000e+00  
 86.8 3.2894e+01  14 1.00000e+00  
 86.9 3.2948e+01  14 1.00000e+00  
 87.0 3.2998e+01  14 1.00000e+00  
 87.1 3.3048e+01  14 1.00000e+00  
 87.2 3.3097e+01  14 1.00000e+00  
 87.3 3.3140e+01  14 1.00000e+00  
 87.4 3.3167e+01  14 1.00000e+00  
 87.5 3.3234e+01  14 1.00000e+00  
 87.6 3.3259e+01  14 1.00000e+00  
 87.7 3.3319e+01  14 1.00000e+00  
 87.8 3.3360e+01  14 1.00000e+00  
 87.9 3.3458e+01  14 1.00000e+00  
 88.0 3.3515e+01  14 1.00000e+00  
 88.1 3.3549e+01  14 1.00000e+00  
 88.2 3.3589e+01  14 1.00000e+00  
 88.3 3.3627e+01  14 1.00000e+00  
 88.4 3.3666e+01  14 1.00000e+00  
 88.5 3.3706e+01  14 1.00000e+00  
 88.6 3.3744e+01  14 1.00000e+00  
 88.7 3.3758e+01  14 1.00000e+00  
 88.8 3.3810e+01  14 1.00000e+00  
 88.9 3.3854e+01  14 1.00000e+00  
 89.0 3.3881e+01  14 1.00000e+00  
 89.1 3.3924e+01  14 1.00000e+00  
 89.2 3.3959e+01  14 1.00000e+00  
 89.3 3.3988e+01  14 1.00000e+00  
 89.4 3.4011e+01  14 1.00000e+00  
 89.5 3.4050e+01  14 1.00000e+00  
 89.6 3.4145e+01  14 1.00000e+00  
 89.7 3.4221e+01  14 1.00000e+00  
 89.8 3.4288e+01  14 1.00000e+00  
 89.9 3.4351e+01  14 1.00000e+00  
 90.0 3.4420e+01  14 1.00000e+00  
 90.1 3.4472e+01  14 1.00000e+00  
 90.2 3.4539e+01  14 1.00000e+00  
 90.3 3.4595e+01  14 1.00000e+00  
 90.4 3.4628e+01  14 1.00000e+00  
 90.5 3.4725e+01  14 1.00000e+00  
 90.6 3.4773e+01  14 1.00000e+00  
 90.7 3.4835e+01  14 1.00000e+00  
 90.8 3.4888e+01  14 1.00000e+00  
 90.9 3.4938e+01  14 1.00000e+00  
 91.0 3.4987e+01  14 1.00000e+00  
 91.1 3.5033e+01  14 1.00000e+00  
 91.2 3.5066e+01  14 1.00000e+00  
 91.3 3.5128e+01  14 1.00000e+00  
 91.4 3.5173e+01  14 1.00000e+00  
 91.5 3.5206e+01  14 1.00000e+00  
 91.6 3.5260e+01  14 1.00000e+00  
 91.7 3.5301e+01  14 1.00000e+00  
 91.8 3.5431e+01  14 1.00000e+00  
 91.9 3.5461e+01  14 1.00000e+00  
 92.0 3.5504e+01  14 1.00000e+00  
 92.1 3.5546e+01  14 1.00000e+00  
 92.2 3.5584e+01  14 1.00000e+00  
 92.3 3.5602e+01  14 1.00000e+00  
 92.4 3.5655e+01  14 1.00000e+00  
 92.5 3.5703e+01  14 1.00000e+00  
 92.6 3.5739e+01  14 1.00000e+00  
 92.7 3.5775e+01  14 1.00000e+00  
 92.8 3.5816e+01  14 1.00000e+00  
 92.9 3.5853e+01  14 1.00000e+00  
 93.0 3.5863e+01  14 1.00000e+00  
 93.1 3.5927e+01  14 1.00000e+00  
 93.2 3.5962e+01  14 1.00000e+00  
 93.3 3.5991e+01  14 1.00000e+00  
 93.4 3.6016e+01  14 1.00000e+00  
 93.5 3.6042e+01  14 1.00000e+00  
 93.6 3.6089e+01  14 1.00000e+00  
 93.7 3.6184e+01  14 1.00000e+00  
 93.8 3.6267e+01  14 1.00000e+00  
 93.9 3.6337e+01  14 1.00000e+00  
 94.0 3.6401e+01  14 1.00000e+00  
 94.1 3.6471e+01  14 1.00000e+00  
 94.2 3.6518e+01  14 1.00000e+00  
 94.3 3.6594e+01  14 1.00000e+00  
 94.4 3.6643e+01  14 1.00000e+00  
 94.5 3.6705e+01  14 1.00000e+00  
 94.6 3.6766e+01  14 1.00000e+00  
 94.7 3.6820e+01  14 1.00000e+00  
 94.8 3.6895e+01  14 1.00000e+00  
 94.9 3.6953e+01  14 1.00000e+00  
 95.0 3.7005e+01  14 1.00000e+00  
 95.1 3.7037e+01  14 1.00000e+00  
 95.2 3.7088e+01  14 1.00000e+00  
 95.3 3.7141e+01  14 1.00000e+00  
 95.4 3.7185e+01  14 1.00000e+00  
 95.5 3.7252e+01  14 1.00000e+00  
 95.6 3.7310e+01  14 1.00000e+00  
 95.7 3.7358e+01  14 1.00000e+00  
 95.8 3.7393e+01  14 1.00000e+00  
 95.9 3.7445e+01  14 1.00000e+00  
 96.0 3.7493e+01  14 1.00000e+00  
 96.1 3.7524e+01  14 1.00000e+00  
 96.2 3.7580e+01  14 1.00000e+00  
 96.3 3.7619e+01  14 1.00000e+00  
 96.4 3.7782e+01  14 1.00000e+00  
 96.5 3.7821e+01  14 1.00000e+00  
 96.6 3.7860e+01  14 1.00000e+00  
 96.7 3.7907e+01  14 1.00000e+00  
 96.8 3.7921e+01  14 1.00000e+00  
 96.9 3.7989e+01  14 1.00000e+00  
 97.0 3.8030e+01  14 1.00000e+00  
 97.1 3.8067e+01  14 1.00000e+00  
 97.2 3.8112e+01  14 1.00000e+00  
 97.3 3.8150e+01  14 1.00000e+00  
 97.4 3.8192e+01  14 1.00000e+00  
 97.5 3.8234e+01  14 1.00000e+00  
 97.6 3.8264e+01  14 1.00000e+00  
 97.7 3.8300e+01  14 1.00000e+00  
 97.8 3.8351e+01  14 1.00000e+00  
 97.9 3.8388e+01  14 1.00000e+00  
 98.0 3.8422e+01  14 1.00000e+00  
 98.1 3.8451e+01  14 1.00000e+00  
 98.2 3.8479e+01  14 1.00000e+00  
 98.3 3.8559e+01  14 1.00000e+00  
 98.4 3.8647e+01  14 1.00000e+00  
 98.5 3.8721e+01  14 1.00000e+00  
 98.6 3.8788e+01  14 1.00000e+00  
 98.7 3.8863e+01  14 1.00000e+00  
 98.8 3.8916e+01  14 1.00000e+00  
 98.9 3.8994e+01  14 1.00000e+00  
 99.0 3.9030e+01  14 1.00000e+00  
 99.1 3.9091e+01  14 1.00000e+00  
 99.2 3.9154e+01  14 1.00000e+00  
 99.3 3.9185e+01  14 1.00000e+00  
 99.4 3.9264e+01  14 1.00000e+00  
 99.5 3.9326e+01  14 1.00000e+00  
 99.6 3.9381e+01  14 1.00000e+00  
 99.7 3.9439e+01  14 1.00000e+00  
 99.8 3.9509e+01  14 1.00000e+00  
 99.9 3.9567e+01  14 1.00000e+00  
100.0 3.9622e+01  14 1.00000e+00  
100.1 3.9674e+01  14 1.00000e+00  
100.2 3.9726e+01  14 1.00000e+00  
100.3 3.9776e+01  14 1.00000e+00  
100.4 3.9820e+01  14 1.00000e+00  
100.5 3.9852e+01  14 1.00000e+00  
100.6 3.9925e+01  14 1.00000e+00  
100.7 3.9975e+01  14 1.00000e+00  
100.8 4.0006e+01  14 1.00000e+00  
100.9 4.0065e+01  14 1.00000e+00  
101.0 4.0112e+01  14 1.00000e+00  
101.1 4.0131e+01  14 1.00000e+00  
101.2 4.0202e+01  14 1.00000e+00  
101.3 4.0312e+01  14 1.00000e+00  
101.4 4.0372e+01  14 1.00000e+00  
101.5 4.0416e+01  14 1.00000e+00  
101.6 4.0450e+01  14 1.00000e+00  
101.7 4.0504e+01  14 1.00000e+00  
101.8 4.0518e+01  14 1.00000e+00  
101.9 4.0588e+01  14 1.00000e+00  
102.0 4.0622e+01  14 1.00000e+00  
102.1 4.0674e+01  14 1.00000e+00  
102.2 4.0705e+01  14 1.00000e+00  
102.3 4.0759e+01  14 1.00000e+00  
102.4 4.0780e+01  14 1.00000e+00  
102.5 4.0843e+01  14 1.00000e+00  
102.6 4.0883e+01  14 1.00000e+00  
102.7 4.0907e+01  14 1.00000e+00  
102.8 4.0963e+01  14 1.00000e+00  
102.9 4.1005e+01  14 1.00000e+00  
103.0 4.1044e+01  14 1.00000e+00  
103.1 4.1078e+01  14 1.00000e+00  
103.2 4.1109e+01  14 1.00000e+00  
103.3 4.1186e+01  14 1.00000e+00  
103.4 4.1272e+01  14 1.00000e+00  
103.5 4.1317e+01  14 1.00000e+00  
103.6 4.1421e+01  14 1.00000e+00  
103.7 4.1488e+01  14 1.00000e+00  
103.8 4.1558e+01  14 1.00000e+00  
103.9 4.1623e+01  14 1.00000e+00  
104.0 4.1687e+01  14 1.00000e+00  
104.1 4.1752e+01  14 1.00000e+00  
104.2 4.1797e+01  14 1.00000e+00  
104.3 4.1873e+01  14 1.00000e+00  
104.4 4.1934e+01  14 1.00000e+00  
104.5 4.1974e+01  14 1.00000e+00  
104.6 4.2032e+01  14 1.00000e+00  
104.7 4.2098e+01  14 1.00000e+00  
104.8 4.2157e+01  14 1.00000e+00  
104.9 4.2239e+01  14 1.00000e+00  
105.0 4.2294e+01  14 1.00000e+00  
105.1 4.2349e+01  14 1.00000e+00  
105.2 4.2403e+01  14 1.00000e+00  
105.3 4.2457e+01  14 1.00000e+00  
105.4 4.2511e+01  14 1.00000e+00  
105.5 4.2563e+01  14 1.00000e+00  
105.6 4.2614e+01  14 1.00000e+00  
105.7 4.2659e+01  14 1.00000e+00  
105.8 4.2687e+01  14 1.00000e+00  
105.9 4.2766e+01  14 1.00000e+00  
106.0 4.2815e+01  14 1.00000e+00  
106.1 4.2850e+01  14 1.00000e+00  
106.2 4.2909e+01  14 1.00000e+00  
106.3 4.2953e+01  14 1.00000e+00  
106.4 4.2998e+01  14 1.00000e+00  
106.5 4.3048e+01  14 1.00000e+00  
106.6 4.3175e+01  14 1.00000e+00  
106.7 4.3220e+01  14 1.00000e+00  
106.8 4.3259e+01  14 1.00000e+00  
106.9 4.3312e+01  14 1.00000e+00  
107.0 4.3345e+01  14 1.00000e+00  
107.1 4.3402e+01  14 1.00000e+00  
107.2 4.3432e+01  14 1.00000e+00  
107.3 4.3492e+01  14 1.00000e+00  
107.4 4.3525e+01  14 1.00000e+00  
107.5 4.3579e+01  14 1.00000e+00  
107.6 4.3622e+01  14 1.00000e+00  
107.7 4.3640e+01  14 1.00000e+00  
107.8 4.3712e+01  14 1.00000e+00  
107.9 4.3753e+01  14 1.00000e+00  
108.0 4.3776e+01  14 1.00000e+00  
108.1 4.3836e+01  14 1.00000e+00  
108.2 4.3881e+01  14 1.00000e+00  
108.3 4.3922e+01  14 1.00000e+00  
108.4 4.3958e+01  14 1.00000e+00  
108.5 4.4021e+01  14 1.00000e+00  
108.6 4.4105e+01  14 1.00000e+00  
108.7 4.4163e+01  14 1.00000e+00  
108.8 4.4260e+01  14 1.00000e+00  
108.9 4.4302e+01  14 1.00000e+00  
109.0 4.4402e+01  14 1.00000e+00  
109.1 4.4445e+01  14 1.00000e+00  
109.2 4.4537e+01  14 1.00000e+00  
109.3 4.4600e+01  14 1.00000e+00  
109.4 4.4665e+01  14 1.00000e+00  
109.5 4.4732e+01  14 1.00000e+00  
109.6 4.4769e+01  14 1.00000e+00  
109.7 4.4847e+01  14 1.00000e+00  
109.8 4.4913e+01  14 1.00000e+00  
109.9 4.4975e+01  14 1.00000e+00  
110.0 4.5032e+01  14 1.00000e+00  
110.1 4.5088e+01  14 1.00000e+00  
110.2 4.5144e+01  14 1.00000e+00  
110.3 4.5195e+01  14 1.00000e+00  
110.4 4.5262e+01  14 1.00000e+00  
110.5 4.5322e+01  14 1.00000e+00  
110.6 4.5376e+01  14 1.00000e+00  
110.7 4.5425e+01  14 1.00000e+00  
110.8 4.5483e+01  14 1.00000e+00  
110.9 4.5558e+01  14 1.00000e+00  
111.0 4.5613e+01  14 1.00000e+00  
111.1 4.5665e+01  14 1.00000e+00  
111.2 4.5713e+01  14 1.00000e+00  
111.3 4.5747e+01  14 1.00000e+00  
111.4 4.5821e+01  14 1.00000e+00  
111.5 4.5874e+01  14 1.00000e+00  
111.6 4.5916e+01  14 1.00000e+00  
111.7 4.5970e+01  14 1.00000e+00  
111.8 4.6016e+01  14 1.00000e+00  
111.9 4.6038e+01  14 1.00000e+00  
112.0 4.6115e+01  14 1.00000e+00  
112.1 4.6229e+01  14 1.00000e+00  
112.2 4.6290e+01  14 1.00000e+00  
112.3 4.6317e+01  14 1.00000e+00  
112.4 4.6385e+01  14 1.00000e+00  
112.5 4.6417e+01  14 1.00000e+00  
112.6 4.6479e+01  14 1.00000e+00  
112.7 4.6515e+01  14 1.00000e+00  
112.8 4.6571e+01  14 1.00000e+00  
112.9 4.6615e+01  14 1.00000e+00  
113.0 4.6660e+01  14 1.00000e+00  
113.1 4.6711e+01  14 1.00000e+00  
113.2 4.6743e+01  14 1.00000e+00  
113.3 4.6800e+01  14 1.00000e+00  
113.4 4.6848e+01  14 1.00000e+00  
113.5 4.6889e+01  14 1.00000e+00  
113.6 4.6913e+01  14 1.00000e+00  
113.7 4.6980e+01  14 1.00000e+00  
113.8 4.7028e+01  14 1.00000e+00  
113.9 4.7072e+01  14 1.00000e+00  
114.0 4.7123e+01  14 1.00000e+00  
114.1 4.7205e+01  14 1.00000e+00  
114.2 4.7265e+01  14 1.00000e+00  
114.3 4.7364e+01  14 1.00000e+00  
114.4 4.7409e+01  14 1.00000e+00  
114.5 4.7492e+01  14 1.00000e+00  
114.6 4.7535e+01  14 1.00000e+00  
114.7 4.7578e+01  14 1.00000e+00  
114.8 4.7621e+01  14 1.00000e+00  
114.9 4.7664e+01  14 1.00000e+00  
115.0 4.7707e+01  14 1.00000e+00  
115.1 4.7754e+01  14 1.00000e+00  
115.2 4.7802e+01  14 1.00000e+00  
115.3 4.7849e+01  14 1.00000e+00  
115.4 4.7896e+01  14 1.00000e+00  
115.5 4.7941e+01  14 1.00000e+00  
115.6 4.7986e+01  14 1.00000e+00  
115.7 4.8030e+01  14 1.00000e+00  
115.8 4.8074e+01  14 1.00000e+00  
115.9 4.8118e+01  14 1.00000e+00  
116.0 4.8157e+01  14 1.00000e+00  
116.1 4.8202e+01  14 1.00000e+00  
116.2 4.8247e+01  14 1.00000e+00  
116.3 4.8292e+01  14 1.00000e+00  
116.4 4.8334e+01  14 1.00000e+00  
116.5 4.8379e+01  14 1.00000e+00  
116.6 4.8421e+01  14 1.00000e+00  
116.7 4.8466e+01  14 1.00000e+00  
116.8 4.8509e+01  14 1.00000e+00  
116.9 4.8551e+01  14 1.00000e+00  
117.0 4.8595e+01  14 1.00000e+00  
117.1 4.8638e+01  14 1.00000e+00  
117.2 4.8682e+01  14 1.00000e+00  
117.3 4.8725e+01  14 1.00000e+00  
117.4 4.8767e+01  14 1.00000e+00  
117.5 4.8811e+01  14 1.00000e+00  
117.6 4.8854e+01  14 1.00000e+00  
117.7 4.8762e+01  14 1.00000e+00  
117.8 4.8788e+01  14 1.00000e+00  
117.9 4.8813e+01  14 1.00000e+00  
118.0 4.8838e+01  14 1.00000e+00  
118.1 4.8864e+01  14 1.00000e+00  
118.2 4.8889e+01  14 1.00000e+00  
118.3 4.8914e+01  14 1.00000e+00  
118.4 4.8939e+01  14 1.00000e+00  
118.5 4.8965e+01  14 1.00000e+00  
118.6 4.9024e+01  14 1.00000e+00  
118.7 4.1751e+01  14 1.00000e+00  
118.8 4.1782e+01  14 1.00000e+00  
118.9 4.1857e+01  14 1.00000e+00  
119.0 4.1911e+01  14 1.00000e+00  
119.1 4.1960e+01  14 1.00000e+00  
119.2 4.1267e+01  14 1.00000e+00  
119.3 4.1320e+01  14 1.00000e+00  
119.4 4.1393e+01  14 1.00000e+00  
119.5 4.1459e+01  14 1.00000e+00  
119.6 4.1498e+01  14 1.00000e+00  
119.7 4.1580e+01  14 1.00000e+00  
119.8 4.1621e+01  14 1.00000e+00  
119.9 4.1690e+01  14 1.00000e+00  
120.0 4.1033e+01  14 1.00000e+00  
120.1 4.1057e+01  14 1.00000e+00  
120.2 4.1085e+01  14 1.00000e+00  
120.3 4.1112e+01  14 1.00000e+00  
120.4 4.1181e+01  14 1.00000e+00  
120.5 4.1256e+01  14 1.00000e+00  
120.6 4.1319e+01  14 1.00000e+00  
120.7 4.1380e+01  14 1.00000e+00  
120.8 4.1450e+01  14 1.00000e+00  
120.9 4.0879e+01  14 1.00000e+00  
121.0 4.0903e+01  14 1.00000e+00  
121.1 4.0927e+01  14 1.00000e+00  
121.2 4.0982e+01  14 1.00000e+00  
121.3 4.1017e+01  14 1.00000e+00  
121.4 4.1048e+01  14 1.00000e+00  
121.5 4.1077e+01  14 1.00000e+00  
121.6 4.1104e+01  14 1.00000e+00  
121.7 4.1157e+01  14 1.00000e+00  
121.8 4.1235e+01  14 1.00000e+00  
121.9 4.1300e+01  14 1.00000e+00  
122.0 4.1346e+01  14 1.00000e+00  
122.1 4.0830e+01  14 1.00000e+00  
122.2 4.0866e+01  14 1.00000e+00  
122.3 4.0895e+01  14 1.00000e+00  
122.4 4.0909e+01  14 1.00000e+00  
122.5 4.0966e+01  14 1.00000e+00  
122.6 4.1001e+01  14 1.00000e+00  
122.7 4.1035e+01  14 1.00000e+00  
122.8 4.1064e+01  14 1.00000e+00  
122.9 4.1092e+01  14 1.00000e+00  
123.0 4.1117e+01  14 1.00000e+00  
123.1 4.1196e+01  14 1.00000e+00  
123.2 4.1267e+01  14 1.00000e+00  
123.3 4.0773e+01  14 1.00000e+00  
123.4 4.0786e+01  14 1.00000e+00  
123.5 4.0846e+01  14 1.00000e+00  
123.6 4.0880e+01  14 1.00000e+00  
123.7 4.0903e+01  14 1.00000e+00  
123.8 4.0925e+01  14 1.00000e+00  
123.9 4.0979e+01  14 1.00000e+00  
124.0 4.1014e+01  14 1.00000e+00  
124.1 4.1045e+01  14 1.00000e+00  
124.2 4.1073e+01  14 1.00000e+00  
124.3 4.1100e+01  14 1.00000e+00  
124.4 4.0679e+01  14 1.00000e+00  
124.5 4.0718e+01  14 1.00000e+00  
124.6 4.0755e+01  14 1.00000e+00  
124.7 4.0779e+01  14 1.00000e+00  
124.8 4.0821e+01  14 1.00000e+00  
124.9 4.0858e+01  14 1.00000e+00  
125.0 5.0854e+01  14 1.00000e+00  
125.1 5.0901e+01  14 1.00000e+00  
125.2 5.0947e+01  14 1.00000e+00  
125.3 5.0994e+01  14 1.00000e+00  
125.4 5.0493e+01  14 1.00000e+00  
125.5 5.0547e+01  14 1.00000e+00  
125.6 5.0605e+01  14 1.00000e+00  
125.7 5.0682e+01  14 1.00000e+00  
125.8 5.0781e+01  14 1.00000e+00  
125.9 5.0116e+01  14 1.00000e+00  
126.0 5.0158e+01  14 1.00000e+00  
126.1 5.0201e+01  14 1.00000e+00  
126.2 5.0243e+01  14 1.00000e+00  
126.3 4.9735e+01  14 1.00000e+00  
126.4 4.9777e+01  14 1.00000e+00  
126.5 4.9818e+01  14 1.00000e+00  
126.6 4.9859e+01  14 1.00000e+00  
126.7 4.9901e+01  14 1.00000e+00  
126.8 4.9377e+01  14 1.00000e+00  
126.9 4.9418e+01  14 1.00000e+00  
127.0 4.9458e+01  14 1.00000e+00  
127.1 4.9499e+01  14 1.00000e+00  
127.2 4.8981e+01  14 1.00000e+00  
127.3 4.9021e+01  14 1.00000e+00  
127.4 4.9061e+01  14 1.00000e+00  
127.5 4.9101e+01  14 1.00000e+00  
127.6 4.9142e+01  14 1.00000e+00  
127.7 4.8626e+01  14 1.00000e+00  
127.8 4.8667e+01  14 1.00000e+00  
127.9 4.8706e+01  14 1.00000e+00  
128.0 4.8746e+01  14 1.00000e+00  
128.1 4.8785e+01  14 1.00000e+00  
128.2 4.8273e+01  14 1.00000e+00  
128.3 4.8310e+01  14 1.00000e+00  
128.4 4.8351e+01  14 1.00000e+00  
128.5 4.8389e+01  14 1.00000e+00  
128.6 4.1205e+01  14 1.00000e+00  
128.7 4.1272e+01  14 1.00000e+00  
128.8 4.1320e+01  14 1.00000e+00  
128.9 4.1386e+01  14 1.00000e+00  
129.0 4.1450e+01  14 1.00000e+00  
129.1 4.1480e+01  14 1.00000e+00  
129.2 4.1563e+01  14 1.00000e+00  
129.3 4.1615e+01  14 1.00000e+00  
129.4 4.1656e+01  14 1.00000e+00  
129.5 4.1719e+01  14 1.00000e+00  
129.6 4.1770e+01  14 1.00000e+00  
129.7 4.1810e+01  14 1.00000e+00  
129.8 4.1871e+01  14 1.00000e+00  
129.9 4.1919e+01  14 1.00000e+00  
130.0 4.1963e+01  14 1.00000e+00  
130.1 4.1980e+01  14 1.00000e+00  
130.2 4.1400e+01  14 1.00000e+00  
130.3 4.1458e+01  14 1.00000e+00  
130.4 4.1482e+01  14 1.00000e+00  
130.5 4.1561e+01  14 1.00000e+00  
130.6 4.1606e+01  14 1.00000e+00  
130.7 4.1634e+01  14 1.00000e+00  
130.8 4.1704e+01  14 1.00000e+00  
130.9 4.1752e+01  14 1.00000e+00  
131.0 4.1771e+01  14 1.00000e+00  
131.1 4.1835e+01  14 1.00000e+00  
131.2 4.1885e+01  14 1.00000e+00  
131.3 4.1931e+01  14 1.00000e+00  
131.4 4.1972e+01  14 1.00000e+00  
131.5 4.1991e+01  14 1.00000e+00  
131.6 4.2042e+01  14 1.00000e+00  
131.7 4.2092e+01  14 1.00000e+00  
131.8 4.2138e+01  14 1.00000e+00  
131.9 4.2205e+01  14 1.00000e+00  
132.0 4.2249e+01  14 1.00000e+00  
132.1 4.1646e+01  14 1.00000e+00  
132.2 4.1712e+01  14 1.00000e+00  
132.3 4.1761e+01  14 1.00000e+00  
132.4 4.1793e+01  14 1.00000e+00  
132.5 4.1859e+01  14 1.00000e+00  
132.6 4.1836e+01  14 1.00000e+00  
132.7 4.1888e+01  14 1.00000e+00  
132.8 4.1934e+01  14 1.00000e+00  
132.9 4.1974e+01  14 1.00000e+00  
133.0 4.2000e+01  14 1.00000e+00  
133.1 4.1317e+01  14 1.00000e+00  
133.2 4.1396e+01  14 1.00000e+00  
133.3 4.1456e+01  14 1.00000e+00  
133.4 4.1479e+01  14 1.00000e+00  
133.5 4.1561e+01  14 1.00000e+00  
133.6 4.1614e+01  14 1.00000e+00  
133.7 4.1652e+01  14 1.00000e+00  
133.8 4.1714e+01  14 1.00000e+00  
133.9 4.1041e+01  14 1.00000e+00  
134.0 4.1068e+01  14 1.00000e+00  
134.1 4.1088e+01  14 1.00000e+00  
134.2 4.1111e+01  14 1.00000e+00  
134.3 4.1171e+01  14 1.00000e+00  
134.4 4.1240e+01  14 1.00000e+00  
134.5 4.1299e+01  14 1.00000e+00  
134.6 4.1339e+01  14 1.00000e+00  
134.7 4.1423e+01  14 1.00000e+00  
134.8 4.1476e+01  14 1.00000e+00  
134.9 4.0889e+01  14 1.00000e+00  
135.0 4.0906e+01  14 1.00000e+00  
135.1 4.0950e+01  14 1.00000e+00  
135.2 4.0987e+01  14 1.00000e+00  
135.3 4.1018e+01  14 1.00000e+00  
135.4 4.1046e+01  14 1.00000e+00  
135.5 4.1075e+01  14 1.00000e+00  
135.6 4.1099e+01  14 1.00000e+00  
135.7 4.1132e+01  14 1.00000e+00  
135.8 4.1205e+01  14 1.00000e+00  
135.9 4.1276e+01  14 1.00000e+00  
136.0 4.1319e+01  14 1.00000e+00  
136.1 4.1383e+01  14 1.00000e+00  
136.2 4.0841e+01  14 1.00000e+00  
136.3 4.0876e+01  14 1.00000e+00  
136.4 4.0899e+01  14 1.00000e+00  
136.5 4.0909e+01  14 1.00000e+00  
136.6 4.0965e+01  14 1.00000e+00  
136.7 4.1000e+01  14 1.00000e+00  
136.8 4.1030e+01  14 1.00000e+00  
136.9 4.1057e+01  14 1.00000e+00  
137.0 4.1082e+01  14 1.00000e+00  
137.1 4.1108e+01  14 1.00000e+00  
137.2 4.1159e+01  14 1.00000e+00  
137.3 4.1228e+01  14 1.00000e+00  
137.4 4.1287e+01  14 1.00000e+00  
137.5 4.0778e+01  14 1.00000e+00  
137.6 4.0809e+01  14 1.00000e+00  
137.7 4.0850e+01  14 1.00000e+00  
137.8 4.0880e+01  14 1.00000e+00  
137.9 4.0901e+01  14 1.00000e+00  
138.0 4.0917e+01  14 1.00000e+00  
138.1 4.0972e+01  14 1.00000e+00  
138.2 4.1003e+01  14 1.00000e+00  
138.3 4.1032e+01  14 1.00000e+00  
138.4 4.1061e+01  14 1.00000e+00  
138.5 4.1086e+01  14 1.00000e+00  
138.6 4.0661e+01  14 1.00000e+00  
138.7 4.0683e+01  14 1.00000e+00  
138.8 4.0724e+01  14 1.00000e+00  
138.9 4.0756e+01  14 1.00000e+00  
139.0 4.0778e+01  14 1.00000e+00  
139.1 4.0806e+01  14 1.00000e+00  
139.2 4.0848e+01  14 1.00000e+00  
139.3 5.0871e+01  14 1.00000e+00  
139.4 5.0922e+01  14 1.00000e+00  
139.5 5.0973e+01  14 1.00000e+00  
139.6 5.1024e+01  14 1.00000e+00  
139.7 5.0457e+01  14 1.00000e+00  
139.8 5.0499e+01  14 1.00000e+00  
139.9 5.0548e+01  14 1.00000e+00  
140.0 5.0601e+01  14 1.00000e+00  
140.1 5.0024e+01  14 1.00000e+00  
140.2 5.0062e+01  14 1.00000e+00  
140.3 5.0100e+01  14 1.00000e+00  
140.4 5.0138e+01  14 1.00000e+00  
140.5 5.0176e+01  14 1.00000e+00  
140.6 4.9665e+01  14 1.00000e+00  
140.7 4.9702e+01  14 1.00000e+00  
140.8 4.9739e+01  14 1.00000e+00  
140.9 4.9776e+01  14 1.00000e+00  
141.0 4.9251e+01  14 1.00000e+00  
141.1 4.9287e+01  14 1.00000e+00  
141.2 4.9324e+01  14 1.00000e+00  
141.3 4.9360e+01  14 1.00000e+00  
141.4 4.9396e+01  14 1.00000e+00  
141.5 4.8876e+01  14 1.00000e+00  
141.6 4.8911e+01  14 1.00000e+00  
141.7 4.8948e+01  14 1.00000e+00  
141.8 4.8983e+01  14 1.00000e+00  
141.9 4.9020e+01  14 1.00000e+00  
142.0 4.8502e+01  14 1.00000e+00  
142.1 4.8538e+01  14 1.00000e+00  
142.2 4.8573e+01  14 1.00000e+00  
142.3 4.8609e+01  14 1.00000e+00  
142.4 4.1524e+01  14 1.00000e+00  
142.5 4.1583e+01  14 1.00000e+00  
142.6 4.1627e+01  14 1.00000e+00  
142.7 4.1669e+01  14 1.00000e+00  
142.8 4.1723e+01  14 1.00000e+00  
142.9 4.1770e+01  14 1.00000e+00  
143.0 4.1801e+01  14 1.00000e+00  
143.1 4.1860e+01  14 1.00000e+00  
143.2 4.1149e+01  14 1.00000e+00  
143.3 4.1225e+01  14 1.00000e+00  
143.4 4.1283e+01  14 1.00000e+00  
143.5 4.1318e+01  14 1.00000e+00  
143.6 4.1383e+01  14 1.00000e+00  
143.7 4.1442e+01  14 1.00000e+00  
143.8 4.1481e+01  14 1.00000e+00  
143.9 4.1522e+01  14 1.00000e+00  
144.0 4.1580e+01  14 1.00000e+00  
144.1 4.1625e+01  14 1.00000e+00  
144.2 4.1664e+01  14 1.00000e+00  
144.3 4.1711e+01  14 1.00000e+00  
144.4 4.1756e+01  14 1.00000e+00  
144.5 4.1774e+01  14 1.00000e+00  
144.6 4.1840e+01  14 1.00000e+00  
144.7 4.1881e+01  14 1.00000e+00  
144.8 4.1924e+01  14 1.00000e+00  
144.9 4.1963e+01  14 1.00000e+00  
145.0 4.1978e+01  14 1.00000e+00  
145.1 4.2030e+01  14 1.00000e+00  
145.2 4.2079e+01  14 1.00000e+00  
145.3 4.2123e+01  14 1.00000e+00  
145.4 4.2188e+01  14 1.00000e+00  
145.5 4.2230e+01  14 1.00000e+00  
145.6 4.2275e+01  14 1.00000e+00  
145.7 4.2315e+01  14 1.00000e+00  
145.8 4.1735e+01  14 1.00000e+00  
145.9 4.1769e+01  14 1.00000e+00  
146.0 4.1819e+01  14 1.00000e+00  
146.1 4.1873e+01  14 1.00000e+00  
146.2 4.1916e+01  14 1.00000e+00  
146.3 4.1901e+01  14 1.00000e+00  
146.4 4.1942e+01  14 1.00000e+00  
146.5 4.1974e+01  14 1.00000e+00  
146.6 4.2007e+01  14 1.00000e+00  
146.7 4.2058e+01  14 1.00000e+00  
146.8 4.2104e+01  14 1.00000e+00  
146.9 4.1454e+01  14 1.00000e+00  
147.0 4.1478e+01  14 1.00000e+00  
147.1 4.1547e+01  14 1.00000e+00  
147.2 4.1597e+01  14 1.00000e+00  
147.3 4.1620e+01  14 1.00000e+00  
147.4 4.1692e+01  14 1.00000e+00  
147.5 4.1021e+01  14 1.00000e+00  
147.6 4.1047e+01  14 1.00000e+00  
147.7 4.1074e+01  14 1.00000e+00  
147.8 4.1096e+01  14 1.00000e+00  
147.9 4.1117e+01  14 1.00000e+00  
148.0 4.1192e+01  14 1.00000e+00  
148.1 4.1255e+01  14 1.00000e+00  
148.2 4.1308e+01  14 1.00000e+00  
148.3 4.1340e+01  14 1.00000e+00  
148.4 4.1419e+01  14 1.00000e+00  
148.5 4.1467e+01  14 1.00000e+00  
148.6 4.0884e+01  14 1.00000e+00  
148.7 4.0902e+01  14 1.00000e+00  
148.8 4.0919e+01  14 1.00000e+00  
148.9 4.0970e+01  14 1.00000e+00  
149.0 4.0999e+01  14 1.00000e+00  
149.1 4.1028e+01  14 1.00000e+00  
149.2 4.1056e+01  14 1.00000e+00  
149.3 4.1079e+01  14 1.00000e+00  
149.4 4.1101e+01  14 1.00000e+00  
149.5 4.1137e+01  14 1.00000e+00  
149.6 4.1203e+01  14 1.00000e+00  
149.7 4.1263e+01  14 1.00000e+00  
149.8 4.1314e+01  14 1.00000e+00  
149.9 4.0780e+01  14 1.00000e+00  
150.0 4.0828e+01  14 1.00000e+00  
