 15.1 1.4522e+00  13 4.42021e-02  
 15.2 1.4596e+00  13 4.45477e-02  
 15.3 1.4670e+00  13 4.48889e-02  
 15.4 1.4745e+00  13 4.52259e-02  
 15.5 1.4819e+00  13 4.55588e-02  
 15.6 1.4894e+00  13 4.58877e-02  
 15.7 1.4968e+00  13 4.62125e-02  
 15.8 1.5043e+00  13 4.65334e-02  
 15.9 1.5117e+00  13 4.68505e-02  
 16.0 1.5191e+00  13 4.71638e-02  
 16.1 1.5266e+00  13 4.74739e-02  
 16.2 1.5340e+00  13 4.77800e-02  
 16.3 1.5414e+00  13 4.80824e-02  
 16.4 1.5489e+00  13 4.83813e-02  
 16.5 1.5563e+00  13 4.86768e-02  
 16.6 1.5637e+00  13 4.89690e-02  
 16.7 1.5711e+00  13 4.92578e-02  
 16.8 1.5786e+00  13 4.95434e-02  
 16.9 1.5860e+00  13 4.98257e-02  
 17.0 1.5934e+00  13 5.01049e-02  
 17.1 1.6008e+00  13 5.03810e-02  
 17.2 1.6082e+00  13 5.06540e-02  
 17.3 1.6157e+00  13 5.09240e-02  
 17.4 1.6231e+00  13 5.11910e-02  
 17.5 1.6305e+00  13 5.14552e-02  
 17.6 1.6403e+00  13 5.18378e-02  
 17.7 1.6521e+00  13 5.24430e-02  
 17.8 1.6641e+00  13 5.30497e-02  
 17.9 1.6762e+00  13 5.36579e-02  
 18.0 1.6883e+00  13 5.42676e-02  
 18.1 1.7006e+00  13 5.48790e-02  
 18.2 1.7129e+00  13 5.54920e-02  
 18.3 1.7254e+00  13 5.61067e-02  
 18.4 1.7379e+00  13 5.67231e-02  
 18.5 1.7505e+00  13 5.73414e-02  
 18.6 1.7632e+00  13 5.79616e-02  
 18.7 1.7761e+00  13 5.85837e-02  
 18.8 1.7890e+00  13 5.92078e-02  
 18.9 1.8020e+00  13 5.98339e-02  
 19.0 1.8151e+00  13 6.04621e-02  
 19.1 1.8283e+00  13 6.10924e-02  
 19.2 1.8417e+00  13 6.17249e-02  
 19.3 1.8551e+00  13 6.23596e-02  
 19.4 1.8686e+00  13 6.29967e-02  
 19.5 1.8822e+00  13 6.36359e-02  
 19.6 1.8960e+00  13 6.42777e-02  
 19.7 1.9098e+00  13 6.49219e-02  
 19.8 1.9237e+00  13 6.55685e-02  
 19.9 1.7474e+01  14 1.00000e+00  
 20.0 1.7558e+01  14 1.00000e+00  
 20.1 1.7643e+01  14 1.00000e+00  
 20.2 1.7727e+01  14 1.00000e+00  
 20.3 1.7812e+01  14 1.00000e+00  
 20.4 1.7896e+01  14 1.00000e+00  
 20.5 1.7981e+01  14 1.00000e+00  
 20.6 1.8065e+01  14 1.00000e+00  
 20.7 1.8149e+01  14 1.00000e+00  
 20.8 1.8233e+01  14 1.00000e+00  
 20.9 1.8318e+01  14 1.00000e+00  
 21.0 1.8402e+01  14 1.00000e+00  
 21.1 1.8486e+01  14 1.00000e+00  
 21.2 1.8570e+01  14 1.00000e+00  
 21.3 1.8654e+01  14 1.00000e+00  
 21.4 1.8738e+01  14 1.00000e+00  
 21.5 1.8822e+01  14 1.00000e+00  
 21.6 1.8906e+01  14 1.00000e+00  
 21.7 1.8990e+01  14 1.00000e+00  
 21.8 1.9074e+01  14 1.00000e+00  
 21.9 1.9158e+01  14 1.00000e+00  
 22.0 1.9242e+01  14 1.00000e+00  
 22.1 1.9325e+01  14 1.00000e+00  
 22.2 1.9409e+01  14 1.00000e+00  
 22.3 1.9493e+01  14 1.00000e+00  
 22.4 1.9577e+01  14 1.00000e+00  
 22.5 1.9660e+01  14 1.00000e+00  
 22.6 1.9744e+01  14 1.00000e+00  
 22.7 5.5796e+00  14 2.47239e-01  
 22.8 5.6980e+00  14 2.52384e-01  
 22.9 5.8181e+00  14 2.57572e-01  
 23.0 5.9399e+00  14 2.62801e-01  
 23.1 6.0633e+00  14 2.68072e-01  
 23.2 6.1884e+00  14 2.73385e-01  
 23.3 6.3152e+00  14 2.78739e-01  
 23.4 6.4437e+00  14 2.84135e-01  
 23.5 6.5739e+00  14 2.89571e-01  
 23.6 6.7057e+00  14 2.95049e-01  
 23.7 6.8393e+00  14 3.00567e-01  
 23.8 6.9746e+00  14 3.06125e-01  
 23.9 7.1116e+00  14 3.11724e-01  
 24.0 7.2503e+00  14 3.17363e-01  
 24.1 7.3907e+00  14 3.23043e-01  
 24.2 7.5329e+00  14 3.28761e-01  
 24.3 7.6768e+00  14 3.34520e-01  
 24.4 7.8224e+00  14 3.40318e-01  
 24.5 7.9698e+00  14 3.46155e-01  
 24.6 8.1190e+00  14 3.52032e-01  
 24.7 8.2699e+00  14 3.57948e-01  
 24.8 8.4226e+00  14 3.63903e-01  
 24.9 8.5771e+00  14 3.69896e-01  
 25.0 8.7333e+00  14 3.75928e-01  
 25.1 8.8913e+00  14 3.81999e-01  
 25.2 9.0511e+00  14 3.88108e-01  
 25.3 9.2128e+00  14 3.94255e-01  
 25.4 9.3762e+00  14 4.00441e-01  
 25.5 9.5414e+00  14 4.06665e-01  
 25.6 9.7085e+00  14 4.12927e-01  
 25.7 9.8774e+00  14 4.19226e-01  
 25.8 1.0048e+01  14 4.25564e-01  
 25.9 1.0221e+01  14 4.31939e-01  
 26.0 1.0395e+01  14 4.38351e-01  
 26.1 1.0571e+01  14 4.44801e-01  
 26.2 1.0749e+01  14 4.51289e-01  
 26.3 1.0929e+01  14 4.57814e-01  
 26.4 1.1111e+01  14 4.64376e-01  
 26.5 1.1295e+01  14 4.70975e-01  
 26.6 1.1480e+01  14 4.77612e-01  
 26.7 1.1668e+01  14 4.84285e-01  
 26.8 1.1857e+01  14 4.90995e-01  
 26.9 1.2049e+01  14 4.97742e-01  
 27.0 1.2242e+01  14 5.04526e-01  
 27.1 1.2437e+01  14 5.11347e-01  
 27.2 1.2634e+01  14 5.18204e-01  
 27.3 1.2833e+01  14 5.25098e-01  
 27.4 1.3034e+01  14 5.32029e-01  
 27.5 1.3237e+01  14 5.38996e-01  
 27.6 1.3441e+01  14 5.45999e-01  
 27.7 1.3648e+01  14 5.53039e-01  
 27.8 1.3857e+01  14 5.60116e-01  
 27.9 1.4067e+01  14 5.67228e-01  
 28.0 1.4280e+01  14 5.74377e-01  
 28.1 1.4495e+01  14 5.81562e-01  
 28.2 1.4711e+01  14 5.88784e-01  
 28.3 1.4930e+01  14 5.96041e-01  
 28.4 1.5151e+01  14 6.03335e-01  
 28.5 1.5373e+01  14 6.10665e-01  
 28.6 1.5598e+01  14 6.18031e-01  
 28.7 1.5824e+01  14 6.25433e-01  
 28.8 1.6053e+01  14 6.32870e-01  
 28.9 1.6284e+01  14 6.40344e-01  
 29.0 1.6517e+01  14 6.47854e-01  
 29.1 1.6752e+01  14 6.55400e-01  
 29.2 1.6988e+01  14 6.62982e-01  
 29.3 1.7227e+01  14 6.70600e-01  
 29.4 1.7469e+01  14 6.78253e-01  
 29.5 1.7712e+01  14 6.85943e-01  
 29.6 1.7957e+01  14 6.93668e-01  
 29.7 1.8204e+01  14 7.01430e-01  
 29.8 1.8454e+01  14 7.09227e-01  
 29.9 1.8705e+01  14 7.17060e-01  
 30.0 1.8959e+01  14 7.24929e-01  
 30.1 1.9215e+01  14 7.32834e-01  
 30.2 1.9473e+01  14 7.40774e-01  
 30.3 1.9683e+01  14 7.48911e-01  
 30.4 1.9944e+01  14 7.56919e-01  
 30.5 2.0207e+01  14 7.64962e-01  
 30.6 2.0472e+01  14 7.73041e-01  
 30.7 2.0740e+01  14 7.81156e-01  
 30.8 2.1010e+01  14 7.89307e-01  
 30.9 2.1281e+01  14 7.97493e-01  
 31.0 2.1555e+01  14 8.05716e-01  
 31.1 2.1831e+01  14 8.13974e-01  
 31.2 2.2110e+01  14 8.22268e-01  
 31.3 2.2390e+01  14 8.30598e-01  
 31.4 2.2673e+01  14 8.38964e-01  
 31.5 2.2958e+01  14 8.47366e-01  
 31.6 2.3245e+01  14 8.55804e-01  
 31.7 2.3535e+01  14 8.64278e-01  
 31.8 2.3826e+01  14 8.72788e-01  
 31.9 2.4120e+01  14 8.81333e-01  
 32.0 2.4416e+01  14 8.89915e-01  
 32.1 2.4715e+01  14 8.98533e-01  
 32.2 2.5015e+01  14 9.07187e-01  
 32.3 2.5318e+01  14 9.15877e-01  
 32.4 2.5624e+01  14 9.24603e-01  
 32.5 2.5931e+01  14 9.33365e-01  
 32.6 2.6241e+01  14 9.42163e-01  
 32.7 2.6553e+01  14 9.50998e-01  
 32.8 2.6867e+01  14 9.59869e-01  
 32.9 2.7184e+01  14 9.68776e-01  
 33.0 2.7503e+01  14 9.77719e-01  
 33.1 2.7825e+01  14 9.86699e-01  
 33.2 2.8149e+01  14 9.95715e-01  
 33.3 2.8345e+01  14 1.00000e+00  
 33.4 2.8422e+01  14 1.00000e+00  
 33.5 2.8500e+01  14 1.00000e+00  
 33.6 2.8578e+01  14 1.00000e+00  
 33.7 2.8656e+01  14 1.00000e+00  
 33.8 2.8733e+01  14 1.00000e+00  
 33.9 2.8811e+01  14 1.00000e+00  
 34.0 2.8887e+01  14 1.00000e+00  
 34.1 2.8964e+01  14 1.00000e+00  
 34.2 2.9041e+01  14 1.00000e+00  
 34.3 2.9118e+01  14 1.00000e+00  
 34.4 2.9195e+01  14 1.00000e+00  
 34.5 2.9034e+01  14 1.00000e+00  
 34.6 2.9110e+01  14 1.00000e+00  
 34.7 2.9187e+01  14 1.00000e+00  
 34.8 2.9264e+01  14 1.00000e+00  
 34.9 2.9194e+01  14 1.00000e+00  
 35.0 2.9270e+01  14 1.00000e+00  
 35.1 2.9346e+01  14 1.00000e+00  
 35.2 2.9422e+01  14 1.00000e+00  
 35.3 2.9498e+01  14 1.00000e+00  
 35.4 2.9426e+01  14 1.00000e+00  
 35.5 2.9502e+01  14 1.00000e+00  
 35.6 2.9466e+01  14 1.00000e+00  
 35.7 2.9543e+01  14 1.00000e+00  
 35.8 2.9468e+01  14 1.00000e+00  
 35.9 2.6924e+01  14 1.00000e+00  
 36.0 2.4999e+01  14 1.00000e+00  
 36.1 2.2957e+01  14 1.00000e+00  
 36.2 2.1527e+01  14 1.00000e+00  
 36.3 1.9232e+01  14 1.00000e+00  
 36.4 1.7618e+01  14 1.00000e+00  
 36.5 1.5906e+01  14 1.00000e+00  
 36.6 1.4058e+01  14 1.00000e+00  
 36.7 1.3491e+01  14 1.00000e+00  
 36.8 1.3427e+01  14 1.00000e+00  
 36.9 1.3386e+01  14 1.00000e+00  
 37.0 1.3401e+01  14 1.00000e+00  
 37.1 1.3434e+01  14 1.00000e+00  
 37.2 1.3471e+01  14 1.00000e+00  
 37.3 1.3508e+01  14 1.00000e+00  
 37.4 1.3544e+01  14 1.00000e+00  
 37.5 1.3580e+01  14 1.00000e+00  
 37.6 1.3616e+01  14 1.00000e+00  
 37.7 1.3649e+01  14 1.00000e+00  
 37.8 1.3686e+01  14 1.00000e+00  
 37.9 1.3722e+01  14 1.00000e+00  
 38.0 1.3758e+01  14 1.00000e+00  
 38.1 1.3794e+01  14 1.00000e+00  
 38.2 1.3830e+01  14 1.00000e+00  
 38.3 1.3866e+01  14 1.00000e+00  
 38.4 1.3900e+01  14 1.00000e+00  
 38.5 1.3936e+01  14 1.00000e+00  
 38.6 1.3972e+01  14 1.00000e+00  
 38.7 1.4008e+01  14 1.00000e+00  
 38.8 1.4044e+01  14 1.00000e+00  
 38.9 1.4080e+01  14 1.00000e+00  
 39.0 1.4114e+01  14 1.00000e+00  
 39.1 1.4150e+01  14 1.00000e+00  
 39.2 1.4187e+01  14 1.00000e+00  
 39.3 1.4223e+01  14 1.00000e+00  
 39.4 1.4259e+01  14 1.00000e+00  
 39.5 1.4294e+01  14 1.00000e+00  
 39.6 1.4330e+01  14 1.00000e+00  
 39.7 1.4365e+01  14 1.00000e+00  
 39.8 1.4401e+01  14 1.00000e+00  
 39.9 1.4437e+01  14 1.00000e+00  
 40.0 1.4472e+01  14 1.00000e+00  
 40.1 1.4508e+01  14 1.00000e+00  
 40.2 1.4544e+01  14 1.00000e+00  
 40.3 1.4580e+01  14 1.00000e+00  
 40.4 1.4614e+01  14 1.00000e+00  
 40.5 1.4650e+01  14 1.00000e+00  
 40.6 1.4686e+01  14 1.00000e+00  
 40.7 1.4722e+01  14 1.00000e+00  
 40.8 1.4758e+01  14 1.00000e+00  
 40.9 1.4802e+01  14 1.00000e+00  
 41.0 1.4828e+01  14 1.00000e+00  
 41.1 1.4864e+01  14 1.00000e+00  
 41.2 1.4899e+01  14 1.00000e+00  
 41.3 1.4937e+01  14 1.00000e+00  
 41.4 1.4981e+01  14 1.00000e+00  
 41.5 1.5026e+01  14 1.00000e+00  
 41.6 1.5070e+01  14 1.00000e+00  
 41.7 1.5077e+01  14 1.00000e+00  
 41.8 1.5117e+01  14 1.00000e+00  
 41.9 1.5161e+01  14 1.00000e+00  
 42.0 1.5206e+01  14 1.00000e+00  
 42.1 1.5251e+01  14 1.00000e+00  
 42.2 1.5295e+01  14 1.00000e+00  
 42.3 1.5297e+01  14 1.00000e+00  
 42.4 1.5342e+01  14 1.00000e+00  
 42.5 1.5387e+01  14 1.00000e+00  
 42.6 1.5431e+01  14 1.00000e+00  
 42.7 1.5480e+01  14 1.00000e+00  
 42.8 1.5537e+01  14 1.00000e+00  
 42.9 1.5523e+01  14 1.00000e+00  
 43.0 1.5568e+01  14 1.00000e+00  
 43.1 1.5613e+01  14 1.00000e+00  
 43.2 1.5666e+01  14 1.00000e+00  
 43.3 1.5807e+01  14 1.00000e+00  
 43.4 1.5845e+01  14 1.00000e+00  
 43.5 1.5750e+01  14 1.00000e+00  
 43.6 1.5795e+01  14 1.00000e+00  
 43.7 1.5854e+01  14 1.00000e+00  
 43.8 1.5987e+01  14 1.00000e+00  
 43.9 1.6025e+01  14 1.00000e+00  
 44.0 1.5932e+01  14 1.00000e+00  
 44.1 1.5985e+01  14 1.00000e+00  
 44.2 1.6129e+01  14 1.00000e+00  
 44.3 1.6167e+01  14 1.00000e+00  
 44.4 1.6205e+01  14 1.00000e+00  
 44.5 1.6241e+01  14 1.00000e+00  
 44.6 1.6271e+01  14 1.00000e+00  
 44.7 1.6309e+01  14 1.00000e+00  
 44.8 1.6347e+01  14 1.00000e+00  
 44.9 1.6383e+01  14 1.00000e+00  
 45.0 1.6420e+01  14 1.00000e+00  
 45.1 1.6451e+01  14 1.00000e+00  
 45.2 1.6489e+01  14 1.00000e+00  
 45.3 1.6526e+01  14 1.00000e+00  
 45.4 1.6562e+01  14 1.00000e+00  
 45.5 1.6598e+01  14 1.00000e+00  
 45.6 1.6631e+01  14 1.00000e+00  
 45.7 1.6668e+01  14 1.00000e+00  
 45.8 1.6704e+01  14 1.00000e+00  
 45.9 1.6741e+01  14 1.00000e+00  
 46.0 1.6773e+01  14 1.00000e+00  
 46.1 1.6811e+01  14 1.00000e+00  
 46.2 1.6846e+01  14 1.00000e+00  
 46.3 1.6883e+01  14 1.00000e+00  
 46.4 1.6916e+01  14 1.00000e+00  
 46.5 1.6953e+01  14 1.00000e+00  
 46.6 1.6988e+01  14 1.00000e+00  
 46.7 1.7025e+01  14 1.00000e+00  
 46.8 1.7058e+01  14 1.00000e+00  
 46.9 1.7094e+01  14 1.00000e+00  
 47.0 1.7130e+01  14 1.00000e+00  
 47.1 1.7166e+01  14 1.00000e+00  
 47.2 1.7199e+01  14 1.00000e+00  
 47.3 1.7236e+01  14 1.00000e+00  
 47.4 1.7272e+01  14 1.00000e+00  
 47.5 1.7304e+01  14 1.00000e+00  
 47.6 1.7342e+01  14 1.00000e+00  
 47.7 1.7370e+01  14 1.00000e+00  
 47.8 1.7408e+01  14 1.00000e+00  
 47.9 1.7447e+01  14 1.00000e+00  
 48.0 1.7338e+01  14 1.00000e+00  
 48.1 1.7344e+01  14 1.00000e+00  
 48.2 1.7390e+01  14 1.00000e+00  
 48.3 1.7402e+01  14 1.00000e+00  
 48.4 1.7436e+01  14 1.00000e+00  
 48.5 1.7469e+01  14 1.00000e+00  
 48.6 1.7499e+01  14 1.00000e+00  
 48.7 1.7511e+01  14 1.00000e+00  
 48.8 1.7548e+01  14 1.00000e+00  
 48.9 1.7585e+01  14 1.00000e+00  
 49.0 1.7624e+01  14 1.00000e+00  
 49.1 1.7662e+01  14 1.00000e+00  
 49.2 1.7698e+01  14 1.00000e+00  
 49.3 1.7739e+01  14 1.00000e+00  
 49.4 1.7777e+01  14 1.00000e+00  
 49.5 1.7812e+01  14 1.00000e+00  
 49.6 1.7847e+01  14 1.00000e+00  
 49.7 1.7882e+01  14 1.00000e+00  
 49.8 1.7918e+01  14 1.00000e+00  
 49.9 1.7954e+01  14 1.00000e+00  
 50.0 1.7990e+01  14 1.00000e+00  
 50.1 1.8025e+01  14 1.00000e+00  
 50.2 1.8050e+01  14 1.00000e+00  
 50.3 1.8085e+01  14 1.00000e+00  
 50.4 1.8120e+01  14 1.00000e+00  
 50.5 1.8155e+01  14 1.00000e+00  
 50.6 1.8190e+01  14 1.00000e+00  
 50.7 1.8236e+01  14 1.00000e+00  
 50.8 1.8443e+01  14 1.00000e+00  
 50.9 1.8481e+01  14 1.00000e+00  
 51.0 1.8519e+01  14 1.00000e+00  
 51.1 1.8560e+01  14 1.00000e+00  
 51.2 1.8595e+01  14 1.00000e+00  
 51.3 1.8631e+01  14 1.00000e+00  
 51.4 1.8667e+01  14 1.00000e+00  
 51.5 1.8703e+01  14 1.00000e+00  
 51.6 1.8738e+01  14 1.00000e+00  
 51.7 1.8773e+01  14 1.00000e+00  
 51.8 1.8808e+01  14 1.00000e+00  
 51.9 1.8844e+01  14 1.00000e+00  
 52.0 1.8879e+01  14 1.00000e+00  
 52.1 1.8914e+01  14 1.00000e+00  
 52.2 1.8950e+01  14 1.00000e+00  
 52.3 1.8984e+01  14 1.00000e+00  
 52.4 1.9023e+01  14 1.00000e+00  
 52.5 1.9070e+01  14 1.00000e+00  
 52.6 1.9116e+01  14 1.00000e+00  
 52.7 1.9311e+01  14 1.00000e+00  
 52.8 1.9352e+01  14 1.00000e+00  
 52.9 1.9390e+01  14 1.00000e+00  
 53.0 1.9425e+01  14 1.00000e+00  
 53.1 1.9461e+01  14 1.00000e+00  
 53.2 1.9497e+01  14 1.00000e+00  
 53.3 1.9533e+01  14 1.00000e+00  
 53.4 1.9569e+01  14 1.00000e+00  
 53.5 1.9605e+01  14 1.00000e+00  
 53.6 1.9642e+01  14 1.00000e+00  
 53.7 1.9677e+01  14 1.00000e+00  
 53.8 1.9713e+01  14 1.00000e+00  
 53.9 1.9749e+01  14 1.00000e+00  
 54.0 1.9784e+01  14 1.00000e+00  
 54.1 1.9819e+01  14 1.00000e+00  
 54.2 1.9859e+01  14 1.00000e+00  
 54.3 1.9906e+01  14 1.00000e+00  
 54.4 1.9953e+01  14 1.00000e+00  
 54.5 2.0000e+01  14 1.00000e+00  
 54.6 2.0047e+01  14 1.00000e+00  
 54.7 2.0094e+01  14 1.00000e+00  
 54.8 2.0280e+01  14 1.00000e+00  
 54.9 2.0321e+01  14 1.00000e+00  
 55.0 2.0356e+01  14 1.00000e+00  
 55.1 2.0392e+01  14 1.00000e+00  
 55.2 2.0429e+01  14 1.00000e+00  
 55.3 2.0465e+01  14 1.00000e+00  
 55.4 2.0502e+01  14 1.00000e+00  
 55.5 2.0539e+01  14 1.00000e+00  
 55.6 2.0575e+01  14 1.00000e+00  
 55.7 2.0611e+01  14 1.00000e+00  
 55.8 2.0647e+01  14 1.00000e+00  
 55.9 2.0683e+01  14 1.00000e+00  
 56.0 2.0708e+01  14 1.00000e+00  
 56.1 2.0745e+01  14 1.00000e+00  
 56.2 2.0792e+01  14 1.00000e+00  
 56.3 2.0839e+01  14 1.00000e+00  
 56.4 2.0886e+01  14 1.00000e+00  
 56.5 2.0933e+01  14 1.00000e+00  
 56.6 2.0980e+01  14 1.00000e+00  
 56.7 2.1027e+01  14 1.00000e+00  
 56.8 2.1074e+01  14 1.00000e+00  
 56.9 2.1258e+01  14 1.00000e+00  
 57.0 2.1299e+01  14 1.00000e+00  
 57.1 2.1335e+01  14 1.00000e+00  
 57.2 2.1371e+01  14 1.00000e+00  
 57.3 2.1408e+01  14 1.00000e+00  
 57.4 2.1445e+01  14 1.00000e+00  
 57.5 2.1482e+01  14 1.00000e+00  
 57.6 2.1519e+01  14 1.00000e+00  
 57.7 2.1556e+01  14 1.00000e+00  
 57.8 2.1592e+01  14 1.00000e+00  
 57.9 2.1629e+01  14 1.00000e+00  
 58.0 2.1665e+01  14 1.00000e+00  
 58.1 2.1700e+01  14 1.00000e+00  
 58.2 2.1736e+01  14 1.00000e+00  
 58.3 2.1774e+01  14 1.00000e+00  
 58.4 2.1821e+01  14 1.00000e+00  
 58.5 2.1868e+01  14 1.00000e+00  
 58.6 2.1915e+01  14 1.00000e+00  
 58.7 2.1963e+01  14 1.00000e+00  
 58.8 2.2010e+01  14 1.00000e+00  
 58.9 2.2057e+01  14 1.00000e+00  
 59.0 2.2104e+01  14 1.00000e+00  
 59.1 2.2151e+01  14 1.00000e+00  
 59.2 2.2198e+01  14 1.00000e+00  
 59.3 2.2379e+01  14 1.00000e+00  
 59.4 2.2418e+01  14 1.00000e+00  
 59.5 2.2455e+01  14 1.00000e+00  
 59.6 2.2484e+01  14 1.00000e+00  
 59.7 2.2521e+01  14 1.00000e+00  
 59.8 2.2559e+01  14 1.00000e+00  
 59.9 2.2596e+01  14 1.00000e+00  
 60.0 2.2633e+01  14 1.00000e+00  
 60.1 2.2669e+01  14 1.00000e+00  
 60.2 2.2706e+01  14 1.00000e+00  
 60.3 2.2744e+01  14 1.00000e+00  
 60.4 2.2780e+01  14 1.00000e+00  
 60.5 2.2817e+01  14 1.00000e+00  
 60.6 2.2854e+01  14 1.00000e+00  
 60.7 2.2890e+01  14 1.00000e+00  
 60.8 2.2926e+01  14 1.00000e+00  
 60.9 2.2965e+01  14 1.00000e+00  
 61.0 2.3009e+01  14 1.00000e+00  
 61.1 2.3052e+01  14 1.00000e+00  
 61.2 2.3096e+01  14 1.00000e+00  
 61.3 2.3140e+01  14 1.00000e+00  
 61.4 2.3184e+01  14 1.00000e+00  
 61.5 2.3228e+01  14 1.00000e+00  
 61.6 2.3272e+01  14 1.00000e+00  
 61.7 2.3316e+01  14 1.00000e+00  
 61.8 2.3360e+01  14 1.00000e+00  
 61.9 2.3404e+01  14 1.00000e+00  
 62.0 2.3451e+01  14 1.00000e+00  
 62.1 2.3504e+01  14 1.00000e+00  
 62.2 2.3556e+01  14 1.00000e+00  
 62.3 2.3606e+01  14 1.00000e+00  
 62.4 2.3654e+01  14 1.00000e+00  
 62.5 2.3701e+01  14 1.00000e+00  
 62.6 2.3746e+01  14 1.00000e+00  
 62.7 2.3899e+01  14 1.00000e+00  
 62.8 2.3936e+01  14 1.00000e+00  
 62.9 2.3972e+01  14 1.00000e+00  
 63.0 2.4011e+01  14 1.00000e+00  
 63.1 2.4049e+01  14 1.00000e+00  
 63.2 2.4087e+01  14 1.00000e+00  
 63.3 2.4124e+01  14 1.00000e+00  
 63.4 2.4155e+01  14 1.00000e+00  
 63.5 2.4193e+01  14 1.00000e+00  
 63.6 2.4231e+01  14 1.00000e+00  
 63.7 2.4268e+01  14 1.00000e+00  
 63.8 2.4307e+01  14 1.00000e+00  
 63.9 2.4344e+01  14 1.00000e+00  
 64.0 2.4381e+01  14 1.00000e+00  
 64.1 2.4419e+01  14 1.00000e+00  
 64.2 2.4455e+01  14 1.00000e+00  
 64.3 2.4493e+01  14 1.00000e+00  
 64.4 2.4530e+01  14 1.00000e+00  
 64.5 2.4567e+01  14 1.00000e+00  
 64.6 2.4604e+01  14 1.00000e+00  
 64.7 2.4641e+01  14 1.00000e+00  
 64.8 2.4683e+01  14 1.00000e+00  
 64.9 2.4727e+01  14 1.00000e+00  
 65.0 2.4772e+01  14 1.00000e+00  
 65.1 2.4816e+01  14 1.00000e+00  
 65.2 2.4861e+01  14 1.00000e+00  
 65.3 2.4905e+01  14 1.00000e+00  
 65.4 2.4950e+01  14 1.00000e+00  
 65.5 2.4995e+01  14 1.00000e+00  
 65.6 2.5039e+01  14 1.00000e+00  
 65.7 2.5084e+01  14 1.00000e+00  
 65.8 2.5129e+01  14 1.00000e+00  
 65.9 2.5196e+01  14 1.00000e+00  
 66.0 2.5249e+01  14 1.00000e+00  
 66.1 2.5299e+01  14 1.00000e+00  
 66.2 2.5348e+01  14 1.00000e+00  
 66.3 2.5398e+01  14 1.00000e+00  
 66.4 2.5445e+01  14 1.00000e+00  
 66.5 2.5491e+01  14 1.00000e+00  
 66.6 2.5536e+01  14 1.00000e+00  
 66.7 2.5580e+01  14 1.00000e+00  
 66.8 2.5724e+01  14 1.00000e+00  
 66.9 2.5762e+01  14 1.00000e+00  
 67.0 2.5811e+01  14 1.00000e+00  
 67.1 2.5845e+01  14 1.00000e+00  
 67.2 2.5888e+01  14 1.00000e+00  
 67.3 2.5935e+01  14 1.00000e+00  
 67.4 2.5987e+01  14 1.00000e+00  
 67.5 2.6017e+01  14 1.00000e+00  
 67.6 2.6063e+01  14 1.00000e+00  
 67.7 2.6113e+01  14 1.00000e+00  
 67.8 2.6145e+01  14 1.00000e+00  
 67.9 2.6194e+01  14 1.00000e+00  
 68.0 2.6245e+01  14 1.00000e+00  
 68.1 2.6300e+01  14 1.00000e+00  
 68.2 2.6323e+01  14 1.00000e+00  
 68.3 2.6370e+01  14 1.00000e+00  
 68.4 2.6423e+01  14 1.00000e+00  
 68.5 2.6479e+01  14 1.00000e+00  
 68.6 2.6500e+01  14 1.00000e+00  
 68.7 2.6555e+01  14 1.00000e+00  
 68.8 2.6606e+01  14 1.00000e+00  
 68.9 2.6665e+01  14 1.00000e+00  
 69.0 2.6620e+01  14 1.00000e+00  
 69.1 2.6739e+01  14 1.00000e+00  
 69.2 2.6796e+01  14 1.00000e+00  
 69.3 2.6857e+01  14 1.00000e+00  
 69.4 2.6803e+01  14 1.00000e+00  
 69.5 2.6926e+01  14 1.00000e+00  
 69.6 2.6986e+01  14 1.00000e+00  
 69.7 2.6938e+01  14 1.00000e+00  
 69.8 2.6985e+01  14 1.00000e+00  
 69.9 2.7022e+01  14 1.00000e+00  
 70.0 2.7172e+01  14 1.00000e+00  
 70.1 2.7122e+01  14 1.00000e+00  
 70.2 2.7165e+01  14 1.00000e+00  
 70.3 2.7203e+01  14 1.00000e+00  
 70.4 2.7208e+01  14 1.00000e+00  
 70.5 2.7303e+01  14 1.00000e+00  
 70.6 2.7347e+01  14 1.00000e+00  
 70.7 2.7384e+01  14 1.00000e+00  
 70.8 2.7391e+01  14 1.00000e+00  
 70.9 2.7419e+01  14 1.00000e+00  
 71.0 2.7529e+01  14 1.00000e+00  
 71.1 2.7564e+01  14 1.00000e+00  
 71.2 2.7573e+01  14 1.00000e+00  
 71.3 2.7601e+01  14 1.00000e+00  
 71.4 2.7646e+01  14 1.00000e+00  
 71.5 2.7691e+01  14 1.00000e+00  
 71.6 2.7757e+01  14 1.00000e+00  
 71.7 2.7784e+01  14 1.00000e+00  
 71.8 2.7828e+01  14 1.00000e+00  
 71.9 2.7873e+01  14 1.00000e+00  
 72.0 2.7919e+01  14 1.00000e+00  
 72.1 2.7973e+01  14 1.00000e+00  
 72.2 2.8010e+01  14 1.00000e+00  
 72.3 2.8055e+01  14 1.00000e+00  
 72.4 2.8100e+01  14 1.00000e+00  
 72.5 2.8157e+01  14 1.00000e+00  
 72.6 2.8232e+01  14 1.00000e+00  
 72.7 2.8237e+01  14 1.00000e+00  
 72.8 2.8283e+01  14 1.00000e+00  
 72.9 2.8327e+01  14 1.00000e+00  
 73.0 2.8388e+01  14 1.00000e+00  
 73.1 2.8459e+01  14 1.00000e+00  
 73.2 2.8527e+01  14 1.00000e+00  
 73.3 2.8598e+01  14 1.00000e+00  
 73.4 2.8557e+01  14 1.00000e+00  
 73.5 2.8624e+01  14 1.00000e+00  
 73.6 2.8692e+01  14 1.00000e+00  
 73.7 2.8761e+01  14 1.00000e+00  
 73.8 2.8829e+01  14 1.00000e+00  
 73.9 2.8897e+01  14 1.00000e+00  
 74.0 2.8965e+01  14 1.00000e+00  
 74.1 2.8921e+01  14 1.00000e+00  
 74.2 2.8989e+01  14 1.00000e+00  
 74.3 2.9054e+01  14 1.00000e+00  
 74.4 2.9124e+01  14 1.00000e+00  
 74.5 2.9191e+01  14 1.00000e+00  
 74.6 2.9258e+01  14 1.00000e+00  
 74.7 2.9232e+01  14 1.00000e+00  
 74.8 2.9278e+01  14 1.00000e+00  
 74.9 2.9346e+01  14 1.00000e+00  
 75.0 2.9412e+01  14 1.00000e+00  
 75.1 2.9479e+01  14 1.00000e+00  
 75.2 2.9545e+01  14 1.00000e+00  
 75.3 2.9512e+01  14 1.00000e+00  
 75.4 2.9559e+01  14 1.00000e+00  
 75.5 2.9628e+01  14 1.00000e+00  
 75.6 2.9695e+01  14 1.00000e+00  
 75.7 2.9761e+01  14 1.00000e+00  
 75.8 2.9826e+01  14 1.00000e+00  
 75.9 2.9792e+01  14 1.00000e+00  
 76.0 2.9839e+01  14 1.00000e+00  
 76.1 2.9874e+01  14 1.00000e+00  
 76.2 2.9884e+01  14 1.00000e+00  
 76.3 3.0037e+01  14 1.00000e+00  
 76.4 3.0102e+01  14 1.00000e+00  
 76.5 3.0070e+01  14 1.00000e+00  
 76.6 3.0117e+01  14 1.00000e+00  
 76.7 3.0159e+01  14 1.00000e+00  
 76.8 3.0170e+01  14 1.00000e+00  
 76.9 3.0200e+01  14 1.00000e+00  
 77.0 3.0213e+01  14 1.00000e+00  
 77.1 3.0259e+01  14 1.00000e+00  
 77.2 3.0397e+01  14 1.00000e+00  
 77.3 3.0443e+01  14 1.00000e+00  
 77.4 3.0482e+01  14 1.00000e+00  
 77.5 3.0496e+01  14 1.00000e+00  
 77.6 3.0523e+01  14 1.00000e+00  
 77.7 3.0538e+01  14 1.00000e+00  
 77.8 3.0583e+01  14 1.00000e+00  
 77.9 3.0632e+01  14 1.00000e+00  
 78.0 3.0676e+01  14 1.00000e+00  
 78.1 3.0814e+01  14 1.00000e+00  
 78.2 3.0828e+01  14 1.00000e+00  
 78.3 3.0861e+01  14 1.00000e+00  
 78.4 3.0883e+01  14 1.00000e+00  
 78.5 3.0908e+01  14 1.00000e+00  
 78.6 3.0954e+01  14 1.00000e+00  
 78.7 3.1021e+01  14 1.00000e+00  
 78.8 3.1093e+01  14 1.00000e+00  
 78.9 3.1162e+01  14 1.00000e+00  
 79.0 3.1200e+01  14 1.00000e+00  
 79.1 3.1232e+01  14 1.00000e+00  
 79.2 3.1246e+01  14 1.00000e+00  
 79.3 3.1281e+01  14 1.00000e+00  
 79.4 3.1330e+01  14 1.00000e+00  
 79.5 3.1401e+01  14 1.00000e+00  
 79.6 3.1471e+01  14 1.00000e+00  
 79.7 3.1539e+01  14 1.00000e+00  
 79.8 3.1609e+01  14 1.00000e+00  
 79.9 3.1677e+01  14 1.00000e+00  
 80.0 3.1634e+01  14 1.00000e+00  
 80.1 3.1655e+01  14 1.00000e+00  
 80.2 3.1701e+01  14 1.00000e+00  
 80.3 3.1762e+01  14 1.00000e+00  
 80.4 3.1835e+01  14 1.00000e+00  
 80.5 3.1908e+01  14 1.00000e+00  
 80.6 3.1976e+01  14 1.00000e+00  
 80.7 3.2044e+01  14 1.00000e+00  
 80.8 3.2110e+01  14 1.00000e+00  
 80.9 3.2178e+01  14 1.00000e+00  
 81.0 3.2245e+01  14 1.00000e+00  
 81.1 3.2122e+01  14 1.00000e+00  
 81.2 3.2188e+01  14 1.00000e+00  
 81.3 3.2258e+01  14 1.00000e+00  
 81.4 3.2325e+01  14 1.00000e+00  
 81.5 3.2394e+01  14 1.00000e+00  
 81.6 3.2463e+01  14 1.00000e+00  
 81.7 3.2531e+01  14 1.00000e+00  
 81.8 3.2599e+01  14 1.00000e+00  
 81.9 3.2666e+01  14 1.00000e+00  
 82.0 3.2733e+01  14 1.00000e+00  
 82.1 3.2703e+01  14 1.00000e+00  
 82.2 3.2713e+01  14 1.00000e+00  
 82.3 3.2737e+01  14 1.00000e+00  
 82.4 3.2805e+01  14 1.00000e+00  
 82.5 3.2871e+01  14 1.00000e+00  
 82.6 3.2935e+01  14 1.00000e+00  
 82.7 3.3003e+01  14 1.00000e+00  
 82.8 3.3072e+01  14 1.00000e+00  
 82.9 3.3138e+01  14 1.00000e+00  
 83.0 3.3205e+01  14 1.00000e+00  
 83.1 3.3177e+01  14 1.00000e+00  
 83.2 3.3230e+01  14 1.00000e+00  
 83.3 3.3278e+01  14 1.00000e+00  
 83.4 3.3314e+01  14 1.00000e+00  
 83.5 3.3327e+01  14 1.00000e+00  
 83.6 3.3395e+01  14 1.00000e+00  
 83.7 3.3459e+01  14 1.00000e+00  
 83.8 3.3524e+01  14 1.00000e+00  
 83.9 3.3592e+01  14 1.00000e+00  
 84.0 3.3659e+01  14 1.00000e+00  
 84.1 3.3725e+01  14 1.00000e+00  
 84.2 3.3698e+01  14 1.00000e+00  
 84.3 3.3754e+01  14 1.00000e+00  
 84.4 3.3801e+01  14 1.00000e+00  
 84.5 3.3849e+01  14 1.00000e+00  
 84.6 3.3889e+01  14 1.00000e+00  
 84.7 3.3939e+01  14 1.00000e+00  
 84.8 3.3973e+01  14 1.00000e+00  
 84.9 3.4037e+01  14 1.00000e+00  
 85.0 3.4102e+01  14 1.00000e+00  
 85.1 3.4167e+01  14 1.00000e+00  
 85.2 3.4234e+01  14 1.00000e+00  
 85.3 3.4299e+01  14 1.00000e+00  
 85.4 3.4273e+01  14 1.00000e+00  
 85.5 3.4326e+01  14 1.00000e+00  
 85.6 3.4379e+01  14 1.00000e+00  
 85.7 3.4425e+01  14 1.00000e+00  
 85.8 3.4466e+01  14 1.00000e+00  
 85.9 3.4489e+01  14 1.00000e+00  
 86.0 3.4527e+01  14 1.00000e+00  
 86.1 3.4619e+01  14 1.00000e+00  
 86.2 3.4661e+01  14 1.00000e+00  
 86.3 3.4725e+01  14 1.00000e+00  
 86.4 3.4789e+01  14 1.00000e+00  
 86.5 3.4853e+01  14 1.00000e+00  
 86.6 3.4912e+01  14 1.00000e+00  
 86.7 3.4896e+01  14 1.00000e+00  
 86.8 3.4951e+01  14 1.00000e+00  
 86.9 3.5003e+01  14 1.00000e+00  
 87.0 3.5051e+01  14 1.00000e+00  
 87.1 3.5097e+01  14 1.00000e+00  
 87.2 3.5120e+01  14 1.00000e+00  
 87.3 3.5162e+01  14 1.00000e+00  
 87.4 3.5199e+01  14 1.00000e+00  
 87.5 3.5228e+01  14 1.00000e+00  
 87.6 3.5335e+01  14 1.00000e+00  
 87.7 3.5395e+01  14 1.00000e+00  
 87.8 3.5450e+01  14 1.00000e+00  
 87.9 3.5509e+01  14 1.00000e+00  
 88.0 3.5568e+01  14 1.00000e+00  
 88.1 3.5566e+01  14 1.00000e+00  
 88.2 3.5619e+01  14 1.00000e+00  
 88.3 3.5671e+01  14 1.00000e+00  
 88.4 3.5721e+01  14 1.00000e+00  
 88.5 3.5768e+01  14 1.00000e+00  
 88.6 3.5814e+01  14 1.00000e+00  
 88.7 3.5842e+01  14 1.00000e+00  
 88.8 3.5887e+01  14 1.00000e+00  
 88.9 3.5926e+01  14 1.00000e+00  
 89.0 3.5961e+01  14 1.00000e+00  
 89.1 3.5994e+01  14 1.00000e+00  
 89.2 3.6057e+01  14 1.00000e+00  
 89.3 3.6148e+01  14 1.00000e+00  
 89.4 3.6206e+01  14 1.00000e+00  
 89.5 3.6266e+01  14 1.00000e+00  
 89.6 3.6325e+01  14 1.00000e+00  
 89.7 3.6387e+01  14 1.00000e+00  
 89.8 3.6377e+01  14 1.00000e+00  
 89.9 3.6430e+01  14 1.00000e+00  
 90.0 3.6482e+01  14 1.00000e+00  
 90.1 3.6531e+01  14 1.00000e+00  
 90.2 3.6579e+01  14 1.00000e+00  
 90.3 3.6625e+01  14 1.00000e+00  
 90.4 3.6657e+01  14 1.00000e+00  
 90.5 3.6702e+01  14 1.00000e+00  
 90.6 3.6743e+01  14 1.00000e+00  
 90.7 3.6782e+01  14 1.00000e+00  
 90.8 3.6816e+01  14 1.00000e+00  
 90.9 3.6848e+01  14 1.00000e+00  
 91.0 3.6957e+01  14 1.00000e+00  
 91.1 3.7009e+01  14 1.00000e+00  
 91.2 3.7069e+01  14 1.00000e+00  
 91.3 3.7130e+01  14 1.00000e+00  
 91.4 3.7192e+01  14 1.00000e+00  
 91.5 3.7253e+01  14 1.00000e+00  
 91.6 3.7282e+01  14 1.00000e+00  
 91.7 3.7309e+01  14 1.00000e+00  
 91.8 3.7338e+01  14 1.00000e+00  
 91.9 3.7440e+01  14 1.00000e+00  
 92.0 3.7471e+01  14 1.00000e+00  
 92.1 3.7508e+01  14 1.00000e+00  
 92.2 3.7611e+01  14 1.00000e+00  
 92.3 3.7713e+01  14 1.00000e+00  
 92.4 3.7815e+01  14 1.00000e+00  
 92.5 3.7918e+01  14 1.00000e+00  
 92.6 3.8020e+01  14 1.00000e+00  
 92.7 3.8122e+01  14 1.00000e+00  
 92.8 3.8224e+01  14 1.00000e+00  
 92.9 3.8326e+01  14 1.00000e+00  
 93.0 3.8429e+01  14 1.00000e+00  
 93.1 3.8531e+01  14 1.00000e+00  
 93.2 3.8633e+01  14 1.00000e+00  
 93.3 3.8735e+01  14 1.00000e+00  
 93.4 3.8836e+01  14 1.00000e+00  
 93.5 3.8938e+01  14 1.00000e+00  
 93.6 3.9040e+01  14 1.00000e+00  
 93.7 3.9142e+01  14 1.00000e+00  
 93.8 3.9244e+01  14 1.00000e+00  
 93.9 3.9345e+01  14 1.00000e+00  
 94.0 3.9447e+01  14 1.00000e+00  
 94.1 3.9549e+01  14 1.00000e+00  
 94.2 3.9650e+01  14 1.00000e+00  
 94.3 3.9752e+01  14 1.00000e+00  
 94.4 3.9853e+01  14 1.00000e+00  
 94.5 3.9955e+01  14 1.00000e+00  
 94.6 4.0056e+01  14 1.00000e+00  
 94.7 4.0158e+01  14 1.00000e+00  
 94.8 4.0259e+01  14 1.00000e+00  
 94.9 4.0360e+01  14 1.00000e+00  
 95.0 4.0462e+01  14 1.00000e+00  
 95.1 4.0563e+01  14 1.00000e+00  
 95.2 4.0664e+01  14 1.00000e+00  
 95.3 4.0765e+01  14 1.00000e+00  
 95.4 4.0866e+01  14 1.00000e+00  
 95.5 4.0960e+01  14 1.00000e+00  
 95.6 4.1061e+01  14 1.00000e+00  
 95.7 4.1162e+01  14 1.00000e+00  
 95.8 4.1263e+01  14 1.00000e+00  
 95.9 4.1364e+01  14 1.00000e+00  
 96.0 4.1465e+01  14 1.00000e+00  
 96.1 4.1566e+01  14 1.00000e+00  
 96.2 4.1667e+01  14 1.00000e+00  
 96.3 4.1768e+01  14 1.00000e+00  
 96.4 4.1869e+01  14 1.00000e+00  
 96.5 4.1969e+01  14 1.00000e+00  
 96.6 4.2070e+01  14 1.00000e+00  
 96.7 4.2171e+01  14 1.00000e+00  
 96.8 4.2272e+01  14 1.00000e+00  
 96.9 4.2372e+01  14 1.00000e+00  
 97.0 4.2473e+01  14 1.00000e+00  
 97.1 4.2573e+01  14 1.00000e+00  
 97.2 4.2674e+01  14 1.00000e+00  
 97.3 4.2765e+01  14 1.00000e+00  
 97.4 4.2856e+01  14 1.00000e+00  
 97.5 4.2946e+01  14 1.00000e+00  
 97.6 4.3036e+01  14 1.00000e+00  
 97.7 4.3127e+01  14 1.00000e+00  
 97.8 4.3218e+01  14 1.00000e+00  
 97.9 4.3308e+01  14 1.00000e+00  
 98.0 4.3399e+01  14 1.00000e+00  
 98.1 4.3489e+01  14 1.00000e+00  
 98.2 4.3580e+01  14 1.00000e+00  
 98.3 4.3671e+01  14 1.00000e+00  
 98.4 4.3762e+01  14 1.00000e+00  
 98.5 4.3852e+01  14 1.00000e+00  
 98.6 4.3943e+01  14 1.00000e+00  
 98.7 4.4034e+01  14 1.00000e+00  
 98.8 4.4125e+01  14 1.00000e+00  
 98.9 4.4216e+01  14 1.00000e+00  
 99.0 4.4307e+01  14 1.00000e+00  
 99.1 4.4398e+01  14 1.00000e+00  
 99.2 4.4489e+01  14 1.00000e+00  
 99.3 4.4580e+01  14 1.00000e+00  
 99.4 4.4671e+01  14 1.00000e+00  
 99.5 4.4762e+01  14 1.00000e+00  
 99.6 4.4853e+01  14 1.00000e+00  
 99.7 4.4944e+01  14 1.00000e+00  
 99.8 4.5036e+01  14 1.00000e+00  
 99.9 4.5127e+01  14 1.00000e+00  
100.0 4.5218e+01  14 1.00000e+00  
100.1 4.5309e+01  14 1.00000e+00  
100.2 4.5401e+01  14 1.00000e+00  
100.3 4.5492e+01  14 1.00000e+00  
100.4 4.5583e+01  14 1.00000e+00  
100.5 4.5675e+01  14 1.00000e+00  
100.6 4.5766e+01  14 1.00000e+00  
100.7 4.5858e+01  14 1.00000e+00  
100.8 4.5949e+01  14 1.00000e+00  
100.9 4.6041e+01  14 1.00000e+00  
101.0 4.6132e+01  14 1.00000e+00  
101.1 4.6224e+01  14 1.00000e+00  
101.2 4.6315e+01  14 1.00000e+00  
101.3 4.6407e+01  14 1.00000e+00  
101.4 4.6498e+01  14 1.00000e+00  
101.5 4.6590e+01  14 1.00000e+00  
101.6 4.6682e+01  14 1.00000e+00  
101.7 4.6773e+01  14 1.00000e+00  
101.8 4.6865e+01  14 1.00000e+00  
101.9 4.6957e+01  14 1.00000e+00  
102.0 4.7049e+01  14 1.00000e+00  
102.1 4.7140e+01  14 1.00000e+00  
102.2 4.7232e+01  14 1.00000e+00  
102.3 4.7324e+01  14 1.00000e+00  
102.4 4.7409e+01  14 1.00000e+00  
102.5 4.7501e+01  14 1.00000e+00  
102.6 4.7593e+01  14 1.00000e+00  
102.7 4.7685e+01  14 1.00000e+00  
102.8 4.7777e+01  14 1.00000e+00  
102.9 4.7869e+01  14 1.00000e+00  
103.0 4.7961e+01  14 1.00000e+00  
103.1 4.8053e+01  14 1.00000e+00  
103.2 4.8145e+01  14 1.00000e+00  
103.3 4.8237e+01  14 1.00000e+00  
103.4 4.8329e+01  14 1.00000e+00  
103.5 4.8421e+01  14 1.00000e+00  
103.6 4.8513e+01  14 1.00000e+00  
103.7 4.8605e+01  14 1.00000e+00  
103.8 4.8697e+01  14 1.00000e+00  
103.9 4.8789e+01  14 1.00000e+00  
104.0 4.8881e+01  14 1.00000e+00  
104.1 4.8974e+01  14 1.00000e+00  
104.2 4.9066e+01  14 1.00000e+00  
104.3 4.9158e+01  14 1.00000e+00  
104.4 4.9250e+01  14 1.00000e+00  
104.5 4.9342e+01  14 1.00000e+00  
104.6 4.9435e+01  14 1.00000e+00  
104.7 4.9527e+01  14 1.00000e+00  
104.8 4.9619e+01  14 1.00000e+00  
104.9 4.9711e+01  14 1.00000e+00  
105.0 4.9804e+01  14 1.00000e+00  
105.1 4.9896e+01  14 1.00000e+00  
105.2 4.9988e+01  14 1.00000e+00  
105.3 5.0081e+01  14 1.00000e+00  
105.4 5.0173e+01  14 1.00000e+00  
105.5 5.0265e+01  14 1.00000e+00  
105.6 5.0358e+01  14 1.00000e+00  
105.7 5.0450e+01  14 1.00000e+00  
105.8 5.0543e+01  14 1.00000e+00  
105.9 5.0635e+01  14 1.00000e+00  
106.0 5.0727e+01  14 1.00000e+00  
106.1 5.0820e+01  14 1.00000e+00  
106.2 5.0912e+01  14 1.00000e+00  
106.3 5.1005e+01  14 1.00000e+00  
106.4 5.1097e+01  14 1.00000e+00  
106.5 5.1190e+01  14 1.00000e+00  
106.6 5.1282e+01  14 1.00000e+00  
106.7 5.1375e+01  14 1.00000e+00  
106.8 5.1467e+01  14 1.00000e+00  
106.9 5.1560e+01  14 1.00000e+00  
107.0 5.1652e+01  14 1.00000e+00  
107.1 5.1745e+01  14 1.00000e+00  
107.2 5.1837e+01  14 1.00000e+00  
107.3 5.1930e+01  14 1.00000e+00  
107.4 5.2023e+01  14 1.00000e+00  
107.5 5.2115e+01  14 1.00000e+00  
107.6 5.2208e+01  14 1.00000e+00  
107.7 5.2300e+01  14 1.00000e+00  
107.8 5.2393e+01  14 1.00000e+00  
107.9 5.2486e+01  14 1.00000e+00  
108.0 5.2578e+01  14 1.00000e+00  
108.1 5.2671e+01  14 1.00000e+00  
108.2 5.2764e+01  14 1.00000e+00  
108.3 5.2856e+01  14 1.00000e+00  
108.4 5.2949e+01  14 1.00000e+00  
108.5 5.3042e+01  14 1.00000e+00  
108.6 5.3134e+01  14 1.00000e+00  
108.7 5.3227e+01  14 1.00000e+00  
108.8 5.3320e+01  14 1.00000e+00  
108.9 5.3413e+01  14 1.00000e+00  
109.0 5.3505e+01  14 1.00000e+00  
109.1 5.3598e+01  14 1.00000e+00  
109.2 5.3691e+01  14 1.00000e+00  
109.3 5.3784e+01  14 1.00000e+00  
109.4 5.3876e+01  14 1.00000e+00  
109.5 5.3969e+01  14 1.00000e+00  
109.6 5.4062e+01  14 1.00000e+00  
109.7 5.4155e+01  14 1.00000e+00  
109.8 5.4247e+01  14 1.00000e+00  
109.9 5.4340e+01  14 1.00000e+00  
110.0 5.4433e+01  14 1.00000e+00  
110.1 5.4520e+01  14 1.00000e+00  
110.2 5.4613e+01  14 1.00000e+00  
110.3 5.4706e+01  14 1.00000e+00  
110.4 5.4799e+01  14 1.00000e+00  
110.5 5.4892e+01  14 1.00000e+00  
110.6 5.4985e+01  14 1.00000e+00  
110.7 5.5077e+01  14 1.00000e+00  
110.8 5.5170e+01  14 1.00000e+00  
110.9 5.5263e+01  14 1.00000e+00  
111.0 5.5356e+01  14 1.00000e+00  
111.1 5.5449e+01  14 1.00000e+00  
111.2 5.5542e+01  14 1.00000e+00  
111.3 5.5635e+01  14 1.00000e+00  
111.4 5.5728e+01  14 1.00000e+00  
111.5 5.5821e+01  14 1.00000e+00  
111.6 5.5913e+01  14 1.00000e+00  
111.7 5.6006e+01  14 1.00000e+00  
111.8 5.6099e+01  14 1.00000e+00  
111.9 5.6192e+01  14 1.00000e+00  
112.0 5.6285e+01  14 1.00000e+00  
112.1 5.6378e+01  14 1.00000e+00  
112.2 5.6471e+01  14 1.00000e+00  
112.3 5.6564e+01  14 1.00000e+00  
112.4 5.6657e+01  14 1.00000e+00  
112.5 5.6750e+01  14 1.00000e+00  
112.6 5.6843e+01  14 1.00000e+00  
112.7 5.6936e+01  14 1.00000e+00  
112.8 5.7028e+01  14 1.00000e+00  
112.9 5.7121e+01  14 1.00000e+00  
113.0 5.7214e+01  14 1.00000e+00  
113.1 5.7307e+01  14 1.00000e+00  
113.2 5.7400e+01  14 1.00000e+00  
113.3 5.7493e+01  14 1.00000e+00  
113.4 5.7586e+01  14 1.00000e+00  
113.5 5.7679e+01  14 1.00000e+00  
113.6 5.7772e+01  14 1.00000e+00  
113.7 5.7865e+01  14 1.00000e+00  
113.8 5.7958e+01  14 1.00000e+00  
113.9 5.8051e+01  14 1.00000e+00  
114.0 5.8144e+01  14 1.00000e+00  
114.1 5.8237e+01  14 1.00000e+00  
114.2 5.8330e+01  14 1.00000e+00  
114.3 5.8423e+01  14 1.00000e+00  
114.4 5.8516e+01  14 1.00000e+00  
114.5 5.8609e+01  14 1.00000e+00  
114.6 5.8702e+01  14 1.00000e+00  
114.7 5.8795e+01  14 1.00000e+00  
114.8 5.8888e+01  14 1.00000e+00  
114.9 5.8981e+01  14 1.00000e+00  
115.0 5.9074e+01  14 1.00000e+00  
115.1 5.9167e+01  14 1.00000e+00  
115.2 5.9259e+01  14 1.00000e+00  
115.3 5.9353e+01  14 1.00000e+00  
115.4 5.9446e+01  14 1.00000e+00  
115.5 5.9538e+01  14 1.00000e+00  
115.6 5.9631e+01  14 1.00000e+00  
115.7 5.9724e+01  14 1.00000e+00  
115.8 5.9817e+01  14 1.00000e+00  
115.9 5.9910e+01  14 1.00000e+00  
116.0 6.0003e+01  14 1.00000e+00  
116.1 6.0096e+01  14 1.00000e+00  
116.2 6.0189e+01  14 1.00000e+00  
116.3 6.0282e+01  14 1.00000e+00  
116.4 6.0375e+01  14 1.00000e+00  
116.5 6.0468e+01  14 1.00000e+00  
116.6 6.0561e+01  14 1.00000e+00  
116.7 6.0654e+01  14 1.00000e+00  
116.8 6.0747e+01  14 1.00000e+00  
116.9 6.0840e+01  14 1.00000e+00  
117.0 6.0933e+01  14 1.00000e+00  
117.1 6.1026e+01  14 1.00000e+00  
117.2 6.1119e+01  14 1.00000e+00  
117.3 6.1212e+01  14 1.00000e+00  
117.4 6.1305e+01  14 1.00000e+00  
117.5 6.1398e+01  14 1.00000e+00  
117.6 6.1491e+01  14 1.00000e+00  
117.7 6.1584e+01  14 1.00000e+00  
117.8 6.1677e+01  14 1.00000e+00  
117.9 6.1770e+01  14 1.00000e+00  
118.0 6.1863e+01  14 1.00000e+00  
118.1 6.1956e+01  14 1.00000e+00  
118.2 6.2049e+01  14 1.00000e+00  
118.3 6.2142e+01  14 1.00000e+00  
118.4 6.2235e+01  14 1.00000e+00  
118.5 6.2328e+01  14 1.00000e+00  
118.6 6.2416e+01  14 1.00000e+00  
118.7 6.2509e+01  14 1.00000e+00  
118.8 6.2602e+01  14 1.00000e+00  
118.9 6.2695e+01  14 1.00000e+00  
119.0 6.2788e+01  14 1.00000e+00  
119.1 6.2881e+01  14 1.00000e+00  
119.2 6.2974e+01  14 1.00000e+00  
119.3 6.3067e+01  14 1.00000e+00  
119.4 6.3160e+01  14 1.00000e+00  
119.5 6.3253e+01  14 1.00000e+00  
119.6 6.3346e+01  14 1.00000e+00  
119.7 6.3439e+01  14 1.00000e+00  
119.8 6.3532e+01  14 1.00000e+00  
119.9 6.3625e+01  14 1.00000e+00  
120.0 6.3718e+01  14 1.00000e+00  
120.1 6.3811e+01  14 1.00000e+00  
120.2 6.3903e+01  14 1.00000e+00  
120.3 6.3996e+01  14 1.00000e+00  
120.4 6.4089e+01  14 1.00000e+00  
120.5 6.4182e+01  14 1.00000e+00  
120.6 6.4275e+01  14 1.00000e+00  
120.7 6.4368e+01  14 1.00000e+00  
120.8 6.4461e+01  14 1.00000e+00  
120.9 6.4554e+01  14 1.00000e+00  
121.0 6.4647e+01  14 1.00000e+00  
121.1 6.4740e+01  14 1.00000e+00  
121.2 6.4833e+01  14 1.00000e+00  
121.3 6.4926e+01  14 1.00000e+00  
121.4 6.5019e+01  14 1.00000e+00  
121.5 6.5112e+01  14 1.00000e+00  
121.6 6.5204e+01  14 1.00000e+00  
121.7 6.5297e+01  14 1.00000e+00  
121.8 6.5390e+01  14 1.00000e+00  
121.9 6.5483e+01  14 1.00000e+00  
122.0 6.5576e+01  14 1.00000e+00  
122.1 6.5669e+01  14 1.00000e+00  
122.2 6.5762e+01  14 1.00000e+00  
122.3 6.5855e+01  14 1.00000e+00  
122.4 6.5948e+01  14 1.00000e+00  
122.5 6.6040e+01  14 1.00000e+00  
122.6 6.6133e+01  14 1.00000e+00  
122.7 6.6226e+01  14 1.00000e+00  
122.8 6.6319e+01  14 1.00000e+00  
122.9 6.6412e+01  14 1.00000e+00  
123.0 6.6505e+01  14 1.00000e+00  
123.1 6.6598e+01  14 1.00000e+00  
123.2 6.6690e+01  14 1.00000e+00  
123.3 6.6783e+01  14 1.00000e+00  
123.4 6.6876e+01  14 1.00000e+00  
123.5 6.6969e+01  14 1.00000e+00  
123.6 6.7062e+01  14 1.00000e+00  
123.7 6.7155e+01  14 1.00000e+00  
123.8 6.7248e+01  14 1.00000e+00  
123.9 6.7340e+01  14 1.00000e+00  
124.0 6.7433e+01  14 1.00000e+00  
124.1 6.7526e+01  14 1.00000e+00  
124.2 6.7619e+01  14 1.00000e+00  
124.3 6.7712e+01  14 1.00000e+00  
124.4 6.7804e+01  14 1.00000e+00  
124.5 6.7897e+01  14 1.00000e+00  
124.6 6.7990e+01  14 1.00000e+00  
124.7 6.8083e+01  14 1.00000e+00  
124.8 6.8176e+01  14 1.00000e+00  
124.9 6.8268e+01  14 1.00000e+00  
125.0 6.8361e+01  14 1.00000e+00  
125.1 6.8454e+01  14 1.00000e+00  
125.2 6.8547e+01  14 1.00000e+00  
125.3 6.8639e+01  14 1.00000e+00  
125.4 6.8732e+01  14 1.00000e+00  
125.5 6.8825e+01  14 1.00000e+00  
125.6 6.8918e+01  14 1.00000e+00  
125.7 6.9010e+01  14 1.00000e+00  
125.8 6.9103e+01  14 1.00000e+00  
125.9 6.9196e+01  14 1.00000e+00  
126.0 6.9289e+01  14 1.00000e+00  
126.1 6.9381e+01  14 1.00000e+00  
126.2 6.9474e+01  14 1.00000e+00  
126.3 6.9567e+01  14 1.00000e+00  
126.4 6.9659e+01  14 1.00000e+00  
126.5 6.9752e+01  14 1.00000e+00  
126.6 6.9845e+01  14 1.00000e+00  
126.7 6.9938e+01  14 1.00000e+00  
126.8 7.0030e+01  14 1.00000e+00  
126.9 7.0123e+01  14 1.00000e+00  
127.0 7.0216e+01  14 1.00000e+00  
127.1 7.0308e+01  14 1.00000e+00  
127.2 7.0401e+01  14 1.00000e+00  
127.3 7.0494e+01  14 1.00000e+00  
127.4 7.0586e+01  14 1.00000e+00  
127.5 7.0679e+01  14 1.00000e+00  
127.6 7.0772e+01  14 1.00000e+00  
127.7 7.0864e+01  14 1.00000e+00  
127.8 7.0957e+01  14 1.00000e+00  
127.9 7.1050e+01  14 1.00000e+00  
128.0 7.1142e+01  14 1.00000e+00  
128.1 7.1231e+01  14 1.00000e+00  
128.2 7.1323e+01  14 1.00000e+00  
128.3 7.1416e+01  14 1.00000e+00  
128.4 7.1509e+01  14 1.00000e+00  
128.5 7.1601e+01  14 1.00000e+00  
128.6 7.1694e+01  14 1.00000e+00  
128.7 7.1786e+01  14 1.00000e+00  
128.8 7.1879e+01  14 1.00000e+00  
128.9 7.1972e+01  14 1.00000e+00  
129.0 7.2064e+01  14 1.00000e+00  
129.1 7.2157e+01  14 1.00000e+00  
129.2 7.2249e+01  14 1.00000e+00  
129.3 7.2342e+01  14 1.00000e+00  
129.4 7.2434e+01  14 1.00000e+00  
129.5 7.2527e+01  14 1.00000e+00  
129.6 7.2619e+01  14 1.00000e+00  
129.7 7.2712e+01  14 1.00000e+00  
129.8 7.2805e+01  14 1.00000e+00  
129.9 7.2897e+01  14 1.00000e+00  
130.0 7.2990e+01  14 1.00000e+00  
130.1 7.3082e+01  14 1.00000e+00  
130.2 7.3175e+01  14 1.00000e+00  
130.3 7.3267e+01  14 1.00000e+00  
130.4 7.3360e+01  14 1.00000e+00  
130.5 7.3452e+01  14 1.00000e+00  
130.6 7.3545e+01  14 1.00000e+00  
130.7 7.3637e+01  14 1.00000e+00  
130.8 7.3730e+01  14 1.00000e+00  
130.9 7.3822e+01  14 1.00000e+00  
131.0 7.3915e+01  14 1.00000e+00  
131.1 7.4007e+01  14 1.00000e+00  
131.2 7.4100e+01  14 1.00000e+00  
131.3 7.4192e+01  14 1.00000e+00  
131.4 7.4284e+01  14 1.00000e+00  
131.5 7.4377e+01  14 1.00000e+00  
131.6 7.4469e+01  14 1.00000e+00  
131.7 7.4562e+01  14 1.00000e+00  
131.8 7.4654e+01  14 1.00000e+00  
131.9 7.4747e+01  14 1.00000e+00  
132.0 7.4839e+01  14 1.00000e+00  
132.1 7.4931e+01  14 1.00000e+00  
132.2 7.5024e+01  14 1.00000e+00  
132.3 7.5116e+01  14 1.00000e+00  
132.4 7.5209e+01  14 1.00000e+00  
132.5 7.5301e+01  14 1.00000e+00  
132.6 7.5393e+01  14 1.00000e+00  
132.7 7.5486e+01  14 1.00000e+00  
132.8 7.5578e+01  14 1.00000e+00  
132.9 7.5670e+01  14 1.00000e+00  
133.0 7.5763e+01  14 1.00000e+00  
133.1 7.5855e+01  14 1.00000e+00  
133.2 7.5947e+01  14 1.00000e+00  
133.3 7.6040e+01  14 1.00000e+00  
133.4 7.6132e+01  14 1.00000e+00  
133.5 7.6224e+01  14 1.00000e+00  
133.6 7.6316e+01  14 1.00000e+00  
133.7 7.6409e+01  14 1.00000e+00  
133.8 7.6501e+01  14 1.00000e+00  
133.9 7.6593e+01  14 1.00000e+00  
134.0 7.6686e+01  14 1.00000e+00  
134.1 7.6778e+01  14 1.00000e+00  
134.2 7.6870e+01  14 1.00000e+00  
134.3 7.6962e+01  14 1.00000e+00  
134.4 7.7054e+01  14 1.00000e+00  
134.5 7.7147e+01  14 1.00000e+00  
134.6 7.7239e+01  14 1.00000e+00  
134.7 7.7331e+01  14 1.00000e+00  
134.8 7.7423e+01  14 1.00000e+00  
134.9 7.7516e+01  14 1.00000e+00  
135.0 7.7608e+01  14 1.00000e+00  
135.1 7.7700e+01  14 1.00000e+00  
135.2 7.7792e+01  14 1.00000e+00  
135.3 7.7884e+01  14 1.00000e+00  
135.4 7.7976e+01  14 1.00000e+00  
135.5 7.8069e+01  14 1.00000e+00  
135.6 7.8161e+01  14 1.00000e+00  
135.7 7.8253e+01  14 1.00000e+00  
135.8 7.8345e+01  14 1.00000e+00  
135.9 7.8437e+01  14 1.00000e+00  
136.0 7.8529e+01  14 1.00000e+00  
136.1 7.8621e+01  14 1.00000e+00  
136.2 7.8714e+01  14 1.00000e+00  
136.3 7.8806e+01  14 1.00000e+00  
136.4 7.8898e+01  14 1.00000e+00  
136.5 7.8990e+01  14 1.00000e+00  
136.6 7.9082e+01  14 1.00000e+00  
136.7 7.9174e+01  14 1.00000e+00  
136.8 7.9266e+01  14 1.00000e+00  
136.9 7.9358e+01  14 1.00000e+00  
137.0 7.9450e+01  14 1.00000e+00  
137.1 7.9542e+01  14 1.00000e+00  
137.2 7.9634e+01  14 1.00000e+00  
137.3 7.9726e+01  14 1.00000e+00  
137.4 7.9818e+01  14 1.00000e+00  
137.5 7.9910e+01  14 1.00000e+00  
137.6 8.0003e+01  14 1.00000e+00  
137.7 8.0095e+01  14 1.00000e+00  
137.8 8.0187e+01  14 1.00000e+00  
137.9 8.0279e+01  14 1.00000e+00  
138.0 8.0371e+01  14 1.00000e+00  
138.1 8.0462e+01  14 1.00000e+00  
138.2 8.0554e+01  14 1.00000e+00  
138.3 8.0647e+01  14 1.00000e+00  
138.4 8.0738e+01  14 1.00000e+00  
138.5 8.0830e+01  14 1.00000e+00  
138.6 8.0922e+01  14 1.00000e+00  
138.7 8.1014e+01  14 1.00000e+00  
138.8 8.1106e+01  14 1.00000e+00  
138.9 8.1198e+01  14 1.00000e+00  
139.0 8.1286e+01  14 1.00000e+00  
139.1 8.1378e+01  14 1.00000e+00  
139.2 8.1470e+01  14 1.00000e+00  
139.3 8.1562e+01  14 1.00000e+00  
139.4 8.1654e+01  14 1.00000e+00  
139.5 8.1746e+01  14 1.00000e+00  
139.6 8.1838e+01  14 1.00000e+00  
139.7 8.1930e+01  14 1.00000e+00  
139.8 8.2022e+01  14 1.00000e+00  
139.9 8.2113e+01  14 1.00000e+00  
140.0 8.2205e+01  14 1.00000e+00  
140.1 8.2297e+01  14 1.00000e+00  
140.2 8.2389e+01  14 1.00000e+00  
140.3 8.2481e+01  14 1.00000e+00  
140.4 8.2573e+01  14 1.00000e+00  
140.5 8.2665e+01  14 1.00000e+00  
140.6 8.2756e+01  14 1.00000e+00  
140.7 8.2848e+01  14 1.00000e+00  
140.8 8.2940e+01  14 1.00000e+00  
140.9 8.3032e+01  14 1.00000e+00  
141.0 8.3124e+01  14 1.00000e+00  
141.1 8.3215e+01  14 1.00000e+00  
141.2 8.3307e+01  14 1.00000e+00  
141.3 8.3399e+01  14 1.00000e+00  
141.4 8.3491e+01  14 1.00000e+00  
141.5 8.3582e+01  14 1.00000e+00  
141.6 8.3674e+01  14 1.00000e+00  
141.7 8.3766e+01  14 1.00000e+00  
141.8 8.3858e+01  14 1.00000e+00  
141.9 8.3949e+01  14 1.00000e+00  
142.0 8.4041e+01  14 1.00000e+00  
142.1 8.4133e+01  14 1.00000e+00  
142.2 8.4224e+01  14 1.00000e+00  
142.3 8.4316e+01  14 1.00000e+00  
142.4 8.4408e+01  14 1.00000e+00  
142.5 8.4500e+01  14 1.00000e+00  
142.6 8.4591e+01  14 1.00000e+00  
142.7 8.4683e+01  14 1.00000e+00  
142.8 8.4775e+01  14 1.00000e+00  
142.9 8.4866e+01  14 1.00000e+00  
143.0 8.4958e+01  14 1.00000e+00  
143.1 8.5050e+01  14 1.00000e+00  
143.2 8.5141e+01  14 1.00000e+00  
143.3 8.5233e+01  14 1.00000e+00  
143.4 8.5324e+01  14 1.00000e+00  
143.5 8.5416e+01  14 1.00000e+00  
143.6 8.5508e+01  14 1.00000e+00  
143.7 8.5599e+01  14 1.00000e+00  
143.8 8.5691e+01  14 1.00000e+00  
143.9 8.5782e+01  14 1.00000e+00  
144.0 8.5874e+01  14 1.00000e+00  
144.1 8.5966e+01  14 1.00000e+00  
144.2 8.6057e+01  14 1.00000e+00  
144.3 8.6149e+01  14 1.00000e+00  
144.4 8.6240e+01  14 1.00000e+00  
144.5 8.5216e+01  14 1.00000e+00  
144.6 8.5307e+01  14 1.00000e+00  
144.7 8.5399e+01  14 1.00000e+00  
144.8 8.5490e+01  14 1.00000e+00  
144.9 8.5582e+01  14 1.00000e+00  
145.0 8.5673e+01  14 1.00000e+00  
145.1 8.5764e+01  14 1.00000e+00  
145.2 8.5856e+01  14 1.00000e+00  
145.3 8.5947e+01  14 1.00000e+00  
145.4 8.6038e+01  14 1.00000e+00  
145.5 8.6130e+01  14 1.00000e+00  
145.6 8.6221e+01  14 1.00000e+00  
145.7 8.6312e+01  14 1.00000e+00  
145.8 8.6404e+01  14 1.00000e+00  
145.9 8.6495e+01  14 1.00000e+00  
146.0 8.6586e+01  14 1.00000e+00  
146.1 8.6678e+01  14 1.00000e+00  
146.2 8.6769e+01  14 1.00000e+00  
146.3 8.6860e+01  14 1.00000e+00  
146.4 8.6952e+01  14 1.00000e+00  
146.5 8.7043e+01  14 1.00000e+00  
146.6 8.5646e+01  14 1.00000e+00  
146.7 8.5737e+01  14 1.00000e+00  
146.8 8.5827e+01  14 1.00000e+00  
146.9 8.5918e+01  14 1.00000e+00  
147.0 8.6009e+01  14 1.00000e+00  
147.1 8.6099e+01  14 1.00000e+00  
147.2 8.6190e+01  14 1.00000e+00  
147.3 8.6281e+01  14 1.00000e+00  
147.4 8.6371e+01  14 1.00000e+00  
147.5 8.6462e+01  14 1.00000e+00  
147.6 8.6552e+01  14 1.00000e+00  
147.7 8.6643e+01  14 1.00000e+00  
147.8 8.6734e+01  14 1.00000e+00  
147.9 8.6824e+01  14 1.00000e+00  
148.0 8.6915e+01  14 1.00000e+00  
148.1 8.7005e+01  14 1.00000e+00  
148.2 8.7096e+01  14 1.00000e+00  
148.3 8.7187e+01  14 1.00000e+00  
148.4 8.7277e+01  14 1.00000e+00  
148.5 8.7368e+01  14 1.00000e+00  
148.6 8.7458e+01  14 1.00000e+00  
148.7 8.6665e+01  14 1.00000e+00  
148.8 8.6756e+01  14 1.00000e+00  
148.9 8.6847e+01  14 1.00000e+00  
149.0 8.6937e+01  14 1.00000e+00  
149.1 8.7028e+01  14 1.00000e+00  
149.2 8.7118e+01  14 1.00000e+00  
149.3 8.7209e+01  14 1.00000e+00  
149.4 8.7300e+01  14 1.00000e+00  
149.5 8.7390e+01  14 1.00000e+00  
149.6 8.7481e+01  14 1.00000e+00  
149.7 8.7571e+01  14 1.00000e+00  
149.8 8.7662e+01  14 1.00000e+00  
149.9 8.7753e+01  14 1.00000e+00  
150.0 8.7843e+01  14 1.00000e+00  
