 15.1 1.3059e+00  13 1.15494e-01  
 15.2 1.3129e+00  13 1.16033e-01  
 15.3 1.3198e+00  13 1.17837e-01  
 15.4 1.3268e+00  13 1.19106e-01  
 15.5 1.3337e+00  13 1.19489e-01  
 15.6 1.3406e+00  13 1.20862e-01  
 15.7 1.3474e+00  13 1.21701e-01  
 15.8 1.3543e+00  13 1.23251e-01  
 15.9 1.3612e+00  13 1.24451e-01  
 16.0 1.3681e+00  13 1.24756e-01  
 16.1 1.3749e+00  13 1.26898e-01  
 16.2 1.3817e+00  13 1.26250e-01  
 16.3 1.3886e+00  13 1.27848e-01  
 16.4 1.3954e+00  13 1.29378e-01  
 16.5 1.4022e+00  13 1.28893e-01  
 16.6 1.4090e+00  13 1.31553e-01  
 16.7 1.4255e+00  13 1.32042e-01  
 16.8 1.4324e+00  13 1.34169e-01  
 16.9 1.4393e+00  13 1.35008e-01  
 17.0 1.4462e+00  13 1.35406e-01  
 17.1 1.4531e+00  13 1.36123e-01  
 17.2 1.4600e+00  13 1.37008e-01  
 17.3 1.4669e+00  13 1.37744e-01  
 17.4 1.4737e+00  13 1.37478e-01  
 17.5 1.4806e+00  13 1.39868e-01  
 17.6 1.4874e+00  13 1.39562e-01  
 17.7 1.4942e+00  13 1.40865e-01  
 17.8 1.5010e+00  13 1.41932e-01  
 17.9 1.5077e+00  13 1.41804e-01  
 18.0 1.5145e+00  13 1.42469e-01  
 18.1 1.5213e+00  13 1.43095e-01  
 18.2 1.5280e+00  13 1.43741e-01  
 18.3 1.5348e+00  13 1.44412e-01  
 18.4 1.5418e+00  13 1.45268e-01  
 18.5 1.5485e+00  13 1.44651e-01  
 18.6 1.5552e+00  13 1.45681e-01  
 18.7 1.5618e+00  13 1.46353e-01  
 18.8 1.5685e+00  13 1.47095e-01  
 18.9 1.5750e+00  13 1.47744e-01  
 19.0 1.5951e+00  13 1.48601e-01  
 19.1 1.6022e+00  13 1.49388e-01  
 19.2 1.6085e+00  13 1.50391e-01  
 19.3 1.6153e+00  13 1.49369e-01  
 19.4 1.6221e+00  13 1.50447e-01  
 19.5 1.6289e+00  13 1.50180e-01  
 19.6 1.6356e+00  13 1.51637e-01  
 19.7 1.6424e+00  13 1.51898e-01  
 19.8 1.6491e+00  13 1.52568e-01  
 19.9 1.6558e+00  13 1.53179e-01  
 20.0 1.6626e+00  13 1.52468e-01  
 20.1 1.6693e+00  13 1.52544e-01  
 20.2 1.6760e+00  13 1.53956e-01  
 20.3 1.6828e+00  13 1.54776e-01  
 20.4 1.6895e+00  13 1.54208e-01  
 20.5 1.6963e+00  13 1.54318e-01  
 20.6 1.7030e+00  13 1.54564e-01  
 20.7 1.7096e+00  13 1.54830e-01  
 20.8 1.7163e+00  13 1.55377e-01  
 20.9 1.7229e+00  13 1.55584e-01  
 21.0 1.7296e+00  13 1.55928e-01  
 21.1 1.7362e+00  13 1.56206e-01  
 21.2 1.7436e+00  13 1.56819e-01  
 21.3 1.7494e+00  13 1.57743e-01  
 21.4 1.7559e+00  13 1.58815e-01  
 21.5 1.7586e+00  13 1.66968e-01  
 21.6 1.7600e+00  13 1.67046e-01  
 21.7 1.7609e+00  13 1.67099e-01  
 21.8 1.7614e+00  13 1.67129e-01  
 21.9 1.7630e+00  13 1.67223e-01  
 22.0 1.7639e+00  13 1.67274e-01  
 22.1 1.7650e+00  13 1.67336e-01  
 22.2 1.7654e+00  13 1.67362e-01  
 22.3 1.7662e+00  13 1.67404e-01  
 22.4 1.7672e+00  13 1.67462e-01  
 22.5 1.7714e+00  13 1.67703e-01  
 22.6 1.7729e+00  13 1.67789e-01  
 22.7 1.7741e+00  13 1.67857e-01  
 22.8 1.7745e+00  13 1.67880e-01  
 22.9 1.7759e+00  13 1.67959e-01  
 23.0 1.7772e+00  13 1.68032e-01  
 23.1 1.7785e+00  13 1.68103e-01  
 23.2 1.7796e+00  13 1.68167e-01  
 23.3 1.7808e+00  13 1.68232e-01  
 23.4 1.7816e+00  13 1.68276e-01  
 23.5 1.7834e+00  13 1.68377e-01  
 23.6 1.7846e+00  13 1.68444e-01  
 23.7 1.7856e+00  13 1.68501e-01  
 23.8 1.7861e+00  13 1.68530e-01  
 23.9 1.7879e+00  13 1.68631e-01  
 24.0 1.7889e+00  13 1.68687e-01  
 24.1 1.7902e+00  13 1.68756e-01  
 24.2 1.7918e+00  13 1.68841e-01  
 24.3 1.7930e+00  13 1.68911e-01  
 24.4 1.7939e+00  13 1.68958e-01  
 24.5 1.7950e+00  13 1.69019e-01  
 24.6 1.7959e+00  13 1.69065e-01  
 24.7 1.7973e+00  13 1.69142e-01  
 24.8 1.7985e+00  13 1.69208e-01  
 24.9 1.8005e+00  13 1.69316e-01  
 25.0 1.8012e+00  13 1.69357e-01  
 25.1 1.8020e+00  13 1.69395e-01  
 25.2 1.8031e+00  13 1.69454e-01  
 25.3 1.8053e+00  13 1.69576e-01  
 25.4 1.8061e+00  13 1.69617e-01  
 25.5 1.8069e+00  13 1.69660e-01  
 25.6 1.8085e+00  13 1.69744e-01  
 25.7 1.8089e+00  13 1.69766e-01  
 25.8 1.8110e+00  13 1.69880e-01  
 25.9 1.8117e+00  13 1.69914e-01  
 26.0 1.8140e+00  13 1.70037e-01  
 26.1 1.8143e+00  13 1.70051e-01  
 26.2 1.8168e+00  13 1.70184e-01  
 26.3 1.8177e+00  13 1.70231e-01  
 26.4 1.8190e+00  13 1.70301e-01  
 26.5 1.8203e+00  13 1.70367e-01  
 26.6 1.8220e+00  13 1.70456e-01  
 26.7 1.8231e+00  13 1.70516e-01  
 26.8 1.8254e+00  13 1.70637e-01  
 26.9 1.8261e+00  13 1.70672e-01  
 27.0 1.8278e+00  13 1.70759e-01  
 27.1 1.8295e+00  13 1.70848e-01  
 27.2 1.8309e+00  13 1.70921e-01  
 27.3 1.8324e+00  13 1.70997e-01  
 27.4 1.8343e+00  13 1.71092e-01  
 27.5 1.8352e+00  13 1.71140e-01  
 27.6 1.8361e+00  13 1.71184e-01  
 27.7 1.8382e+00  13 1.71294e-01  
 27.8 1.8398e+00  13 1.71374e-01  
 27.9 1.8408e+00  13 1.71426e-01  
 28.0 1.8423e+00  13 1.71500e-01  
 28.1 1.8430e+00  13 1.71538e-01  
 28.2 1.8429e+00  13 1.71529e-01  
 28.3 1.8440e+00  13 1.71585e-01  
 28.4 1.8456e+00  13 1.71664e-01  
 28.5 1.8487e+00  13 1.71824e-01  
 28.6 1.8498e+00  13 1.71878e-01  
 28.7 1.8505e+00  13 1.71913e-01  
 28.8 1.8519e+00  13 1.71983e-01  
 28.9 1.8529e+00  13 1.72030e-01  
 29.0 1.8540e+00  13 1.72085e-01  
 29.1 1.8559e+00  13 1.72178e-01  
 29.2 1.8559e+00  13 1.72178e-01  
 29.3 1.8779e+00  13 1.73245e-01  
 29.4 1.8801e+00  13 1.73348e-01  
 29.5 1.8814e+00  13 1.73410e-01  
 29.6 1.8835e+00  13 1.73508e-01  
 29.7 1.8851e+00  13 1.73583e-01  
 29.8 1.8865e+00  13 1.73653e-01  
 29.9 1.8875e+00  13 1.73698e-01  
 30.0 1.8894e+00  13 1.73787e-01  
 30.1 1.8915e+00  13 1.73887e-01  
 30.2 1.8930e+00  13 1.73957e-01  
 30.3 1.8945e+00  13 1.74028e-01  
 30.4 1.8959e+00  13 1.74090e-01  
 30.5 1.8970e+00  13 1.74141e-01  
 30.6 1.8979e+00  13 1.74185e-01  
 30.7 1.9004e+00  13 1.74298e-01  
 30.8 1.9008e+00  13 1.74317e-01  
 30.9 1.9020e+00  13 1.74373e-01  
 31.0 1.9041e+00  13 1.74472e-01  
 31.1 1.9049e+00  13 1.74508e-01  
 31.2 1.9068e+00  13 1.74594e-01  
 31.3 1.9070e+00  13 1.74603e-01  
 31.4 1.9088e+00  13 1.74686e-01  
 31.5 1.9096e+00  13 1.74720e-01  
 31.6 1.8969e+00  13 1.74140e-01  
 31.7 1.8978e+00  13 1.74180e-01  
 31.8 1.8978e+00  13 1.74179e-01  
 31.9 1.9007e+00  13 1.74315e-01  
 32.0 1.9016e+00  13 1.74354e-01  
 32.1 1.9020e+00  13 1.74376e-01  
 32.2 1.9041e+00  13 1.74472e-01  
 32.3 1.9049e+00  13 1.74507e-01  
 32.4 1.9059e+00  13 1.74552e-01  
 32.5 1.9073e+00  13 1.74616e-01  
 32.6 1.9090e+00  13 1.74695e-01  
 32.7 1.9095e+00  13 1.74715e-01  
 32.8 1.9115e+00  13 1.74808e-01  
 32.9 1.9122e+00  13 1.74841e-01  
 33.0 1.9133e+00  13 1.74889e-01  
 33.1 1.9154e+00  13 1.74985e-01  
 33.2 1.9160e+00  13 1.75012e-01  
 33.3 1.9166e+00  13 1.75036e-01  
 33.4 1.9196e+00  13 1.75171e-01  
 33.5 1.9196e+00  13 1.75174e-01  
 33.6 1.9215e+00  13 1.75256e-01  
 33.7 1.9236e+00  13 1.75349e-01  
 33.8 1.9241e+00  13 1.75373e-01  
 33.9 7.0795e+00  14 1.00000e+00  
 34.0 7.0803e+00  14 1.00000e+00  
 34.1 7.0821e+00  14 1.00000e+00  
 34.2 7.0888e+00  14 1.00000e+00  
 34.3 7.0991e+00  14 1.00000e+00  
 34.4 7.1107e+00  14 1.00000e+00  
 34.5 7.1123e+00  14 1.00000e+00  
 34.6 7.1143e+00  14 1.00000e+00  
 34.7 7.1189e+00  14 1.00000e+00  
 34.8 7.1256e+00  14 1.00000e+00  
 34.9 7.1310e+00  14 1.00000e+00  
 35.0 7.1336e+00  14 1.00000e+00  
 35.1 7.1417e+00  14 1.00000e+00  
 35.2 7.1433e+00  14 1.00000e+00  
 35.3 7.1513e+00  14 1.00000e+00  
 35.4 7.1546e+00  14 1.00000e+00  
 35.5 7.1633e+00  14 1.00000e+00  
 35.6 7.1731e+00  14 1.00000e+00  
 35.7 7.1728e+00  14 1.00000e+00  
 35.8 7.1762e+00  14 1.00000e+00  
 35.9 7.1866e+00  14 1.00000e+00  
 36.0 7.1887e+00  14 1.00000e+00  
 36.1 7.1913e+00  14 1.00000e+00  
 36.2 7.1988e+00  14 1.00000e+00  
 36.3 7.2052e+00  14 1.00000e+00  
 36.4 7.2079e+00  14 1.00000e+00  
 36.5 7.2137e+00  14 1.00000e+00  
 36.6 7.2180e+00  14 1.00000e+00  
 36.7 7.2261e+00  14 1.00000e+00  
 36.8 7.2306e+00  14 1.00000e+00  
 36.9 7.2391e+00  14 1.00000e+00  
 37.0 7.2422e+00  14 1.00000e+00  
 37.1 7.2509e+00  14 1.00000e+00  
 37.2 7.2595e+00  14 1.00000e+00  
 37.3 7.2554e+00  14 1.00000e+00  
 37.4 7.2670e+00  14 1.00000e+00  
 37.5 7.2736e+00  14 1.00000e+00  
 37.6 7.2745e+00  14 1.00000e+00  
 37.7 7.2770e+00  14 1.00000e+00  
 37.8 7.2856e+00  14 1.00000e+00  
 37.9 7.2916e+00  14 1.00000e+00  
 38.0 7.2958e+00  14 1.00000e+00  
 38.1 7.2980e+00  14 1.00000e+00  
 38.2 7.3049e+00  14 1.00000e+00  
 38.3 7.3100e+00  14 1.00000e+00  
 38.4 7.3109e+00  14 1.00000e+00  
 38.5 7.3173e+00  14 1.00000e+00  
 38.6 7.3215e+00  14 1.00000e+00  
 38.7 7.3268e+00  14 1.00000e+00  
 38.8 7.3348e+00  14 1.00000e+00  
 38.9 7.3394e+00  14 1.00000e+00  
 39.0 7.3442e+00  14 1.00000e+00  
 39.1 7.3489e+00  14 1.00000e+00  
 39.2 7.3520e+00  14 1.00000e+00  
 39.3 7.3588e+00  14 1.00000e+00  
 39.4 7.3626e+00  14 1.00000e+00  
 39.5 7.3649e+00  14 1.00000e+00  
 39.6 7.3731e+00  14 1.00000e+00  
 39.7 7.3747e+00  14 1.00000e+00  
 39.8 7.3777e+00  14 1.00000e+00  
 39.9 7.3836e+00  14 1.00000e+00  
 40.0 7.3922e+00  14 1.00000e+00  
 40.1 7.3940e+00  14 1.00000e+00  
 40.2 7.3923e+00  14 1.00000e+00  
 40.3 7.3998e+00  14 1.00000e+00  
 40.4 7.4034e+00  14 1.00000e+00  
 40.5 7.4105e+00  14 1.00000e+00  
 40.6 7.4184e+00  14 1.00000e+00  
 40.7 7.4207e+00  14 1.00000e+00  
 40.8 7.4284e+00  14 1.00000e+00  
 40.9 7.4286e+00  14 1.00000e+00  
 41.0 7.4309e+00  14 1.00000e+00  
 41.1 7.4335e+00  14 1.00000e+00  
 41.2 7.4391e+00  14 1.00000e+00  
 41.3 7.4506e+00  14 1.00000e+00  
 41.4 7.4504e+00  14 1.00000e+00  
 41.5 7.4553e+00  14 1.00000e+00  
 41.6 7.4559e+00  14 1.00000e+00  
 41.7 7.4641e+00  14 1.00000e+00  
 41.8 7.4683e+00  14 1.00000e+00  
 41.9 7.4723e+00  14 1.00000e+00  
 42.0 7.4815e+00  14 1.00000e+00  
 42.1 7.4851e+00  14 1.00000e+00  
 42.2 7.4883e+00  14 1.00000e+00  
 42.3 7.4987e+00  14 1.00000e+00  
 42.4 7.4966e+00  14 1.00000e+00  
 42.5 7.5007e+00  14 1.00000e+00  
 42.6 7.5110e+00  14 1.00000e+00  
 42.7 7.5106e+00  14 1.00000e+00  
 42.8 7.5161e+00  14 1.00000e+00  
 42.9 7.5181e+00  14 1.00000e+00  
 43.0 7.5197e+00  14 1.00000e+00  
 43.1 7.5239e+00  14 1.00000e+00  
 43.2 7.5291e+00  14 1.00000e+00  
 43.3 7.5331e+00  14 1.00000e+00  
 43.4 7.5348e+00  14 1.00000e+00  
 43.5 7.5351e+00  14 1.00000e+00  
 43.6 7.5368e+00  14 1.00000e+00  
 43.7 7.5445e+00  14 1.00000e+00  
 43.8 7.5434e+00  14 1.00000e+00  
 43.9 7.5463e+00  14 1.00000e+00  
 44.0 7.5535e+00  14 1.00000e+00  
 44.1 7.5544e+00  14 1.00000e+00  
 44.2 7.5558e+00  14 1.00000e+00  
 44.3 7.5600e+00  14 1.00000e+00  
 44.4 7.5651e+00  14 1.00000e+00  
 44.5 7.5670e+00  14 1.00000e+00  
 44.6 7.6285e+00  14 1.00000e+00  
 44.7 7.6331e+00  14 1.00000e+00  
 44.8 7.6365e+00  14 1.00000e+00  
 44.9 7.6440e+00  14 1.00000e+00  
 45.0 7.6490e+00  14 1.00000e+00  
 45.1 7.6525e+00  14 1.00000e+00  
 45.2 7.6555e+00  14 1.00000e+00  
 45.3 7.6605e+00  14 1.00000e+00  
 45.4 7.6636e+00  14 1.00000e+00  
 45.5 7.6629e+00  14 1.00000e+00  
 45.6 7.6658e+00  14 1.00000e+00  
 45.7 7.6685e+00  14 1.00000e+00  
 45.8 7.6715e+00  14 1.00000e+00  
 45.9 7.6736e+00  14 1.00000e+00  
 46.0 7.6697e+00  14 1.00000e+00  
 46.1 7.6737e+00  14 1.00000e+00  
 46.2 7.6782e+00  14 1.00000e+00  
 46.3 7.6773e+00  14 1.00000e+00  
 46.4 7.6818e+00  14 1.00000e+00  
 46.5 7.6882e+00  14 1.00000e+00  
 46.6 7.6914e+00  14 1.00000e+00  
 46.7 7.6921e+00  14 1.00000e+00  
 46.8 7.6882e+00  14 1.00000e+00  
 46.9 7.6929e+00  14 1.00000e+00  
 47.0 7.6937e+00  14 1.00000e+00  
 47.1 7.6949e+00  14 1.00000e+00  
 47.2 7.6932e+00  14 1.00000e+00  
 47.3 7.7035e+00  14 1.00000e+00  
 47.4 7.7039e+00  14 1.00000e+00  
 47.5 7.7033e+00  14 1.00000e+00  
 47.6 7.7105e+00  14 1.00000e+00  
 47.7 7.7119e+00  14 1.00000e+00  
 47.8 7.7126e+00  14 1.00000e+00  
 47.9 7.7135e+00  14 1.00000e+00  
 48.0 7.7110e+00  14 1.00000e+00  
 48.1 7.7137e+00  14 1.00000e+00  
 48.2 7.7119e+00  14 1.00000e+00  
 48.3 7.7212e+00  14 1.00000e+00  
 48.4 7.7214e+00  14 1.00000e+00  
 48.5 7.7225e+00  14 1.00000e+00  
 48.6 7.7235e+00  14 1.00000e+00  
 48.7 7.7229e+00  14 1.00000e+00  
 48.8 7.7917e+00  14 1.00000e+00  
 48.9 7.7937e+00  14 1.00000e+00  
 49.0 7.7974e+00  14 1.00000e+00  
 49.1 7.7985e+00  14 1.00000e+00  
 49.2 7.8040e+00  14 1.00000e+00  
 49.3 7.8048e+00  14 1.00000e+00  
 49.4 7.8053e+00  14 1.00000e+00  
 49.5 7.8056e+00  14 1.00000e+00  
 49.6 7.8087e+00  14 1.00000e+00  
 49.7 7.8079e+00  14 1.00000e+00  
 49.8 7.8116e+00  14 1.00000e+00  
 49.9 7.8146e+00  14 1.00000e+00  
 50.0 7.8174e+00  14 1.00000e+00  
 50.1 7.8198e+00  14 1.00000e+00  
 50.2 7.8219e+00  14 1.00000e+00  
 50.3 7.8239e+00  14 1.00000e+00  
 50.4 7.8231e+00  14 1.00000e+00  
 50.5 7.8240e+00  14 1.00000e+00  
 50.6 7.8248e+00  14 1.00000e+00  
 50.7 7.8238e+00  14 1.00000e+00  
 50.8 7.8214e+00  14 1.00000e+00  
 50.9 7.8252e+00  14 1.00000e+00  
 51.0 7.8282e+00  14 1.00000e+00  
 51.1 7.8278e+00  14 1.00000e+00  
 51.2 7.8296e+00  14 1.00000e+00  
 51.3 7.8278e+00  14 1.00000e+00  
 51.4 7.8254e+00  14 1.00000e+00  
 51.5 7.8298e+00  14 1.00000e+00  
 51.6 7.8306e+00  14 1.00000e+00  
 51.7 7.8310e+00  14 1.00000e+00  
 51.8 7.8308e+00  14 1.00000e+00  
 51.9 7.8905e+00  14 1.00000e+00  
 52.0 7.8924e+00  14 1.00000e+00  
 52.1 7.8947e+00  14 1.00000e+00  
 52.2 7.8960e+00  14 1.00000e+00  
 52.3 7.8941e+00  14 1.00000e+00  
 52.4 7.8971e+00  14 1.00000e+00  
 52.5 7.9042e+00  14 1.00000e+00  
 52.6 7.9077e+00  14 1.00000e+00  
 52.7 7.9023e+00  14 1.00000e+00  
 52.8 7.9063e+00  14 1.00000e+00  
 52.9 7.9078e+00  14 1.00000e+00  
 53.0 7.9081e+00  14 1.00000e+00  
 53.1 7.9069e+00  14 1.00000e+00  
 53.2 7.9095e+00  14 1.00000e+00  
 53.3 7.9071e+00  14 1.00000e+00  
 53.4 7.9070e+00  14 1.00000e+00  
 53.5 7.9119e+00  14 1.00000e+00  
 53.6 7.9090e+00  14 1.00000e+00  
 53.7 7.9067e+00  14 1.00000e+00  
 53.8 7.9040e+00  14 1.00000e+00  
 53.9 7.9074e+00  14 1.00000e+00  
 54.0 7.9091e+00  14 1.00000e+00  
 54.1 7.9129e+00  14 1.00000e+00  
 54.2 7.9145e+00  14 1.00000e+00  
 54.3 7.9121e+00  14 1.00000e+00  
 54.4 7.9125e+00  14 1.00000e+00  
 54.5 7.9129e+00  14 1.00000e+00  
 54.6 7.9098e+00  14 1.00000e+00  
 54.7 7.9848e+00  14 1.00000e+00  
 54.8 7.9851e+00  14 1.00000e+00  
 54.9 7.9849e+00  14 1.00000e+00  
 55.0 7.9832e+00  14 1.00000e+00  
 55.1 7.9845e+00  14 1.00000e+00  
 55.2 7.9832e+00  14 1.00000e+00  
 55.3 7.9850e+00  14 1.00000e+00  
 55.4 7.9864e+00  14 1.00000e+00  
 55.5 7.9850e+00  14 1.00000e+00  
 55.6 7.9846e+00  14 1.00000e+00  
 55.7 7.9845e+00  14 1.00000e+00  
 55.8 7.9849e+00  14 1.00000e+00  
 55.9 7.9850e+00  14 1.00000e+00  
 56.0 7.9850e+00  14 1.00000e+00  
 56.1 7.9861e+00  14 1.00000e+00  
 56.2 7.9821e+00  14 1.00000e+00  
 56.3 7.9811e+00  14 1.00000e+00  
 56.4 7.9806e+00  14 1.00000e+00  
 56.5 7.9804e+00  14 1.00000e+00  
 56.6 7.9804e+00  14 1.00000e+00  
 56.7 7.9814e+00  14 1.00000e+00  
 56.8 7.9856e+00  14 1.00000e+00  
 56.9 7.9865e+00  14 1.00000e+00  
 57.0 7.9851e+00  14 1.00000e+00  
 57.1 8.0320e+00  14 1.00000e+00  
 57.2 8.0322e+00  14 1.00000e+00  
 57.3 8.0319e+00  14 1.00000e+00  
 57.4 8.0315e+00  14 1.00000e+00  
 57.5 8.0269e+00  14 1.00000e+00  
 57.6 8.0281e+00  14 1.00000e+00  
 57.7 8.0288e+00  14 1.00000e+00  
 57.8 8.0293e+00  14 1.00000e+00  
 57.9 8.0292e+00  14 1.00000e+00  
 58.0 8.0293e+00  14 1.00000e+00  
 58.1 8.0283e+00  14 1.00000e+00  
 58.2 8.0279e+00  14 1.00000e+00  
 58.3 8.0236e+00  14 1.00000e+00  
 58.4 8.0237e+00  14 1.00000e+00  
 58.5 8.0252e+00  14 1.00000e+00  
 58.6 8.0251e+00  14 1.00000e+00  
 58.7 8.0233e+00  14 1.00000e+00  
 58.8 8.0260e+00  14 1.00000e+00  
 58.9 8.0262e+00  14 1.00000e+00  
 59.0 8.0262e+00  14 1.00000e+00  
 59.1 8.0261e+00  14 1.00000e+00  
 59.2 8.0263e+00  14 1.00000e+00  
 59.3 8.0374e+00  14 1.00000e+00  
 59.4 8.1658e+00  14 1.00000e+00  
 59.5 8.1687e+00  14 1.00000e+00  
 59.6 8.1642e+00  14 1.00000e+00  
 59.7 8.1639e+00  14 1.00000e+00  
 59.8 8.1673e+00  14 1.00000e+00  
 59.9 8.1661e+00  14 1.00000e+00  
 60.0 8.1614e+00  14 1.00000e+00  
 60.1 8.1634e+00  14 1.00000e+00  
 60.2 8.1611e+00  14 1.00000e+00  
 60.3 8.1639e+00  14 1.00000e+00  
 60.4 8.1631e+00  14 1.00000e+00  
 60.5 8.1579e+00  14 1.00000e+00  
 60.6 8.1639e+00  14 1.00000e+00  
 60.7 8.1591e+00  14 1.00000e+00  
 60.8 8.1617e+00  14 1.00000e+00  
 60.9 8.1610e+00  14 1.00000e+00  
 61.0 8.1592e+00  14 1.00000e+00  
 61.1 8.1588e+00  14 1.00000e+00  
 61.2 8.1647e+00  14 1.00000e+00  
 61.3 8.1617e+00  14 1.00000e+00  
 61.4 8.1531e+00  14 1.00000e+00  
 61.5 5.5576e+00  14 6.29955e-01  
 61.6 5.5550e+00  14 6.29943e-01  
 61.7 5.5497e+00  14 6.29920e-01  
 61.8 5.5479e+00  14 6.29913e-01  
 61.9 5.5463e+00  14 6.29908e-01  
 62.0 5.5447e+00  14 6.29902e-01  
 62.1 5.5429e+00  14 6.29897e-01  
 62.2 5.5408e+00  14 6.29891e-01  
 62.3 5.5382e+00  14 6.29885e-01  
 62.4 5.5357e+00  14 6.29880e-01  
 62.5 5.5340e+00  14 6.29877e-01  
 62.6 5.5360e+00  14 6.29880e-01  
 62.7 5.5348e+00  14 6.29878e-01  
 62.8 5.5324e+00  14 6.29874e-01  
 62.9 5.5343e+00  14 6.29877e-01  
 63.0 5.5324e+00  14 6.29874e-01  
 63.1 5.5320e+00  14 6.29874e-01  
 63.2 5.5300e+00  14 6.29872e-01  
 63.3 5.5281e+00  14 6.29870e-01  
 63.4 5.5293e+00  14 6.29871e-01  
 63.5 5.5287e+00  14 6.29870e-01  
 63.6 5.6531e+00  14 6.30986e-01  
 63.7 5.6508e+00  14 6.30949e-01  
 63.8 5.6470e+00  14 6.30890e-01  
 63.9 5.6476e+00  14 6.30899e-01  
 64.0 5.6442e+00  14 6.30846e-01  
 64.1 5.6441e+00  14 6.30845e-01  
 64.2 5.6422e+00  14 6.30817e-01  
 64.3 5.6381e+00  14 6.30756e-01  
 64.4 5.6390e+00  14 6.30770e-01  
 64.5 5.6365e+00  14 6.30733e-01  
 64.6 5.6336e+00  14 6.30692e-01  
 64.7 5.6348e+00  14 6.30709e-01  
 64.8 5.6340e+00  14 6.30697e-01  
 64.9 5.6332e+00  14 6.30686e-01  
 65.0 5.6258e+00  14 6.30586e-01  
 65.1 5.6222e+00  14 6.30539e-01  
 65.2 5.6191e+00  14 6.30500e-01  
 65.3 5.6138e+00  14 6.30435e-01  
 65.4 5.6086e+00  14 6.30375e-01  
 65.5 5.6076e+00  14 6.30363e-01  
 65.6 5.7730e+00  14 6.33541e-01  
 65.7 5.7663e+00  14 6.33369e-01  
 65.8 5.7615e+00  14 6.33247e-01  
 65.9 5.7565e+00  14 6.33123e-01  
 66.0 5.7556e+00  14 6.33100e-01  
 66.1 5.7544e+00  14 6.33070e-01  
 66.2 5.7522e+00  14 6.33016e-01  
 66.3 5.7494e+00  14 6.32949e-01  
 66.4 5.7443e+00  14 6.32825e-01  
 66.5 5.7416e+00  14 6.32763e-01  
 66.6 5.7396e+00  14 6.32715e-01  
 66.7 5.7366e+00  14 6.32644e-01  
 66.8 5.7337e+00  14 6.32578e-01  
 66.9 5.7324e+00  14 6.32547e-01  
 67.0 5.7272e+00  14 6.32428e-01  
 67.1 5.7227e+00  14 6.32327e-01  
 67.2 5.7172e+00  14 6.32207e-01  
 67.3 5.7133e+00  14 6.32122e-01  
 67.4 5.7083e+00  14 6.32017e-01  
 67.5 5.7010e+00  14 6.31865e-01  
 67.6 5.6960e+00  14 6.31763e-01  
 67.7 5.6885e+00  14 6.31615e-01  
 67.8 5.8784e+00  14 6.36612e-01  
 67.9 5.8712e+00  14 6.36381e-01  
 68.0 5.8694e+00  14 6.36324e-01  
 68.1 5.8653e+00  14 6.36196e-01  
 68.2 5.8572e+00  14 6.35943e-01  
 68.3 5.8562e+00  14 6.35913e-01  
 68.4 5.8486e+00  14 6.35680e-01  
 68.5 5.8436e+00  14 6.35526e-01  
 68.6 5.8417e+00  14 6.35470e-01  
 68.7 5.8389e+00  14 6.35385e-01  
 68.8 5.8345e+00  14 6.35253e-01  
 68.9 5.8300e+00  14 6.35121e-01  
 69.0 5.8262e+00  14 6.35010e-01  
 69.1 5.8192e+00  14 6.34805e-01  
 69.2 5.8145e+00  14 6.34672e-01  
 69.3 5.8113e+00  14 6.34579e-01  
 69.4 5.8066e+00  14 6.34446e-01  
 69.5 5.8054e+00  14 6.34413e-01  
 69.6 5.8027e+00  14 6.34338e-01  
 69.7 5.7997e+00  14 6.34254e-01  
 69.8 5.7965e+00  14 6.34166e-01  
 69.9 5.9875e+00  14 6.40398e-01  
 70.0 5.9867e+00  14 6.40366e-01  
 70.1 5.9839e+00  14 6.40264e-01  
 70.2 5.9792e+00  14 6.40090e-01  
 70.3 5.9786e+00  14 6.40070e-01  
 70.4 5.9760e+00  14 6.39974e-01  
 70.5 5.9716e+00  14 6.39813e-01  
 70.6 5.9704e+00  14 6.39770e-01  
 70.7 5.9682e+00  14 6.39687e-01  
 70.8 5.9646e+00  14 6.39559e-01  
 70.9 5.9621e+00  14 6.39468e-01  
 71.0 5.9523e+00  14 6.39119e-01  
 71.1 5.9500e+00  14 6.39037e-01  
 71.2 5.9415e+00  14 6.38735e-01  
 71.3 5.9329e+00  14 6.38436e-01  
 71.4 5.9303e+00  14 6.38344e-01  
 71.5 5.9252e+00  14 6.38169e-01  
 71.6 5.9219e+00  14 6.38056e-01  
 71.7 5.9155e+00  14 6.37839e-01  
 71.8 5.9132e+00  14 6.37761e-01  
 71.9 5.9093e+00  14 6.37628e-01  
 72.0 6.1233e+00  14 6.45757e-01  
 72.1 6.1170e+00  14 6.45496e-01  
 72.2 6.1159e+00  14 6.45450e-01  
 72.3 6.1092e+00  14 6.45173e-01  
 72.4 6.1082e+00  14 6.45134e-01  
 72.5 6.1049e+00  14 6.44998e-01  
 72.6 6.0976e+00  14 6.44697e-01  
 72.7 6.0951e+00  14 6.44593e-01  
 72.8 6.0892e+00  14 6.44354e-01  
 72.9 6.0828e+00  14 6.44094e-01  
 73.0 6.0763e+00  14 6.43833e-01  
 73.1 6.0694e+00  14 6.43557e-01  
 73.2 6.0602e+00  14 6.43190e-01  
 73.3 6.0541e+00  14 6.42946e-01  
 73.4 6.0459e+00  14 6.42626e-01  
 73.5 6.0375e+00  14 6.42298e-01  
 73.6 6.0281e+00  14 6.41933e-01  
 73.7 6.0239e+00  14 6.41769e-01  
 73.8 6.0187e+00  14 6.41570e-01  
 73.9 6.0164e+00  14 6.41484e-01  
 74.0 6.0106e+00  14 6.41262e-01  
 74.1 6.0012e+00  14 6.40906e-01  
 74.2 6.2428e+00  14 6.50935e-01  
 74.3 6.2378e+00  14 6.50711e-01  
 74.4 6.2313e+00  14 6.50422e-01  
 74.5 6.2262e+00  14 6.50193e-01  
 74.6 6.2242e+00  14 6.50108e-01  
 74.7 6.2196e+00  14 6.49902e-01  
 74.8 6.2111e+00  14 6.49527e-01  
 74.9 6.2032e+00  14 6.49181e-01  
 75.0 6.1921e+00  14 6.48694e-01  
 75.1 6.1837e+00  14 6.48330e-01  
 75.2 6.1819e+00  14 6.48251e-01  
 75.3 6.1760e+00  14 6.47994e-01  
 75.4 6.1697e+00  14 6.47722e-01  
 75.5 6.1659e+00  14 6.47562e-01  
 75.6 6.1620e+00  14 6.47394e-01  
 75.7 6.1593e+00  14 6.47278e-01  
 75.8 6.1571e+00  14 6.47184e-01  
 75.9 6.1445e+00  14 6.46649e-01  
 76.0 6.1436e+00  14 6.46609e-01  
 76.1 6.1416e+00  14 6.46528e-01  
 76.2 6.1304e+00  14 6.46054e-01  
 76.3 6.1247e+00  14 6.45817e-01  
 76.4 6.1163e+00  14 6.45469e-01  
 76.5 6.3829e+00  14 6.57015e-01  
 76.6 6.3720e+00  14 6.56536e-01  
 76.7 6.3684e+00  14 6.56380e-01  
 76.8 6.3657e+00  14 6.56261e-01  
 76.9 6.3526e+00  14 6.55697e-01  
 77.0 6.3448e+00  14 6.55360e-01  
 77.1 6.3387e+00  14 6.55095e-01  
 77.2 6.3319e+00  14 6.54806e-01  
 77.3 6.3231e+00  14 6.54429e-01  
 77.4 6.3192e+00  14 6.54264e-01  
 77.5 6.3127e+00  14 6.53986e-01  
 77.6 6.3054e+00  14 6.53678e-01  
 77.7 6.2975e+00  14 6.53345e-01  
 77.8 6.2879e+00  14 6.52941e-01  
 77.9 6.2787e+00  14 6.52556e-01  
 78.0 6.2723e+00  14 6.52267e-01  
 78.1 6.2655e+00  14 6.51959e-01  
 78.2 6.2580e+00  14 6.51620e-01  
 78.3 6.2460e+00  14 6.51078e-01  
 78.4 6.2409e+00  14 6.50850e-01  
 78.5 6.2347e+00  14 6.50575e-01  
 78.6 6.2267e+00  14 6.50218e-01  
 78.7 6.5198e+00  14 6.63199e-01  
 78.8 6.5152e+00  14 6.62985e-01  
 78.9 6.5039e+00  14 6.62466e-01  
 79.0 6.4906e+00  14 6.61856e-01  
 79.1 6.4783e+00  14 6.61293e-01  
 79.2 6.4705e+00  14 6.60939e-01  
 79.3 6.4620e+00  14 6.60549e-01  
 79.4 6.4537e+00  14 6.60176e-01  
 79.5 6.4449e+00  14 6.59775e-01  
 79.6 6.4309e+00  14 6.59147e-01  
 79.7 6.4262e+00  14 6.58935e-01  
 79.8 6.4138e+00  14 6.58384e-01  
 79.9 6.4079e+00  14 6.58121e-01  
 80.0 6.4016e+00  14 6.57840e-01  
 80.1 6.3968e+00  14 6.57628e-01  
 80.2 6.3923e+00  14 6.57430e-01  
 80.3 6.3875e+00  14 6.57219e-01  
 80.4 6.3849e+00  14 6.57104e-01  
 80.5 6.3800e+00  14 6.56887e-01  
 80.6 6.3664e+00  14 6.56294e-01  
 80.7 6.3655e+00  14 6.56252e-01  
 80.8 6.3623e+00  14 6.56113e-01  
 80.9 6.3527e+00  14 6.55700e-01  
 81.0 6.6517e+00  14 6.69414e-01  
 81.1 6.6431e+00  14 6.69002e-01  
 81.2 6.6372e+00  14 6.68722e-01  
 81.3 6.6332e+00  14 6.68528e-01  
 81.4 6.6178e+00  14 6.67797e-01  
 81.5 6.6118e+00  14 6.67510e-01  
 81.6 6.5967e+00  14 6.66794e-01  
 81.7 6.5881e+00  14 6.66388e-01  
 81.8 6.5797e+00  14 6.65995e-01  
 81.9 6.5722e+00  14 6.65639e-01  
 82.0 6.5703e+00  14 6.65551e-01  
 82.1 6.5536e+00  14 6.64771e-01  
 82.2 6.5456e+00  14 6.64397e-01  
 82.3 6.5374e+00  14 6.64017e-01  
 82.4 6.5339e+00  14 6.63854e-01  
 82.5 6.5296e+00  14 6.63653e-01  
 82.6 6.5206e+00  14 6.63235e-01  
 82.7 6.5063e+00  14 6.62575e-01  
 82.8 6.4987e+00  14 6.62227e-01  
 82.9 6.4901e+00  14 6.61833e-01  
 83.0 6.4792e+00  14 6.61334e-01  
 83.1 6.4713e+00  14 6.60974e-01  
 83.2 6.8060e+00  14 6.76947e-01  
 83.3 6.8051e+00  14 6.76900e-01  
 83.4 6.7918e+00  14 6.76238e-01  
 83.5 6.7769e+00  14 6.75502e-01  
 83.6 6.7545e+00  14 6.74400e-01  
 83.7 6.7499e+00  14 6.74172e-01  
 83.8 6.7408e+00  14 6.73731e-01  
 83.9 6.7313e+00  14 6.73262e-01  
 84.0 6.7212e+00  14 6.72771e-01  
 84.1 6.7073e+00  14 6.72099e-01  
 84.2 6.7000e+00  14 6.71740e-01  
 84.3 6.6888e+00  14 6.71198e-01  
 84.4 6.6772e+00  14 6.70641e-01  
 84.5 6.6687e+00  14 6.70230e-01  
 84.6 6.6627e+00  14 6.69942e-01  
 84.7 6.6567e+00  14 6.69654e-01  
 84.8 6.6507e+00  14 6.69368e-01  
 84.9 6.6446e+00  14 6.69075e-01  
 85.0 6.6355e+00  14 6.68641e-01  
 85.1 6.6349e+00  14 6.68609e-01  
 85.2 6.6179e+00  14 6.67802e-01  
 85.3 6.6112e+00  14 6.67482e-01  
 85.4 6.6000e+00  14 6.66951e-01  
 85.5 6.9463e+00  14 6.83993e-01  
 85.6 6.9362e+00  14 6.83479e-01  
 85.7 6.9261e+00  14 6.82970e-01  
 85.8 6.9214e+00  14 6.82732e-01  
 85.9 6.9106e+00  14 6.82184e-01  
 86.0 6.9073e+00  14 6.82018e-01  
 86.1 6.8886e+00  14 6.81076e-01  
 86.2 6.8804e+00  14 6.80665e-01  
 86.3 6.8730e+00  14 6.80290e-01  
 86.4 6.8646e+00  14 6.79870e-01  
 86.5 6.8466e+00  14 6.78966e-01  
 86.6 6.8374e+00  14 6.78507e-01  
 86.7 6.8255e+00  14 6.77917e-01  
 86.8 6.8155e+00  14 6.77418e-01  
 86.9 6.8090e+00  14 6.77094e-01  
 87.0 6.7997e+00  14 6.76633e-01  
 87.1 6.7994e+00  14 6.76616e-01  
 87.2 6.7890e+00  14 6.76102e-01  
 87.3 6.7772e+00  14 6.75518e-01  
 87.4 6.7537e+00  14 6.74361e-01  
 87.5 6.7469e+00  14 6.74029e-01  
 87.6 6.7357e+00  14 6.73477e-01  
 87.7 6.7243e+00  14 6.72925e-01  
 87.8 7.1076e+00  14 6.92267e-01  
 87.9 7.0939e+00  14 6.91556e-01  
 88.0 7.0912e+00  14 6.91417e-01  
 88.1 7.0716e+00  14 6.90405e-01  
 88.2 7.0516e+00  14 6.89378e-01  
 88.3 7.0456e+00  14 6.89070e-01  
 88.4 7.0352e+00  14 6.88535e-01  
 88.5 7.0235e+00  14 6.87931e-01  
 88.6 7.0072e+00  14 6.87098e-01  
 88.7 7.0003e+00  14 6.86745e-01  
 88.8 6.9874e+00  14 6.86088e-01  
 88.9 6.9738e+00  14 6.85392e-01  
 89.0 6.9610e+00  14 6.84741e-01  
 89.1 6.9534e+00  14 6.84353e-01  
 89.2 6.9465e+00  14 6.84003e-01  
 89.3 6.9395e+00  14 6.83647e-01  
 89.4 6.9324e+00  14 6.83288e-01  
 89.5 6.9252e+00  14 6.82926e-01  
 89.6 6.9093e+00  14 6.82119e-01  
 89.7 6.9072e+00  14 6.82013e-01  
 89.8 6.8882e+00  14 6.81054e-01  
 89.9 6.8790e+00  14 6.80593e-01  
 90.0 6.8700e+00  14 6.80141e-01  
 90.1 6.8608e+00  14 6.79681e-01  
 90.2 7.2535e+00  14 6.99876e-01  
 90.3 7.2491e+00  14 6.99646e-01  
 90.4 7.2322e+00  14 6.98755e-01  
 90.5 7.2187e+00  14 6.98046e-01  
 90.6 7.2089e+00  14 6.97535e-01  
 90.7 7.2002e+00  14 6.97080e-01  
 90.8 7.1919e+00  14 6.96647e-01  
 90.9 7.1695e+00  14 6.95478e-01  
 91.0 7.1598e+00  14 6.94974e-01  
 91.1 7.1432e+00  14 6.94110e-01  
 91.2 7.1356e+00  14 6.93717e-01  
 91.3 7.1250e+00  14 6.93165e-01  
 91.4 7.1104e+00  14 6.92409e-01  
 91.5 7.1048e+00  14 6.92118e-01  
 91.6 7.0930e+00  14 6.91513e-01  
 91.7 7.0925e+00  14 6.91484e-01  
 91.8 7.0688e+00  14 6.90259e-01  
 91.9 7.0509e+00  14 6.89338e-01  
 92.0 7.0406e+00  14 6.88812e-01  
 92.1 7.0270e+00  14 6.88112e-01  
 92.2 7.0090e+00  14 6.87191e-01  
 92.3 6.9988e+00  14 6.86669e-01  
 92.4 6.9840e+00  14 6.85913e-01  
 92.5 6.9679e+00  14 6.85094e-01  
 92.6 7.4128e+00  14 7.08304e-01  
 92.7 7.3960e+00  14 7.07409e-01  
 92.8 7.3858e+00  14 7.06871e-01  
 92.9 7.3709e+00  14 7.06076e-01  
 93.0 7.3601e+00  14 7.05507e-01  
 93.1 7.3449e+00  14 7.04699e-01  
 93.2 7.3317e+00  14 7.04003e-01  
 93.3 7.3167e+00  14 7.03211e-01  
 93.4 7.3004e+00  14 7.02349e-01  
 93.5 7.2895e+00  14 7.01774e-01  
 93.6 7.2790e+00  14 7.01220e-01  
 93.7 7.2659e+00  14 7.00529e-01  
 93.8 7.2599e+00  14 7.00215e-01  
 93.9 7.2578e+00  14 7.00103e-01  
 94.0 7.2382e+00  14 6.99072e-01  
 94.1 7.2304e+00  14 6.98663e-01  
 94.2 7.2104e+00  14 6.97612e-01  
 94.3 7.2000e+00  14 6.97067e-01  
 94.4 7.1845e+00  14 6.96262e-01  
 94.5 7.1657e+00  14 6.95282e-01  
 94.6 7.1526e+00  14 6.94598e-01  
 94.7 7.1367e+00  14 6.93774e-01  
 94.8 7.1244e+00  14 6.93134e-01  
 94.9 7.1090e+00  14 6.92338e-01  
 95.0 7.5709e+00  14 7.16744e-01  
 95.1 7.5655e+00  14 7.16457e-01  
 95.2 7.5565e+00  14 7.15974e-01  
 95.3 7.5293e+00  14 7.14521e-01  
 95.4 7.5190e+00  14 7.13967e-01  
 95.5 7.5030e+00  14 7.13111e-01  
 95.6 7.4982e+00  14 7.12858e-01  
 95.7 7.4854e+00  14 7.12174e-01  
 95.8 7.4699e+00  14 7.11343e-01  
 95.9 7.4566e+00  14 7.10634e-01  
 96.0 7.4420e+00  14 7.09857e-01  
 96.1 7.4413e+00  14 7.09823e-01  
 96.2 7.4183e+00  14 7.08594e-01  
 96.3 7.3986e+00  14 7.07549e-01  
 96.4 7.3866e+00  14 7.06910e-01  
 96.5 7.3671e+00  14 7.05879e-01  
 96.6 7.3544e+00  14 7.05205e-01  
 96.7 7.3364e+00  14 7.04251e-01  
 96.8 7.3183e+00  14 7.03290e-01  
 96.9 7.2982e+00  14 7.02234e-01  
 97.0 7.2831e+00  14 7.01433e-01  
 97.1 7.2766e+00  14 7.01093e-01  
 97.2 7.2665e+00  14 7.00563e-01  
 97.3 7.2578e+00  14 7.00102e-01  
 97.4 7.7480e+00  14 7.26278e-01  
 97.5 7.7289e+00  14 7.25242e-01  
 97.6 7.7135e+00  14 7.24414e-01  
 97.7 7.6960e+00  14 7.23473e-01  
 97.8 7.6772e+00  14 7.22460e-01  
 97.9 7.6620e+00  14 7.21637e-01  
 98.0 7.6518e+00  14 7.21093e-01  
 98.1 7.6370e+00  14 7.20298e-01  
 98.2 7.6281e+00  14 7.19815e-01  
 98.3 7.6246e+00  14 7.19630e-01  
 98.4 7.6022e+00  14 7.18428e-01  
 98.5 7.5960e+00  14 7.18095e-01  
 98.6 7.5722e+00  14 7.16815e-01  
 98.7 7.5634e+00  14 7.16344e-01  
 98.8 7.5485e+00  14 7.15546e-01  
 98.9 7.5222e+00  14 7.14141e-01  
 99.0 7.5031e+00  14 7.13116e-01  
 99.1 7.4960e+00  14 7.12736e-01  
 99.2 7.4791e+00  14 7.11835e-01  
 99.3 7.4553e+00  14 7.10565e-01  
 99.4 7.4444e+00  14 7.09985e-01  
 99.5 7.4401e+00  14 7.09755e-01  
 99.6 7.4154e+00  14 7.08442e-01  
 99.7 7.3967e+00  14 7.07446e-01  
 99.8 7.3866e+00  14 7.06913e-01  
 99.9 7.9124e+00  14 7.35189e-01  
100.0 7.8936e+00  14 7.34170e-01  
100.1 7.8772e+00  14 7.33275e-01  
100.2 7.8660e+00  14 7.32667e-01  
100.3 7.8448e+00  14 7.31522e-01  
100.4 7.8314e+00  14 7.30792e-01  
100.5 7.8278e+00  14 7.30600e-01  
100.6 7.8058e+00  14 7.29405e-01  
100.7 7.7903e+00  14 7.28566e-01  
100.8 7.7770e+00  14 7.27846e-01  
100.9 7.7586e+00  14 7.26849e-01  
101.0 7.7417e+00  14 7.25936e-01  
101.1 7.7197e+00  14 7.24747e-01  
101.2 7.6983e+00  14 7.23595e-01  
101.3 7.6724e+00  14 7.22199e-01  
101.4 7.6540e+00  14 7.21212e-01  
101.5 7.6458e+00  14 7.20771e-01  
101.6 7.6262e+00  14 7.19716e-01  
101.7 7.6171e+00  14 7.19225e-01  
101.8 7.6006e+00  14 7.18342e-01  
101.9 7.5917e+00  14 7.17860e-01  
102.0 7.5722e+00  14 7.16818e-01  
102.1 7.5550e+00  14 7.15897e-01  
102.2 7.5489e+00  14 7.15568e-01  
102.3 7.5240e+00  14 7.14237e-01  
102.4 8.0736e+00  14 7.43958e-01  
102.5 8.0612e+00  14 7.43281e-01  
102.6 8.0521e+00  14 7.42790e-01  
102.7 8.0228e+00  14 7.41193e-01  
102.8 8.0186e+00  14 7.40963e-01  
102.9 8.0027e+00  14 7.40097e-01  
103.0 7.9869e+00  14 7.39239e-01  
103.1 7.9798e+00  14 7.38855e-01  
103.2 7.9464e+00  14 7.37035e-01  
103.3 7.9332e+00  14 7.36318e-01  
103.4 7.9166e+00  14 7.35419e-01  
103.5 7.8948e+00  14 7.34234e-01  
103.6 7.8759e+00  14 7.33204e-01  
103.7 7.8580e+00  14 7.32238e-01  
103.8 7.8363e+00  14 7.31060e-01  
103.9 7.8294e+00  14 7.30686e-01  
104.0 7.8034e+00  14 7.29273e-01  
104.1 7.7812e+00  14 7.28074e-01  
104.2 7.7684e+00  14 7.27378e-01  
104.3 7.7462e+00  14 7.26180e-01  
104.4 7.7335e+00  14 7.25492e-01  
104.5 7.7156e+00  14 7.24525e-01  
104.6 7.6966e+00  14 7.23505e-01  
104.7 7.6748e+00  14 7.22328e-01  
104.8 7.6572e+00  14 7.21384e-01  
104.9 8.2545e+00  14 7.53819e-01  
105.0 8.2429e+00  14 7.53188e-01  
105.1 8.2255e+00  14 7.52241e-01  
105.2 8.2152e+00  14 7.51678e-01  
105.3 8.1899e+00  14 7.50295e-01  
105.4 8.1776e+00  14 7.49626e-01  
105.5 8.1591e+00  14 7.48617e-01  
105.6 8.1365e+00  14 7.47385e-01  
105.7 8.1065e+00  14 7.45751e-01  
105.8 8.0856e+00  14 7.44610e-01  
105.9 8.0713e+00  14 7.43832e-01  
106.0 8.0570e+00  14 7.43056e-01  
106.1 8.0426e+00  14 7.42268e-01  
106.2 8.0189e+00  14 7.40979e-01  
106.3 7.9934e+00  14 7.39595e-01  
106.4 7.9849e+00  14 7.39128e-01  
106.5 7.9701e+00  14 7.38326e-01  
106.6 7.9394e+00  14 7.36657e-01  
106.7 7.9217e+00  14 7.35696e-01  
106.8 7.9099e+00  14 7.35053e-01  
106.9 7.8874e+00  14 7.33831e-01  
107.0 7.8758e+00  14 7.33200e-01  
107.1 7.8575e+00  14 7.32207e-01  
107.2 7.8384e+00  14 7.31170e-01  
107.3 7.8163e+00  14 7.29973e-01  
107.4 8.4392e+00  14 7.63907e-01  
107.5 8.4134e+00  14 7.62492e-01  
107.6 8.3993e+00  14 7.61726e-01  
107.7 8.3804e+00  14 7.60690e-01  
107.8 8.3721e+00  14 7.60237e-01  
107.9 8.3533e+00  14 7.59211e-01  
108.0 8.3296e+00  14 7.57916e-01  
108.1 8.3125e+00  14 7.56985e-01  
108.2 8.2903e+00  14 7.55772e-01  
108.3 8.2635e+00  14 7.54309e-01  
108.4 8.2478e+00  14 7.53455e-01  
108.5 8.2262e+00  14 7.52278e-01  
108.6 8.2146e+00  14 7.51643e-01  
108.7 8.1916e+00  14 7.50387e-01  
108.8 8.1669e+00  14 7.49044e-01  
108.9 8.1429e+00  14 7.47736e-01  
109.0 8.1190e+00  14 7.46433e-01  
109.1 8.0942e+00  14 7.45081e-01  
109.2 8.0729e+00  14 7.43919e-01  
109.3 8.0651e+00  14 7.43497e-01  
109.4 8.0497e+00  14 7.42654e-01  
109.5 8.0446e+00  14 7.42377e-01  
109.6 8.0189e+00  14 7.40978e-01  
109.7 8.0023e+00  14 7.40074e-01  
109.8 7.9875e+00  14 7.39273e-01  
109.9 7.9772e+00  14 7.38712e-01  
110.0 8.6113e+00  14 7.73315e-01  
110.1 8.5880e+00  14 7.72046e-01  
110.2 8.5598e+00  14 7.70502e-01  
110.3 8.5459e+00  14 7.69743e-01  
110.4 8.5351e+00  14 7.69151e-01  
110.5 8.5206e+00  14 7.68360e-01  
110.6 8.4870e+00  14 7.66520e-01  
110.7 8.4709e+00  14 7.65638e-01  
110.8 8.4512e+00  14 7.64564e-01  
110.9 8.4298e+00  14 7.63395e-01  
111.0 8.3990e+00  14 7.61707e-01  
111.1 8.3803e+00  14 7.60683e-01  
111.2 8.3556e+00  14 7.59338e-01  
111.3 8.3343e+00  14 7.58175e-01  
111.4 8.3128e+00  14 7.57001e-01  
111.5 8.3001e+00  14 7.56308e-01  
111.6 8.2693e+00  14 7.54626e-01  
111.7 8.2592e+00  14 7.54074e-01  
111.8 8.2442e+00  14 7.53258e-01  
111.9 8.2255e+00  14 7.52236e-01  
112.0 8.2129e+00  14 7.51549e-01  
112.1 8.1906e+00  14 7.50334e-01  
112.2 8.1640e+00  14 7.48884e-01  
112.3 8.1407e+00  14 7.47617e-01  
112.4 8.1243e+00  14 7.46721e-01  
112.5 8.1063e+00  14 7.45741e-01  
112.6 8.7871e+00  14 7.82924e-01  
112.7 8.7671e+00  14 7.81830e-01  
112.8 8.7634e+00  14 7.81627e-01  
112.9 8.7408e+00  14 7.80397e-01  
113.0 8.6972e+00  14 7.78011e-01  
113.1 8.6751e+00  14 7.76804e-01  
113.2 8.6743e+00  14 7.76762e-01  
113.3 8.6424e+00  14 7.75017e-01  
113.4 8.6123e+00  14 7.73372e-01  
113.5 8.5813e+00  14 7.71675e-01  
113.6 8.5572e+00  14 7.70361e-01  
113.7 8.5329e+00  14 7.69032e-01  
113.8 8.5253e+00  14 7.68613e-01  
113.9 8.5103e+00  14 7.67793e-01  
114.0 8.4825e+00  14 7.66277e-01  
114.1 8.4604e+00  14 7.65068e-01  
114.2 8.4389e+00  14 7.63890e-01  
114.3 8.4073e+00  14 7.62164e-01  
114.4 8.3964e+00  14 7.61566e-01  
114.5 8.3796e+00  14 7.60644e-01  
114.6 8.3557e+00  14 7.59339e-01  
114.7 8.3366e+00  14 7.58299e-01  
114.8 8.3185e+00  14 7.57313e-01  
114.9 8.3015e+00  14 7.56386e-01  
115.0 8.2875e+00  14 7.55618e-01  
115.1 8.2659e+00  14 7.54439e-01  
115.2 8.2472e+00  14 7.53421e-01  
115.3 8.9771e+00  14 7.93288e-01  
115.4 8.9292e+00  14 7.90679e-01  
115.5 8.9092e+00  14 7.89585e-01  
115.6 8.8843e+00  14 7.88229e-01  
115.7 8.8635e+00  14 7.87095e-01  
115.8 8.8397e+00  14 7.85795e-01  
115.9 8.8141e+00  14 7.84396e-01  
116.0 8.7935e+00  14 7.83273e-01  
116.1 8.7733e+00  14 7.82167e-01  
116.2 8.7550e+00  14 7.81171e-01  
116.3 8.7083e+00  14 7.78617e-01  
116.4 8.6820e+00  14 7.77181e-01  
116.5 8.6672e+00  14 7.76373e-01  
116.6 8.6588e+00  14 7.75913e-01  
116.7 8.6319e+00  14 7.74443e-01  
116.8 8.6035e+00  14 7.72891e-01  
116.9 8.5701e+00  14 7.71066e-01  
117.0 8.5559e+00  14 7.70288e-01  
117.1 8.5347e+00  14 7.69128e-01  
117.2 8.5263e+00  14 7.68667e-01  
117.3 8.5177e+00  14 7.68198e-01  
117.4 8.4857e+00  14 7.66451e-01  
117.5 8.4695e+00  14 7.65563e-01  
117.6 8.4501e+00  14 7.64505e-01  
117.7 8.4423e+00  14 7.64075e-01  
117.8 8.4031e+00  14 7.61933e-01  
117.9 9.1586e+00  14 8.03169e-01  
118.0 9.1149e+00  14 8.00792e-01  
118.1 9.0885e+00  14 7.99354e-01  
118.2 9.0740e+00  14 7.98563e-01  
118.3 9.0542e+00  14 7.97485e-01  
118.4 9.0218e+00  14 7.95721e-01  
118.5 9.0018e+00  14 7.94631e-01  
118.6 8.9800e+00  14 7.93448e-01  
118.7 8.9404e+00  14 7.91289e-01  
118.8 8.9226e+00  14 7.90315e-01  
118.9 8.9039e+00  14 7.89299e-01  
119.0 8.8764e+00  14 7.87797e-01  
119.1 8.8545e+00  14 7.86604e-01  
119.2 8.8309e+00  14 7.85313e-01  
119.3 8.8059e+00  14 7.83952e-01  
119.4 8.7875e+00  14 7.82944e-01  
119.5 8.7718e+00  14 7.82090e-01  
119.6 8.7558e+00  14 7.81211e-01  
119.7 8.7127e+00  14 7.78858e-01  
119.8 8.6860e+00  14 7.77399e-01  
119.9 8.6735e+00  14 7.76719e-01  
120.0 8.6723e+00  14 7.76650e-01  
120.1 8.6466e+00  14 7.75245e-01  
120.2 8.6178e+00  14 7.73673e-01  
120.3 8.5875e+00  14 7.72018e-01  
120.4 8.5717e+00  14 7.71152e-01  
120.5 8.5470e+00  14 7.69802e-01  
120.6 9.3427e+00  14 8.13185e-01  
120.7 9.2849e+00  14 8.10046e-01  
120.8 9.2681e+00  14 8.09130e-01  
120.9 9.2414e+00  14 8.07676e-01  
121.0 9.2093e+00  14 8.05928e-01  
121.1 9.1843e+00  14 8.04570e-01  
121.2 9.1731e+00  14 8.03958e-01  
121.3 9.1377e+00  14 8.02034e-01  
121.4 9.0991e+00  14 7.99929e-01  
121.5 9.0776e+00  14 7.98760e-01  
121.6 9.0668e+00  14 7.98175e-01  
121.7 9.0567e+00  14 7.97624e-01  
121.8 9.0130e+00  14 7.95244e-01  
121.9 8.9929e+00  14 7.94151e-01  
122.0 8.9736e+00  14 7.93099e-01  
122.1 8.9398e+00  14 7.91255e-01  
122.2 8.9239e+00  14 7.90386e-01  
122.3 8.9066e+00  14 7.89445e-01  
122.4 8.8809e+00  14 7.88044e-01  
122.5 8.8629e+00  14 7.87059e-01  
122.6 8.8425e+00  14 7.85945e-01  
122.7 8.8207e+00  14 7.84760e-01  
122.8 8.7942e+00  14 7.83313e-01  
122.9 8.7755e+00  14 7.82292e-01  
123.0 8.7624e+00  14 7.81576e-01  
123.1 8.7255e+00  14 7.79561e-01  
123.2 8.6925e+00  14 7.77756e-01  
123.3 9.5080e+00  14 8.22147e-01  
123.4 9.4764e+00  14 8.20434e-01  
123.5 9.4555e+00  14 8.19306e-01  
123.6 9.4280e+00  14 8.17814e-01  
123.7 9.3977e+00  14 8.16170e-01  
123.8 9.3733e+00  14 8.14847e-01  
123.9 9.3404e+00  14 8.13056e-01  
124.0 9.3091e+00  14 8.11357e-01  
124.1 9.2795e+00  14 8.09749e-01  
124.2 9.2621e+00  14 8.08803e-01  
124.3 9.2368e+00  14 8.07430e-01  
124.4 9.2051e+00  14 8.05702e-01  
124.5 9.1823e+00  14 8.04463e-01  
124.6 9.1722e+00  14 8.03912e-01  
124.7 9.1392e+00  14 8.02113e-01  
124.8 9.1085e+00  14 8.00440e-01  
124.9 9.0789e+00  14 7.98834e-01  
125.0 9.0729e+00  14 7.98508e-01  
125.1 9.0607e+00  14 7.97839e-01  
125.2 9.0194e+00  14 7.95591e-01  
125.3 9.0070e+00  14 7.94918e-01  
125.4 8.9843e+00  14 7.93678e-01  
125.5 8.9776e+00  14 7.93314e-01  
125.6 8.9290e+00  14 7.90667e-01  
125.7 8.9076e+00  14 7.89496e-01  
125.8 8.8851e+00  14 7.88271e-01  
125.9 8.8637e+00  14 7.87107e-01  
126.0 8.8389e+00  14 7.85752e-01  
126.1 9.6706e+00  14 8.30942e-01  
126.2 9.6493e+00  14 8.29792e-01  
126.3 9.6114e+00  14 8.27743e-01  
126.4 9.5813e+00  14 8.26113e-01  
126.5 9.5645e+00  14 8.25205e-01  
126.6 9.5221e+00  14 8.22913e-01  
126.7 9.5025e+00  14 8.21851e-01  
126.8 9.4750e+00  14 8.20360e-01  
126.9 9.4537e+00  14 8.19206e-01  
127.0 9.4265e+00  14 8.17734e-01  
127.1 9.3979e+00  14 8.16178e-01  
127.2 9.3759e+00  14 8.14987e-01  
127.3 9.3469e+00  14 8.13410e-01  
127.4 9.3389e+00  14 8.12978e-01  
127.5 9.2834e+00  14 8.09959e-01  
127.6 9.2700e+00  14 8.09234e-01  
127.7 9.2477e+00  14 8.08018e-01  
127.8 9.2232e+00  14 8.06688e-01  
127.9 9.1901e+00  14 8.04888e-01  
128.0 9.1973e+00  14 8.05280e-01  
128.1 9.1619e+00  14 8.03351e-01  
128.2 9.1360e+00  14 8.01940e-01  
128.3 9.0987e+00  14 7.99907e-01  
128.4 9.0741e+00  14 7.98571e-01  
128.5 9.0588e+00  14 7.97740e-01  
128.6 9.0200e+00  14 7.95624e-01  
128.7 9.0050e+00  14 7.94811e-01  
128.8 9.8682e+00  14 8.41587e-01  
128.9 9.8425e+00  14 8.40205e-01  
129.0 9.8059e+00  14 8.38236e-01  
129.1 9.8034e+00  14 8.38101e-01  
129.2 9.7592e+00  14 8.35718e-01  
129.3 9.7208e+00  14 8.33648e-01  
129.4 9.6881e+00  14 8.31886e-01  
129.5 9.6700e+00  14 8.30907e-01  
129.6 9.6558e+00  14 8.30143e-01  
129.7 9.6106e+00  14 8.27701e-01  
129.8 9.5950e+00  14 8.26854e-01  
129.9 9.5747e+00  14 8.25757e-01  
130.0 9.5313e+00  14 8.23410e-01  
130.1 9.5096e+00  14 8.22237e-01  
130.2 9.4773e+00  14 8.20485e-01  
130.3 9.4647e+00  14 8.19804e-01  
130.4 9.4424e+00  14 8.18593e-01  
130.5 9.4143e+00  14 8.17069e-01  
130.6 9.3947e+00  14 8.16005e-01  
130.7 9.3707e+00  14 8.14705e-01  
130.8 9.3421e+00  14 8.13153e-01  
130.9 9.3112e+00  14 8.11471e-01  
131.0 9.2793e+00  14 8.09739e-01  
131.1 9.2575e+00  14 8.08556e-01  
131.2 9.2281e+00  14 8.06952e-01  
131.3 9.1887e+00  14 8.04808e-01  
131.4 9.1849e+00  14 8.04602e-01  
131.5 9.1471e+00  14 8.02545e-01  
131.6 1.0063e+01  14 8.52058e-01  
131.7 1.0031e+01  14 8.50320e-01  
131.8 1.0001e+01  14 8.48734e-01  
131.9 9.9583e+00  14 8.46426e-01  
132.0 9.9339e+00  14 8.45115e-01  
132.1 9.8966e+00  14 8.43113e-01  
132.2 9.8722e+00  14 8.41803e-01  
132.3 9.8424e+00  14 8.40196e-01  
132.4 9.8194e+00  14 8.38961e-01  
132.5 9.7868e+00  14 8.37206e-01  
132.6 9.7725e+00  14 8.36434e-01  
132.7 9.7352e+00  14 8.34427e-01  
132.8 9.7019e+00  14 8.32630e-01  
132.9 9.6808e+00  14 8.31490e-01  
133.0 9.6623e+00  14 8.30490e-01  
133.1 9.6523e+00  14 8.29951e-01  
133.2 9.6097e+00  14 8.27649e-01  
133.3 9.5817e+00  14 8.26138e-01  
133.4 9.5726e+00  14 8.25642e-01  
133.5 9.5308e+00  14 8.23384e-01  
133.6 9.5083e+00  14 8.22164e-01  
133.7 9.4762e+00  14 8.20424e-01  
133.8 9.4530e+00  14 8.19167e-01  
133.9 9.4203e+00  14 8.17397e-01  
134.0 9.3938e+00  14 8.15960e-01  
134.1 9.3643e+00  14 8.14355e-01  
134.2 9.3234e+00  14 8.12136e-01  
134.3 9.2985e+00  14 8.10783e-01  
134.4 9.2732e+00  14 8.09408e-01  
134.5 1.0229e+01  14 8.60935e-01  
134.6 1.0169e+01  14 8.57719e-01  
134.7 1.0148e+01  14 8.56575e-01  
134.8 1.0126e+01  14 8.55440e-01  
134.9 1.0098e+01  14 8.53925e-01  
135.0 1.0072e+01  14 8.52527e-01  
135.1 1.0043e+01  14 8.50952e-01  
135.2 1.0007e+01  14 8.49014e-01  
135.3 9.9847e+00  14 8.47840e-01  
135.4 9.9452e+00  14 8.45724e-01  
135.5 9.9174e+00  14 8.44231e-01  
135.6 9.8896e+00  14 8.42736e-01  
135.7 9.8632e+00  14 8.41316e-01  
135.8 9.8423e+00  14 8.40191e-01  
135.9 9.8109e+00  14 8.38504e-01  
136.0 9.7836e+00  14 8.37035e-01  
136.1 9.7726e+00  14 8.36443e-01  
136.2 9.7390e+00  14 8.34628e-01  
136.3 9.7003e+00  14 8.32542e-01  
136.4 9.6707e+00  14 8.30945e-01  
136.5 9.6553e+00  14 8.30112e-01  
136.6 9.6091e+00  14 8.27618e-01  
136.7 9.5934e+00  14 8.26771e-01  
136.8 9.5623e+00  14 8.25089e-01  
136.9 9.5179e+00  14 8.22682e-01  
137.0 9.4903e+00  14 8.21188e-01  
137.1 9.4713e+00  14 8.20160e-01  
137.2 9.4472e+00  14 8.18853e-01  
137.3 1.0417e+01  14 8.70970e-01  
137.4 1.0375e+01  14 8.68732e-01  
137.5 1.0341e+01  14 8.66909e-01  
137.6 1.0329e+01  14 8.66274e-01  
137.7 1.0284e+01  14 8.63861e-01  
137.8 1.0263e+01  14 8.62732e-01  
137.9 1.0239e+01  14 8.61477e-01  
138.0 1.0194e+01  14 8.59057e-01  
138.1 1.0168e+01  14 8.57641e-01  
138.2 1.0139e+01  14 8.56090e-01  
138.3 1.0126e+01  14 8.55406e-01  
138.4 1.0095e+01  14 8.53768e-01  
138.5 1.0069e+01  14 8.52353e-01  
138.6 1.0041e+01  14 8.50888e-01  
138.7 1.0007e+01  14 8.49049e-01  
138.8 9.9868e+00  14 8.47951e-01  
138.9 9.9451e+00  14 8.45714e-01  
139.0 9.9294e+00  14 8.44872e-01  
139.1 9.8898e+00  14 8.42747e-01  
139.2 9.8566e+00  14 8.40959e-01  
139.3 9.8315e+00  14 8.39614e-01  
139.4 9.7933e+00  14 8.37556e-01  
139.5 9.7779e+00  14 8.36727e-01  
139.6 9.7313e+00  14 8.34217e-01  
139.7 9.6904e+00  14 8.32008e-01  
139.8 9.6727e+00  14 8.31055e-01  
139.9 9.6564e+00  14 8.30171e-01  
140.0 9.6095e+00  14 8.27638e-01  
140.1 9.5947e+00  14 8.26842e-01  
140.2 1.0607e+01  14 8.81045e-01  
140.3 1.0574e+01  14 8.79296e-01  
140.4 1.0540e+01  14 8.77469e-01  
140.5 1.0495e+01  14 8.75098e-01  
140.6 1.0461e+01  14 8.73302e-01  
140.7 1.0455e+01  14 8.72959e-01  
140.8 1.0410e+01  14 8.70591e-01  
140.9 1.0361e+01  14 8.67963e-01  
141.0 1.0344e+01  14 8.67062e-01  
141.1 1.0321e+01  14 8.65856e-01  
141.2 1.0285e+01  14 8.63939e-01  
141.3 1.0262e+01  14 8.62705e-01  
141.4 1.0236e+01  14 8.61291e-01  
141.5 1.0227e+01  14 8.60844e-01  
141.6 1.0166e+01  14 8.57565e-01  
141.7 1.0145e+01  14 8.56450e-01  
141.8 1.0129e+01  14 8.55574e-01  
141.9 1.0098e+01  14 8.53905e-01  
142.0 1.0066e+01  14 8.52187e-01  
142.1 1.0031e+01  14 8.50332e-01  
142.2 9.9984e+00  14 8.48577e-01  
142.3 9.9434e+00  14 8.45625e-01  
142.4 9.9267e+00  14 8.44729e-01  
142.5 9.8894e+00  14 8.42724e-01  
142.6 9.8577e+00  14 8.41021e-01  
142.7 9.8345e+00  14 8.39774e-01  
142.8 9.7934e+00  14 8.37561e-01  
142.9 9.7789e+00  14 8.36779e-01  
143.0 9.7454e+00  14 8.34972e-01  
143.1 1.0588e+01  14 8.80041e-01  
143.2 1.0549e+01  14 8.77958e-01  
143.3 1.0509e+01  14 8.75856e-01  
143.4 1.0460e+01  14 8.73224e-01  
143.5 1.0457e+01  14 8.73099e-01  
143.6 1.0634e+01  14 8.82453e-01  
143.7 1.0606e+01  14 8.80987e-01  
143.8 1.0576e+01  14 8.79405e-01  
143.9 1.0545e+01  14 8.77721e-01  
144.0 1.0505e+01  14 8.75618e-01  
144.1 1.0470e+01  14 8.73751e-01  
144.2 1.0468e+01  14 8.73666e-01  
144.3 1.0420e+01  14 8.71121e-01  
144.4 1.0384e+01  14 8.69199e-01  
144.5 1.0357e+01  14 8.67762e-01  
144.6 1.0326e+01  14 8.66129e-01  
144.7 1.0322e+01  14 8.65864e-01  
144.8 1.0262e+01  14 8.62697e-01  
144.9 1.0240e+01  14 8.61496e-01  
145.0 1.0187e+01  14 8.58683e-01  
145.1 1.0161e+01  14 8.57269e-01  
145.2 1.0131e+01  14 8.55662e-01  
145.3 1.0099e+01  14 8.53988e-01  
145.4 1.0072e+01  14 8.52498e-01  
145.5 1.0039e+01  14 8.50758e-01  
145.6 1.0001e+01  14 8.48704e-01  
145.7 9.9650e+00  14 8.46783e-01  
145.8 9.9395e+00  14 8.45417e-01  
145.9 9.9040e+00  14 8.43510e-01  
146.0 9.8772e+00  14 8.42071e-01  
146.1 1.0452e+01  14 8.72815e-01  
146.2 1.0629e+01  14 8.82206e-01  
146.3 1.0600e+01  14 8.80671e-01  
146.4 1.0564e+01  14 8.78736e-01  
146.5 1.0624e+01  14 8.81918e-01  
146.6 1.0589e+01  14 8.80102e-01  
146.7 1.0560e+01  14 8.78520e-01  
146.8 1.0526e+01  14 8.76745e-01  
146.9 1.0487e+01  14 8.74662e-01  
147.0 1.0452e+01  14 8.72796e-01  
147.1 1.0644e+01  14 8.82993e-01  
147.2 1.0622e+01  14 8.81836e-01  
147.3 1.0593e+01  14 8.80315e-01  
147.4 1.0564e+01  14 8.78754e-01  
147.5 1.0528e+01  14 8.76823e-01  
147.6 1.0484e+01  14 8.74498e-01  
147.7 1.0470e+01  14 8.73749e-01  
147.8 1.0408e+01  14 8.70464e-01  
147.9 1.0359e+01  14 8.67849e-01  
148.0 1.0343e+01  14 8.66995e-01  
148.1 1.0316e+01  14 8.65545e-01  
148.2 1.0274e+01  14 8.63335e-01  
148.3 1.0248e+01  14 8.61964e-01  
148.4 1.0229e+01  14 8.60928e-01  
148.5 1.0167e+01  14 8.57598e-01  
148.6 1.0138e+01  14 8.56083e-01  
148.7 1.0125e+01  14 8.55382e-01  
148.8 1.0093e+01  14 8.53655e-01  
148.9 1.0064e+01  14 8.52080e-01  
149.0 1.0034e+01  14 8.50479e-01  
149.1 1.0450e+01  14 8.72695e-01  
149.2 1.0624e+01  14 8.81920e-01  
149.3 1.0460e+01  14 8.73223e-01  
149.4 1.0439e+01  14 8.72130e-01  
149.5 1.0625e+01  14 8.81965e-01  
149.6 1.0591e+01  14 8.80195e-01  
149.7 1.0562e+01  14 8.78663e-01  
149.8 1.0623e+01  14 8.81887e-01  
149.9 1.0591e+01  14 8.80160e-01  
150.0 1.0562e+01  14 8.78629e-01  
