 15.1 1.3308e+00  13 4.83180e-02  
 15.2 1.3381e+00  13 4.91120e-02  
 15.3 1.3455e+00  13 4.99224e-02  
 15.4 1.3528e+00  13 5.07163e-02  
 15.5 1.3600e+00  13 5.15146e-02  
 15.6 1.3673e+00  13 5.22752e-02  
 15.7 1.3745e+00  13 5.30686e-02  
 15.8 1.3818e+00  13 5.38621e-02  
 15.9 1.3890e+00  13 5.46561e-02  
 16.0 1.3962e+00  13 5.54508e-02  
 16.1 1.4035e+00  13 5.62458e-02  
 16.2 1.4107e+00  13 5.70400e-02  
 16.3 1.4179e+00  13 5.78028e-02  
 16.4 1.4251e+00  13 5.85996e-02  
 16.5 1.4383e+00  13 6.00617e-02  
 16.6 1.4456e+00  13 6.08755e-02  
 16.7 1.4526e+00  13 6.16575e-02  
 16.8 1.4600e+00  13 6.24418e-02  
 16.9 1.4675e+00  13 6.32758e-02  
 17.0 1.4743e+00  13 6.40504e-02  
 17.1 1.4817e+00  13 6.48829e-02  
 17.2 1.4891e+00  13 6.57206e-02  
 17.3 1.4965e+00  13 6.65465e-02  
 17.4 1.5038e+00  13 6.73532e-02  
 17.5 1.5105e+00  13 6.81219e-02  
 17.6 1.5179e+00  13 6.89676e-02  
 17.7 1.5252e+00  13 6.98141e-02  
 17.8 1.5324e+00  13 7.06631e-02  
 17.9 1.5397e+00  13 7.14613e-02  
 18.0 1.5470e+00  13 7.23137e-02  
 18.1 1.5542e+00  13 7.31709e-02  
 18.2 1.5615e+00  13 7.40309e-02  
 18.3 1.5687e+00  13 7.48973e-02  
 18.4 1.5759e+00  13 7.57753e-02  
 18.5 1.5831e+00  13 7.65793e-02  
 18.6 1.5904e+00  13 7.74562e-02  
 18.7 1.6158e+00  13 8.06050e-02  
 18.8 1.6233e+00  13 8.15293e-02  
 18.9 1.6308e+00  13 8.24294e-02  
 19.0 1.6383e+00  13 8.33868e-02  
 19.1 1.6458e+00  13 8.43518e-02  
 19.2 1.6533e+00  13 8.53257e-02  
 19.3 1.6608e+00  13 8.63066e-02  
 19.4 1.6683e+00  13 8.72796e-02  
 19.5 1.6758e+00  13 8.82104e-02  
 19.6 1.6833e+00  13 8.92141e-02  
 19.7 1.6907e+00  13 9.02277e-02  
 19.8 1.6984e+00  13 9.12841e-02  
 19.9 1.7096e+00  13 9.29211e-02  
 20.0 1.7208e+00  13 9.45947e-02  
 20.1 1.7123e+00  13 9.33221e-02  
 20.2 1.7235e+00  13 9.49694e-02  
 20.3 1.7340e+00  13 9.64710e-02  
 20.4 1.7451e+00  13 9.81497e-02  
 20.5 1.7562e+00  13 9.98529e-02  
 20.6 1.7674e+00  13 1.01586e-01  
 20.7 1.7768e+00  13 1.03066e-01  
 20.8 1.7879e+00  13 1.04845e-01  
 20.9 1.7992e+00  13 1.06597e-01  
 21.0 1.8105e+00  13 1.08371e-01  
 21.1 1.8218e+00  13 1.10230e-01  
 21.2 1.8332e+00  13 1.12134e-01  
 21.3 1.8446e+00  13 1.14075e-01  
 21.4 1.8562e+00  13 1.16053e-01  
 21.5 1.8677e+00  13 1.17932e-01  
 21.6 1.8793e+00  13 1.19954e-01  
 21.7 1.8910e+00  13 1.22031e-01  
 21.8 1.9027e+00  13 1.24153e-01  
 21.9 1.9145e+00  13 1.26314e-01  
 22.0 9.3477e+00  14 1.00000e+00  
 22.1 9.2262e+00  14 1.00000e+00  
 22.2 9.1584e+00  14 1.00000e+00  
 22.3 8.9470e+00  14 1.00000e+00  
 22.4 8.7021e+00  14 1.00000e+00  
 22.5 8.5055e+00  14 1.00000e+00  
 22.6 8.2508e+00  14 1.00000e+00  
 22.7 8.0852e+00  14 1.00000e+00  
 22.8 7.8257e+00  14 1.00000e+00  
 22.9 7.6055e+00  14 1.00000e+00  
 23.0 7.5332e+00  14 1.00000e+00  
 23.1 7.5638e+00  14 1.00000e+00  
 23.2 7.5988e+00  14 1.00000e+00  
 23.3 7.6355e+00  14 1.00000e+00  
 23.4 7.7181e+00  14 1.00000e+00  
 23.5 7.7510e+00  14 1.00000e+00  
 23.6 7.7924e+00  14 1.00000e+00  
 23.7 7.8237e+00  14 1.00000e+00  
 23.8 7.8552e+00  14 1.00000e+00  
 23.9 7.8865e+00  14 1.00000e+00  
 24.0 7.9274e+00  14 1.00000e+00  
 24.1 7.9587e+00  14 1.00000e+00  
 24.2 7.9904e+00  14 1.00000e+00  
 24.3 8.0275e+00  14 1.00000e+00  
 24.4 8.0657e+00  14 1.00000e+00  
 24.5 8.1066e+00  14 1.00000e+00  
 24.6 8.1352e+00  14 1.00000e+00  
 24.7 8.1149e+00  14 1.00000e+00  
 24.8 8.1509e+00  14 1.00000e+00  
 24.9 8.1749e+00  14 1.00000e+00  
 25.0 8.2132e+00  14 1.00000e+00  
 25.1 7.9874e+00  14 1.00000e+00  
 25.2 7.9909e+00  14 1.00000e+00  
 25.3 8.0047e+00  14 1.00000e+00  
 25.4 8.0154e+00  14 1.00000e+00  
 25.5 8.0240e+00  14 1.00000e+00  
 25.6 8.0323e+00  14 1.00000e+00  
 25.7 8.0516e+00  14 1.00000e+00  
 25.8 8.0492e+00  14 1.00000e+00  
 25.9 8.0578e+00  14 1.00000e+00  
 26.0 8.0801e+00  14 1.00000e+00  
 26.1 8.0902e+00  14 1.00000e+00  
 26.2 8.0901e+00  14 1.00000e+00  
 26.3 8.1094e+00  14 1.00000e+00  
 26.4 8.1213e+00  14 1.00000e+00  
 26.5 8.1238e+00  14 1.00000e+00  
 26.6 8.1372e+00  14 1.00000e+00  
 26.7 8.1499e+00  14 1.00000e+00  
 26.8 8.1602e+00  14 1.00000e+00  
 26.9 8.1749e+00  14 1.00000e+00  
 27.0 8.1845e+00  14 1.00000e+00  
 27.1 8.1960e+00  14 1.00000e+00  
 27.2 8.2052e+00  14 1.00000e+00  
 27.3 8.2114e+00  14 1.00000e+00  
 27.4 8.2219e+00  14 1.00000e+00  
 27.5 8.2364e+00  14 1.00000e+00  
 27.6 8.2516e+00  14 1.00000e+00  
 27.7 8.2577e+00  14 1.00000e+00  
 27.8 8.2669e+00  14 1.00000e+00  
 27.9 8.2731e+00  14 1.00000e+00  
 28.0 8.2861e+00  14 1.00000e+00  
 28.1 8.2970e+00  14 1.00000e+00  
 28.2 5.4920e+00  14 6.19633e-01  
 28.3 5.4974e+00  14 6.19641e-01  
 28.4 5.5052e+00  14 6.19661e-01  
 28.5 5.5104e+00  14 6.19678e-01  
 28.6 5.5145e+00  14 6.19695e-01  
 28.7 5.5263e+00  14 6.19756e-01  
 28.8 5.5336e+00  14 6.19803e-01  
 28.9 5.5384e+00  14 6.19838e-01  
 29.0 5.5445e+00  14 6.19887e-01  
 29.1 5.5538e+00  14 6.19969e-01  
 29.2 5.5653e+00  14 6.20086e-01  
 29.3 5.5676e+00  14 6.20111e-01  
 29.4 5.5735e+00  14 6.20178e-01  
 29.5 5.5820e+00  14 6.20282e-01  
 29.6 5.5941e+00  14 6.20443e-01  
 29.7 5.5965e+00  14 6.20477e-01  
 29.8 5.6115e+00  14 6.20702e-01  
 29.9 5.6147e+00  14 6.20753e-01  
 30.0 5.6232e+00  14 6.20893e-01  
 30.1 5.6289e+00  14 6.20990e-01  
 30.2 5.6420e+00  14 6.21225e-01  
 30.3 5.6462e+00  14 6.21304e-01  
 30.4 5.6569e+00  14 6.21512e-01  
 30.5 5.6619e+00  14 6.21613e-01  
 30.6 5.6700e+00  14 6.21781e-01  
 30.7 5.6769e+00  14 6.21929e-01  
 30.8 5.6854e+00  14 6.22116e-01  
 30.9 5.6970e+00  14 6.22378e-01  
 31.0 5.7050e+00  14 6.22566e-01  
 31.1 5.7116e+00  14 6.22726e-01  
 31.2 5.7230e+00  14 6.23006e-01  
 31.3 5.7311e+00  14 6.23211e-01  
 31.4 5.7393e+00  14 6.23425e-01  
 31.5 5.7491e+00  14 6.23684e-01  
 31.6 5.7557e+00  14 6.23861e-01  
 31.7 5.7674e+00  14 6.24187e-01  
 31.8 5.7746e+00  14 6.24389e-01  
 31.9 5.7837e+00  14 6.24651e-01  
 32.0 5.7913e+00  14 6.24872e-01  
 32.1 5.7982e+00  14 6.25075e-01  
 32.2 5.8076e+00  14 6.25357e-01  
 32.3 5.8165e+00  14 6.25630e-01  
 32.4 5.8252e+00  14 6.25899e-01  
 32.5 5.8335e+00  14 6.26161e-01  
 32.6 5.8412e+00  14 6.26407e-01  
 32.7 5.8527e+00  14 6.26778e-01  
 32.8 5.8583e+00  14 6.26963e-01  
 32.9 5.8687e+00  14 6.27309e-01  
 33.0 5.8786e+00  14 6.27642e-01  
 33.1 5.8853e+00  14 6.27870e-01  
 33.2 5.8931e+00  14 6.28138e-01  
 33.3 5.9028e+00  14 6.28476e-01  
 33.4 5.9129e+00  14 6.28832e-01  
 33.5 5.9206e+00  14 6.29107e-01  
 33.6 5.9281e+00  14 6.29375e-01  
 33.7 5.9362e+00  14 6.29670e-01  
 33.8 5.9413e+00  14 6.29857e-01  
 33.9 5.9519e+00  14 6.30245e-01  
 34.0 5.9650e+00  14 6.30733e-01  
 34.1 5.9716e+00  14 6.30983e-01  
 34.2 5.9750e+00  14 6.31113e-01  
 34.3 5.9847e+00  14 6.31480e-01  
 34.4 5.9970e+00  14 6.31953e-01  
 34.5 6.0016e+00  14 6.32132e-01  
 34.6 6.0159e+00  14 6.32693e-01  
 34.7 6.0211e+00  14 6.32898e-01  
 34.8 6.0345e+00  14 6.33428e-01  
 34.9 6.0022e+00  14 6.32156e-01  
 35.0 6.0157e+00  14 6.32685e-01  
 35.1 6.0200e+00  14 6.32853e-01  
 35.2 6.0316e+00  14 6.33314e-01  
 35.3 6.0373e+00  14 6.33540e-01  
 35.4 6.0439e+00  14 6.33805e-01  
 35.5 6.0524e+00  14 6.34149e-01  
 35.6 6.0657e+00  14 6.34691e-01  
 35.7 6.0660e+00  14 6.34705e-01  
 35.8 6.0856e+00  14 6.35511e-01  
 35.9 6.1283e+00  14 6.37310e-01  
 36.0 6.1475e+00  14 6.38135e-01  
 36.1 6.1558e+00  14 6.38496e-01  
 36.2 6.1681e+00  14 6.39034e-01  
 36.3 6.1778e+00  14 6.39458e-01  
 36.4 6.1870e+00  14 6.39863e-01  
 36.5 6.1955e+00  14 6.40240e-01  
 36.6 6.2014e+00  14 6.40504e-01  
 36.7 6.2125e+00  14 6.40999e-01  
 36.8 6.2224e+00  14 6.41440e-01  
 36.9 6.2262e+00  14 6.41615e-01  
 37.0 6.2385e+00  14 6.42170e-01  
 37.1 6.2423e+00  14 6.42343e-01  
 37.2 6.2500e+00  14 6.42693e-01  
 37.3 6.2596e+00  14 6.43132e-01  
 37.4 6.2680e+00  14 6.43518e-01  
 37.5 6.2830e+00  14 6.44210e-01  
 37.6 6.2868e+00  14 6.44384e-01  
 37.7 6.3003e+00  14 6.45013e-01  
 37.8 6.2997e+00  14 6.44982e-01  
 37.9 6.3192e+00  14 6.45865e-01  
 38.0 6.3222e+00  14 6.45998e-01  
 38.1 6.3340e+00  14 6.46526e-01  
 38.2 6.3392e+00  14 6.46759e-01  
 38.3 6.3448e+00  14 6.47008e-01  
 38.4 6.3496e+00  14 6.47228e-01  
 38.5 6.3668e+00  14 6.48002e-01  
 38.6 6.3730e+00  14 6.48283e-01  
 38.7 6.3830e+00  14 6.48740e-01  
 38.8 6.3891e+00  14 6.49014e-01  
 38.9 6.4061e+00  14 6.49794e-01  
 39.0 6.4144e+00  14 6.50176e-01  
 39.1 6.4235e+00  14 6.50599e-01  
 39.2 6.4275e+00  14 6.50783e-01  
 39.3 6.4476e+00  14 6.51718e-01  
 39.4 6.4564e+00  14 6.52131e-01  
 39.5 6.4717e+00  14 6.52851e-01  
 39.6 6.4752e+00  14 6.53012e-01  
 39.7 6.4818e+00  14 6.53328e-01  
 39.8 6.4962e+00  14 6.54005e-01  
 39.9 6.5064e+00  14 6.54490e-01  
 40.0 6.5160e+00  14 6.54950e-01  
 40.1 6.5260e+00  14 6.55425e-01  
 40.2 6.5358e+00  14 6.55895e-01  
 40.3 6.5437e+00  14 6.56272e-01  
 40.4 6.5562e+00  14 6.56876e-01  
 40.5 6.5600e+00  14 6.57059e-01  
 40.6 6.5727e+00  14 6.57669e-01  
 40.7 6.5770e+00  14 6.57880e-01  
 40.8 6.5890e+00  14 6.58462e-01  
 40.9 6.6020e+00  14 6.59094e-01  
 41.0 6.6133e+00  14 6.59645e-01  
 41.1 6.6259e+00  14 6.60263e-01  
 41.2 6.6319e+00  14 6.60557e-01  
 41.3 6.6371e+00  14 6.60808e-01  
 41.4 6.6436e+00  14 6.61130e-01  
 41.5 6.6484e+00  14 6.61367e-01  
 41.6 6.6679e+00  14 6.62329e-01  
 41.7 6.6664e+00  14 6.62253e-01  
 41.8 6.6870e+00  14 6.63275e-01  
 41.9 6.6875e+00  14 6.63297e-01  
 42.0 6.7060e+00  14 6.64215e-01  
 42.1 6.7109e+00  14 6.64463e-01  
 42.2 6.7093e+00  14 6.64384e-01  
 42.3 6.7252e+00  14 6.65174e-01  
 42.4 6.7254e+00  14 6.65186e-01  
 42.5 6.7450e+00  14 6.66165e-01  
 42.6 6.7641e+00  14 6.67125e-01  
 42.7 6.7621e+00  14 6.67027e-01  
 42.8 6.7874e+00  14 6.68302e-01  
 42.9 6.7919e+00  14 6.68526e-01  
 43.0 6.8075e+00  14 6.69318e-01  
 43.1 6.8163e+00  14 6.69764e-01  
 43.2 6.8247e+00  14 6.70194e-01  
 43.3 6.8399e+00  14 6.70970e-01  
 43.4 6.8503e+00  14 6.71497e-01  
 43.5 6.8564e+00  14 6.71812e-01  
 43.6 6.8676e+00  14 6.72387e-01  
 43.7 6.8773e+00  14 6.72882e-01  
 43.8 6.8881e+00  14 6.73438e-01  
 43.9 6.8938e+00  14 6.73730e-01  
 44.0 6.9032e+00  14 6.74215e-01  
 44.1 6.9117e+00  14 6.74651e-01  
 44.2 6.9276e+00  14 6.75471e-01  
 44.3 6.9321e+00  14 6.75705e-01  
 44.4 6.9444e+00  14 6.76343e-01  
 44.5 6.9484e+00  14 6.76551e-01  
 44.6 6.9673e+00  14 6.77526e-01  
 44.7 6.9668e+00  14 6.77501e-01  
 44.8 6.9783e+00  14 6.78097e-01  
 44.9 6.9891e+00  14 6.78659e-01  
 45.0 6.9939e+00  14 6.78909e-01  
 45.1 7.0093e+00  14 6.79715e-01  
 45.2 7.0134e+00  14 6.79927e-01  
 45.3 7.0298e+00  14 6.80787e-01  
 45.4 7.0345e+00  14 6.81032e-01  
 45.5 7.0436e+00  14 6.81508e-01  
 45.6 7.0216e+00  14 6.80358e-01  
 45.7 7.0020e+00  14 6.79334e-01  
 45.8 6.9856e+00  14 6.78480e-01  
 45.9 6.9426e+00  14 6.76249e-01  
 46.0 6.9332e+00  14 6.75763e-01  
 46.1 6.9130e+00  14 6.74722e-01  
 46.2 6.9035e+00  14 6.74232e-01  
 46.3 6.8892e+00  14 6.73493e-01  
 46.4 6.8688e+00  14 6.72445e-01  
 46.5 6.8543e+00  14 6.71704e-01  
 46.6 6.8385e+00  14 6.70896e-01  
 46.7 6.8169e+00  14 6.69798e-01  
 46.8 6.8152e+00  14 6.69709e-01  
 46.9 6.7784e+00  14 6.67844e-01  
 47.0 6.7695e+00  14 6.67398e-01  
 47.1 6.7679e+00  14 6.67317e-01  
 47.2 6.7636e+00  14 6.67101e-01  
 47.3 6.7613e+00  14 6.66985e-01  
 47.4 6.7582e+00  14 6.66830e-01  
 47.5 6.7541e+00  14 6.66625e-01  
 47.6 6.7432e+00  14 6.66078e-01  
 47.7 6.7362e+00  14 6.65724e-01  
 47.8 6.7332e+00  14 6.65574e-01  
 47.9 6.7284e+00  14 6.65337e-01  
 48.0 6.7208e+00  14 6.64956e-01  
 48.1 6.7136e+00  14 6.64595e-01  
 48.2 6.7078e+00  14 6.64308e-01  
 48.3 6.7129e+00  14 6.64561e-01  
 48.4 6.7055e+00  14 6.64192e-01  
 48.5 6.6947e+00  14 6.63656e-01  
 48.6 6.6788e+00  14 6.62867e-01  
 48.7 6.6571e+00  14 6.61796e-01  
 48.8 6.6272e+00  14 6.60324e-01  
 48.9 6.6518e+00  14 6.61532e-01  
 49.0 6.6426e+00  14 6.61080e-01  
 49.1 6.6228e+00  14 6.60111e-01  
 49.2 6.6448e+00  14 6.61190e-01  
 49.3 6.6729e+00  14 6.62574e-01  
 49.4 6.6883e+00  14 6.63339e-01  
 49.5 6.7099e+00  14 6.64410e-01  
 49.6 6.7200e+00  14 6.64915e-01  
 49.7 6.7368e+00  14 6.65753e-01  
 49.8 6.7490e+00  14 6.66368e-01  
 49.9 6.7662e+00  14 6.67232e-01  
 50.0 6.7788e+00  14 6.67868e-01  
 50.1 6.7937e+00  14 6.68621e-01  
 50.2 6.8168e+00  14 6.69792e-01  
 50.3 6.8545e+00  14 6.71714e-01  
 50.4 6.8825e+00  14 6.73150e-01  
 50.5 6.9078e+00  14 6.74448e-01  
 50.6 6.9299e+00  14 6.75594e-01  
 50.7 6.9511e+00  14 6.76687e-01  
 50.8 6.9667e+00  14 6.77498e-01  
 50.9 7.0012e+00  14 6.79294e-01  
 51.0 7.0222e+00  14 6.80389e-01  
 51.1 7.0431e+00  14 6.81480e-01  
 51.2 7.0590e+00  14 6.82313e-01  
 51.3 7.0708e+00  14 6.82935e-01  
 51.4 7.0858e+00  14 6.83722e-01  
 51.5 7.1008e+00  14 6.84511e-01  
 51.6 7.1123e+00  14 6.85113e-01  
 51.7 7.1370e+00  14 6.86417e-01  
 51.8 7.1606e+00  14 6.87663e-01  
 51.9 7.1947e+00  14 6.89474e-01  
 52.0 7.2285e+00  14 6.91267e-01  
 52.1 7.2496e+00  14 6.92393e-01  
 52.2 7.2816e+00  14 6.94100e-01  
 52.3 7.3045e+00  14 6.95330e-01  
 52.4 7.3272e+00  14 6.96544e-01  
 52.5 7.3603e+00  14 6.98320e-01  
 52.6 7.3772e+00  14 6.99234e-01  
 52.7 7.4042e+00  14 7.00687e-01  
 52.8 7.4143e+00  14 7.01229e-01  
 52.9 7.4398e+00  14 7.02607e-01  
 53.0 7.4565e+00  14 7.03511e-01  
 53.1 7.4732e+00  14 7.04411e-01  
 53.2 7.4870e+00  14 7.05157e-01  
 53.3 7.5072e+00  14 7.06253e-01  
 53.4 7.5336e+00  14 7.07681e-01  
 53.5 7.5615e+00  14 7.09195e-01  
 53.6 7.6022e+00  14 7.11405e-01  
 53.7 7.6335e+00  14 7.13111e-01  
 53.8 7.6605e+00  14 7.14579e-01  
 53.9 7.6826e+00  14 7.15785e-01  
 54.0 7.7129e+00  14 7.17438e-01  
 54.1 7.7397e+00  14 7.18901e-01  
 54.2 7.7584e+00  14 7.19924e-01  
 54.3 7.8063e+00  14 7.22544e-01  
 54.4 7.8321e+00  14 7.23954e-01  
 54.5 7.8399e+00  14 7.24380e-01  
 54.6 7.8648e+00  14 7.25749e-01  
 54.7 7.8767e+00  14 7.26402e-01  
 54.8 7.8951e+00  14 7.27411e-01  
 54.9 7.9112e+00  14 7.28297e-01  
 55.0 7.9329e+00  14 7.29488e-01  
 55.1 7.9676e+00  14 7.31394e-01  
 55.2 7.9901e+00  14 7.32628e-01  
 55.3 8.0356e+00  14 7.35130e-01  
 55.4 8.0673e+00  14 7.36876e-01  
 55.5 8.1012e+00  14 7.38740e-01  
 55.6 8.1285e+00  14 7.40242e-01  
 55.7 8.1603e+00  14 7.41993e-01  
 55.8 8.1852e+00  14 7.43366e-01  
 55.9 8.2117e+00  14 7.44825e-01  
 56.0 8.2484e+00  14 7.46848e-01  
 56.1 8.2746e+00  14 7.48290e-01  
 56.2 8.3056e+00  14 7.49996e-01  
 56.3 8.3133e+00  14 7.50420e-01  
 56.4 8.3433e+00  14 7.52074e-01  
 56.5 8.3635e+00  14 7.53190e-01  
 56.6 8.3744e+00  14 7.53790e-01  
 56.7 8.4026e+00  14 7.55342e-01  
 56.8 8.4299e+00  14 7.56846e-01  
 56.9 8.4633e+00  14 7.58685e-01  
 57.0 8.4950e+00  14 7.60436e-01  
 57.1 8.5235e+00  14 7.62007e-01  
 57.2 8.5664e+00  14 7.64373e-01  
 57.3 8.5955e+00  14 7.65979e-01  
 57.4 8.6300e+00  14 7.67881e-01  
 57.5 8.6676e+00  14 7.69955e-01  
 57.6 8.6971e+00  14 7.71577e-01  
 57.7 8.7255e+00  14 7.73143e-01  
 57.8 8.7422e+00  14 7.74063e-01  
 57.9 8.7923e+00  14 7.76824e-01  
 58.0 8.8273e+00  14 7.78747e-01  
 58.1 8.8435e+00  14 7.79641e-01  
 58.2 8.8653e+00  14 7.80839e-01  
 58.3 8.8868e+00  14 7.82024e-01  
 58.4 8.9075e+00  14 7.83158e-01  
 58.5 8.9271e+00  14 7.84240e-01  
 58.6 8.9533e+00  14 7.85680e-01  
 58.7 8.9924e+00  14 7.87824e-01  
 58.8 9.0269e+00  14 7.89720e-01  
 58.9 9.0603e+00  14 7.91555e-01  
 59.0 9.0906e+00  14 7.93218e-01  
 59.1 9.1413e+00  14 7.95999e-01  
 59.2 9.1768e+00  14 7.97942e-01  
 59.3 9.2133e+00  14 7.99940e-01  
 59.4 9.2428e+00  14 8.01557e-01  
 59.5 9.2711e+00  14 8.03111e-01  
 59.6 9.3081e+00  14 8.05137e-01  
 59.7 9.3356e+00  14 8.06642e-01  
 59.8 9.3925e+00  14 8.09751e-01  
 59.9 9.4072e+00  14 8.10558e-01  
 60.0 9.4403e+00  14 8.12363e-01  
 60.1 9.4644e+00  14 8.13682e-01  
 60.2 9.4782e+00  14 8.14432e-01  
 60.3 9.5029e+00  14 8.15783e-01  
 60.4 9.5339e+00  14 8.17474e-01  
 60.5 9.5481e+00  14 8.18244e-01  
 60.6 9.5927e+00  14 8.20678e-01  
 60.7 9.6341e+00  14 8.22929e-01  
 60.8 9.6689e+00  14 8.24823e-01  
 60.9 9.7066e+00  14 8.26874e-01  
 61.0 9.7382e+00  14 8.28587e-01  
 61.1 9.7916e+00  14 8.31485e-01  
 61.2 9.8306e+00  14 8.33603e-01  
 61.3 9.8683e+00  14 8.35643e-01  
 61.4 9.9035e+00  14 8.37547e-01  
 61.5 9.9333e+00  14 8.39163e-01  
 61.6 8.6661e+00  14 7.69869e-01  
 61.7 8.6769e+00  14 7.70466e-01  
 61.8 8.6971e+00  14 7.71581e-01  
 61.9 8.7127e+00  14 7.72439e-01  
 62.0 8.7266e+00  14 7.73204e-01  
 62.1 8.7330e+00  14 7.73559e-01  
 62.2 8.7432e+00  14 7.74119e-01  
 62.3 8.7869e+00  14 7.76523e-01  
 62.4 1.0207e+01  14 8.53926e-01  
 62.5 1.0227e+01  14 8.55027e-01  
 62.6 1.0260e+01  14 8.56798e-01  
 62.7 1.0308e+01  14 8.59364e-01  
 62.8 1.0342e+01  14 8.61199e-01  
 62.9 1.0395e+01  14 8.64037e-01  
 63.0 1.0431e+01  14 8.65929e-01  
 63.1 1.0470e+01  14 8.68017e-01  
 63.2 1.0522e+01  14 8.70840e-01  
 63.3 1.0567e+01  14 8.73201e-01  
 63.4 1.0601e+01  14 8.75041e-01  
 63.5 1.0638e+01  14 8.77005e-01  
 63.6 1.0684e+01  14 8.79429e-01  
 63.7 1.0699e+01  14 8.80269e-01  
 63.8 1.0736e+01  14 8.82200e-01  
 63.9 1.0766e+01  14 8.83836e-01  
 64.0 1.0828e+01  14 8.87081e-01  
 64.1 1.0875e+01  14 8.89595e-01  
 64.2 1.0887e+01  14 8.90244e-01  
 64.3 1.0922e+01  14 8.92066e-01  
 64.4 1.0950e+01  14 8.93539e-01  
 64.5 1.0966e+01  14 8.94387e-01  
 64.6 1.1002e+01  14 8.96312e-01  
 64.7 1.1045e+01  14 8.98550e-01  
 64.8 1.1079e+01  14 9.00378e-01  
 64.9 1.1135e+01  14 9.03325e-01  
 65.0 1.1169e+01  14 9.05086e-01  
 65.1 1.1208e+01  14 9.07155e-01  
 65.2 1.1255e+01  14 9.09601e-01  
 65.3 1.1311e+01  14 9.12562e-01  
 65.4 9.6351e+00  14 8.22985e-01  
 65.5 9.5799e+00  14 8.19979e-01  
 65.6 9.6063e+00  14 8.21417e-01  
 65.7 9.6274e+00  14 8.22567e-01  
 65.8 9.6472e+00  14 8.23641e-01  
 65.9 9.6619e+00  14 8.24442e-01  
 66.0 9.6840e+00  14 8.25643e-01  
 66.1 9.7013e+00  14 8.26585e-01  
 66.2 9.7174e+00  14 8.27458e-01  
 66.3 9.7319e+00  14 8.28244e-01  
 66.4 9.7590e+00  14 8.29715e-01  
 66.5 9.7780e+00  14 8.30747e-01  
 66.6 9.7947e+00  14 8.31657e-01  
 66.7 1.1810e+01  14 9.38582e-01  
 66.8 1.1856e+01  14 9.40940e-01  
 66.9 1.1907e+01  14 9.43568e-01  
 67.0 1.1948e+01  14 9.45689e-01  
 67.1 1.1997e+01  14 9.48234e-01  
 67.2 1.2054e+01  14 9.51140e-01  
 67.3 1.2080e+01  14 9.52468e-01  
 67.4 1.2132e+01  14 9.55164e-01  
 67.5 1.2177e+01  14 9.57481e-01  
 67.6 1.2242e+01  14 9.60786e-01  
 67.7 1.2295e+01  14 9.63516e-01  
 67.8 1.2346e+01  14 9.66095e-01  
 67.9 1.2373e+01  14 9.67509e-01  
 68.0 1.2429e+01  14 9.70351e-01  
 68.1 1.2453e+01  14 9.71560e-01  
 68.2 1.2481e+01  14 9.72999e-01  
 68.3 1.2518e+01  14 9.74862e-01  
 68.4 1.2579e+01  14 9.78002e-01  
 68.5 1.2639e+01  14 9.81042e-01  
 68.6 1.2663e+01  14 9.82249e-01  
 68.7 1.2675e+01  14 9.82844e-01  
 68.8 1.0605e+01  14 8.75246e-01  
 68.9 1.0627e+01  14 8.76433e-01  
 69.0 1.0640e+01  14 8.77134e-01  
 69.1 1.0656e+01  14 8.77967e-01  
 69.2 1.0680e+01  14 8.79248e-01  
 69.3 1.0693e+01  14 8.79932e-01  
 69.4 1.0701e+01  14 8.80339e-01  
 69.5 1.0641e+01  14 8.77139e-01  
 69.6 1.0662e+01  14 8.78258e-01  
 69.7 1.0681e+01  14 8.79274e-01  
 69.8 1.0694e+01  14 8.79988e-01  
 69.9 1.0700e+01  14 8.80323e-01  
 70.0 1.0722e+01  14 8.81472e-01  
 70.1 1.0735e+01  14 8.82160e-01  
 70.2 1.0732e+01  14 8.82023e-01  
 70.3 1.0762e+01  14 8.83583e-01  
 70.4 1.0767e+01  14 8.83884e-01  
 70.5 1.0808e+01  14 8.86052e-01  
 70.6 1.0822e+01  14 8.86786e-01  
 70.7 1.3233e+01  14 1.00000e+00  
 70.8 1.3248e+01  14 1.00000e+00  
 70.9 1.3265e+01  14 1.00000e+00  
 71.0 1.3290e+01  14 1.00000e+00  
 71.1 1.3302e+01  14 1.00000e+00  
 71.2 1.3307e+01  14 1.00000e+00  
 71.3 1.3328e+01  14 1.00000e+00  
 71.4 1.3337e+01  14 1.00000e+00  
 71.5 1.3352e+01  14 1.00000e+00  
 71.6 1.3378e+01  14 1.00000e+00  
 71.7 1.3359e+01  14 1.00000e+00  
 71.8 1.3363e+01  14 1.00000e+00  
 71.9 1.3387e+01  14 1.00000e+00  
 72.0 1.3361e+01  14 1.00000e+00  
 72.1 1.1655e+01  14 9.30515e-01  
 72.2 1.1584e+01  14 9.26832e-01  
 72.3 1.1589e+01  14 9.27089e-01  
 72.4 1.1594e+01  14 9.27329e-01  
 72.5 1.1593e+01  14 9.27311e-01  
 72.6 1.1645e+01  14 9.29985e-01  
 72.7 1.1644e+01  14 9.29945e-01  
 72.8 1.1649e+01  14 9.30186e-01  
 72.9 1.1672e+01  14 9.31392e-01  
 73.0 1.1709e+01  14 9.33345e-01  
 73.1 1.1715e+01  14 9.33655e-01  
 73.2 1.1707e+01  14 9.33214e-01  
 73.3 1.1648e+01  14 9.30136e-01  
 73.4 1.1665e+01  14 9.31057e-01  
 73.5 1.1671e+01  14 9.31340e-01  
 73.6 1.1700e+01  14 9.32866e-01  
 73.7 1.1716e+01  14 9.33707e-01  
 73.8 1.1710e+01  14 9.33372e-01  
 73.9 1.1722e+01  14 9.33983e-01  
 74.0 1.1743e+01  14 9.35110e-01  
 74.1 1.1755e+01  14 9.35700e-01  
 74.2 1.1762e+01  14 9.36057e-01  
 74.3 1.3852e+01  14 1.00000e+00  
 74.4 1.3838e+01  14 1.00000e+00  
 74.5 1.3831e+01  14 1.00000e+00  
 74.6 1.3858e+01  14 1.00000e+00  
 74.7 1.3832e+01  14 1.00000e+00  
 74.8 1.3832e+01  14 1.00000e+00  
 74.9 1.3852e+01  14 1.00000e+00  
 75.0 1.3822e+01  14 1.00000e+00  
 75.1 1.3820e+01  14 1.00000e+00  
 75.2 1.2598e+01  14 9.78964e-01  
 75.3 1.2630e+01  14 9.80551e-01  
 75.4 1.2647e+01  14 9.81428e-01  
 75.5 1.2655e+01  14 9.81863e-01  
 75.6 1.2664e+01  14 9.82309e-01  
 75.7 1.2660e+01  14 9.82084e-01  
 75.8 1.2681e+01  14 9.83166e-01  
 75.9 1.2648e+01  14 9.81475e-01  
 76.0 1.2649e+01  14 9.81528e-01  
 76.1 1.2645e+01  14 9.81312e-01  
 76.2 1.2632e+01  14 9.80673e-01  
 76.3 1.2654e+01  14 9.81774e-01  
 76.4 1.2664e+01  14 9.82282e-01  
 76.5 1.2661e+01  14 9.82145e-01  
 76.6 1.2682e+01  14 9.83220e-01  
 76.7 1.2682e+01  14 9.83203e-01  
 76.8 1.2703e+01  14 9.84296e-01  
 76.9 1.2716e+01  14 9.84957e-01  
 77.0 1.2725e+01  14 9.85371e-01  
 77.1 1.2677e+01  14 9.82981e-01  
 77.2 1.2679e+01  14 9.83048e-01  
 77.3 1.2677e+01  14 9.82970e-01  
 77.4 1.2682e+01  14 9.83236e-01  
 77.5 1.2682e+01  14 9.83212e-01  
 77.6 1.2694e+01  14 9.83829e-01  
 77.7 1.4263e+01  14 1.00000e+00  
 77.8 1.4278e+01  14 1.00000e+00  
 77.9 1.4261e+01  14 1.00000e+00  
 78.0 1.4257e+01  14 1.00000e+00  
 78.1 1.4252e+01  14 1.00000e+00  
 78.2 1.3281e+01  14 1.00000e+00  
 78.3 1.3287e+01  14 1.00000e+00  
 78.4 1.3290e+01  14 1.00000e+00  
 78.5 1.3258e+01  14 1.00000e+00  
 78.6 1.3258e+01  14 1.00000e+00  
 78.7 1.3258e+01  14 1.00000e+00  
 78.8 1.3258e+01  14 1.00000e+00  
 78.9 1.3258e+01  14 1.00000e+00  
 79.0 1.3264e+01  14 1.00000e+00  
 79.1 1.3265e+01  14 1.00000e+00  
 79.2 1.3281e+01  14 1.00000e+00  
 79.3 1.3288e+01  14 1.00000e+00  
 79.4 1.3290e+01  14 1.00000e+00  
 79.5 1.3287e+01  14 1.00000e+00  
 79.6 1.3258e+01  14 1.00000e+00  
 79.7 1.3263e+01  14 1.00000e+00  
 79.8 1.3265e+01  14 1.00000e+00  
 79.9 1.3265e+01  14 1.00000e+00  
 80.0 1.3265e+01  14 1.00000e+00  
 80.1 1.3264e+01  14 1.00000e+00  
 80.2 1.3283e+01  14 1.00000e+00  
 80.3 1.3287e+01  14 1.00000e+00  
 80.4 1.3286e+01  14 1.00000e+00  
 80.5 1.3290e+01  14 1.00000e+00  
 80.6 1.3258e+01  14 1.00000e+00  
 80.7 1.3257e+01  14 1.00000e+00  
 80.8 1.3247e+01  14 1.00000e+00  
 80.9 1.3245e+01  14 1.00000e+00  
 81.0 1.4687e+01  14 1.00000e+00  
 81.1 1.3650e+01  14 1.00000e+00  
 81.2 1.3650e+01  14 1.00000e+00  
 81.3 1.3649e+01  14 1.00000e+00  
 81.4 1.3648e+01  14 1.00000e+00  
 81.5 1.3647e+01  14 1.00000e+00  
 81.6 1.3650e+01  14 1.00000e+00  
 81.7 1.3650e+01  14 1.00000e+00  
 81.8 1.3654e+01  14 1.00000e+00  
 81.9 1.3661e+01  14 1.00000e+00  
 82.0 1.3638e+01  14 1.00000e+00  
 82.1 1.3636e+01  14 1.00000e+00  
 82.2 1.3636e+01  14 1.00000e+00  
 82.3 1.3637e+01  14 1.00000e+00  
 82.4 1.3638e+01  14 1.00000e+00  
 82.5 1.3638e+01  14 1.00000e+00  
 82.6 1.3636e+01  14 1.00000e+00  
 82.7 1.3648e+01  14 1.00000e+00  
 82.8 1.3650e+01  14 1.00000e+00  
 82.9 1.3650e+01  14 1.00000e+00  
 83.0 1.3649e+01  14 1.00000e+00  
 83.1 1.3633e+01  14 1.00000e+00  
 83.2 1.3629e+01  14 1.00000e+00  
 83.3 1.3628e+01  14 1.00000e+00  
 83.4 1.3626e+01  14 1.00000e+00  
 83.5 1.3623e+01  14 1.00000e+00  
 83.6 1.3626e+01  14 1.00000e+00  
 83.7 1.3628e+01  14 1.00000e+00  
 83.8 1.3629e+01  14 1.00000e+00  
 83.9 1.3627e+01  14 1.00000e+00  
 84.0 1.3595e+01  14 1.00000e+00  
 84.1 1.4018e+01  14 1.00000e+00  
 84.2 1.4021e+01  14 1.00000e+00  
 84.3 1.4024e+01  14 1.00000e+00  
 84.4 1.4027e+01  14 1.00000e+00  
 84.5 1.4009e+01  14 1.00000e+00  
 84.6 1.4007e+01  14 1.00000e+00  
 84.7 1.4005e+01  14 1.00000e+00  
 84.8 1.4003e+01  14 1.00000e+00  
 84.9 1.4001e+01  14 1.00000e+00  
 85.0 1.3999e+01  14 1.00000e+00  
 85.1 1.3997e+01  14 1.00000e+00  
 85.2 1.4004e+01  14 1.00000e+00  
 85.3 1.4008e+01  14 1.00000e+00  
 85.4 1.4012e+01  14 1.00000e+00  
 85.5 1.3988e+01  14 1.00000e+00  
 85.6 1.3989e+01  14 1.00000e+00  
 85.7 1.3981e+01  14 1.00000e+00  
 85.8 1.3978e+01  14 1.00000e+00  
 85.9 1.3978e+01  14 1.00000e+00  
 86.0 1.3973e+01  14 1.00000e+00  
 86.1 1.3975e+01  14 1.00000e+00  
 86.2 1.3976e+01  14 1.00000e+00  
 86.3 1.3978e+01  14 1.00000e+00  
 86.4 1.3959e+01  14 1.00000e+00  
 86.5 1.3948e+01  14 1.00000e+00  
 86.6 1.3946e+01  14 1.00000e+00  
 86.7 1.3942e+01  14 1.00000e+00  
 86.8 1.3938e+01  14 1.00000e+00  
 86.9 1.3934e+01  14 1.00000e+00  
 87.0 1.3938e+01  14 1.00000e+00  
 87.1 1.3940e+01  14 1.00000e+00  
 87.2 1.4381e+01  14 1.00000e+00  
 87.3 1.4378e+01  14 1.00000e+00  
 87.4 1.4374e+01  14 1.00000e+00  
 87.5 1.4371e+01  14 1.00000e+00  
 87.6 1.4374e+01  14 1.00000e+00  
 87.7 1.4375e+01  14 1.00000e+00  
 87.8 1.4379e+01  14 1.00000e+00  
 87.9 1.4358e+01  14 1.00000e+00  
 88.0 1.4355e+01  14 1.00000e+00  
 88.1 1.4351e+01  14 1.00000e+00  
 88.2 1.4348e+01  14 1.00000e+00  
 88.3 1.4339e+01  14 1.00000e+00  
 88.4 1.4328e+01  14 1.00000e+00  
 88.5 1.4329e+01  14 1.00000e+00  
 88.6 1.4328e+01  14 1.00000e+00  
 88.7 1.4330e+01  14 1.00000e+00  
 88.8 1.4308e+01  14 1.00000e+00  
 88.9 1.4306e+01  14 1.00000e+00  
 89.0 1.4299e+01  14 1.00000e+00  
 89.1 1.4290e+01  14 1.00000e+00  
 89.2 1.4281e+01  14 1.00000e+00  
 89.3 1.4280e+01  14 1.00000e+00  
 89.4 1.4270e+01  14 1.00000e+00  
 89.5 1.4279e+01  14 1.00000e+00  
 89.6 1.4282e+01  14 1.00000e+00  
 89.7 1.4247e+01  14 1.00000e+00  
 89.8 1.4247e+01  14 1.00000e+00  
 89.9 1.4241e+01  14 1.00000e+00  
 90.0 1.4229e+01  14 1.00000e+00  
 90.1 1.4232e+01  14 1.00000e+00  
 90.2 1.4710e+01  14 1.00000e+00  
 90.3 1.4703e+01  14 1.00000e+00  
 90.4 1.4701e+01  14 1.00000e+00  
 90.5 1.4702e+01  14 1.00000e+00  
 90.6 1.4700e+01  14 1.00000e+00  
 90.7 1.4697e+01  14 1.00000e+00  
 90.8 1.4687e+01  14 1.00000e+00  
 90.9 1.4691e+01  14 1.00000e+00  
 91.0 1.4689e+01  14 1.00000e+00  
 91.1 1.4689e+01  14 1.00000e+00  
 91.2 1.4689e+01  14 1.00000e+00  
 91.3 1.4666e+01  14 1.00000e+00  
 91.4 1.4668e+01  14 1.00000e+00  
 91.5 1.4660e+01  14 1.00000e+00  
 91.6 1.4660e+01  14 1.00000e+00  
 91.7 1.4651e+01  14 1.00000e+00  
 91.8 1.4657e+01  14 1.00000e+00  
 91.9 1.4655e+01  14 1.00000e+00  
 92.0 1.4653e+01  14 1.00000e+00  
 92.1 1.4620e+01  14 1.00000e+00  
 92.2 1.4617e+01  14 1.00000e+00  
 92.3 1.4613e+01  14 1.00000e+00  
 92.4 1.4601e+01  14 1.00000e+00  
 92.5 1.4603e+01  14 1.00000e+00  
 92.6 1.4600e+01  14 1.00000e+00  
 92.7 1.4588e+01  14 1.00000e+00  
 92.8 1.4589e+01  14 1.00000e+00  
 92.9 1.4588e+01  14 1.00000e+00  
 93.0 1.4590e+01  14 1.00000e+00  
 93.1 1.4578e+01  14 1.00000e+00  
 93.2 1.4577e+01  14 1.00000e+00  
 93.3 1.5081e+01  14 1.00000e+00  
 93.4 1.5072e+01  14 1.00000e+00  
 93.5 1.5056e+01  14 1.00000e+00  
 93.6 1.5081e+01  14 1.00000e+00  
 93.7 1.5081e+01  14 1.00000e+00  
 93.8 1.5044e+01  14 1.00000e+00  
 93.9 1.5037e+01  14 1.00000e+00  
 94.0 1.5029e+01  14 1.00000e+00  
 94.1 1.5022e+01  14 1.00000e+00  
 94.2 1.5011e+01  14 1.00000e+00  
 94.3 1.5004e+01  14 1.00000e+00  
 94.4 1.4997e+01  14 1.00000e+00  
 94.5 1.4998e+01  14 1.00000e+00  
 94.6 1.4983e+01  14 1.00000e+00  
 94.7 1.4975e+01  14 1.00000e+00  
 94.8 1.4969e+01  14 1.00000e+00  
 94.9 1.4967e+01  14 1.00000e+00  
 95.0 1.4960e+01  14 1.00000e+00  
 95.1 1.4953e+01  14 1.00000e+00  
 95.2 1.4950e+01  14 1.00000e+00  
 95.3 1.4943e+01  14 1.00000e+00  
 95.4 1.4944e+01  14 1.00000e+00  
 95.5 1.4929e+01  14 1.00000e+00  
 95.6 1.4922e+01  14 1.00000e+00  
 95.7 1.4925e+01  14 1.00000e+00  
 95.8 1.4915e+01  14 1.00000e+00  
 95.9 1.4910e+01  14 1.00000e+00  
 96.0 1.4909e+01  14 1.00000e+00  
 96.1 1.4906e+01  14 1.00000e+00  
 96.2 1.4901e+01  14 1.00000e+00  
 96.3 1.4902e+01  14 1.00000e+00  
 96.4 1.5429e+01  14 1.00000e+00  
 96.5 1.5396e+01  14 1.00000e+00  
 96.6 1.5389e+01  14 1.00000e+00  
 96.7 1.5381e+01  14 1.00000e+00  
 96.8 1.5373e+01  14 1.00000e+00  
 96.9 1.5363e+01  14 1.00000e+00  
 97.0 1.5380e+01  14 1.00000e+00  
 97.1 1.5364e+01  14 1.00000e+00  
 97.2 1.5362e+01  14 1.00000e+00  
 97.3 1.5352e+01  14 1.00000e+00  
 97.4 1.5334e+01  14 1.00000e+00  
 97.5 1.5333e+01  14 1.00000e+00  
 97.6 1.5317e+01  14 1.00000e+00  
 97.7 1.5312e+01  14 1.00000e+00  
 97.8 1.5298e+01  14 1.00000e+00  
 97.9 1.5292e+01  14 1.00000e+00  
 98.0 1.5281e+01  14 1.00000e+00  
 98.1 1.5277e+01  14 1.00000e+00  
 98.2 1.5272e+01  14 1.00000e+00  
 98.3 1.5262e+01  14 1.00000e+00  
 98.4 1.5254e+01  14 1.00000e+00  
 98.5 1.5243e+01  14 1.00000e+00  
 98.6 1.5236e+01  14 1.00000e+00  
 98.7 1.5220e+01  14 1.00000e+00  
 98.8 1.5221e+01  14 1.00000e+00  
 98.9 1.5222e+01  14 1.00000e+00  
 99.0 1.5210e+01  14 1.00000e+00  
 99.1 1.5207e+01  14 1.00000e+00  
 99.2 1.5195e+01  14 1.00000e+00  
 99.3 1.5198e+01  14 1.00000e+00  
 99.4 1.5183e+01  14 1.00000e+00  
 99.5 1.5743e+01  14 1.00000e+00  
 99.6 1.5728e+01  14 1.00000e+00  
 99.7 1.5729e+01  14 1.00000e+00  
 99.8 1.5719e+01  14 1.00000e+00  
 99.9 1.5712e+01  14 1.00000e+00  
100.0 1.5712e+01  14 1.00000e+00  
100.1 1.5709e+01  14 1.00000e+00  
100.2 1.5673e+01  14 1.00000e+00  
100.3 1.5675e+01  14 1.00000e+00  
100.4 1.5666e+01  14 1.00000e+00  
100.5 1.5659e+01  14 1.00000e+00  
100.6 1.5651e+01  14 1.00000e+00  
100.7 1.5646e+01  14 1.00000e+00  
100.8 1.5638e+01  14 1.00000e+00  
100.9 1.5635e+01  14 1.00000e+00  
101.0 1.5627e+01  14 1.00000e+00  
101.1 1.5625e+01  14 1.00000e+00  
101.2 1.5614e+01  14 1.00000e+00  
101.3 1.5615e+01  14 1.00000e+00  
101.4 1.5584e+01  14 1.00000e+00  
101.5 1.5581e+01  14 1.00000e+00  
101.6 1.5575e+01  14 1.00000e+00  
101.7 1.5566e+01  14 1.00000e+00  
101.8 1.5558e+01  14 1.00000e+00  
101.9 1.5553e+01  14 1.00000e+00  
102.0 1.5547e+01  14 1.00000e+00  
102.1 1.5541e+01  14 1.00000e+00  
102.2 1.5532e+01  14 1.00000e+00  
102.3 1.5522e+01  14 1.00000e+00  
102.4 1.5510e+01  14 1.00000e+00  
102.5 1.5500e+01  14 1.00000e+00  
102.6 1.5490e+01  14 1.00000e+00  
102.7 1.6065e+01  14 1.00000e+00  
102.8 1.6053e+01  14 1.00000e+00  
102.9 1.6044e+01  14 1.00000e+00  
103.0 1.6036e+01  14 1.00000e+00  
103.1 1.6031e+01  14 1.00000e+00  
103.2 1.6021e+01  14 1.00000e+00  
103.3 1.6012e+01  14 1.00000e+00  
103.4 1.6003e+01  14 1.00000e+00  
103.5 1.6009e+01  14 1.00000e+00  
103.6 1.5973e+01  14 1.00000e+00  
103.7 1.5967e+01  14 1.00000e+00  
103.8 1.5961e+01  14 1.00000e+00  
103.9 1.5954e+01  14 1.00000e+00  
104.0 1.5936e+01  14 1.00000e+00  
104.1 1.5927e+01  14 1.00000e+00  
104.2 1.5922e+01  14 1.00000e+00  
104.3 1.5922e+01  14 1.00000e+00  
104.4 1.5913e+01  14 1.00000e+00  
104.5 1.5902e+01  14 1.00000e+00  
104.6 1.5900e+01  14 1.00000e+00  
104.7 1.5888e+01  14 1.00000e+00  
104.8 1.5907e+01  14 1.00000e+00  
104.9 1.5901e+01  14 1.00000e+00  
105.0 1.5890e+01  14 1.00000e+00  
105.1 1.5875e+01  14 1.00000e+00  
105.2 1.5859e+01  14 1.00000e+00  
105.3 1.5839e+01  14 1.00000e+00  
105.4 1.5830e+01  14 1.00000e+00  
105.5 1.5815e+01  14 1.00000e+00  
105.6 1.5794e+01  14 1.00000e+00  
105.7 1.5783e+01  14 1.00000e+00  
105.8 1.5771e+01  14 1.00000e+00  
105.9 1.6227e+01  14 1.00000e+00  
106.0 1.6216e+01  14 1.00000e+00  
106.1 1.6201e+01  14 1.00000e+00  
106.2 1.6203e+01  14 1.00000e+00  
106.3 1.6194e+01  14 1.00000e+00  
106.4 1.6191e+01  14 1.00000e+00  
106.5 1.6161e+01  14 1.00000e+00  
106.6 1.6313e+01  14 1.00000e+00  
106.7 1.6310e+01  14 1.00000e+00  
106.8 1.6298e+01  14 1.00000e+00  
106.9 1.6295e+01  14 1.00000e+00  
107.0 1.6288e+01  14 1.00000e+00  
107.1 1.6276e+01  14 1.00000e+00  
107.2 1.6276e+01  14 1.00000e+00  
107.3 1.6276e+01  14 1.00000e+00  
107.4 1.6237e+01  14 1.00000e+00  
107.5 1.6233e+01  14 1.00000e+00  
107.6 1.6231e+01  14 1.00000e+00  
107.7 1.6215e+01  14 1.00000e+00  
107.8 1.6217e+01  14 1.00000e+00  
107.9 1.6216e+01  14 1.00000e+00  
108.0 1.6201e+01  14 1.00000e+00  
108.1 1.6201e+01  14 1.00000e+00  
108.2 1.6193e+01  14 1.00000e+00  
108.3 1.6160e+01  14 1.00000e+00  
108.4 1.6142e+01  14 1.00000e+00  
108.5 1.6130e+01  14 1.00000e+00  
108.6 1.6124e+01  14 1.00000e+00  
108.7 1.6115e+01  14 1.00000e+00  
108.8 1.6104e+01  14 1.00000e+00  
108.9 1.6094e+01  14 1.00000e+00  
109.0 1.6082e+01  14 1.00000e+00  
109.1 1.6227e+01  14 1.00000e+00  
109.2 1.6217e+01  14 1.00000e+00  
109.3 1.6205e+01  14 1.00000e+00  
109.4 1.6189e+01  14 1.00000e+00  
109.5 1.6193e+01  14 1.00000e+00  
109.6 1.6179e+01  14 1.00000e+00  
109.7 1.6152e+01  14 1.00000e+00  
109.8 1.6308e+01  14 1.00000e+00  
109.9 1.6299e+01  14 1.00000e+00  
110.0 1.6294e+01  14 1.00000e+00  
110.1 1.6288e+01  14 1.00000e+00  
110.2 1.6277e+01  14 1.00000e+00  
110.3 1.6276e+01  14 1.00000e+00  
110.4 1.6239e+01  14 1.00000e+00  
110.5 1.6232e+01  14 1.00000e+00  
110.6 1.6232e+01  14 1.00000e+00  
110.7 1.6225e+01  14 1.00000e+00  
110.8 1.6213e+01  14 1.00000e+00  
110.9 1.6204e+01  14 1.00000e+00  
111.0 1.6192e+01  14 1.00000e+00  
111.1 1.6192e+01  14 1.00000e+00  
111.2 1.6183e+01  14 1.00000e+00  
111.3 1.6314e+01  14 1.00000e+00  
111.4 1.6304e+01  14 1.00000e+00  
111.5 1.6297e+01  14 1.00000e+00  
111.6 1.6288e+01  14 1.00000e+00  
111.7 1.6281e+01  14 1.00000e+00  
111.8 1.6276e+01  14 1.00000e+00  
111.9 1.6237e+01  14 1.00000e+00  
112.0 1.6233e+01  14 1.00000e+00  
112.1 1.6219e+01  14 1.00000e+00  
112.2 1.6213e+01  14 1.00000e+00  
112.3 1.6275e+01  14 1.00000e+00  
112.4 1.6233e+01  14 1.00000e+00  
112.5 1.6228e+01  14 1.00000e+00  
112.6 1.6216e+01  14 1.00000e+00  
112.7 1.6204e+01  14 1.00000e+00  
112.8 1.6191e+01  14 1.00000e+00  
112.9 1.6191e+01  14 1.00000e+00  
113.0 1.6181e+01  14 1.00000e+00  
113.1 1.6143e+01  14 1.00000e+00  
113.2 1.6295e+01  14 1.00000e+00  
113.3 1.6295e+01  14 1.00000e+00  
113.4 1.6288e+01  14 1.00000e+00  
113.5 1.6281e+01  14 1.00000e+00  
113.6 1.6273e+01  14 1.00000e+00  
113.7 1.6237e+01  14 1.00000e+00  
113.8 1.6234e+01  14 1.00000e+00  
113.9 1.6222e+01  14 1.00000e+00  
114.0 1.6216e+01  14 1.00000e+00  
114.1 1.6193e+01  14 1.00000e+00  
114.2 1.6192e+01  14 1.00000e+00  
114.3 1.6150e+01  14 1.00000e+00  
114.4 1.6142e+01  14 1.00000e+00  
114.5 1.6298e+01  14 1.00000e+00  
114.6 1.6284e+01  14 1.00000e+00  
114.7 1.6276e+01  14 1.00000e+00  
114.8 1.6270e+01  14 1.00000e+00  
114.9 1.6250e+01  14 1.00000e+00  
115.0 1.6231e+01  14 1.00000e+00  
115.1 1.6215e+01  14 1.00000e+00  
115.2 1.6215e+01  14 1.00000e+00  
115.3 1.6204e+01  14 1.00000e+00  
115.4 1.6192e+01  14 1.00000e+00  
115.5 1.6161e+01  14 1.00000e+00  
115.6 1.6313e+01  14 1.00000e+00  
115.7 1.6307e+01  14 1.00000e+00  
115.8 1.6296e+01  14 1.00000e+00  
115.9 1.6288e+01  14 1.00000e+00  
116.0 1.6279e+01  14 1.00000e+00  
116.1 1.6236e+01  14 1.00000e+00  
116.2 1.6234e+01  14 1.00000e+00  
116.3 1.6226e+01  14 1.00000e+00  
116.4 1.6200e+01  14 1.00000e+00  
116.5 1.6191e+01  14 1.00000e+00  
116.6 1.6192e+01  14 1.00000e+00  
116.7 1.6160e+01  14 1.00000e+00  
116.8 1.6307e+01  14 1.00000e+00  
116.9 1.6299e+01  14 1.00000e+00  
117.0 1.6285e+01  14 1.00000e+00  
117.1 1.6277e+01  14 1.00000e+00  
117.2 1.6232e+01  14 1.00000e+00  
117.3 1.6217e+01  14 1.00000e+00  
117.4 1.6212e+01  14 1.00000e+00  
117.5 1.6192e+01  14 1.00000e+00  
117.6 1.6160e+01  14 1.00000e+00  
117.7 1.6141e+01  14 1.00000e+00  
117.8 1.6127e+01  14 1.00000e+00  
117.9 1.6284e+01  14 1.00000e+00  
118.0 1.6280e+01  14 1.00000e+00  
118.1 1.6277e+01  14 1.00000e+00  
118.2 1.6238e+01  14 1.00000e+00  
118.3 1.6226e+01  14 1.00000e+00  
118.4 1.6213e+01  14 1.00000e+00  
118.5 1.6204e+01  14 1.00000e+00  
118.6 1.6193e+01  14 1.00000e+00  
118.7 1.6322e+01  14 1.00000e+00  
118.8 1.6314e+01  14 1.00000e+00  
118.9 1.6240e+01  14 1.00000e+00  
119.0 1.6217e+01  14 1.00000e+00  
119.1 1.6215e+01  14 1.00000e+00  
119.2 1.6205e+01  14 1.00000e+00  
119.3 1.6202e+01  14 1.00000e+00  
119.4 1.6324e+01  14 1.00000e+00  
119.5 1.6313e+01  14 1.00000e+00  
119.6 1.6309e+01  14 1.00000e+00  
119.7 1.6296e+01  14 1.00000e+00  
119.8 1.6286e+01  14 1.00000e+00  
119.9 1.6282e+01  14 1.00000e+00  
120.0 1.6244e+01  14 1.00000e+00  
120.1 1.6232e+01  14 1.00000e+00  
120.2 1.6211e+01  14 1.00000e+00  
120.3 1.6190e+01  14 1.00000e+00  
120.4 1.6189e+01  14 1.00000e+00  
120.5 1.6311e+01  14 1.00000e+00  
120.6 1.6299e+01  14 1.00000e+00  
120.7 1.6279e+01  14 1.00000e+00  
120.8 1.6272e+01  14 1.00000e+00  
120.9 1.6227e+01  14 1.00000e+00  
121.0 1.6215e+01  14 1.00000e+00  
121.1 1.6204e+01  14 1.00000e+00  
121.2 1.6159e+01  14 1.00000e+00  
121.3 1.6143e+01  14 1.00000e+00  
121.4 1.6129e+01  14 1.00000e+00  
121.5 1.6293e+01  14 1.00000e+00  
121.6 1.6271e+01  14 1.00000e+00  
121.7 1.6237e+01  14 1.00000e+00  
121.8 1.6232e+01  14 1.00000e+00  
121.9 1.6201e+01  14 1.00000e+00  
122.0 1.6189e+01  14 1.00000e+00  
122.1 1.6193e+01  14 1.00000e+00  
122.2 1.6314e+01  14 1.00000e+00  
122.3 1.6129e+01  14 1.00000e+00  
122.4 1.6282e+01  14 1.00000e+00  
122.5 1.6287e+01  14 1.00000e+00  
122.6 1.6276e+01  14 1.00000e+00  
122.7 1.6248e+01  14 1.00000e+00  
122.8 1.6238e+01  14 1.00000e+00  
122.9 1.6216e+01  14 1.00000e+00  
123.0 1.6216e+01  14 1.00000e+00  
123.1 1.6204e+01  14 1.00000e+00  
123.2 1.6191e+01  14 1.00000e+00  
123.3 1.6311e+01  14 1.00000e+00  
123.4 1.6307e+01  14 1.00000e+00  
123.5 1.6284e+01  14 1.00000e+00  
123.6 1.6281e+01  14 1.00000e+00  
123.7 1.6236e+01  14 1.00000e+00  
123.8 1.6230e+01  14 1.00000e+00  
123.9 1.6215e+01  14 1.00000e+00  
124.0 1.6191e+01  14 1.00000e+00  
124.1 1.6189e+01  14 1.00000e+00  
124.2 1.6147e+01  14 1.00000e+00  
124.3 1.6299e+01  14 1.00000e+00  
124.4 1.6288e+01  14 1.00000e+00  
124.5 1.6274e+01  14 1.00000e+00  
124.6 1.6244e+01  14 1.00000e+00  
124.7 1.6215e+01  14 1.00000e+00  
124.8 1.6216e+01  14 1.00000e+00  
124.9 1.6201e+01  14 1.00000e+00  
125.0 1.6201e+01  14 1.00000e+00  
125.1 1.6319e+01  14 1.00000e+00  
125.2 1.6138e+01  14 1.00000e+00  
125.3 1.6294e+01  14 1.00000e+00  
125.4 1.6282e+01  14 1.00000e+00  
125.5 1.6247e+01  14 1.00000e+00  
125.6 1.6233e+01  14 1.00000e+00  
125.7 1.6227e+01  14 1.00000e+00  
125.8 1.6202e+01  14 1.00000e+00  
125.9 1.6193e+01  14 1.00000e+00  
126.0 1.6143e+01  14 1.00000e+00  
126.1 1.6138e+01  14 1.00000e+00  
126.2 1.6128e+01  14 1.00000e+00  
126.3 1.6288e+01  14 1.00000e+00  
126.4 1.6281e+01  14 1.00000e+00  
126.5 1.6238e+01  14 1.00000e+00  
126.6 1.6234e+01  14 1.00000e+00  
126.7 1.6214e+01  14 1.00000e+00  
126.8 1.6204e+01  14 1.00000e+00  
126.9 1.6193e+01  14 1.00000e+00  
127.0 1.6315e+01  14 1.00000e+00  
127.1 1.6309e+01  14 1.00000e+00  
127.2 1.6295e+01  14 1.00000e+00  
127.3 1.6281e+01  14 1.00000e+00  
127.4 1.6277e+01  14 1.00000e+00  
127.5 1.6234e+01  14 1.00000e+00  
127.6 1.6214e+01  14 1.00000e+00  
127.7 1.6217e+01  14 1.00000e+00  
127.8 1.6195e+01  14 1.00000e+00  
127.9 1.6180e+01  14 1.00000e+00  
128.0 1.6143e+01  14 1.00000e+00  
128.1 1.6130e+01  14 1.00000e+00  
128.2 1.6283e+01  14 1.00000e+00  
128.3 1.6286e+01  14 1.00000e+00  
128.4 1.6277e+01  14 1.00000e+00  
128.5 1.6236e+01  14 1.00000e+00  
128.6 1.6216e+01  14 1.00000e+00  
128.7 1.6213e+01  14 1.00000e+00  
128.8 1.6205e+01  14 1.00000e+00  
128.9 1.6195e+01  14 1.00000e+00  
129.0 1.6313e+01  14 1.00000e+00  
129.1 1.6307e+01  14 1.00000e+00  
129.2 1.6285e+01  14 1.00000e+00  
129.3 1.6275e+01  14 1.00000e+00  
129.4 1.6237e+01  14 1.00000e+00  
129.5 1.6227e+01  14 1.00000e+00  
129.6 1.6203e+01  14 1.00000e+00  
129.7 1.6179e+01  14 1.00000e+00  
129.8 1.6309e+01  14 1.00000e+00  
129.9 1.6299e+01  14 1.00000e+00  
130.0 1.6288e+01  14 1.00000e+00  
130.1 1.6279e+01  14 1.00000e+00  
130.2 1.6236e+01  14 1.00000e+00  
130.3 1.6232e+01  14 1.00000e+00  
130.4 1.6219e+01  14 1.00000e+00  
130.5 1.6204e+01  14 1.00000e+00  
130.6 1.6195e+01  14 1.00000e+00  
130.7 1.6190e+01  14 1.00000e+00  
130.8 1.6143e+01  14 1.00000e+00  
130.9 1.6298e+01  14 1.00000e+00  
131.0 1.6283e+01  14 1.00000e+00  
131.1 1.6281e+01  14 1.00000e+00  
131.2 1.6277e+01  14 1.00000e+00  
131.3 1.6240e+01  14 1.00000e+00  
131.4 1.6226e+01  14 1.00000e+00  
131.5 1.6214e+01  14 1.00000e+00  
131.6 1.6205e+01  14 1.00000e+00  
131.7 1.6178e+01  14 1.00000e+00  
131.8 1.6180e+01  14 1.00000e+00  
131.9 1.6143e+01  14 1.00000e+00  
132.0 1.6129e+01  14 1.00000e+00  
132.1 1.6294e+01  14 1.00000e+00  
132.2 1.6281e+01  14 1.00000e+00  
132.3 1.6276e+01  14 1.00000e+00  
132.4 1.6230e+01  14 1.00000e+00  
132.5 1.6233e+01  14 1.00000e+00  
132.6 1.6204e+01  14 1.00000e+00  
132.7 1.6193e+01  14 1.00000e+00  
132.8 1.6313e+01  14 1.00000e+00  
132.9 1.6299e+01  14 1.00000e+00  
133.0 1.6275e+01  14 1.00000e+00  
133.1 1.6276e+01  14 1.00000e+00  
133.2 1.6231e+01  14 1.00000e+00  
133.3 1.6217e+01  14 1.00000e+00  
133.4 1.6193e+01  14 1.00000e+00  
133.5 1.6145e+01  14 1.00000e+00  
133.6 1.6129e+01  14 1.00000e+00  
133.7 1.6286e+01  14 1.00000e+00  
133.8 1.6281e+01  14 1.00000e+00  
133.9 1.6248e+01  14 1.00000e+00  
134.0 1.6232e+01  14 1.00000e+00  
134.1 1.6215e+01  14 1.00000e+00  
134.2 1.6215e+01  14 1.00000e+00  
134.3 1.6191e+01  14 1.00000e+00  
134.4 1.6190e+01  14 1.00000e+00  
134.5 1.6154e+01  14 1.00000e+00  
134.6 1.6142e+01  14 1.00000e+00  
134.7 1.6128e+01  14 1.00000e+00  
134.8 1.6287e+01  14 1.00000e+00  
134.9 1.6277e+01  14 1.00000e+00  
135.0 1.6268e+01  14 1.00000e+00  
135.1 1.6237e+01  14 1.00000e+00  
135.2 1.6228e+01  14 1.00000e+00  
135.3 1.6216e+01  14 1.00000e+00  
135.4 1.6205e+01  14 1.00000e+00  
135.5 1.6200e+01  14 1.00000e+00  
135.6 1.6322e+01  14 1.00000e+00  
135.7 1.6314e+01  14 1.00000e+00  
135.8 1.6311e+01  14 1.00000e+00  
135.9 1.6297e+01  14 1.00000e+00  
136.0 1.6287e+01  14 1.00000e+00  
136.1 1.6237e+01  14 1.00000e+00  
136.2 1.6229e+01  14 1.00000e+00  
136.3 1.6217e+01  14 1.00000e+00  
136.4 1.6193e+01  14 1.00000e+00  
136.5 1.6179e+01  14 1.00000e+00  
136.6 1.6139e+01  14 1.00000e+00  
136.7 1.6296e+01  14 1.00000e+00  
136.8 1.6281e+01  14 1.00000e+00  
136.9 1.6266e+01  14 1.00000e+00  
137.0 1.6232e+01  14 1.00000e+00  
137.1 1.6213e+01  14 1.00000e+00  
137.2 1.6201e+01  14 1.00000e+00  
137.3 1.6312e+01  14 1.00000e+00  
137.4 1.6302e+01  14 1.00000e+00  
137.5 1.6288e+01  14 1.00000e+00  
137.6 1.6279e+01  14 1.00000e+00  
137.7 1.6232e+01  14 1.00000e+00  
137.8 1.6228e+01  14 1.00000e+00  
137.9 1.6216e+01  14 1.00000e+00  
138.0 1.6204e+01  14 1.00000e+00  
138.1 1.6202e+01  14 1.00000e+00  
138.2 1.6328e+01  14 1.00000e+00  
138.3 1.6311e+01  14 1.00000e+00  
138.4 1.6311e+01  14 1.00000e+00  
138.5 1.6298e+01  14 1.00000e+00  
138.6 1.6284e+01  14 1.00000e+00  
138.7 1.6281e+01  14 1.00000e+00  
138.8 1.6277e+01  14 1.00000e+00  
138.9 1.6237e+01  14 1.00000e+00  
139.0 1.6233e+01  14 1.00000e+00  
139.1 1.6225e+01  14 1.00000e+00  
139.2 1.6201e+01  14 1.00000e+00  
139.3 1.6192e+01  14 1.00000e+00  
139.4 1.6143e+01  14 1.00000e+00  
139.5 1.6299e+01  14 1.00000e+00  
139.6 1.6299e+01  14 1.00000e+00  
139.7 1.6282e+01  14 1.00000e+00  
139.8 1.6277e+01  14 1.00000e+00  
139.9 1.6234e+01  14 1.00000e+00  
140.0 1.6217e+01  14 1.00000e+00  
140.1 1.6201e+01  14 1.00000e+00  
140.2 1.6336e+01  14 1.00000e+00  
140.3 1.6323e+01  14 1.00000e+00  
140.4 1.6140e+01  14 1.00000e+00  
140.5 1.6292e+01  14 1.00000e+00  
140.6 1.6281e+01  14 1.00000e+00  
140.7 1.6237e+01  14 1.00000e+00  
140.8 1.6231e+01  14 1.00000e+00  
140.9 1.6214e+01  14 1.00000e+00  
141.0 1.6198e+01  14 1.00000e+00  
141.1 1.6187e+01  14 1.00000e+00  
141.2 1.6141e+01  14 1.00000e+00  
141.3 1.6299e+01  14 1.00000e+00  
141.4 1.6277e+01  14 1.00000e+00  
141.5 1.6277e+01  14 1.00000e+00  
141.6 1.6236e+01  14 1.00000e+00  
141.7 1.6217e+01  14 1.00000e+00  
141.8 1.6204e+01  14 1.00000e+00  
141.9 1.6190e+01  14 1.00000e+00  
142.0 1.6191e+01  14 1.00000e+00  
142.1 1.6159e+01  14 1.00000e+00  
142.2 1.6312e+01  14 1.00000e+00  
142.3 1.6297e+01  14 1.00000e+00  
142.4 1.6287e+01  14 1.00000e+00  
142.5 1.6280e+01  14 1.00000e+00  
142.6 1.6275e+01  14 1.00000e+00  
142.7 1.6228e+01  14 1.00000e+00  
142.8 1.6216e+01  14 1.00000e+00  
142.9 1.6200e+01  14 1.00000e+00  
143.0 1.6182e+01  14 1.00000e+00  
143.1 1.6143e+01  14 1.00000e+00  
143.2 1.6130e+01  14 1.00000e+00  
143.3 1.6122e+01  14 1.00000e+00  
143.4 1.6275e+01  14 1.00000e+00  
143.5 1.6271e+01  14 1.00000e+00  
143.6 1.6231e+01  14 1.00000e+00  
143.7 1.6234e+01  14 1.00000e+00  
143.8 1.6215e+01  14 1.00000e+00  
143.9 1.6203e+01  14 1.00000e+00  
144.0 1.6195e+01  14 1.00000e+00  
144.1 1.6151e+01  14 1.00000e+00  
144.2 1.6307e+01  14 1.00000e+00  
144.3 1.6292e+01  14 1.00000e+00  
144.4 1.6281e+01  14 1.00000e+00  
144.5 1.6276e+01  14 1.00000e+00  
144.6 1.6230e+01  14 1.00000e+00  
144.7 1.6217e+01  14 1.00000e+00  
144.8 1.6204e+01  14 1.00000e+00  
144.9 1.6195e+01  14 1.00000e+00  
145.0 1.6143e+01  14 1.00000e+00  
145.1 1.6129e+01  14 1.00000e+00  
145.2 1.6122e+01  14 1.00000e+00  
145.3 1.6280e+01  14 1.00000e+00  
145.4 1.6249e+01  14 1.00000e+00  
145.5 1.6234e+01  14 1.00000e+00  
145.6 1.6228e+01  14 1.00000e+00  
145.7 1.6201e+01  14 1.00000e+00  
145.8 1.6156e+01  14 1.00000e+00  
145.9 1.6141e+01  14 1.00000e+00  
146.0 1.6126e+01  14 1.00000e+00  
146.1 1.6286e+01  14 1.00000e+00  
146.2 1.6274e+01  14 1.00000e+00  
146.3 1.6242e+01  14 1.00000e+00  
146.4 1.6234e+01  14 1.00000e+00  
146.5 1.6217e+01  14 1.00000e+00  
146.6 1.6205e+01  14 1.00000e+00  
146.7 1.6195e+01  14 1.00000e+00  
146.8 1.6184e+01  14 1.00000e+00  
146.9 1.6313e+01  14 1.00000e+00  
147.0 1.6298e+01  14 1.00000e+00  
147.1 1.6288e+01  14 1.00000e+00  
147.2 1.6281e+01  14 1.00000e+00  
147.3 1.6277e+01  14 1.00000e+00  
147.4 1.6232e+01  14 1.00000e+00  
147.5 1.6217e+01  14 1.00000e+00  
147.6 1.6213e+01  14 1.00000e+00  
147.7 1.6194e+01  14 1.00000e+00  
147.8 1.6189e+01  14 1.00000e+00  
147.9 1.6145e+01  14 1.00000e+00  
148.0 1.6142e+01  14 1.00000e+00  
148.1 1.6126e+01  14 1.00000e+00  
148.2 1.6287e+01  14 1.00000e+00  
148.3 1.6276e+01  14 1.00000e+00  
148.4 1.6240e+01  14 1.00000e+00  
148.5 1.6232e+01  14 1.00000e+00  
148.6 1.6206e+01  14 1.00000e+00  
148.7 1.6200e+01  14 1.00000e+00  
148.8 1.6195e+01  14 1.00000e+00  
148.9 1.6314e+01  14 1.00000e+00  
149.0 1.6299e+01  14 1.00000e+00  
149.1 1.6287e+01  14 1.00000e+00  
149.2 1.6271e+01  14 1.00000e+00  
149.3 1.6231e+01  14 1.00000e+00  
149.4 1.6216e+01  14 1.00000e+00  
149.5 1.6203e+01  14 1.00000e+00  
149.6 1.6321e+01  14 1.00000e+00  
149.7 1.6135e+01  14 1.00000e+00  
149.8 1.6284e+01  14 1.00000e+00  
149.9 1.6270e+01  14 1.00000e+00  
150.0 1.6238e+01  14 1.00000e+00  
