 15.1 1.4538e+00  13 4.43649e-02  
 15.2 1.4613e+00  13 4.47105e-02  
 15.3 1.4687e+00  13 4.50519e-02  
 15.4 1.4762e+00  13 4.53890e-02  
 15.5 1.4836e+00  13 4.57219e-02  
 15.6 1.4911e+00  13 4.60507e-02  
 15.7 1.4985e+00  13 4.63756e-02  
 15.8 1.5060e+00  13 4.66966e-02  
 15.9 1.5134e+00  13 4.70137e-02  
 16.0 1.5209e+00  13 4.73271e-02  
 16.1 1.5283e+00  13 4.76368e-02  
 16.2 1.5357e+00  13 4.79428e-02  
 16.3 1.5432e+00  13 4.82452e-02  
 16.4 1.5506e+00  13 4.85442e-02  
 16.5 1.5581e+00  13 4.88396e-02  
 16.6 1.5655e+00  13 4.91317e-02  
 16.7 1.5729e+00  13 4.94205e-02  
 16.8 1.5804e+00  13 4.97060e-02  
 16.9 1.5878e+00  13 4.99883e-02  
 17.0 1.5952e+00  13 5.02674e-02  
 17.1 1.6026e+00  13 5.05434e-02  
 17.2 1.6101e+00  13 5.08164e-02  
 17.3 1.6175e+00  13 5.10864e-02  
 17.4 1.6249e+00  13 5.13534e-02  
 17.5 1.6323e+00  13 5.16175e-02  
 17.6 1.6398e+00  13 5.18787e-02  
 17.7 1.6504e+00  13 5.23897e-02  
 17.8 1.6623e+00  13 5.29278e-02  
 17.9 1.6744e+00  13 5.35345e-02  
 18.0 1.6865e+00  13 5.41428e-02  
 18.1 1.6987e+00  13 5.47527e-02  
 18.2 1.7110e+00  13 5.53642e-02  
 18.3 1.7234e+00  13 5.59774e-02  
 18.4 1.7359e+00  13 5.65924e-02  
 18.5 1.7485e+00  13 5.72092e-02  
 18.6 1.7612e+00  13 5.78278e-02  
 18.7 1.7740e+00  13 5.84484e-02  
 18.8 1.7869e+00  13 5.90709e-02  
 18.9 1.7999e+00  13 5.96955e-02  
 19.0 1.8130e+00  13 6.03221e-02  
 19.1 1.8261e+00  13 6.09508e-02  
 19.2 1.8394e+00  13 6.15818e-02  
 19.3 1.8528e+00  13 6.22149e-02  
 19.4 1.8663e+00  13 6.28503e-02  
 19.5 1.8799e+00  13 6.34880e-02  
 19.6 1.8936e+00  13 6.41281e-02  
 19.7 1.9074e+00  13 6.47707e-02  
 19.8 1.9213e+00  13 6.54156e-02  
 19.9 1.7469e+01  14 1.00000e+00  
 20.0 1.7553e+01  14 1.00000e+00  
 20.1 1.7638e+01  14 1.00000e+00  
 20.2 1.7722e+01  14 1.00000e+00  
 20.3 1.7807e+01  14 1.00000e+00  
 20.4 1.7891e+01  14 1.00000e+00  
 20.5 1.7975e+01  14 1.00000e+00  
 20.6 1.8060e+01  14 1.00000e+00  
 20.7 1.8144e+01  14 1.00000e+00  
 20.8 1.8228e+01  14 1.00000e+00  
 20.9 1.8312e+01  14 1.00000e+00  
 21.0 1.8396e+01  14 1.00000e+00  
 21.1 1.8480e+01  14 1.00000e+00  
 21.2 1.8565e+01  14 1.00000e+00  
 21.3 1.8649e+01  14 1.00000e+00  
 21.4 1.8733e+01  14 1.00000e+00  
 21.5 1.8817e+01  14 1.00000e+00  
 21.6 1.8900e+01  14 1.00000e+00  
 21.7 1.8984e+01  14 1.00000e+00  
 21.8 1.9068e+01  14 1.00000e+00  
 21.9 1.9152e+01  14 1.00000e+00  
 22.0 1.9236e+01  14 1.00000e+00  
 22.1 1.9319e+01  14 1.00000e+00  
 22.2 1.9403e+01  14 1.00000e+00  
 22.3 1.9487e+01  14 1.00000e+00  
 22.4 1.9570e+01  14 1.00000e+00  
 22.5 1.9654e+01  14 1.00000e+00  
 22.6 1.9737e+01  14 1.00000e+00  
 22.7 5.5575e+00  14 2.46155e-01  
 22.8 5.6754e+00  14 2.51280e-01  
 22.9 5.7950e+00  14 2.56448e-01  
 23.0 5.9163e+00  14 2.61657e-01  
 23.1 6.0392e+00  14 2.66909e-01  
 23.2 6.1638e+00  14 2.72202e-01  
 23.3 6.2900e+00  14 2.77536e-01  
 23.4 6.4179e+00  14 2.82912e-01  
 23.5 6.5476e+00  14 2.88328e-01  
 23.6 6.6789e+00  14 2.93785e-01  
 23.7 6.8119e+00  14 2.99283e-01  
 23.8 6.9466e+00  14 3.04821e-01  
 23.9 7.0830e+00  14 3.10399e-01  
 24.0 7.2211e+00  14 3.16018e-01  
 24.1 7.3610e+00  14 3.21676e-01  
 24.2 7.5026e+00  14 3.27374e-01  
 24.3 7.6459e+00  14 3.33111e-01  
 24.4 7.7909e+00  14 3.38888e-01  
 24.5 7.9377e+00  14 3.44705e-01  
 24.6 8.0862e+00  14 3.50560e-01  
 24.7 8.2365e+00  14 3.56454e-01  
 24.8 8.3886e+00  14 3.62387e-01  
 24.9 8.5424e+00  14 3.68359e-01  
 25.0 8.6980e+00  14 3.74369e-01  
 25.1 8.8554e+00  14 3.80418e-01  
 25.2 9.0146e+00  14 3.86505e-01  
 25.3 9.1755e+00  14 3.92631e-01  
 25.4 9.3383e+00  14 3.98794e-01  
 25.5 9.5029e+00  14 4.04996e-01  
 25.6 9.6692e+00  14 4.11235e-01  
 25.7 9.8374e+00  14 4.17512e-01  
 25.8 1.0007e+01  14 4.23827e-01  
 25.9 1.0179e+01  14 4.30179e-01  
 26.0 1.0353e+01  14 4.36569e-01  
 26.1 1.0528e+01  14 4.42996e-01  
 26.2 1.0706e+01  14 4.49461e-01  
 26.3 1.0885e+01  14 4.55962e-01  
 26.4 1.1066e+01  14 4.62501e-01  
 26.5 1.1249e+01  14 4.69077e-01  
 26.6 1.1434e+01  14 4.75690e-01  
 26.7 1.1621e+01  14 4.82340e-01  
 26.8 1.1809e+01  14 4.89027e-01  
 26.9 1.2000e+01  14 4.95750e-01  
 27.0 1.2192e+01  14 5.02510e-01  
 27.1 1.2387e+01  14 5.09307e-01  
 27.2 1.2583e+01  14 5.16140e-01  
 27.3 1.2781e+01  14 5.23010e-01  
 27.4 1.2981e+01  14 5.29916e-01  
 27.5 1.3183e+01  14 5.36859e-01  
 27.6 1.3387e+01  14 5.43838e-01  
 27.7 1.3593e+01  14 5.50854e-01  
 27.8 1.3801e+01  14 5.57905e-01  
 27.9 1.4011e+01  14 5.64993e-01  
 28.0 1.4222e+01  14 5.72117e-01  
 28.1 1.4436e+01  14 5.79278e-01  
 28.2 1.4652e+01  14 5.86474e-01  
 28.3 1.4870e+01  14 5.93706e-01  
 28.4 1.5090e+01  14 6.00975e-01  
 28.5 1.5311e+01  14 6.08279e-01  
 28.6 1.5535e+01  14 6.15619e-01  
 28.7 1.5761e+01  14 6.22996e-01  
 28.8 1.5989e+01  14 6.30408e-01  
 28.9 1.6218e+01  14 6.37856e-01  
 29.0 1.6450e+01  14 6.45340e-01  
 29.1 1.6684e+01  14 6.52860e-01  
 29.2 1.6920e+01  14 6.60416e-01  
 29.3 1.7158e+01  14 6.68007e-01  
 29.4 1.7398e+01  14 6.75635e-01  
 29.5 1.7641e+01  14 6.83298e-01  
 29.6 1.7885e+01  14 6.90996e-01  
 29.7 1.8131e+01  14 6.98731e-01  
 29.8 1.8380e+01  14 7.06502e-01  
 29.9 1.8631e+01  14 7.14306e-01  
 30.0 1.8883e+01  14 7.22148e-01  
 30.1 1.9138e+01  14 7.30026e-01  
 30.2 1.9395e+01  14 7.37939e-01  
 30.3 1.9604e+01  14 7.46054e-01  
 30.4 1.9864e+01  14 7.54034e-01  
 30.5 2.0126e+01  14 7.62050e-01  
 30.6 2.0390e+01  14 7.70102e-01  
 30.7 2.0656e+01  14 7.78189e-01  
 30.8 2.0925e+01  14 7.86312e-01  
 30.9 2.1195e+01  14 7.94471e-01  
 31.0 2.1468e+01  14 8.02665e-01  
 31.1 2.1743e+01  14 8.10895e-01  
 31.2 2.2021e+01  14 8.19161e-01  
 31.3 2.2300e+01  14 8.27462e-01  
 31.4 2.2582e+01  14 8.35800e-01  
 31.5 2.2865e+01  14 8.44173e-01  
 31.6 2.3151e+01  14 8.52582e-01  
 31.7 2.3440e+01  14 8.61027e-01  
 31.8 2.3730e+01  14 8.69507e-01  
 31.9 2.4023e+01  14 8.78024e-01  
 32.0 2.4318e+01  14 8.86576e-01  
 32.1 2.4615e+01  14 8.95164e-01  
 32.2 2.4914e+01  14 9.03789e-01  
 32.3 2.5216e+01  14 9.12449e-01  
 32.4 2.5520e+01  14 9.21145e-01  
 32.5 2.5826e+01  14 9.29877e-01  
 32.6 2.6134e+01  14 9.38646e-01  
 32.7 2.6445e+01  14 9.47450e-01  
 32.8 2.6758e+01  14 9.56290e-01  
 32.9 2.7074e+01  14 9.65167e-01  
 33.0 2.7392e+01  14 9.74079e-01  
 33.1 2.7712e+01  14 9.83028e-01  
 33.2 2.8034e+01  14 9.92014e-01  
 33.3 2.8330e+01  14 1.00000e+00  
 33.4 2.8408e+01  14 1.00000e+00  
 33.5 2.8486e+01  14 1.00000e+00  
 33.6 2.8564e+01  14 1.00000e+00  
 33.7 2.8640e+01  14 1.00000e+00  
 33.8 2.8717e+01  14 1.00000e+00  
 33.9 2.8693e+01  14 1.00000e+00  
 34.0 2.8770e+01  14 1.00000e+00  
 34.1 2.8847e+01  14 1.00000e+00  
 34.2 2.8923e+01  14 1.00000e+00  
 34.3 2.9000e+01  14 1.00000e+00  
 34.4 2.9076e+01  14 1.00000e+00  
 34.5 2.9019e+01  14 1.00000e+00  
 34.6 2.9096e+01  14 1.00000e+00  
 34.7 2.9171e+01  14 1.00000e+00  
 34.8 2.9247e+01  14 1.00000e+00  
 34.9 2.9323e+01  14 1.00000e+00  
 35.0 2.9144e+01  14 1.00000e+00  
 35.1 2.9219e+01  14 1.00000e+00  
 35.2 2.9295e+01  14 1.00000e+00  
 35.3 2.9371e+01  14 1.00000e+00  
 35.4 2.9298e+01  14 1.00000e+00  
 35.5 2.9374e+01  14 1.00000e+00  
 35.6 2.9450e+01  14 1.00000e+00  
 35.7 2.9526e+01  14 1.00000e+00  
 35.8 2.9601e+01  14 1.00000e+00  
 35.9 2.8513e+01  14 1.00000e+00  
 36.0 2.6594e+01  14 1.00000e+00  
 36.1 2.3882e+01  14 1.00000e+00  
 36.2 2.1825e+01  14 1.00000e+00  
 36.3 1.9622e+01  14 1.00000e+00  
 36.4 1.8078e+01  14 1.00000e+00  
 36.5 1.5555e+01  14 1.00000e+00  
 36.6 1.3750e+01  14 1.00000e+00  
 36.7 1.3443e+01  14 1.00000e+00  
 36.8 1.3518e+01  14 1.00000e+00  
 36.9 1.3410e+01  14 1.00000e+00  
 37.0 1.3395e+01  14 1.00000e+00  
 37.1 1.3429e+01  14 1.00000e+00  
 37.2 1.3465e+01  14 1.00000e+00  
 37.3 1.3496e+01  14 1.00000e+00  
 37.4 1.3533e+01  14 1.00000e+00  
 37.5 1.3570e+01  14 1.00000e+00  
 37.6 1.3607e+01  14 1.00000e+00  
 37.7 1.3643e+01  14 1.00000e+00  
 37.8 1.3679e+01  14 1.00000e+00  
 37.9 1.3711e+01  14 1.00000e+00  
 38.0 1.3748e+01  14 1.00000e+00  
 38.1 1.3785e+01  14 1.00000e+00  
 38.2 1.3821e+01  14 1.00000e+00  
 38.3 1.3857e+01  14 1.00000e+00  
 38.4 1.3893e+01  14 1.00000e+00  
 38.5 1.3929e+01  14 1.00000e+00  
 38.6 1.3963e+01  14 1.00000e+00  
 38.7 1.3999e+01  14 1.00000e+00  
 38.8 1.4035e+01  14 1.00000e+00  
 38.9 1.4071e+01  14 1.00000e+00  
 39.0 1.4107e+01  14 1.00000e+00  
 39.1 1.4143e+01  14 1.00000e+00  
 39.2 1.4177e+01  14 1.00000e+00  
 39.3 1.4212e+01  14 1.00000e+00  
 39.4 1.4249e+01  14 1.00000e+00  
 39.5 1.4285e+01  14 1.00000e+00  
 39.6 1.4321e+01  14 1.00000e+00  
 39.7 1.4356e+01  14 1.00000e+00  
 39.8 1.4392e+01  14 1.00000e+00  
 39.9 1.4426e+01  14 1.00000e+00  
 40.0 1.4462e+01  14 1.00000e+00  
 40.1 1.4498e+01  14 1.00000e+00  
 40.2 1.4534e+01  14 1.00000e+00  
 40.3 1.4570e+01  14 1.00000e+00  
 40.4 1.4606e+01  14 1.00000e+00  
 40.5 1.4640e+01  14 1.00000e+00  
 40.6 1.4676e+01  14 1.00000e+00  
 40.7 1.4711e+01  14 1.00000e+00  
 40.8 1.4747e+01  14 1.00000e+00  
 40.9 1.4783e+01  14 1.00000e+00  
 41.0 1.4819e+01  14 1.00000e+00  
 41.1 1.4853e+01  14 1.00000e+00  
 41.2 1.4889e+01  14 1.00000e+00  
 41.3 1.4924e+01  14 1.00000e+00  
 41.4 1.4960e+01  14 1.00000e+00  
 41.5 1.4996e+01  14 1.00000e+00  
 41.6 1.5034e+01  14 1.00000e+00  
 41.7 1.5066e+01  14 1.00000e+00  
 41.8 1.5102e+01  14 1.00000e+00  
 41.9 1.5137e+01  14 1.00000e+00  
 42.0 1.5173e+01  14 1.00000e+00  
 42.1 1.5213e+01  14 1.00000e+00  
 42.2 1.5258e+01  14 1.00000e+00  
 42.3 1.5279e+01  14 1.00000e+00  
 42.4 1.5314e+01  14 1.00000e+00  
 42.5 1.5350e+01  14 1.00000e+00  
 42.6 1.5394e+01  14 1.00000e+00  
 42.7 1.5439e+01  14 1.00000e+00  
 42.8 1.5483e+01  14 1.00000e+00  
 42.9 1.5491e+01  14 1.00000e+00  
 43.0 1.5530e+01  14 1.00000e+00  
 43.1 1.5575e+01  14 1.00000e+00  
 43.2 1.5620e+01  14 1.00000e+00  
 43.3 1.5665e+01  14 1.00000e+00  
 43.4 1.5709e+01  14 1.00000e+00  
 43.5 1.5711e+01  14 1.00000e+00  
 43.6 1.5756e+01  14 1.00000e+00  
 43.7 1.5801e+01  14 1.00000e+00  
 43.8 1.5846e+01  14 1.00000e+00  
 43.9 1.5897e+01  14 1.00000e+00  
 44.0 1.5893e+01  14 1.00000e+00  
 44.1 1.5939e+01  14 1.00000e+00  
 44.2 1.5984e+01  14 1.00000e+00  
 44.3 1.6029e+01  14 1.00000e+00  
 44.4 1.6087e+01  14 1.00000e+00  
 44.5 1.6076e+01  14 1.00000e+00  
 44.6 1.6121e+01  14 1.00000e+00  
 44.7 1.6167e+01  14 1.00000e+00  
 44.8 1.6219e+01  14 1.00000e+00  
 44.9 1.6366e+01  14 1.00000e+00  
 45.0 1.6260e+01  14 1.00000e+00  
 45.1 1.6305e+01  14 1.00000e+00  
 45.2 1.6352e+01  14 1.00000e+00  
 45.3 1.6411e+01  14 1.00000e+00  
 45.4 1.6399e+01  14 1.00000e+00  
 45.5 1.6444e+01  14 1.00000e+00  
 45.6 1.6489e+01  14 1.00000e+00  
 45.7 1.6547e+01  14 1.00000e+00  
 45.8 1.6538e+01  14 1.00000e+00  
 45.9 1.6583e+01  14 1.00000e+00  
 46.0 1.6629e+01  14 1.00000e+00  
 46.1 1.6684e+01  14 1.00000e+00  
 46.2 1.6678e+01  14 1.00000e+00  
 46.3 1.6723e+01  14 1.00000e+00  
 46.4 1.6769e+01  14 1.00000e+00  
 46.5 1.6773e+01  14 1.00000e+00  
 46.6 1.6818e+01  14 1.00000e+00  
 46.7 1.6864e+01  14 1.00000e+00  
 46.8 1.6868e+01  14 1.00000e+00  
 46.9 1.6914e+01  14 1.00000e+00  
 47.0 1.6959e+01  14 1.00000e+00  
 47.1 1.6967e+01  14 1.00000e+00  
 47.2 1.7010e+01  14 1.00000e+00  
 47.3 1.7036e+01  14 1.00000e+00  
 47.4 1.7071e+01  14 1.00000e+00  
 47.5 1.7105e+01  14 1.00000e+00  
 47.6 1.7140e+01  14 1.00000e+00  
 47.7 1.7174e+01  14 1.00000e+00  
 47.8 1.7206e+01  14 1.00000e+00  
 47.9 1.7239e+01  14 1.00000e+00  
 48.0 1.7259e+01  14 1.00000e+00  
 48.1 1.7120e+01  14 1.00000e+00  
 48.2 1.7155e+01  14 1.00000e+00  
 48.3 1.7190e+01  14 1.00000e+00  
 48.4 1.7226e+01  14 1.00000e+00  
 48.5 1.7261e+01  14 1.00000e+00  
 48.6 1.7296e+01  14 1.00000e+00  
 48.7 1.7331e+01  14 1.00000e+00  
 48.8 1.7365e+01  14 1.00000e+00  
 48.9 1.7567e+01  14 1.00000e+00  
 49.0 1.7606e+01  14 1.00000e+00  
 49.1 1.7645e+01  14 1.00000e+00  
 49.2 1.7683e+01  14 1.00000e+00  
 49.3 1.7721e+01  14 1.00000e+00  
 49.4 1.7758e+01  14 1.00000e+00  
 49.5 1.7793e+01  14 1.00000e+00  
 49.6 1.7817e+01  14 1.00000e+00  
 49.7 1.7853e+01  14 1.00000e+00  
 49.8 1.7889e+01  14 1.00000e+00  
 49.9 1.7924e+01  14 1.00000e+00  
 50.0 1.7960e+01  14 1.00000e+00  
 50.1 1.7995e+01  14 1.00000e+00  
 50.2 1.8030e+01  14 1.00000e+00  
 50.3 1.8066e+01  14 1.00000e+00  
 50.4 1.8100e+01  14 1.00000e+00  
 50.5 1.8135e+01  14 1.00000e+00  
 50.6 1.8177e+01  14 1.00000e+00  
 50.7 1.8385e+01  14 1.00000e+00  
 50.8 1.8423e+01  14 1.00000e+00  
 50.9 1.8461e+01  14 1.00000e+00  
 51.0 1.8499e+01  14 1.00000e+00  
 51.1 1.8536e+01  14 1.00000e+00  
 51.2 1.8571e+01  14 1.00000e+00  
 51.3 1.8606e+01  14 1.00000e+00  
 51.4 1.8642e+01  14 1.00000e+00  
 51.5 1.8678e+01  14 1.00000e+00  
 51.6 1.8714e+01  14 1.00000e+00  
 51.7 1.8749e+01  14 1.00000e+00  
 51.8 1.8785e+01  14 1.00000e+00  
 51.9 1.8820e+01  14 1.00000e+00  
 52.0 1.8855e+01  14 1.00000e+00  
 52.1 1.8890e+01  14 1.00000e+00  
 52.2 1.8924e+01  14 1.00000e+00  
 52.3 1.8964e+01  14 1.00000e+00  
 52.4 1.9010e+01  14 1.00000e+00  
 52.5 1.9057e+01  14 1.00000e+00  
 52.6 1.9251e+01  14 1.00000e+00  
 52.7 1.9289e+01  14 1.00000e+00  
 52.8 1.9330e+01  14 1.00000e+00  
 52.9 1.9365e+01  14 1.00000e+00  
 53.0 1.9400e+01  14 1.00000e+00  
 53.1 1.9436e+01  14 1.00000e+00  
 53.2 1.9473e+01  14 1.00000e+00  
 53.3 1.9509e+01  14 1.00000e+00  
 53.4 1.9545e+01  14 1.00000e+00  
 53.5 1.9581e+01  14 1.00000e+00  
 53.6 1.9617e+01  14 1.00000e+00  
 53.7 1.9652e+01  14 1.00000e+00  
 53.8 1.9688e+01  14 1.00000e+00  
 53.9 1.9723e+01  14 1.00000e+00  
 54.0 1.9757e+01  14 1.00000e+00  
 54.1 1.9800e+01  14 1.00000e+00  
 54.2 1.9847e+01  14 1.00000e+00  
 54.3 1.9893e+01  14 1.00000e+00  
 54.4 1.9940e+01  14 1.00000e+00  
 54.5 1.9987e+01  14 1.00000e+00  
 54.6 2.0034e+01  14 1.00000e+00  
 54.7 2.0219e+01  14 1.00000e+00  
 54.8 2.0257e+01  14 1.00000e+00  
 54.9 2.0294e+01  14 1.00000e+00  
 55.0 2.0330e+01  14 1.00000e+00  
 55.1 2.0367e+01  14 1.00000e+00  
 55.2 2.0403e+01  14 1.00000e+00  
 55.3 2.0440e+01  14 1.00000e+00  
 55.4 2.0476e+01  14 1.00000e+00  
 55.5 2.0513e+01  14 1.00000e+00  
 55.6 2.0539e+01  14 1.00000e+00  
 55.7 2.0575e+01  14 1.00000e+00  
 55.8 2.0610e+01  14 1.00000e+00  
 55.9 2.0645e+01  14 1.00000e+00  
 56.0 2.0685e+01  14 1.00000e+00  
 56.1 2.0732e+01  14 1.00000e+00  
 56.2 2.0779e+01  14 1.00000e+00  
 56.3 2.0826e+01  14 1.00000e+00  
 56.4 2.0873e+01  14 1.00000e+00  
 56.5 2.0920e+01  14 1.00000e+00  
 56.6 2.0967e+01  14 1.00000e+00  
 56.7 2.1014e+01  14 1.00000e+00  
 56.8 2.1195e+01  14 1.00000e+00  
 56.9 2.1235e+01  14 1.00000e+00  
 57.0 2.1271e+01  14 1.00000e+00  
 57.1 2.1308e+01  14 1.00000e+00  
 57.2 2.1345e+01  14 1.00000e+00  
 57.3 2.1382e+01  14 1.00000e+00  
 57.4 2.1418e+01  14 1.00000e+00  
 57.5 2.1455e+01  14 1.00000e+00  
 57.6 2.1492e+01  14 1.00000e+00  
 57.7 2.1528e+01  14 1.00000e+00  
 57.8 2.1564e+01  14 1.00000e+00  
 57.9 2.1600e+01  14 1.00000e+00  
 58.0 2.1635e+01  14 1.00000e+00  
 58.1 2.1671e+01  14 1.00000e+00  
 58.2 2.1714e+01  14 1.00000e+00  
 58.3 2.1761e+01  14 1.00000e+00  
 58.4 2.1808e+01  14 1.00000e+00  
 58.5 2.1855e+01  14 1.00000e+00  
 58.6 2.1902e+01  14 1.00000e+00  
 58.7 2.1949e+01  14 1.00000e+00  
 58.8 2.2002e+01  14 1.00000e+00  
 58.9 2.2060e+01  14 1.00000e+00  
 59.0 2.2115e+01  14 1.00000e+00  
 59.1 2.2269e+01  14 1.00000e+00  
 59.2 2.2306e+01  14 1.00000e+00  
 59.3 2.2343e+01  14 1.00000e+00  
 59.4 2.2381e+01  14 1.00000e+00  
 59.5 2.2419e+01  14 1.00000e+00  
 59.6 2.2456e+01  14 1.00000e+00  
 59.7 2.2493e+01  14 1.00000e+00  
 59.8 2.2530e+01  14 1.00000e+00  
 59.9 2.2567e+01  14 1.00000e+00  
 60.0 2.2603e+01  14 1.00000e+00  
 60.1 2.2639e+01  14 1.00000e+00  
 60.2 2.2675e+01  14 1.00000e+00  
 60.3 2.2711e+01  14 1.00000e+00  
 60.4 2.2747e+01  14 1.00000e+00  
 60.5 2.2788e+01  14 1.00000e+00  
 60.6 2.2832e+01  14 1.00000e+00  
 60.7 2.2875e+01  14 1.00000e+00  
 60.8 2.2919e+01  14 1.00000e+00  
 60.9 2.2963e+01  14 1.00000e+00  
 61.0 2.3007e+01  14 1.00000e+00  
 61.1 2.3051e+01  14 1.00000e+00  
 61.2 2.3095e+01  14 1.00000e+00  
 61.3 2.3139e+01  14 1.00000e+00  
 61.4 2.3183e+01  14 1.00000e+00  
 61.5 2.3227e+01  14 1.00000e+00  
 61.6 2.3273e+01  14 1.00000e+00  
 61.7 2.3325e+01  14 1.00000e+00  
 61.8 2.3377e+01  14 1.00000e+00  
 61.9 2.3426e+01  14 1.00000e+00  
 62.0 2.3474e+01  14 1.00000e+00  
 62.1 2.3521e+01  14 1.00000e+00  
 62.2 2.3677e+01  14 1.00000e+00  
 62.3 2.3716e+01  14 1.00000e+00  
 62.4 2.3753e+01  14 1.00000e+00  
 62.5 2.3791e+01  14 1.00000e+00  
 62.6 2.3829e+01  14 1.00000e+00  
 62.7 2.3866e+01  14 1.00000e+00  
 62.8 2.3904e+01  14 1.00000e+00  
 62.9 2.3935e+01  14 1.00000e+00  
 63.0 2.3973e+01  14 1.00000e+00  
 63.1 2.4011e+01  14 1.00000e+00  
 63.2 2.4054e+01  14 1.00000e+00  
 63.3 2.4093e+01  14 1.00000e+00  
 63.4 2.4129e+01  14 1.00000e+00  
 63.5 2.4160e+01  14 1.00000e+00  
 63.6 2.4197e+01  14 1.00000e+00  
 63.7 2.4233e+01  14 1.00000e+00  
 63.8 2.4272e+01  14 1.00000e+00  
 63.9 2.4309e+01  14 1.00000e+00  
 64.0 2.4345e+01  14 1.00000e+00  
 64.1 2.4382e+01  14 1.00000e+00  
 64.2 2.4418e+01  14 1.00000e+00  
 64.3 2.4458e+01  14 1.00000e+00  
 64.4 2.4502e+01  14 1.00000e+00  
 64.5 2.4547e+01  14 1.00000e+00  
 64.6 2.4591e+01  14 1.00000e+00  
 64.7 2.4635e+01  14 1.00000e+00  
 64.8 2.4680e+01  14 1.00000e+00  
 64.9 2.4724e+01  14 1.00000e+00  
 65.0 2.4769e+01  14 1.00000e+00  
 65.1 2.4813e+01  14 1.00000e+00  
 65.2 2.4858e+01  14 1.00000e+00  
 65.3 2.4903e+01  14 1.00000e+00  
 65.4 2.4947e+01  14 1.00000e+00  
 65.5 2.4992e+01  14 1.00000e+00  
 65.6 2.5059e+01  14 1.00000e+00  
 65.7 2.5105e+01  14 1.00000e+00  
 65.8 2.5146e+01  14 1.00000e+00  
 65.9 2.5205e+01  14 1.00000e+00  
 66.0 2.5250e+01  14 1.00000e+00  
 66.1 2.5292e+01  14 1.00000e+00  
 66.2 2.5344e+01  14 1.00000e+00  
 66.3 2.5388e+01  14 1.00000e+00  
 66.4 2.5430e+01  14 1.00000e+00  
 66.5 2.5469e+01  14 1.00000e+00  
 66.6 2.5526e+01  14 1.00000e+00  
 66.7 2.5568e+01  14 1.00000e+00  
 66.8 2.5609e+01  14 1.00000e+00  
 66.9 2.5641e+01  14 1.00000e+00  
 67.0 2.5706e+01  14 1.00000e+00  
 67.1 2.5746e+01  14 1.00000e+00  
 67.2 2.5785e+01  14 1.00000e+00  
 67.3 2.5794e+01  14 1.00000e+00  
 67.4 2.5883e+01  14 1.00000e+00  
 67.5 2.5922e+01  14 1.00000e+00  
 67.6 2.5955e+01  14 1.00000e+00  
 67.7 2.5973e+01  14 1.00000e+00  
 67.8 2.6065e+01  14 1.00000e+00  
 67.9 2.6102e+01  14 1.00000e+00  
 68.0 2.6108e+01  14 1.00000e+00  
 68.1 2.6152e+01  14 1.00000e+00  
 68.2 2.6241e+01  14 1.00000e+00  
 68.3 2.6274e+01  14 1.00000e+00  
 68.4 2.6287e+01  14 1.00000e+00  
 68.5 2.6332e+01  14 1.00000e+00  
 68.6 2.6376e+01  14 1.00000e+00  
 68.7 2.6426e+01  14 1.00000e+00  
 68.8 2.6467e+01  14 1.00000e+00  
 68.9 2.6511e+01  14 1.00000e+00  
 69.0 2.6556e+01  14 1.00000e+00  
 69.1 2.6600e+01  14 1.00000e+00  
 69.2 2.6646e+01  14 1.00000e+00  
 69.3 2.6691e+01  14 1.00000e+00  
 69.4 2.6736e+01  14 1.00000e+00  
 69.5 2.6781e+01  14 1.00000e+00  
 69.6 2.6847e+01  14 1.00000e+00  
 69.7 2.6871e+01  14 1.00000e+00  
 69.8 2.6916e+01  14 1.00000e+00  
 69.9 2.6963e+01  14 1.00000e+00  
 70.0 2.7031e+01  14 1.00000e+00  
 70.1 2.7099e+01  14 1.00000e+00  
 70.2 2.7097e+01  14 1.00000e+00  
 70.3 2.7144e+01  14 1.00000e+00  
 70.4 2.7208e+01  14 1.00000e+00  
 70.5 2.7277e+01  14 1.00000e+00  
 70.6 2.7347e+01  14 1.00000e+00  
 70.7 2.7407e+01  14 1.00000e+00  
 70.8 2.7387e+01  14 1.00000e+00  
 70.9 2.7456e+01  14 1.00000e+00  
 71.0 2.7524e+01  14 1.00000e+00  
 71.1 2.7590e+01  14 1.00000e+00  
 71.2 2.7658e+01  14 1.00000e+00  
 71.3 2.7636e+01  14 1.00000e+00  
 71.4 2.7696e+01  14 1.00000e+00  
 71.5 2.7762e+01  14 1.00000e+00  
 71.6 2.7828e+01  14 1.00000e+00  
 71.7 2.7897e+01  14 1.00000e+00  
 71.8 2.7964e+01  14 1.00000e+00  
 71.9 2.8033e+01  14 1.00000e+00  
 72.0 2.7996e+01  14 1.00000e+00  
 72.1 2.8064e+01  14 1.00000e+00  
 72.2 2.8129e+01  14 1.00000e+00  
 72.3 2.8188e+01  14 1.00000e+00  
 72.4 2.8259e+01  14 1.00000e+00  
 72.5 2.8214e+01  14 1.00000e+00  
 72.6 2.8288e+01  14 1.00000e+00  
 72.7 2.8354e+01  14 1.00000e+00  
 72.8 2.8417e+01  14 1.00000e+00  
 72.9 2.8486e+01  14 1.00000e+00  
 73.0 2.8444e+01  14 1.00000e+00  
 73.1 2.8485e+01  14 1.00000e+00  
 73.2 2.8516e+01  14 1.00000e+00  
 73.3 2.8644e+01  14 1.00000e+00  
 73.4 2.8709e+01  14 1.00000e+00  
 73.5 2.8674e+01  14 1.00000e+00  
 73.6 2.8720e+01  14 1.00000e+00  
 73.7 2.8755e+01  14 1.00000e+00  
 73.8 2.8761e+01  14 1.00000e+00  
 73.9 2.8781e+01  14 1.00000e+00  
 74.0 2.8995e+01  14 1.00000e+00  
 74.1 2.8951e+01  14 1.00000e+00  
 74.2 2.8996e+01  14 1.00000e+00  
 74.3 2.9031e+01  14 1.00000e+00  
 74.4 2.9032e+01  14 1.00000e+00  
 74.5 2.9055e+01  14 1.00000e+00  
 74.6 2.9101e+01  14 1.00000e+00  
 74.7 2.9146e+01  14 1.00000e+00  
 74.8 2.9274e+01  14 1.00000e+00  
 74.9 2.9308e+01  14 1.00000e+00  
 75.0 2.9317e+01  14 1.00000e+00  
 75.1 2.9336e+01  14 1.00000e+00  
 75.2 2.9377e+01  14 1.00000e+00  
 75.3 2.9422e+01  14 1.00000e+00  
 75.4 2.9488e+01  14 1.00000e+00  
 75.5 2.9562e+01  14 1.00000e+00  
 75.6 2.9603e+01  14 1.00000e+00  
 75.7 2.9629e+01  14 1.00000e+00  
 75.8 2.9653e+01  14 1.00000e+00  
 75.9 2.9699e+01  14 1.00000e+00  
 76.0 2.9750e+01  14 1.00000e+00  
 76.1 2.9820e+01  14 1.00000e+00  
 76.2 2.9891e+01  14 1.00000e+00  
 76.3 2.9964e+01  14 1.00000e+00  
 76.4 2.9990e+01  14 1.00000e+00  
 76.5 2.9976e+01  14 1.00000e+00  
 76.6 3.0022e+01  14 1.00000e+00  
 76.7 3.0072e+01  14 1.00000e+00  
 76.8 3.0144e+01  14 1.00000e+00  
 76.9 3.0215e+01  14 1.00000e+00  
 77.0 3.0284e+01  14 1.00000e+00  
 77.1 3.0354e+01  14 1.00000e+00  
 77.2 3.0416e+01  14 1.00000e+00  
 77.3 3.0475e+01  14 1.00000e+00  
 77.4 3.0391e+01  14 1.00000e+00  
 77.5 3.0448e+01  14 1.00000e+00  
 77.6 3.0520e+01  14 1.00000e+00  
 77.7 3.0588e+01  14 1.00000e+00  
 77.8 3.0662e+01  14 1.00000e+00  
 77.9 3.0728e+01  14 1.00000e+00  
 78.0 3.0796e+01  14 1.00000e+00  
 78.1 3.0865e+01  14 1.00000e+00  
 78.2 3.0931e+01  14 1.00000e+00  
 78.3 3.0915e+01  14 1.00000e+00  
 78.4 3.0890e+01  14 1.00000e+00  
 78.5 3.0958e+01  14 1.00000e+00  
 78.6 3.1028e+01  14 1.00000e+00  
 78.7 3.1096e+01  14 1.00000e+00  
 78.8 3.1166e+01  14 1.00000e+00  
 78.9 3.1234e+01  14 1.00000e+00  
 79.0 3.1302e+01  14 1.00000e+00  
 79.1 3.1275e+01  14 1.00000e+00  
 79.2 3.1329e+01  14 1.00000e+00  
 79.3 3.1376e+01  14 1.00000e+00  
 79.4 3.1388e+01  14 1.00000e+00  
 79.5 3.1455e+01  14 1.00000e+00  
 79.6 3.1521e+01  14 1.00000e+00  
 79.7 3.1585e+01  14 1.00000e+00  
 79.8 3.1657e+01  14 1.00000e+00  
 79.9 3.1725e+01  14 1.00000e+00  
 80.0 3.1699e+01  14 1.00000e+00  
 80.1 3.1752e+01  14 1.00000e+00  
 80.2 3.1799e+01  14 1.00000e+00  
 80.3 3.1840e+01  14 1.00000e+00  
 80.4 3.1857e+01  14 1.00000e+00  
 80.5 3.1934e+01  14 1.00000e+00  
 80.6 3.1999e+01  14 1.00000e+00  
 80.7 3.2066e+01  14 1.00000e+00  
 80.8 3.2132e+01  14 1.00000e+00  
 80.9 3.2200e+01  14 1.00000e+00  
 81.0 3.2173e+01  14 1.00000e+00  
 81.1 3.2225e+01  14 1.00000e+00  
 81.2 3.2273e+01  14 1.00000e+00  
 81.3 3.2314e+01  14 1.00000e+00  
 81.4 3.2330e+01  14 1.00000e+00  
 81.5 3.2362e+01  14 1.00000e+00  
 81.6 3.2420e+01  14 1.00000e+00  
 81.7 3.2532e+01  14 1.00000e+00  
 81.8 3.2596e+01  14 1.00000e+00  
 81.9 3.2661e+01  14 1.00000e+00  
 82.0 3.2729e+01  14 1.00000e+00  
 82.1 3.2694e+01  14 1.00000e+00  
 82.2 3.2748e+01  14 1.00000e+00  
 82.3 3.2794e+01  14 1.00000e+00  
 82.4 3.2836e+01  14 1.00000e+00  
 82.5 3.2855e+01  14 1.00000e+00  
 82.6 3.2891e+01  14 1.00000e+00  
 82.7 3.2920e+01  14 1.00000e+00  
 82.8 3.2935e+01  14 1.00000e+00  
 82.9 3.3079e+01  14 1.00000e+00  
 83.0 3.3171e+01  14 1.00000e+00  
 83.1 3.3235e+01  14 1.00000e+00  
 83.2 3.3209e+01  14 1.00000e+00  
 83.3 3.3268e+01  14 1.00000e+00  
 83.4 3.3318e+01  14 1.00000e+00  
 83.5 3.3363e+01  14 1.00000e+00  
 83.6 3.3405e+01  14 1.00000e+00  
 83.7 3.3427e+01  14 1.00000e+00  
 83.8 3.3464e+01  14 1.00000e+00  
 83.9 3.3493e+01  14 1.00000e+00  
 84.0 3.3515e+01  14 1.00000e+00  
 84.1 3.3531e+01  14 1.00000e+00  
 84.2 3.3579e+01  14 1.00000e+00  
 84.3 3.3796e+01  14 1.00000e+00  
 84.4 3.3857e+01  14 1.00000e+00  
 84.5 3.3834e+01  14 1.00000e+00  
 84.6 3.3887e+01  14 1.00000e+00  
 84.7 3.3941e+01  14 1.00000e+00  
 84.8 3.3987e+01  14 1.00000e+00  
 84.9 3.4030e+01  14 1.00000e+00  
 85.0 3.4049e+01  14 1.00000e+00  
 85.1 3.4089e+01  14 1.00000e+00  
 85.2 3.4121e+01  14 1.00000e+00  
 85.3 3.4150e+01  14 1.00000e+00  
 85.4 3.4165e+01  14 1.00000e+00  
 85.5 3.4196e+01  14 1.00000e+00  
 85.6 3.4253e+01  14 1.00000e+00  
 85.7 3.4292e+01  14 1.00000e+00  
 85.8 3.4529e+01  14 1.00000e+00  
 85.9 3.4502e+01  14 1.00000e+00  
 86.0 3.4558e+01  14 1.00000e+00  
 86.1 3.4610e+01  14 1.00000e+00  
 86.2 3.4660e+01  14 1.00000e+00  
 86.3 3.4707e+01  14 1.00000e+00  
 86.4 3.4749e+01  14 1.00000e+00  
 86.5 3.4771e+01  14 1.00000e+00  
 86.6 3.4810e+01  14 1.00000e+00  
 86.7 3.4841e+01  14 1.00000e+00  
 86.8 3.4869e+01  14 1.00000e+00  
 86.9 3.4888e+01  14 1.00000e+00  
 87.0 3.4912e+01  14 1.00000e+00  
 87.1 3.4968e+01  14 1.00000e+00  
 87.2 3.5035e+01  14 1.00000e+00  
 87.3 3.5074e+01  14 1.00000e+00  
 87.4 3.5291e+01  14 1.00000e+00  
 87.5 3.5276e+01  14 1.00000e+00  
 87.6 3.5332e+01  14 1.00000e+00  
 87.7 3.5384e+01  14 1.00000e+00  
 87.8 3.5434e+01  14 1.00000e+00  
 87.9 3.5481e+01  14 1.00000e+00  
 88.0 3.5525e+01  14 1.00000e+00  
 88.1 3.5547e+01  14 1.00000e+00  
 88.2 3.5593e+01  14 1.00000e+00  
 88.3 3.5631e+01  14 1.00000e+00  
 88.4 3.5666e+01  14 1.00000e+00  
 88.5 3.5696e+01  14 1.00000e+00  
 88.6 3.5720e+01  14 1.00000e+00  
 88.7 3.5737e+01  14 1.00000e+00  
 88.8 3.5780e+01  14 1.00000e+00  
 88.9 3.5842e+01  14 1.00000e+00  
 89.0 3.5893e+01  14 1.00000e+00  
 89.1 3.6090e+01  14 1.00000e+00  
 89.2 3.6142e+01  14 1.00000e+00  
 89.3 3.6136e+01  14 1.00000e+00  
 89.4 3.6189e+01  14 1.00000e+00  
 89.5 3.6240e+01  14 1.00000e+00  
 89.6 3.6290e+01  14 1.00000e+00  
 89.7 3.6338e+01  14 1.00000e+00  
 89.8 3.6384e+01  14 1.00000e+00  
 89.9 3.6429e+01  14 1.00000e+00  
 90.0 3.6460e+01  14 1.00000e+00  
 90.1 3.6504e+01  14 1.00000e+00  
 90.2 3.6544e+01  14 1.00000e+00  
 90.3 3.6584e+01  14 1.00000e+00  
 90.4 3.6620e+01  14 1.00000e+00  
 90.5 3.6661e+01  14 1.00000e+00  
 90.6 3.6676e+01  14 1.00000e+00  
 90.7 3.6698e+01  14 1.00000e+00  
 90.8 3.6754e+01  14 1.00000e+00  
 90.9 3.6889e+01  14 1.00000e+00  
 91.0 3.6975e+01  14 1.00000e+00  
 91.1 3.7035e+01  14 1.00000e+00  
 91.2 3.7094e+01  14 1.00000e+00  
 91.3 3.7154e+01  14 1.00000e+00  
 91.4 3.7140e+01  14 1.00000e+00  
 91.5 3.7194e+01  14 1.00000e+00  
 91.6 3.7239e+01  14 1.00000e+00  
 91.7 3.7293e+01  14 1.00000e+00  
 91.8 3.7344e+01  14 1.00000e+00  
 91.9 3.7394e+01  14 1.00000e+00  
 92.0 3.7430e+01  14 1.00000e+00  
 92.1 3.7530e+01  14 1.00000e+00  
 92.2 3.7557e+01  14 1.00000e+00  
 92.3 3.7586e+01  14 1.00000e+00  
 92.4 3.7617e+01  14 1.00000e+00  
 92.5 3.7718e+01  14 1.00000e+00  
 92.6 3.7756e+01  14 1.00000e+00  
 92.7 3.7858e+01  14 1.00000e+00  
 92.8 3.7960e+01  14 1.00000e+00  
 92.9 3.8062e+01  14 1.00000e+00  
 93.0 3.8164e+01  14 1.00000e+00  
 93.1 3.8266e+01  14 1.00000e+00  
 93.2 3.8368e+01  14 1.00000e+00  
 93.3 3.8470e+01  14 1.00000e+00  
 93.4 3.8572e+01  14 1.00000e+00  
 93.5 3.8673e+01  14 1.00000e+00  
 93.6 3.8775e+01  14 1.00000e+00  
 93.7 3.8877e+01  14 1.00000e+00  
 93.8 3.8978e+01  14 1.00000e+00  
 93.9 3.9080e+01  14 1.00000e+00  
 94.0 3.9181e+01  14 1.00000e+00  
 94.1 3.9283e+01  14 1.00000e+00  
 94.2 3.9384e+01  14 1.00000e+00  
 94.3 3.9479e+01  14 1.00000e+00  
 94.4 3.9580e+01  14 1.00000e+00  
 94.5 3.9681e+01  14 1.00000e+00  
 94.6 3.9783e+01  14 1.00000e+00  
 94.7 3.9884e+01  14 1.00000e+00  
 94.8 3.9985e+01  14 1.00000e+00  
 94.9 4.0086e+01  14 1.00000e+00  
 95.0 4.0188e+01  14 1.00000e+00  
 95.1 4.0289e+01  14 1.00000e+00  
 95.2 4.0390e+01  14 1.00000e+00  
 95.3 4.0491e+01  14 1.00000e+00  
 95.4 4.0592e+01  14 1.00000e+00  
 95.5 4.0693e+01  14 1.00000e+00  
 95.6 4.0794e+01  14 1.00000e+00  
 95.7 4.0895e+01  14 1.00000e+00  
 95.8 4.0996e+01  14 1.00000e+00  
 95.9 4.1097e+01  14 1.00000e+00  
 96.0 4.1197e+01  14 1.00000e+00  
 96.1 4.1298e+01  14 1.00000e+00  
 96.2 4.1399e+01  14 1.00000e+00  
 96.3 4.1500e+01  14 1.00000e+00  
 96.4 4.1600e+01  14 1.00000e+00  
 96.5 4.1701e+01  14 1.00000e+00  
 96.6 4.1801e+01  14 1.00000e+00  
 96.7 4.1902e+01  14 1.00000e+00  
 96.8 4.2002e+01  14 1.00000e+00  
 96.9 4.2103e+01  14 1.00000e+00  
 97.0 4.2203e+01  14 1.00000e+00  
 97.1 4.2293e+01  14 1.00000e+00  
 97.2 4.2383e+01  14 1.00000e+00  
 97.3 4.2474e+01  14 1.00000e+00  
 97.4 4.2564e+01  14 1.00000e+00  
 97.5 4.2654e+01  14 1.00000e+00  
 97.6 4.2745e+01  14 1.00000e+00  
 97.7 4.2835e+01  14 1.00000e+00  
 97.8 4.2926e+01  14 1.00000e+00  
 97.9 4.3016e+01  14 1.00000e+00  
 98.0 4.3107e+01  14 1.00000e+00  
 98.1 4.3197e+01  14 1.00000e+00  
 98.2 4.3288e+01  14 1.00000e+00  
 98.3 4.3378e+01  14 1.00000e+00  
 98.4 4.3469e+01  14 1.00000e+00  
 98.5 4.3560e+01  14 1.00000e+00  
 98.6 4.3650e+01  14 1.00000e+00  
 98.7 4.3741e+01  14 1.00000e+00  
 98.8 4.3832e+01  14 1.00000e+00  
 98.9 4.3923e+01  14 1.00000e+00  
 99.0 4.4014e+01  14 1.00000e+00  
 99.1 4.4105e+01  14 1.00000e+00  
 99.2 4.4196e+01  14 1.00000e+00  
 99.3 4.4286e+01  14 1.00000e+00  
 99.4 4.4377e+01  14 1.00000e+00  
 99.5 4.4468e+01  14 1.00000e+00  
 99.6 4.4559e+01  14 1.00000e+00  
 99.7 4.4651e+01  14 1.00000e+00  
 99.8 4.4742e+01  14 1.00000e+00  
 99.9 4.4833e+01  14 1.00000e+00  
100.0 4.4924e+01  14 1.00000e+00  
100.1 4.5015e+01  14 1.00000e+00  
100.2 4.5106e+01  14 1.00000e+00  
100.3 4.5197e+01  14 1.00000e+00  
100.4 4.5289e+01  14 1.00000e+00  
100.5 4.5380e+01  14 1.00000e+00  
100.6 4.5471e+01  14 1.00000e+00  
100.7 4.5563e+01  14 1.00000e+00  
100.8 4.5654e+01  14 1.00000e+00  
100.9 4.5745e+01  14 1.00000e+00  
101.0 4.5837e+01  14 1.00000e+00  
101.1 4.5922e+01  14 1.00000e+00  
101.2 4.6013e+01  14 1.00000e+00  
101.3 4.6105e+01  14 1.00000e+00  
101.4 4.6196e+01  14 1.00000e+00  
101.5 4.6288e+01  14 1.00000e+00  
101.6 4.6379e+01  14 1.00000e+00  
101.7 4.6471e+01  14 1.00000e+00  
101.8 4.6562e+01  14 1.00000e+00  
101.9 4.6654e+01  14 1.00000e+00  
102.0 4.6746e+01  14 1.00000e+00  
102.1 4.6837e+01  14 1.00000e+00  
102.2 4.6929e+01  14 1.00000e+00  
102.3 4.7021e+01  14 1.00000e+00  
102.4 4.7112e+01  14 1.00000e+00  
102.5 4.7204e+01  14 1.00000e+00  
102.6 4.7296e+01  14 1.00000e+00  
102.7 4.7388e+01  14 1.00000e+00  
102.8 4.7479e+01  14 1.00000e+00  
102.9 4.7571e+01  14 1.00000e+00  
103.0 4.7663e+01  14 1.00000e+00  
103.1 4.7755e+01  14 1.00000e+00  
103.2 4.7847e+01  14 1.00000e+00  
103.3 4.7939e+01  14 1.00000e+00  
103.4 4.8031e+01  14 1.00000e+00  
103.5 4.8123e+01  14 1.00000e+00  
103.6 4.8214e+01  14 1.00000e+00  
103.7 4.8306e+01  14 1.00000e+00  
103.8 4.8398e+01  14 1.00000e+00  
103.9 4.8490e+01  14 1.00000e+00  
104.0 4.8582e+01  14 1.00000e+00  
104.1 4.8674e+01  14 1.00000e+00  
104.2 4.8767e+01  14 1.00000e+00  
104.3 4.8859e+01  14 1.00000e+00  
104.4 4.8951e+01  14 1.00000e+00  
104.5 4.9043e+01  14 1.00000e+00  
104.6 4.9135e+01  14 1.00000e+00  
104.7 4.9227e+01  14 1.00000e+00  
104.8 4.9319e+01  14 1.00000e+00  
104.9 4.9411e+01  14 1.00000e+00  
105.0 4.9503e+01  14 1.00000e+00  
105.1 4.9596e+01  14 1.00000e+00  
105.2 4.9688e+01  14 1.00000e+00  
105.3 4.9780e+01  14 1.00000e+00  
105.4 4.9872e+01  14 1.00000e+00  
105.5 4.9964e+01  14 1.00000e+00  
105.6 5.0057e+01  14 1.00000e+00  
105.7 5.0149e+01  14 1.00000e+00  
105.8 5.0241e+01  14 1.00000e+00  
105.9 5.0333e+01  14 1.00000e+00  
106.0 5.0426e+01  14 1.00000e+00  
106.1 5.0518e+01  14 1.00000e+00  
106.2 5.0610e+01  14 1.00000e+00  
106.3 5.0703e+01  14 1.00000e+00  
106.4 5.0795e+01  14 1.00000e+00  
106.5 5.0887e+01  14 1.00000e+00  
106.6 5.0980e+01  14 1.00000e+00  
106.7 5.1072e+01  14 1.00000e+00  
106.8 5.1164e+01  14 1.00000e+00  
106.9 5.1257e+01  14 1.00000e+00  
107.0 5.1349e+01  14 1.00000e+00  
107.1 5.1442e+01  14 1.00000e+00  
107.2 5.1534e+01  14 1.00000e+00  
107.3 5.1627e+01  14 1.00000e+00  
107.4 5.1719e+01  14 1.00000e+00  
107.5 5.1811e+01  14 1.00000e+00  
107.6 5.1904e+01  14 1.00000e+00  
107.7 5.1996e+01  14 1.00000e+00  
107.8 5.2089e+01  14 1.00000e+00  
107.9 5.2181e+01  14 1.00000e+00  
108.0 5.2274e+01  14 1.00000e+00  
108.1 5.2366e+01  14 1.00000e+00  
108.2 5.2459e+01  14 1.00000e+00  
108.3 5.2551e+01  14 1.00000e+00  
108.4 5.2638e+01  14 1.00000e+00  
108.5 5.2731e+01  14 1.00000e+00  
108.6 5.2824e+01  14 1.00000e+00  
108.7 5.2916e+01  14 1.00000e+00  
108.8 5.3009e+01  14 1.00000e+00  
108.9 5.3101e+01  14 1.00000e+00  
109.0 5.3194e+01  14 1.00000e+00  
109.1 5.3286e+01  14 1.00000e+00  
109.2 5.3379e+01  14 1.00000e+00  
109.3 5.3472e+01  14 1.00000e+00  
109.4 5.3564e+01  14 1.00000e+00  
109.5 5.3657e+01  14 1.00000e+00  
109.6 5.3750e+01  14 1.00000e+00  
109.7 5.3842e+01  14 1.00000e+00  
109.8 5.3935e+01  14 1.00000e+00  
109.9 5.4028e+01  14 1.00000e+00  
110.0 5.4120e+01  14 1.00000e+00  
110.1 5.4213e+01  14 1.00000e+00  
110.2 5.4306e+01  14 1.00000e+00  
110.3 5.4398e+01  14 1.00000e+00  
110.4 5.4491e+01  14 1.00000e+00  
110.5 5.4584e+01  14 1.00000e+00  
110.6 5.4676e+01  14 1.00000e+00  
110.7 5.4769e+01  14 1.00000e+00  
110.8 5.4862e+01  14 1.00000e+00  
110.9 5.4954e+01  14 1.00000e+00  
111.0 5.5047e+01  14 1.00000e+00  
111.1 5.5140e+01  14 1.00000e+00  
111.2 5.5233e+01  14 1.00000e+00  
111.3 5.5325e+01  14 1.00000e+00  
111.4 5.5418e+01  14 1.00000e+00  
111.5 5.5511e+01  14 1.00000e+00  
111.6 5.5604e+01  14 1.00000e+00  
111.7 5.5696e+01  14 1.00000e+00  
111.8 5.5789e+01  14 1.00000e+00  
111.9 5.5882e+01  14 1.00000e+00  
112.0 5.5975e+01  14 1.00000e+00  
112.1 5.6067e+01  14 1.00000e+00  
112.2 5.6160e+01  14 1.00000e+00  
112.3 5.6253e+01  14 1.00000e+00  
112.4 5.6346e+01  14 1.00000e+00  
112.5 5.6438e+01  14 1.00000e+00  
112.6 5.6531e+01  14 1.00000e+00  
112.7 5.6624e+01  14 1.00000e+00  
112.8 5.6717e+01  14 1.00000e+00  
112.9 5.6810e+01  14 1.00000e+00  
113.0 5.6902e+01  14 1.00000e+00  
113.1 5.6995e+01  14 1.00000e+00  
113.2 5.7088e+01  14 1.00000e+00  
113.3 5.7181e+01  14 1.00000e+00  
113.4 5.7274e+01  14 1.00000e+00  
113.5 5.7366e+01  14 1.00000e+00  
113.6 5.7459e+01  14 1.00000e+00  
113.7 5.7552e+01  14 1.00000e+00  
113.8 5.7645e+01  14 1.00000e+00  
113.9 5.7738e+01  14 1.00000e+00  
114.0 5.7830e+01  14 1.00000e+00  
114.1 5.7923e+01  14 1.00000e+00  
114.2 5.8016e+01  14 1.00000e+00  
114.3 5.8109e+01  14 1.00000e+00  
114.4 5.8202e+01  14 1.00000e+00  
114.5 5.8295e+01  14 1.00000e+00  
114.6 5.8387e+01  14 1.00000e+00  
114.7 5.8480e+01  14 1.00000e+00  
114.8 5.8573e+01  14 1.00000e+00  
114.9 5.8666e+01  14 1.00000e+00  
115.0 5.8759e+01  14 1.00000e+00  
115.1 5.8852e+01  14 1.00000e+00  
115.2 5.8944e+01  14 1.00000e+00  
115.3 5.9037e+01  14 1.00000e+00  
115.4 5.9130e+01  14 1.00000e+00  
115.5 5.9223e+01  14 1.00000e+00  
115.6 5.9316e+01  14 1.00000e+00  
115.7 5.9409e+01  14 1.00000e+00  
115.8 5.9501e+01  14 1.00000e+00  
115.9 5.9594e+01  14 1.00000e+00  
116.0 5.9687e+01  14 1.00000e+00  
116.1 5.9780e+01  14 1.00000e+00  
116.2 5.9873e+01  14 1.00000e+00  
116.3 5.9966e+01  14 1.00000e+00  
116.4 6.0058e+01  14 1.00000e+00  
116.5 6.0146e+01  14 1.00000e+00  
116.6 6.0239e+01  14 1.00000e+00  
116.7 6.0332e+01  14 1.00000e+00  
116.8 6.0425e+01  14 1.00000e+00  
116.9 6.0518e+01  14 1.00000e+00  
117.0 6.0610e+01  14 1.00000e+00  
117.1 6.0703e+01  14 1.00000e+00  
117.2 6.0796e+01  14 1.00000e+00  
117.3 6.0889e+01  14 1.00000e+00  
117.4 6.0982e+01  14 1.00000e+00  
117.5 6.1074e+01  14 1.00000e+00  
117.6 6.1167e+01  14 1.00000e+00  
117.7 6.1260e+01  14 1.00000e+00  
117.8 6.1353e+01  14 1.00000e+00  
117.9 6.1446e+01  14 1.00000e+00  
118.0 6.1538e+01  14 1.00000e+00  
118.1 6.1631e+01  14 1.00000e+00  
118.2 6.1724e+01  14 1.00000e+00  
118.3 6.1817e+01  14 1.00000e+00  
118.4 6.1910e+01  14 1.00000e+00  
118.5 6.2003e+01  14 1.00000e+00  
118.6 6.2095e+01  14 1.00000e+00  
118.7 6.2188e+01  14 1.00000e+00  
118.8 6.2281e+01  14 1.00000e+00  
118.9 6.2374e+01  14 1.00000e+00  
119.0 6.2466e+01  14 1.00000e+00  
119.1 6.2559e+01  14 1.00000e+00  
119.2 6.2652e+01  14 1.00000e+00  
119.3 6.2745e+01  14 1.00000e+00  
119.4 6.2838e+01  14 1.00000e+00  
119.5 6.2930e+01  14 1.00000e+00  
119.6 6.3023e+01  14 1.00000e+00  
119.7 6.3116e+01  14 1.00000e+00  
119.8 6.3209e+01  14 1.00000e+00  
119.9 6.3301e+01  14 1.00000e+00  
120.0 6.3394e+01  14 1.00000e+00  
120.1 6.3487e+01  14 1.00000e+00  
120.2 6.3580e+01  14 1.00000e+00  
120.3 6.3673e+01  14 1.00000e+00  
120.4 6.3765e+01  14 1.00000e+00  
120.5 6.3858e+01  14 1.00000e+00  
120.6 6.3951e+01  14 1.00000e+00  
120.7 6.4043e+01  14 1.00000e+00  
120.8 6.4136e+01  14 1.00000e+00  
120.9 6.4229e+01  14 1.00000e+00  
121.0 6.4322e+01  14 1.00000e+00  
121.1 6.4414e+01  14 1.00000e+00  
121.2 6.4507e+01  14 1.00000e+00  
121.3 6.4600e+01  14 1.00000e+00  
121.4 6.4693e+01  14 1.00000e+00  
121.5 6.4785e+01  14 1.00000e+00  
121.6 6.4878e+01  14 1.00000e+00  
121.7 6.4971e+01  14 1.00000e+00  
121.8 6.5063e+01  14 1.00000e+00  
121.9 6.5156e+01  14 1.00000e+00  
122.0 6.5249e+01  14 1.00000e+00  
122.1 6.5342e+01  14 1.00000e+00  
122.2 6.5434e+01  14 1.00000e+00  
122.3 6.5527e+01  14 1.00000e+00  
122.4 6.5620e+01  14 1.00000e+00  
122.5 6.5712e+01  14 1.00000e+00  
122.6 6.5805e+01  14 1.00000e+00  
122.7 6.5898e+01  14 1.00000e+00  
122.8 6.5990e+01  14 1.00000e+00  
122.9 6.6083e+01  14 1.00000e+00  
123.0 6.6176e+01  14 1.00000e+00  
123.1 6.6268e+01  14 1.00000e+00  
123.2 6.6361e+01  14 1.00000e+00  
123.3 6.6454e+01  14 1.00000e+00  
123.4 6.6546e+01  14 1.00000e+00  
123.5 6.6639e+01  14 1.00000e+00  
123.6 6.6732e+01  14 1.00000e+00  
123.7 6.6824e+01  14 1.00000e+00  
123.8 6.6917e+01  14 1.00000e+00  
123.9 6.7010e+01  14 1.00000e+00  
124.0 6.7102e+01  14 1.00000e+00  
124.1 6.7195e+01  14 1.00000e+00  
124.2 6.7287e+01  14 1.00000e+00  
124.3 6.7380e+01  14 1.00000e+00  
124.4 6.7473e+01  14 1.00000e+00  
124.5 6.7565e+01  14 1.00000e+00  
124.6 6.7658e+01  14 1.00000e+00  
124.7 6.7750e+01  14 1.00000e+00  
124.8 6.7843e+01  14 1.00000e+00  
124.9 6.7936e+01  14 1.00000e+00  
125.0 6.8028e+01  14 1.00000e+00  
125.1 6.8121e+01  14 1.00000e+00  
125.2 6.8213e+01  14 1.00000e+00  
125.3 6.8306e+01  14 1.00000e+00  
125.4 6.8398e+01  14 1.00000e+00  
125.5 6.8487e+01  14 1.00000e+00  
125.6 6.8579e+01  14 1.00000e+00  
125.7 6.8672e+01  14 1.00000e+00  
125.8 6.8764e+01  14 1.00000e+00  
125.9 6.8857e+01  14 1.00000e+00  
126.0 6.8949e+01  14 1.00000e+00  
126.1 6.9042e+01  14 1.00000e+00  
126.2 6.9134e+01  14 1.00000e+00  
126.3 6.9227e+01  14 1.00000e+00  
126.4 6.9319e+01  14 1.00000e+00  
126.5 6.9412e+01  14 1.00000e+00  
126.6 6.9504e+01  14 1.00000e+00  
126.7 6.9597e+01  14 1.00000e+00  
126.8 6.9689e+01  14 1.00000e+00  
126.9 6.9782e+01  14 1.00000e+00  
127.0 6.9874e+01  14 1.00000e+00  
127.1 6.9967e+01  14 1.00000e+00  
127.2 7.0059e+01  14 1.00000e+00  
127.3 7.0152e+01  14 1.00000e+00  
127.4 7.0244e+01  14 1.00000e+00  
127.5 7.0337e+01  14 1.00000e+00  
127.6 7.0429e+01  14 1.00000e+00  
127.7 7.0522e+01  14 1.00000e+00  
127.8 7.0614e+01  14 1.00000e+00  
127.9 7.0707e+01  14 1.00000e+00  
128.0 7.0799e+01  14 1.00000e+00  
128.1 7.0891e+01  14 1.00000e+00  
128.2 7.0984e+01  14 1.00000e+00  
128.3 7.1076e+01  14 1.00000e+00  
128.4 7.1169e+01  14 1.00000e+00  
128.5 7.1261e+01  14 1.00000e+00  
128.6 7.1353e+01  14 1.00000e+00  
128.7 7.1446e+01  14 1.00000e+00  
128.8 7.1538e+01  14 1.00000e+00  
128.9 7.1631e+01  14 1.00000e+00  
129.0 7.1723e+01  14 1.00000e+00  
129.1 7.1815e+01  14 1.00000e+00  
129.2 7.1908e+01  14 1.00000e+00  
129.3 7.2000e+01  14 1.00000e+00  
129.4 7.2092e+01  14 1.00000e+00  
129.5 7.2185e+01  14 1.00000e+00  
129.6 7.2277e+01  14 1.00000e+00  
129.7 7.2369e+01  14 1.00000e+00  
129.8 7.2462e+01  14 1.00000e+00  
129.9 7.2554e+01  14 1.00000e+00  
130.0 7.2646e+01  14 1.00000e+00  
130.1 7.2739e+01  14 1.00000e+00  
130.2 7.2831e+01  14 1.00000e+00  
130.3 7.2923e+01  14 1.00000e+00  
130.4 7.3016e+01  14 1.00000e+00  
130.5 7.3108e+01  14 1.00000e+00  
130.6 7.3200e+01  14 1.00000e+00  
130.7 7.3292e+01  14 1.00000e+00  
130.8 7.3385e+01  14 1.00000e+00  
130.9 7.3477e+01  14 1.00000e+00  
131.0 7.3569e+01  14 1.00000e+00  
131.1 7.3661e+01  14 1.00000e+00  
131.2 7.3754e+01  14 1.00000e+00  
131.3 7.3846e+01  14 1.00000e+00  
131.4 7.3938e+01  14 1.00000e+00  
131.5 7.4030e+01  14 1.00000e+00  
131.6 7.4122e+01  14 1.00000e+00  
131.7 7.4215e+01  14 1.00000e+00  
131.8 7.4307e+01  14 1.00000e+00  
131.9 7.4399e+01  14 1.00000e+00  
132.0 7.4491e+01  14 1.00000e+00  
132.1 7.4583e+01  14 1.00000e+00  
132.2 7.4676e+01  14 1.00000e+00  
132.3 7.4768e+01  14 1.00000e+00  
132.4 7.4860e+01  14 1.00000e+00  
132.5 7.4952e+01  14 1.00000e+00  
132.6 7.5044e+01  14 1.00000e+00  
132.7 7.5136e+01  14 1.00000e+00  
132.8 7.5229e+01  14 1.00000e+00  
132.9 7.5321e+01  14 1.00000e+00  
133.0 7.5413e+01  14 1.00000e+00  
133.1 7.5505e+01  14 1.00000e+00  
133.2 7.5597e+01  14 1.00000e+00  
133.3 7.5689e+01  14 1.00000e+00  
133.4 7.5781e+01  14 1.00000e+00  
133.5 7.5873e+01  14 1.00000e+00  
133.6 7.5965e+01  14 1.00000e+00  
133.7 7.6057e+01  14 1.00000e+00  
133.8 7.6150e+01  14 1.00000e+00  
133.9 7.6242e+01  14 1.00000e+00  
134.0 7.6334e+01  14 1.00000e+00  
134.1 7.6426e+01  14 1.00000e+00  
134.2 7.6518e+01  14 1.00000e+00  
134.3 7.6610e+01  14 1.00000e+00  
134.4 7.6702e+01  14 1.00000e+00  
134.5 7.6794e+01  14 1.00000e+00  
134.6 7.6886e+01  14 1.00000e+00  
134.7 7.6978e+01  14 1.00000e+00  
134.8 7.7070e+01  14 1.00000e+00  
134.9 7.7162e+01  14 1.00000e+00  
135.0 7.7254e+01  14 1.00000e+00  
135.1 7.7346e+01  14 1.00000e+00  
135.2 7.7438e+01  14 1.00000e+00  
135.3 7.7530e+01  14 1.00000e+00  
135.4 7.7622e+01  14 1.00000e+00  
135.5 7.7714e+01  14 1.00000e+00  
135.6 7.7802e+01  14 1.00000e+00  
135.7 7.7894e+01  14 1.00000e+00  
135.8 7.7986e+01  14 1.00000e+00  
135.9 7.8078e+01  14 1.00000e+00  
136.0 7.8170e+01  14 1.00000e+00  
136.1 7.8262e+01  14 1.00000e+00  
136.2 7.8354e+01  14 1.00000e+00  
136.3 7.8445e+01  14 1.00000e+00  
136.4 7.8537e+01  14 1.00000e+00  
136.5 7.8629e+01  14 1.00000e+00  
136.6 7.8721e+01  14 1.00000e+00  
136.7 7.8813e+01  14 1.00000e+00  
136.8 7.8905e+01  14 1.00000e+00  
136.9 7.8997e+01  14 1.00000e+00  
137.0 7.9089e+01  14 1.00000e+00  
137.1 7.9180e+01  14 1.00000e+00  
137.2 7.9272e+01  14 1.00000e+00  
137.3 7.9364e+01  14 1.00000e+00  
137.4 7.9456e+01  14 1.00000e+00  
137.5 7.9548e+01  14 1.00000e+00  
137.6 7.9640e+01  14 1.00000e+00  
137.7 7.9731e+01  14 1.00000e+00  
137.8 7.9823e+01  14 1.00000e+00  
137.9 7.9915e+01  14 1.00000e+00  
138.0 8.0007e+01  14 1.00000e+00  
138.1 8.0099e+01  14 1.00000e+00  
138.2 8.0190e+01  14 1.00000e+00  
138.3 8.0282e+01  14 1.00000e+00  
138.4 8.0374e+01  14 1.00000e+00  
138.5 8.0466e+01  14 1.00000e+00  
138.6 8.0557e+01  14 1.00000e+00  
138.7 8.0649e+01  14 1.00000e+00  
138.8 8.0741e+01  14 1.00000e+00  
138.9 8.0832e+01  14 1.00000e+00  
139.0 8.0924e+01  14 1.00000e+00  
139.1 8.1016e+01  14 1.00000e+00  
139.2 8.1107e+01  14 1.00000e+00  
139.3 8.1199e+01  14 1.00000e+00  
139.4 8.1291e+01  14 1.00000e+00  
139.5 8.1382e+01  14 1.00000e+00  
139.6 8.1474e+01  14 1.00000e+00  
139.7 8.1566e+01  14 1.00000e+00  
139.8 8.1657e+01  14 1.00000e+00  
139.9 8.1749e+01  14 1.00000e+00  
140.0 8.1841e+01  14 1.00000e+00  
140.1 8.1932e+01  14 1.00000e+00  
140.2 8.2024e+01  14 1.00000e+00  
140.3 8.2115e+01  14 1.00000e+00  
140.4 8.2207e+01  14 1.00000e+00  
140.5 8.2299e+01  14 1.00000e+00  
140.6 8.2390e+01  14 1.00000e+00  
140.7 8.2482e+01  14 1.00000e+00  
140.8 8.2573e+01  14 1.00000e+00  
140.9 8.2665e+01  14 1.00000e+00  
141.0 8.1523e+01  14 1.00000e+00  
141.1 8.1615e+01  14 1.00000e+00  
141.2 8.1707e+01  14 1.00000e+00  
141.3 8.1799e+01  14 1.00000e+00  
141.4 8.1890e+01  14 1.00000e+00  
141.5 8.1982e+01  14 1.00000e+00  
141.6 8.2074e+01  14 1.00000e+00  
141.7 8.2166e+01  14 1.00000e+00  
141.8 8.2257e+01  14 1.00000e+00  
141.9 8.2349e+01  14 1.00000e+00  
142.0 8.2441e+01  14 1.00000e+00  
142.1 8.2533e+01  14 1.00000e+00  
142.2 8.2624e+01  14 1.00000e+00  
142.3 8.2716e+01  14 1.00000e+00  
142.4 8.2808e+01  14 1.00000e+00  
142.5 8.2899e+01  14 1.00000e+00  
142.6 8.2991e+01  14 1.00000e+00  
142.7 8.3083e+01  14 1.00000e+00  
142.8 8.3174e+01  14 1.00000e+00  
142.9 8.3266e+01  14 1.00000e+00  
143.0 8.3358e+01  14 1.00000e+00  
143.1 8.3449e+01  14 1.00000e+00  
143.2 8.3541e+01  14 1.00000e+00  
143.3 8.3633e+01  14 1.00000e+00  
143.4 8.3724e+01  14 1.00000e+00  
143.5 8.3816e+01  14 1.00000e+00  
143.6 8.2502e+01  14 1.00000e+00  
143.7 8.2592e+01  14 1.00000e+00  
143.8 8.2682e+01  14 1.00000e+00  
143.9 8.2772e+01  14 1.00000e+00  
144.0 8.1833e+01  14 1.00000e+00  
144.1 8.1923e+01  14 1.00000e+00  
144.2 8.2014e+01  14 1.00000e+00  
144.3 8.2105e+01  14 1.00000e+00  
144.4 8.2195e+01  14 1.00000e+00  
144.5 8.2286e+01  14 1.00000e+00  
144.6 8.2376e+01  14 1.00000e+00  
144.7 8.2467e+01  14 1.00000e+00  
144.8 8.2558e+01  14 1.00000e+00  
144.9 8.2648e+01  14 1.00000e+00  
145.0 8.2739e+01  14 1.00000e+00  
145.1 8.2830e+01  14 1.00000e+00  
145.2 8.2920e+01  14 1.00000e+00  
145.3 8.3011e+01  14 1.00000e+00  
145.4 8.3101e+01  14 1.00000e+00  
145.5 8.3192e+01  14 1.00000e+00  
145.6 8.3282e+01  14 1.00000e+00  
145.7 8.3373e+01  14 1.00000e+00  
145.8 8.3463e+01  14 1.00000e+00  
145.9 8.3554e+01  14 1.00000e+00  
146.0 8.3645e+01  14 1.00000e+00  
146.1 8.3735e+01  14 1.00000e+00  
146.2 8.3826e+01  14 1.00000e+00  
146.3 8.3916e+01  14 1.00000e+00  
146.4 8.4007e+01  14 1.00000e+00  
146.5 8.4097e+01  14 1.00000e+00  
146.6 8.4188e+01  14 1.00000e+00  
146.7 8.4278e+01  14 1.00000e+00  
146.8 8.4369e+01  14 1.00000e+00  
146.9 8.4459e+01  14 1.00000e+00  
147.0 8.4550e+01  14 1.00000e+00  
147.1 8.4640e+01  14 1.00000e+00  
147.2 8.4731e+01  14 1.00000e+00  
147.3 8.4821e+01  14 1.00000e+00  
147.4 8.4911e+01  14 1.00000e+00  
147.5 8.5002e+01  14 1.00000e+00  
147.6 8.5092e+01  14 1.00000e+00  
147.7 8.5183e+01  14 1.00000e+00  
147.8 8.5273e+01  14 1.00000e+00  
147.9 8.5364e+01  14 1.00000e+00  
148.0 8.5454e+01  14 1.00000e+00  
148.1 8.5544e+01  14 1.00000e+00  
148.2 8.5635e+01  14 1.00000e+00  
148.3 8.5725e+01  14 1.00000e+00  
148.4 8.5816e+01  14 1.00000e+00  
148.5 8.2949e+01  14 1.00000e+00  
148.6 8.3039e+01  14 1.00000e+00  
148.7 8.3129e+01  14 1.00000e+00  
148.8 8.3220e+01  14 1.00000e+00  
148.9 8.3310e+01  14 1.00000e+00  
149.0 8.3400e+01  14 1.00000e+00  
149.1 8.3491e+01  14 1.00000e+00  
149.2 8.3581e+01  14 1.00000e+00  
149.3 8.3671e+01  14 1.00000e+00  
149.4 8.3762e+01  14 1.00000e+00  
149.5 8.2967e+01  14 1.00000e+00  
149.6 8.3059e+01  14 1.00000e+00  
149.7 8.3150e+01  14 1.00000e+00  
149.8 8.3242e+01  14 1.00000e+00  
149.9 8.3333e+01  14 1.00000e+00  
150.0 8.3425e+01  14 1.00000e+00  
