 15.1 1.3564e+00  13 4.51717e-02  
 15.2 1.3638e+00  13 4.58256e-02  
 15.3 1.3713e+00  13 4.64311e-02  
 15.4 1.3788e+00  13 4.70410e-02  
 15.5 1.3862e+00  13 4.76490e-02  
 15.6 1.3937e+00  13 4.82538e-02  
 15.7 1.4012e+00  13 4.88569e-02  
 15.8 1.4086e+00  13 4.94576e-02  
 15.9 1.4161e+00  13 5.00556e-02  
 16.0 1.4235e+00  13 5.06508e-02  
 16.1 1.4310e+00  13 5.12445e-02  
 16.2 1.4384e+00  13 5.18357e-02  
 16.3 1.4531e+00  13 5.29981e-02  
 16.4 1.4607e+00  13 5.35918e-02  
 16.5 1.4683e+00  13 5.41782e-02  
 16.6 1.4759e+00  13 5.47753e-02  
 16.7 1.4835e+00  13 5.53730e-02  
 16.8 1.4911e+00  13 5.59713e-02  
 16.9 1.4987e+00  13 5.65684e-02  
 17.0 1.5063e+00  13 5.71656e-02  
 17.1 1.5139e+00  13 5.77631e-02  
 17.2 1.5215e+00  13 5.83603e-02  
 17.3 1.5291e+00  13 5.89534e-02  
 17.4 1.5367e+00  13 5.95311e-02  
 17.5 1.5443e+00  13 6.01297e-02  
 17.6 1.5519e+00  13 6.07290e-02  
 17.7 1.5595e+00  13 6.13291e-02  
 17.8 1.5671e+00  13 6.19313e-02  
 17.9 1.5747e+00  13 6.25350e-02  
 18.0 1.5823e+00  13 6.31408e-02  
 18.1 1.5899e+00  13 6.37183e-02  
 18.2 1.5974e+00  13 6.43254e-02  
 18.3 1.6050e+00  13 6.49358e-02  
 18.4 1.6126e+00  13 6.55487e-02  
 18.5 1.6202e+00  13 6.61645e-02  
 18.6 1.6278e+00  13 6.67839e-02  
 18.7 1.6353e+00  13 6.73931e-02  
 18.8 1.6429e+00  13 6.79958e-02  
 18.9 1.6505e+00  13 6.86224e-02  
 19.0 1.6580e+00  13 6.92522e-02  
 19.1 1.6656e+00  13 6.98871e-02  
 19.2 1.6732e+00  13 7.05270e-02  
 19.3 1.6807e+00  13 7.11332e-02  
 19.4 1.6883e+00  13 7.17784e-02  
 19.5 1.6977e+00  13 7.26387e-02  
 19.6 1.7091e+00  13 7.37517e-02  
 19.7 1.7206e+00  13 7.48807e-02  
 19.8 1.7322e+00  13 7.60298e-02  
 19.9 1.7439e+00  13 7.71469e-02  
 20.0 1.7557e+00  13 7.83245e-02  
 20.1 1.7675e+00  13 7.95204e-02  
 20.2 1.7794e+00  13 8.07358e-02  
 20.3 1.7914e+00  13 8.19601e-02  
 20.4 1.8034e+00  13 8.31717e-02  
 20.5 1.8155e+00  13 8.44381e-02  
 20.6 1.8277e+00  13 8.57272e-02  
 20.7 1.8400e+00  13 8.70392e-02  
 20.8 1.8523e+00  13 8.83346e-02  
 20.9 1.8648e+00  13 8.96684e-02  
 21.0 1.8749e+00  13 9.07809e-02  
 21.1 1.8874e+00  13 9.21690e-02  
 21.2 1.8996e+00  13 9.35405e-02  
 21.3 1.9123e+00  13 9.49071e-02  
 21.4 1.2135e+01  14 1.00000e+00  
 21.5 1.2117e+01  14 1.00000e+00  
 21.6 1.2099e+01  14 1.00000e+00  
 21.7 1.2080e+01  14 1.00000e+00  
 21.8 1.2066e+01  14 1.00000e+00  
 21.9 1.2038e+01  14 1.00000e+00  
 22.0 1.2015e+01  14 1.00000e+00  
 22.1 1.1990e+01  14 1.00000e+00  
 22.2 1.1973e+01  14 1.00000e+00  
 22.3 1.1946e+01  14 1.00000e+00  
 22.4 1.1919e+01  14 1.00000e+00  
 22.5 1.1890e+01  14 1.00000e+00  
 22.6 1.1869e+01  14 1.00000e+00  
 22.7 1.1839e+01  14 1.00000e+00  
 22.8 1.1807e+01  14 1.00000e+00  
 22.9 1.1774e+01  14 1.00000e+00  
 23.0 1.1750e+01  14 1.00000e+00  
 23.1 1.1716e+01  14 1.00000e+00  
 23.2 1.1680e+01  14 1.00000e+00  
 23.3 1.1644e+01  14 1.00000e+00  
 23.4 1.1610e+01  14 1.00000e+00  
 23.5 1.1580e+01  14 1.00000e+00  
 23.6 1.1541e+01  14 1.00000e+00  
 23.7 1.1502e+01  14 1.00000e+00  
 23.8 1.1462e+01  14 1.00000e+00  
 23.9 1.1431e+01  14 1.00000e+00  
 24.0 1.1390e+01  14 1.00000e+00  
 24.1 1.1348e+01  14 1.00000e+00  
 24.2 1.1306e+01  14 1.00000e+00  
 24.3 1.1266e+01  14 1.00000e+00  
 24.4 1.1230e+01  14 1.00000e+00  
 24.5 1.1186e+01  14 1.00000e+00  
 24.6 1.1140e+01  14 1.00000e+00  
 24.7 1.1094e+01  14 1.00000e+00  
 24.8 5.4952e+00  14 4.52282e-01  
 24.9 5.5345e+00  14 4.58205e-01  
 25.0 5.5736e+00  14 4.64205e-01  
 25.1 5.6116e+00  14 4.70170e-01  
 25.2 5.6491e+00  14 4.76150e-01  
 25.3 5.6860e+00  14 4.82057e-01  
 25.4 5.7226e+00  14 4.87604e-01  
 25.5 5.7582e+00  14 4.93627e-01  
 25.6 5.7931e+00  14 4.99659e-01  
 25.7 5.8273e+00  14 5.05719e-01  
 25.8 5.8618e+00  14 5.11184e-01  
 25.9 5.8950e+00  14 5.17144e-01  
 26.0 5.9262e+00  14 5.23771e-01  
 26.1 5.9546e+00  14 5.31345e-01  
 26.2 5.9690e+00  14 5.44853e-01  
 26.3 5.9769e+00  14 5.60287e-01  
 26.4 5.9878e+00  14 5.73249e-01  
 26.5 5.9960e+00  14 5.86480e-01  
 26.6 6.0016e+00  14 5.99995e-01  
 26.7 6.0088e+00  14 6.11994e-01  
 26.8 6.0397e+00  14 6.13953e-01  
 26.9 6.0759e+00  14 6.14193e-01  
 27.0 6.1086e+00  14 6.16021e-01  
 27.1 6.1462e+00  14 6.16471e-01  
 27.2 6.1834e+00  14 6.17363e-01  
 27.3 6.2195e+00  14 6.18867e-01  
 27.4 6.2566e+00  14 6.20322e-01  
 27.5 6.2966e+00  14 6.21258e-01  
 27.6 6.3365e+00  14 6.22491e-01  
 27.7 6.3763e+00  14 6.23997e-01  
 27.8 6.4088e+00  14 6.27233e-01  
 27.9 6.4316e+00  14 6.32497e-01  
 28.0 6.4570e+00  14 6.37128e-01  
 28.1 6.4832e+00  14 6.41541e-01  
 28.2 6.5200e+00  14 6.43962e-01  
 28.3 6.5600e+00  14 6.45944e-01  
 28.4 6.5121e+00  14 6.38413e-01  
 28.5 6.5501e+00  14 6.42022e-01  
 28.6 6.5304e+00  14 6.50046e-01  
 28.7 6.5499e+00  14 6.51000e-01  
 28.8 6.5642e+00  14 6.51702e-01  
 28.9 6.5743e+00  14 6.52203e-01  
 29.0 6.5990e+00  14 6.53425e-01  
 29.1 6.6200e+00  14 6.54465e-01  
 29.2 6.6316e+00  14 6.55046e-01  
 29.3 6.6518e+00  14 6.56057e-01  
 29.4 6.6675e+00  14 6.56843e-01  
 29.5 6.6848e+00  14 6.57715e-01  
 29.6 6.7044e+00  14 6.58706e-01  
 29.7 6.7181e+00  14 6.59397e-01  
 29.8 6.7384e+00  14 6.60431e-01  
 29.9 6.7618e+00  14 6.61625e-01  
 30.0 6.7726e+00  14 6.62177e-01  
 30.1 6.7903e+00  14 6.63082e-01  
 30.2 6.8142e+00  14 6.64311e-01  
 30.3 6.8245e+00  14 6.64841e-01  
 30.4 6.8446e+00  14 6.65880e-01  
 30.5 6.8663e+00  14 6.67009e-01  
 30.6 6.8857e+00  14 6.68018e-01  
 30.7 6.9130e+00  14 6.69442e-01  
 30.8 6.9184e+00  14 6.69724e-01  
 30.9 6.9357e+00  14 6.70630e-01  
 31.0 6.9673e+00  14 6.72284e-01  
 31.1 6.9885e+00  14 6.73399e-01  
 31.2 6.9984e+00  14 6.73925e-01  
 31.3 7.0244e+00  14 6.75299e-01  
 31.4 7.0421e+00  14 6.76235e-01  
 31.5 7.0710e+00  14 6.77765e-01  
 31.6 7.0846e+00  14 6.78492e-01  
 31.7 7.1075e+00  14 6.79708e-01  
 31.8 7.1173e+00  14 6.80233e-01  
 31.9 7.1480e+00  14 6.81869e-01  
 32.0 7.1664e+00  14 6.82852e-01  
 32.1 7.1843e+00  14 6.83815e-01  
 32.2 7.2041e+00  14 6.84874e-01  
 32.3 7.2330e+00  14 6.86430e-01  
 32.4 7.2523e+00  14 6.87468e-01  
 32.5 7.2719e+00  14 6.88521e-01  
 32.6 7.2996e+00  14 6.90016e-01  
 32.7 7.3198e+00  14 6.91110e-01  
 32.8 7.3419e+00  14 6.92307e-01  
 32.9 7.3507e+00  14 6.92786e-01  
 33.0 7.3756e+00  14 6.94136e-01  
 33.1 7.4000e+00  14 6.95465e-01  
 33.2 7.4193e+00  14 6.96516e-01  
 33.3 7.4447e+00  14 6.97900e-01  
 33.4 7.4602e+00  14 6.98740e-01  
 33.5 7.4878e+00  14 7.00248e-01  
 33.6 7.5111e+00  14 7.01518e-01  
 33.7 7.5309e+00  14 7.02601e-01  
 33.8 7.5502e+00  14 7.03662e-01  
 33.9 7.5770e+00  14 7.05127e-01  
 34.0 7.5968e+00  14 7.06211e-01  
 34.1 7.6155e+00  14 7.07237e-01  
 34.2 7.6308e+00  14 7.08077e-01  
 34.3 7.6591e+00  14 7.09628e-01  
 34.4 7.6770e+00  14 7.10616e-01  
 34.5 7.6951e+00  14 7.11610e-01  
 34.6 7.7205e+00  14 7.13006e-01  
 34.7 7.7487e+00  14 7.14556e-01  
 34.8 7.7722e+00  14 7.15850e-01  
 34.9 7.7936e+00  14 7.17029e-01  
 35.0 7.8043e+00  14 7.17623e-01  
 35.1 7.8286e+00  14 7.18959e-01  
 35.2 7.8593e+00  14 7.20657e-01  
 35.3 7.8788e+00  14 7.21734e-01  
 35.4 7.8959e+00  14 7.22676e-01  
 35.5 7.9237e+00  14 7.24213e-01  
 35.6 7.9424e+00  14 7.25251e-01  
 35.7 7.9578e+00  14 7.26102e-01  
 35.8 7.9879e+00  14 7.27767e-01  
 35.9 8.0116e+00  14 7.29076e-01  
 36.0 8.0435e+00  14 7.30843e-01  
 36.1 8.0593e+00  14 7.31717e-01  
 36.2 8.0771e+00  14 7.32707e-01  
 36.3 8.0962e+00  14 7.33764e-01  
 36.4 8.1382e+00  14 7.36091e-01  
 36.5 8.1504e+00  14 7.36765e-01  
 36.6 8.1761e+00  14 7.38193e-01  
 36.7 8.1948e+00  14 7.39225e-01  
 36.8 8.2217e+00  14 7.40717e-01  
 36.9 8.2499e+00  14 7.42280e-01  
 37.0 8.2606e+00  14 7.42876e-01  
 37.1 8.2925e+00  14 7.44646e-01  
 37.2 8.3111e+00  14 7.45674e-01  
 37.3 8.3348e+00  14 7.46988e-01  
 37.4 8.3538e+00  14 7.48042e-01  
 37.5 8.3901e+00  14 7.50056e-01  
 37.6 8.4088e+00  14 7.51093e-01  
 37.7 8.4226e+00  14 7.51857e-01  
 37.8 8.4480e+00  14 7.53265e-01  
 37.9 8.4747e+00  14 7.54746e-01  
 38.0 8.5043e+00  14 7.56386e-01  
 38.1 8.5295e+00  14 7.57784e-01  
 38.2 8.5633e+00  14 7.59658e-01  
 38.3 8.5779e+00  14 7.60468e-01  
 38.4 8.6117e+00  14 7.62341e-01  
 38.5 8.6298e+00  14 7.63344e-01  
 38.6 8.6500e+00  14 7.64465e-01  
 38.7 8.6890e+00  14 7.66625e-01  
 38.8 8.7024e+00  14 7.67369e-01  
 38.9 8.7241e+00  14 7.68572e-01  
 39.0 8.7596e+00  14 7.70535e-01  
 39.1 8.7821e+00  14 7.71784e-01  
 39.2 8.8066e+00  14 7.73141e-01  
 39.3 8.8252e+00  14 7.74169e-01  
 39.4 8.8573e+00  14 7.75946e-01  
 39.5 8.8757e+00  14 7.76961e-01  
 39.6 8.9028e+00  14 7.78461e-01  
 39.7 8.9224e+00  14 7.79546e-01  
 39.8 8.9487e+00  14 7.80999e-01  
 39.9 8.9745e+00  14 7.82422e-01  
 40.0 9.0064e+00  14 7.84186e-01  
 40.1 9.0316e+00  14 7.85578e-01  
 40.2 9.0536e+00  14 7.86791e-01  
 40.3 9.0700e+00  14 7.87694e-01  
 40.4 9.1061e+00  14 7.89686e-01  
 40.5 9.1314e+00  14 7.91080e-01  
 40.6 9.1610e+00  14 7.92714e-01  
 40.7 9.1829e+00  14 7.93919e-01  
 40.8 9.2039e+00  14 7.95077e-01  
 40.9 9.2267e+00  14 7.96329e-01  
 41.0 9.2599e+00  14 7.98156e-01  
 41.1 9.2812e+00  14 7.99329e-01  
 41.2 9.2977e+00  14 8.00235e-01  
 41.3 9.3309e+00  14 8.02063e-01  
 41.4 9.3497e+00  14 8.03099e-01  
 41.5 9.3760e+00  14 8.04542e-01  
 41.6 9.4045e+00  14 8.06106e-01  
 41.7 9.4239e+00  14 8.07174e-01  
 41.8 9.4558e+00  14 8.08922e-01  
 41.9 9.4766e+00  14 8.10061e-01  
 42.0 9.5131e+00  14 8.12064e-01  
 42.1 9.5305e+00  14 8.13016e-01  
 42.2 9.5423e+00  14 8.13664e-01  
 42.3 9.4824e+00  14 8.10382e-01  
 42.4 9.4120e+00  14 8.06521e-01  
 42.5 9.3009e+00  14 8.00413e-01  
 42.6 9.1933e+00  14 7.94493e-01  
 42.7 9.1109e+00  14 7.89952e-01  
 42.8 9.1063e+00  14 7.89698e-01  
 42.9 9.0681e+00  14 7.87589e-01  
 43.0 9.0472e+00  14 7.86439e-01  
 43.1 9.0233e+00  14 7.85118e-01  
 43.2 8.9953e+00  14 7.83570e-01  
 43.3 8.9032e+00  14 7.78486e-01  
 43.4 8.8518e+00  14 7.75639e-01  
 43.5 8.7796e+00  14 7.71646e-01  
 43.6 8.7406e+00  14 7.69488e-01  
 43.7 8.6641e+00  14 7.65249e-01  
 43.8 8.6648e+00  14 7.65285e-01  
 43.9 8.6369e+00  14 7.63738e-01  
 44.0 8.6237e+00  14 7.63006e-01  
 44.1 8.5873e+00  14 7.60990e-01  
 44.2 8.5730e+00  14 7.60194e-01  
 44.3 8.5535e+00  14 7.59116e-01  
 44.4 8.4774e+00  14 7.54897e-01  
 44.5 8.4398e+00  14 7.52810e-01  
 44.6 8.4030e+00  14 7.50772e-01  
 44.7 8.3477e+00  14 7.47705e-01  
 44.8 8.2896e+00  14 7.44484e-01  
 44.9 8.2864e+00  14 7.44304e-01  
 45.0 8.2667e+00  14 7.43213e-01  
 45.1 8.2637e+00  14 7.43045e-01  
 45.2 8.2533e+00  14 7.42470e-01  
 45.3 8.2336e+00  14 7.41378e-01  
 45.4 8.2361e+00  14 7.41516e-01  
 45.5 8.1638e+00  14 7.37512e-01  
 45.6 8.1262e+00  14 7.35428e-01  
 45.7 8.1199e+00  14 7.35074e-01  
 45.8 8.0645e+00  14 7.32007e-01  
 45.9 8.1110e+00  14 7.34581e-01  
 46.0 8.1336e+00  14 7.35835e-01  
 46.1 8.1060e+00  14 7.34305e-01  
 46.2 8.1941e+00  14 7.39187e-01  
 46.3 8.2321e+00  14 7.41297e-01  
 46.4 8.2925e+00  14 7.44646e-01  
 46.5 8.3370e+00  14 7.47111e-01  
 46.6 8.3622e+00  14 7.48510e-01  
 46.7 8.3891e+00  14 7.50003e-01  
 46.8 8.4152e+00  14 7.51446e-01  
 46.9 8.4468e+00  14 7.53200e-01  
 47.0 8.4675e+00  14 7.54347e-01  
 47.1 8.4933e+00  14 7.55778e-01  
 47.2 8.5194e+00  14 7.57223e-01  
 47.3 8.6014e+00  14 7.61772e-01  
 47.4 8.6574e+00  14 7.64874e-01  
 47.5 8.7112e+00  14 7.67859e-01  
 47.6 8.7530e+00  14 7.70171e-01  
 47.7 8.7982e+00  14 7.72672e-01  
 47.8 8.8396e+00  14 7.74963e-01  
 47.9 8.9112e+00  14 7.78925e-01  
 48.0 8.9360e+00  14 7.80298e-01  
 48.1 8.9728e+00  14 7.82328e-01  
 48.2 8.9964e+00  14 7.83630e-01  
 48.3 9.0302e+00  14 7.85500e-01  
 48.4 9.0523e+00  14 7.86719e-01  
 48.5 9.0815e+00  14 7.88331e-01  
 48.6 9.1172e+00  14 7.90297e-01  
 48.7 9.1940e+00  14 7.94532e-01  
 48.8 9.2543e+00  14 7.97850e-01  
 48.9 9.3156e+00  14 8.01223e-01  
 49.0 9.3638e+00  14 8.03870e-01  
 49.1 9.4149e+00  14 8.06677e-01  
 49.2 9.4561e+00  14 8.08939e-01  
 49.3 9.5276e+00  14 8.12859e-01  
 49.4 9.5784e+00  14 8.15641e-01  
 49.5 9.6109e+00  14 8.17420e-01  
 49.6 9.6442e+00  14 8.19241e-01  
 49.7 9.6777e+00  14 8.21070e-01  
 49.8 9.7036e+00  14 8.22485e-01  
 49.9 9.7388e+00  14 8.24405e-01  
 50.0 9.7687e+00  14 8.26036e-01  
 50.1 9.8129e+00  14 8.28448e-01  
 50.2 9.8687e+00  14 8.31486e-01  
 50.3 9.9449e+00  14 8.35628e-01  
 50.4 1.0018e+01  14 8.39589e-01  
 50.5 1.0073e+01  14 8.42559e-01  
 50.6 1.0121e+01  14 8.45176e-01  
 50.7 1.0168e+01  14 8.47720e-01  
 50.8 1.0241e+01  14 8.51653e-01  
 50.9 1.0282e+01  14 8.53880e-01  
 51.0 1.0338e+01  14 8.56879e-01  
 51.1 1.0374e+01  14 8.58858e-01  
 51.2 1.0392e+01  14 8.59834e-01  
 51.3 1.0443e+01  14 8.62574e-01  
 51.4 1.0480e+01  14 8.64526e-01  
 51.5 1.0511e+01  14 8.66218e-01  
 51.6 1.0563e+01  14 8.68975e-01  
 51.7 1.0608e+01  14 8.71384e-01  
 51.8 1.0706e+01  14 8.76650e-01  
 51.9 1.0771e+01  14 8.80138e-01  
 52.0 1.0834e+01  14 8.83461e-01  
 52.1 1.0892e+01  14 8.86582e-01  
 52.2 1.0949e+01  14 8.89593e-01  
 52.3 1.0988e+01  14 8.91668e-01  
 52.4 1.1074e+01  14 8.96230e-01  
 52.5 1.1122e+01  14 8.98752e-01  
 52.6 1.1171e+01  14 9.01372e-01  
 52.7 1.1211e+01  14 9.03475e-01  
 52.8 1.1255e+01  14 9.05798e-01  
 52.9 1.1277e+01  14 9.06959e-01  
 53.0 1.1321e+01  14 9.09240e-01  
 53.1 1.1371e+01  14 9.11888e-01  
 53.2 1.1425e+01  14 9.14755e-01  
 53.3 1.1487e+01  14 9.17983e-01  
 53.4 1.1550e+01  14 9.21287e-01  
 53.5 1.1624e+01  14 9.25175e-01  
 53.6 1.1708e+01  14 9.29555e-01  
 53.7 1.1779e+01  14 9.33235e-01  
 53.8 1.1823e+01  14 9.35528e-01  
 53.9 1.1886e+01  14 9.38822e-01  
 54.0 1.1936e+01  14 9.41409e-01  
 54.1 1.2031e+01  14 9.46309e-01  
 54.2 1.2068e+01  14 9.48207e-01  
 54.3 1.2128e+01  14 9.51327e-01  
 54.4 1.2161e+01  14 9.53035e-01  
 54.5 1.2213e+01  14 9.55722e-01  
 54.6 1.2254e+01  14 9.57816e-01  
 54.7 1.2285e+01  14 9.59397e-01  
 54.8 1.2336e+01  14 9.62018e-01  
 54.9 1.2430e+01  14 9.66855e-01  
 55.0 1.2489e+01  14 9.69854e-01  
 55.1 1.2586e+01  14 9.74811e-01  
 55.2 1.2664e+01  14 9.78813e-01  
 55.3 1.2730e+01  14 9.82150e-01  
 55.4 1.2788e+01  14 9.85094e-01  
 55.5 1.2855e+01  14 9.88493e-01  
 55.6 1.2925e+01  14 9.92055e-01  
 55.7 1.2981e+01  14 9.94884e-01  
 55.8 1.3077e+01  14 9.99704e-01  
 55.9 1.3104e+01  14 1.00000e+00  
 56.0 1.3117e+01  14 1.00000e+00  
 56.1 1.3138e+01  14 1.00000e+00  
 56.2 1.3153e+01  14 1.00000e+00  
 56.3 1.3169e+01  14 1.00000e+00  
 56.4 1.3189e+01  14 1.00000e+00  
 56.5 1.3210e+01  14 1.00000e+00  
 56.6 1.3240e+01  14 1.00000e+00  
 56.7 1.3261e+01  14 1.00000e+00  
 56.8 1.3302e+01  14 1.00000e+00  
 56.9 1.3325e+01  14 1.00000e+00  
 57.0 1.3362e+01  14 1.00000e+00  
 57.1 1.3386e+01  14 1.00000e+00  
 57.2 1.3413e+01  14 1.00000e+00  
 57.3 1.3432e+01  14 1.00000e+00  
 57.4 1.3457e+01  14 1.00000e+00  
 57.5 1.3499e+01  14 1.00000e+00  
 57.6 1.3504e+01  14 1.00000e+00  
 57.7 1.3539e+01  14 1.00000e+00  
 57.8 1.3546e+01  14 1.00000e+00  
 57.9 1.3575e+01  14 1.00000e+00  
 58.0 1.3591e+01  14 1.00000e+00  
 58.1 1.3609e+01  14 1.00000e+00  
 58.2 1.3623e+01  14 1.00000e+00  
 58.3 1.3645e+01  14 1.00000e+00  
 58.4 1.3679e+01  14 1.00000e+00  
 58.5 1.3713e+01  14 1.00000e+00  
 58.6 1.3728e+01  14 1.00000e+00  
 58.7 1.3766e+01  14 1.00000e+00  
 58.8 1.3805e+01  14 1.00000e+00  
 58.9 1.3832e+01  14 1.00000e+00  
 59.0 1.3859e+01  14 1.00000e+00  
 59.1 1.3883e+01  14 1.00000e+00  
 59.2 1.3896e+01  14 1.00000e+00  
 59.3 1.3917e+01  14 1.00000e+00  
 59.4 1.3962e+01  14 1.00000e+00  
 59.5 1.3976e+01  14 1.00000e+00  
 59.6 1.4001e+01  14 1.00000e+00  
 59.7 1.4015e+01  14 1.00000e+00  
 59.8 1.4026e+01  14 1.00000e+00  
 59.9 1.4050e+01  14 1.00000e+00  
 60.0 1.4071e+01  14 1.00000e+00  
 60.1 1.4089e+01  14 1.00000e+00  
 60.2 1.4129e+01  14 1.00000e+00  
 60.3 1.4158e+01  14 1.00000e+00  
 60.4 1.4186e+01  14 1.00000e+00  
 60.5 1.4210e+01  14 1.00000e+00  
 60.6 1.4243e+01  14 1.00000e+00  
 60.7 1.4275e+01  14 1.00000e+00  
 60.8 1.4297e+01  14 1.00000e+00  
 60.9 1.4324e+01  14 1.00000e+00  
 61.0 1.4355e+01  14 1.00000e+00  
 61.1 1.4370e+01  14 1.00000e+00  
 61.2 1.4399e+01  14 1.00000e+00  
 61.3 1.4435e+01  14 1.00000e+00  
 61.4 1.4452e+01  14 1.00000e+00  
 61.5 1.4474e+01  14 1.00000e+00  
 61.6 1.4486e+01  14 1.00000e+00  
 61.7 1.4514e+01  14 1.00000e+00  
 61.8 1.4520e+01  14 1.00000e+00  
 61.9 1.4549e+01  14 1.00000e+00  
 62.0 1.4570e+01  14 1.00000e+00  
 62.1 1.4601e+01  14 1.00000e+00  
 62.2 1.4635e+01  14 1.00000e+00  
 62.3 1.4662e+01  14 1.00000e+00  
 62.4 1.4689e+01  14 1.00000e+00  
 62.5 1.4722e+01  14 1.00000e+00  
 62.6 1.4754e+01  14 1.00000e+00  
 62.7 1.4774e+01  14 1.00000e+00  
 62.8 1.4807e+01  14 1.00000e+00  
 62.9 1.4827e+01  14 1.00000e+00  
 63.0 1.4855e+01  14 1.00000e+00  
 63.1 1.4878e+01  14 1.00000e+00  
 63.2 1.4899e+01  14 1.00000e+00  
 63.3 1.4928e+01  14 1.00000e+00  
 63.4 1.4961e+01  14 1.00000e+00  
 63.5 1.4977e+01  14 1.00000e+00  
 63.6 1.4996e+01  14 1.00000e+00  
 63.7 1.5014e+01  14 1.00000e+00  
 63.8 1.5033e+01  14 1.00000e+00  
 63.9 1.5047e+01  14 1.00000e+00  
 64.0 1.5078e+01  14 1.00000e+00  
 64.1 1.5106e+01  14 1.00000e+00  
 64.2 1.5141e+01  14 1.00000e+00  
 64.3 1.5165e+01  14 1.00000e+00  
 64.4 1.5196e+01  14 1.00000e+00  
 64.5 1.5219e+01  14 1.00000e+00  
 64.6 1.5248e+01  14 1.00000e+00  
 64.7 1.5279e+01  14 1.00000e+00  
 64.8 1.5317e+01  14 1.00000e+00  
 64.9 1.5343e+01  14 1.00000e+00  
 65.0 1.5364e+01  14 1.00000e+00  
 65.1 1.5389e+01  14 1.00000e+00  
 65.2 1.5411e+01  14 1.00000e+00  
 65.3 1.5432e+01  14 1.00000e+00  
 65.4 1.5466e+01  14 1.00000e+00  
 65.5 1.5493e+01  14 1.00000e+00  
 65.6 1.5507e+01  14 1.00000e+00  
 65.7 1.5527e+01  14 1.00000e+00  
 65.8 1.5548e+01  14 1.00000e+00  
 65.9 1.5568e+01  14 1.00000e+00  
 66.0 1.5584e+01  14 1.00000e+00  
 66.1 1.5617e+01  14 1.00000e+00  
 66.2 1.5643e+01  14 1.00000e+00  
 66.3 1.5678e+01  14 1.00000e+00  
 66.4 1.5696e+01  14 1.00000e+00  
 66.5 1.5731e+01  14 1.00000e+00  
 66.6 1.5750e+01  14 1.00000e+00  
 66.7 1.5798e+01  14 1.00000e+00  
 66.8 1.5827e+01  14 1.00000e+00  
 66.9 1.5848e+01  14 1.00000e+00  
 67.0 1.5871e+01  14 1.00000e+00  
 67.1 1.5907e+01  14 1.00000e+00  
 67.2 1.5929e+01  14 1.00000e+00  
 67.3 1.5951e+01  14 1.00000e+00  
 67.4 1.5973e+01  14 1.00000e+00  
 67.5 1.5999e+01  14 1.00000e+00  
 67.6 1.6038e+01  14 1.00000e+00  
 67.7 1.6041e+01  14 1.00000e+00  
 67.8 1.6065e+01  14 1.00000e+00  
 67.9 1.6089e+01  14 1.00000e+00  
 68.0 1.6109e+01  14 1.00000e+00  
 68.1 1.6122e+01  14 1.00000e+00  
 68.2 1.6146e+01  14 1.00000e+00  
 68.3 1.6174e+01  14 1.00000e+00  
 68.4 1.6217e+01  14 1.00000e+00  
 68.5 1.6248e+01  14 1.00000e+00  
 68.6 1.6277e+01  14 1.00000e+00  
 68.7 1.6304e+01  14 1.00000e+00  
 68.8 1.6330e+01  14 1.00000e+00  
 68.9 1.6363e+01  14 1.00000e+00  
 69.0 1.6396e+01  14 1.00000e+00  
 69.1 1.6421e+01  14 1.00000e+00  
 69.2 1.6454e+01  14 1.00000e+00  
 69.3 1.6473e+01  14 1.00000e+00  
 69.4 1.6503e+01  14 1.00000e+00  
 69.5 1.6525e+01  14 1.00000e+00  
 69.6 1.6546e+01  14 1.00000e+00  
 69.7 1.6556e+01  14 1.00000e+00  
 69.8 1.6609e+01  14 1.00000e+00  
 69.9 1.6627e+01  14 1.00000e+00  
 70.0 1.6645e+01  14 1.00000e+00  
 70.1 1.6654e+01  14 1.00000e+00  
 70.2 1.6682e+01  14 1.00000e+00  
 70.3 1.6701e+01  14 1.00000e+00  
 70.4 1.6720e+01  14 1.00000e+00  
 70.5 1.6753e+01  14 1.00000e+00  
 70.6 1.6785e+01  14 1.00000e+00  
 70.7 1.6820e+01  14 1.00000e+00  
 70.8 1.6849e+01  14 1.00000e+00  
 70.9 1.6872e+01  14 1.00000e+00  
 71.0 1.6902e+01  14 1.00000e+00  
 71.1 1.6926e+01  14 1.00000e+00  
 71.2 1.6963e+01  14 1.00000e+00  
 71.3 1.6994e+01  14 1.00000e+00  
 71.4 1.7022e+01  14 1.00000e+00  
 71.5 1.7049e+01  14 1.00000e+00  
 71.6 1.7072e+01  14 1.00000e+00  
 71.7 1.7095e+01  14 1.00000e+00  
 71.8 1.7115e+01  14 1.00000e+00  
 71.9 1.7136e+01  14 1.00000e+00  
 72.0 1.7156e+01  14 1.00000e+00  
 72.1 1.7189e+01  14 1.00000e+00  
 72.2 1.7221e+01  14 1.00000e+00  
 72.3 1.7233e+01  14 1.00000e+00  
 72.4 1.7251e+01  14 1.00000e+00  
 72.5 1.7274e+01  14 1.00000e+00  
 72.6 1.7284e+01  14 1.00000e+00  
 72.7 1.7310e+01  14 1.00000e+00  
 72.8 1.7328e+01  14 1.00000e+00  
 72.9 1.7361e+01  14 1.00000e+00  
 73.0 1.7397e+01  14 1.00000e+00  
 73.1 1.7423e+01  14 1.00000e+00  
 73.2 1.7450e+01  14 1.00000e+00  
 73.3 1.7486e+01  14 1.00000e+00  
 73.4 1.7504e+01  14 1.00000e+00  
 73.5 1.7535e+01  14 1.00000e+00  
 73.6 1.7572e+01  14 1.00000e+00  
 73.7 1.7600e+01  14 1.00000e+00  
 73.8 1.7633e+01  14 1.00000e+00  
 73.9 1.7659e+01  14 1.00000e+00  
 74.0 1.7684e+01  14 1.00000e+00  
 74.1 1.7693e+01  14 1.00000e+00  
 74.2 1.7719e+01  14 1.00000e+00  
 74.3 1.7738e+01  14 1.00000e+00  
 74.4 1.7759e+01  14 1.00000e+00  
 74.5 1.7780e+01  14 1.00000e+00  
 74.6 1.7814e+01  14 1.00000e+00  
 74.7 1.7849e+01  14 1.00000e+00  
 74.8 1.7858e+01  14 1.00000e+00  
 74.9 1.7883e+01  14 1.00000e+00  
 75.0 1.7890e+01  14 1.00000e+00  
 75.1 1.7921e+01  14 1.00000e+00  
 75.2 1.7937e+01  14 1.00000e+00  
 75.3 1.7966e+01  14 1.00000e+00  
 75.4 1.7996e+01  14 1.00000e+00  
 75.5 1.8034e+01  14 1.00000e+00  
 75.6 1.8065e+01  14 1.00000e+00  
 75.7 1.8095e+01  14 1.00000e+00  
 75.8 1.8117e+01  14 1.00000e+00  
 75.9 1.8150e+01  14 1.00000e+00  
 76.0 1.8176e+01  14 1.00000e+00  
 76.1 1.8193e+01  14 1.00000e+00  
 76.2 1.8238e+01  14 1.00000e+00  
 76.3 1.8247e+01  14 1.00000e+00  
 76.4 1.8276e+01  14 1.00000e+00  
 76.5 1.8301e+01  14 1.00000e+00  
 76.6 1.8350e+01  14 1.00000e+00  
 76.7 1.8365e+01  14 1.00000e+00  
 76.8 1.8382e+01  14 1.00000e+00  
 76.9 1.8399e+01  14 1.00000e+00  
 77.0 1.8422e+01  14 1.00000e+00  
 77.1 1.8442e+01  14 1.00000e+00  
 77.2 1.8505e+01  14 1.00000e+00  
 77.3 1.8515e+01  14 1.00000e+00  
 77.4 1.8535e+01  14 1.00000e+00  
 77.5 1.8549e+01  14 1.00000e+00  
 77.6 1.8566e+01  14 1.00000e+00  
 77.7 1.8578e+01  14 1.00000e+00  
 77.8 1.8596e+01  14 1.00000e+00  
 77.9 1.8641e+01  14 1.00000e+00  
 78.0 1.8666e+01  14 1.00000e+00  
 78.1 1.8707e+01  14 1.00000e+00  
 78.2 1.8738e+01  14 1.00000e+00  
 78.3 1.8762e+01  14 1.00000e+00  
 78.4 1.8798e+01  14 1.00000e+00  
 78.5 1.8815e+01  14 1.00000e+00  
 78.6 1.8841e+01  14 1.00000e+00  
 78.7 1.8876e+01  14 1.00000e+00  
 78.8 1.8918e+01  14 1.00000e+00  
 78.9 1.8918e+01  14 1.00000e+00  
 79.0 1.8948e+01  14 1.00000e+00  
 79.1 1.8973e+01  14 1.00000e+00  
 79.2 1.8994e+01  14 1.00000e+00  
 79.3 1.9047e+01  14 1.00000e+00  
 79.4 1.9071e+01  14 1.00000e+00  
 79.5 1.9091e+01  14 1.00000e+00  
 79.6 1.9110e+01  14 1.00000e+00  
 79.7 1.9131e+01  14 1.00000e+00  
 79.8 1.9152e+01  14 1.00000e+00  
 79.9 1.9202e+01  14 1.00000e+00  
 80.0 1.9216e+01  14 1.00000e+00  
 80.1 1.9225e+01  14 1.00000e+00  
 80.2 1.9251e+01  14 1.00000e+00  
 80.3 1.9272e+01  14 1.00000e+00  
 80.4 1.9288e+01  14 1.00000e+00  
 80.5 1.9307e+01  14 1.00000e+00  
 80.6 1.9332e+01  14 1.00000e+00  
 80.7 1.9374e+01  14 1.00000e+00  
 80.8 1.9399e+01  14 1.00000e+00  
 80.9 1.9434e+01  14 1.00000e+00  
 81.0 1.9461e+01  14 1.00000e+00  
 81.1 1.9502e+01  14 1.00000e+00  
 81.2 1.9531e+01  14 1.00000e+00  
 81.3 1.9560e+01  14 1.00000e+00  
 81.4 1.9586e+01  14 1.00000e+00  
 81.5 1.9607e+01  14 1.00000e+00  
 81.6 1.9612e+01  14 1.00000e+00  
 81.7 1.9646e+01  14 1.00000e+00  
 81.8 1.9671e+01  14 1.00000e+00  
 81.9 1.9697e+01  14 1.00000e+00  
 82.0 1.9719e+01  14 1.00000e+00  
 82.1 1.9753e+01  14 1.00000e+00  
 82.2 1.9802e+01  14 1.00000e+00  
 82.3 1.9822e+01  14 1.00000e+00  
 82.4 1.9841e+01  14 1.00000e+00  
 82.5 1.9862e+01  14 1.00000e+00  
 82.6 1.9884e+01  14 1.00000e+00  
 82.7 1.9936e+01  14 1.00000e+00  
 82.8 1.9949e+01  14 1.00000e+00  
 82.9 1.9962e+01  14 1.00000e+00  
 83.0 1.9977e+01  14 1.00000e+00  
 83.1 2.0006e+01  14 1.00000e+00  
 83.2 2.0026e+01  14 1.00000e+00  
 83.3 2.0046e+01  14 1.00000e+00  
 83.4 2.0075e+01  14 1.00000e+00  
 83.5 2.0113e+01  14 1.00000e+00  
 83.6 2.0141e+01  14 1.00000e+00  
 83.7 2.0176e+01  14 1.00000e+00  
 83.8 2.0208e+01  14 1.00000e+00  
 83.9 2.0236e+01  14 1.00000e+00  
 84.0 2.0278e+01  14 1.00000e+00  
 84.1 2.0299e+01  14 1.00000e+00  
 84.2 2.0330e+01  14 1.00000e+00  
 84.3 2.0350e+01  14 1.00000e+00  
 84.4 2.0385e+01  14 1.00000e+00  
 84.5 2.0391e+01  14 1.00000e+00  
 84.6 2.0419e+01  14 1.00000e+00  
 84.7 2.0446e+01  14 1.00000e+00  
 84.8 2.0472e+01  14 1.00000e+00  
 84.9 2.0497e+01  14 1.00000e+00  
 85.0 2.0519e+01  14 1.00000e+00  
 85.1 2.0583e+01  14 1.00000e+00  
 85.2 2.0596e+01  14 1.00000e+00  
 85.3 2.0615e+01  14 1.00000e+00  
 85.4 2.0629e+01  14 1.00000e+00  
 85.5 2.0649e+01  14 1.00000e+00  
 85.6 2.0675e+01  14 1.00000e+00  
 85.7 2.0730e+01  14 1.00000e+00  
 85.8 2.0735e+01  14 1.00000e+00  
 85.9 2.0761e+01  14 1.00000e+00  
 86.0 2.0782e+01  14 1.00000e+00  
 86.1 2.0802e+01  14 1.00000e+00  
 86.2 2.0822e+01  14 1.00000e+00  
 86.3 2.0841e+01  14 1.00000e+00  
 86.4 2.0872e+01  14 1.00000e+00  
 86.5 2.0913e+01  14 1.00000e+00  
 86.6 2.0947e+01  14 1.00000e+00  
 86.7 2.0980e+01  14 1.00000e+00  
 86.8 2.1015e+01  14 1.00000e+00  
 86.9 2.1049e+01  14 1.00000e+00  
 87.0 2.1077e+01  14 1.00000e+00  
 87.1 2.1112e+01  14 1.00000e+00  
 87.2 2.1103e+01  14 1.00000e+00  
 87.3 2.1166e+01  14 1.00000e+00  
 87.4 2.1186e+01  14 1.00000e+00  
 87.5 2.1189e+01  14 1.00000e+00  
 87.6 2.1217e+01  14 1.00000e+00  
 87.7 2.1244e+01  14 1.00000e+00  
 87.8 2.1271e+01  14 1.00000e+00  
 87.9 2.1298e+01  14 1.00000e+00  
 88.0 2.1324e+01  14 1.00000e+00  
 88.1 2.1344e+01  14 1.00000e+00  
 88.2 2.1410e+01  14 1.00000e+00  
 88.3 2.1430e+01  14 1.00000e+00  
 88.4 2.1449e+01  14 1.00000e+00  
 88.5 2.1469e+01  14 1.00000e+00  
 88.6 2.1486e+01  14 1.00000e+00  
 88.7 2.1500e+01  14 1.00000e+00  
 88.8 2.1553e+01  14 1.00000e+00  
 88.9 2.1578e+01  14 1.00000e+00  
 89.0 2.1597e+01  14 1.00000e+00  
 89.1 2.1618e+01  14 1.00000e+00  
 89.2 2.1639e+01  14 1.00000e+00  
 89.3 2.1659e+01  14 1.00000e+00  
 89.4 2.1680e+01  14 1.00000e+00  
 89.5 2.1705e+01  14 1.00000e+00  
 89.6 2.1753e+01  14 1.00000e+00  
 89.7 2.1788e+01  14 1.00000e+00  
 89.8 2.1823e+01  14 1.00000e+00  
 89.9 2.1860e+01  14 1.00000e+00  
 90.0 2.1897e+01  14 1.00000e+00  
 90.1 2.1928e+01  14 1.00000e+00  
 90.2 2.1912e+01  14 1.00000e+00  
 90.3 2.1946e+01  14 1.00000e+00  
 90.4 2.1975e+01  14 1.00000e+00  
 90.5 2.1999e+01  14 1.00000e+00  
 90.6 2.2019e+01  14 1.00000e+00  
 90.7 2.2085e+01  14 1.00000e+00  
 90.8 2.2085e+01  14 1.00000e+00  
 90.9 2.2105e+01  14 1.00000e+00  
 91.0 2.2135e+01  14 1.00000e+00  
 91.1 2.2167e+01  14 1.00000e+00  
 91.2 2.2194e+01  14 1.00000e+00  
 91.3 2.2217e+01  14 1.00000e+00  
 91.4 2.2231e+01  14 1.00000e+00  
 91.5 2.2305e+01  14 1.00000e+00  
 91.6 2.2322e+01  14 1.00000e+00  
 91.7 2.2329e+01  14 1.00000e+00  
 91.8 2.2356e+01  14 1.00000e+00  
 91.9 2.2384e+01  14 1.00000e+00  
 92.0 2.2443e+01  14 1.00000e+00  
 92.1 2.2452e+01  14 1.00000e+00  
 92.2 2.2461e+01  14 1.00000e+00  
 92.3 2.2481e+01  14 1.00000e+00  
 92.4 2.2506e+01  14 1.00000e+00  
 92.5 2.2529e+01  14 1.00000e+00  
 92.6 2.2552e+01  14 1.00000e+00  
 92.7 2.2575e+01  14 1.00000e+00  
 92.8 2.2620e+01  14 1.00000e+00  
 92.9 2.2657e+01  14 1.00000e+00  
 93.0 2.2691e+01  14 1.00000e+00  
 93.1 2.2728e+01  14 1.00000e+00  
 93.2 2.2766e+01  14 1.00000e+00  
 93.3 2.2804e+01  14 1.00000e+00  
 93.4 2.2785e+01  14 1.00000e+00  
 93.5 2.2823e+01  14 1.00000e+00  
 93.6 2.2855e+01  14 1.00000e+00  
 93.7 2.2884e+01  14 1.00000e+00  
 93.8 2.2912e+01  14 1.00000e+00  
 93.9 2.2937e+01  14 1.00000e+00  
 94.0 2.2957e+01  14 1.00000e+00  
 94.1 2.2986e+01  14 1.00000e+00  
 94.2 2.3015e+01  14 1.00000e+00  
 94.3 2.3043e+01  14 1.00000e+00  
 94.4 2.3069e+01  14 1.00000e+00  
 94.5 2.3109e+01  14 1.00000e+00  
 94.6 2.3136e+01  14 1.00000e+00  
 94.7 2.3161e+01  14 1.00000e+00  
 94.8 2.3113e+01  14 1.00000e+00  
 94.9 2.3137e+01  14 1.00000e+00  
 95.0 2.3158e+01  14 1.00000e+00  
 95.1 2.2941e+01  14 1.00000e+00  
 95.2 2.2880e+01  14 1.00000e+00  
 95.3 2.3328e+01  14 1.00000e+00  
 95.4 2.3335e+01  14 1.00000e+00  
 95.5 2.3392e+01  14 1.00000e+00  
 95.6 2.3420e+01  14 1.00000e+00  
 95.7 2.3439e+01  14 1.00000e+00  
 95.8 2.3461e+01  14 1.00000e+00  
 95.9 2.3482e+01  14 1.00000e+00  
 96.0 2.3499e+01  14 1.00000e+00  
 96.1 2.3512e+01  14 1.00000e+00  
 96.2 2.3551e+01  14 1.00000e+00  
 96.3 2.3595e+01  14 1.00000e+00  
 96.4 2.3631e+01  14 1.00000e+00  
 96.5 2.3668e+01  14 1.00000e+00  
 96.6 2.3708e+01  14 1.00000e+00  
 96.7 2.3711e+01  14 1.00000e+00  
 96.8 2.3729e+01  14 1.00000e+00  
 96.9 2.3769e+01  14 1.00000e+00  
 97.0 2.3802e+01  14 1.00000e+00  
 97.1 2.3831e+01  14 1.00000e+00  
 97.2 2.3860e+01  14 1.00000e+00  
 97.3 2.3888e+01  14 1.00000e+00  
 97.4 2.3915e+01  14 1.00000e+00  
 97.5 2.3942e+01  14 1.00000e+00  
 97.6 2.3963e+01  14 1.00000e+00  
 97.7 2.3992e+01  14 1.00000e+00  
 97.8 2.4022e+01  14 1.00000e+00  
 97.9 2.4046e+01  14 1.00000e+00  
 98.0 2.4081e+01  14 1.00000e+00  
 98.1 2.4115e+01  14 1.00000e+00  
 98.2 2.4142e+01  14 1.00000e+00  
 98.3 2.4166e+01  14 1.00000e+00  
 98.4 2.4177e+01  14 1.00000e+00  
 98.5 2.4136e+01  14 1.00000e+00  
 98.6 2.3956e+01  14 1.00000e+00  
 98.7 2.3964e+01  14 1.00000e+00  
 98.8 2.3978e+01  14 1.00000e+00  
 98.9 2.3912e+01  14 1.00000e+00  
 99.0 2.3928e+01  14 1.00000e+00  
 99.1 2.3719e+01  14 1.00000e+00  
 99.2 2.3724e+01  14 1.00000e+00  
 99.3 2.3730e+01  14 1.00000e+00  
 99.4 2.3685e+01  14 1.00000e+00  
 99.5 2.3688e+01  14 1.00000e+00  
 99.6 2.3468e+01  14 1.00000e+00  
 99.7 2.3480e+01  14 1.00000e+00  
 99.8 2.3421e+01  14 1.00000e+00  
 99.9 2.1450e+01  14 1.00000e+00  
100.0 2.1453e+01  14 1.00000e+00  
100.1 2.1471e+01  14 1.00000e+00  
100.2 2.1194e+01  14 1.00000e+00  
100.3 2.1206e+01  14 1.00000e+00  
100.4 2.1218e+01  14 1.00000e+00  
100.5 2.1229e+01  14 1.00000e+00  
100.6 2.1239e+01  14 1.00000e+00  
100.7 2.4850e+01  14 1.00000e+00  
100.8 2.4880e+01  14 1.00000e+00  
100.9 2.4909e+01  14 1.00000e+00  
101.0 2.4938e+01  14 1.00000e+00  
101.1 2.4967e+01  14 1.00000e+00  
101.2 2.4995e+01  14 1.00000e+00  
101.3 2.5022e+01  14 1.00000e+00  
101.4 2.5051e+01  14 1.00000e+00  
101.5 2.5083e+01  14 1.00000e+00  
101.6 2.5104e+01  14 1.00000e+00  
101.7 2.5125e+01  14 1.00000e+00  
101.8 2.5166e+01  14 1.00000e+00  
101.9 2.5193e+01  14 1.00000e+00  
102.0 2.5219e+01  14 1.00000e+00  
102.1 2.5097e+01  14 1.00000e+00  
102.2 2.5039e+01  14 1.00000e+00  
102.3 2.5022e+01  14 1.00000e+00  
102.4 2.5034e+01  14 1.00000e+00  
102.5 2.4871e+01  14 1.00000e+00  
102.6 2.4810e+01  14 1.00000e+00  
102.7 2.4779e+01  14 1.00000e+00  
102.8 2.4782e+01  14 1.00000e+00  
102.9 2.4783e+01  14 1.00000e+00  
103.0 2.4783e+01  14 1.00000e+00  
103.1 2.4507e+01  14 1.00000e+00  
103.2 2.4507e+01  14 1.00000e+00  
103.3 2.4507e+01  14 1.00000e+00  
103.4 2.4507e+01  14 1.00000e+00  
103.5 2.4507e+01  14 1.00000e+00  
103.6 2.4232e+01  14 1.00000e+00  
103.7 2.4282e+01  14 1.00000e+00  
103.8 2.4282e+01  14 1.00000e+00  
103.9 2.4282e+01  14 1.00000e+00  
104.0 2.4287e+01  14 1.00000e+00  
104.1 2.4177e+01  14 1.00000e+00  
104.2 2.3991e+01  14 1.00000e+00  
104.3 2.1214e+01  14 1.00000e+00  
104.4 2.1226e+01  14 1.00000e+00  
104.5 2.1242e+01  14 1.00000e+00  
104.6 2.1253e+01  14 1.00000e+00  
104.7 2.1264e+01  14 1.00000e+00  
104.8 2.1275e+01  14 1.00000e+00  
104.9 2.1262e+01  14 1.00000e+00  
105.0 2.1271e+01  14 1.00000e+00  
105.1 2.1276e+01  14 1.00000e+00  
105.2 2.1285e+01  14 1.00000e+00  
105.3 2.1293e+01  14 1.00000e+00  
105.4 2.1302e+01  14 1.00000e+00  
105.5 2.1306e+01  14 1.00000e+00  
105.6 2.1314e+01  14 1.00000e+00  
105.7 2.1322e+01  14 1.00000e+00  
105.8 2.6148e+01  14 1.00000e+00  
105.9 2.6073e+01  14 1.00000e+00  
106.0 2.6018e+01  14 1.00000e+00  
106.1 2.5964e+01  14 1.00000e+00  
106.2 2.5896e+01  14 1.00000e+00  
106.3 2.5832e+01  14 1.00000e+00  
106.4 2.5778e+01  14 1.00000e+00  
106.5 2.5705e+01  14 1.00000e+00  
106.6 2.5618e+01  14 1.00000e+00  
106.7 2.5586e+01  14 1.00000e+00  
106.8 2.5525e+01  14 1.00000e+00  
106.9 2.5546e+01  14 1.00000e+00  
107.0 2.5451e+01  14 1.00000e+00  
107.1 2.5406e+01  14 1.00000e+00  
107.2 2.5355e+01  14 1.00000e+00  
107.3 2.5283e+01  14 1.00000e+00  
107.4 2.5277e+01  14 1.00000e+00  
107.5 2.5278e+01  14 1.00000e+00  
107.6 2.5116e+01  14 1.00000e+00  
107.7 2.5070e+01  14 1.00000e+00  
107.8 2.5013e+01  14 1.00000e+00  
107.9 2.5013e+01  14 1.00000e+00  
108.0 2.5014e+01  14 1.00000e+00  
108.1 2.5014e+01  14 1.00000e+00  
108.2 2.4783e+01  14 1.00000e+00  
108.3 2.4729e+01  14 1.00000e+00  
108.4 2.4733e+01  14 1.00000e+00  
108.5 2.4734e+01  14 1.00000e+00  
108.6 2.1282e+01  14 1.00000e+00  
108.7 2.1290e+01  14 1.00000e+00  
108.8 2.1301e+01  14 1.00000e+00  
108.9 2.1251e+01  14 1.00000e+00  
109.0 2.1262e+01  14 1.00000e+00  
109.1 2.1272e+01  14 1.00000e+00  
109.2 2.1282e+01  14 1.00000e+00  
109.3 2.1288e+01  14 1.00000e+00  
109.4 2.1297e+01  14 1.00000e+00  
109.5 2.1306e+01  14 1.00000e+00  
109.6 2.1314e+01  14 1.00000e+00  
109.7 2.1322e+01  14 1.00000e+00  
109.8 2.1308e+01  14 1.00000e+00  
109.9 2.1316e+01  14 1.00000e+00  
110.0 2.1320e+01  14 1.00000e+00  
110.1 2.1327e+01  14 1.00000e+00  
110.2 2.1333e+01  14 1.00000e+00  
110.3 2.1339e+01  14 1.00000e+00  
110.4 2.1345e+01  14 1.00000e+00  
110.5 2.1296e+01  14 1.00000e+00  
110.6 2.1306e+01  14 1.00000e+00  
110.7 2.1316e+01  14 1.00000e+00  
110.8 2.1325e+01  14 1.00000e+00  
110.9 2.1331e+01  14 1.00000e+00  
111.0 2.1338e+01  14 1.00000e+00  
111.1 2.1344e+01  14 1.00000e+00  
111.2 2.1345e+01  14 1.00000e+00  
111.3 2.1349e+01  14 1.00000e+00  
111.4 2.1365e+01  14 1.00000e+00  
111.5 2.1410e+01  14 1.00000e+00  
111.6 2.1411e+01  14 1.00000e+00  
111.7 2.1424e+01  14 1.00000e+00  
111.8 2.1410e+01  14 1.00000e+00  
111.9 2.1410e+01  14 1.00000e+00  
112.0 2.1410e+01  14 1.00000e+00  
112.1 2.1431e+01  14 1.00000e+00  
112.2 2.1344e+01  14 1.00000e+00  
112.3 2.1184e+01  14 1.00000e+00  
112.4 2.1189e+01  14 1.00000e+00  
112.5 2.1209e+01  14 1.00000e+00  
112.6 2.1197e+01  14 1.00000e+00  
112.7 2.6074e+01  14 1.00000e+00  
112.8 2.6026e+01  14 1.00000e+00  
112.9 2.5968e+01  14 1.00000e+00  
113.0 2.5775e+01  14 1.00000e+00  
113.1 2.5694e+01  14 1.00000e+00  
113.2 2.5619e+01  14 1.00000e+00  
113.3 2.5617e+01  14 1.00000e+00  
113.4 2.5520e+01  14 1.00000e+00  
113.5 2.5443e+01  14 1.00000e+00  
113.6 2.5380e+01  14 1.00000e+00  
113.7 2.5307e+01  14 1.00000e+00  
113.8 2.5359e+01  14 1.00000e+00  
113.9 2.5188e+01  14 1.00000e+00  
114.0 2.5117e+01  14 1.00000e+00  
114.1 2.5063e+01  14 1.00000e+00  
114.2 2.5007e+01  14 1.00000e+00  
114.3 2.4784e+01  14 1.00000e+00  
114.4 2.1264e+01  14 1.00000e+00  
114.5 2.1272e+01  14 1.00000e+00  
114.6 2.1284e+01  14 1.00000e+00  
114.7 2.1287e+01  14 1.00000e+00  
114.8 2.1294e+01  14 1.00000e+00  
114.9 2.1301e+01  14 1.00000e+00  
115.0 2.1309e+01  14 1.00000e+00  
115.1 2.1320e+01  14 1.00000e+00  
115.2 2.1262e+01  14 1.00000e+00  
115.3 2.1272e+01  14 1.00000e+00  
115.4 2.1281e+01  14 1.00000e+00  
115.5 2.1291e+01  14 1.00000e+00  
115.6 2.1297e+01  14 1.00000e+00  
115.7 2.1306e+01  14 1.00000e+00  
115.8 2.1315e+01  14 1.00000e+00  
115.9 2.1323e+01  14 1.00000e+00  
116.0 2.1330e+01  14 1.00000e+00  
116.1 2.1337e+01  14 1.00000e+00  
116.2 2.1325e+01  14 1.00000e+00  
116.3 2.1332e+01  14 1.00000e+00  
116.4 2.1338e+01  14 1.00000e+00  
116.5 2.1340e+01  14 1.00000e+00  
116.6 2.1345e+01  14 1.00000e+00  
116.7 2.1348e+01  14 1.00000e+00  
116.8 2.1365e+01  14 1.00000e+00  
116.9 2.1410e+01  14 1.00000e+00  
117.0 2.1322e+01  14 1.00000e+00  
117.1 2.1330e+01  14 1.00000e+00  
117.2 2.1338e+01  14 1.00000e+00  
117.3 2.1343e+01  14 1.00000e+00  
117.4 2.1345e+01  14 1.00000e+00  
117.5 2.1348e+01  14 1.00000e+00  
117.6 2.1365e+01  14 1.00000e+00  
117.7 2.1365e+01  14 1.00000e+00  
117.8 2.1409e+01  14 1.00000e+00  
117.9 2.1410e+01  14 1.00000e+00  
118.0 2.1409e+01  14 1.00000e+00  
118.1 2.1417e+01  14 1.00000e+00  
118.2 2.1410e+01  14 1.00000e+00  
118.3 2.1410e+01  14 1.00000e+00  
118.4 2.1412e+01  14 1.00000e+00  
118.5 2.1417e+01  14 1.00000e+00  
118.6 2.1336e+01  14 1.00000e+00  
118.7 2.1339e+01  14 1.00000e+00  
118.8 2.1344e+01  14 1.00000e+00  
118.9 2.5945e+01  14 1.00000e+00  
119.0 2.5865e+01  14 1.00000e+00  
119.1 2.5835e+01  14 1.00000e+00  
119.2 2.5739e+01  14 1.00000e+00  
119.3 2.5650e+01  14 1.00000e+00  
119.4 2.5588e+01  14 1.00000e+00  
119.5 2.5553e+01  14 1.00000e+00  
119.6 2.5507e+01  14 1.00000e+00  
119.7 2.5423e+01  14 1.00000e+00  
119.8 2.5382e+01  14 1.00000e+00  
119.9 2.5304e+01  14 1.00000e+00  
120.0 2.5281e+01  14 1.00000e+00  
120.1 2.5059e+01  14 1.00000e+00  
120.2 2.5000e+01  14 1.00000e+00  
120.3 2.4942e+01  14 1.00000e+00  
120.4 2.4958e+01  14 1.00000e+00  
120.5 2.4956e+01  14 1.00000e+00  
120.6 2.4952e+01  14 1.00000e+00  
120.7 2.1214e+01  14 1.00000e+00  
120.8 2.1222e+01  14 1.00000e+00  
120.9 2.1230e+01  14 1.00000e+00  
121.0 2.1241e+01  14 1.00000e+00  
121.1 2.1248e+01  14 1.00000e+00  
121.2 2.1247e+01  14 1.00000e+00  
121.3 2.1258e+01  14 1.00000e+00  
121.4 2.1267e+01  14 1.00000e+00  
121.5 2.1206e+01  14 1.00000e+00  
121.6 2.1215e+01  14 1.00000e+00  
121.7 2.1222e+01  14 1.00000e+00  
121.8 2.1230e+01  14 1.00000e+00  
121.9 2.1234e+01  14 1.00000e+00  
122.0 2.1222e+01  14 1.00000e+00  
122.1 2.1225e+01  14 1.00000e+00  
122.2 2.1231e+01  14 1.00000e+00  
122.3 2.1237e+01  14 1.00000e+00  
122.4 2.1244e+01  14 1.00000e+00  
122.5 2.1254e+01  14 1.00000e+00  
122.6 2.1257e+01  14 1.00000e+00  
122.7 2.1262e+01  14 1.00000e+00  
122.8 2.1267e+01  14 1.00000e+00  
122.9 2.1272e+01  14 1.00000e+00  
123.0 2.1275e+01  14 1.00000e+00  
123.1 2.1215e+01  14 1.00000e+00  
123.2 2.1220e+01  14 1.00000e+00  
123.3 2.1227e+01  14 1.00000e+00  
123.4 2.1235e+01  14 1.00000e+00  
123.5 2.1242e+01  14 1.00000e+00  
123.6 2.1246e+01  14 1.00000e+00  
123.7 2.1234e+01  14 1.00000e+00  
123.8 2.1240e+01  14 1.00000e+00  
123.9 2.1243e+01  14 1.00000e+00  
124.0 2.1249e+01  14 1.00000e+00  
124.1 2.1255e+01  14 1.00000e+00  
124.2 2.1257e+01  14 1.00000e+00  
124.3 2.1259e+01  14 1.00000e+00  
124.4 2.1266e+01  14 1.00000e+00  
124.5 2.1271e+01  14 1.00000e+00  
124.6 2.1275e+01  14 1.00000e+00  
124.7 2.1281e+01  14 1.00000e+00  
124.8 2.6088e+01  14 1.00000e+00  
124.9 2.6031e+01  14 1.00000e+00  
125.0 2.5968e+01  14 1.00000e+00  
125.1 2.5911e+01  14 1.00000e+00  
125.2 2.5845e+01  14 1.00000e+00  
125.3 2.5806e+01  14 1.00000e+00  
125.4 2.5762e+01  14 1.00000e+00  
125.5 2.5522e+01  14 1.00000e+00  
125.6 2.5441e+01  14 1.00000e+00  
125.7 2.5409e+01  14 1.00000e+00  
125.8 2.5404e+01  14 1.00000e+00  
125.9 2.5230e+01  14 1.00000e+00  
126.0 2.5165e+01  14 1.00000e+00  
126.1 2.5099e+01  14 1.00000e+00  
126.2 2.5097e+01  14 1.00000e+00  
126.3 2.5100e+01  14 1.00000e+00  
126.4 2.4907e+01  14 1.00000e+00  
126.5 2.1305e+01  14 1.00000e+00  
126.6 2.1315e+01  14 1.00000e+00  
126.7 2.1318e+01  14 1.00000e+00  
126.8 2.1322e+01  14 1.00000e+00  
126.9 2.1322e+01  14 1.00000e+00  
127.0 2.1329e+01  14 1.00000e+00  
127.1 2.1273e+01  14 1.00000e+00  
127.2 2.1279e+01  14 1.00000e+00  
127.3 2.1287e+01  14 1.00000e+00  
127.4 2.1293e+01  14 1.00000e+00  
127.5 2.1300e+01  14 1.00000e+00  
127.6 2.1303e+01  14 1.00000e+00  
127.7 2.1309e+01  14 1.00000e+00  
127.8 2.1314e+01  14 1.00000e+00  
127.9 2.1320e+01  14 1.00000e+00  
128.0 2.1325e+01  14 1.00000e+00  
128.1 2.1309e+01  14 1.00000e+00  
128.2 2.1310e+01  14 1.00000e+00  
128.3 2.1315e+01  14 1.00000e+00  
128.4 2.1319e+01  14 1.00000e+00  
128.5 2.1325e+01  14 1.00000e+00  
128.6 2.1326e+01  14 1.00000e+00  
128.7 2.1332e+01  14 1.00000e+00  
128.8 2.1277e+01  14 1.00000e+00  
128.9 2.1285e+01  14 1.00000e+00  
129.0 2.1289e+01  14 1.00000e+00  
129.1 2.1296e+01  14 1.00000e+00  
129.2 2.1296e+01  14 1.00000e+00  
129.3 2.1302e+01  14 1.00000e+00  
129.4 2.1307e+01  14 1.00000e+00  
129.5 2.1311e+01  14 1.00000e+00  
129.6 2.1294e+01  14 1.00000e+00  
129.7 2.1297e+01  14 1.00000e+00  
129.8 2.1297e+01  14 1.00000e+00  
129.9 2.1301e+01  14 1.00000e+00  
130.0 2.1300e+01  14 1.00000e+00  
130.1 2.1300e+01  14 1.00000e+00  
130.2 2.1306e+01  14 1.00000e+00  
130.3 2.6149e+01  14 1.00000e+00  
130.4 2.6067e+01  14 1.00000e+00  
130.5 2.5997e+01  14 1.00000e+00  
130.6 2.5933e+01  14 1.00000e+00  
130.7 2.5853e+01  14 1.00000e+00  
130.8 2.5801e+01  14 1.00000e+00  
130.9 2.5703e+01  14 1.00000e+00  
131.0 2.5627e+01  14 1.00000e+00  
131.1 2.5445e+01  14 1.00000e+00  
131.2 2.5415e+01  14 1.00000e+00  
131.3 2.5412e+01  14 1.00000e+00  
131.4 2.5240e+01  14 1.00000e+00  
131.5 2.5184e+01  14 1.00000e+00  
131.6 2.5113e+01  14 1.00000e+00  
131.7 2.5108e+01  14 1.00000e+00  
131.8 2.5103e+01  14 1.00000e+00  
131.9 2.4941e+01  14 1.00000e+00  
132.0 2.4875e+01  14 1.00000e+00  
132.1 2.1318e+01  14 1.00000e+00  
132.2 2.1326e+01  14 1.00000e+00  
132.3 2.1329e+01  14 1.00000e+00  
132.4 2.1333e+01  14 1.00000e+00  
132.5 2.1336e+01  14 1.00000e+00  
132.6 2.1340e+01  14 1.00000e+00  
132.7 2.1287e+01  14 1.00000e+00  
132.8 2.1293e+01  14 1.00000e+00  
132.9 2.1304e+01  14 1.00000e+00  
133.0 2.1307e+01  14 1.00000e+00  
133.1 2.1313e+01  14 1.00000e+00  
133.2 2.1319e+01  14 1.00000e+00  
133.3 2.1320e+01  14 1.00000e+00  
133.4 2.1324e+01  14 1.00000e+00  
133.5 2.1328e+01  14 1.00000e+00  
133.6 2.1330e+01  14 1.00000e+00  
133.7 2.1312e+01  14 1.00000e+00  
133.8 2.1312e+01  14 1.00000e+00  
133.9 2.1315e+01  14 1.00000e+00  
134.0 2.1319e+01  14 1.00000e+00  
134.1 2.1319e+01  14 1.00000e+00  
134.2 2.1323e+01  14 1.00000e+00  
134.3 2.1329e+01  14 1.00000e+00  
134.4 2.1267e+01  14 1.00000e+00  
134.5 2.1273e+01  14 1.00000e+00  
134.6 2.1272e+01  14 1.00000e+00  
134.7 2.1278e+01  14 1.00000e+00  
134.8 2.1283e+01  14 1.00000e+00  
134.9 2.1288e+01  14 1.00000e+00  
135.0 2.1271e+01  14 1.00000e+00  
135.1 2.1275e+01  14 1.00000e+00  
135.2 2.1274e+01  14 1.00000e+00  
135.3 2.1278e+01  14 1.00000e+00  
135.4 2.1282e+01  14 1.00000e+00  
135.5 2.1283e+01  14 1.00000e+00  
135.6 2.1283e+01  14 1.00000e+00  
135.7 2.1288e+01  14 1.00000e+00  
135.8 2.1290e+01  14 1.00000e+00  
135.9 2.6145e+01  14 1.00000e+00  
136.0 2.6069e+01  14 1.00000e+00  
136.1 2.6007e+01  14 1.00000e+00  
136.2 2.5949e+01  14 1.00000e+00  
136.3 2.5872e+01  14 1.00000e+00  
136.4 2.5801e+01  14 1.00000e+00  
136.5 2.5750e+01  14 1.00000e+00  
136.6 2.5691e+01  14 1.00000e+00  
136.7 2.5507e+01  14 1.00000e+00  
136.8 2.5424e+01  14 1.00000e+00  
136.9 2.5412e+01  14 1.00000e+00  
137.0 2.5408e+01  14 1.00000e+00  
137.1 2.5241e+01  14 1.00000e+00  
137.2 2.5182e+01  14 1.00000e+00  
137.3 2.5104e+01  14 1.00000e+00  
137.4 2.5098e+01  14 1.00000e+00  
137.5 2.5098e+01  14 1.00000e+00  
137.6 2.4902e+01  14 1.00000e+00  
137.7 2.1300e+01  14 1.00000e+00  
137.8 2.1307e+01  14 1.00000e+00  
137.9 2.1309e+01  14 1.00000e+00  
138.0 2.1308e+01  14 1.00000e+00  
138.1 2.1311e+01  14 1.00000e+00  
138.2 2.1316e+01  14 1.00000e+00  
138.3 2.1254e+01  14 1.00000e+00  
138.4 2.1260e+01  14 1.00000e+00  
138.5 2.1269e+01  14 1.00000e+00  
138.6 2.1271e+01  14 1.00000e+00  
138.7 2.1276e+01  14 1.00000e+00  
138.8 2.1281e+01  14 1.00000e+00  
138.9 2.1286e+01  14 1.00000e+00  
139.0 2.1267e+01  14 1.00000e+00  
139.1 2.1272e+01  14 1.00000e+00  
139.2 2.1272e+01  14 1.00000e+00  
139.3 2.1276e+01  14 1.00000e+00  
139.4 2.1281e+01  14 1.00000e+00  
139.5 2.1285e+01  14 1.00000e+00  
139.6 2.1285e+01  14 1.00000e+00  
139.7 2.1288e+01  14 1.00000e+00  
139.8 2.1291e+01  14 1.00000e+00  
139.9 2.1294e+01  14 1.00000e+00  
140.0 2.1235e+01  14 1.00000e+00  
140.1 2.1236e+01  14 1.00000e+00  
140.2 2.1242e+01  14 1.00000e+00  
140.3 2.1247e+01  14 1.00000e+00  
140.4 2.1254e+01  14 1.00000e+00  
140.5 2.1259e+01  14 1.00000e+00  
140.6 2.1243e+01  14 1.00000e+00  
140.7 2.1246e+01  14 1.00000e+00  
140.8 2.1247e+01  14 1.00000e+00  
140.9 2.1252e+01  14 1.00000e+00  
141.0 2.1257e+01  14 1.00000e+00  
141.1 2.1261e+01  14 1.00000e+00  
141.2 2.1257e+01  14 1.00000e+00  
141.3 2.1260e+01  14 1.00000e+00  
141.4 2.1256e+01  14 1.00000e+00  
141.5 2.1258e+01  14 1.00000e+00  
141.6 2.6124e+01  14 1.00000e+00  
141.7 2.6043e+01  14 1.00000e+00  
141.8 2.5968e+01  14 1.00000e+00  
141.9 2.5894e+01  14 1.00000e+00  
142.0 2.5832e+01  14 1.00000e+00  
142.1 2.5643e+01  14 1.00000e+00  
142.2 2.5544e+01  14 1.00000e+00  
142.3 2.5505e+01  14 1.00000e+00  
142.4 2.5416e+01  14 1.00000e+00  
142.5 2.5363e+01  14 1.00000e+00  
142.6 2.5354e+01  14 1.00000e+00  
142.7 2.5213e+01  14 1.00000e+00  
142.8 2.5162e+01  14 1.00000e+00  
142.9 2.5099e+01  14 1.00000e+00  
143.0 2.5000e+01  14 1.00000e+00  
143.1 2.4992e+01  14 1.00000e+00  
143.2 2.4762e+01  14 1.00000e+00  
143.3 2.1242e+01  14 1.00000e+00  
143.4 2.1246e+01  14 1.00000e+00  
143.5 2.1255e+01  14 1.00000e+00  
143.6 2.1257e+01  14 1.00000e+00  
143.7 2.1260e+01  14 1.00000e+00  
143.8 2.1258e+01  14 1.00000e+00  
143.9 2.1265e+01  14 1.00000e+00  
144.0 2.1202e+01  14 1.00000e+00  
144.1 2.1209e+01  14 1.00000e+00  
144.2 2.1219e+01  14 1.00000e+00  
144.3 2.1225e+01  14 1.00000e+00  
144.4 2.1230e+01  14 1.00000e+00  
144.5 2.1233e+01  14 1.00000e+00  
144.6 2.1219e+01  14 1.00000e+00  
144.7 2.1224e+01  14 1.00000e+00  
144.8 2.1225e+01  14 1.00000e+00  
144.9 2.1229e+01  14 1.00000e+00  
145.0 2.1235e+01  14 1.00000e+00  
145.1 2.1239e+01  14 1.00000e+00  
145.2 2.1239e+01  14 1.00000e+00  
145.3 2.1241e+01  14 1.00000e+00  
145.4 2.1242e+01  14 1.00000e+00  
145.5 2.1236e+01  14 1.00000e+00  
145.6 2.1238e+01  14 1.00000e+00  
145.7 2.1244e+01  14 1.00000e+00  
145.8 2.1207e+01  14 1.00000e+00  
145.9 2.1187e+01  14 1.00000e+00  
146.0 2.1451e+01  14 1.00000e+00  
146.1 2.1449e+01  14 1.00000e+00  
146.2 2.1450e+01  14 1.00000e+00  
146.3 2.1193e+01  14 1.00000e+00  
146.4 2.1193e+01  14 1.00000e+00  
146.5 2.1194e+01  14 1.00000e+00  
146.6 2.1207e+01  14 1.00000e+00  
146.7 2.1186e+01  14 1.00000e+00  
146.8 2.1187e+01  14 1.00000e+00  
146.9 2.1187e+01  14 1.00000e+00  
147.0 2.1190e+01  14 1.00000e+00  
147.1 2.1208e+01  14 1.00000e+00  
147.2 2.1191e+01  14 1.00000e+00  
147.3 2.6065e+01  14 1.00000e+00  
147.4 2.5852e+01  14 1.00000e+00  
147.5 2.5813e+01  14 1.00000e+00  
147.6 2.5732e+01  14 1.00000e+00  
147.7 2.5653e+01  14 1.00000e+00  
147.8 2.5585e+01  14 1.00000e+00  
147.9 2.5582e+01  14 1.00000e+00  
148.0 2.5504e+01  14 1.00000e+00  
148.1 2.5415e+01  14 1.00000e+00  
148.2 2.5376e+01  14 1.00000e+00  
148.3 2.5305e+01  14 1.00000e+00  
148.4 2.5280e+01  14 1.00000e+00  
148.5 2.5069e+01  14 1.00000e+00  
148.6 2.5006e+01  14 1.00000e+00  
148.7 2.4946e+01  14 1.00000e+00  
148.8 2.4944e+01  14 1.00000e+00  
148.9 2.4938e+01  14 1.00000e+00  
149.0 2.4932e+01  14 1.00000e+00  
149.1 2.1191e+01  14 1.00000e+00  
149.2 2.1196e+01  14 1.00000e+00  
149.3 2.1194e+01  14 1.00000e+00  
149.4 2.1209e+01  14 1.00000e+00  
149.5 2.1187e+01  14 1.00000e+00  
149.6 2.1194e+01  14 1.00000e+00  
149.7 2.1201e+01  14 1.00000e+00  
149.8 2.1168e+01  14 1.00000e+00  
149.9 2.1175e+01  14 1.00000e+00  
150.0 2.1432e+01  14 1.00000e+00  
