 15.1 1.3445e+00  13 4.56504e-02  
 15.2 1.3519e+00  13 4.63125e-02  
 15.3 1.3629e+00  13 4.73013e-02  
 15.4 1.3703e+00  13 4.79644e-02  
 15.5 1.3777e+00  13 4.86261e-02  
 15.6 1.3852e+00  13 4.92853e-02  
 15.7 1.3926e+00  13 4.99431e-02  
 15.8 1.4000e+00  13 5.05993e-02  
 15.9 1.4074e+00  13 5.12422e-02  
 16.0 1.4148e+00  13 5.18847e-02  
 16.1 1.4223e+00  13 5.25371e-02  
 16.2 1.4297e+00  13 5.31875e-02  
 16.3 1.4371e+00  13 5.38371e-02  
 16.4 1.4445e+00  13 5.44859e-02  
 16.5 1.4519e+00  13 5.51335e-02  
 16.6 1.4593e+00  13 5.57810e-02  
 16.7 1.4666e+00  13 5.64256e-02  
 16.8 1.4740e+00  13 5.70473e-02  
 16.9 1.4814e+00  13 5.76930e-02  
 17.0 1.4888e+00  13 5.83390e-02  
 17.1 1.5062e+00  13 5.98703e-02  
 17.2 1.5138e+00  13 6.05394e-02  
 17.3 1.5214e+00  13 6.12097e-02  
 17.4 1.5289e+00  13 6.18492e-02  
 17.5 1.5365e+00  13 6.25212e-02  
 17.6 1.5441e+00  13 6.31944e-02  
 17.7 1.5517e+00  13 6.38690e-02  
 17.8 1.5593e+00  13 6.45475e-02  
 17.9 1.5668e+00  13 6.52294e-02  
 18.0 1.5744e+00  13 6.59106e-02  
 18.1 1.5820e+00  13 6.65637e-02  
 18.2 1.5896e+00  13 6.72529e-02  
 18.3 1.5971e+00  13 6.79453e-02  
 18.4 1.6047e+00  13 6.86420e-02  
 18.5 1.6123e+00  13 6.93419e-02  
 18.6 1.6198e+00  13 7.00451e-02  
 18.7 1.6274e+00  13 7.07113e-02  
 18.8 1.6349e+00  13 7.14209e-02  
 18.9 1.6425e+00  13 7.21358e-02  
 19.0 1.6500e+00  13 7.28558e-02  
 19.1 1.6575e+00  13 7.35806e-02  
 19.2 1.6651e+00  13 7.42799e-02  
 19.3 1.6726e+00  13 7.49979e-02  
 19.4 1.6801e+00  13 7.57362e-02  
 19.5 1.6877e+00  13 7.64810e-02  
 19.6 1.6971e+00  13 7.74805e-02  
 19.7 1.7085e+00  13 7.87261e-02  
 19.8 1.7199e+00  13 7.99463e-02  
 19.9 1.7314e+00  13 8.12314e-02  
 20.0 1.7430e+00  13 8.25388e-02  
 20.1 1.7546e+00  13 8.38677e-02  
 20.2 1.7663e+00  13 8.51988e-02  
 20.3 1.7781e+00  13 8.65279e-02  
 20.4 1.7900e+00  13 8.79188e-02  
 20.5 1.8019e+00  13 8.93328e-02  
 20.6 1.8139e+00  13 9.07707e-02  
 20.7 1.8218e+00  13 9.17213e-02  
 20.8 1.8338e+00  13 9.31168e-02  
 20.9 1.8455e+00  13 9.45545e-02  
 21.0 1.8576e+00  13 9.60608e-02  
 21.1 1.8698e+00  13 9.75933e-02  
 21.2 1.8821e+00  13 9.91603e-02  
 21.3 1.8944e+00  13 1.00660e-01  
 21.4 1.9068e+00  13 1.02267e-01  
 21.5 1.9194e+00  13 1.03917e-01  
 21.6 1.1230e+01  14 1.00000e+00  
 21.7 1.1212e+01  14 1.00000e+00  
 21.8 1.1186e+01  14 1.00000e+00  
 21.9 1.1158e+01  14 1.00000e+00  
 22.0 1.1130e+01  14 1.00000e+00  
 22.1 1.1101e+01  14 1.00000e+00  
 22.2 1.1078e+01  14 1.00000e+00  
 22.3 1.1049e+01  14 1.00000e+00  
 22.4 1.1017e+01  14 1.00000e+00  
 22.5 1.0984e+01  14 1.00000e+00  
 22.6 1.0950e+01  14 1.00000e+00  
 22.7 1.0925e+01  14 1.00000e+00  
 22.8 1.0891e+01  14 1.00000e+00  
 22.9 1.0855e+01  14 1.00000e+00  
 23.0 1.0820e+01  14 1.00000e+00  
 23.1 1.0783e+01  14 1.00000e+00  
 23.2 1.0752e+01  14 1.00000e+00  
 23.3 1.0719e+01  14 1.00000e+00  
 23.4 1.0680e+01  14 1.00000e+00  
 23.5 1.0641e+01  14 1.00000e+00  
 23.6 1.0579e+01  14 1.00000e+00  
 23.7 1.0549e+01  14 1.00000e+00  
 23.8 1.0507e+01  14 1.00000e+00  
 23.9 1.0465e+01  14 1.00000e+00  
 24.0 1.0423e+01  14 1.00000e+00  
 24.1 1.0369e+01  14 1.00000e+00  
 24.2 1.0328e+01  14 1.00000e+00  
 24.3 1.0295e+01  14 1.00000e+00  
 24.4 1.0251e+01  14 1.00000e+00  
 24.5 1.0206e+01  14 1.00000e+00  
 24.6 1.0161e+01  14 1.00000e+00  
 24.7 1.0116e+01  14 1.00000e+00  
 24.8 1.0070e+01  14 1.00000e+00  
 24.9 1.0037e+01  14 1.00000e+00  
 25.0 5.4962e+00  14 5.05654e-01  
 25.1 5.5272e+00  14 5.12532e-01  
 25.2 5.5574e+00  14 5.19455e-01  
 25.3 5.5842e+00  14 5.32847e-01  
 25.4 5.6072e+00  14 5.49489e-01  
 25.5 5.6291e+00  14 5.63047e-01  
 25.6 5.6505e+00  14 5.74219e-01  
 25.7 5.6654e+00  14 5.91580e-01  
 25.8 5.6841e+00  14 6.01442e-01  
 25.9 5.7098e+00  14 6.02446e-01  
 26.0 5.7361e+00  14 6.03409e-01  
 26.1 5.7632e+00  14 6.04075e-01  
 26.2 5.7917e+00  14 6.04257e-01  
 26.3 5.8208e+00  14 6.04488e-01  
 26.4 5.8506e+00  14 6.04811e-01  
 26.5 5.8819e+00  14 6.04722e-01  
 26.6 5.9117e+00  14 6.05950e-01  
 26.7 5.9435e+00  14 6.06457e-01  
 26.8 5.9696e+00  14 6.09940e-01  
 26.9 5.9930e+00  14 6.14541e-01  
 27.0 6.0162e+00  14 6.19097e-01  
 27.1 6.0393e+00  14 6.23538e-01  
 27.2 6.0729e+00  14 6.24076e-01  
 27.3 6.1008e+00  14 6.26893e-01  
 27.4 6.0332e+00  14 6.15979e-01  
 27.5 6.0673e+00  14 6.18707e-01  
 27.6 6.0526e+00  14 6.30146e-01  
 27.7 6.0594e+00  14 6.30426e-01  
 27.8 6.0752e+00  14 6.31084e-01  
 27.9 6.0762e+00  14 6.31125e-01  
 28.0 6.0920e+00  14 6.31785e-01  
 28.1 6.1035e+00  14 6.32273e-01  
 28.2 6.1234e+00  14 6.33122e-01  
 28.3 6.1297e+00  14 6.33395e-01  
 28.4 6.1438e+00  14 6.34004e-01  
 28.5 6.1596e+00  14 6.34698e-01  
 28.6 6.1763e+00  14 6.35431e-01  
 28.7 6.1841e+00  14 6.35780e-01  
 28.8 6.2084e+00  14 6.36866e-01  
 28.9 6.2182e+00  14 6.37307e-01  
 29.0 6.2289e+00  14 6.37795e-01  
 29.1 6.2506e+00  14 6.38783e-01  
 29.2 6.2597e+00  14 6.39201e-01  
 29.3 6.2746e+00  14 6.39890e-01  
 29.4 6.2816e+00  14 6.40215e-01  
 29.5 6.2956e+00  14 6.40866e-01  
 29.6 6.3128e+00  14 6.41673e-01  
 29.7 6.3309e+00  14 6.42511e-01  
 29.8 6.3408e+00  14 6.42961e-01  
 29.9 6.3521e+00  14 6.43481e-01  
 30.0 6.3740e+00  14 6.44486e-01  
 30.1 6.3880e+00  14 6.45133e-01  
 30.2 6.4021e+00  14 6.45793e-01  
 30.3 6.4086e+00  14 6.46095e-01  
 30.4 6.4238e+00  14 6.46807e-01  
 30.5 6.4467e+00  14 6.47889e-01  
 30.6 6.4540e+00  14 6.48233e-01  
 30.7 6.4671e+00  14 6.48859e-01  
 30.8 6.4913e+00  14 6.50017e-01  
 30.9 6.5088e+00  14 6.50858e-01  
 31.0 6.5187e+00  14 6.51336e-01  
 31.1 6.5368e+00  14 6.52212e-01  
 31.2 6.5451e+00  14 6.52615e-01  
 31.3 6.5612e+00  14 6.53400e-01  
 31.4 6.5785e+00  14 6.54247e-01  
 31.5 6.5927e+00  14 6.54948e-01  
 31.6 6.6092e+00  14 6.55761e-01  
 31.7 6.6188e+00  14 6.56234e-01  
 31.8 6.6409e+00  14 6.57330e-01  
 31.9 6.6592e+00  14 6.58243e-01  
 32.0 6.6739e+00  14 6.58976e-01  
 32.1 6.6928e+00  14 6.59928e-01  
 32.2 6.7049e+00  14 6.60532e-01  
 32.3 6.7241e+00  14 6.61501e-01  
 32.4 6.7418e+00  14 6.62398e-01  
 32.5 6.7556e+00  14 6.63097e-01  
 32.6 6.7721e+00  14 6.63937e-01  
 32.7 6.7882e+00  14 6.64758e-01  
 32.8 6.8054e+00  14 6.65635e-01  
 32.9 6.8160e+00  14 6.66180e-01  
 33.0 6.8348e+00  14 6.67147e-01  
 33.1 6.8446e+00  14 6.67652e-01  
 33.2 6.8635e+00  14 6.68627e-01  
 33.3 6.8730e+00  14 6.69119e-01  
 33.4 6.8930e+00  14 6.70153e-01  
 33.5 6.9135e+00  14 6.71223e-01  
 33.6 6.9286e+00  14 6.72007e-01  
 33.7 6.9427e+00  14 6.72743e-01  
 33.8 6.9651e+00  14 6.73915e-01  
 33.9 6.9792e+00  14 6.74650e-01  
 34.0 6.9910e+00  14 6.75271e-01  
 34.1 7.0103e+00  14 6.76287e-01  
 34.2 7.0214e+00  14 6.76870e-01  
 34.3 7.0394e+00  14 6.77818e-01  
 34.4 7.0505e+00  14 6.78404e-01  
 34.5 7.0701e+00  14 6.79437e-01  
 34.6 7.0867e+00  14 6.80320e-01  
 34.7 7.1083e+00  14 6.81466e-01  
 34.8 7.1196e+00  14 6.82063e-01  
 34.9 7.1348e+00  14 6.82873e-01  
 35.0 7.1592e+00  14 6.84171e-01  
 35.1 7.1669e+00  14 6.84583e-01  
 35.2 7.1871e+00  14 6.85661e-01  
 35.3 7.2093e+00  14 6.86848e-01  
 35.4 7.2138e+00  14 6.87087e-01  
 35.5 7.2448e+00  14 6.88750e-01  
 35.6 7.2543e+00  14 6.89260e-01  
 35.7 7.2785e+00  14 6.90559e-01  
 35.8 7.2875e+00  14 6.91043e-01  
 35.9 7.3027e+00  14 6.91863e-01  
 36.0 7.3180e+00  14 6.92688e-01  
 36.1 7.3349e+00  14 6.93604e-01  
 36.2 7.3524e+00  14 6.94545e-01  
 36.3 7.3626e+00  14 6.95102e-01  
 36.4 7.3943e+00  14 6.96814e-01  
 36.5 7.4003e+00  14 6.97143e-01  
 36.6 7.4348e+00  14 6.99012e-01  
 36.7 7.4456e+00  14 6.99603e-01  
 36.8 7.4692e+00  14 7.00883e-01  
 36.9 7.4806e+00  14 7.01502e-01  
 37.0 7.5045e+00  14 7.02805e-01  
 37.1 7.5140e+00  14 7.03325e-01  
 37.2 7.5318e+00  14 7.04292e-01  
 37.3 7.5467e+00  14 7.05108e-01  
 37.4 7.5767e+00  14 7.06742e-01  
 37.5 7.5913e+00  14 7.07543e-01  
 37.6 7.6143e+00  14 7.08799e-01  
 37.7 7.6289e+00  14 7.09598e-01  
 37.8 7.6473e+00  14 7.10608e-01  
 37.9 7.6636e+00  14 7.11496e-01  
 38.0 7.6833e+00  14 7.12579e-01  
 38.1 7.6881e+00  14 7.12839e-01  
 38.2 7.7078e+00  14 7.13921e-01  
 38.3 7.7267e+00  14 7.14959e-01  
 38.4 7.7554e+00  14 7.16535e-01  
 38.5 7.7653e+00  14 7.17080e-01  
 38.6 7.7809e+00  14 7.17933e-01  
 38.7 7.7949e+00  14 7.18703e-01  
 38.8 7.8038e+00  14 7.19196e-01  
 38.9 7.8424e+00  14 7.21317e-01  
 39.0 7.8605e+00  14 7.22314e-01  
 39.1 7.8765e+00  14 7.23199e-01  
 39.2 7.8903e+00  14 7.23960e-01  
 39.3 7.9177e+00  14 7.25468e-01  
 39.4 7.9325e+00  14 7.26286e-01  
 39.5 7.9401e+00  14 7.26707e-01  
 39.6 7.9515e+00  14 7.27336e-01  
 39.7 7.9845e+00  14 7.29155e-01  
 39.8 7.9942e+00  14 7.29693e-01  
 39.9 8.0223e+00  14 7.31242e-01  
 40.0 8.0298e+00  14 7.31660e-01  
 40.1 8.0460e+00  14 7.32554e-01  
 40.2 8.0687e+00  14 7.33806e-01  
 40.3 8.0895e+00  14 7.34955e-01  
 40.4 8.1008e+00  14 7.35583e-01  
 40.5 8.1190e+00  14 7.36586e-01  
 40.6 8.1288e+00  14 7.37129e-01  
 40.7 8.1511e+00  14 7.38366e-01  
 40.8 8.1654e+00  14 7.39155e-01  
 40.9 8.2060e+00  14 7.41401e-01  
 41.0 8.2101e+00  14 7.41629e-01  
 41.1 8.2451e+00  14 7.43565e-01  
 41.2 8.2592e+00  14 7.44343e-01  
 41.3 8.2849e+00  14 7.45763e-01  
 41.4 8.3021e+00  14 7.46716e-01  
 41.5 8.3192e+00  14 7.47665e-01  
 41.6 8.3391e+00  14 7.48764e-01  
 41.7 8.3535e+00  14 7.49563e-01  
 41.8 8.3653e+00  14 7.50215e-01  
 41.9 8.3894e+00  14 7.51546e-01  
 42.0 8.4084e+00  14 7.52600e-01  
 42.1 8.4172e+00  14 7.53088e-01  
 42.2 8.4584e+00  14 7.55367e-01  
 42.3 8.4755e+00  14 7.56310e-01  
 42.4 8.4849e+00  14 7.56828e-01  
 42.5 8.5130e+00  14 7.58384e-01  
 42.6 8.5306e+00  14 7.59363e-01  
 42.7 8.5456e+00  14 7.60193e-01  
 42.8 8.5543e+00  14 7.60673e-01  
 42.9 8.5735e+00  14 7.61736e-01  
 43.0 8.6020e+00  14 7.63314e-01  
 43.1 8.6179e+00  14 7.64196e-01  
 43.2 8.6318e+00  14 7.64964e-01  
 43.3 8.6117e+00  14 7.63850e-01  
 43.4 8.4571e+00  14 7.55294e-01  
 43.5 8.3814e+00  14 7.51102e-01  
 43.6 8.3712e+00  14 7.50541e-01  
 43.7 8.3412e+00  14 7.48878e-01  
 43.8 8.3222e+00  14 7.47829e-01  
 43.9 8.3038e+00  14 7.46811e-01  
 44.0 8.2674e+00  14 7.44797e-01  
 44.1 8.2504e+00  14 7.43856e-01  
 44.2 8.1778e+00  14 7.39840e-01  
 44.3 8.1457e+00  14 7.38062e-01  
 44.4 8.1013e+00  14 7.35612e-01  
 44.5 8.0755e+00  14 7.34181e-01  
 44.6 8.0259e+00  14 7.31444e-01  
 44.7 7.9482e+00  14 7.27150e-01  
 44.8 7.9430e+00  14 7.26864e-01  
 44.9 7.9231e+00  14 7.25768e-01  
 45.0 7.9175e+00  14 7.25459e-01  
 45.1 7.9120e+00  14 7.25155e-01  
 45.2 7.8827e+00  14 7.23538e-01  
 45.3 7.8672e+00  14 7.22683e-01  
 45.4 7.8574e+00  14 7.22143e-01  
 45.5 7.8373e+00  14 7.21035e-01  
 45.6 7.7875e+00  14 7.18300e-01  
 45.7 7.7595e+00  14 7.16761e-01  
 45.8 7.7360e+00  14 7.15466e-01  
 45.9 7.7042e+00  14 7.13726e-01  
 46.0 7.7038e+00  14 7.13701e-01  
 46.1 7.6653e+00  14 7.11590e-01  
 46.2 7.5948e+00  14 7.07731e-01  
 46.3 7.5842e+00  14 7.07155e-01  
 46.4 7.5872e+00  14 7.07319e-01  
 46.5 7.5753e+00  14 7.06668e-01  
 46.6 7.5777e+00  14 7.06796e-01  
 46.7 7.5595e+00  14 7.05803e-01  
 46.8 7.5354e+00  14 7.04492e-01  
 46.9 7.4937e+00  14 7.02218e-01  
 47.0 7.5471e+00  14 7.05125e-01  
 47.1 7.5627e+00  14 7.05977e-01  
 47.2 7.5817e+00  14 7.07017e-01  
 47.3 7.6037e+00  14 7.08220e-01  
 47.4 7.6320e+00  14 7.09766e-01  
 47.5 7.6428e+00  14 7.10361e-01  
 47.6 7.6542e+00  14 7.10983e-01  
 47.7 7.6865e+00  14 7.12752e-01  
 47.8 7.7580e+00  14 7.16677e-01  
 47.9 7.7982e+00  14 7.18883e-01  
 48.0 7.8348e+00  14 7.20897e-01  
 48.1 7.8678e+00  14 7.22719e-01  
 48.2 7.8965e+00  14 7.24299e-01  
 48.3 7.9570e+00  14 7.27640e-01  
 48.4 7.9830e+00  14 7.29072e-01  
 48.5 8.0121e+00  14 7.30681e-01  
 48.6 8.0312e+00  14 7.31735e-01  
 48.7 8.0565e+00  14 7.33135e-01  
 48.8 8.0877e+00  14 7.34857e-01  
 48.9 8.1116e+00  14 7.36179e-01  
 49.0 8.1323e+00  14 7.37324e-01  
 49.1 8.1505e+00  14 7.38331e-01  
 49.2 8.1915e+00  14 7.40598e-01  
 49.3 8.2541e+00  14 7.44059e-01  
 49.4 8.3058e+00  14 7.46920e-01  
 49.5 8.3468e+00  14 7.49191e-01  
 49.6 8.3845e+00  14 7.51276e-01  
 49.7 8.4201e+00  14 7.53248e-01  
 49.8 8.4549e+00  14 7.55168e-01  
 49.9 8.5149e+00  14 7.58491e-01  
 50.0 8.5466e+00  14 7.60245e-01  
 50.1 8.5620e+00  14 7.61098e-01  
 50.2 8.5896e+00  14 7.62627e-01  
 50.3 8.6110e+00  14 7.63813e-01  
 50.4 8.6389e+00  14 7.65355e-01  
 50.5 8.6618e+00  14 7.66624e-01  
 50.6 8.6934e+00  14 7.68370e-01  
 50.7 8.7377e+00  14 7.70822e-01  
 50.8 8.8009e+00  14 7.74312e-01  
 50.9 8.8424e+00  14 7.76604e-01  
 51.0 8.8886e+00  14 7.79157e-01  
 51.1 8.9397e+00  14 7.81975e-01  
 51.2 8.9631e+00  14 7.83267e-01  
 51.3 9.0101e+00  14 7.85860e-01  
 51.4 9.0821e+00  14 7.89824e-01  
 51.5 9.1072e+00  14 7.91205e-01  
 51.6 9.1281e+00  14 7.92357e-01  
 51.7 9.1649e+00  14 7.94378e-01  
 51.8 9.1990e+00  14 7.96257e-01  
 51.9 9.2226e+00  14 7.97550e-01  
 52.0 9.2539e+00  14 7.99272e-01  
 52.1 9.2786e+00  14 8.00630e-01  
 52.2 9.3222e+00  14 8.03022e-01  
 52.3 9.3564e+00  14 8.04899e-01  
 52.4 9.4313e+00  14 8.09007e-01  
 52.5 9.4778e+00  14 8.11558e-01  
 52.6 9.5242e+00  14 8.14095e-01  
 52.7 9.5694e+00  14 8.16566e-01  
 52.8 9.6179e+00  14 8.19216e-01  
 52.9 9.6563e+00  14 8.21312e-01  
 53.0 9.7146e+00  14 8.24491e-01  
 53.1 9.7715e+00  14 8.27593e-01  
 53.2 9.7857e+00  14 8.28367e-01  
 53.3 9.8208e+00  14 8.30273e-01  
 53.4 9.8414e+00  14 8.31396e-01  
 53.5 9.8852e+00  14 8.33774e-01  
 53.6 9.8982e+00  14 8.34482e-01  
 53.7 9.9414e+00  14 8.36823e-01  
 53.8 9.9759e+00  14 8.38698e-01  
 53.9 1.0041e+01  14 8.42204e-01  
 54.0 1.0086e+01  14 8.44636e-01  
 54.1 1.0141e+01  14 8.47644e-01  
 54.2 1.0196e+01  14 8.50597e-01  
 54.3 1.0256e+01  14 8.53846e-01  
 54.4 1.0312e+01  14 8.56864e-01  
 54.5 1.0356e+01  14 8.59230e-01  
 54.6 1.0397e+01  14 8.61452e-01  
 54.7 1.0478e+01  14 8.65785e-01  
 54.8 1.0502e+01  14 8.67090e-01  
 54.9 1.0546e+01  14 8.69444e-01  
 55.0 1.0580e+01  14 8.71254e-01  
 55.1 1.0611e+01  14 8.72893e-01  
 55.2 1.0637e+01  14 8.74311e-01  
 55.3 1.0675e+01  14 8.76317e-01  
 55.4 1.0697e+01  14 8.77508e-01  
 55.5 1.0755e+01  14 8.80601e-01  
 55.6 1.0805e+01  14 8.83253e-01  
 55.7 1.0866e+01  14 8.86504e-01  
 55.8 1.0940e+01  14 8.90439e-01  
 55.9 1.0998e+01  14 8.93492e-01  
 56.0 1.1052e+01  14 8.96353e-01  
 56.1 1.1087e+01  14 8.98203e-01  
 56.2 1.1150e+01  14 9.01532e-01  
 56.3 1.1188e+01  14 9.03543e-01  
 56.4 1.1229e+01  14 9.05713e-01  
 56.5 1.1303e+01  14 9.09616e-01  
 56.6 1.1352e+01  14 9.12191e-01  
 56.7 1.1393e+01  14 9.14320e-01  
 56.8 1.1418e+01  14 9.15645e-01  
 56.9 1.1465e+01  14 9.18079e-01  
 57.0 1.1481e+01  14 9.18931e-01  
 57.1 1.1534e+01  14 9.21724e-01  
 57.2 1.1581e+01  14 9.24185e-01  
 57.3 1.1645e+01  14 9.27518e-01  
 57.4 1.1693e+01  14 9.30015e-01  
 57.5 1.1752e+01  14 9.33064e-01  
 57.6 1.1816e+01  14 9.36382e-01  
 57.7 1.1897e+01  14 9.40605e-01  
 57.8 1.1955e+01  14 9.43617e-01  
 57.9 1.2003e+01  14 9.46096e-01  
 58.0 1.2054e+01  14 9.48744e-01  
 58.1 1.2112e+01  14 9.51695e-01  
 58.2 1.2158e+01  14 9.54092e-01  
 58.3 1.2228e+01  14 9.57685e-01  
 58.4 1.2299e+01  14 9.61344e-01  
 58.5 1.2327e+01  14 9.62764e-01  
 58.6 1.2359e+01  14 9.64420e-01  
 58.7 1.2380e+01  14 9.65487e-01  
 58.8 1.2423e+01  14 9.67677e-01  
 58.9 1.2466e+01  14 9.69876e-01  
 59.0 1.2520e+01  14 9.72649e-01  
 59.1 1.2566e+01  14 9.74987e-01  
 59.2 1.2652e+01  14 9.79364e-01  
 59.3 1.2701e+01  14 9.81828e-01  
 59.4 1.2781e+01  14 9.85913e-01  
 59.5 1.2856e+01  14 9.89676e-01  
 59.6 1.2919e+01  14 9.92873e-01  
 59.7 1.2979e+01  14 9.95888e-01  
 59.8 1.3037e+01  14 9.98841e-01  
 59.9 1.3068e+01  14 1.00000e+00  
 60.0 1.3091e+01  14 1.00000e+00  
 60.1 1.3110e+01  14 1.00000e+00  
 60.2 1.3141e+01  14 1.00000e+00  
 60.3 1.3165e+01  14 1.00000e+00  
 60.4 1.3180e+01  14 1.00000e+00  
 60.5 1.3196e+01  14 1.00000e+00  
 60.6 1.3211e+01  14 1.00000e+00  
 60.7 1.3227e+01  14 1.00000e+00  
 60.8 1.3239e+01  14 1.00000e+00  
 60.9 1.3255e+01  14 1.00000e+00  
 61.0 1.3288e+01  14 1.00000e+00  
 61.1 1.3315e+01  14 1.00000e+00  
 61.2 1.3340e+01  14 1.00000e+00  
 61.3 1.3354e+01  14 1.00000e+00  
 61.4 1.3391e+01  14 1.00000e+00  
 61.5 1.3421e+01  14 1.00000e+00  
 61.6 1.3445e+01  14 1.00000e+00  
 61.7 1.3469e+01  14 1.00000e+00  
 61.8 1.3491e+01  14 1.00000e+00  
 61.9 1.3509e+01  14 1.00000e+00  
 62.0 1.3519e+01  14 1.00000e+00  
 62.1 1.3561e+01  14 1.00000e+00  
 62.2 1.3588e+01  14 1.00000e+00  
 62.3 1.3599e+01  14 1.00000e+00  
 62.4 1.3614e+01  14 1.00000e+00  
 62.5 1.3630e+01  14 1.00000e+00  
 62.6 1.3646e+01  14 1.00000e+00  
 62.7 1.3656e+01  14 1.00000e+00  
 62.8 1.3676e+01  14 1.00000e+00  
 62.9 1.3695e+01  14 1.00000e+00  
 63.0 1.3731e+01  14 1.00000e+00  
 63.1 1.3755e+01  14 1.00000e+00  
 63.2 1.3781e+01  14 1.00000e+00  
 63.3 1.3803e+01  14 1.00000e+00  
 63.4 1.3835e+01  14 1.00000e+00  
 63.5 1.3858e+01  14 1.00000e+00  
 63.6 1.3884e+01  14 1.00000e+00  
 63.7 1.3903e+01  14 1.00000e+00  
 63.8 1.3925e+01  14 1.00000e+00  
 63.9 1.3950e+01  14 1.00000e+00  
 64.0 1.3969e+01  14 1.00000e+00  
 64.1 1.3988e+01  14 1.00000e+00  
 64.2 1.4013e+01  14 1.00000e+00  
 64.3 1.4042e+01  14 1.00000e+00  
 64.4 1.4057e+01  14 1.00000e+00  
 64.5 1.4073e+01  14 1.00000e+00  
 64.6 1.4091e+01  14 1.00000e+00  
 64.7 1.4108e+01  14 1.00000e+00  
 64.8 1.4119e+01  14 1.00000e+00  
 64.9 1.4131e+01  14 1.00000e+00  
 65.0 1.4170e+01  14 1.00000e+00  
 65.1 1.4191e+01  14 1.00000e+00  
 65.2 1.4217e+01  14 1.00000e+00  
 65.3 1.4248e+01  14 1.00000e+00  
 65.4 1.4271e+01  14 1.00000e+00  
 65.5 1.4298e+01  14 1.00000e+00  
 65.6 1.4326e+01  14 1.00000e+00  
 65.7 1.4349e+01  14 1.00000e+00  
 65.8 1.4376e+01  14 1.00000e+00  
 65.9 1.4397e+01  14 1.00000e+00  
 66.0 1.4418e+01  14 1.00000e+00  
 66.1 1.4429e+01  14 1.00000e+00  
 66.2 1.4448e+01  14 1.00000e+00  
 66.3 1.4482e+01  14 1.00000e+00  
 66.4 1.4515e+01  14 1.00000e+00  
 66.5 1.4529e+01  14 1.00000e+00  
 66.6 1.4544e+01  14 1.00000e+00  
 66.7 1.4561e+01  14 1.00000e+00  
 66.8 1.4570e+01  14 1.00000e+00  
 66.9 1.4593e+01  14 1.00000e+00  
 67.0 1.4606e+01  14 1.00000e+00  
 67.1 1.4639e+01  14 1.00000e+00  
 67.2 1.4662e+01  14 1.00000e+00  
 67.3 1.4692e+01  14 1.00000e+00  
 67.4 1.4710e+01  14 1.00000e+00  
 67.5 1.4741e+01  14 1.00000e+00  
 67.6 1.4762e+01  14 1.00000e+00  
 67.7 1.4797e+01  14 1.00000e+00  
 67.8 1.4824e+01  14 1.00000e+00  
 67.9 1.4850e+01  14 1.00000e+00  
 68.0 1.4865e+01  14 1.00000e+00  
 68.1 1.4896e+01  14 1.00000e+00  
 68.2 1.4913e+01  14 1.00000e+00  
 68.3 1.4935e+01  14 1.00000e+00  
 68.4 1.4953e+01  14 1.00000e+00  
 68.5 1.4972e+01  14 1.00000e+00  
 68.6 1.4995e+01  14 1.00000e+00  
 68.7 1.5031e+01  14 1.00000e+00  
 68.8 1.5042e+01  14 1.00000e+00  
 68.9 1.5061e+01  14 1.00000e+00  
 69.0 1.5068e+01  14 1.00000e+00  
 69.1 1.5088e+01  14 1.00000e+00  
 69.2 1.5104e+01  14 1.00000e+00  
 69.3 1.5129e+01  14 1.00000e+00  
 69.4 1.5152e+01  14 1.00000e+00  
 69.5 1.5186e+01  14 1.00000e+00  
 69.6 1.5211e+01  14 1.00000e+00  
 69.7 1.5237e+01  14 1.00000e+00  
 69.8 1.5253e+01  14 1.00000e+00  
 69.9 1.5283e+01  14 1.00000e+00  
 70.0 1.5315e+01  14 1.00000e+00  
 70.1 1.5343e+01  14 1.00000e+00  
 70.2 1.5363e+01  14 1.00000e+00  
 70.3 1.5392e+01  14 1.00000e+00  
 70.4 1.5408e+01  14 1.00000e+00  
 70.5 1.5435e+01  14 1.00000e+00  
 70.6 1.5454e+01  14 1.00000e+00  
 70.7 1.5472e+01  14 1.00000e+00  
 70.8 1.5491e+01  14 1.00000e+00  
 70.9 1.5518e+01  14 1.00000e+00  
 71.0 1.5542e+01  14 1.00000e+00  
 71.1 1.5564e+01  14 1.00000e+00  
 71.2 1.5569e+01  14 1.00000e+00  
 71.3 1.5597e+01  14 1.00000e+00  
 71.4 1.5604e+01  14 1.00000e+00  
 71.5 1.5630e+01  14 1.00000e+00  
 71.6 1.5639e+01  14 1.00000e+00  
 71.7 1.5681e+01  14 1.00000e+00  
 71.8 1.5704e+01  14 1.00000e+00  
 71.9 1.5734e+01  14 1.00000e+00  
 72.0 1.5755e+01  14 1.00000e+00  
 72.1 1.5788e+01  14 1.00000e+00  
 72.2 1.5812e+01  14 1.00000e+00  
 72.3 1.5833e+01  14 1.00000e+00  
 72.4 1.5869e+01  14 1.00000e+00  
 72.5 1.5889e+01  14 1.00000e+00  
 72.6 1.5923e+01  14 1.00000e+00  
 72.7 1.5948e+01  14 1.00000e+00  
 72.8 1.5969e+01  14 1.00000e+00  
 72.9 1.5986e+01  14 1.00000e+00  
 73.0 1.6004e+01  14 1.00000e+00  
 73.1 1.6022e+01  14 1.00000e+00  
 73.2 1.6041e+01  14 1.00000e+00  
 73.3 1.6063e+01  14 1.00000e+00  
 73.4 1.6103e+01  14 1.00000e+00  
 73.5 1.6115e+01  14 1.00000e+00  
 73.6 1.6128e+01  14 1.00000e+00  
 73.7 1.6149e+01  14 1.00000e+00  
 73.8 1.6157e+01  14 1.00000e+00  
 73.9 1.6183e+01  14 1.00000e+00  
 74.0 1.6201e+01  14 1.00000e+00  
 74.1 1.6228e+01  14 1.00000e+00  
 74.2 1.6263e+01  14 1.00000e+00  
 74.3 1.6287e+01  14 1.00000e+00  
 74.4 1.6310e+01  14 1.00000e+00  
 74.5 1.6341e+01  14 1.00000e+00  
 74.6 1.6357e+01  14 1.00000e+00  
 74.7 1.6380e+01  14 1.00000e+00  
 74.8 1.6410e+01  14 1.00000e+00  
 74.9 1.6449e+01  14 1.00000e+00  
 75.0 1.6475e+01  14 1.00000e+00  
 75.1 1.6471e+01  14 1.00000e+00  
 75.2 1.6496e+01  14 1.00000e+00  
 75.3 1.6516e+01  14 1.00000e+00  
 75.4 1.6561e+01  14 1.00000e+00  
 75.5 1.6585e+01  14 1.00000e+00  
 75.6 1.6601e+01  14 1.00000e+00  
 75.7 1.6618e+01  14 1.00000e+00  
 75.8 1.6637e+01  14 1.00000e+00  
 75.9 1.6664e+01  14 1.00000e+00  
 76.0 1.6693e+01  14 1.00000e+00  
 76.1 1.6707e+01  14 1.00000e+00  
 76.2 1.6733e+01  14 1.00000e+00  
 76.3 1.6747e+01  14 1.00000e+00  
 76.4 1.6757e+01  14 1.00000e+00  
 76.5 1.6784e+01  14 1.00000e+00  
 76.6 1.6807e+01  14 1.00000e+00  
 76.7 1.6837e+01  14 1.00000e+00  
 76.8 1.6867e+01  14 1.00000e+00  
 76.9 1.6893e+01  14 1.00000e+00  
 77.0 1.6912e+01  14 1.00000e+00  
 77.1 1.6943e+01  14 1.00000e+00  
 77.2 1.6967e+01  14 1.00000e+00  
 77.3 1.6989e+01  14 1.00000e+00  
 77.4 1.7007e+01  14 1.00000e+00  
 77.5 1.7041e+01  14 1.00000e+00  
 77.6 1.7043e+01  14 1.00000e+00  
 77.7 1.7064e+01  14 1.00000e+00  
 77.8 1.7087e+01  14 1.00000e+00  
 77.9 1.7109e+01  14 1.00000e+00  
 78.0 1.7138e+01  14 1.00000e+00  
 78.1 1.7179e+01  14 1.00000e+00  
 78.2 1.7196e+01  14 1.00000e+00  
 78.3 1.7212e+01  14 1.00000e+00  
 78.4 1.7230e+01  14 1.00000e+00  
 78.5 1.7249e+01  14 1.00000e+00  
 78.6 1.7292e+01  14 1.00000e+00  
 78.7 1.7303e+01  14 1.00000e+00  
 78.8 1.7313e+01  14 1.00000e+00  
 78.9 1.7324e+01  14 1.00000e+00  
 79.0 1.7349e+01  14 1.00000e+00  
 79.1 1.7366e+01  14 1.00000e+00  
 79.2 1.7381e+01  14 1.00000e+00  
 79.3 1.7412e+01  14 1.00000e+00  
 79.4 1.7439e+01  14 1.00000e+00  
 79.5 1.7470e+01  14 1.00000e+00  
 79.6 1.7497e+01  14 1.00000e+00  
 79.7 1.7521e+01  14 1.00000e+00  
 79.8 1.7542e+01  14 1.00000e+00  
 79.9 1.7573e+01  14 1.00000e+00  
 80.0 1.7597e+01  14 1.00000e+00  
 80.1 1.7613e+01  14 1.00000e+00  
 80.2 1.7638e+01  14 1.00000e+00  
 80.3 1.7652e+01  14 1.00000e+00  
 80.4 1.7669e+01  14 1.00000e+00  
 80.5 1.7694e+01  14 1.00000e+00  
 80.6 1.7716e+01  14 1.00000e+00  
 80.7 1.7743e+01  14 1.00000e+00  
 80.8 1.7764e+01  14 1.00000e+00  
 80.9 1.7808e+01  14 1.00000e+00  
 81.0 1.7825e+01  14 1.00000e+00  
 81.1 1.7841e+01  14 1.00000e+00  
 81.2 1.7858e+01  14 1.00000e+00  
 81.3 1.7876e+01  14 1.00000e+00  
 81.4 1.7908e+01  14 1.00000e+00  
 81.5 1.7922e+01  14 1.00000e+00  
 81.6 1.7942e+01  14 1.00000e+00  
 81.7 1.7960e+01  14 1.00000e+00  
 81.8 1.7976e+01  14 1.00000e+00  
 81.9 1.7992e+01  14 1.00000e+00  
 82.0 1.8013e+01  14 1.00000e+00  
 82.1 1.8042e+01  14 1.00000e+00  
 82.2 1.8074e+01  14 1.00000e+00  
 82.3 1.8101e+01  14 1.00000e+00  
 82.4 1.8129e+01  14 1.00000e+00  
 82.5 1.8158e+01  14 1.00000e+00  
 82.6 1.8185e+01  14 1.00000e+00  
 82.7 1.8203e+01  14 1.00000e+00  
 82.8 1.8226e+01  14 1.00000e+00  
 82.9 1.8247e+01  14 1.00000e+00  
 83.0 1.6774e+01  14 1.00000e+00  
 83.1 1.6783e+01  14 1.00000e+00  
 83.2 1.6788e+01  14 1.00000e+00  
 83.3 1.6797e+01  14 1.00000e+00  
 83.4 1.6800e+01  14 1.00000e+00  
 83.5 1.8370e+01  14 1.00000e+00  
 83.6 1.8390e+01  14 1.00000e+00  
 83.7 1.8416e+01  14 1.00000e+00  
 83.8 1.8464e+01  14 1.00000e+00  
 83.9 1.8480e+01  14 1.00000e+00  
 84.0 1.8496e+01  14 1.00000e+00  
 84.1 1.8513e+01  14 1.00000e+00  
 84.2 1.8531e+01  14 1.00000e+00  
 84.3 1.8547e+01  14 1.00000e+00  
 84.4 1.8583e+01  14 1.00000e+00  
 84.5 1.8603e+01  14 1.00000e+00  
 84.6 1.8617e+01  14 1.00000e+00  
 84.7 1.8632e+01  14 1.00000e+00  
 84.8 1.8647e+01  14 1.00000e+00  
 84.9 1.8662e+01  14 1.00000e+00  
 85.0 1.8699e+01  14 1.00000e+00  
 85.1 1.8721e+01  14 1.00000e+00  
 85.2 1.8756e+01  14 1.00000e+00  
 85.3 1.8785e+01  14 1.00000e+00  
 85.4 1.8815e+01  14 1.00000e+00  
 85.5 1.8845e+01  14 1.00000e+00  
 85.6 1.8865e+01  14 1.00000e+00  
 85.7 1.8900e+01  14 1.00000e+00  
 85.8 1.8886e+01  14 1.00000e+00  
 85.9 1.8907e+01  14 1.00000e+00  
 86.0 1.8957e+01  14 1.00000e+00  
 86.1 1.8963e+01  14 1.00000e+00  
 86.2 1.8987e+01  14 1.00000e+00  
 86.3 1.9010e+01  14 1.00000e+00  
 86.4 1.8970e+01  14 1.00000e+00  
 86.5 1.8990e+01  14 1.00000e+00  
 86.6 1.9010e+01  14 1.00000e+00  
 86.7 1.8969e+01  14 1.00000e+00  
 86.8 1.8986e+01  14 1.00000e+00  
 86.9 1.9003e+01  14 1.00000e+00  
 87.0 1.9018e+01  14 1.00000e+00  
 87.1 1.7481e+01  14 1.00000e+00  
 87.2 1.7493e+01  14 1.00000e+00  
 87.3 1.7502e+01  14 1.00000e+00  
 87.4 1.7509e+01  14 1.00000e+00  
 87.5 1.7518e+01  14 1.00000e+00  
 87.6 1.7533e+01  14 1.00000e+00  
 87.7 1.7543e+01  14 1.00000e+00  
 87.8 1.7543e+01  14 1.00000e+00  
 87.9 1.7557e+01  14 1.00000e+00  
 88.0 1.7569e+01  14 1.00000e+00  
 88.1 1.9404e+01  14 1.00000e+00  
 88.2 1.9439e+01  14 1.00000e+00  
 88.3 1.9468e+01  14 1.00000e+00  
 88.4 1.9498e+01  14 1.00000e+00  
 88.5 1.9522e+01  14 1.00000e+00  
 88.6 1.9560e+01  14 1.00000e+00  
 88.7 1.9551e+01  14 1.00000e+00  
 88.8 1.9573e+01  14 1.00000e+00  
 88.9 1.9601e+01  14 1.00000e+00  
 89.0 1.9624e+01  14 1.00000e+00  
 89.1 1.9643e+01  14 1.00000e+00  
 89.2 1.9670e+01  14 1.00000e+00  
 89.3 1.9702e+01  14 1.00000e+00  
 89.4 1.9723e+01  14 1.00000e+00  
 89.5 1.9739e+01  14 1.00000e+00  
 89.6 1.9709e+01  14 1.00000e+00  
 89.7 1.9723e+01  14 1.00000e+00  
 89.8 1.9736e+01  14 1.00000e+00  
 89.9 1.9757e+01  14 1.00000e+00  
 90.0 1.9720e+01  14 1.00000e+00  
 90.1 1.9729e+01  14 1.00000e+00  
 90.2 1.9743e+01  14 1.00000e+00  
 90.3 1.9761e+01  14 1.00000e+00  
 90.4 1.9722e+01  14 1.00000e+00  
 90.5 1.9723e+01  14 1.00000e+00  
 90.6 1.9737e+01  14 1.00000e+00  
 90.7 1.9526e+01  14 1.00000e+00  
 90.8 1.9526e+01  14 1.00000e+00  
 90.9 1.8195e+01  14 1.00000e+00  
 91.0 1.8206e+01  14 1.00000e+00  
 91.1 1.8215e+01  14 1.00000e+00  
 91.2 1.8221e+01  14 1.00000e+00  
 91.3 1.8228e+01  14 1.00000e+00  
 91.4 1.8234e+01  14 1.00000e+00  
 91.5 1.8192e+01  14 1.00000e+00  
 91.6 1.8199e+01  14 1.00000e+00  
 91.7 1.8195e+01  14 1.00000e+00  
 91.8 1.8204e+01  14 1.00000e+00  
 91.9 1.8209e+01  14 1.00000e+00  
 92.0 1.8217e+01  14 1.00000e+00  
 92.1 1.8221e+01  14 1.00000e+00  
 92.2 1.8230e+01  14 1.00000e+00  
 92.3 1.8239e+01  14 1.00000e+00  
 92.4 1.8244e+01  14 1.00000e+00  
 92.5 1.8251e+01  14 1.00000e+00  
 92.6 2.0449e+01  14 1.00000e+00  
 92.7 2.0480e+01  14 1.00000e+00  
 92.8 2.0444e+01  14 1.00000e+00  
 92.9 2.0443e+01  14 1.00000e+00  
 93.0 2.0473e+01  14 1.00000e+00  
 93.1 2.0442e+01  14 1.00000e+00  
 93.2 2.0442e+01  14 1.00000e+00  
 93.3 2.0453e+01  14 1.00000e+00  
 93.4 2.0473e+01  14 1.00000e+00  
 93.5 2.0245e+01  14 1.00000e+00  
 93.6 2.0246e+01  14 1.00000e+00  
 93.7 2.0274e+01  14 1.00000e+00  
 93.8 2.0297e+01  14 1.00000e+00  
 93.9 2.0042e+01  14 1.00000e+00  
 94.0 2.0037e+01  14 1.00000e+00  
 94.1 2.0052e+01  14 1.00000e+00  
 94.2 2.0067e+01  14 1.00000e+00  
 94.3 2.0041e+01  14 1.00000e+00  
 94.4 1.9829e+01  14 1.00000e+00  
 94.5 1.9841e+01  14 1.00000e+00  
 94.6 1.9811e+01  14 1.00000e+00  
 94.7 1.8842e+01  14 1.00000e+00  
 94.8 1.8851e+01  14 1.00000e+00  
 94.9 1.8859e+01  14 1.00000e+00  
 95.0 1.8862e+01  14 1.00000e+00  
 95.1 1.8857e+01  14 1.00000e+00  
 95.2 1.8864e+01  14 1.00000e+00  
 95.3 1.8872e+01  14 1.00000e+00  
 95.4 1.8879e+01  14 1.00000e+00  
 95.5 1.8889e+01  14 1.00000e+00  
 95.6 1.8898e+01  14 1.00000e+00  
 95.7 1.8869e+01  14 1.00000e+00  
 95.8 1.8875e+01  14 1.00000e+00  
 95.9 1.8858e+01  14 1.00000e+00  
 96.0 1.8860e+01  14 1.00000e+00  
 96.1 1.8861e+01  14 1.00000e+00  
 96.2 1.8865e+01  14 1.00000e+00  
 96.3 1.8875e+01  14 1.00000e+00  
 96.4 1.8883e+01  14 1.00000e+00  
 96.5 1.8889e+01  14 1.00000e+00  
 96.6 1.8895e+01  14 1.00000e+00  
 96.7 1.8900e+01  14 1.00000e+00  
 96.8 1.8868e+01  14 1.00000e+00  
 96.9 2.0764e+01  14 1.00000e+00  
 97.0 2.0746e+01  14 1.00000e+00  
 97.1 2.0744e+01  14 1.00000e+00  
 97.2 2.0748e+01  14 1.00000e+00  
 97.3 2.0539e+01  14 1.00000e+00  
 97.4 2.0512e+01  14 1.00000e+00  
 97.5 2.0511e+01  14 1.00000e+00  
 97.6 2.0523e+01  14 1.00000e+00  
 97.7 2.0328e+01  14 1.00000e+00  
 97.8 2.0291e+01  14 1.00000e+00  
 97.9 2.0290e+01  14 1.00000e+00  
 98.0 2.0299e+01  14 1.00000e+00  
 98.1 2.0320e+01  14 1.00000e+00  
 98.2 2.0068e+01  14 1.00000e+00  
 98.3 1.9284e+01  14 1.00000e+00  
 98.4 1.9314e+01  14 1.00000e+00  
 98.5 1.9284e+01  14 1.00000e+00  
 98.6 1.9285e+01  14 1.00000e+00  
 98.7 1.9285e+01  14 1.00000e+00  
 98.8 1.9289e+01  14 1.00000e+00  
 98.9 1.9289e+01  14 1.00000e+00  
 99.0 1.9300e+01  14 1.00000e+00  
 99.1 1.9299e+01  14 1.00000e+00  
 99.2 1.9308e+01  14 1.00000e+00  
 99.3 1.9313e+01  14 1.00000e+00  
 99.4 1.9316e+01  14 1.00000e+00  
 99.5 1.9283e+01  14 1.00000e+00  
 99.6 1.9283e+01  14 1.00000e+00  
 99.7 1.9315e+01  14 1.00000e+00  
 99.8 1.9283e+01  14 1.00000e+00  
 99.9 1.9283e+01  14 1.00000e+00  
100.0 1.9283e+01  14 1.00000e+00  
100.1 1.9288e+01  14 1.00000e+00  
100.2 1.9290e+01  14 1.00000e+00  
100.3 1.9297e+01  14 1.00000e+00  
100.4 1.9301e+01  14 1.00000e+00  
100.5 1.9297e+01  14 1.00000e+00  
100.6 1.9311e+01  14 1.00000e+00  
100.7 1.9315e+01  14 1.00000e+00  
100.8 1.9285e+01  14 1.00000e+00  
100.9 1.9285e+01  14 1.00000e+00  
101.0 1.9314e+01  14 1.00000e+00  
101.1 2.0771e+01  14 1.00000e+00  
101.2 2.0770e+01  14 1.00000e+00  
101.3 2.0825e+01  14 1.00000e+00  
101.4 2.0761e+01  14 1.00000e+00  
101.5 2.0745e+01  14 1.00000e+00  
101.6 2.0549e+01  14 1.00000e+00  
101.7 2.0521e+01  14 1.00000e+00  
101.8 2.0516e+01  14 1.00000e+00  
101.9 1.9300e+01  14 1.00000e+00  
102.0 1.9314e+01  14 1.00000e+00  
102.1 1.9313e+01  14 1.00000e+00  
102.2 1.9313e+01  14 1.00000e+00  
102.3 1.9326e+01  14 1.00000e+00  
102.4 1.9330e+01  14 1.00000e+00  
102.5 1.9333e+01  14 1.00000e+00  
102.6 1.9285e+01  14 1.00000e+00  
102.7 1.9286e+01  14 1.00000e+00  
102.8 1.9287e+01  14 1.00000e+00  
102.9 1.9291e+01  14 1.00000e+00  
103.0 1.9290e+01  14 1.00000e+00  
103.1 1.9290e+01  14 1.00000e+00  
103.2 1.9286e+01  14 1.00000e+00  
103.3 1.9300e+01  14 1.00000e+00  
103.4 1.9298e+01  14 1.00000e+00  
103.5 1.9310e+01  14 1.00000e+00  
103.6 1.9315e+01  14 1.00000e+00  
103.7 1.9315e+01  14 1.00000e+00  
103.8 1.9312e+01  14 1.00000e+00  
103.9 1.9277e+01  14 1.00000e+00  
104.0 1.9276e+01  14 1.00000e+00  
104.1 1.9277e+01  14 1.00000e+00  
104.2 1.9283e+01  14 1.00000e+00  
104.3 1.9284e+01  14 1.00000e+00  
104.4 1.9284e+01  14 1.00000e+00  
104.5 1.9289e+01  14 1.00000e+00  
104.6 1.9289e+01  14 1.00000e+00  
104.7 1.9284e+01  14 1.00000e+00  
104.8 1.9300e+01  14 1.00000e+00  
104.9 1.9300e+01  14 1.00000e+00  
105.0 1.9299e+01  14 1.00000e+00  
105.1 1.9236e+01  14 1.00000e+00  
105.2 2.0985e+01  14 1.00000e+00  
105.3 2.0933e+01  14 1.00000e+00  
105.4 2.0748e+01  14 1.00000e+00  
105.5 1.9178e+01  14 1.00000e+00  
105.6 1.9178e+01  14 1.00000e+00  
105.7 1.9178e+01  14 1.00000e+00  
105.8 1.9177e+01  14 1.00000e+00  
105.9 1.9369e+01  14 1.00000e+00  
106.0 1.9329e+01  14 1.00000e+00  
106.1 1.9333e+01  14 1.00000e+00  
106.2 1.9333e+01  14 1.00000e+00  
106.3 1.9331e+01  14 1.00000e+00  
106.4 1.9330e+01  14 1.00000e+00  
106.5 1.9341e+01  14 1.00000e+00  
106.6 1.9333e+01  14 1.00000e+00  
106.7 1.9333e+01  14 1.00000e+00  
106.8 1.9333e+01  14 1.00000e+00  
106.9 1.9329e+01  14 1.00000e+00  
107.0 1.9342e+01  14 1.00000e+00  
107.1 1.9347e+01  14 1.00000e+00  
107.2 1.9297e+01  14 1.00000e+00  
107.3 1.9299e+01  14 1.00000e+00  
107.4 1.9299e+01  14 1.00000e+00  
107.5 1.9314e+01  14 1.00000e+00  
107.6 1.9315e+01  14 1.00000e+00  
107.7 1.9292e+01  14 1.00000e+00  
107.8 1.9299e+01  14 1.00000e+00  
107.9 1.9295e+01  14 1.00000e+00  
108.0 1.9312e+01  14 1.00000e+00  
108.1 1.9314e+01  14 1.00000e+00  
108.2 1.9315e+01  14 1.00000e+00  
108.3 1.9312e+01  14 1.00000e+00  
108.4 1.9285e+01  14 1.00000e+00  
108.5 1.9279e+01  14 1.00000e+00  
108.6 1.9309e+01  14 1.00000e+00  
108.7 1.9235e+01  14 1.00000e+00  
108.8 1.9234e+01  14 1.00000e+00  
108.9 1.9236e+01  14 1.00000e+00  
109.0 1.9236e+01  14 1.00000e+00  
109.1 1.9210e+01  14 1.00000e+00  
109.2 1.9209e+01  14 1.00000e+00  
109.3 1.9224e+01  14 1.00000e+00  
109.4 1.9226e+01  14 1.00000e+00  
109.5 1.9231e+01  14 1.00000e+00  
109.6 1.9232e+01  14 1.00000e+00  
109.7 1.9365e+01  14 1.00000e+00  
109.8 1.9369e+01  14 1.00000e+00  
109.9 1.9372e+01  14 1.00000e+00  
110.0 1.9227e+01  14 1.00000e+00  
110.1 1.9177e+01  14 1.00000e+00  
110.2 1.9175e+01  14 1.00000e+00  
110.3 1.9175e+01  14 1.00000e+00  
110.4 1.9180e+01  14 1.00000e+00  
110.5 1.9186e+01  14 1.00000e+00  
110.6 1.9387e+01  14 1.00000e+00  
110.7 1.9345e+01  14 1.00000e+00  
110.8 1.9332e+01  14 1.00000e+00  
110.9 1.9329e+01  14 1.00000e+00  
111.0 1.9346e+01  14 1.00000e+00  
111.1 1.9345e+01  14 1.00000e+00  
111.2 1.9347e+01  14 1.00000e+00  
111.3 1.9349e+01  14 1.00000e+00  
111.4 1.9343e+01  14 1.00000e+00  
111.5 1.9334e+01  14 1.00000e+00  
111.6 1.9349e+01  14 1.00000e+00  
111.7 1.9350e+01  14 1.00000e+00  
111.8 1.9349e+01  14 1.00000e+00  
111.9 1.9314e+01  14 1.00000e+00  
112.0 1.9312e+01  14 1.00000e+00  
112.1 1.9295e+01  14 1.00000e+00  
112.2 1.9308e+01  14 1.00000e+00  
112.3 1.9289e+01  14 1.00000e+00  
112.4 1.9290e+01  14 1.00000e+00  
112.5 1.9289e+01  14 1.00000e+00  
112.6 1.9287e+01  14 1.00000e+00  
112.7 1.9294e+01  14 1.00000e+00  
112.8 1.9296e+01  14 1.00000e+00  
112.9 1.9299e+01  14 1.00000e+00  
113.0 1.9285e+01  14 1.00000e+00  
113.1 1.9283e+01  14 1.00000e+00  
113.2 1.9379e+01  14 1.00000e+00  
113.3 1.9231e+01  14 1.00000e+00  
113.4 1.9233e+01  14 1.00000e+00  
113.5 1.9234e+01  14 1.00000e+00  
113.6 1.9192e+01  14 1.00000e+00  
113.7 1.9192e+01  14 1.00000e+00  
113.8 1.9191e+01  14 1.00000e+00  
113.9 1.9193e+01  14 1.00000e+00  
114.0 1.9190e+01  14 1.00000e+00  
114.1 1.9200e+01  14 1.00000e+00  
114.2 1.9346e+01  14 1.00000e+00  
114.3 1.9348e+01  14 1.00000e+00  
114.4 1.9350e+01  14 1.00000e+00  
114.5 1.9347e+01  14 1.00000e+00  
114.6 1.9355e+01  14 1.00000e+00  
114.7 1.9350e+01  14 1.00000e+00  
114.8 1.9360e+01  14 1.00000e+00  
114.9 1.9362e+01  14 1.00000e+00  
115.0 1.9352e+01  14 1.00000e+00  
115.1 1.9361e+01  14 1.00000e+00  
115.2 1.9363e+01  14 1.00000e+00  
115.3 1.9363e+01  14 1.00000e+00  
115.4 1.9311e+01  14 1.00000e+00  
115.5 1.9315e+01  14 1.00000e+00  
115.6 1.9311e+01  14 1.00000e+00  
115.7 1.9315e+01  14 1.00000e+00  
115.8 1.9313e+01  14 1.00000e+00  
115.9 1.9301e+01  14 1.00000e+00  
116.0 1.9298e+01  14 1.00000e+00  
116.1 1.9295e+01  14 1.00000e+00  
116.2 1.9309e+01  14 1.00000e+00  
116.3 1.9310e+01  14 1.00000e+00  
116.4 1.9313e+01  14 1.00000e+00  
116.5 1.9313e+01  14 1.00000e+00  
116.6 1.9282e+01  14 1.00000e+00  
116.7 1.9287e+01  14 1.00000e+00  
116.8 1.9233e+01  14 1.00000e+00  
116.9 1.9229e+01  14 1.00000e+00  
117.0 1.9226e+01  14 1.00000e+00  
117.1 1.9230e+01  14 1.00000e+00  
117.2 1.9233e+01  14 1.00000e+00  
117.3 1.9234e+01  14 1.00000e+00  
117.4 1.9234e+01  14 1.00000e+00  
117.5 1.9234e+01  14 1.00000e+00  
117.6 1.9366e+01  14 1.00000e+00  
117.7 1.9364e+01  14 1.00000e+00  
117.8 1.9369e+01  14 1.00000e+00  
117.9 1.9349e+01  14 1.00000e+00  
118.0 1.9350e+01  14 1.00000e+00  
118.1 1.9350e+01  14 1.00000e+00  
118.2 1.9349e+01  14 1.00000e+00  
118.3 1.9347e+01  14 1.00000e+00  
118.4 1.9346e+01  14 1.00000e+00  
118.5 1.9349e+01  14 1.00000e+00  
118.6 1.9350e+01  14 1.00000e+00  
118.7 1.9357e+01  14 1.00000e+00  
118.8 1.9357e+01  14 1.00000e+00  
118.9 1.9354e+01  14 1.00000e+00  
119.0 1.9315e+01  14 1.00000e+00  
119.1 1.9311e+01  14 1.00000e+00  
119.2 1.9310e+01  14 1.00000e+00  
119.3 1.9314e+01  14 1.00000e+00  
119.4 1.9299e+01  14 1.00000e+00  
119.5 1.9300e+01  14 1.00000e+00  
119.6 1.9296e+01  14 1.00000e+00  
119.7 1.9295e+01  14 1.00000e+00  
119.8 1.9310e+01  14 1.00000e+00  
119.9 1.9311e+01  14 1.00000e+00  
120.0 1.9314e+01  14 1.00000e+00  
120.1 1.9314e+01  14 1.00000e+00  
120.2 1.9283e+01  14 1.00000e+00  
120.3 1.9300e+01  14 1.00000e+00  
120.4 1.9299e+01  14 1.00000e+00  
120.5 1.9233e+01  14 1.00000e+00  
120.6 1.9231e+01  14 1.00000e+00  
120.7 1.9229e+01  14 1.00000e+00  
120.8 1.9234e+01  14 1.00000e+00  
120.9 1.9233e+01  14 1.00000e+00  
121.0 1.9232e+01  14 1.00000e+00  
121.1 1.9235e+01  14 1.00000e+00  
121.2 1.9232e+01  14 1.00000e+00  
121.3 1.9369e+01  14 1.00000e+00  
121.4 1.9392e+01  14 1.00000e+00  
121.5 1.9230e+01  14 1.00000e+00  
121.6 1.9232e+01  14 1.00000e+00  
121.7 1.9189e+01  14 1.00000e+00  
121.8 1.9187e+01  14 1.00000e+00  
121.9 1.9176e+01  14 1.00000e+00  
122.0 1.9189e+01  14 1.00000e+00  
122.1 1.9182e+01  14 1.00000e+00  
122.2 1.9331e+01  14 1.00000e+00  
122.3 1.9332e+01  14 1.00000e+00  
122.4 1.9328e+01  14 1.00000e+00  
122.5 1.9327e+01  14 1.00000e+00  
122.6 1.9326e+01  14 1.00000e+00  
122.7 1.9296e+01  14 1.00000e+00  
122.8 1.9299e+01  14 1.00000e+00  
122.9 1.9276e+01  14 1.00000e+00  
123.0 1.9282e+01  14 1.00000e+00  
123.1 1.9284e+01  14 1.00000e+00  
123.2 1.9290e+01  14 1.00000e+00  
123.3 1.9291e+01  14 1.00000e+00  
123.4 1.9289e+01  14 1.00000e+00  
123.5 1.9288e+01  14 1.00000e+00  
123.6 1.9285e+01  14 1.00000e+00  
123.7 1.9300e+01  14 1.00000e+00  
123.8 1.9234e+01  14 1.00000e+00  
123.9 1.9289e+01  14 1.00000e+00  
124.0 1.9290e+01  14 1.00000e+00  
124.1 1.9209e+01  14 1.00000e+00  
124.2 1.9209e+01  14 1.00000e+00  
124.3 1.9212e+01  14 1.00000e+00  
124.4 1.9212e+01  14 1.00000e+00  
124.5 1.9225e+01  14 1.00000e+00  
124.6 1.9227e+01  14 1.00000e+00  
124.7 1.9228e+01  14 1.00000e+00  
124.8 1.9229e+01  14 1.00000e+00  
124.9 1.9367e+01  14 1.00000e+00  
125.0 1.9366e+01  14 1.00000e+00  
125.1 1.9365e+01  14 1.00000e+00  
125.2 1.9365e+01  14 1.00000e+00  
125.3 1.9209e+01  14 1.00000e+00  
125.4 1.9178e+01  14 1.00000e+00  
125.5 1.9179e+01  14 1.00000e+00  
125.6 1.9177e+01  14 1.00000e+00  
125.7 1.9367e+01  14 1.00000e+00  
125.8 1.9368e+01  14 1.00000e+00  
125.9 1.9331e+01  14 1.00000e+00  
126.0 1.9319e+01  14 1.00000e+00  
126.1 1.9313e+01  14 1.00000e+00  
126.2 1.9314e+01  14 1.00000e+00  
126.3 1.9315e+01  14 1.00000e+00  
126.4 1.9288e+01  14 1.00000e+00  
126.5 1.9298e+01  14 1.00000e+00  
126.6 1.9300e+01  14 1.00000e+00  
126.7 1.9300e+01  14 1.00000e+00  
126.8 1.9301e+01  14 1.00000e+00  
126.9 1.9300e+01  14 1.00000e+00  
127.0 1.9300e+01  14 1.00000e+00  
127.1 1.9283e+01  14 1.00000e+00  
127.2 1.9284e+01  14 1.00000e+00  
127.3 1.9384e+01  14 1.00000e+00  
127.4 1.9233e+01  14 1.00000e+00  
127.5 1.9232e+01  14 1.00000e+00  
127.6 1.9233e+01  14 1.00000e+00  
127.7 1.9190e+01  14 1.00000e+00  
127.8 1.9192e+01  14 1.00000e+00  
127.9 1.9191e+01  14 1.00000e+00  
128.0 1.9192e+01  14 1.00000e+00  
128.1 1.9194e+01  14 1.00000e+00  
128.2 1.9192e+01  14 1.00000e+00  
128.3 1.9190e+01  14 1.00000e+00  
128.4 1.9350e+01  14 1.00000e+00  
128.5 1.9350e+01  14 1.00000e+00  
128.6 1.9346e+01  14 1.00000e+00  
128.7 1.9350e+01  14 1.00000e+00  
128.8 1.9349e+01  14 1.00000e+00  
128.9 1.9350e+01  14 1.00000e+00  
129.0 1.9350e+01  14 1.00000e+00  
129.1 1.9350e+01  14 1.00000e+00  
129.2 1.9345e+01  14 1.00000e+00  
129.3 1.9346e+01  14 1.00000e+00  
129.4 1.9346e+01  14 1.00000e+00  
129.5 1.9345e+01  14 1.00000e+00  
129.6 1.9346e+01  14 1.00000e+00  
129.7 1.9299e+01  14 1.00000e+00  
129.8 1.9299e+01  14 1.00000e+00  
129.9 1.9288e+01  14 1.00000e+00  
130.0 1.9285e+01  14 1.00000e+00  
130.1 1.9274e+01  14 1.00000e+00  
130.2 1.9284e+01  14 1.00000e+00  
130.3 1.9284e+01  14 1.00000e+00  
130.4 1.9284e+01  14 1.00000e+00  
130.5 1.9283e+01  14 1.00000e+00  
130.6 1.9282e+01  14 1.00000e+00  
130.7 1.9283e+01  14 1.00000e+00  
130.8 1.9233e+01  14 1.00000e+00  
130.9 1.9234e+01  14 1.00000e+00  
131.0 1.9233e+01  14 1.00000e+00  
131.1 1.9193e+01  14 1.00000e+00  
131.2 1.9192e+01  14 1.00000e+00  
131.3 1.9189e+01  14 1.00000e+00  
131.4 1.9191e+01  14 1.00000e+00  
131.5 1.9187e+01  14 1.00000e+00  
131.6 1.9329e+01  14 1.00000e+00  
131.7 1.9333e+01  14 1.00000e+00  
131.8 1.9333e+01  14 1.00000e+00  
131.9 1.9331e+01  14 1.00000e+00  
132.0 1.9332e+01  14 1.00000e+00  
132.1 1.9332e+01  14 1.00000e+00  
132.2 1.9301e+01  14 1.00000e+00  
132.3 1.9300e+01  14 1.00000e+00  
132.4 1.9288e+01  14 1.00000e+00  
132.5 1.9284e+01  14 1.00000e+00  
132.6 1.9298e+01  14 1.00000e+00  
132.7 1.9300e+01  14 1.00000e+00  
132.8 1.9301e+01  14 1.00000e+00  
132.9 1.9299e+01  14 1.00000e+00  
133.0 1.9299e+01  14 1.00000e+00  
133.1 1.9296e+01  14 1.00000e+00  
133.2 1.9298e+01  14 1.00000e+00  
133.3 1.9297e+01  14 1.00000e+00  
133.4 1.9237e+01  14 1.00000e+00  
133.5 1.9290e+01  14 1.00000e+00  
133.6 1.9290e+01  14 1.00000e+00  
133.7 1.9217e+01  14 1.00000e+00  
133.8 1.9209e+01  14 1.00000e+00  
133.9 1.9212e+01  14 1.00000e+00  
134.0 1.9210e+01  14 1.00000e+00  
134.1 1.9210e+01  14 1.00000e+00  
134.2 1.9214e+01  14 1.00000e+00  
134.3 1.9211e+01  14 1.00000e+00  
134.4 1.9364e+01  14 1.00000e+00  
134.5 1.9346e+01  14 1.00000e+00  
134.6 1.9362e+01  14 1.00000e+00  
134.7 1.9362e+01  14 1.00000e+00  
134.8 1.9354e+01  14 1.00000e+00  
134.9 1.9351e+01  14 1.00000e+00  
135.0 1.9350e+01  14 1.00000e+00  
135.1 1.9348e+01  14 1.00000e+00  
135.2 1.9348e+01  14 1.00000e+00  
135.3 1.9349e+01  14 1.00000e+00  
135.4 1.9349e+01  14 1.00000e+00  
135.5 1.9309e+01  14 1.00000e+00  
135.6 1.9299e+01  14 1.00000e+00  
135.7 1.9301e+01  14 1.00000e+00  
135.8 1.9300e+01  14 1.00000e+00  
135.9 1.9291e+01  14 1.00000e+00  
136.0 1.9283e+01  14 1.00000e+00  
136.1 1.9276e+01  14 1.00000e+00  
136.2 1.9289e+01  14 1.00000e+00  
136.3 1.9290e+01  14 1.00000e+00  
136.4 1.9291e+01  14 1.00000e+00  
136.5 1.9289e+01  14 1.00000e+00  
136.6 1.9291e+01  14 1.00000e+00  
136.7 1.9238e+01  14 1.00000e+00  
136.8 1.9232e+01  14 1.00000e+00  
136.9 1.9231e+01  14 1.00000e+00  
137.0 1.9367e+01  14 1.00000e+00  
137.1 1.9367e+01  14 1.00000e+00  
137.2 1.9365e+01  14 1.00000e+00  
137.3 1.9364e+01  14 1.00000e+00  
137.4 1.9367e+01  14 1.00000e+00  
137.5 1.9362e+01  14 1.00000e+00  
137.6 1.9365e+01  14 1.00000e+00  
137.7 1.9364e+01  14 1.00000e+00  
137.8 1.9364e+01  14 1.00000e+00  
137.9 1.9365e+01  14 1.00000e+00  
138.0 1.9312e+01  14 1.00000e+00  
138.1 1.9315e+01  14 1.00000e+00  
138.2 1.9315e+01  14 1.00000e+00  
138.3 1.9313e+01  14 1.00000e+00  
138.4 1.9315e+01  14 1.00000e+00  
138.5 1.9315e+01  14 1.00000e+00  
138.6 1.9300e+01  14 1.00000e+00  
138.7 1.9300e+01  14 1.00000e+00  
138.8 1.9298e+01  14 1.00000e+00  
138.9 1.9299e+01  14 1.00000e+00  
139.0 1.9296e+01  14 1.00000e+00  
139.1 1.9301e+01  14 1.00000e+00  
139.2 1.9296e+01  14 1.00000e+00  
139.3 1.9308e+01  14 1.00000e+00  
139.4 1.9231e+01  14 1.00000e+00  
139.5 1.9290e+01  14 1.00000e+00  
139.6 1.9289e+01  14 1.00000e+00  
139.7 1.9223e+01  14 1.00000e+00  
139.8 1.9211e+01  14 1.00000e+00  
139.9 1.9211e+01  14 1.00000e+00  
140.0 1.9215e+01  14 1.00000e+00  
140.1 1.9225e+01  14 1.00000e+00  
140.2 1.9224e+01  14 1.00000e+00  
140.3 1.9209e+01  14 1.00000e+00  
140.4 1.9363e+01  14 1.00000e+00  
140.5 1.9348e+01  14 1.00000e+00  
140.6 1.9351e+01  14 1.00000e+00  
140.7 1.9349e+01  14 1.00000e+00  
140.8 1.9350e+01  14 1.00000e+00  
140.9 1.9350e+01  14 1.00000e+00  
141.0 1.9333e+01  14 1.00000e+00  
141.1 1.9333e+01  14 1.00000e+00  
141.2 1.9333e+01  14 1.00000e+00  
141.3 1.9333e+01  14 1.00000e+00  
141.4 1.9333e+01  14 1.00000e+00  
141.5 1.9290e+01  14 1.00000e+00  
141.6 1.9290e+01  14 1.00000e+00  
141.7 1.9240e+01  14 1.00000e+00  
141.8 1.9289e+01  14 1.00000e+00  
141.9 1.9288e+01  14 1.00000e+00  
142.0 1.9276e+01  14 1.00000e+00  
142.1 1.9210e+01  14 1.00000e+00  
142.2 1.9209e+01  14 1.00000e+00  
142.3 1.9212e+01  14 1.00000e+00  
142.4 1.9208e+01  14 1.00000e+00  
142.5 1.9216e+01  14 1.00000e+00  
142.6 1.9218e+01  14 1.00000e+00  
142.7 1.9225e+01  14 1.00000e+00  
142.8 1.9228e+01  14 1.00000e+00  
142.9 1.9229e+01  14 1.00000e+00  
143.0 1.9368e+01  14 1.00000e+00  
143.1 1.9367e+01  14 1.00000e+00  
143.2 1.9367e+01  14 1.00000e+00  
143.3 1.9367e+01  14 1.00000e+00  
143.4 1.9368e+01  14 1.00000e+00  
143.5 1.9178e+01  14 1.00000e+00  
143.6 1.9177e+01  14 1.00000e+00  
143.7 1.9366e+01  14 1.00000e+00  
143.8 1.9158e+01  14 1.00000e+00  
143.9 1.9366e+01  14 1.00000e+00  
144.0 1.9364e+01  14 1.00000e+00  
144.1 1.9313e+01  14 1.00000e+00  
144.2 1.9315e+01  14 1.00000e+00  
144.3 1.9311e+01  14 1.00000e+00  
144.4 1.9296e+01  14 1.00000e+00  
144.5 1.9309e+01  14 1.00000e+00  
144.6 1.9289e+01  14 1.00000e+00  
144.7 1.9289e+01  14 1.00000e+00  
144.8 1.9290e+01  14 1.00000e+00  
144.9 1.9290e+01  14 1.00000e+00  
145.0 1.9291e+01  14 1.00000e+00  
145.1 1.9290e+01  14 1.00000e+00  
145.2 1.9291e+01  14 1.00000e+00  
145.3 1.9278e+01  14 1.00000e+00  
145.4 1.9237e+01  14 1.00000e+00  
145.5 1.9237e+01  14 1.00000e+00  
145.6 1.9237e+01  14 1.00000e+00  
145.7 1.9194e+01  14 1.00000e+00  
145.8 1.9192e+01  14 1.00000e+00  
145.9 1.9189e+01  14 1.00000e+00  
146.0 1.9192e+01  14 1.00000e+00  
146.1 1.9377e+01  14 1.00000e+00  
146.2 1.9332e+01  14 1.00000e+00  
146.3 1.9333e+01  14 1.00000e+00  
146.4 1.9331e+01  14 1.00000e+00  
146.5 1.9314e+01  14 1.00000e+00  
146.6 1.9328e+01  14 1.00000e+00  
146.7 1.9328e+01  14 1.00000e+00  
146.8 1.9298e+01  14 1.00000e+00  
146.9 1.9284e+01  14 1.00000e+00  
147.0 1.9291e+01  14 1.00000e+00  
147.1 1.9288e+01  14 1.00000e+00  
147.2 1.9290e+01  14 1.00000e+00  
147.3 1.9290e+01  14 1.00000e+00  
147.4 1.9289e+01  14 1.00000e+00  
147.5 1.9283e+01  14 1.00000e+00  
147.6 1.9287e+01  14 1.00000e+00  
147.7 1.9297e+01  14 1.00000e+00  
147.8 1.9288e+01  14 1.00000e+00  
147.9 1.9297e+01  14 1.00000e+00  
148.0 1.9298e+01  14 1.00000e+00  
148.1 1.9284e+01  14 1.00000e+00  
148.2 1.9284e+01  14 1.00000e+00  
148.3 1.9212e+01  14 1.00000e+00  
148.4 1.9209e+01  14 1.00000e+00  
148.5 1.9197e+01  14 1.00000e+00  
148.6 1.9190e+01  14 1.00000e+00  
148.7 1.9204e+01  14 1.00000e+00  
148.8 1.9203e+01  14 1.00000e+00  
148.9 1.9199e+01  14 1.00000e+00  
149.0 1.9350e+01  14 1.00000e+00  
149.1 1.9344e+01  14 1.00000e+00  
149.2 1.9330e+01  14 1.00000e+00  
149.3 1.9336e+01  14 1.00000e+00  
149.4 1.9331e+01  14 1.00000e+00  
149.5 1.9330e+01  14 1.00000e+00  
149.6 1.9324e+01  14 1.00000e+00  
149.7 1.9321e+01  14 1.00000e+00  
149.8 1.9312e+01  14 1.00000e+00  
149.9 1.9320e+01  14 1.00000e+00  
150.0 1.9317e+01  14 1.00000e+00  
