 15.1 1.2751e+00  13 3.12105e-02  
 15.2 1.2919e+00  13 3.22999e-02  
 15.3 1.2984e+00  13 3.27154e-02  
 15.4 1.3049e+00  13 3.31239e-02  
 15.5 1.3114e+00  13 3.35277e-02  
 15.6 1.3178e+00  13 3.39268e-02  
 15.7 1.3242e+00  13 3.43207e-02  
 15.8 1.3307e+00  13 3.47101e-02  
 15.9 1.3371e+00  13 3.50953e-02  
 16.0 1.3435e+00  13 3.54773e-02  
 16.1 1.3498e+00  13 3.58545e-02  
 16.2 1.3562e+00  13 3.62264e-02  
 16.3 1.3625e+00  13 3.65956e-02  
 16.4 1.3689e+00  13 3.69620e-02  
 16.5 1.3752e+00  13 3.73245e-02  
 16.6 1.3815e+00  13 3.76822e-02  
 16.7 1.3878e+00  13 3.80362e-02  
 16.8 1.4079e+00  13 3.91433e-02  
 16.9 1.4143e+00  13 3.94948e-02  
 17.0 1.4208e+00  13 3.98432e-02  
 17.1 1.4273e+00  13 4.01878e-02  
 17.2 1.4337e+00  13 4.05287e-02  
 17.3 1.4401e+00  13 4.08660e-02  
 17.4 1.4465e+00  13 4.11996e-02  
 17.5 1.4529e+00  13 4.15296e-02  
 17.6 1.4592e+00  13 4.18560e-02  
 17.7 1.4656e+00  13 4.21789e-02  
 17.8 1.4719e+00  13 4.24978e-02  
 17.9 1.4782e+00  13 4.28147e-02  
 18.0 1.4845e+00  13 4.31303e-02  
 18.1 1.4908e+00  13 4.34423e-02  
 18.2 1.4971e+00  13 4.37512e-02  
 18.3 1.5034e+00  13 4.40573e-02  
 18.4 1.5097e+00  13 4.43604e-02  
 18.5 1.5159e+00  13 4.46605e-02  
 18.6 1.5221e+00  13 4.49564e-02  
 18.7 1.5283e+00  13 4.52501e-02  
 18.8 1.5345e+00  13 4.55409e-02  
 18.9 1.5407e+00  13 4.58289e-02  
 19.0 1.5468e+00  13 4.61139e-02  
 19.1 1.5716e+00  13 4.72486e-02  
 19.2 1.5780e+00  13 4.75339e-02  
 19.3 1.5843e+00  13 4.78156e-02  
 19.4 1.5906e+00  13 4.80951e-02  
 19.5 1.5969e+00  13 4.83722e-02  
 19.6 1.6032e+00  13 4.86466e-02  
 19.7 1.6094e+00  13 4.89185e-02  
 19.8 1.6157e+00  13 4.91879e-02  
 19.9 1.6219e+00  13 4.94547e-02  
 20.0 1.6281e+00  13 4.97195e-02  
 20.1 1.6343e+00  13 4.99826e-02  
 20.2 1.6405e+00  13 5.02434e-02  
 20.3 1.6467e+00  13 5.05016e-02  
 20.4 1.6528e+00  13 5.07576e-02  
 20.5 1.6589e+00  13 5.10111e-02  
 20.6 1.6651e+00  13 5.12635e-02  
 20.7 1.6712e+00  13 5.15134e-02  
 20.8 1.6773e+00  13 5.17611e-02  
 20.9 1.6834e+00  13 5.20072e-02  
 21.0 1.6894e+00  13 5.22512e-02  
 21.1 1.6955e+00  13 5.24932e-02  
 21.2 1.7015e+00  13 5.27322e-02  
 21.3 1.7075e+00  13 5.29697e-02  
 21.4 1.7135e+00  13 5.32052e-02  
 21.5 1.7195e+00  13 5.34386e-02  
 21.6 1.7254e+00  13 5.36696e-02  
 21.7 1.7313e+00  13 5.38985e-02  
 21.8 1.7372e+00  13 5.41263e-02  
 21.9 1.7431e+00  13 5.43523e-02  
 22.0 1.7490e+00  13 5.45765e-02  
 22.1 1.7549e+00  13 5.47987e-02  
 22.2 1.7607e+00  13 5.50191e-02  
 22.3 1.7666e+00  13 5.52375e-02  
 22.4 1.7724e+00  13 5.54541e-02  
 22.5 1.7782e+00  13 5.56699e-02  
 22.6 1.7839e+00  13 5.58839e-02  
 22.7 1.7897e+00  13 5.60960e-02  
 22.8 1.8225e+00  13 5.72824e-02  
 22.9 1.8284e+00  13 5.74950e-02  
 23.0 1.8360e+00  13 5.78204e-02  
 23.1 1.8451e+00  13 5.82449e-02  
 23.2 1.8542e+00  13 5.86702e-02  
 23.3 1.8633e+00  13 5.90955e-02  
 23.4 1.8724e+00  13 5.95204e-02  
 23.5 1.8815e+00  13 5.99451e-02  
 23.6 1.8907e+00  13 6.03694e-02  
 23.7 1.8998e+00  13 6.07933e-02  
 23.8 1.9090e+00  13 6.12168e-02  
 23.9 1.9182e+00  13 6.16399e-02  
 24.0 1.9240e+00  13 6.18423e-02  
 24.1 1.8441e+01  14 1.00000e+00  
 24.2 1.8494e+01  14 1.00000e+00  
 24.3 1.8547e+01  14 1.00000e+00  
 24.4 1.8599e+01  14 1.00000e+00  
 24.5 1.8651e+01  14 1.00000e+00  
 24.6 1.8703e+01  14 1.00000e+00  
 24.7 1.8755e+01  14 1.00000e+00  
 24.8 1.8807e+01  14 1.00000e+00  
 24.9 1.8858e+01  14 1.00000e+00  
 25.0 1.8909e+01  14 1.00000e+00  
 25.1 1.8960e+01  14 1.00000e+00  
 25.2 1.9011e+01  14 1.00000e+00  
 25.3 1.9061e+01  14 1.00000e+00  
 25.4 1.9112e+01  14 1.00000e+00  
 25.5 1.9162e+01  14 1.00000e+00  
 25.6 1.9212e+01  14 1.00000e+00  
 25.7 1.9262e+01  14 1.00000e+00  
 25.8 1.9312e+01  14 1.00000e+00  
 25.9 1.9361e+01  14 1.00000e+00  
 26.0 1.9410e+01  14 1.00000e+00  
 26.1 1.9460e+01  14 1.00000e+00  
 26.2 1.9508e+01  14 1.00000e+00  
 26.3 1.9556e+01  14 1.00000e+00  
 26.4 1.9604e+01  14 1.00000e+00  
 26.5 1.9652e+01  14 1.00000e+00  
 26.6 1.9699e+01  14 1.00000e+00  
 26.7 1.9746e+01  14 1.00000e+00  
 26.8 1.9793e+01  14 1.00000e+00  
 26.9 1.9840e+01  14 1.00000e+00  
 27.0 1.9887e+01  14 1.00000e+00  
 27.1 1.9933e+01  14 1.00000e+00  
 27.2 1.9979e+01  14 1.00000e+00  
 27.3 2.0025e+01  14 1.00000e+00  
 27.4 2.0071e+01  14 1.00000e+00  
 27.5 2.0117e+01  14 1.00000e+00  
 27.6 2.0162e+01  14 1.00000e+00  
 27.7 2.0207e+01  14 1.00000e+00  
 27.8 2.0253e+01  14 1.00000e+00  
 27.9 2.0298e+01  14 1.00000e+00  
 28.0 2.0342e+01  14 1.00000e+00  
 28.1 2.0383e+01  14 1.00000e+00  
 28.2 2.0427e+01  14 1.00000e+00  
 28.3 2.0471e+01  14 1.00000e+00  
 28.4 2.0515e+01  14 1.00000e+00  
 28.5 2.0558e+01  14 1.00000e+00  
 28.6 2.0602e+01  14 1.00000e+00  
 28.7 5.5383e+00  14 2.34908e-01  
 28.8 5.6259e+00  14 2.38822e-01  
 28.9 5.7137e+00  14 2.42734e-01  
 29.0 5.8018e+00  14 2.46645e-01  
 29.1 5.8903e+00  14 2.50559e-01  
 29.2 5.9782e+00  14 2.54436e-01  
 29.3 6.0670e+00  14 2.58340e-01  
 29.4 6.1560e+00  14 2.62241e-01  
 29.5 6.2453e+00  14 2.66140e-01  
 29.6 6.3348e+00  14 2.70035e-01  
 29.7 6.4245e+00  14 2.73927e-01  
 29.8 6.5144e+00  14 2.77815e-01  
 29.9 6.6044e+00  14 2.81699e-01  
 30.0 6.6947e+00  14 2.85579e-01  
 30.1 7.6381e+00  14 3.25447e-01  
 30.2 7.7381e+00  14 3.29603e-01  
 30.3 7.8383e+00  14 3.33754e-01  
 30.4 7.9387e+00  14 3.37902e-01  
 30.5 8.0393e+00  14 3.42045e-01  
 30.6 8.1401e+00  14 3.46184e-01  
 30.7 8.2411e+00  14 3.50317e-01  
 30.8 8.3422e+00  14 3.54447e-01  
 30.9 8.4435e+00  14 3.58571e-01  
 31.0 8.5454e+00  14 3.62705e-01  
 31.1 8.6477e+00  14 3.66846e-01  
 31.2 8.7502e+00  14 3.70982e-01  
 31.3 8.8529e+00  14 3.75111e-01  
 31.4 8.9554e+00  14 3.79227e-01  
 31.5 9.0582e+00  14 3.83340e-01  
 31.6 9.1614e+00  14 3.87455e-01  
 31.7 9.2646e+00  14 3.91563e-01  
 31.8 9.3683e+00  14 3.95678e-01  
 31.9 9.4723e+00  14 3.99790e-01  
 32.0 9.5753e+00  14 4.03858e-01  
 32.1 9.6793e+00  14 4.07951e-01  
 32.2 9.7834e+00  14 4.12039e-01  
 32.3 9.8877e+00  14 4.16122e-01  
 32.4 9.9922e+00  14 4.20199e-01  
 32.5 1.0097e+01  14 4.24272e-01  
 32.6 1.0201e+01  14 4.28338e-01  
 32.7 1.0306e+01  14 4.32399e-01  
 32.8 1.0411e+01  14 4.36455e-01  
 32.9 1.0516e+01  14 4.40504e-01  
 33.0 1.0621e+01  14 4.44547e-01  
 33.1 1.0727e+01  14 4.48584e-01  
 33.2 1.0832e+01  14 4.52615e-01  
 33.3 1.0937e+01  14 4.56640e-01  
 33.4 1.1044e+01  14 4.60684e-01  
 33.5 1.1150e+01  14 4.64722e-01  
 33.6 1.1256e+01  14 4.68752e-01  
 33.7 1.1363e+01  14 4.72775e-01  
 33.8 1.1469e+01  14 4.76789e-01  
 33.9 1.1576e+01  14 4.80793e-01  
 34.0 1.1682e+01  14 4.84790e-01  
 34.1 1.1789e+01  14 4.88788e-01  
 34.2 1.1896e+01  14 4.92780e-01  
 34.3 1.2002e+01  14 4.96731e-01  
 34.4 1.2109e+01  14 5.00700e-01  
 34.5 1.2216e+01  14 5.04663e-01  
 34.6 1.2323e+01  14 5.08621e-01  
 34.7 1.2430e+01  14 5.12572e-01  
 34.8 1.2537e+01  14 5.16516e-01  
 34.9 1.2644e+01  14 5.20455e-01  
 35.0 1.2751e+01  14 5.24395e-01  
 35.1 1.2859e+01  14 5.28331e-01  
 35.2 1.2966e+01  14 5.32261e-01  
 35.3 1.3074e+01  14 5.36184e-01  
 35.4 1.3182e+01  14 5.40099e-01  
 35.5 1.3289e+01  14 5.44008e-01  
 35.6 1.3397e+01  14 5.47909e-01  
 35.7 1.3505e+01  14 5.51818e-01  
 35.8 1.3614e+01  14 5.55727e-01  
 35.9 1.3722e+01  14 5.59625e-01  
 36.0 1.3830e+01  14 5.63514e-01  
 36.1 1.3939e+01  14 5.67395e-01  
 36.2 1.4047e+01  14 5.71267e-01  
 36.3 1.4156e+01  14 5.75140e-01  
 36.4 1.4264e+01  14 5.79007e-01  
 36.5 1.4373e+01  14 5.82862e-01  
 36.6 1.4481e+01  14 5.86708e-01  
 36.7 1.4589e+01  14 5.90508e-01  
 36.8 1.4697e+01  14 5.94329e-01  
 36.9 1.4805e+01  14 5.98144e-01  
 37.0 1.4913e+01  14 6.01952e-01  
 37.1 1.5021e+01  14 6.05753e-01  
 37.2 1.5130e+01  14 6.09547e-01  
 37.3 1.5238e+01  14 6.13335e-01  
 37.4 1.5346e+01  14 6.17115e-01  
 37.5 1.5454e+01  14 6.20888e-01  
 37.6 1.5563e+01  14 6.24654e-01  
 37.7 1.5671e+01  14 6.28412e-01  
 37.8 1.5779e+01  14 6.32163e-01  
 37.9 1.5887e+01  14 6.35906e-01  
 38.0 1.5996e+01  14 6.39641e-01  
 38.1 1.6105e+01  14 6.43392e-01  
 38.2 1.6213e+01  14 6.47138e-01  
 38.3 1.6322e+01  14 6.50877e-01  
 38.4 1.6431e+01  14 6.54608e-01  
 38.5 1.6540e+01  14 6.58331e-01  
 38.6 1.6649e+01  14 6.62064e-01  
 38.7 1.6759e+01  14 6.65792e-01  
 38.8 1.6868e+01  14 6.69513e-01  
 38.9 1.6977e+01  14 6.73222e-01  
 39.0 1.7083e+01  14 6.76811e-01  
 39.1 1.7175e+01  14 6.79925e-01  
 39.2 1.7268e+01  14 6.83062e-01  
 39.3 1.7361e+01  14 6.86191e-01  
 39.4 1.7447e+01  14 6.89100e-01  
 39.5 1.7531e+01  14 6.91938e-01  
 39.6 1.7615e+01  14 6.94767e-01  
 39.7 1.7699e+01  14 6.97587e-01  
 39.8 1.7783e+01  14 7.00397e-01  
 39.9 1.7866e+01  14 7.03176e-01  
 40.0 1.7943e+01  14 7.05743e-01  
 40.1 1.8020e+01  14 7.08331e-01  
 40.2 1.8098e+01  14 7.10906e-01  
 40.3 1.8174e+01  14 7.13453e-01  
 40.4 1.8248e+01  14 7.15931e-01  
 40.5 1.8325e+01  14 7.18460e-01  
 40.6 1.8399e+01  14 7.20930e-01  
 40.7 1.8467e+01  14 7.23179e-01  
 40.8 1.8534e+01  14 7.25421e-01  
 40.9 1.8602e+01  14 7.27654e-01  
 41.0 1.8663e+01  14 7.29675e-01  
 41.1 1.8717e+01  14 7.31462e-01  
 41.2 2.0805e+01  14 7.99426e-01  
 41.3 2.0866e+01  14 8.01371e-01  
 41.4 2.0926e+01  14 8.03308e-01  
 41.5 2.0977e+01  14 8.04926e-01  
 41.6 2.1029e+01  14 8.06580e-01  
 41.7 2.1083e+01  14 8.08304e-01  
 41.8 2.1139e+01  14 8.10093e-01  
 41.9 2.1194e+01  14 8.11858e-01  
 42.0 2.1247e+01  14 8.13544e-01  
 42.1 2.1299e+01  14 8.15214e-01  
 42.2 2.1352e+01  14 8.16887e-01  
 42.3 2.1404e+01  14 8.18559e-01  
 42.4 2.1446e+01  14 8.19904e-01  
 42.5 2.1490e+01  14 8.21286e-01  
 42.6 2.1536e+01  14 8.22760e-01  
 42.7 2.1583e+01  14 8.24239e-01  
 42.8 2.1628e+01  14 8.25682e-01  
 42.9 2.1671e+01  14 8.27022e-01  
 43.0 2.1714e+01  14 8.28394e-01  
 43.1 2.1757e+01  14 8.29769e-01  
 43.2 2.1801e+01  14 8.31140e-01  
 43.3 2.1844e+01  14 8.32507e-01  
 43.4 2.1873e+01  14 8.33443e-01  
 43.5 2.1890e+01  14 8.33979e-01  
 43.6 2.1904e+01  14 8.34409e-01  
 43.7 2.1917e+01  14 8.34831e-01  
 43.8 2.1931e+01  14 8.35266e-01  
 43.9 2.1945e+01  14 8.35706e-01  
 44.0 2.1963e+01  14 8.36269e-01  
 44.1 2.4352e+01  14 9.10623e-01  
 44.2 2.4376e+01  14 9.11350e-01  
 44.3 2.4400e+01  14 9.12102e-01  
 44.4 2.4419e+01  14 9.12662e-01  
 44.5 2.4434e+01  14 9.13125e-01  
 44.6 2.4453e+01  14 9.13716e-01  
 44.7 2.4474e+01  14 9.14364e-01  
 44.8 2.4494e+01  14 9.14980e-01  
 44.9 2.4512e+01  14 9.15524e-01  
 45.0 2.4529e+01  14 9.16039e-01  
 45.1 2.4546e+01  14 9.16556e-01  
 45.2 2.4563e+01  14 9.17088e-01  
 45.3 2.4585e+01  14 9.17753e-01  
 45.4 2.4598e+01  14 9.18149e-01  
 45.5 2.4582e+01  14 9.17650e-01  
 45.6 2.4563e+01  14 9.17068e-01  
 45.7 2.4545e+01  14 9.16515e-01  
 45.8 2.4528e+01  14 9.16003e-01  
 45.9 2.4517e+01  14 9.15688e-01  
 46.0 2.4507e+01  14 9.15361e-01  
 46.1 2.4493e+01  14 9.14952e-01  
 46.2 2.4482e+01  14 9.14592e-01  
 46.3 2.7094e+01  14 9.93414e-01  
 46.4 2.7094e+01  14 9.93419e-01  
 46.5 2.7097e+01  14 9.93485e-01  
 46.6 2.7095e+01  14 9.93444e-01  
 46.7 2.7082e+01  14 9.93051e-01  
 46.8 2.7070e+01  14 9.92704e-01  
 46.9 2.7061e+01  14 9.92416e-01  
 47.0 2.7058e+01  14 9.92324e-01  
 47.1 2.7055e+01  14 9.92242e-01  
 47.2 2.7034e+01  14 9.91632e-01  
 47.3 2.6988e+01  14 9.90243e-01  
 47.4 2.6944e+01  14 9.88938e-01  
 47.5 2.6906e+01  14 9.87819e-01  
 47.6 2.6875e+01  14 9.86882e-01  
 47.7 2.6843e+01  14 9.85922e-01  
 47.8 2.6800e+01  14 9.84638e-01  
 47.9 2.6754e+01  14 9.83280e-01  
 48.0 2.6714e+01  14 9.82079e-01  
 48.1 2.6681e+01  14 9.81084e-01  
 48.2 2.6647e+01  14 9.80069e-01  
 48.3 2.7771e+01  14 1.00000e+00  
 48.4 2.7764e+01  14 1.00000e+00  
 48.5 2.7758e+01  14 1.00000e+00  
 48.6 2.7753e+01  14 1.00000e+00  
 48.7 2.7748e+01  14 1.00000e+00  
 48.8 2.7744e+01  14 1.00000e+00  
 48.9 2.7732e+01  14 1.00000e+00  
 49.0 2.7716e+01  14 1.00000e+00  
 49.1 2.7701e+01  14 1.00000e+00  
 49.2 2.7688e+01  14 1.00000e+00  
 49.3 2.7673e+01  14 1.00000e+00  
 49.4 2.7659e+01  14 1.00000e+00  
 49.5 2.7645e+01  14 1.00000e+00  
 49.6 2.7633e+01  14 1.00000e+00  
 49.7 2.7621e+01  14 1.00000e+00  
 49.8 2.7609e+01  14 1.00000e+00  
 49.9 2.7596e+01  14 1.00000e+00  
 50.0 2.7585e+01  14 1.00000e+00  
 50.1 2.8203e+01  14 1.00000e+00  
 50.2 2.8194e+01  14 1.00000e+00  
 50.3 2.8183e+01  14 1.00000e+00  
 50.4 2.8169e+01  14 1.00000e+00  
 50.5 2.8149e+01  14 1.00000e+00  
 50.6 2.8131e+01  14 1.00000e+00  
 50.7 2.8113e+01  14 1.00000e+00  
 50.8 2.8093e+01  14 1.00000e+00  
 50.9 2.8075e+01  14 1.00000e+00  
 51.0 2.8058e+01  14 1.00000e+00  
 51.1 2.8042e+01  14 1.00000e+00  
 51.2 2.8025e+01  14 1.00000e+00  
 51.3 2.8009e+01  14 1.00000e+00  
 51.4 2.7993e+01  14 1.00000e+00  
 51.5 2.7977e+01  14 1.00000e+00  
 51.6 2.7961e+01  14 1.00000e+00  
 51.7 2.8590e+01  14 1.00000e+00  
 51.8 2.8575e+01  14 1.00000e+00  
 51.9 2.8554e+01  14 1.00000e+00  
 52.0 2.8532e+01  14 1.00000e+00  
 52.1 2.8510e+01  14 1.00000e+00  
 52.2 2.8487e+01  14 1.00000e+00  
 52.3 2.8464e+01  14 1.00000e+00  
 52.4 2.8444e+01  14 1.00000e+00  
 52.5 2.8424e+01  14 1.00000e+00  
 52.6 2.8403e+01  14 1.00000e+00  
 52.7 2.8382e+01  14 1.00000e+00  
 52.8 2.8363e+01  14 1.00000e+00  
 52.9 2.8346e+01  14 1.00000e+00  
 53.0 2.8328e+01  14 1.00000e+00  
 53.1 2.8309e+01  14 1.00000e+00  
 53.2 2.8292e+01  14 1.00000e+00  
 53.3 2.8934e+01  14 1.00000e+00  
 53.4 2.8910e+01  14 1.00000e+00  
 53.5 2.8886e+01  14 1.00000e+00  
 53.6 2.8861e+01  14 1.00000e+00  
 53.7 2.8838e+01  14 1.00000e+00  
 53.8 2.8816e+01  14 1.00000e+00  
 53.9 2.8794e+01  14 1.00000e+00  
 54.0 2.8771e+01  14 1.00000e+00  
 54.1 2.8749e+01  14 1.00000e+00  
 54.2 2.8729e+01  14 1.00000e+00  
 54.3 2.8709e+01  14 1.00000e+00  
 54.4 2.8689e+01  14 1.00000e+00  
 54.5 2.8669e+01  14 1.00000e+00  
 54.6 2.8651e+01  14 1.00000e+00  
 54.7 2.8634e+01  14 1.00000e+00  
 54.8 2.8609e+01  14 1.00000e+00  
 54.9 2.9257e+01  14 1.00000e+00  
 55.0 2.9231e+01  14 1.00000e+00  
 55.1 2.9206e+01  14 1.00000e+00  
 55.2 2.9182e+01  14 1.00000e+00  
 55.3 2.9159e+01  14 1.00000e+00  
 55.4 2.9135e+01  14 1.00000e+00  
 55.5 2.9111e+01  14 1.00000e+00  
 55.6 2.9090e+01  14 1.00000e+00  
 55.7 2.9068e+01  14 1.00000e+00  
 55.8 2.9046e+01  14 1.00000e+00  
 55.9 2.9025e+01  14 1.00000e+00  
 56.0 2.9005e+01  14 1.00000e+00  
 56.1 2.8986e+01  14 1.00000e+00  
 56.2 2.8966e+01  14 1.00000e+00  
 56.3 2.8936e+01  14 1.00000e+00  
 56.4 2.9598e+01  14 1.00000e+00  
 56.5 2.9571e+01  14 1.00000e+00  
 56.6 2.9545e+01  14 1.00000e+00  
 56.7 2.9521e+01  14 1.00000e+00  
 56.8 2.9495e+01  14 1.00000e+00  
 56.9 2.9471e+01  14 1.00000e+00  
 57.0 2.9447e+01  14 1.00000e+00  
 57.1 2.9424e+01  14 1.00000e+00  
 57.2 2.9400e+01  14 1.00000e+00  
 57.3 2.9378e+01  14 1.00000e+00  
 57.4 2.9356e+01  14 1.00000e+00  
 57.5 2.9336e+01  14 1.00000e+00  
 57.6 2.9314e+01  14 1.00000e+00  
 57.7 2.9290e+01  14 1.00000e+00  
 57.8 2.9260e+01  14 1.00000e+00  
 57.9 2.9231e+01  14 1.00000e+00  
 58.0 2.9906e+01  14 1.00000e+00  
 58.1 2.9880e+01  14 1.00000e+00  
 58.2 2.9853e+01  14 1.00000e+00  
 58.3 2.9826e+01  14 1.00000e+00  
 58.4 2.9802e+01  14 1.00000e+00  
 58.5 2.9778e+01  14 1.00000e+00  
 58.6 2.9753e+01  14 1.00000e+00  
 58.7 2.9728e+01  14 1.00000e+00  
 58.8 2.9705e+01  14 1.00000e+00  
 58.9 2.9683e+01  14 1.00000e+00  
 59.0 2.9660e+01  14 1.00000e+00  
 59.1 2.9638e+01  14 1.00000e+00  
 59.2 2.9611e+01  14 1.00000e+00  
 59.3 2.9581e+01  14 1.00000e+00  
 59.4 2.9550e+01  14 1.00000e+00  
 59.5 2.9519e+01  14 1.00000e+00  
 59.6 3.0209e+01  14 1.00000e+00  
 59.7 3.0181e+01  14 1.00000e+00  
 59.8 3.0154e+01  14 1.00000e+00  
 59.9 3.0128e+01  14 1.00000e+00  
 60.0 3.0103e+01  14 1.00000e+00  
 60.1 3.0078e+01  14 1.00000e+00  
 60.2 3.0052e+01  14 1.00000e+00  
 60.3 3.0028e+01  14 1.00000e+00  
 60.4 3.0004e+01  14 1.00000e+00  
 60.5 2.9980e+01  14 1.00000e+00  
 60.6 2.9957e+01  14 1.00000e+00  
 60.7 2.9931e+01  14 1.00000e+00  
 60.8 2.9898e+01  14 1.00000e+00  
 60.9 2.9866e+01  14 1.00000e+00  
 61.0 2.9834e+01  14 1.00000e+00  
 61.1 2.9804e+01  14 1.00000e+00  
 61.2 2.9775e+01  14 1.00000e+00  
 61.3 3.0479e+01  14 1.00000e+00  
 61.4 3.0452e+01  14 1.00000e+00  
 61.5 3.0424e+01  14 1.00000e+00  
 61.6 3.0398e+01  14 1.00000e+00  
 61.7 3.0373e+01  14 1.00000e+00  
 61.8 3.0348e+01  14 1.00000e+00  
 61.9 3.0322e+01  14 1.00000e+00  
 62.0 3.0297e+01  14 1.00000e+00  
 62.1 3.0273e+01  14 1.00000e+00  
 62.2 3.0249e+01  14 1.00000e+00  
 62.3 3.0214e+01  14 1.00000e+00  
 62.4 3.0180e+01  14 1.00000e+00  
 62.5 3.0148e+01  14 1.00000e+00  
 62.6 3.0116e+01  14 1.00000e+00  
 62.7 3.0085e+01  14 1.00000e+00  
 62.8 3.0055e+01  14 1.00000e+00  
 62.9 3.0773e+01  14 1.00000e+00  
 63.0 3.0744e+01  14 1.00000e+00  
 63.1 3.0717e+01  14 1.00000e+00  
 63.2 3.0690e+01  14 1.00000e+00  
 63.3 3.0664e+01  14 1.00000e+00  
 63.4 3.0639e+01  14 1.00000e+00  
 63.5 3.0612e+01  14 1.00000e+00  
 63.6 3.0587e+01  14 1.00000e+00  
 63.7 3.0563e+01  14 1.00000e+00  
 63.8 3.0530e+01  14 1.00000e+00  
 63.9 3.0494e+01  14 1.00000e+00  
 64.0 3.0461e+01  14 1.00000e+00  
 64.1 3.0428e+01  14 1.00000e+00  
 64.2 3.0395e+01  14 1.00000e+00  
 64.3 3.0363e+01  14 1.00000e+00  
 64.4 3.0333e+01  14 1.00000e+00  
 64.5 3.0303e+01  14 1.00000e+00  
 64.6 3.1034e+01  14 1.00000e+00  
 64.7 3.1006e+01  14 1.00000e+00  
 64.8 3.0979e+01  14 1.00000e+00  
 64.9 3.0952e+01  14 1.00000e+00  
 65.0 3.0925e+01  14 1.00000e+00  
 65.1 3.0900e+01  14 1.00000e+00  
 65.2 3.0874e+01  14 1.00000e+00  
 65.3 3.0846e+01  14 1.00000e+00  
 65.4 3.0809e+01  14 1.00000e+00  
 65.5 3.0774e+01  14 1.00000e+00  
 65.6 3.0740e+01  14 1.00000e+00  
 65.7 3.0705e+01  14 1.00000e+00  
 65.8 3.0672e+01  14 1.00000e+00  
 65.9 3.0640e+01  14 1.00000e+00  
 66.0 3.0609e+01  14 1.00000e+00  
 66.1 3.0578e+01  14 1.00000e+00  
 66.2 3.1322e+01  14 1.00000e+00  
 66.3 3.1293e+01  14 1.00000e+00  
 66.4 3.1264e+01  14 1.00000e+00  
 66.5 3.1236e+01  14 1.00000e+00  
 66.6 3.1210e+01  14 1.00000e+00  
 66.7 3.1184e+01  14 1.00000e+00  
 66.8 3.1157e+01  14 1.00000e+00  
 66.9 3.1125e+01  14 1.00000e+00  
 67.0 3.1088e+01  14 1.00000e+00  
 67.1 3.1053e+01  14 1.00000e+00  
 67.2 3.1017e+01  14 1.00000e+00  
 67.3 3.0982e+01  14 1.00000e+00  
 67.4 3.0948e+01  14 1.00000e+00  
 67.5 3.0915e+01  14 1.00000e+00  
 67.6 3.0883e+01  14 1.00000e+00  
 67.7 3.0851e+01  14 1.00000e+00  
 67.8 3.0820e+01  14 1.00000e+00  
 67.9 3.1577e+01  14 1.00000e+00  
 68.0 3.1548e+01  14 1.00000e+00  
 68.1 3.1520e+01  14 1.00000e+00  
 68.2 3.1492e+01  14 1.00000e+00  
 68.3 3.1465e+01  14 1.00000e+00  
 68.4 3.1438e+01  14 1.00000e+00  
 68.5 3.1404e+01  14 1.00000e+00  
 68.6 3.1367e+01  14 1.00000e+00  
 68.7 3.1329e+01  14 1.00000e+00  
 68.8 3.1293e+01  14 1.00000e+00  
 68.9 3.1258e+01  14 1.00000e+00  
 69.0 3.1224e+01  14 1.00000e+00  
 69.1 3.1190e+01  14 1.00000e+00  
 69.2 3.1156e+01  14 1.00000e+00  
 69.3 3.1124e+01  14 1.00000e+00  
 69.4 3.1093e+01  14 1.00000e+00  
 69.5 3.1062e+01  14 1.00000e+00  
 69.6 3.1830e+01  14 1.00000e+00  
 69.7 3.1802e+01  14 1.00000e+00  
 69.8 3.1773e+01  14 1.00000e+00  
 69.9 3.1745e+01  14 1.00000e+00  
 70.0 3.1717e+01  14 1.00000e+00  
 70.1 3.1684e+01  14 1.00000e+00  
 70.2 3.1646e+01  14 1.00000e+00  
 70.3 3.1607e+01  14 1.00000e+00  
 70.4 3.1570e+01  14 1.00000e+00  
 70.5 3.1535e+01  14 1.00000e+00  
 70.6 3.1499e+01  14 1.00000e+00  
 70.7 3.1463e+01  14 1.00000e+00  
 70.8 3.1430e+01  14 1.00000e+00  
 70.9 3.1397e+01  14 1.00000e+00  
 71.0 3.1365e+01  14 1.00000e+00  
 71.1 3.1332e+01  14 1.00000e+00  
 71.2 3.1301e+01  14 1.00000e+00  
 71.3 3.2083e+01  14 1.00000e+00  
 71.4 3.2053e+01  14 1.00000e+00  
 71.5 3.2024e+01  14 1.00000e+00  
 71.6 3.1996e+01  14 1.00000e+00  
 71.7 3.1964e+01  14 1.00000e+00  
 71.8 3.1925e+01  14 1.00000e+00  
 71.9 3.1887e+01  14 1.00000e+00  
 72.0 3.1849e+01  14 1.00000e+00  
 72.1 3.1812e+01  14 1.00000e+00  
 72.2 3.1775e+01  14 1.00000e+00  
 72.3 3.1739e+01  14 1.00000e+00  
 72.4 3.1704e+01  14 1.00000e+00  
 72.5 3.1671e+01  14 1.00000e+00  
 72.6 3.1637e+01  14 1.00000e+00  
 72.7 3.1603e+01  14 1.00000e+00  
 72.8 3.1572e+01  14 1.00000e+00  
 72.9 3.1541e+01  14 1.00000e+00  
 73.0 3.1510e+01  14 1.00000e+00  
 73.1 3.2303e+01  14 1.00000e+00  
 73.2 3.2275e+01  14 1.00000e+00  
 73.3 3.2246e+01  14 1.00000e+00  
 73.4 3.2206e+01  14 1.00000e+00  
 73.5 3.2167e+01  14 1.00000e+00  
 73.6 3.2130e+01  14 1.00000e+00  
 73.7 3.2091e+01  14 1.00000e+00  
 73.8 3.2053e+01  14 1.00000e+00  
 73.9 3.2016e+01  14 1.00000e+00  
 74.0 3.1981e+01  14 1.00000e+00  
 74.1 3.1945e+01  14 1.00000e+00  
 74.2 3.1910e+01  14 1.00000e+00  
 74.3 3.1876e+01  14 1.00000e+00  
 74.4 3.1844e+01  14 1.00000e+00  
 74.5 3.1812e+01  14 1.00000e+00  
 74.6 3.1779e+01  14 1.00000e+00  
 74.7 3.1748e+01  14 1.00000e+00  
 74.8 3.2555e+01  14 1.00000e+00  
 74.9 3.2524e+01  14 1.00000e+00  
 75.0 3.2489e+01  14 1.00000e+00  
 75.1 3.2449e+01  14 1.00000e+00  
 75.2 3.2411e+01  14 1.00000e+00  
 75.3 3.2372e+01  14 1.00000e+00  
 75.4 3.2333e+01  14 1.00000e+00  
 75.5 3.2295e+01  14 1.00000e+00  
 75.6 3.2259e+01  14 1.00000e+00  
 75.7 3.2222e+01  14 1.00000e+00  
 75.8 3.2186e+01  14 1.00000e+00  
 75.9 3.2151e+01  14 1.00000e+00  
 76.0 3.2118e+01  14 1.00000e+00  
 76.1 3.2084e+01  14 1.00000e+00  
 76.2 3.2050e+01  14 1.00000e+00  
 76.3 3.2018e+01  14 1.00000e+00  
 76.4 3.1987e+01  14 1.00000e+00  
 76.5 3.1956e+01  14 1.00000e+00  
 76.6 3.2773e+01  14 1.00000e+00  
 76.7 3.2735e+01  14 1.00000e+00  
 76.8 3.2695e+01  14 1.00000e+00  
 76.9 3.2655e+01  14 1.00000e+00  
 77.0 3.2615e+01  14 1.00000e+00  
 77.1 3.2577e+01  14 1.00000e+00  
 77.2 3.2540e+01  14 1.00000e+00  
 77.3 3.2502e+01  14 1.00000e+00  
 77.4 3.2464e+01  14 1.00000e+00  
 77.5 3.2428e+01  14 1.00000e+00  
 77.6 3.2394e+01  14 1.00000e+00  
 77.7 3.2359e+01  14 1.00000e+00  
 77.8 3.2324e+01  14 1.00000e+00  
 77.9 3.2290e+01  14 1.00000e+00  
 78.0 3.2259e+01  14 1.00000e+00  
 78.1 3.2227e+01  14 1.00000e+00  
 78.2 3.2195e+01  14 1.00000e+00  
 78.3 3.2163e+01  14 1.00000e+00  
 78.4 3.2984e+01  14 1.00000e+00  
 78.5 3.2942e+01  14 1.00000e+00  
 78.6 3.2901e+01  14 1.00000e+00  
 78.7 3.2862e+01  14 1.00000e+00  
 78.8 3.2824e+01  14 1.00000e+00  
 78.9 3.2785e+01  14 1.00000e+00  
 79.0 3.2746e+01  14 1.00000e+00  
 79.1 3.2709e+01  14 1.00000e+00  
 79.2 3.2673e+01  14 1.00000e+00  
 79.3 3.2637e+01  14 1.00000e+00  
 79.4 3.2601e+01  14 1.00000e+00  
 79.5 3.2566e+01  14 1.00000e+00  
 79.6 3.2533e+01  14 1.00000e+00  
 79.7 3.2500e+01  14 1.00000e+00  
 79.8 3.2467e+01  14 1.00000e+00  
 79.9 3.2434e+01  14 1.00000e+00  
 80.0 3.2403e+01  14 1.00000e+00  
 80.1 3.2365e+01  14 1.00000e+00  
 80.2 3.3192e+01  14 1.00000e+00  
 80.3 3.3150e+01  14 1.00000e+00  
 80.4 3.3111e+01  14 1.00000e+00  
 80.5 3.3072e+01  14 1.00000e+00  
 80.6 3.3032e+01  14 1.00000e+00  
 80.7 3.2994e+01  14 1.00000e+00  
 80.8 3.2957e+01  14 1.00000e+00  
 80.9 3.2919e+01  14 1.00000e+00  
 81.0 3.2882e+01  14 1.00000e+00  
 81.1 3.2845e+01  14 1.00000e+00  
 81.2 3.2811e+01  14 1.00000e+00  
 81.3 3.2776e+01  14 1.00000e+00  
 81.4 3.2742e+01  14 1.00000e+00  
 81.5 3.2708e+01  14 1.00000e+00  
 81.6 3.2675e+01  14 1.00000e+00  
 81.7 3.2644e+01  14 1.00000e+00  
 81.8 3.2608e+01  14 1.00000e+00  
 81.9 3.2564e+01  14 1.00000e+00  
 82.0 3.3403e+01  14 1.00000e+00  
 82.1 3.3363e+01  14 1.00000e+00  
 82.2 3.3322e+01  14 1.00000e+00  
 82.3 3.3282e+01  14 1.00000e+00  
 82.4 3.3244e+01  14 1.00000e+00  
 82.5 3.3207e+01  14 1.00000e+00  
 82.6 3.3168e+01  14 1.00000e+00  
 82.7 3.3130e+01  14 1.00000e+00  
 82.8 3.3093e+01  14 1.00000e+00  
 82.9 3.3058e+01  14 1.00000e+00  
 83.0 3.3023e+01  14 1.00000e+00  
 83.1 3.2987e+01  14 1.00000e+00  
 83.2 3.2952e+01  14 1.00000e+00  
 83.3 3.2920e+01  14 1.00000e+00  
 83.4 3.2887e+01  14 1.00000e+00  
 83.5 3.2854e+01  14 1.00000e+00  
 83.6 3.2811e+01  14 1.00000e+00  
 83.7 3.2768e+01  14 1.00000e+00  
 83.8 3.3618e+01  14 1.00000e+00  
 83.9 3.3576e+01  14 1.00000e+00  
 84.0 3.3536e+01  14 1.00000e+00  
 84.1 3.3497e+01  14 1.00000e+00  
 84.2 3.3458e+01  14 1.00000e+00  
 84.3 3.3420e+01  14 1.00000e+00  
 84.4 3.3381e+01  14 1.00000e+00  
 84.5 3.3344e+01  14 1.00000e+00  
 84.6 3.3309e+01  14 1.00000e+00  
 84.7 3.3271e+01  14 1.00000e+00  
 84.8 3.3235e+01  14 1.00000e+00  
 84.9 3.3200e+01  14 1.00000e+00  
 85.0 3.3167e+01  14 1.00000e+00  
 85.1 3.3133e+01  14 1.00000e+00  
 85.2 3.3099e+01  14 1.00000e+00  
 85.3 3.3062e+01  14 1.00000e+00  
 85.4 3.3019e+01  14 1.00000e+00  
 85.5 3.2977e+01  14 1.00000e+00  
 85.6 3.2934e+01  14 1.00000e+00  
 85.7 3.3794e+01  14 1.00000e+00  
 85.8 3.3754e+01  14 1.00000e+00  
 85.9 3.3714e+01  14 1.00000e+00  
 86.0 3.3674e+01  14 1.00000e+00  
 86.1 3.3636e+01  14 1.00000e+00  
 86.2 3.3599e+01  14 1.00000e+00  
 86.3 3.3562e+01  14 1.00000e+00  
 86.4 3.3524e+01  14 1.00000e+00  
 86.5 3.3486e+01  14 1.00000e+00  
 86.6 3.3451e+01  14 1.00000e+00  
 86.7 3.3416e+01  14 1.00000e+00  
 86.8 3.3381e+01  14 1.00000e+00  
 86.9 3.3346e+01  14 1.00000e+00  
 87.0 3.3312e+01  14 1.00000e+00  
 87.1 3.3275e+01  14 1.00000e+00  
 87.2 3.3231e+01  14 1.00000e+00  
 87.3 3.3187e+01  14 1.00000e+00  
 87.4 3.3144e+01  14 1.00000e+00  
 87.5 3.3104e+01  14 1.00000e+00  
 87.6 3.3975e+01  14 1.00000e+00  
 87.7 3.3934e+01  14 1.00000e+00  
 87.8 3.3894e+01  14 1.00000e+00  
 87.9 3.3856e+01  14 1.00000e+00  
 88.0 3.3819e+01  14 1.00000e+00  
 88.1 3.3781e+01  14 1.00000e+00  
 88.2 3.3742e+01  14 1.00000e+00  
 88.3 3.3706e+01  14 1.00000e+00  
 88.4 3.3670e+01  14 1.00000e+00  
 88.5 3.3634e+01  14 1.00000e+00  
 88.6 3.3598e+01  14 1.00000e+00  
 88.7 3.3563e+01  14 1.00000e+00  
 88.8 3.3530e+01  14 1.00000e+00  
 88.9 3.3492e+01  14 1.00000e+00  
 89.0 3.3447e+01  14 1.00000e+00  
 89.1 3.3402e+01  14 1.00000e+00  
 89.2 3.3360e+01  14 1.00000e+00  
 89.3 3.3319e+01  14 1.00000e+00  
 89.4 3.3277e+01  14 1.00000e+00  
 89.5 3.4158e+01  14 1.00000e+00  
 89.6 3.4118e+01  14 1.00000e+00  
 89.7 3.4080e+01  14 1.00000e+00  
 89.8 3.4041e+01  14 1.00000e+00  
 89.9 3.4002e+01  14 1.00000e+00  
 90.0 3.3965e+01  14 1.00000e+00  
 90.1 3.3929e+01  14 1.00000e+00  
 90.2 3.3892e+01  14 1.00000e+00  
 90.3 3.3855e+01  14 1.00000e+00  
 90.4 3.3818e+01  14 1.00000e+00  
 90.5 3.3784e+01  14 1.00000e+00  
 90.6 3.3751e+01  14 1.00000e+00  
 90.7 3.3714e+01  14 1.00000e+00  
 90.8 3.3668e+01  14 1.00000e+00  
 90.9 3.3624e+01  14 1.00000e+00  
 91.0 3.3582e+01  14 1.00000e+00  
 91.1 3.3538e+01  14 1.00000e+00  
 91.2 3.3495e+01  14 1.00000e+00  
 91.3 3.3454e+01  14 1.00000e+00  
 91.4 3.4347e+01  14 1.00000e+00  
 91.5 3.4307e+01  14 1.00000e+00  
 91.6 3.4266e+01  14 1.00000e+00  
 91.7 3.4228e+01  14 1.00000e+00  
 91.8 3.4191e+01  14 1.00000e+00  
 91.9 3.4154e+01  14 1.00000e+00  
 92.0 3.4117e+01  14 1.00000e+00  
 92.1 3.4079e+01  14 1.00000e+00  
 92.2 3.4043e+01  14 1.00000e+00  
 92.3 3.4008e+01  14 1.00000e+00  
 92.4 3.3973e+01  14 1.00000e+00  
 92.5 3.3938e+01  14 1.00000e+00  
 92.6 3.3895e+01  14 1.00000e+00  
 92.7 3.3851e+01  14 1.00000e+00  
 92.8 3.3807e+01  14 1.00000e+00  
 92.9 3.3762e+01  14 1.00000e+00  
 93.0 3.3719e+01  14 1.00000e+00  
 93.1 3.3678e+01  14 1.00000e+00  
 93.2 3.3637e+01  14 1.00000e+00  
 93.3 3.4538e+01  14 1.00000e+00  
 93.4 3.4497e+01  14 1.00000e+00  
 93.5 3.4458e+01  14 1.00000e+00  
 93.6 3.4421e+01  14 1.00000e+00  
 93.7 3.4383e+01  14 1.00000e+00  
 93.8 3.4345e+01  14 1.00000e+00  
 93.9 3.4308e+01  14 1.00000e+00  
 94.0 3.4272e+01  14 1.00000e+00  
 94.1 3.4236e+01  14 1.00000e+00  
 94.2 3.4199e+01  14 1.00000e+00  
 94.3 3.4163e+01  14 1.00000e+00  
 94.4 3.4128e+01  14 1.00000e+00  
 94.5 3.4083e+01  14 1.00000e+00  
 94.6 3.4038e+01  14 1.00000e+00  
 94.7 3.3993e+01  14 1.00000e+00  
 94.8 3.3949e+01  14 1.00000e+00  
 94.9 3.3907e+01  14 1.00000e+00  
 95.0 3.3865e+01  14 1.00000e+00  
 95.1 3.3823e+01  14 1.00000e+00  
 95.2 3.3782e+01  14 1.00000e+00  
 95.3 3.4693e+01  14 1.00000e+00  
 95.4 3.4655e+01  14 1.00000e+00  
 95.5 3.4616e+01  14 1.00000e+00  
 95.6 3.4577e+01  14 1.00000e+00  
 95.7 3.4539e+01  14 1.00000e+00  
 95.8 3.4504e+01  14 1.00000e+00  
 95.9 3.4469e+01  14 1.00000e+00  
 96.0 3.4431e+01  14 1.00000e+00  
 96.1 3.4393e+01  14 1.00000e+00  
 96.2 3.4358e+01  14 1.00000e+00  
 96.3 3.4322e+01  14 1.00000e+00  
 96.4 3.4276e+01  14 1.00000e+00  
 96.5 3.4229e+01  14 1.00000e+00  
 96.6 3.4184e+01  14 1.00000e+00  
 96.7 3.4142e+01  14 1.00000e+00  
 96.8 3.4099e+01  14 1.00000e+00  
 96.9 3.4056e+01  14 1.00000e+00  
 97.0 3.4014e+01  14 1.00000e+00  
 97.1 3.3974e+01  14 1.00000e+00  
 97.2 3.3935e+01  14 1.00000e+00  
 97.3 3.4854e+01  14 1.00000e+00  
 97.4 3.4815e+01  14 1.00000e+00  
 97.5 3.4776e+01  14 1.00000e+00  
 97.6 3.4739e+01  14 1.00000e+00  
 97.7 3.4703e+01  14 1.00000e+00  
 97.8 3.4666e+01  14 1.00000e+00  
 97.9 3.4629e+01  14 1.00000e+00  
 98.0 3.4593e+01  14 1.00000e+00  
 98.1 3.4558e+01  14 1.00000e+00  
 98.2 3.4521e+01  14 1.00000e+00  
 98.3 3.4474e+01  14 1.00000e+00  
 98.4 3.4427e+01  14 1.00000e+00  
 98.5 3.4383e+01  14 1.00000e+00  
 98.6 3.4339e+01  14 1.00000e+00  
 98.7 3.4295e+01  14 1.00000e+00  
 98.8 3.4252e+01  14 1.00000e+00  
 98.9 3.4211e+01  14 1.00000e+00  
 99.0 3.4171e+01  14 1.00000e+00  
 99.1 3.4130e+01  14 1.00000e+00  
 99.2 3.4089e+01  14 1.00000e+00  
 99.3 3.5019e+01  14 1.00000e+00  
 99.4 3.4981e+01  14 1.00000e+00  
 99.5 3.4944e+01  14 1.00000e+00  
 99.6 3.4905e+01  14 1.00000e+00  
 99.7 3.4868e+01  14 1.00000e+00  
 99.8 3.4831e+01  14 1.00000e+00  
 99.9 3.4796e+01  14 1.00000e+00  
100.0 3.4761e+01  14 1.00000e+00  
100.1 3.4724e+01  14 1.00000e+00  
100.2 3.4678e+01  14 1.00000e+00  
100.3 3.4632e+01  14 1.00000e+00  
100.4 3.4588e+01  14 1.00000e+00  
100.5 3.4542e+01  14 1.00000e+00  
100.6 3.4497e+01  14 1.00000e+00  
100.7 3.4455e+01  14 1.00000e+00  
100.8 3.4414e+01  14 1.00000e+00  
100.9 3.4372e+01  14 1.00000e+00  
101.0 3.4330e+01  14 1.00000e+00  
101.1 3.4290e+01  14 1.00000e+00  
101.2 3.4251e+01  14 1.00000e+00  
101.3 3.5190e+01  14 1.00000e+00  
101.4 3.5151e+01  14 1.00000e+00  
101.5 3.5112e+01  14 1.00000e+00  
101.6 3.5075e+01  14 1.00000e+00  
101.7 3.5039e+01  14 1.00000e+00  
101.8 3.5003e+01  14 1.00000e+00  
101.9 3.4967e+01  14 1.00000e+00  
102.0 3.4930e+01  14 1.00000e+00  
102.1 3.4889e+01  14 1.00000e+00  
102.2 3.4843e+01  14 1.00000e+00  
102.3 3.4797e+01  14 1.00000e+00  
102.4 3.4751e+01  14 1.00000e+00  
102.5 3.4706e+01  14 1.00000e+00  
102.6 3.4663e+01  14 1.00000e+00  
102.7 3.4621e+01  14 1.00000e+00  
102.8 3.4578e+01  14 1.00000e+00  
102.9 3.4536e+01  14 1.00000e+00  
103.0 3.4496e+01  14 1.00000e+00  
103.1 3.4457e+01  14 1.00000e+00  
103.2 3.4417e+01  14 1.00000e+00  
103.3 3.5364e+01  14 1.00000e+00  
103.4 3.5325e+01  14 1.00000e+00  
103.5 3.5287e+01  14 1.00000e+00  
103.6 3.5250e+01  14 1.00000e+00  
103.7 3.5214e+01  14 1.00000e+00  
103.8 3.5177e+01  14 1.00000e+00  
103.9 3.5141e+01  14 1.00000e+00  
104.0 3.5105e+01  14 1.00000e+00  
104.1 3.5062e+01  14 1.00000e+00  
104.2 3.5015e+01  14 1.00000e+00  
104.3 3.4967e+01  14 1.00000e+00  
104.4 3.4922e+01  14 1.00000e+00  
104.5 3.4879e+01  14 1.00000e+00  
104.6 3.4835e+01  14 1.00000e+00  
104.7 3.4791e+01  14 1.00000e+00  
104.8 3.4749e+01  14 1.00000e+00  
104.9 3.4708e+01  14 1.00000e+00  
105.0 3.4668e+01  14 1.00000e+00  
105.1 3.4627e+01  14 1.00000e+00  
105.2 3.4587e+01  14 1.00000e+00  
105.3 3.4548e+01  14 1.00000e+00  
105.4 3.5504e+01  14 1.00000e+00  
105.5 3.5467e+01  14 1.00000e+00  
105.6 3.5429e+01  14 1.00000e+00  
105.7 3.5392e+01  14 1.00000e+00  
105.8 3.5355e+01  14 1.00000e+00  
105.9 3.5319e+01  14 1.00000e+00  
106.0 3.5285e+01  14 1.00000e+00  
106.1 3.5239e+01  14 1.00000e+00  
106.2 3.5192e+01  14 1.00000e+00  
106.3 3.5145e+01  14 1.00000e+00  
106.4 3.5101e+01  14 1.00000e+00  
106.5 3.5056e+01  14 1.00000e+00  
106.6 3.5012e+01  14 1.00000e+00  
106.7 3.4968e+01  14 1.00000e+00  
106.8 3.4926e+01  14 1.00000e+00  
106.9 3.4886e+01  14 1.00000e+00  
107.0 3.4843e+01  14 1.00000e+00  
107.1 3.4803e+01  14 1.00000e+00  
107.2 3.4763e+01  14 1.00000e+00  
107.3 3.4725e+01  14 1.00000e+00  
107.4 3.4686e+01  14 1.00000e+00  
107.5 3.5652e+01  14 1.00000e+00  
107.6 3.5613e+01  14 1.00000e+00  
107.7 3.5575e+01  14 1.00000e+00  
107.8 3.5539e+01  14 1.00000e+00  
107.9 3.5504e+01  14 1.00000e+00  
108.0 3.5468e+01  14 1.00000e+00  
108.1 3.5424e+01  14 1.00000e+00  
108.2 3.5376e+01  14 1.00000e+00  
108.3 3.5330e+01  14 1.00000e+00  
108.4 3.5286e+01  14 1.00000e+00  
108.5 3.5240e+01  14 1.00000e+00  
108.6 3.5195e+01  14 1.00000e+00  
108.7 3.5152e+01  14 1.00000e+00  
108.8 3.5110e+01  14 1.00000e+00  
108.9 3.5068e+01  14 1.00000e+00  
109.0 3.5026e+01  14 1.00000e+00  
109.1 3.4985e+01  14 1.00000e+00  
109.2 3.4946e+01  14 1.00000e+00  
109.3 3.4907e+01  14 1.00000e+00  
109.4 3.4867e+01  14 1.00000e+00  
109.5 3.4828e+01  14 1.00000e+00  
109.6 3.5802e+01  14 1.00000e+00  
109.7 3.5764e+01  14 1.00000e+00  
109.8 3.5728e+01  14 1.00000e+00  
109.9 3.5692e+01  14 1.00000e+00  
110.0 3.5655e+01  14 1.00000e+00  
110.1 3.5615e+01  14 1.00000e+00  
110.2 3.5569e+01  14 1.00000e+00  
110.3 3.5523e+01  14 1.00000e+00  
110.4 3.5476e+01  14 1.00000e+00  
110.5 3.5430e+01  14 1.00000e+00  
110.6 3.5385e+01  14 1.00000e+00  
110.7 3.5342e+01  14 1.00000e+00  
110.8 3.5299e+01  14 1.00000e+00  
110.9 3.5256e+01  14 1.00000e+00  
111.0 3.5214e+01  14 1.00000e+00  
111.1 3.5173e+01  14 1.00000e+00  
111.2 3.5134e+01  14 1.00000e+00  
111.3 3.5094e+01  14 1.00000e+00  
111.4 3.5054e+01  14 1.00000e+00  
111.5 3.5015e+01  14 1.00000e+00  
111.6 3.4978e+01  14 1.00000e+00  
111.7 3.5959e+01  14 1.00000e+00  
111.8 3.5922e+01  14 1.00000e+00  
111.9 3.5885e+01  14 1.00000e+00  
112.0 3.5848e+01  14 1.00000e+00  
112.1 3.5812e+01  14 1.00000e+00  
112.2 3.5767e+01  14 1.00000e+00  
112.3 3.5722e+01  14 1.00000e+00  
112.4 3.5675e+01  14 1.00000e+00  
112.5 3.5628e+01  14 1.00000e+00  
112.6 3.5583e+01  14 1.00000e+00  
112.7 3.5540e+01  14 1.00000e+00  
112.8 3.5496e+01  14 1.00000e+00  
112.9 3.5452e+01  14 1.00000e+00  
113.0 3.5409e+01  14 1.00000e+00  
113.1 3.5369e+01  14 1.00000e+00  
113.2 3.5329e+01  14 1.00000e+00  
113.3 3.5287e+01  14 1.00000e+00  
113.4 3.5247e+01  14 1.00000e+00  
113.5 3.5208e+01  14 1.00000e+00  
113.6 3.5170e+01  14 1.00000e+00  
113.7 3.5132e+01  14 1.00000e+00  
113.8 3.5094e+01  14 1.00000e+00  
113.9 3.6084e+01  14 1.00000e+00  
114.0 3.6046e+01  14 1.00000e+00  
114.1 3.6010e+01  14 1.00000e+00  
114.2 3.5973e+01  14 1.00000e+00  
114.3 3.5927e+01  14 1.00000e+00  
114.4 3.5880e+01  14 1.00000e+00  
114.5 3.5834e+01  14 1.00000e+00  
114.6 3.5788e+01  14 1.00000e+00  
114.7 3.5744e+01  14 1.00000e+00  
114.8 3.5699e+01  14 1.00000e+00  
114.9 3.5655e+01  14 1.00000e+00  
115.0 3.5612e+01  14 1.00000e+00  
115.1 3.5571e+01  14 1.00000e+00  
115.2 3.5529e+01  14 1.00000e+00  
115.3 3.5487e+01  14 1.00000e+00  
115.4 3.5446e+01  14 1.00000e+00  
115.5 3.5407e+01  14 1.00000e+00  
115.6 3.5369e+01  14 1.00000e+00  
115.7 3.5330e+01  14 1.00000e+00  
115.8 3.5291e+01  14 1.00000e+00  
115.9 3.5253e+01  14 1.00000e+00  
116.0 3.5217e+01  14 1.00000e+00  
116.1 3.6213e+01  14 1.00000e+00  
116.2 3.6177e+01  14 1.00000e+00  
116.3 3.6141e+01  14 1.00000e+00  
116.4 3.6093e+01  14 1.00000e+00  
116.5 3.6046e+01  14 1.00000e+00  
116.6 3.6001e+01  14 1.00000e+00  
116.7 3.5957e+01  14 1.00000e+00  
116.8 3.5911e+01  14 1.00000e+00  
116.9 3.5866e+01  14 1.00000e+00  
117.0 3.5822e+01  14 1.00000e+00  
117.1 3.5779e+01  14 1.00000e+00  
117.2 3.5738e+01  14 1.00000e+00  
117.3 3.5695e+01  14 1.00000e+00  
117.4 3.5653e+01  14 1.00000e+00  
117.5 3.5613e+01  14 1.00000e+00  
117.6 3.5574e+01  14 1.00000e+00  
117.7 3.5534e+01  14 1.00000e+00  
117.8 3.5495e+01  14 1.00000e+00  
117.9 3.5456e+01  14 1.00000e+00  
118.0 3.5419e+01  14 1.00000e+00  
118.1 3.5383e+01  14 1.00000e+00  
118.2 3.5346e+01  14 1.00000e+00  
118.3 3.6351e+01  14 1.00000e+00  
118.4 3.6314e+01  14 1.00000e+00  
118.5 3.6267e+01  14 1.00000e+00  
118.6 3.6221e+01  14 1.00000e+00  
118.7 3.6176e+01  14 1.00000e+00  
118.8 3.6131e+01  14 1.00000e+00  
118.9 3.6086e+01  14 1.00000e+00  
119.0 3.6040e+01  14 1.00000e+00  
119.1 3.5997e+01  14 1.00000e+00  
119.2 3.5954e+01  14 1.00000e+00  
119.3 3.5910e+01  14 1.00000e+00  
119.4 3.5868e+01  14 1.00000e+00  
119.5 3.5826e+01  14 1.00000e+00  
119.6 3.5786e+01  14 1.00000e+00  
119.7 3.5747e+01  14 1.00000e+00  
119.8 3.5706e+01  14 1.00000e+00  
119.9 3.5666e+01  14 1.00000e+00  
120.0 3.5628e+01  14 1.00000e+00  
120.1 3.5591e+01  14 1.00000e+00  
120.2 3.5554e+01  14 1.00000e+00  
120.3 3.5516e+01  14 1.00000e+00  
120.4 3.5479e+01  14 1.00000e+00  
120.5 3.6492e+01  14 1.00000e+00  
120.6 3.6450e+01  14 1.00000e+00  
120.7 3.6403e+01  14 1.00000e+00  
120.8 3.6358e+01  14 1.00000e+00  
120.9 3.6312e+01  14 1.00000e+00  
121.0 3.6267e+01  14 1.00000e+00  
121.1 3.6222e+01  14 1.00000e+00  
121.2 3.6179e+01  14 1.00000e+00  
121.3 3.6135e+01  14 1.00000e+00  
121.4 3.6091e+01  14 1.00000e+00  
121.5 3.6048e+01  14 1.00000e+00  
121.6 3.6007e+01  14 1.00000e+00  
121.7 3.5966e+01  14 1.00000e+00  
121.8 3.5925e+01  14 1.00000e+00  
121.9 3.5884e+01  14 1.00000e+00  
122.0 3.5845e+01  14 1.00000e+00  
122.1 3.5806e+01  14 1.00000e+00  
122.2 3.5769e+01  14 1.00000e+00  
122.3 3.5730e+01  14 1.00000e+00  
122.4 3.5693e+01  14 1.00000e+00  
122.5 3.5656e+01  14 1.00000e+00  
122.6 3.5620e+01  14 1.00000e+00  
122.7 3.6639e+01  14 1.00000e+00  
122.8 3.6595e+01  14 1.00000e+00  
122.9 3.6549e+01  14 1.00000e+00  
123.0 3.6502e+01  14 1.00000e+00  
123.1 3.6456e+01  14 1.00000e+00  
123.2 3.6411e+01  14 1.00000e+00  
123.3 3.6368e+01  14 1.00000e+00  
123.4 3.6324e+01  14 1.00000e+00  
123.5 3.6280e+01  14 1.00000e+00  
123.6 3.6236e+01  14 1.00000e+00  
123.7 3.6194e+01  14 1.00000e+00  
123.8 3.6154e+01  14 1.00000e+00  
123.9 3.6112e+01  14 1.00000e+00  
124.0 3.6070e+01  14 1.00000e+00  
124.1 3.6030e+01  14 1.00000e+00  
124.2 3.5992e+01  14 1.00000e+00  
124.3 3.5954e+01  14 1.00000e+00  
124.4 3.5914e+01  14 1.00000e+00  
124.5 3.5876e+01  14 1.00000e+00  
124.6 3.5839e+01  14 1.00000e+00  
124.7 3.5802e+01  14 1.00000e+00  
124.8 3.5767e+01  14 1.00000e+00  
124.9 3.5730e+01  14 1.00000e+00  
125.0 3.6748e+01  14 1.00000e+00  
125.1 3.6700e+01  14 1.00000e+00  
125.2 3.6653e+01  14 1.00000e+00  
125.3 3.6608e+01  14 1.00000e+00  
125.4 3.6564e+01  14 1.00000e+00  
125.5 3.6520e+01  14 1.00000e+00  
125.6 3.6476e+01  14 1.00000e+00  
125.7 3.6433e+01  14 1.00000e+00  
125.8 3.6390e+01  14 1.00000e+00  
125.9 3.6348e+01  14 1.00000e+00  
126.0 3.6305e+01  14 1.00000e+00  
126.1 3.6264e+01  14 1.00000e+00  
126.2 3.6223e+01  14 1.00000e+00  
126.3 3.6183e+01  14 1.00000e+00  
126.4 3.6145e+01  14 1.00000e+00  
126.5 3.6105e+01  14 1.00000e+00  
126.6 3.6066e+01  14 1.00000e+00  
126.7 3.6028e+01  14 1.00000e+00  
126.8 3.5992e+01  14 1.00000e+00  
126.9 3.5956e+01  14 1.00000e+00  
127.0 3.5918e+01  14 1.00000e+00  
127.1 3.5882e+01  14 1.00000e+00  
127.2 3.5839e+01  14 1.00000e+00  
127.3 3.6861e+01  14 1.00000e+00  
127.4 3.6814e+01  14 1.00000e+00  
127.5 3.6769e+01  14 1.00000e+00  
127.6 3.6725e+01  14 1.00000e+00  
127.7 3.6680e+01  14 1.00000e+00  
127.8 3.6636e+01  14 1.00000e+00  
127.9 3.6593e+01  14 1.00000e+00  
128.0 3.6551e+01  14 1.00000e+00  
128.1 3.6508e+01  14 1.00000e+00  
128.2 3.6465e+01  14 1.00000e+00  
128.3 3.6424e+01  14 1.00000e+00  
128.4 3.6383e+01  14 1.00000e+00  
128.5 3.6344e+01  14 1.00000e+00  
128.6 3.6303e+01  14 1.00000e+00  
128.7 3.6264e+01  14 1.00000e+00  
128.8 3.6225e+01  14 1.00000e+00  
128.9 3.6187e+01  14 1.00000e+00  
129.0 3.6151e+01  14 1.00000e+00  
129.1 3.6113e+01  14 1.00000e+00  
129.2 3.6076e+01  14 1.00000e+00  
129.3 3.6040e+01  14 1.00000e+00  
129.4 3.6001e+01  14 1.00000e+00  
129.5 3.5956e+01  14 1.00000e+00  
129.6 3.6983e+01  14 1.00000e+00  
129.7 3.6938e+01  14 1.00000e+00  
129.8 3.6893e+01  14 1.00000e+00  
129.9 3.6848e+01  14 1.00000e+00  
130.0 3.6804e+01  14 1.00000e+00  
130.1 3.6761e+01  14 1.00000e+00  
130.2 3.6720e+01  14 1.00000e+00  
130.3 3.6676e+01  14 1.00000e+00  
130.4 3.6633e+01  14 1.00000e+00  
130.5 3.6591e+01  14 1.00000e+00  
130.6 3.6551e+01  14 1.00000e+00  
130.7 3.6512e+01  14 1.00000e+00  
130.8 3.6470e+01  14 1.00000e+00  
130.9 3.6430e+01  14 1.00000e+00  
131.0 3.6391e+01  14 1.00000e+00  
131.1 3.6353e+01  14 1.00000e+00  
131.2 3.6317e+01  14 1.00000e+00  
131.3 3.6278e+01  14 1.00000e+00  
131.4 3.6241e+01  14 1.00000e+00  
131.5 3.6204e+01  14 1.00000e+00  
131.6 3.6169e+01  14 1.00000e+00  
131.7 3.6127e+01  14 1.00000e+00  
131.8 3.6080e+01  14 1.00000e+00  
131.9 3.7116e+01  14 1.00000e+00  
132.0 3.7070e+01  14 1.00000e+00  
132.1 3.7024e+01  14 1.00000e+00  
132.2 3.6980e+01  14 1.00000e+00  
132.3 3.6937e+01  14 1.00000e+00  
132.4 3.6895e+01  14 1.00000e+00  
132.5 3.6851e+01  14 1.00000e+00  
132.6 3.6809e+01  14 1.00000e+00  
132.7 3.6767e+01  14 1.00000e+00  
132.8 3.6726e+01  14 1.00000e+00  
132.9 3.6685e+01  14 1.00000e+00  
133.0 3.6644e+01  14 1.00000e+00  
133.1 3.6604e+01  14 1.00000e+00  
133.2 3.6565e+01  14 1.00000e+00  
133.3 3.6527e+01  14 1.00000e+00  
133.4 3.6488e+01  14 1.00000e+00  
133.5 3.6450e+01  14 1.00000e+00  
133.6 3.6412e+01  14 1.00000e+00  
133.7 3.6375e+01  14 1.00000e+00  
133.8 3.6340e+01  14 1.00000e+00  
133.9 3.6305e+01  14 1.00000e+00  
134.0 3.6259e+01  14 1.00000e+00  
134.1 3.6213e+01  14 1.00000e+00  
134.2 3.6168e+01  14 1.00000e+00  
134.3 3.7209e+01  14 1.00000e+00  
134.4 3.7164e+01  14 1.00000e+00  
134.5 3.7121e+01  14 1.00000e+00  
134.6 3.7079e+01  14 1.00000e+00  
134.7 3.7034e+01  14 1.00000e+00  
134.8 3.6992e+01  14 1.00000e+00  
134.9 3.6950e+01  14 1.00000e+00  
135.0 3.6909e+01  14 1.00000e+00  
135.1 3.6867e+01  14 1.00000e+00  
135.2 3.6826e+01  14 1.00000e+00  
135.3 3.6785e+01  14 1.00000e+00  
135.4 3.6745e+01  14 1.00000e+00  
135.5 3.6707e+01  14 1.00000e+00  
135.6 3.6668e+01  14 1.00000e+00  
135.7 3.6629e+01  14 1.00000e+00  
135.8 3.6591e+01  14 1.00000e+00  
135.9 3.6554e+01  14 1.00000e+00  
136.0 3.6518e+01  14 1.00000e+00  
136.1 3.6482e+01  14 1.00000e+00  
136.2 3.6445e+01  14 1.00000e+00  
136.3 3.6402e+01  14 1.00000e+00  
136.4 3.6355e+01  14 1.00000e+00  
136.5 3.6311e+01  14 1.00000e+00  
136.6 3.6266e+01  14 1.00000e+00  
136.7 3.7314e+01  14 1.00000e+00  
136.8 3.7271e+01  14 1.00000e+00  
136.9 3.7226e+01  14 1.00000e+00  
137.0 3.7183e+01  14 1.00000e+00  
137.1 3.7140e+01  14 1.00000e+00  
137.2 3.7099e+01  14 1.00000e+00  
137.3 3.7059e+01  14 1.00000e+00  
137.4 3.7016e+01  14 1.00000e+00  
137.5 3.6975e+01  14 1.00000e+00  
137.6 3.6935e+01  14 1.00000e+00  
137.7 3.6895e+01  14 1.00000e+00  
137.8 3.6857e+01  14 1.00000e+00  
137.9 3.6816e+01  14 1.00000e+00  
138.0 3.6777e+01  14 1.00000e+00  
138.1 3.6739e+01  14 1.00000e+00  
138.2 3.6703e+01  14 1.00000e+00  
138.3 3.6667e+01  14 1.00000e+00  
138.4 3.6629e+01  14 1.00000e+00  
138.5 3.6593e+01  14 1.00000e+00  
138.6 3.6553e+01  14 1.00000e+00  
138.7 3.6508e+01  14 1.00000e+00  
138.8 3.6463e+01  14 1.00000e+00  
138.9 3.6417e+01  14 1.00000e+00  
139.0 3.6372e+01  14 1.00000e+00  
139.1 3.7428e+01  14 1.00000e+00  
139.2 3.7383e+01  14 1.00000e+00  
139.3 3.7340e+01  14 1.00000e+00  
139.4 3.7297e+01  14 1.00000e+00  
139.5 3.7256e+01  14 1.00000e+00  
139.6 3.7214e+01  14 1.00000e+00  
139.7 3.7173e+01  14 1.00000e+00  
139.8 3.7132e+01  14 1.00000e+00  
139.9 3.7092e+01  14 1.00000e+00  
140.0 3.7052e+01  14 1.00000e+00  
140.1 3.7012e+01  14 1.00000e+00  
140.2 3.6972e+01  14 1.00000e+00  
140.3 3.6934e+01  14 1.00000e+00  
140.4 3.6896e+01  14 1.00000e+00  
140.5 3.6859e+01  14 1.00000e+00  
140.6 3.6821e+01  14 1.00000e+00  
140.7 3.6784e+01  14 1.00000e+00  
140.8 3.6747e+01  14 1.00000e+00  
140.9 3.6711e+01  14 1.00000e+00  
141.0 3.6669e+01  14 1.00000e+00  
141.1 3.6623e+01  14 1.00000e+00  
141.2 3.6577e+01  14 1.00000e+00  
141.3 3.6532e+01  14 1.00000e+00  
141.4 3.6489e+01  14 1.00000e+00  
141.5 3.7549e+01  14 1.00000e+00  
141.6 3.7506e+01  14 1.00000e+00  
141.7 3.7463e+01  14 1.00000e+00  
141.8 3.7422e+01  14 1.00000e+00  
141.9 3.7379e+01  14 1.00000e+00  
142.0 3.7337e+01  14 1.00000e+00  
142.1 3.7297e+01  14 1.00000e+00  
142.2 3.7257e+01  14 1.00000e+00  
142.3 3.7217e+01  14 1.00000e+00  
142.4 3.7176e+01  14 1.00000e+00  
142.5 3.7136e+01  14 1.00000e+00  
142.6 3.7097e+01  14 1.00000e+00  
142.7 3.7059e+01  14 1.00000e+00  
142.8 3.7022e+01  14 1.00000e+00  
142.9 3.6984e+01  14 1.00000e+00  
143.0 3.6946e+01  14 1.00000e+00  
143.1 3.6909e+01  14 1.00000e+00  
143.2 3.6873e+01  14 1.00000e+00  
143.3 3.6838e+01  14 1.00000e+00  
143.4 3.6793e+01  14 1.00000e+00  
143.5 3.6747e+01  14 1.00000e+00  
143.6 3.6701e+01  14 1.00000e+00  
143.7 3.6657e+01  14 1.00000e+00  
143.8 3.6615e+01  14 1.00000e+00  
143.9 3.6571e+01  14 1.00000e+00  
144.0 3.7637e+01  14 1.00000e+00  
144.1 3.7595e+01  14 1.00000e+00  
144.2 3.7552e+01  14 1.00000e+00  
144.3 3.7510e+01  14 1.00000e+00  
144.4 3.7469e+01  14 1.00000e+00  
144.5 3.7429e+01  14 1.00000e+00  
144.6 3.7390e+01  14 1.00000e+00  
144.7 3.7349e+01  14 1.00000e+00  
144.8 3.7309e+01  14 1.00000e+00  
144.9 3.7269e+01  14 1.00000e+00  
145.0 3.7230e+01  14 1.00000e+00  
145.1 3.7193e+01  14 1.00000e+00  
145.2 3.7154e+01  14 1.00000e+00  
145.3 3.7116e+01  14 1.00000e+00  
145.4 3.7078e+01  14 1.00000e+00  
145.5 3.7042e+01  14 1.00000e+00  
145.6 3.7007e+01  14 1.00000e+00  
145.7 3.6972e+01  14 1.00000e+00  
145.8 3.6927e+01  14 1.00000e+00  
145.9 3.6881e+01  14 1.00000e+00  
146.0 3.6836e+01  14 1.00000e+00  
146.1 3.6792e+01  14 1.00000e+00  
146.2 3.6748e+01  14 1.00000e+00  
146.3 3.6704e+01  14 1.00000e+00  
146.4 3.6661e+01  14 1.00000e+00  
146.5 3.7735e+01  14 1.00000e+00  
146.6 3.7692e+01  14 1.00000e+00  
146.7 3.7650e+01  14 1.00000e+00  
146.8 3.7609e+01  14 1.00000e+00  
146.9 3.7569e+01  14 1.00000e+00  
147.0 3.7529e+01  14 1.00000e+00  
147.1 3.7488e+01  14 1.00000e+00  
147.2 3.7449e+01  14 1.00000e+00  
147.3 3.7410e+01  14 1.00000e+00  
147.4 3.7372e+01  14 1.00000e+00  
147.5 3.7333e+01  14 1.00000e+00  
147.6 3.7294e+01  14 1.00000e+00  
147.7 3.7256e+01  14 1.00000e+00  
147.8 3.7219e+01  14 1.00000e+00  
147.9 3.7183e+01  14 1.00000e+00  
148.0 3.7147e+01  14 1.00000e+00  
148.1 3.7110e+01  14 1.00000e+00  
148.2 3.7070e+01  14 1.00000e+00  
148.3 3.7025e+01  14 1.00000e+00  
148.4 3.6980e+01  14 1.00000e+00  
148.5 3.6936e+01  14 1.00000e+00  
148.6 3.6891e+01  14 1.00000e+00  
148.7 3.6847e+01  14 1.00000e+00  
148.8 3.6804e+01  14 1.00000e+00  
148.9 3.6763e+01  14 1.00000e+00  
149.0 3.7841e+01  14 1.00000e+00  
149.1 3.7799e+01  14 1.00000e+00  
149.2 3.7758e+01  14 1.00000e+00  
149.3 3.7718e+01  14 1.00000e+00  
149.4 3.7677e+01  14 1.00000e+00  
149.5 3.7636e+01  14 1.00000e+00  
149.6 3.7597e+01  14 1.00000e+00  
149.7 3.7559e+01  14 1.00000e+00  
149.8 3.7521e+01  14 1.00000e+00  
149.9 3.7481e+01  14 1.00000e+00  
150.0 3.7442e+01  14 1.00000e+00  
