 15.1 1.4298e+00  13 4.82714e-02  
 15.2 1.4375e+00  13 4.81549e-02  
 15.3 1.4451e+00  13 4.81278e-02  
 15.4 1.4527e+00  13 4.84031e-02  
 15.5 1.4604e+00  13 4.84397e-02  
 15.6 1.4680e+00  13 4.82299e-02  
 15.7 1.4757e+00  13 4.80594e-02  
 15.8 1.4833e+00  13 4.80251e-02  
 15.9 1.4909e+00  13 4.82326e-02  
 16.0 1.4986e+00  13 4.81031e-02  
 16.1 1.5062e+00  13 4.84600e-02  
 16.2 1.5139e+00  13 4.87822e-02  
 16.3 1.5215e+00  13 4.91704e-02  
 16.4 1.5291e+00  13 4.95524e-02  
 16.5 1.5368e+00  13 4.99343e-02  
 16.6 1.5444e+00  13 5.03611e-02  
 16.7 1.5520e+00  13 5.07372e-02  
 16.8 1.5597e+00  13 5.11018e-02  
 16.9 1.5673e+00  13 5.14733e-02  
 17.0 1.5749e+00  13 5.18422e-02  
 17.1 1.5826e+00  13 5.22079e-02  
 17.2 1.5902e+00  13 5.25720e-02  
 17.3 1.5978e+00  13 5.29339e-02  
 17.4 1.6055e+00  13 5.32931e-02  
 17.5 1.6131e+00  13 5.36502e-02  
 17.6 1.6207e+00  13 5.40050e-02  
 17.7 1.6284e+00  13 5.43579e-02  
 17.8 1.6360e+00  13 5.47084e-02  
 17.9 1.6436e+00  13 5.50574e-02  
 18.0 1.6512e+00  13 5.54041e-02  
 18.1 1.6589e+00  13 5.58095e-02  
 18.2 1.6665e+00  13 5.61385e-02  
 18.3 1.6741e+00  13 5.64798e-02  
 18.4 1.6817e+00  13 5.68191e-02  
 18.5 1.6893e+00  13 5.71567e-02  
 18.6 1.6970e+00  13 5.74934e-02  
 18.7 1.7046e+00  13 5.78285e-02  
 18.8 1.7122e+00  13 5.81620e-02  
 18.9 1.7198e+00  13 5.84939e-02  
 19.0 1.7274e+00  13 5.88250e-02  
 19.1 1.7383e+00  13 5.94326e-02  
 19.2 1.7506e+00  13 6.02184e-02  
 19.3 1.7629e+00  13 6.09399e-02  
 19.4 1.7753e+00  13 6.16490e-02  
 19.5 1.7878e+00  13 6.23802e-02  
 19.6 1.8004e+00  13 6.31163e-02  
 19.7 1.8131e+00  13 6.38575e-02  
 19.8 1.8258e+00  13 6.46048e-02  
 19.9 1.8387e+00  13 6.53568e-02  
 20.0 1.8516e+00  13 6.61146e-02  
 20.1 1.8647e+00  13 6.68775e-02  
 20.2 1.8778e+00  13 6.77287e-02  
 20.3 1.8911e+00  13 6.85049e-02  
 20.4 1.9044e+00  13 6.92623e-02  
 20.5 1.9178e+00  13 7.00482e-02  
 20.6 1.6287e+01  14 1.00000e+00  
 20.7 1.6336e+01  14 1.00000e+00  
 20.8 1.6385e+01  14 1.00000e+00  
 20.9 1.6433e+01  14 1.00000e+00  
 21.0 1.6481e+01  14 1.00000e+00  
 21.1 1.6508e+01  14 1.00000e+00  
 21.2 1.6555e+01  14 1.00000e+00  
 21.3 1.6607e+01  14 1.00000e+00  
 21.4 1.6653e+01  14 1.00000e+00  
 21.5 1.6699e+01  14 1.00000e+00  
 21.6 1.6743e+01  14 1.00000e+00  
 21.7 1.6788e+01  14 1.00000e+00  
 21.8 1.6831e+01  14 1.00000e+00  
 21.9 1.6874e+01  14 1.00000e+00  
 22.0 1.6895e+01  14 1.00000e+00  
 22.1 1.6937e+01  14 1.00000e+00  
 22.2 1.6984e+01  14 1.00000e+00  
 22.3 1.7025e+01  14 1.00000e+00  
 22.4 1.7066e+01  14 1.00000e+00  
 22.5 1.7105e+01  14 1.00000e+00  
 22.6 1.7144e+01  14 1.00000e+00  
 22.7 1.7183e+01  14 1.00000e+00  
 22.8 1.7196e+01  14 1.00000e+00  
 22.9 1.7233e+01  14 1.00000e+00  
 23.0 1.7278e+01  14 1.00000e+00  
 23.1 1.7314e+01  14 1.00000e+00  
 23.2 1.7350e+01  14 1.00000e+00  
 23.3 1.7385e+01  14 1.00000e+00  
 23.4 1.7419e+01  14 1.00000e+00  
 23.5 1.7426e+01  14 1.00000e+00  
 23.6 5.5152e+00  14 2.78711e-01  
 23.7 5.6078e+00  14 2.83719e-01  
 23.8 5.7013e+00  14 2.88690e-01  
 23.9 5.7954e+00  14 2.93791e-01  
 24.0 5.8901e+00  14 2.98922e-01  
 24.1 5.9855e+00  14 3.04085e-01  
 24.2 6.0815e+00  14 3.09282e-01  
 24.3 6.1765e+00  14 3.14971e-01  
 24.4 6.2736e+00  14 3.20234e-01  
 24.5 6.3719e+00  14 3.25397e-01  
 24.6 6.4702e+00  14 3.30715e-01  
 24.7 6.5698e+00  14 3.36100e-01  
 24.8 6.6694e+00  14 3.41479e-01  
 24.9 6.7695e+00  14 3.46893e-01  
 25.0 6.8665e+00  14 3.52785e-01  
 25.1 6.9674e+00  14 3.58258e-01  
 25.2 7.0688e+00  14 3.63751e-01  
 25.3 7.1719e+00  14 3.69164e-01  
 25.4 7.2743e+00  14 3.74722e-01  
 25.5 7.3772e+00  14 3.80309e-01  
 25.6 7.4754e+00  14 3.86363e-01  
 25.7 7.5788e+00  14 3.92005e-01  
 25.8 7.6827e+00  14 3.97679e-01  
 25.9 7.7870e+00  14 4.03380e-01  
 26.0 7.8936e+00  14 4.08983e-01  
 26.1 7.9988e+00  14 4.14735e-01  
 26.2 8.1044e+00  14 4.20513e-01  
 26.3 8.2027e+00  14 4.26750e-01  
 26.4 8.3085e+00  14 4.32587e-01  
 26.5 8.4146e+00  14 4.38452e-01  
 26.6 8.5210e+00  14 4.44344e-01  
 26.7 8.6303e+00  14 4.50133e-01  
 26.8 8.7375e+00  14 4.56070e-01  
 26.9 8.8351e+00  14 4.62453e-01  
 27.0 8.9423e+00  14 4.68438e-01  
 27.1 9.0496e+00  14 4.74455e-01  
 27.2 9.1571e+00  14 4.80499e-01  
 27.3 9.2647e+00  14 4.86568e-01  
 27.4 9.3732e+00  14 4.92634e-01  
 27.5 9.4718e+00  14 4.99063e-01  
 27.6 9.5796e+00  14 5.05198e-01  
 27.7 9.6875e+00  14 5.11357e-01  
 27.8 9.7952e+00  14 5.17546e-01  
 27.9 9.9031e+00  14 5.23758e-01  
 28.0 9.9966e+00  14 5.30392e-01  
 28.1 1.0104e+01  14 5.36655e-01  
 28.2 1.0216e+01  14 5.42804e-01  
 28.3 1.0324e+01  14 5.49101e-01  
 28.4 1.0431e+01  14 5.55420e-01  
 28.5 1.0522e+01  14 5.62155e-01  
 28.6 1.0629e+01  14 5.68523e-01  
 28.7 1.0735e+01  14 5.74914e-01  
 28.8 1.0841e+01  14 5.81329e-01  
 28.9 1.0935e+01  14 5.88018e-01  
 29.0 1.1041e+01  14 5.94467e-01  
 29.1 1.1146e+01  14 6.00936e-01  
 29.2 1.1251e+01  14 6.07427e-01  
 29.3 1.1336e+01  14 6.14307e-01  
 29.4 1.1439e+01  14 6.20840e-01  
 29.5 1.1543e+01  14 6.27391e-01  
 29.6 1.1627e+01  14 6.34274e-01  
 29.7 1.1734e+01  14 6.40788e-01  
 29.8 1.1836e+01  14 6.47394e-01  
 29.9 1.1914e+01  14 6.54365e-01  
 30.0 1.2014e+01  14 6.61008e-01  
 30.1 1.2089e+01  14 6.68008e-01  
 30.2 1.2091e+01  14 6.75988e-01  
 30.3 1.2162e+01  14 6.83003e-01  
 30.4 1.2265e+01  14 6.89587e-01  
 30.5 1.2359e+01  14 6.96296e-01  
 30.6 1.2452e+01  14 7.03024e-01  
 30.7 1.2545e+01  14 7.09770e-01  
 30.8 1.2636e+01  14 7.16530e-01  
 30.9 1.2726e+01  14 7.23264e-01  
 31.0 1.2816e+01  14 7.30053e-01  
 31.1 1.2909e+01  14 7.36818e-01  
 31.2 1.3004e+01  14 7.43568e-01  
 31.3 1.3092e+01  14 7.50398e-01  
 31.4 1.3179e+01  14 7.57243e-01  
 31.5 1.3264e+01  14 7.64101e-01  
 31.6 1.3349e+01  14 7.70970e-01  
 31.7 1.3433e+01  14 7.77896e-01  
 31.8 1.3517e+01  14 7.84780e-01  
 31.9 1.3610e+01  14 7.91598e-01  
 32.0 1.3691e+01  14 7.98511e-01  
 32.1 1.3771e+01  14 8.05434e-01  
 32.2 1.3850e+01  14 8.12366e-01  
 32.3 1.3927e+01  14 8.19308e-01  
 32.4 1.4003e+01  14 8.26259e-01  
 32.5 1.4078e+01  14 8.33217e-01  
 32.6 1.4162e+01  14 8.40128e-01  
 32.7 1.4238e+01  14 8.47085e-01  
 32.8 1.4310e+01  14 8.54065e-01  
 32.9 1.4380e+01  14 8.61051e-01  
 33.0 1.4449e+01  14 8.68042e-01  
 33.1 1.4516e+01  14 8.75039e-01  
 33.2 1.4582e+01  14 8.82037e-01  
 33.3 1.4647e+01  14 8.89036e-01  
 33.4 1.4724e+01  14 8.95995e-01  
 33.5 1.4786e+01  14 9.03004e-01  
 33.6 1.4846e+01  14 9.10016e-01  
 33.7 1.4905e+01  14 9.17027e-01  
 33.8 1.4962e+01  14 9.24039e-01  
 33.9 1.5018e+01  14 9.31050e-01  
 34.0 1.5071e+01  14 9.38059e-01  
 34.1 1.5130e+01  14 9.45055e-01  
 34.2 1.5190e+01  14 9.52046e-01  
 34.3 1.5239e+01  14 9.59049e-01  
 34.4 1.5286e+01  14 9.66047e-01  
 34.5 1.5331e+01  14 9.73040e-01  
 34.6 1.5375e+01  14 9.80027e-01  
 34.7 1.5417e+01  14 9.87006e-01  
 34.8 1.5456e+01  14 9.93976e-01  
 34.9 1.5498e+01  14 1.00000e+00  
 35.0 1.5433e+01  14 1.00000e+00  
 35.1 1.5368e+01  14 1.00000e+00  
 35.2 1.5302e+01  14 1.00000e+00  
 35.3 1.5235e+01  14 1.00000e+00  
 35.4 1.5167e+01  14 1.00000e+00  
 35.5 1.5098e+01  14 1.00000e+00  
 35.6 1.5024e+01  14 1.00000e+00  
 35.7 1.4956e+01  14 1.00000e+00  
 35.8 1.4778e+01  14 1.00000e+00  
 35.9 1.4639e+01  14 1.00000e+00  
 36.0 1.4469e+01  14 1.00000e+00  
 36.1 1.4286e+01  14 1.00000e+00  
 36.2 1.4117e+01  14 1.00000e+00  
 36.3 1.3861e+01  14 1.00000e+00  
 36.4 1.3611e+01  14 1.00000e+00  
 36.5 1.3514e+01  14 1.00000e+00  
 36.6 1.3575e+01  14 1.00000e+00  
 36.7 1.3639e+01  14 1.00000e+00  
 36.8 1.3696e+01  14 1.00000e+00  
 36.9 1.3724e+01  14 1.00000e+00  
 37.0 1.3725e+01  14 1.00000e+00  
 37.1 1.3771e+01  14 1.00000e+00  
 37.2 1.3839e+01  14 1.00000e+00  
 37.3 1.3775e+01  14 1.00000e+00  
 37.4 1.3776e+01  14 1.00000e+00  
 37.5 1.3778e+01  14 1.00000e+00  
 37.6 1.3667e+01  14 1.00000e+00  
 37.7 1.3623e+01  14 1.00000e+00  
 37.8 1.3628e+01  14 1.00000e+00  
 37.9 1.3632e+01  14 1.00000e+00  
 38.0 1.3529e+01  14 1.00000e+00  
 38.1 1.3511e+01  14 1.00000e+00  
 38.2 1.3493e+01  14 1.00000e+00  
 38.3 1.3409e+01  14 1.00000e+00  
 38.4 1.3395e+01  14 1.00000e+00  
 38.5 1.3400e+01  14 1.00000e+00  
 38.6 1.3347e+01  14 1.00000e+00  
 38.7 1.3316e+01  14 1.00000e+00  
 38.8 1.3271e+01  14 1.00000e+00  
 38.9 1.3274e+01  14 1.00000e+00  
 39.0 1.3203e+01  14 1.00000e+00  
 39.1 1.3188e+01  14 1.00000e+00  
 39.2 1.3190e+01  14 1.00000e+00  
 39.3 1.3098e+01  14 9.95660e-01  
 39.4 1.3006e+01  14 9.90999e-01  
 39.5 1.2890e+01  14 9.85072e-01  
 39.6 1.2917e+01  14 9.86489e-01  
 39.7 1.2932e+01  14 9.87225e-01  
 39.8 1.2755e+01  14 9.78182e-01  
 39.9 1.2632e+01  14 9.71917e-01  
 40.0 1.2524e+01  14 9.66331e-01  
 40.1 1.2414e+01  14 9.60702e-01  
 40.2 1.2335e+01  14 9.56592e-01  
 40.3 1.2169e+01  14 9.48009e-01  
 40.4 1.2138e+01  14 9.46386e-01  
 40.5 1.2091e+01  14 9.43978e-01  
 40.6 1.1941e+01  14 9.36135e-01  
 40.7 1.1747e+01  14 9.26028e-01  
 40.8 1.1840e+01  14 9.30884e-01  
 40.9 1.1889e+01  14 9.33453e-01  
 41.0 1.1936e+01  14 9.35878e-01  
 41.1 1.1976e+01  14 9.37979e-01  
 41.2 1.2138e+01  14 9.46402e-01  
 41.3 1.2267e+01  14 9.53114e-01  
 41.4 1.2362e+01  14 9.57995e-01  
 41.5 1.2502e+01  14 9.65202e-01  
 41.6 1.2555e+01  14 9.67961e-01  
 41.7 1.2604e+01  14 9.70482e-01  
 41.8 1.2647e+01  14 9.72644e-01  
 41.9 1.2789e+01  14 9.79943e-01  
 42.0 1.2934e+01  14 9.87338e-01  
 42.1 1.3060e+01  14 9.93737e-01  
 42.2 1.3172e+01  14 9.99430e-01  
 42.3 1.3218e+01  14 1.00000e+00  
 42.4 1.3276e+01  14 1.00000e+00  
 42.5 1.3304e+01  14 1.00000e+00  
 42.6 1.3333e+01  14 1.00000e+00  
 42.7 1.3362e+01  14 1.00000e+00  
 42.8 1.3389e+01  14 1.00000e+00  
 42.9 1.3416e+01  14 1.00000e+00  
 43.0 1.3447e+01  14 1.00000e+00  
 43.1 1.3516e+01  14 1.00000e+00  
 43.2 1.3566e+01  14 1.00000e+00  
 43.3 1.3613e+01  14 1.00000e+00  
 43.4 1.3655e+01  14 1.00000e+00  
 43.5 1.3697e+01  14 1.00000e+00  
 43.6 1.3736e+01  14 1.00000e+00  
 43.7 1.3777e+01  14 1.00000e+00  
 43.8 1.3816e+01  14 1.00000e+00  
 43.9 1.3858e+01  14 1.00000e+00  
 44.0 1.3896e+01  14 1.00000e+00  
 44.1 1.3958e+01  14 1.00000e+00  
 44.2 1.3976e+01  14 1.00000e+00  
 44.3 1.4038e+01  14 1.00000e+00  
 44.4 1.4056e+01  14 1.00000e+00  
 44.5 1.4117e+01  14 1.00000e+00  
 44.6 1.4137e+01  14 1.00000e+00  
 44.7 1.4199e+01  14 1.00000e+00  
 44.8 1.4217e+01  14 1.00000e+00  
 44.9 1.4269e+01  14 1.00000e+00  
 45.0 1.4324e+01  14 1.00000e+00  
 45.1 1.4347e+01  14 1.00000e+00  
 45.2 1.4402e+01  14 1.00000e+00  
 45.3 1.4425e+01  14 1.00000e+00  
 45.4 1.4483e+01  14 1.00000e+00  
 45.5 1.4522e+01  14 1.00000e+00  
 45.6 1.4563e+01  14 1.00000e+00  
 45.7 1.4582e+01  14 1.00000e+00  
 45.8 1.4636e+01  14 1.00000e+00  
 45.9 1.4661e+01  14 1.00000e+00  
 46.0 1.4709e+01  14 1.00000e+00  
 46.1 1.4767e+01  14 1.00000e+00  
 46.2 1.4787e+01  14 1.00000e+00  
 46.3 1.4841e+01  14 1.00000e+00  
 46.4 1.4866e+01  14 1.00000e+00  
 46.5 1.4909e+01  14 1.00000e+00  
 46.6 1.4969e+01  14 1.00000e+00  
 46.7 1.4990e+01  14 1.00000e+00  
 46.8 1.5052e+01  14 1.00000e+00  
 46.9 1.5095e+01  14 1.00000e+00  
 47.0 1.5114e+01  14 1.00000e+00  
 47.1 1.5159e+01  14 1.00000e+00  
 47.2 1.5220e+01  14 1.00000e+00  
 47.3 1.5237e+01  14 1.00000e+00  
 47.4 1.5277e+01  14 1.00000e+00  
 47.5 1.5336e+01  14 1.00000e+00  
 47.6 1.5358e+01  14 1.00000e+00  
 47.7 1.5400e+01  14 1.00000e+00  
 47.8 1.5452e+01  14 1.00000e+00  
 47.9 1.5478e+01  14 1.00000e+00  
 48.0 1.5524e+01  14 1.00000e+00  
 48.1 1.5566e+01  14 1.00000e+00  
 48.2 1.5626e+01  14 1.00000e+00  
 48.3 1.5647e+01  14 1.00000e+00  
 48.4 1.5687e+01  14 1.00000e+00  
 48.5 1.5735e+01  14 1.00000e+00  
 48.6 1.5796e+01  14 1.00000e+00  
 48.7 1.5813e+01  14 1.00000e+00  
 48.8 1.5850e+01  14 1.00000e+00  
 48.9 1.5901e+01  14 1.00000e+00  
 49.0 1.5960e+01  14 1.00000e+00  
 49.1 1.5978e+01  14 1.00000e+00  
 49.2 1.6017e+01  14 1.00000e+00  
 49.3 1.6063e+01  14 1.00000e+00  
 49.4 1.6124e+01  14 1.00000e+00  
 49.5 1.6143e+01  14 1.00000e+00  
 49.6 1.6186e+01  14 1.00000e+00  
 49.7 1.6221e+01  14 1.00000e+00  
 49.8 1.6279e+01  14 1.00000e+00  
 49.9 1.6304e+01  14 1.00000e+00  
 50.0 1.6353e+01  14 1.00000e+00  
 50.1 1.6392e+01  14 1.00000e+00  
 50.2 1.6426e+01  14 1.00000e+00  
 50.3 1.6480e+01  14 1.00000e+00  
 50.4 1.6538e+01  14 1.00000e+00  
 50.5 1.6558e+01  14 1.00000e+00  
 50.6 1.6602e+01  14 1.00000e+00  
 50.7 1.6617e+01  14 1.00000e+00  
 50.8 1.6679e+01  14 1.00000e+00  
 50.9 1.6738e+01  14 1.00000e+00  
 51.0 1.6763e+01  14 1.00000e+00  
 51.1 1.6812e+01  14 1.00000e+00  
 51.2 1.6853e+01  14 1.00000e+00  
 51.3 1.6868e+01  14 1.00000e+00  
 51.4 1.6927e+01  14 1.00000e+00  
 51.5 1.6986e+01  14 1.00000e+00  
 51.6 1.7043e+01  14 1.00000e+00  
 51.7 1.7064e+01  14 1.00000e+00  
 51.8 1.7099e+01  14 1.00000e+00  
 51.9 1.7109e+01  14 1.00000e+00  
 52.0 1.7168e+01  14 1.00000e+00  
 52.1 1.7226e+01  14 1.00000e+00  
 52.2 1.7285e+01  14 1.00000e+00  
 52.3 1.7308e+01  14 1.00000e+00  
 52.4 1.7356e+01  14 1.00000e+00  
 52.5 1.7347e+01  14 1.00000e+00  
 52.6 1.7389e+01  14 1.00000e+00  
 52.7 1.7447e+01  14 1.00000e+00  
 52.8 1.7506e+01  14 1.00000e+00  
 52.9 1.7562e+01  14 1.00000e+00  
 53.0 1.7623e+01  14 1.00000e+00  
 53.1 1.7673e+01  14 1.00000e+00  
 53.2 1.7679e+01  14 1.00000e+00  
 53.3 1.7694e+01  14 1.00000e+00  
 53.4 1.7727e+01  14 1.00000e+00  
 53.5 1.7759e+01  14 1.00000e+00  
 53.6 1.7818e+01  14 1.00000e+00  
 53.7 1.7877e+01  14 1.00000e+00  
 53.8 1.7935e+01  14 1.00000e+00  
 53.9 1.7991e+01  14 1.00000e+00  
 54.0 1.8030e+01  14 1.00000e+00  
 54.1 1.8068e+01  14 1.00000e+00  
 54.2 1.8102e+01  14 1.00000e+00  
 54.3 1.8118e+01  14 1.00000e+00  
 54.4 1.8155e+01  14 1.00000e+00  
 54.5 1.8185e+01  14 1.00000e+00  
 54.6 1.8226e+01  14 1.00000e+00  
 54.7 1.8284e+01  14 1.00000e+00  
 54.8 1.8341e+01  14 1.00000e+00  
 54.9 1.8412e+01  14 1.00000e+00  
 55.0 1.8450e+01  14 1.00000e+00  
 55.1 1.8496e+01  14 1.00000e+00  
 55.2 1.8539e+01  14 1.00000e+00  
 55.3 1.8580e+01  14 1.00000e+00  
 55.4 1.8619e+01  14 1.00000e+00  
 55.5 1.8653e+01  14 1.00000e+00  
 55.6 1.8688e+01  14 1.00000e+00  
 55.7 1.8710e+01  14 1.00000e+00  
 55.8 1.8754e+01  14 1.00000e+00  
 55.9 1.8853e+01  14 1.00000e+00  
 56.0 1.8865e+01  14 1.00000e+00  
 56.1 1.8917e+01  14 1.00000e+00  
 56.2 1.8962e+01  14 1.00000e+00  
 56.3 1.9014e+01  14 1.00000e+00  
 56.4 1.9065e+01  14 1.00000e+00  
 56.5 1.9079e+01  14 1.00000e+00  
 56.6 1.9127e+01  14 1.00000e+00  
 56.7 1.9173e+01  14 1.00000e+00  
 56.8 1.9218e+01  14 1.00000e+00  
 56.9 1.9263e+01  14 1.00000e+00  
 57.0 1.9317e+01  14 1.00000e+00  
 57.1 1.9328e+01  14 1.00000e+00  
 57.2 1.9353e+01  14 1.00000e+00  
 57.3 1.9394e+01  14 1.00000e+00  
 57.4 1.9430e+01  14 1.00000e+00  
 57.5 1.9464e+01  14 1.00000e+00  
 57.6 1.9495e+01  14 1.00000e+00  
 57.7 1.9540e+01  14 1.00000e+00  
 57.8 1.9592e+01  14 1.00000e+00  
 57.9 1.9642e+01  14 1.00000e+00  
 58.0 1.9692e+01  14 1.00000e+00  
 58.1 1.9742e+01  14 1.00000e+00  
 58.2 1.9791e+01  14 1.00000e+00  
 58.3 1.9838e+01  14 1.00000e+00  
 58.4 1.9887e+01  14 1.00000e+00  
 58.5 1.9887e+01  14 1.00000e+00  
 58.6 2.0012e+01  14 1.00000e+00  
 58.7 2.0055e+01  14 1.00000e+00  
 58.8 2.0106e+01  14 1.00000e+00  
 58.9 2.0112e+01  14 1.00000e+00  
 59.0 2.0155e+01  14 1.00000e+00  
 59.1 2.0201e+01  14 1.00000e+00  
 59.2 2.0244e+01  14 1.00000e+00  
 59.3 2.0290e+01  14 1.00000e+00  
 59.4 2.0330e+01  14 1.00000e+00  
 59.5 2.0376e+01  14 1.00000e+00  
 59.6 2.0420e+01  14 1.00000e+00  
 59.7 2.0466e+01  14 1.00000e+00  
 59.8 2.0509e+01  14 1.00000e+00  
 59.9 2.0550e+01  14 1.00000e+00  
 60.0 2.0615e+01  14 1.00000e+00  
 60.1 2.0620e+01  14 1.00000e+00  
 60.2 2.0647e+01  14 1.00000e+00  
 60.3 2.0720e+01  14 1.00000e+00  
 60.4 2.0768e+01  14 1.00000e+00  
 60.5 2.0810e+01  14 1.00000e+00  
 60.6 2.0852e+01  14 1.00000e+00  
 60.7 2.0891e+01  14 1.00000e+00  
 60.8 2.0940e+01  14 1.00000e+00  
 60.9 2.0983e+01  14 1.00000e+00  
 61.0 2.1028e+01  14 1.00000e+00  
 61.1 2.1071e+01  14 1.00000e+00  
 61.2 2.1114e+01  14 1.00000e+00  
 61.3 2.1158e+01  14 1.00000e+00  
 61.4 2.1202e+01  14 1.00000e+00  
 61.5 2.1246e+01  14 1.00000e+00  
 61.6 2.1290e+01  14 1.00000e+00  
 61.7 2.1335e+01  14 1.00000e+00  
 61.8 2.1373e+01  14 1.00000e+00  
 61.9 2.1423e+01  14 1.00000e+00  
 62.0 2.1474e+01  14 1.00000e+00  
 62.1 2.1481e+01  14 1.00000e+00  
 62.2 2.1545e+01  14 1.00000e+00  
 62.3 2.1589e+01  14 1.00000e+00  
 62.4 2.1639e+01  14 1.00000e+00  
 62.5 2.1685e+01  14 1.00000e+00  
 62.6 2.1731e+01  14 1.00000e+00  
 62.7 2.1777e+01  14 1.00000e+00  
 62.8 2.1823e+01  14 1.00000e+00  
 62.9 2.1865e+01  14 1.00000e+00  
 63.0 2.1903e+01  14 1.00000e+00  
 63.1 2.1917e+01  14 1.00000e+00  
 63.2 2.1995e+01  14 1.00000e+00  
 63.3 2.2043e+01  14 1.00000e+00  
 63.4 2.2083e+01  14 1.00000e+00  
 63.5 2.2132e+01  14 1.00000e+00  
 63.6 2.2179e+01  14 1.00000e+00  
 63.7 2.2224e+01  14 1.00000e+00  
 63.8 2.2269e+01  14 1.00000e+00  
 63.9 2.2302e+01  14 1.00000e+00  
 64.0 2.2294e+01  14 1.00000e+00  
 64.1 2.2334e+01  14 1.00000e+00  
 64.2 2.2362e+01  14 1.00000e+00  
 64.3 2.2436e+01  14 1.00000e+00  
 64.4 2.2522e+01  14 1.00000e+00  
 64.5 2.2576e+01  14 1.00000e+00  
 64.6 2.2615e+01  14 1.00000e+00  
 64.7 2.2666e+01  14 1.00000e+00  
 64.8 2.2705e+01  14 1.00000e+00  
 64.9 2.2750e+01  14 1.00000e+00  
 65.0 2.2793e+01  14 1.00000e+00  
 65.1 2.2828e+01  14 1.00000e+00  
 65.2 2.2867e+01  14 1.00000e+00  
 65.3 2.2951e+01  14 1.00000e+00  
 65.4 2.2991e+01  14 1.00000e+00  
 65.5 2.3028e+01  14 1.00000e+00  
 65.6 2.3072e+01  14 1.00000e+00  
 65.7 2.3055e+01  14 1.00000e+00  
 65.8 2.3159e+01  14 1.00000e+00  
 65.9 2.3198e+01  14 1.00000e+00  
 66.0 2.3235e+01  14 1.00000e+00  
 66.1 2.3269e+01  14 1.00000e+00  
 66.2 2.3308e+01  14 1.00000e+00  
 66.3 2.3381e+01  14 1.00000e+00  
 66.4 2.3388e+01  14 1.00000e+00  
 66.5 2.3399e+01  14 1.00000e+00  
 66.6 2.3457e+01  14 1.00000e+00  
 66.7 2.3492e+01  14 1.00000e+00  
 66.8 2.3533e+01  14 1.00000e+00  
 66.9 2.3568e+01  14 1.00000e+00  
 67.0 2.3602e+01  14 1.00000e+00  
 67.1 2.3658e+01  14 1.00000e+00  
 67.2 2.3712e+01  14 1.00000e+00  
 67.3 2.3762e+01  14 1.00000e+00  
 67.4 2.3817e+01  14 1.00000e+00  
 67.5 2.3879e+01  14 1.00000e+00  
 67.6 2.3929e+01  14 1.00000e+00  
 67.7 2.3977e+01  14 1.00000e+00  
 67.8 2.4017e+01  14 1.00000e+00  
 67.9 2.4091e+01  14 1.00000e+00  
 68.0 2.4142e+01  14 1.00000e+00  
 68.1 2.4190e+01  14 1.00000e+00  
 68.2 2.4235e+01  14 1.00000e+00  
 68.3 2.4285e+01  14 1.00000e+00  
 68.4 2.4333e+01  14 1.00000e+00  
 68.5 2.4377e+01  14 1.00000e+00  
 68.6 2.4402e+01  14 1.00000e+00  
 68.7 2.4456e+01  14 1.00000e+00  
 68.8 2.4507e+01  14 1.00000e+00  
 68.9 2.4549e+01  14 1.00000e+00  
 69.0 2.4591e+01  14 1.00000e+00  
 69.1 2.4630e+01  14 1.00000e+00  
 69.2 2.4709e+01  14 1.00000e+00  
 69.3 2.4752e+01  14 1.00000e+00  
 69.4 2.4780e+01  14 1.00000e+00  
 69.5 2.4818e+01  14 1.00000e+00  
 69.6 2.4849e+01  14 1.00000e+00  
 69.7 2.4863e+01  14 1.00000e+00  
 69.8 2.4866e+01  14 1.00000e+00  
 69.9 2.4975e+01  14 1.00000e+00  
 70.0 2.5005e+01  14 1.00000e+00  
 70.1 2.5036e+01  14 1.00000e+00  
 70.2 2.5047e+01  14 1.00000e+00  
 70.3 2.5155e+01  14 1.00000e+00  
 70.4 2.5210e+01  14 1.00000e+00  
 70.5 2.5217e+01  14 1.00000e+00  
 70.6 2.5269e+01  14 1.00000e+00  
 70.7 2.5319e+01  14 1.00000e+00  
 70.8 2.5373e+01  14 1.00000e+00  
 70.9 2.5423e+01  14 1.00000e+00  
 71.0 2.5415e+01  14 1.00000e+00  
 71.1 2.5563e+01  14 1.00000e+00  
 71.2 2.5590e+01  14 1.00000e+00  
 71.3 2.5640e+01  14 1.00000e+00  
 71.4 2.5701e+01  14 1.00000e+00  
 71.5 2.5752e+01  14 1.00000e+00  
 71.6 2.5798e+01  14 1.00000e+00  
 71.7 2.5840e+01  14 1.00000e+00  
 71.8 2.5875e+01  14 1.00000e+00  
 71.9 2.5924e+01  14 1.00000e+00  
 72.0 2.5965e+01  14 1.00000e+00  
 72.1 2.6003e+01  14 1.00000e+00  
 72.2 2.6042e+01  14 1.00000e+00  
 72.3 2.6140e+01  14 1.00000e+00  
 72.4 2.6168e+01  14 1.00000e+00  
 72.5 2.6205e+01  14 1.00000e+00  
 72.6 2.6225e+01  14 1.00000e+00  
 72.7 2.6265e+01  14 1.00000e+00  
 72.8 2.6310e+01  14 1.00000e+00  
 72.9 2.6330e+01  14 1.00000e+00  
 73.0 2.6382e+01  14 1.00000e+00  
 73.1 2.6416e+01  14 1.00000e+00  
 73.2 2.6428e+01  14 1.00000e+00  
 73.3 2.6478e+01  14 1.00000e+00  
 73.4 2.6513e+01  14 1.00000e+00  
 73.5 2.6571e+01  14 1.00000e+00  
 73.6 2.6639e+01  14 1.00000e+00  
 73.7 2.6756e+01  14 1.00000e+00  
 73.8 2.6807e+01  14 1.00000e+00  
 73.9 2.6822e+01  14 1.00000e+00  
 74.0 2.6863e+01  14 1.00000e+00  
 74.1 2.6942e+01  14 1.00000e+00  
 74.2 2.6993e+01  14 1.00000e+00  
 74.3 2.7039e+01  14 1.00000e+00  
 74.4 2.7075e+01  14 1.00000e+00  
 74.5 2.7129e+01  14 1.00000e+00  
 74.6 2.7065e+01  14 1.00000e+00  
 74.7 2.7229e+01  14 1.00000e+00  
 74.8 2.7276e+01  14 1.00000e+00  
 74.9 2.7303e+01  14 1.00000e+00  
 75.0 2.7294e+01  14 1.00000e+00  
 75.1 2.7394e+01  14 1.00000e+00  
 75.2 2.7467e+01  14 1.00000e+00  
 75.3 2.7521e+01  14 1.00000e+00  
 75.4 2.7563e+01  14 1.00000e+00  
 75.5 2.7585e+01  14 1.00000e+00  
 75.6 2.7626e+01  14 1.00000e+00  
 75.7 2.7711e+01  14 1.00000e+00  
 75.8 2.7698e+01  14 1.00000e+00  
 75.9 2.7732e+01  14 1.00000e+00  
 76.0 2.7756e+01  14 1.00000e+00  
 76.1 2.7810e+01  14 1.00000e+00  
 76.2 2.7834e+01  14 1.00000e+00  
 76.3 2.7920e+01  14 1.00000e+00  
 76.4 2.7988e+01  14 1.00000e+00  
 76.5 2.8005e+01  14 1.00000e+00  
 76.6 2.8076e+01  14 1.00000e+00  
 76.7 2.8204e+01  14 1.00000e+00  
 76.8 2.8173e+01  14 1.00000e+00  
 76.9 2.8274e+01  14 1.00000e+00  
 77.0 2.8320e+01  14 1.00000e+00  
 77.1 2.8370e+01  14 1.00000e+00  
 77.2 2.8417e+01  14 1.00000e+00  
 77.3 2.8464e+01  14 1.00000e+00  
 77.4 2.8516e+01  14 1.00000e+00  
 77.5 2.8557e+01  14 1.00000e+00  
 77.6 2.8618e+01  14 1.00000e+00  
 77.7 2.8656e+01  14 1.00000e+00  
 77.8 2.8698e+01  14 1.00000e+00  
 77.9 2.8745e+01  14 1.00000e+00  
 78.0 2.8775e+01  14 1.00000e+00  
 78.1 2.8880e+01  14 1.00000e+00  
 78.2 2.8909e+01  14 1.00000e+00  
 78.3 2.8950e+01  14 1.00000e+00  
 78.4 2.8975e+01  14 1.00000e+00  
 78.5 2.9022e+01  14 1.00000e+00  
 78.6 2.9045e+01  14 1.00000e+00  
 78.7 2.9076e+01  14 1.00000e+00  
 78.8 2.9126e+01  14 1.00000e+00  
 78.9 2.9158e+01  14 1.00000e+00  
 79.0 2.9164e+01  14 1.00000e+00  
 79.1 2.9215e+01  14 1.00000e+00  
 79.2 2.9247e+01  14 1.00000e+00  
 79.3 2.9346e+01  14 1.00000e+00  
 79.4 2.9414e+01  14 1.00000e+00  
 79.5 2.9518e+01  14 1.00000e+00  
 79.6 2.9565e+01  14 1.00000e+00  
 79.7 2.9568e+01  14 1.00000e+00  
 79.8 2.9609e+01  14 1.00000e+00  
 79.9 2.9666e+01  14 1.00000e+00  
 80.0 2.9726e+01  14 1.00000e+00  
 80.1 2.9786e+01  14 1.00000e+00  
 80.2 2.9855e+01  14 1.00000e+00  
 80.3 2.9889e+01  14 1.00000e+00  
 80.4 2.9951e+01  14 1.00000e+00  
 80.5 3.0001e+01  14 1.00000e+00  
 80.6 3.0043e+01  14 1.00000e+00  
 80.7 3.0074e+01  14 1.00000e+00  
 80.8 3.0141e+01  14 1.00000e+00  
 80.9 3.0185e+01  14 1.00000e+00  
 81.0 3.0201e+01  14 1.00000e+00  
 81.1 3.0256e+01  14 1.00000e+00  
 81.2 3.0298e+01  14 1.00000e+00  
 81.3 3.0394e+01  14 1.00000e+00  
 81.4 3.0426e+01  14 1.00000e+00  
 81.5 3.0475e+01  14 1.00000e+00  
 81.6 3.0511e+01  14 1.00000e+00  
 81.7 3.0536e+01  14 1.00000e+00  
 81.8 3.0584e+01  14 1.00000e+00  
 81.9 3.0621e+01  14 1.00000e+00  
 82.0 3.0656e+01  14 1.00000e+00  
 82.1 3.0674e+01  14 1.00000e+00  
 82.2 3.0723e+01  14 1.00000e+00  
 82.3 3.0754e+01  14 1.00000e+00  
 82.4 3.0784e+01  14 1.00000e+00  
 82.5 3.0807e+01  14 1.00000e+00  
 82.6 3.0869e+01  14 1.00000e+00  
 82.7 3.0949e+01  14 1.00000e+00  
 82.8 3.1017e+01  14 1.00000e+00  
 82.9 3.1077e+01  14 1.00000e+00  
 83.0 3.1123e+01  14 1.00000e+00  
 83.1 3.1202e+01  14 1.00000e+00  
 83.2 3.1255e+01  14 1.00000e+00  
 83.3 3.1311e+01  14 1.00000e+00  
 83.4 3.1345e+01  14 1.00000e+00  
 83.5 3.1439e+01  14 1.00000e+00  
 83.6 3.1473e+01  14 1.00000e+00  
 83.7 3.1539e+01  14 1.00000e+00  
 83.8 3.1590e+01  14 1.00000e+00  
 83.9 3.1636e+01  14 1.00000e+00  
 84.0 3.1670e+01  14 1.00000e+00  
 84.1 3.1733e+01  14 1.00000e+00  
 84.2 3.1773e+01  14 1.00000e+00  
 84.3 3.1821e+01  14 1.00000e+00  
 84.4 3.1842e+01  14 1.00000e+00  
 84.5 3.1899e+01  14 1.00000e+00  
 84.6 3.2008e+01  14 1.00000e+00  
 84.7 3.2050e+01  14 1.00000e+00  
 84.8 3.2068e+01  14 1.00000e+00  
 84.9 3.2124e+01  14 1.00000e+00  
 85.0 3.2165e+01  14 1.00000e+00  
 85.1 3.2202e+01  14 1.00000e+00  
 85.2 3.2240e+01  14 1.00000e+00  
 85.3 3.2277e+01  14 1.00000e+00  
 85.4 3.2312e+01  14 1.00000e+00  
 85.5 3.2334e+01  14 1.00000e+00  
 85.6 3.2384e+01  14 1.00000e+00  
 85.7 3.2394e+01  14 1.00000e+00  
 85.8 3.2453e+01  14 1.00000e+00  
 85.9 3.2483e+01  14 1.00000e+00  
 86.0 3.2506e+01  14 1.00000e+00  
 86.1 3.2539e+01  14 1.00000e+00  
 86.2 3.2633e+01  14 1.00000e+00  
 86.3 3.2707e+01  14 1.00000e+00  
 86.4 3.2776e+01  14 1.00000e+00  
 86.5 3.2827e+01  14 1.00000e+00  
 86.6 3.2903e+01  14 1.00000e+00  
 86.7 3.2957e+01  14 1.00000e+00  
 86.8 3.2996e+01  14 1.00000e+00  
 86.9 3.3067e+01  14 1.00000e+00  
 87.0 3.3145e+01  14 1.00000e+00  
 87.1 3.3204e+01  14 1.00000e+00  
 87.2 3.3229e+01  14 1.00000e+00  
 87.3 3.3300e+01  14 1.00000e+00  
 87.4 3.3353e+01  14 1.00000e+00  
 87.5 3.3397e+01  14 1.00000e+00  
 87.6 3.3432e+01  14 1.00000e+00  
 87.7 3.3503e+01  14 1.00000e+00  
 87.8 3.3545e+01  14 1.00000e+00  
 87.9 3.3579e+01  14 1.00000e+00  
 88.0 3.3633e+01  14 1.00000e+00  
 88.1 3.3678e+01  14 1.00000e+00  
 88.2 3.3696e+01  14 1.00000e+00  
 88.3 3.3822e+01  14 1.00000e+00  
 88.4 3.3875e+01  14 1.00000e+00  
 88.5 3.3914e+01  14 1.00000e+00  
 88.6 3.3953e+01  14 1.00000e+00  
 88.7 3.3991e+01  14 1.00000e+00  
 88.8 3.4029e+01  14 1.00000e+00  
 88.9 3.4040e+01  14 1.00000e+00  
 89.0 3.4100e+01  14 1.00000e+00  
 89.1 3.4144e+01  14 1.00000e+00  
 89.2 3.4163e+01  14 1.00000e+00  
 89.3 3.4217e+01  14 1.00000e+00  
 89.4 3.4229e+01  14 1.00000e+00  
 89.5 3.4288e+01  14 1.00000e+00  
 89.6 3.4321e+01  14 1.00000e+00  
 89.7 3.4349e+01  14 1.00000e+00  
 89.8 3.4372e+01  14 1.00000e+00  
 89.9 3.4394e+01  14 1.00000e+00  
 90.0 3.4489e+01  14 1.00000e+00  
 90.1 3.4576e+01  14 1.00000e+00  
 90.2 3.4638e+01  14 1.00000e+00  
 90.3 3.4715e+01  14 1.00000e+00  
 90.4 3.4780e+01  14 1.00000e+00  
 90.5 3.4841e+01  14 1.00000e+00  
 90.6 3.4902e+01  14 1.00000e+00  
 90.7 3.4949e+01  14 1.00000e+00  
 90.8 3.5016e+01  14 1.00000e+00  
 90.9 3.5070e+01  14 1.00000e+00  
 91.0 3.5149e+01  14 1.00000e+00  
 91.1 3.5202e+01  14 1.00000e+00  
 91.2 3.5234e+01  14 1.00000e+00  
 91.3 3.5283e+01  14 1.00000e+00  
 91.4 3.5330e+01  14 1.00000e+00  
 91.5 3.5404e+01  14 1.00000e+00  
 91.6 3.5454e+01  14 1.00000e+00  
 91.7 3.5499e+01  14 1.00000e+00  
 91.8 3.5519e+01  14 1.00000e+00  
 91.9 3.5591e+01  14 1.00000e+00  
 92.0 3.5630e+01  14 1.00000e+00  
 92.1 3.5677e+01  14 1.00000e+00  
 92.2 3.5720e+01  14 1.00000e+00  
 92.3 3.5827e+01  14 1.00000e+00  
 92.4 3.5871e+01  14 1.00000e+00  
 92.5 3.5927e+01  14 1.00000e+00  
 92.6 3.5971e+01  14 1.00000e+00  
 92.7 3.5987e+01  14 1.00000e+00  
 92.8 3.6048e+01  14 1.00000e+00  
 92.9 3.6092e+01  14 1.00000e+00  
 93.0 3.6105e+01  14 1.00000e+00  
 93.1 3.6171e+01  14 1.00000e+00  
 93.2 3.6210e+01  14 1.00000e+00  
 93.3 3.6249e+01  14 1.00000e+00  
 93.4 3.6282e+01  14 1.00000e+00  
 93.5 3.6329e+01  14 1.00000e+00  
 93.6 3.6356e+01  14 1.00000e+00  
 93.7 3.6400e+01  14 1.00000e+00  
 93.8 3.6442e+01  14 1.00000e+00  
 93.9 3.6477e+01  14 1.00000e+00  
 94.0 3.6508e+01  14 1.00000e+00  
 94.1 3.6536e+01  14 1.00000e+00  
 94.2 3.6562e+01  14 1.00000e+00  
 94.3 3.6611e+01  14 1.00000e+00  
 94.4 3.6707e+01  14 1.00000e+00  
 94.5 3.6789e+01  14 1.00000e+00  
 94.6 3.6849e+01  14 1.00000e+00  
 94.7 3.6926e+01  14 1.00000e+00  
 94.8 3.6993e+01  14 1.00000e+00  
 94.9 3.7049e+01  14 1.00000e+00  
 95.0 3.7118e+01  14 1.00000e+00  
 95.1 3.7155e+01  14 1.00000e+00  
 95.2 3.7235e+01  14 1.00000e+00  
 95.3 3.7291e+01  14 1.00000e+00  
 95.4 3.7328e+01  14 1.00000e+00  
 95.5 3.7386e+01  14 1.00000e+00  
 95.6 3.7478e+01  14 1.00000e+00  
 95.7 3.7507e+01  14 1.00000e+00  
 95.8 3.7577e+01  14 1.00000e+00  
 95.9 3.7635e+01  14 1.00000e+00  
 96.0 3.7688e+01  14 1.00000e+00  
 96.1 3.7737e+01  14 1.00000e+00  
 96.2 3.7782e+01  14 1.00000e+00  
 96.3 3.7816e+01  14 1.00000e+00  
 96.4 3.7888e+01  14 1.00000e+00  
 96.5 3.7934e+01  14 1.00000e+00  
 96.6 3.7972e+01  14 1.00000e+00  
 96.7 3.8025e+01  14 1.00000e+00  
 96.8 3.8072e+01  14 1.00000e+00  
 96.9 3.8095e+01  14 1.00000e+00  
 97.0 3.8160e+01  14 1.00000e+00  
 97.1 3.8292e+01  14 1.00000e+00  
 97.2 3.8328e+01  14 1.00000e+00  
 97.3 3.8359e+01  14 1.00000e+00  
 97.4 3.8414e+01  14 1.00000e+00  
 97.5 3.8443e+01  14 1.00000e+00  
 97.6 3.8494e+01  14 1.00000e+00  
 97.7 3.8539e+01  14 1.00000e+00  
 97.8 3.8561e+01  14 1.00000e+00  
 97.9 3.8638e+01  14 1.00000e+00  
 98.0 3.8693e+01  14 1.00000e+00  
 98.1 3.8725e+01  14 1.00000e+00  
 98.2 3.8773e+01  14 1.00000e+00  
 98.3 3.8815e+01  14 1.00000e+00  
 98.4 3.8839e+01  14 1.00000e+00  
 98.5 3.8891e+01  14 1.00000e+00  
 98.6 3.8933e+01  14 1.00000e+00  
 98.7 3.8969e+01  14 1.00000e+00  
 98.8 3.9002e+01  14 1.00000e+00  
 98.9 3.9032e+01  14 1.00000e+00  
 99.0 3.9069e+01  14 1.00000e+00  
 99.1 3.9166e+01  14 1.00000e+00  
 99.2 3.9248e+01  14 1.00000e+00  
 99.3 3.9297e+01  14 1.00000e+00  
 99.4 3.9392e+01  14 1.00000e+00  
 99.5 3.9439e+01  14 1.00000e+00  
 99.6 3.9526e+01  14 1.00000e+00  
 99.7 3.9580e+01  14 1.00000e+00  
 99.8 3.9650e+01  14 1.00000e+00  
 99.9 3.9711e+01  14 1.00000e+00  
100.0 3.9753e+01  14 1.00000e+00  
100.1 3.9828e+01  14 1.00000e+00  
100.2 3.9887e+01  14 1.00000e+00  
100.3 3.9941e+01  14 1.00000e+00  
100.4 3.9991e+01  14 1.00000e+00  
100.5 4.0076e+01  14 1.00000e+00  
100.6 4.0131e+01  14 1.00000e+00  
100.7 4.0185e+01  14 1.00000e+00  
100.8 4.0239e+01  14 1.00000e+00  
100.9 4.0273e+01  14 1.00000e+00  
101.0 4.0325e+01  14 1.00000e+00  
101.1 4.0377e+01  14 1.00000e+00  
101.2 4.0428e+01  14 1.00000e+00  
101.3 4.0472e+01  14 1.00000e+00  
101.4 4.0500e+01  14 1.00000e+00  
101.5 4.0576e+01  14 1.00000e+00  
101.6 4.0620e+01  14 1.00000e+00  
101.7 4.0638e+01  14 1.00000e+00  
101.8 4.0716e+01  14 1.00000e+00  
101.9 4.0753e+01  14 1.00000e+00  
102.0 4.0805e+01  14 1.00000e+00  
102.1 4.0938e+01  14 1.00000e+00  
102.2 4.0979e+01  14 1.00000e+00  
102.3 4.1002e+01  14 1.00000e+00  
102.4 4.1066e+01  14 1.00000e+00  
102.5 4.1108e+01  14 1.00000e+00  
102.6 4.1146e+01  14 1.00000e+00  
102.7 4.1197e+01  14 1.00000e+00  
102.8 4.1222e+01  14 1.00000e+00  
102.9 4.1283e+01  14 1.00000e+00  
103.0 4.1306e+01  14 1.00000e+00  
103.1 4.1369e+01  14 1.00000e+00  
103.2 4.1403e+01  14 1.00000e+00  
103.3 4.1452e+01  14 1.00000e+00  
103.4 4.1495e+01  14 1.00000e+00  
103.5 4.1527e+01  14 1.00000e+00  
103.6 4.1559e+01  14 1.00000e+00  
103.7 4.1618e+01  14 1.00000e+00  
103.8 4.1658e+01  14 1.00000e+00  
103.9 4.1694e+01  14 1.00000e+00  
104.0 4.1727e+01  14 1.00000e+00  
104.1 4.1795e+01  14 1.00000e+00  
104.2 4.1881e+01  14 1.00000e+00  
104.3 4.1927e+01  14 1.00000e+00  
104.4 4.2032e+01  14 1.00000e+00  
104.5 4.2094e+01  14 1.00000e+00  
104.6 4.2171e+01  14 1.00000e+00  
104.7 4.2232e+01  14 1.00000e+00  
104.8 4.2303e+01  14 1.00000e+00  
104.9 4.2365e+01  14 1.00000e+00  
105.0 4.2422e+01  14 1.00000e+00  
105.1 4.2491e+01  14 1.00000e+00  
105.2 4.2548e+01  14 1.00000e+00  
105.3 4.2593e+01  14 1.00000e+00  
105.4 4.2665e+01  14 1.00000e+00  
105.5 4.2726e+01  14 1.00000e+00  
105.6 4.2782e+01  14 1.00000e+00  
105.7 4.2857e+01  14 1.00000e+00  
105.8 4.2904e+01  14 1.00000e+00  
105.9 4.2941e+01  14 1.00000e+00  
106.0 4.2997e+01  14 1.00000e+00  
106.1 4.3049e+01  14 1.00000e+00  
106.2 4.3117e+01  14 1.00000e+00  
106.3 4.3186e+01  14 1.00000e+00  
106.4 4.3240e+01  14 1.00000e+00  
106.5 4.3293e+01  14 1.00000e+00  
106.6 4.3343e+01  14 1.00000e+00  
106.7 4.3379e+01  14 1.00000e+00  
106.8 4.3443e+01  14 1.00000e+00  
106.9 4.3495e+01  14 1.00000e+00  
107.0 4.3520e+01  14 1.00000e+00  
107.1 4.3588e+01  14 1.00000e+00  
107.2 4.3633e+01  14 1.00000e+00  
107.3 4.3668e+01  14 1.00000e+00  
107.4 4.3728e+01  14 1.00000e+00  
107.5 4.3854e+01  14 1.00000e+00  
107.6 4.3901e+01  14 1.00000e+00  
107.7 4.3941e+01  14 1.00000e+00  
107.8 4.3993e+01  14 1.00000e+00  
107.9 4.4026e+01  14 1.00000e+00  
108.0 4.4084e+01  14 1.00000e+00  
108.1 4.4113e+01  14 1.00000e+00  
108.2 4.4175e+01  14 1.00000e+00  
108.3 4.4207e+01  14 1.00000e+00  
108.4 4.4263e+01  14 1.00000e+00  
108.5 4.4306e+01  14 1.00000e+00  
108.6 4.4326e+01  14 1.00000e+00  
108.7 4.4397e+01  14 1.00000e+00  
108.8 4.4438e+01  14 1.00000e+00  
108.9 4.4461e+01  14 1.00000e+00  
109.0 4.4522e+01  14 1.00000e+00  
109.1 4.4567e+01  14 1.00000e+00  
109.2 4.4609e+01  14 1.00000e+00  
109.3 4.4646e+01  14 1.00000e+00  
109.4 4.4722e+01  14 1.00000e+00  
109.5 4.4801e+01  14 1.00000e+00  
109.6 4.4876e+01  14 1.00000e+00  
109.7 4.4957e+01  14 1.00000e+00  
109.8 4.5021e+01  14 1.00000e+00  
109.9 4.5100e+01  14 1.00000e+00  
110.0 4.5161e+01  14 1.00000e+00  
110.1 4.5237e+01  14 1.00000e+00  
110.2 4.5289e+01  14 1.00000e+00  
110.3 4.5368e+01  14 1.00000e+00  
110.4 4.5419e+01  14 1.00000e+00  
110.5 4.5486e+01  14 1.00000e+00  
110.6 4.5555e+01  14 1.00000e+00  
110.7 4.5616e+01  14 1.00000e+00  
110.8 4.5672e+01  14 1.00000e+00  
110.9 4.5703e+01  14 1.00000e+00  
111.0 4.5768e+01  14 1.00000e+00  
111.1 4.5829e+01  14 1.00000e+00  
111.2 4.5923e+01  14 1.00000e+00  
111.3 4.5984e+01  14 1.00000e+00  
111.4 4.6043e+01  14 1.00000e+00  
111.5 4.6099e+01  14 1.00000e+00  
111.6 4.6153e+01  14 1.00000e+00  
111.7 4.6197e+01  14 1.00000e+00  
111.8 4.6240e+01  14 1.00000e+00  
111.9 4.6306e+01  14 1.00000e+00  
112.0 4.6371e+01  14 1.00000e+00  
112.1 4.6425e+01  14 1.00000e+00  
112.2 4.6472e+01  14 1.00000e+00  
112.3 4.6507e+01  14 1.00000e+00  
112.4 4.6580e+01  14 1.00000e+00  
112.5 4.6634e+01  14 1.00000e+00  
112.6 4.6670e+01  14 1.00000e+00  
112.7 4.6729e+01  14 1.00000e+00  
112.8 4.6775e+01  14 1.00000e+00  
112.9 4.6801e+01  14 1.00000e+00  
113.0 4.6876e+01  14 1.00000e+00  
113.1 4.6954e+01  14 1.00000e+00  
113.2 4.6997e+01  14 1.00000e+00  
113.3 4.7040e+01  14 1.00000e+00  
113.4 4.7083e+01  14 1.00000e+00  
113.5 4.7127e+01  14 1.00000e+00  
113.6 4.7170e+01  14 1.00000e+00  
113.7 4.7213e+01  14 1.00000e+00  
113.8 4.7257e+01  14 1.00000e+00  
113.9 4.7300e+01  14 1.00000e+00  
114.0 4.7343e+01  14 1.00000e+00  
114.1 4.7386e+01  14 1.00000e+00  
114.2 4.7430e+01  14 1.00000e+00  
114.3 4.7473e+01  14 1.00000e+00  
114.4 4.7516e+01  14 1.00000e+00  
114.5 4.7559e+01  14 1.00000e+00  
114.6 4.7602e+01  14 1.00000e+00  
114.7 4.7646e+01  14 1.00000e+00  
114.8 4.7689e+01  14 1.00000e+00  
114.9 4.7732e+01  14 1.00000e+00  
115.0 4.7775e+01  14 1.00000e+00  
115.1 4.7829e+01  14 1.00000e+00  
115.2 4.7882e+01  14 1.00000e+00  
115.3 4.7930e+01  14 1.00000e+00  
115.4 4.7976e+01  14 1.00000e+00  
115.5 4.8018e+01  14 1.00000e+00  
115.6 4.8063e+01  14 1.00000e+00  
115.7 4.8106e+01  14 1.00000e+00  
115.8 4.8148e+01  14 1.00000e+00  
115.9 4.8193e+01  14 1.00000e+00  
116.0 4.8236e+01  14 1.00000e+00  
116.1 4.8280e+01  14 1.00000e+00  
116.2 4.8323e+01  14 1.00000e+00  
116.3 4.8367e+01  14 1.00000e+00  
116.4 4.8410e+01  14 1.00000e+00  
116.5 4.8453e+01  14 1.00000e+00  
116.6 4.8498e+01  14 1.00000e+00  
116.7 4.8541e+01  14 1.00000e+00  
116.8 4.8584e+01  14 1.00000e+00  
116.9 4.8628e+01  14 1.00000e+00  
117.0 4.8671e+01  14 1.00000e+00  
117.1 4.8714e+01  14 1.00000e+00  
117.2 4.8758e+01  14 1.00000e+00  
117.3 4.8802e+01  14 1.00000e+00  
117.4 4.8845e+01  14 1.00000e+00  
117.5 4.8888e+01  14 1.00000e+00  
117.6 4.8932e+01  14 1.00000e+00  
117.7 4.8976e+01  14 1.00000e+00  
117.8 4.9019e+01  14 1.00000e+00  
117.9 4.9062e+01  14 1.00000e+00  
118.0 4.9107e+01  14 1.00000e+00  
118.1 4.9150e+01  14 1.00000e+00  
118.2 4.9194e+01  14 1.00000e+00  
118.3 4.9237e+01  14 1.00000e+00  
118.4 4.9281e+01  14 1.00000e+00  
118.5 4.9324e+01  14 1.00000e+00  
118.6 4.9368e+01  14 1.00000e+00  
118.7 4.9412e+01  14 1.00000e+00  
118.8 4.9456e+01  14 1.00000e+00  
118.9 4.9500e+01  14 1.00000e+00  
119.0 4.9544e+01  14 1.00000e+00  
119.1 4.9587e+01  14 1.00000e+00  
119.2 4.9631e+01  14 1.00000e+00  
119.3 4.9675e+01  14 1.00000e+00  
119.4 4.9719e+01  14 1.00000e+00  
119.5 4.9645e+01  14 1.00000e+00  
119.6 4.9671e+01  14 1.00000e+00  
119.7 4.9698e+01  14 1.00000e+00  
119.8 4.9724e+01  14 1.00000e+00  
119.9 4.9750e+01  14 1.00000e+00  
120.0 4.9777e+01  14 1.00000e+00  
120.1 4.9803e+01  14 1.00000e+00  
120.2 4.9830e+01  14 1.00000e+00  
120.3 4.9856e+01  14 1.00000e+00  
120.4 4.9883e+01  14 1.00000e+00  
120.5 4.9944e+01  14 1.00000e+00  
120.6 4.9986e+01  14 1.00000e+00  
120.7 4.1560e+01  14 1.00000e+00  
120.8 4.1612e+01  14 1.00000e+00  
120.9 4.1648e+01  14 1.00000e+00  
121.0 4.1680e+01  14 1.00000e+00  
121.1 4.1709e+01  14 1.00000e+00  
121.2 4.1736e+01  14 1.00000e+00  
121.3 4.1810e+01  14 1.00000e+00  
121.4 4.1885e+01  14 1.00000e+00  
121.5 4.1928e+01  14 1.00000e+00  
121.6 4.1404e+01  14 1.00000e+00  
121.7 4.1461e+01  14 1.00000e+00  
121.8 4.1496e+01  14 1.00000e+00  
121.9 4.1525e+01  14 1.00000e+00  
122.0 4.1535e+01  14 1.00000e+00  
122.1 4.1600e+01  14 1.00000e+00  
122.2 4.1636e+01  14 1.00000e+00  
122.3 4.1669e+01  14 1.00000e+00  
122.4 4.1699e+01  14 1.00000e+00  
122.5 4.1726e+01  14 1.00000e+00  
122.6 4.1779e+01  14 1.00000e+00  
122.7 4.1855e+01  14 1.00000e+00  
122.8 4.1920e+01  14 1.00000e+00  
122.9 4.1402e+01  14 1.00000e+00  
123.0 4.1437e+01  14 1.00000e+00  
123.1 4.1481e+01  14 1.00000e+00  
123.2 4.1513e+01  14 1.00000e+00  
123.3 4.1532e+01  14 1.00000e+00  
123.4 4.1575e+01  14 1.00000e+00  
123.5 4.1617e+01  14 1.00000e+00  
123.6 4.1651e+01  14 1.00000e+00  
123.7 4.1682e+01  14 1.00000e+00  
123.8 4.1711e+01  14 1.00000e+00  
123.9 4.1282e+01  14 1.00000e+00  
124.0 4.1307e+01  14 1.00000e+00  
124.1 4.1351e+01  14 1.00000e+00  
124.2 4.1388e+01  14 1.00000e+00  
124.3 4.1405e+01  14 1.00000e+00  
124.4 4.1456e+01  14 1.00000e+00  
124.5 4.1492e+01  14 1.00000e+00  
124.6 4.1521e+01  14 1.00000e+00  
124.7 4.1535e+01  14 1.00000e+00  
124.8 4.1592e+01  14 1.00000e+00  
124.9 4.1627e+01  14 1.00000e+00  
125.0 4.1663e+01  14 1.00000e+00  
125.1 4.1693e+01  14 1.00000e+00  
125.2 4.1720e+01  14 1.00000e+00  
125.3 4.1757e+01  14 1.00000e+00  
125.4 5.1956e+01  14 1.00000e+00  
125.5 5.2031e+01  14 1.00000e+00  
125.6 5.2107e+01  14 1.00000e+00  
125.7 5.2182e+01  14 1.00000e+00  
125.8 5.2258e+01  14 1.00000e+00  
125.9 5.1313e+01  14 1.00000e+00  
126.0 5.1387e+01  14 1.00000e+00  
126.1 5.1462e+01  14 1.00000e+00  
126.2 5.1537e+01  14 1.00000e+00  
126.3 5.0634e+01  14 1.00000e+00  
126.4 5.0709e+01  14 1.00000e+00  
126.5 5.0783e+01  14 1.00000e+00  
126.6 5.0858e+01  14 1.00000e+00  
126.7 5.0004e+01  14 1.00000e+00  
126.8 5.0048e+01  14 1.00000e+00  
126.9 5.0094e+01  14 1.00000e+00  
127.0 5.0143e+01  14 1.00000e+00  
127.1 5.0195e+01  14 1.00000e+00  
127.2 4.9633e+01  14 1.00000e+00  
127.3 4.9675e+01  14 1.00000e+00  
127.4 4.9716e+01  14 1.00000e+00  
127.5 4.9758e+01  14 1.00000e+00  
127.6 4.9231e+01  14 1.00000e+00  
127.7 4.9272e+01  14 1.00000e+00  
127.8 4.9313e+01  14 1.00000e+00  
127.9 4.9353e+01  14 1.00000e+00  
128.0 4.9394e+01  14 1.00000e+00  
128.1 4.8875e+01  14 1.00000e+00  
128.2 4.8914e+01  14 1.00000e+00  
128.3 4.8954e+01  14 1.00000e+00  
128.4 4.8995e+01  14 1.00000e+00  
128.5 4.2063e+01  14 1.00000e+00  
128.6 4.2092e+01  14 1.00000e+00  
128.7 4.2175e+01  14 1.00000e+00  
128.8 4.2227e+01  14 1.00000e+00  
128.9 4.2275e+01  14 1.00000e+00  
129.0 4.2339e+01  14 1.00000e+00  
129.1 4.2365e+01  14 1.00000e+00  
129.2 4.2436e+01  14 1.00000e+00  
129.3 4.2490e+01  14 1.00000e+00  
129.4 4.2540e+01  14 1.00000e+00  
129.5 4.2563e+01  14 1.00000e+00  
129.6 4.2629e+01  14 1.00000e+00  
129.7 4.2682e+01  14 1.00000e+00  
129.8 4.2088e+01  14 1.00000e+00  
129.9 4.2123e+01  14 1.00000e+00  
130.0 4.2189e+01  14 1.00000e+00  
130.1 4.2229e+01  14 1.00000e+00  
130.2 4.2286e+01  14 1.00000e+00  
130.3 4.2334e+01  14 1.00000e+00  
130.4 4.2369e+01  14 1.00000e+00  
130.5 4.2423e+01  14 1.00000e+00  
130.6 4.2466e+01  14 1.00000e+00  
130.7 4.2512e+01  14 1.00000e+00  
130.8 4.2550e+01  14 1.00000e+00  
130.9 4.2575e+01  14 1.00000e+00  
131.0 4.2635e+01  14 1.00000e+00  
131.1 4.2685e+01  14 1.00000e+00  
131.2 4.2729e+01  14 1.00000e+00  
131.3 4.2771e+01  14 1.00000e+00  
131.4 4.2836e+01  14 1.00000e+00  
131.5 4.2880e+01  14 1.00000e+00  
131.6 4.2911e+01  14 1.00000e+00  
131.7 4.2943e+01  14 1.00000e+00  
131.8 4.2376e+01  14 1.00000e+00  
131.9 4.2450e+01  14 1.00000e+00  
132.0 4.2501e+01  14 1.00000e+00  
132.1 4.2546e+01  14 1.00000e+00  
132.2 4.2573e+01  14 1.00000e+00  
132.3 4.2548e+01  14 1.00000e+00  
132.4 4.2603e+01  14 1.00000e+00  
132.5 4.2659e+01  14 1.00000e+00  
132.6 4.2708e+01  14 1.00000e+00  
132.7 4.2753e+01  14 1.00000e+00  
132.8 4.2087e+01  14 1.00000e+00  
132.9 4.2134e+01  14 1.00000e+00  
133.0 4.2197e+01  14 1.00000e+00  
133.1 4.2222e+01  14 1.00000e+00  
133.2 4.1606e+01  14 1.00000e+00  
133.3 4.1639e+01  14 1.00000e+00  
133.4 4.1669e+01  14 1.00000e+00  
133.5 4.1696e+01  14 1.00000e+00  
133.6 4.1722e+01  14 1.00000e+00  
133.7 4.1740e+01  14 1.00000e+00  
133.8 4.1814e+01  14 1.00000e+00  
133.9 4.1880e+01  14 1.00000e+00  
134.0 4.1932e+01  14 1.00000e+00  
134.1 4.1990e+01  14 1.00000e+00  
134.2 4.2057e+01  14 1.00000e+00  
134.3 4.1483e+01  14 1.00000e+00  
134.4 4.1513e+01  14 1.00000e+00  
134.5 4.1531e+01  14 1.00000e+00  
134.6 4.1559e+01  14 1.00000e+00  
134.7 4.1608e+01  14 1.00000e+00  
134.8 4.1640e+01  14 1.00000e+00  
134.9 4.1670e+01  14 1.00000e+00  
135.0 4.1697e+01  14 1.00000e+00  
135.1 4.1722e+01  14 1.00000e+00  
135.2 4.1768e+01  14 1.00000e+00  
135.3 4.1839e+01  14 1.00000e+00  
135.4 4.1900e+01  14 1.00000e+00  
135.5 4.1929e+01  14 1.00000e+00  
135.6 4.1403e+01  14 1.00000e+00  
135.7 4.1463e+01  14 1.00000e+00  
135.8 4.1494e+01  14 1.00000e+00  
135.9 4.1521e+01  14 1.00000e+00  
136.0 4.1535e+01  14 1.00000e+00  
136.1 4.1589e+01  14 1.00000e+00  
136.2 4.1622e+01  14 1.00000e+00  
136.3 4.1653e+01  14 1.00000e+00  
136.4 4.1684e+01  14 1.00000e+00  
136.5 4.1710e+01  14 1.00000e+00  
136.6 4.1734e+01  14 1.00000e+00  
136.7 4.1794e+01  14 1.00000e+00  
136.8 4.1868e+01  14 1.00000e+00  
136.9 4.1377e+01  14 1.00000e+00  
137.0 4.1402e+01  14 1.00000e+00  
137.1 4.1421e+01  14 1.00000e+00  
137.2 4.1476e+01  14 1.00000e+00  
137.3 4.1506e+01  14 1.00000e+00  
137.4 4.1528e+01  14 1.00000e+00  
137.5 4.1545e+01  14 1.00000e+00  
137.6 4.1601e+01  14 1.00000e+00  
137.7 4.1632e+01  14 1.00000e+00  
137.8 4.1662e+01  14 1.00000e+00  
137.9 4.1689e+01  14 1.00000e+00  
138.0 4.1238e+01  14 1.00000e+00  
138.1 4.1286e+01  14 1.00000e+00  
138.2 4.1307e+01  14 1.00000e+00  
138.3 4.1347e+01  14 1.00000e+00  
138.4 4.1383e+01  14 1.00000e+00  
138.5 4.1404e+01  14 1.00000e+00  
138.6 4.1444e+01  14 1.00000e+00  
138.7 4.1479e+01  14 1.00000e+00  
138.8 4.1511e+01  14 1.00000e+00  
138.9 4.1530e+01  14 1.00000e+00  
139.0 4.1549e+01  14 1.00000e+00  
139.1 4.1602e+01  14 1.00000e+00  
139.2 4.1636e+01  14 1.00000e+00  
139.3 4.1665e+01  14 1.00000e+00  
139.4 4.1692e+01  14 1.00000e+00  
139.5 4.1716e+01  14 1.00000e+00  
139.6 5.1865e+01  14 1.00000e+00  
139.7 5.1933e+01  14 1.00000e+00  
139.8 5.2001e+01  14 1.00000e+00  
139.9 5.2069e+01  14 1.00000e+00  
140.0 5.1117e+01  14 1.00000e+00  
140.1 5.1185e+01  14 1.00000e+00  
140.2 5.1252e+01  14 1.00000e+00  
140.3 5.1320e+01  14 1.00000e+00  
140.4 5.0410e+01  14 1.00000e+00  
140.5 5.0477e+01  14 1.00000e+00  
140.6 5.0544e+01  14 1.00000e+00  
140.7 5.0611e+01  14 1.00000e+00  
140.8 5.0678e+01  14 1.00000e+00  
140.9 4.9895e+01  14 1.00000e+00  
141.0 4.9933e+01  14 1.00000e+00  
141.1 4.9972e+01  14 1.00000e+00  
141.2 5.0012e+01  14 1.00000e+00  
141.3 4.9471e+01  14 1.00000e+00  
141.4 4.9508e+01  14 1.00000e+00  
141.5 4.9545e+01  14 1.00000e+00  
141.6 4.9582e+01  14 1.00000e+00  
141.7 4.9056e+01  14 1.00000e+00  
141.8 4.9093e+01  14 1.00000e+00  
141.9 4.9129e+01  14 1.00000e+00  
142.0 4.9165e+01  14 1.00000e+00  
142.1 4.9202e+01  14 1.00000e+00  
142.2 4.8681e+01  14 1.00000e+00  
142.3 4.8717e+01  14 1.00000e+00  
142.4 4.8753e+01  14 1.00000e+00  
142.5 4.8789e+01  14 1.00000e+00  
142.6 4.1753e+01  14 1.00000e+00  
142.7 4.1822e+01  14 1.00000e+00  
142.8 4.1882e+01  14 1.00000e+00  
142.9 4.1933e+01  14 1.00000e+00  
143.0 4.1982e+01  14 1.00000e+00  
143.1 4.2053e+01  14 1.00000e+00  
143.2 4.2093e+01  14 1.00000e+00  
143.3 4.2149e+01  14 1.00000e+00  
143.4 4.2203e+01  14 1.00000e+00  
143.5 4.2228e+01  14 1.00000e+00  
143.6 4.2284e+01  14 1.00000e+00  
143.7 4.2335e+01  14 1.00000e+00  
143.8 4.2371e+01  14 1.00000e+00  
143.9 4.2416e+01  14 1.00000e+00  
144.0 4.2463e+01  14 1.00000e+00  
144.1 4.2507e+01  14 1.00000e+00  
144.2 4.2548e+01  14 1.00000e+00  
144.3 4.2568e+01  14 1.00000e+00  
144.4 4.2628e+01  14 1.00000e+00  
144.5 4.2676e+01  14 1.00000e+00  
144.6 4.2720e+01  14 1.00000e+00  
144.7 4.2761e+01  14 1.00000e+00  
144.8 4.2802e+01  14 1.00000e+00  
144.9 4.2865e+01  14 1.00000e+00  
145.0 4.2901e+01  14 1.00000e+00  
145.1 4.2924e+01  14 1.00000e+00  
145.2 4.2957e+01  14 1.00000e+00  
145.3 4.2399e+01  14 1.00000e+00  
145.4 4.2460e+01  14 1.00000e+00  
145.5 4.2505e+01  14 1.00000e+00  
145.6 4.2546e+01  14 1.00000e+00  
145.7 4.2567e+01  14 1.00000e+00  
145.8 4.2549e+01  14 1.00000e+00  
145.9 4.2585e+01  14 1.00000e+00  
146.0 4.2640e+01  14 1.00000e+00  
146.1 4.2686e+01  14 1.00000e+00  
146.2 4.2727e+01  14 1.00000e+00  
146.3 4.2061e+01  14 1.00000e+00  
146.4 4.2088e+01  14 1.00000e+00  
146.5 4.2156e+01  14 1.00000e+00  
146.6 4.2213e+01  14 1.00000e+00  
146.7 4.2237e+01  14 1.00000e+00  
146.8 4.1611e+01  14 1.00000e+00  
146.9 4.1642e+01  14 1.00000e+00  
147.0 4.1669e+01  14 1.00000e+00  
147.1 4.1695e+01  14 1.00000e+00  
147.2 4.1719e+01  14 1.00000e+00  
147.3 4.1743e+01  14 1.00000e+00  
147.4 4.1803e+01  14 1.00000e+00  
147.5 4.1872e+01  14 1.00000e+00  
147.6 4.1925e+01  14 1.00000e+00  
147.7 4.1964e+01  14 1.00000e+00  
147.8 4.2038e+01  14 1.00000e+00  
147.9 4.2087e+01  14 1.00000e+00  
148.0 4.1500e+01  14 1.00000e+00  
148.1 4.1523e+01  14 1.00000e+00  
148.2 4.1535e+01  14 1.00000e+00  
148.3 4.1587e+01  14 1.00000e+00  
148.4 4.1617e+01  14 1.00000e+00  
148.5 4.1649e+01  14 1.00000e+00  
148.6 4.1676e+01  14 1.00000e+00  
148.7 4.1701e+01  14 1.00000e+00  
148.8 4.1723e+01  14 1.00000e+00  
148.9 4.1763e+01  14 1.00000e+00  
149.0 4.1829e+01  14 1.00000e+00  
149.1 4.1888e+01  14 1.00000e+00  
149.2 4.1928e+01  14 1.00000e+00  
149.3 4.1404e+01  14 1.00000e+00  
149.4 4.1444e+01  14 1.00000e+00  
149.5 4.1477e+01  14 1.00000e+00  
149.6 4.1508e+01  14 1.00000e+00  
149.7 4.1528e+01  14 1.00000e+00  
149.8 4.1535e+01  14 1.00000e+00  
149.9 4.1591e+01  14 1.00000e+00  
150.0 4.1625e+01  14 1.00000e+00  
