 15.1 1.4129e+00  13 4.36103e-02  
 15.2 1.4205e+00  13 4.40521e-02  
 15.3 1.4282e+00  13 4.44898e-02  
 15.4 1.4358e+00  13 4.49232e-02  
 15.5 1.4435e+00  13 4.53529e-02  
 15.6 1.4511e+00  13 4.57791e-02  
 15.7 1.4588e+00  13 4.62012e-02  
 15.8 1.4664e+00  13 4.66200e-02  
 15.9 1.4741e+00  13 4.70349e-02  
 16.0 1.4817e+00  13 4.74464e-02  
 16.1 1.4894e+00  13 4.78547e-02  
 16.2 1.4970e+00  13 4.82594e-02  
 16.3 1.5047e+00  13 4.86611e-02  
 16.4 1.5123e+00  13 4.90596e-02  
 16.5 1.5200e+00  13 4.94551e-02  
 16.6 1.5276e+00  13 4.98477e-02  
 16.7 1.5353e+00  13 5.02373e-02  
 16.8 1.5429e+00  13 5.06241e-02  
 16.9 1.5506e+00  13 5.10077e-02  
 17.0 1.5582e+00  13 5.14235e-02  
 17.1 1.5659e+00  13 5.17987e-02  
 17.2 1.5735e+00  13 5.21751e-02  
 17.3 1.5812e+00  13 5.25488e-02  
 17.4 1.5888e+00  13 5.29206e-02  
 17.5 1.5965e+00  13 5.32898e-02  
 17.6 1.6041e+00  13 5.36560e-02  
 17.7 1.6118e+00  13 5.40210e-02  
 17.8 1.6194e+00  13 5.43840e-02  
 17.9 1.6270e+00  13 5.47447e-02  
 18.0 1.6347e+00  13 5.51040e-02  
 18.1 1.6423e+00  13 5.54610e-02  
 18.2 1.6500e+00  13 5.58163e-02  
 18.3 1.6576e+00  13 5.62212e-02  
 18.4 1.6652e+00  13 5.65597e-02  
 18.5 1.6729e+00  13 5.69097e-02  
 18.6 1.6805e+00  13 5.72581e-02  
 18.7 1.6881e+00  13 5.76055e-02  
 18.8 1.6958e+00  13 5.79516e-02  
 18.9 1.7034e+00  13 5.82962e-02  
 19.0 1.7110e+00  13 5.86397e-02  
 19.1 1.7186e+00  13 5.89817e-02  
 19.2 1.7280e+00  13 5.95332e-02  
 19.3 1.7401e+00  13 6.02353e-02  
 19.4 1.7522e+00  13 6.09579e-02  
 19.5 1.7645e+00  13 6.16857e-02  
 19.6 1.7768e+00  13 6.24188e-02  
 19.7 1.7892e+00  13 6.31570e-02  
 19.8 1.8017e+00  13 6.39005e-02  
 19.9 1.8143e+00  13 6.47179e-02  
 20.0 1.8269e+00  13 6.54738e-02  
 20.1 1.8397e+00  13 6.62147e-02  
 20.2 1.8525e+00  13 6.69806e-02  
 20.3 1.8655e+00  13 6.77524e-02  
 20.4 1.8785e+00  13 6.85304e-02  
 20.5 1.8916e+00  13 6.93910e-02  
 20.6 1.9048e+00  13 7.01833e-02  
 20.7 1.9181e+00  13 7.09819e-02  
 20.8 1.6091e+01  14 1.00000e+00  
 20.9 1.6138e+01  14 1.00000e+00  
 21.0 1.6183e+01  14 1.00000e+00  
 21.1 1.6211e+01  14 1.00000e+00  
 21.2 1.6255e+01  14 1.00000e+00  
 21.3 1.6299e+01  14 1.00000e+00  
 21.4 1.6342e+01  14 1.00000e+00  
 21.5 1.6390e+01  14 1.00000e+00  
 21.6 1.6414e+01  14 1.00000e+00  
 21.7 1.6455e+01  14 1.00000e+00  
 21.8 1.6495e+01  14 1.00000e+00  
 21.9 1.6535e+01  14 1.00000e+00  
 22.0 1.6574e+01  14 1.00000e+00  
 22.1 1.6599e+01  14 1.00000e+00  
 22.2 1.6637e+01  14 1.00000e+00  
 22.3 1.6674e+01  14 1.00000e+00  
 22.4 1.6711e+01  14 1.00000e+00  
 22.5 1.6727e+01  14 1.00000e+00  
 22.6 1.6761e+01  14 1.00000e+00  
 22.7 1.6801e+01  14 1.00000e+00  
 22.8 1.6835e+01  14 1.00000e+00  
 22.9 1.6847e+01  14 1.00000e+00  
 23.0 1.6880e+01  14 1.00000e+00  
 23.1 1.6911e+01  14 1.00000e+00  
 23.2 1.6920e+01  14 1.00000e+00  
 23.3 1.6956e+01  14 1.00000e+00  
 23.4 1.6985e+01  14 1.00000e+00  
 23.5 1.6992e+01  14 1.00000e+00  
 23.6 1.7019e+01  14 1.00000e+00  
 23.7 1.7045e+01  14 1.00000e+00  
 23.8 1.7054e+01  14 1.00000e+00  
 23.9 5.5349e+00  14 2.86449e-01  
 24.0 5.6231e+00  14 2.91856e-01  
 24.1 5.7118e+00  14 2.96922e-01  
 24.2 5.8005e+00  14 3.02398e-01  
 24.3 5.8894e+00  14 3.07897e-01  
 24.4 5.9786e+00  14 3.13296e-01  
 24.5 6.0669e+00  14 3.19158e-01  
 24.6 6.1524e+00  14 3.25754e-01  
 24.7 6.2424e+00  14 3.31015e-01  
 24.8 6.3328e+00  14 3.36309e-01  
 24.9 6.4241e+00  14 3.41514e-01  
 25.0 6.5152e+00  14 3.46855e-01  
 25.1 6.6067e+00  14 3.52229e-01  
 25.2 6.6984e+00  14 3.57633e-01  
 25.3 6.7904e+00  14 3.63070e-01  
 25.4 6.8826e+00  14 3.68539e-01  
 25.5 6.9762e+00  14 3.73901e-01  
 25.6 7.0691e+00  14 3.79412e-01  
 25.7 7.1621e+00  14 3.84960e-01  
 25.8 7.2553e+00  14 3.90538e-01  
 25.9 7.3486e+00  14 3.96143e-01  
 26.0 7.4436e+00  14 4.01638e-01  
 26.1 7.5374e+00  14 4.07285e-01  
 26.2 7.6312e+00  14 4.12963e-01  
 26.3 7.7251e+00  14 4.18669e-01  
 26.4 7.8191e+00  14 4.24398e-01  
 26.5 7.9149e+00  14 4.30029e-01  
 26.6 8.0092e+00  14 4.35803e-01  
 26.7 8.1033e+00  14 4.41604e-01  
 26.8 8.1974e+00  14 4.47429e-01  
 26.9 8.2915e+00  14 4.53281e-01  
 27.0 8.3876e+00  14 4.59047e-01  
 27.1 8.4820e+00  14 4.64927e-01  
 27.2 8.5760e+00  14 4.70848e-01  
 27.3 8.6698e+00  14 4.76792e-01  
 27.4 8.7635e+00  14 4.82760e-01  
 27.5 8.8581e+00  14 4.88704e-01  
 27.6 8.9532e+00  14 4.94643e-01  
 27.7 9.0464e+00  14 5.00675e-01  
 27.8 9.1394e+00  14 5.06730e-01  
 27.9 9.2322e+00  14 5.12804e-01  
 28.0 9.3238e+00  14 5.18865e-01  
 28.1 9.4195e+00  14 5.24859e-01  
 28.2 9.5115e+00  14 5.30994e-01  
 28.3 9.6030e+00  14 5.37151e-01  
 28.4 9.6940e+00  14 5.43332e-01  
 28.5 9.7846e+00  14 5.49534e-01  
 28.6 9.8792e+00  14 5.55629e-01  
 28.7 9.9700e+00  14 5.61902e-01  
 28.8 1.0060e+01  14 5.68156e-01  
 28.9 1.0148e+01  14 5.74432e-01  
 29.0 1.0237e+01  14 5.80729e-01  
 29.1 1.0329e+01  14 5.86920e-01  
 29.2 1.0417e+01  14 5.93244e-01  
 29.3 1.0504e+01  14 5.99589e-01  
 29.4 1.0590e+01  14 6.05950e-01  
 29.5 1.0675e+01  14 6.12329e-01  
 29.6 1.0763e+01  14 6.18668e-01  
 29.7 1.0850e+01  14 6.25019e-01  
 29.8 1.0934e+01  14 6.31446e-01  
 29.9 1.1016e+01  14 6.37892e-01  
 30.0 1.1097e+01  14 6.44359e-01  
 30.1 1.1178e+01  14 6.50831e-01  
 30.2 1.1264e+01  14 6.57217e-01  
 30.3 1.1343e+01  14 6.63727e-01  
 30.4 1.1420e+01  14 6.70255e-01  
 30.5 1.1497e+01  14 6.76802e-01  
 30.6 1.1571e+01  14 6.83363e-01  
 30.7 1.1653e+01  14 6.89819e-01  
 30.8 1.1727e+01  14 6.96394e-01  
 30.9 1.1799e+01  14 7.02981e-01  
 31.0 1.1870e+01  14 7.09578e-01  
 31.1 1.1940e+01  14 7.16186e-01  
 31.2 1.2012e+01  14 7.22768e-01  
 31.3 1.2086e+01  14 7.29312e-01  
 31.4 1.2153e+01  14 7.35941e-01  
 31.5 1.2219e+01  14 7.42576e-01  
 31.6 1.2284e+01  14 7.49222e-01  
 31.7 1.2346e+01  14 7.55875e-01  
 31.8 1.2419e+01  14 7.62425e-01  
 31.9 1.2480e+01  14 7.69081e-01  
 32.0 1.2540e+01  14 7.75742e-01  
 32.1 1.2598e+01  14 7.82410e-01  
 32.2 1.2655e+01  14 7.89080e-01  
 32.3 1.2710e+01  14 7.95760e-01  
 32.4 1.2776e+01  14 8.02333e-01  
 32.5 1.2830e+01  14 8.09007e-01  
 32.6 1.2881e+01  14 8.15684e-01  
 32.7 1.2931e+01  14 8.22360e-01  
 32.8 1.2980e+01  14 8.29037e-01  
 32.9 1.3034e+01  14 8.35662e-01  
 33.0 1.3086e+01  14 8.42295e-01  
 33.1 1.3131e+01  14 8.48962e-01  
 33.2 1.3174e+01  14 8.55627e-01  
 33.3 1.3216e+01  14 8.62289e-01  
 33.4 1.3251e+01  14 8.68968e-01  
 33.5 1.3289e+01  14 8.75621e-01  
 33.6 1.3281e+01  14 8.82479e-01  
 33.7 1.3248e+01  14 8.89420e-01  
 33.8 1.3161e+01  14 8.96551e-01  
 33.9 1.2875e+01  14 9.04486e-01  
 34.0 1.2424e+01  14 9.13037e-01  
 34.1 1.2118e+01  14 9.20779e-01  
 34.2 1.1835e+01  14 9.28264e-01  
 34.3 1.1884e+01  14 9.34209e-01  
 34.4 1.1996e+01  14 9.39919e-01  
 34.5 1.2006e+01  14 9.46010e-01  
 34.6 1.2118e+01  14 9.51778e-01  
 34.7 1.2247e+01  14 9.57552e-01  
 34.8 1.2379e+01  14 9.63381e-01  
 34.9 1.2504e+01  14 9.69279e-01  
 35.0 1.2554e+01  14 9.75329e-01  
 35.1 1.2656e+01  14 9.81328e-01  
 35.2 1.2788e+01  14 9.87342e-01  
 35.3 1.2895e+01  14 9.93416e-01  
 35.4 1.3044e+01  14 9.99526e-01  
 35.5 1.3062e+01  14 1.00000e+00  
 35.6 1.3083e+01  14 1.00000e+00  
 35.7 1.3139e+01  14 1.00000e+00  
 35.8 1.3167e+01  14 1.00000e+00  
 35.9 1.3227e+01  14 1.00000e+00  
 36.0 1.3266e+01  14 1.00000e+00  
 36.1 1.3292e+01  14 1.00000e+00  
 36.2 1.3352e+01  14 1.00000e+00  
 36.3 1.3373e+01  14 1.00000e+00  
 36.4 1.3405e+01  14 1.00000e+00  
 36.5 1.3433e+01  14 1.00000e+00  
 36.6 1.3461e+01  14 1.00000e+00  
 36.7 1.3500e+01  14 1.00000e+00  
 36.8 1.3478e+01  14 1.00000e+00  
 36.9 1.3500e+01  14 1.00000e+00  
 37.0 1.3520e+01  14 1.00000e+00  
 37.1 1.3535e+01  14 1.00000e+00  
 37.2 1.3556e+01  14 1.00000e+00  
 37.3 1.3575e+01  14 1.00000e+00  
 37.4 1.3595e+01  14 1.00000e+00  
 37.5 1.3613e+01  14 1.00000e+00  
 37.6 1.3634e+01  14 1.00000e+00  
 37.7 1.3650e+01  14 1.00000e+00  
 37.8 1.3670e+01  14 1.00000e+00  
 37.9 1.3687e+01  14 1.00000e+00  
 38.0 1.3710e+01  14 1.00000e+00  
 38.1 1.3647e+01  14 1.00000e+00  
 38.2 1.3599e+01  14 1.00000e+00  
 38.3 1.3496e+01  14 1.00000e+00  
 38.4 1.3496e+01  14 1.00000e+00  
 38.5 1.3393e+01  14 1.00000e+00  
 38.6 1.3333e+01  14 1.00000e+00  
 38.7 1.3339e+01  14 1.00000e+00  
 38.8 1.3288e+01  14 1.00000e+00  
 38.9 1.3217e+01  14 1.00000e+00  
 39.0 1.3186e+01  14 1.00000e+00  
 39.1 1.3171e+01  14 1.00000e+00  
 39.2 1.2902e+01  14 9.86519e-01  
 39.3 1.2882e+01  14 9.85483e-01  
 39.4 1.2897e+01  14 9.86273e-01  
 39.5 1.2676e+01  14 9.74999e-01  
 39.6 1.2517e+01  14 9.66824e-01  
 39.7 1.2544e+01  14 9.68222e-01  
 39.8 1.2551e+01  14 9.68584e-01  
 39.9 1.2298e+01  14 9.55536e-01  
 40.0 1.2255e+01  14 9.53313e-01  
 40.1 1.2259e+01  14 9.53538e-01  
 40.2 1.2090e+01  14 9.44796e-01  
 40.3 1.1930e+01  14 9.36443e-01  
 40.4 1.1951e+01  14 9.37535e-01  
 40.5 1.1990e+01  14 9.39599e-01  
 40.6 1.1828e+01  14 9.31149e-01  
 40.7 1.1676e+01  14 9.23168e-01  
 40.8 1.1687e+01  14 9.23734e-01  
 40.9 1.1709e+01  14 9.24878e-01  
 41.0 1.1513e+01  14 9.14586e-01  
 41.1 1.1424e+01  14 9.09914e-01  
 41.2 1.1426e+01  14 9.10000e-01  
 41.3 1.1342e+01  14 9.05578e-01  
 41.4 1.1164e+01  14 8.96141e-01  
 41.5 1.1129e+01  14 8.94292e-01  
 41.6 1.1149e+01  14 8.95361e-01  
 41.7 1.1121e+01  14 8.93869e-01  
 41.8 1.1184e+01  14 8.97182e-01  
 41.9 1.1213e+01  14 8.98733e-01  
 42.0 1.1396e+01  14 9.08447e-01  
 42.1 1.1504e+01  14 9.14114e-01  
 42.2 1.1594e+01  14 9.18863e-01  
 42.3 1.1613e+01  14 9.19883e-01  
 42.4 1.1640e+01  14 9.21262e-01  
 42.5 1.1737e+01  14 9.26351e-01  
 42.6 1.1852e+01  14 9.32387e-01  
 42.7 1.1950e+01  14 9.37490e-01  
 42.8 1.2065e+01  14 9.43459e-01  
 42.9 1.2102e+01  14 9.45393e-01  
 43.0 1.2121e+01  14 9.46411e-01  
 43.1 1.2227e+01  14 9.51869e-01  
 43.2 1.2344e+01  14 9.57930e-01  
 43.3 1.2476e+01  14 9.64735e-01  
 43.4 1.2579e+01  14 9.70013e-01  
 43.5 1.2653e+01  14 9.73811e-01  
 43.6 1.2695e+01  14 9.75943e-01  
 43.7 1.2749e+01  14 9.78705e-01  
 43.8 1.2883e+01  14 9.85565e-01  
 43.9 1.3018e+01  14 9.92439e-01  
 44.0 1.3127e+01  14 9.97932e-01  
 44.1 1.3197e+01  14 1.00000e+00  
 44.2 1.3231e+01  14 1.00000e+00  
 44.3 1.3260e+01  14 1.00000e+00  
 44.4 1.3283e+01  14 1.00000e+00  
 44.5 1.3293e+01  14 1.00000e+00  
 44.6 1.3342e+01  14 1.00000e+00  
 44.7 1.3416e+01  14 1.00000e+00  
 44.8 1.3464e+01  14 1.00000e+00  
 44.9 1.3511e+01  14 1.00000e+00  
 45.0 1.3553e+01  14 1.00000e+00  
 45.1 1.3565e+01  14 1.00000e+00  
 45.2 1.3603e+01  14 1.00000e+00  
 45.3 1.3640e+01  14 1.00000e+00  
 45.4 1.3676e+01  14 1.00000e+00  
 45.5 1.3714e+01  14 1.00000e+00  
 45.6 1.3707e+01  14 1.00000e+00  
 45.7 1.3737e+01  14 1.00000e+00  
 45.8 1.3777e+01  14 1.00000e+00  
 45.9 1.3813e+01  14 1.00000e+00  
 46.0 1.3851e+01  14 1.00000e+00  
 46.1 1.3892e+01  14 1.00000e+00  
 46.2 1.3978e+01  14 1.00000e+00  
 46.3 1.3992e+01  14 1.00000e+00  
 46.4 1.4033e+01  14 1.00000e+00  
 46.5 1.4073e+01  14 1.00000e+00  
 46.6 1.4112e+01  14 1.00000e+00  
 46.7 1.4151e+01  14 1.00000e+00  
 46.8 1.4189e+01  14 1.00000e+00  
 46.9 1.4227e+01  14 1.00000e+00  
 47.0 1.4264e+01  14 1.00000e+00  
 47.1 1.4290e+01  14 1.00000e+00  
 47.2 1.4346e+01  14 1.00000e+00  
 47.3 1.4382e+01  14 1.00000e+00  
 47.4 1.4416e+01  14 1.00000e+00  
 47.5 1.4465e+01  14 1.00000e+00  
 47.6 1.4494e+01  14 1.00000e+00  
 47.7 1.4541e+01  14 1.00000e+00  
 47.8 1.4559e+01  14 1.00000e+00  
 47.9 1.4596e+01  14 1.00000e+00  
 48.0 1.4633e+01  14 1.00000e+00  
 48.1 1.4663e+01  14 1.00000e+00  
 48.2 1.4697e+01  14 1.00000e+00  
 48.3 1.4731e+01  14 1.00000e+00  
 48.4 1.4763e+01  14 1.00000e+00  
 48.5 1.4793e+01  14 1.00000e+00  
 48.6 1.4827e+01  14 1.00000e+00  
 48.7 1.4871e+01  14 1.00000e+00  
 48.8 1.4909e+01  14 1.00000e+00  
 48.9 1.4951e+01  14 1.00000e+00  
 49.0 1.5009e+01  14 1.00000e+00  
 49.1 1.5055e+01  14 1.00000e+00  
 49.2 1.5099e+01  14 1.00000e+00  
 49.3 1.5142e+01  14 1.00000e+00  
 49.4 1.5183e+01  14 1.00000e+00  
 49.5 1.5223e+01  14 1.00000e+00  
 49.6 1.5261e+01  14 1.00000e+00  
 49.7 1.5299e+01  14 1.00000e+00  
 49.8 1.5335e+01  14 1.00000e+00  
 49.9 1.5371e+01  14 1.00000e+00  
 50.0 1.5397e+01  14 1.00000e+00  
 50.1 1.5427e+01  14 1.00000e+00  
 50.2 1.5499e+01  14 1.00000e+00  
 50.3 1.5529e+01  14 1.00000e+00  
 50.4 1.5560e+01  14 1.00000e+00  
 50.5 1.5590e+01  14 1.00000e+00  
 50.6 1.5617e+01  14 1.00000e+00  
 50.7 1.5636e+01  14 1.00000e+00  
 50.8 1.5665e+01  14 1.00000e+00  
 50.9 1.5707e+01  14 1.00000e+00  
 51.0 1.5754e+01  14 1.00000e+00  
 51.1 1.5812e+01  14 1.00000e+00  
 51.2 1.5861e+01  14 1.00000e+00  
 51.3 1.5905e+01  14 1.00000e+00  
 51.4 1.5944e+01  14 1.00000e+00  
 51.5 1.5988e+01  14 1.00000e+00  
 51.6 1.6025e+01  14 1.00000e+00  
 51.7 1.6061e+01  14 1.00000e+00  
 51.8 1.6059e+01  14 1.00000e+00  
 51.9 1.6159e+01  14 1.00000e+00  
 52.0 1.6183e+01  14 1.00000e+00  
 52.1 1.6213e+01  14 1.00000e+00  
 52.2 1.6239e+01  14 1.00000e+00  
 52.3 1.6272e+01  14 1.00000e+00  
 52.4 1.6292e+01  14 1.00000e+00  
 52.5 1.6325e+01  14 1.00000e+00  
 52.6 1.6362e+01  14 1.00000e+00  
 52.7 1.6408e+01  14 1.00000e+00  
 52.8 1.6474e+01  14 1.00000e+00  
 52.9 1.6516e+01  14 1.00000e+00  
 53.0 1.6564e+01  14 1.00000e+00  
 53.1 1.6606e+01  14 1.00000e+00  
 53.2 1.6655e+01  14 1.00000e+00  
 53.3 1.6685e+01  14 1.00000e+00  
 53.4 1.6718e+01  14 1.00000e+00  
 53.5 1.6711e+01  14 1.00000e+00  
 53.6 1.6812e+01  14 1.00000e+00  
 53.7 1.6851e+01  14 1.00000e+00  
 53.8 1.6830e+01  14 1.00000e+00  
 53.9 1.6892e+01  14 1.00000e+00  
 54.0 1.6922e+01  14 1.00000e+00  
 54.1 1.6948e+01  14 1.00000e+00  
 54.2 1.6978e+01  14 1.00000e+00  
 54.3 1.7031e+01  14 1.00000e+00  
 54.4 1.7076e+01  14 1.00000e+00  
 54.5 1.7144e+01  14 1.00000e+00  
 54.6 1.7189e+01  14 1.00000e+00  
 54.7 1.7219e+01  14 1.00000e+00  
 54.8 1.7263e+01  14 1.00000e+00  
 54.9 1.7300e+01  14 1.00000e+00  
 55.0 1.7337e+01  14 1.00000e+00  
 55.1 1.7374e+01  14 1.00000e+00  
 55.2 1.7436e+01  14 1.00000e+00  
 55.3 1.7464e+01  14 1.00000e+00  
 55.4 1.7494e+01  14 1.00000e+00  
 55.5 1.7524e+01  14 1.00000e+00  
 55.6 1.7548e+01  14 1.00000e+00  
 55.7 1.7579e+01  14 1.00000e+00  
 55.8 1.7600e+01  14 1.00000e+00  
 55.9 1.7634e+01  14 1.00000e+00  
 56.0 1.7688e+01  14 1.00000e+00  
 56.1 1.7736e+01  14 1.00000e+00  
 56.2 1.7777e+01  14 1.00000e+00  
 56.3 1.7840e+01  14 1.00000e+00  
 56.4 1.7886e+01  14 1.00000e+00  
 56.5 1.7926e+01  14 1.00000e+00  
 56.6 1.7964e+01  14 1.00000e+00  
 56.7 1.8002e+01  14 1.00000e+00  
 56.8 1.8038e+01  14 1.00000e+00  
 56.9 1.8101e+01  14 1.00000e+00  
 57.0 1.8134e+01  14 1.00000e+00  
 57.1 1.8162e+01  14 1.00000e+00  
 57.2 1.8189e+01  14 1.00000e+00  
 57.3 1.8215e+01  14 1.00000e+00  
 57.4 1.8246e+01  14 1.00000e+00  
 57.5 1.8273e+01  14 1.00000e+00  
 57.6 1.8299e+01  14 1.00000e+00  
 57.7 1.8345e+01  14 1.00000e+00  
 57.8 1.8398e+01  14 1.00000e+00  
 57.9 1.8445e+01  14 1.00000e+00  
 58.0 1.8502e+01  14 1.00000e+00  
 58.1 1.8549e+01  14 1.00000e+00  
 58.2 1.8593e+01  14 1.00000e+00  
 58.3 1.8635e+01  14 1.00000e+00  
 58.4 1.8674e+01  14 1.00000e+00  
 58.5 1.8713e+01  14 1.00000e+00  
 58.6 1.8747e+01  14 1.00000e+00  
 58.7 1.8811e+01  14 1.00000e+00  
 58.8 1.8845e+01  14 1.00000e+00  
 58.9 1.8873e+01  14 1.00000e+00  
 59.0 1.8907e+01  14 1.00000e+00  
 59.1 1.8935e+01  14 1.00000e+00  
 59.2 1.8964e+01  14 1.00000e+00  
 59.3 1.8991e+01  14 1.00000e+00  
 59.4 1.9014e+01  14 1.00000e+00  
 59.5 1.9048e+01  14 1.00000e+00  
 59.6 1.9107e+01  14 1.00000e+00  
 59.7 1.9157e+01  14 1.00000e+00  
 59.8 1.9201e+01  14 1.00000e+00  
 59.9 1.9260e+01  14 1.00000e+00  
 60.0 1.9307e+01  14 1.00000e+00  
 60.1 1.9344e+01  14 1.00000e+00  
 60.2 1.9391e+01  14 1.00000e+00  
 60.3 1.9427e+01  14 1.00000e+00  
 60.4 1.9467e+01  14 1.00000e+00  
 60.5 1.9505e+01  14 1.00000e+00  
 60.6 1.9570e+01  14 1.00000e+00  
 60.7 1.9607e+01  14 1.00000e+00  
 60.8 1.9632e+01  14 1.00000e+00  
 60.9 1.9660e+01  14 1.00000e+00  
 61.0 1.9689e+01  14 1.00000e+00  
 61.1 1.9720e+01  14 1.00000e+00  
 61.2 1.9748e+01  14 1.00000e+00  
 61.3 1.9773e+01  14 1.00000e+00  
 61.4 1.9806e+01  14 1.00000e+00  
 61.5 1.9856e+01  14 1.00000e+00  
 61.6 1.9915e+01  14 1.00000e+00  
 61.7 1.9963e+01  14 1.00000e+00  
 61.8 2.0006e+01  14 1.00000e+00  
 61.9 2.0066e+01  14 1.00000e+00  
 62.0 2.0109e+01  14 1.00000e+00  
 62.1 2.0151e+01  14 1.00000e+00  
 62.2 2.0195e+01  14 1.00000e+00  
 62.3 2.0228e+01  14 1.00000e+00  
 62.4 2.0269e+01  14 1.00000e+00  
 62.5 2.0310e+01  14 1.00000e+00  
 62.6 2.0379e+01  14 1.00000e+00  
 62.7 2.0405e+01  14 1.00000e+00  
 62.8 2.0435e+01  14 1.00000e+00  
 62.9 2.0465e+01  14 1.00000e+00  
 63.0 2.0496e+01  14 1.00000e+00  
 63.1 2.0522e+01  14 1.00000e+00  
 63.2 2.0552e+01  14 1.00000e+00  
 63.3 2.0577e+01  14 1.00000e+00  
 63.4 2.0614e+01  14 1.00000e+00  
 63.5 2.0668e+01  14 1.00000e+00  
 63.6 2.0725e+01  14 1.00000e+00  
 63.7 2.0769e+01  14 1.00000e+00  
 63.8 2.0813e+01  14 1.00000e+00  
 63.9 2.0873e+01  14 1.00000e+00  
 64.0 2.0924e+01  14 1.00000e+00  
 64.1 2.0969e+01  14 1.00000e+00  
 64.2 2.1004e+01  14 1.00000e+00  
 64.3 2.1042e+01  14 1.00000e+00  
 64.4 2.1087e+01  14 1.00000e+00  
 64.5 2.1125e+01  14 1.00000e+00  
 64.6 2.1153e+01  14 1.00000e+00  
 64.7 2.1227e+01  14 1.00000e+00  
 64.8 2.1266e+01  14 1.00000e+00  
 64.9 2.1287e+01  14 1.00000e+00  
 65.0 2.1323e+01  14 1.00000e+00  
 65.1 2.1342e+01  14 1.00000e+00  
 65.2 2.1383e+01  14 1.00000e+00  
 65.3 2.1413e+01  14 1.00000e+00  
 65.4 2.1439e+01  14 1.00000e+00  
 65.5 2.1467e+01  14 1.00000e+00  
 65.6 2.1527e+01  14 1.00000e+00  
 65.7 2.1580e+01  14 1.00000e+00  
 65.8 2.1625e+01  14 1.00000e+00  
 65.9 2.1696e+01  14 1.00000e+00  
 66.0 2.1728e+01  14 1.00000e+00  
 66.1 2.1804e+01  14 1.00000e+00  
 66.2 2.1848e+01  14 1.00000e+00  
 66.3 2.1892e+01  14 1.00000e+00  
 66.4 2.1932e+01  14 1.00000e+00  
 66.5 2.1966e+01  14 1.00000e+00  
 66.6 2.2005e+01  14 1.00000e+00  
 66.7 2.2039e+01  14 1.00000e+00  
 66.8 2.2112e+01  14 1.00000e+00  
 66.9 2.2148e+01  14 1.00000e+00  
 67.0 2.2176e+01  14 1.00000e+00  
 67.1 2.2205e+01  14 1.00000e+00  
 67.2 2.2242e+01  14 1.00000e+00  
 67.3 2.2270e+01  14 1.00000e+00  
 67.4 2.2301e+01  14 1.00000e+00  
 67.5 2.2322e+01  14 1.00000e+00  
 67.6 2.2348e+01  14 1.00000e+00  
 67.7 2.2397e+01  14 1.00000e+00  
 67.8 2.2463e+01  14 1.00000e+00  
 67.9 2.2514e+01  14 1.00000e+00  
 68.0 2.2568e+01  14 1.00000e+00  
 68.1 2.2616e+01  14 1.00000e+00  
 68.2 2.2656e+01  14 1.00000e+00  
 68.3 2.2705e+01  14 1.00000e+00  
 68.4 2.2750e+01  14 1.00000e+00  
 68.5 2.2811e+01  14 1.00000e+00  
 68.6 2.2854e+01  14 1.00000e+00  
 68.7 2.2892e+01  14 1.00000e+00  
 68.8 2.2935e+01  14 1.00000e+00  
 68.9 2.2955e+01  14 1.00000e+00  
 69.0 2.2988e+01  14 1.00000e+00  
 69.1 2.3037e+01  14 1.00000e+00  
 69.2 2.3107e+01  14 1.00000e+00  
 69.3 2.3137e+01  14 1.00000e+00  
 69.4 2.3165e+01  14 1.00000e+00  
 69.5 2.3197e+01  14 1.00000e+00  
 69.6 2.3226e+01  14 1.00000e+00  
 69.7 2.3259e+01  14 1.00000e+00  
 69.8 2.3282e+01  14 1.00000e+00  
 69.9 2.3311e+01  14 1.00000e+00  
 70.0 2.3341e+01  14 1.00000e+00  
 70.1 2.3414e+01  14 1.00000e+00  
 70.2 2.3462e+01  14 1.00000e+00  
 70.3 2.3526e+01  14 1.00000e+00  
 70.4 2.3577e+01  14 1.00000e+00  
 70.5 2.3621e+01  14 1.00000e+00  
 70.6 2.3669e+01  14 1.00000e+00  
 70.7 2.3721e+01  14 1.00000e+00  
 70.8 2.3756e+01  14 1.00000e+00  
 70.9 2.3812e+01  14 1.00000e+00  
 71.0 2.3855e+01  14 1.00000e+00  
 71.1 2.3883e+01  14 1.00000e+00  
 71.2 2.3935e+01  14 1.00000e+00  
 71.3 2.3978e+01  14 1.00000e+00  
 71.4 2.4014e+01  14 1.00000e+00  
 71.5 2.4040e+01  14 1.00000e+00  
 71.6 2.4123e+01  14 1.00000e+00  
 71.7 2.4160e+01  14 1.00000e+00  
 71.8 2.4193e+01  14 1.00000e+00  
 71.9 2.4225e+01  14 1.00000e+00  
 72.0 2.4236e+01  14 1.00000e+00  
 72.1 2.4277e+01  14 1.00000e+00  
 72.2 2.4317e+01  14 1.00000e+00  
 72.3 2.4345e+01  14 1.00000e+00  
 72.4 2.4375e+01  14 1.00000e+00  
 72.5 2.4428e+01  14 1.00000e+00  
 72.6 2.4476e+01  14 1.00000e+00  
 72.7 2.4545e+01  14 1.00000e+00  
 72.8 2.4582e+01  14 1.00000e+00  
 72.9 2.4636e+01  14 1.00000e+00  
 73.0 2.4695e+01  14 1.00000e+00  
 73.1 2.4719e+01  14 1.00000e+00  
 73.2 2.4779e+01  14 1.00000e+00  
 73.3 2.4849e+01  14 1.00000e+00  
 73.4 2.4875e+01  14 1.00000e+00  
 73.5 2.4915e+01  14 1.00000e+00  
 73.6 2.4975e+01  14 1.00000e+00  
 73.7 2.4994e+01  14 1.00000e+00  
 73.8 2.5039e+01  14 1.00000e+00  
 73.9 2.5080e+01  14 1.00000e+00  
 74.0 2.5105e+01  14 1.00000e+00  
 74.1 2.5190e+01  14 1.00000e+00  
 74.2 2.5238e+01  14 1.00000e+00  
 74.3 2.5270e+01  14 1.00000e+00  
 74.4 2.5285e+01  14 1.00000e+00  
 74.5 2.5330e+01  14 1.00000e+00  
 74.6 2.5365e+01  14 1.00000e+00  
 74.7 2.5389e+01  14 1.00000e+00  
 74.8 2.5415e+01  14 1.00000e+00  
 74.9 2.5448e+01  14 1.00000e+00  
 75.0 2.5472e+01  14 1.00000e+00  
 75.1 2.5545e+01  14 1.00000e+00  
 75.2 2.5616e+01  14 1.00000e+00  
 75.3 2.5658e+01  14 1.00000e+00  
 75.4 2.5720e+01  14 1.00000e+00  
 75.5 2.5764e+01  14 1.00000e+00  
 75.6 2.5822e+01  14 1.00000e+00  
 75.7 2.5850e+01  14 1.00000e+00  
 75.8 2.5929e+01  14 1.00000e+00  
 75.9 2.5966e+01  14 1.00000e+00  
 76.0 2.6023e+01  14 1.00000e+00  
 76.1 2.6068e+01  14 1.00000e+00  
 76.2 2.6105e+01  14 1.00000e+00  
 76.3 2.6129e+01  14 1.00000e+00  
 76.4 2.6180e+01  14 1.00000e+00  
 76.5 2.6227e+01  14 1.00000e+00  
 76.6 2.6266e+01  14 1.00000e+00  
 76.7 2.6300e+01  14 1.00000e+00  
 76.8 2.6361e+01  14 1.00000e+00  
 76.9 2.6414e+01  14 1.00000e+00  
 77.0 2.6439e+01  14 1.00000e+00  
 77.1 2.6466e+01  14 1.00000e+00  
 77.2 2.6507e+01  14 1.00000e+00  
 77.3 2.6535e+01  14 1.00000e+00  
 77.4 2.6554e+01  14 1.00000e+00  
 77.5 2.6582e+01  14 1.00000e+00  
 77.6 2.6623e+01  14 1.00000e+00  
 77.7 2.6651e+01  14 1.00000e+00  
 77.8 2.6716e+01  14 1.00000e+00  
 77.9 2.6793e+01  14 1.00000e+00  
 78.0 2.6852e+01  14 1.00000e+00  
 78.1 2.6881e+01  14 1.00000e+00  
 78.2 2.6957e+01  14 1.00000e+00  
 78.3 2.7006e+01  14 1.00000e+00  
 78.4 2.7046e+01  14 1.00000e+00  
 78.5 2.7081e+01  14 1.00000e+00  
 78.6 2.7164e+01  14 1.00000e+00  
 78.7 2.7194e+01  14 1.00000e+00  
 78.8 2.7251e+01  14 1.00000e+00  
 78.9 2.7293e+01  14 1.00000e+00  
 79.0 2.7344e+01  14 1.00000e+00  
 79.1 2.7380e+01  14 1.00000e+00  
 79.2 2.7425e+01  14 1.00000e+00  
 79.3 2.7445e+01  14 1.00000e+00  
 79.4 2.7489e+01  14 1.00000e+00  
 79.5 2.7524e+01  14 1.00000e+00  
 79.6 2.7626e+01  14 1.00000e+00  
 79.7 2.7655e+01  14 1.00000e+00  
 79.8 2.7662e+01  14 1.00000e+00  
 79.9 2.7721e+01  14 1.00000e+00  
 80.0 2.7746e+01  14 1.00000e+00  
 80.1 2.7774e+01  14 1.00000e+00  
 80.2 2.7820e+01  14 1.00000e+00  
 80.3 2.7852e+01  14 1.00000e+00  
 80.4 2.7883e+01  14 1.00000e+00  
 80.5 2.7901e+01  14 1.00000e+00  
 80.6 2.7933e+01  14 1.00000e+00  
 80.7 2.8008e+01  14 1.00000e+00  
 80.8 2.8082e+01  14 1.00000e+00  
 80.9 2.8143e+01  14 1.00000e+00  
 81.0 2.8198e+01  14 1.00000e+00  
 81.1 2.8251e+01  14 1.00000e+00  
 81.2 2.8300e+01  14 1.00000e+00  
 81.3 2.8350e+01  14 1.00000e+00  
 81.4 2.8392e+01  14 1.00000e+00  
 81.5 2.8448e+01  14 1.00000e+00  
 81.6 2.8509e+01  14 1.00000e+00  
 81.7 2.8556e+01  14 1.00000e+00  
 81.8 2.8601e+01  14 1.00000e+00  
 81.9 2.8643e+01  14 1.00000e+00  
 82.0 2.8673e+01  14 1.00000e+00  
 82.1 2.8727e+01  14 1.00000e+00  
 82.2 2.8744e+01  14 1.00000e+00  
 82.3 2.8802e+01  14 1.00000e+00  
 82.4 2.8842e+01  14 1.00000e+00  
 82.5 2.8881e+01  14 1.00000e+00  
 82.6 2.8967e+01  14 1.00000e+00  
 82.7 2.9001e+01  14 1.00000e+00  
 82.8 2.9031e+01  14 1.00000e+00  
 82.9 2.9059e+01  14 1.00000e+00  
 83.0 2.9103e+01  14 1.00000e+00  
 83.1 2.9137e+01  14 1.00000e+00  
 83.2 2.9171e+01  14 1.00000e+00  
 83.3 2.9204e+01  14 1.00000e+00  
 83.4 2.9235e+01  14 1.00000e+00  
 83.5 2.9258e+01  14 1.00000e+00  
 83.6 2.9298e+01  14 1.00000e+00  
 83.7 2.9367e+01  14 1.00000e+00  
 83.8 2.9432e+01  14 1.00000e+00  
 83.9 2.9478e+01  14 1.00000e+00  
 84.0 2.9526e+01  14 1.00000e+00  
 84.1 2.9605e+01  14 1.00000e+00  
 84.2 2.9659e+01  14 1.00000e+00  
 84.3 2.9698e+01  14 1.00000e+00  
 84.4 2.9759e+01  14 1.00000e+00  
 84.5 2.9807e+01  14 1.00000e+00  
 84.6 2.9870e+01  14 1.00000e+00  
 84.7 2.9906e+01  14 1.00000e+00  
 84.8 2.9955e+01  14 1.00000e+00  
 84.9 3.0004e+01  14 1.00000e+00  
 85.0 3.0041e+01  14 1.00000e+00  
 85.1 3.0103e+01  14 1.00000e+00  
 85.2 3.0142e+01  14 1.00000e+00  
 85.3 3.0186e+01  14 1.00000e+00  
 85.4 3.0205e+01  14 1.00000e+00  
 85.5 3.0297e+01  14 1.00000e+00  
 85.6 3.0384e+01  14 1.00000e+00  
 85.7 3.0410e+01  14 1.00000e+00  
 85.8 3.0457e+01  14 1.00000e+00  
 85.9 3.0459e+01  14 1.00000e+00  
 86.0 3.0505e+01  14 1.00000e+00  
 86.1 3.0550e+01  14 1.00000e+00  
 86.2 3.0585e+01  14 1.00000e+00  
 86.3 3.0619e+01  14 1.00000e+00  
 86.4 3.0641e+01  14 1.00000e+00  
 86.5 3.0674e+01  14 1.00000e+00  
 86.6 3.0719e+01  14 1.00000e+00  
 86.7 3.0731e+01  14 1.00000e+00  
 86.8 3.0783e+01  14 1.00000e+00  
 86.9 3.0866e+01  14 1.00000e+00  
 87.0 3.0931e+01  14 1.00000e+00  
 87.1 3.0992e+01  14 1.00000e+00  
 87.2 3.1051e+01  14 1.00000e+00  
 87.3 3.1108e+01  14 1.00000e+00  
 87.4 3.1159e+01  14 1.00000e+00  
 87.5 3.1214e+01  14 1.00000e+00  
 87.6 3.1257e+01  14 1.00000e+00  
 87.7 3.1311e+01  14 1.00000e+00  
 87.8 3.1361e+01  14 1.00000e+00  
 87.9 3.1427e+01  14 1.00000e+00  
 88.0 3.1479e+01  14 1.00000e+00  
 88.1 3.1528e+01  14 1.00000e+00  
 88.2 3.1574e+01  14 1.00000e+00  
 88.3 3.1615e+01  14 1.00000e+00  
 88.4 3.1645e+01  14 1.00000e+00  
 88.5 3.1705e+01  14 1.00000e+00  
 88.6 3.1737e+01  14 1.00000e+00  
 88.7 3.1789e+01  14 1.00000e+00  
 88.8 3.1810e+01  14 1.00000e+00  
 88.9 3.1862e+01  14 1.00000e+00  
 89.0 3.1907e+01  14 1.00000e+00  
 89.1 3.2002e+01  14 1.00000e+00  
 89.2 3.2035e+01  14 1.00000e+00  
 89.3 3.2071e+01  14 1.00000e+00  
 89.4 3.2107e+01  14 1.00000e+00  
 89.5 3.2143e+01  14 1.00000e+00  
 89.6 3.2179e+01  14 1.00000e+00  
 89.7 3.2215e+01  14 1.00000e+00  
 89.8 3.2244e+01  14 1.00000e+00  
 89.9 3.2253e+01  14 1.00000e+00  
 90.0 3.2311e+01  14 1.00000e+00  
 90.1 3.2322e+01  14 1.00000e+00  
 90.2 3.2381e+01  14 1.00000e+00  
 90.3 3.2451e+01  14 1.00000e+00  
 90.4 3.2514e+01  14 1.00000e+00  
 90.5 3.2569e+01  14 1.00000e+00  
 90.6 3.2622e+01  14 1.00000e+00  
 90.7 3.2694e+01  14 1.00000e+00  
 90.8 3.2762e+01  14 1.00000e+00  
 90.9 3.2798e+01  14 1.00000e+00  
 91.0 3.2869e+01  14 1.00000e+00  
 91.1 3.2904e+01  14 1.00000e+00  
 91.2 3.2948e+01  14 1.00000e+00  
 91.3 3.2999e+01  14 1.00000e+00  
 91.4 3.3086e+01  14 1.00000e+00  
 91.5 3.3123e+01  14 1.00000e+00  
 91.6 3.3162e+01  14 1.00000e+00  
 91.7 3.3213e+01  14 1.00000e+00  
 91.8 3.3279e+01  14 1.00000e+00  
 91.9 3.3325e+01  14 1.00000e+00  
 92.0 3.3357e+01  14 1.00000e+00  
 92.1 3.3412e+01  14 1.00000e+00  
 92.2 3.3452e+01  14 1.00000e+00  
 92.3 3.3496e+01  14 1.00000e+00  
 92.4 3.3531e+01  14 1.00000e+00  
 92.5 3.3578e+01  14 1.00000e+00  
 92.6 3.3665e+01  14 1.00000e+00  
 92.7 3.3715e+01  14 1.00000e+00  
 92.8 3.3750e+01  14 1.00000e+00  
 92.9 3.3787e+01  14 1.00000e+00  
 93.0 3.3799e+01  14 1.00000e+00  
 93.1 3.3845e+01  14 1.00000e+00  
 93.2 3.3894e+01  14 1.00000e+00  
 93.3 3.3936e+01  14 1.00000e+00  
 93.4 3.3971e+01  14 1.00000e+00  
 93.5 3.4000e+01  14 1.00000e+00  
 93.6 3.4043e+01  14 1.00000e+00  
 93.7 3.4068e+01  14 1.00000e+00  
 93.8 3.4111e+01  14 1.00000e+00  
 93.9 3.4151e+01  14 1.00000e+00  
 94.0 3.4217e+01  14 1.00000e+00  
 94.1 3.4270e+01  14 1.00000e+00  
 94.2 3.4359e+01  14 1.00000e+00  
 94.3 3.4422e+01  14 1.00000e+00  
 94.4 3.4479e+01  14 1.00000e+00  
 94.5 3.4529e+01  14 1.00000e+00  
 94.6 3.4598e+01  14 1.00000e+00  
 94.7 3.4633e+01  14 1.00000e+00  
 94.8 3.4705e+01  14 1.00000e+00  
 94.9 3.4757e+01  14 1.00000e+00  
 95.0 3.4808e+01  14 1.00000e+00  
 95.1 3.4850e+01  14 1.00000e+00  
 95.2 3.4918e+01  14 1.00000e+00  
 95.3 3.4975e+01  14 1.00000e+00  
 95.4 3.5024e+01  14 1.00000e+00  
 95.5 3.5068e+01  14 1.00000e+00  
 95.6 3.5098e+01  14 1.00000e+00  
 95.7 3.5166e+01  14 1.00000e+00  
 95.8 3.5212e+01  14 1.00000e+00  
 95.9 3.5244e+01  14 1.00000e+00  
 96.0 3.5300e+01  14 1.00000e+00  
 96.1 3.5342e+01  14 1.00000e+00  
 96.2 3.5385e+01  14 1.00000e+00  
 96.3 3.5422e+01  14 1.00000e+00  
 96.4 3.5468e+01  14 1.00000e+00  
 96.5 3.5566e+01  14 1.00000e+00  
 96.6 3.5605e+01  14 1.00000e+00  
 96.7 3.5645e+01  14 1.00000e+00  
 96.8 3.5667e+01  14 1.00000e+00  
 96.9 3.5711e+01  14 1.00000e+00  
 97.0 3.5758e+01  14 1.00000e+00  
 97.1 3.5798e+01  14 1.00000e+00  
 97.2 3.5817e+01  14 1.00000e+00  
 97.3 3.5873e+01  14 1.00000e+00  
 97.4 3.5886e+01  14 1.00000e+00  
 97.5 3.5948e+01  14 1.00000e+00  
 97.6 3.5967e+01  14 1.00000e+00  
 97.7 3.6018e+01  14 1.00000e+00  
 97.8 3.6054e+01  14 1.00000e+00  
 97.9 3.6111e+01  14 1.00000e+00  
 98.0 3.6196e+01  14 1.00000e+00  
 98.1 3.6254e+01  14 1.00000e+00  
 98.2 3.6327e+01  14 1.00000e+00  
 98.3 3.6392e+01  14 1.00000e+00  
 98.4 3.6441e+01  14 1.00000e+00  
 98.5 3.6513e+01  14 1.00000e+00  
 98.6 3.6552e+01  14 1.00000e+00  
 98.7 3.6627e+01  14 1.00000e+00  
 98.8 3.6679e+01  14 1.00000e+00  
 98.9 3.6712e+01  14 1.00000e+00  
 99.0 3.6769e+01  14 1.00000e+00  
 99.1 3.6824e+01  14 1.00000e+00  
 99.2 3.6906e+01  14 1.00000e+00  
 99.3 3.6959e+01  14 1.00000e+00  
 99.4 3.7008e+01  14 1.00000e+00  
 99.5 3.7058e+01  14 1.00000e+00  
 99.6 3.7105e+01  14 1.00000e+00  
 99.7 3.7146e+01  14 1.00000e+00  
 99.8 3.7177e+01  14 1.00000e+00  
 99.9 3.7245e+01  14 1.00000e+00  
100.0 3.7291e+01  14 1.00000e+00  
100.1 3.7314e+01  14 1.00000e+00  
100.2 3.7381e+01  14 1.00000e+00  
100.3 3.7415e+01  14 1.00000e+00  
100.4 3.7466e+01  14 1.00000e+00  
100.5 3.7498e+01  14 1.00000e+00  
100.6 3.7616e+01  14 1.00000e+00  
100.7 3.7634e+01  14 1.00000e+00  
100.8 3.7688e+01  14 1.00000e+00  
100.9 3.7735e+01  14 1.00000e+00  
101.0 3.7757e+01  14 1.00000e+00  
101.1 3.7811e+01  14 1.00000e+00  
101.2 3.7853e+01  14 1.00000e+00  
101.3 3.7877e+01  14 1.00000e+00  
101.4 3.7932e+01  14 1.00000e+00  
101.5 3.7954e+01  14 1.00000e+00  
101.6 3.8008e+01  14 1.00000e+00  
101.7 3.8045e+01  14 1.00000e+00  
101.8 3.8056e+01  14 1.00000e+00  
101.9 3.8120e+01  14 1.00000e+00  
102.0 3.8157e+01  14 1.00000e+00  
102.1 3.8214e+01  14 1.00000e+00  
102.2 3.8267e+01  14 1.00000e+00  
102.3 3.8361e+01  14 1.00000e+00  
102.4 3.8414e+01  14 1.00000e+00  
102.5 3.8494e+01  14 1.00000e+00  
102.6 3.8554e+01  14 1.00000e+00  
102.7 3.8618e+01  14 1.00000e+00  
102.8 3.8675e+01  14 1.00000e+00  
102.9 3.8739e+01  14 1.00000e+00  
103.0 3.8777e+01  14 1.00000e+00  
103.1 3.8846e+01  14 1.00000e+00  
103.2 3.8908e+01  14 1.00000e+00  
103.3 3.8962e+01  14 1.00000e+00  
103.4 3.9014e+01  14 1.00000e+00  
103.5 3.9066e+01  14 1.00000e+00  
103.6 3.9136e+01  14 1.00000e+00  
103.7 3.9188e+01  14 1.00000e+00  
103.8 3.9240e+01  14 1.00000e+00  
103.9 3.9291e+01  14 1.00000e+00  
104.0 3.9341e+01  14 1.00000e+00  
104.1 3.9391e+01  14 1.00000e+00  
104.2 3.9435e+01  14 1.00000e+00  
104.3 3.9466e+01  14 1.00000e+00  
104.4 3.9531e+01  14 1.00000e+00  
104.5 3.9580e+01  14 1.00000e+00  
104.6 3.9605e+01  14 1.00000e+00  
104.7 3.9664e+01  14 1.00000e+00  
104.8 3.9707e+01  14 1.00000e+00  
104.9 3.9748e+01  14 1.00000e+00  
105.0 3.9863e+01  14 1.00000e+00  
105.1 3.9908e+01  14 1.00000e+00  
105.2 3.9928e+01  14 1.00000e+00  
105.3 3.9991e+01  14 1.00000e+00  
105.4 4.0028e+01  14 1.00000e+00  
105.5 4.0072e+01  14 1.00000e+00  
105.6 4.0151e+01  14 1.00000e+00  
105.7 4.0190e+01  14 1.00000e+00  
105.8 4.0234e+01  14 1.00000e+00  
105.9 4.0246e+01  14 1.00000e+00  
106.0 4.0315e+01  14 1.00000e+00  
106.1 4.0353e+01  14 1.00000e+00  
106.2 4.0370e+01  14 1.00000e+00  
106.3 4.0431e+01  14 1.00000e+00  
106.4 4.0471e+01  14 1.00000e+00  
106.5 4.0508e+01  14 1.00000e+00  
106.6 4.0570e+01  14 1.00000e+00  
106.7 4.0644e+01  14 1.00000e+00  
106.8 4.0717e+01  14 1.00000e+00  
106.9 4.0790e+01  14 1.00000e+00  
107.0 4.0852e+01  14 1.00000e+00  
107.1 4.0924e+01  14 1.00000e+00  
107.2 4.0975e+01  14 1.00000e+00  
107.3 4.1052e+01  14 1.00000e+00  
107.4 4.1105e+01  14 1.00000e+00  
107.5 4.1166e+01  14 1.00000e+00  
107.6 4.1231e+01  14 1.00000e+00  
107.7 4.1287e+01  14 1.00000e+00  
107.8 4.1340e+01  14 1.00000e+00  
107.9 4.1381e+01  14 1.00000e+00  
108.0 4.1425e+01  14 1.00000e+00  
108.1 4.1480e+01  14 1.00000e+00  
108.2 4.1560e+01  14 1.00000e+00  
108.3 4.1605e+01  14 1.00000e+00  
108.4 4.1659e+01  14 1.00000e+00  
108.5 4.1716e+01  14 1.00000e+00  
108.6 4.1786e+01  14 1.00000e+00  
108.7 4.1840e+01  14 1.00000e+00  
108.8 4.1893e+01  14 1.00000e+00  
108.9 4.1943e+01  14 1.00000e+00  
109.0 4.1991e+01  14 1.00000e+00  
109.1 4.2022e+01  14 1.00000e+00  
109.2 4.2087e+01  14 1.00000e+00  
109.3 4.2137e+01  14 1.00000e+00  
109.4 4.2175e+01  14 1.00000e+00  
109.5 4.2225e+01  14 1.00000e+00  
109.6 4.2274e+01  14 1.00000e+00  
109.7 4.2399e+01  14 1.00000e+00  
109.8 4.2423e+01  14 1.00000e+00  
109.9 4.2474e+01  14 1.00000e+00  
110.0 4.2492e+01  14 1.00000e+00  
110.1 4.2564e+01  14 1.00000e+00  
110.2 4.2587e+01  14 1.00000e+00  
110.3 4.2651e+01  14 1.00000e+00  
110.4 4.2685e+01  14 1.00000e+00  
110.5 4.2734e+01  14 1.00000e+00  
110.6 4.2778e+01  14 1.00000e+00  
110.7 4.2799e+01  14 1.00000e+00  
110.8 4.2863e+01  14 1.00000e+00  
110.9 4.2905e+01  14 1.00000e+00  
111.0 4.2938e+01  14 1.00000e+00  
111.1 4.2973e+01  14 1.00000e+00  
111.2 4.3028e+01  14 1.00000e+00  
111.3 4.3071e+01  14 1.00000e+00  
111.4 4.2583e+01  14 1.00000e+00  
111.5 4.2623e+01  14 1.00000e+00  
111.6 4.2669e+01  14 1.00000e+00  
111.7 4.2685e+01  14 1.00000e+00  
111.8 4.2755e+01  14 1.00000e+00  
111.9 4.2793e+01  14 1.00000e+00  
112.0 4.2223e+01  14 1.00000e+00  
112.1 4.2272e+01  14 1.00000e+00  
112.2 4.2304e+01  14 1.00000e+00  
112.3 4.2425e+01  14 1.00000e+00  
112.4 4.2469e+01  14 1.00000e+00  
112.5 4.2495e+01  14 1.00000e+00  
112.6 4.1914e+01  14 1.00000e+00  
112.7 4.1963e+01  14 1.00000e+00  
112.8 4.2005e+01  14 1.00000e+00  
112.9 4.2029e+01  14 1.00000e+00  
113.0 4.2102e+01  14 1.00000e+00  
113.1 4.2148e+01  14 1.00000e+00  
113.2 4.1556e+01  14 1.00000e+00  
113.3 4.1596e+01  14 1.00000e+00  
113.4 4.1649e+01  14 1.00000e+00  
113.5 4.1700e+01  14 1.00000e+00  
113.6 4.1766e+01  14 1.00000e+00  
113.7 4.1822e+01  14 1.00000e+00  
113.8 4.1873e+01  14 1.00000e+00  
113.9 3.5342e+01  14 1.00000e+00  
114.0 3.5369e+01  14 1.00000e+00  
114.1 3.5412e+01  14 1.00000e+00  
114.2 3.5428e+01  14 1.00000e+00  
114.3 3.5528e+01  14 1.00000e+00  
114.4 3.5564e+01  14 1.00000e+00  
114.5 3.5606e+01  14 1.00000e+00  
114.6 3.5642e+01  14 1.00000e+00  
114.7 3.5658e+01  14 1.00000e+00  
114.8 3.5706e+01  14 1.00000e+00  
114.9 3.5737e+01  14 1.00000e+00  
115.0 3.5764e+01  14 1.00000e+00  
115.1 3.5805e+01  14 1.00000e+00  
115.2 3.5817e+01  14 1.00000e+00  
115.3 3.5868e+01  14 1.00000e+00  
115.4 3.5887e+01  14 1.00000e+00  
115.5 3.5419e+01  14 1.00000e+00  
115.6 3.5537e+01  14 1.00000e+00  
115.7 3.5568e+01  14 1.00000e+00  
115.8 3.5605e+01  14 1.00000e+00  
115.9 3.5636e+01  14 1.00000e+00  
116.0 3.5662e+01  14 1.00000e+00  
116.1 3.5702e+01  14 1.00000e+00  
116.2 3.5712e+01  14 1.00000e+00  
116.3 3.5759e+01  14 1.00000e+00  
116.4 3.5798e+01  14 1.00000e+00  
116.5 3.5821e+01  14 1.00000e+00  
116.6 3.5860e+01  14 1.00000e+00  
116.7 3.5886e+01  14 1.00000e+00  
116.8 3.5920e+01  14 1.00000e+00  
116.9 3.5952e+01  14 1.00000e+00  
117.0 3.5967e+01  14 1.00000e+00  
117.1 3.6011e+01  14 1.00000e+00  
117.2 3.6042e+01  14 1.00000e+00  
117.3 3.6084e+01  14 1.00000e+00  
117.4 3.6125e+01  14 1.00000e+00  
117.5 3.5710e+01  14 1.00000e+00  
117.6 3.5754e+01  14 1.00000e+00  
117.7 3.5769e+01  14 1.00000e+00  
117.8 3.5815e+01  14 1.00000e+00  
117.9 3.5842e+01  14 1.00000e+00  
118.0 3.5877e+01  14 1.00000e+00  
118.1 3.5887e+01  14 1.00000e+00  
118.2 3.5940e+01  14 1.00000e+00  
118.3 3.5964e+01  14 1.00000e+00  
118.4 3.5976e+01  14 1.00000e+00  
118.5 3.6028e+01  14 1.00000e+00  
118.6 3.6057e+01  14 1.00000e+00  
118.7 3.6114e+01  14 1.00000e+00  
118.8 3.6173e+01  14 1.00000e+00  
118.9 3.5739e+01  14 1.00000e+00  
119.0 3.5764e+01  14 1.00000e+00  
119.1 3.5802e+01  14 1.00000e+00  
119.2 3.5820e+01  14 1.00000e+00  
119.3 3.5862e+01  14 1.00000e+00  
119.4 3.5886e+01  14 1.00000e+00  
119.5 3.5920e+01  14 1.00000e+00  
119.6 3.5953e+01  14 1.00000e+00  
119.7 3.5967e+01  14 1.00000e+00  
119.8 3.6009e+01  14 1.00000e+00  
119.9 3.6040e+01  14 1.00000e+00  
120.0 3.6084e+01  14 1.00000e+00  
120.1 3.6121e+01  14 1.00000e+00  
120.2 3.6202e+01  14 1.00000e+00  
120.3 3.5754e+01  14 1.00000e+00  
120.4 3.5758e+01  14 1.00000e+00  
120.5 3.5813e+01  14 1.00000e+00  
120.6 3.5832e+01  14 1.00000e+00  
120.7 3.5876e+01  14 1.00000e+00  
120.8 3.5884e+01  14 1.00000e+00  
120.9 3.5452e+01  14 1.00000e+00  
121.0 3.5528e+01  14 1.00000e+00  
121.1 3.5562e+01  14 1.00000e+00  
121.2 3.5606e+01  14 1.00000e+00  
121.3 3.5640e+01  14 1.00000e+00  
121.4 3.5662e+01  14 1.00000e+00  
121.5 3.5702e+01  14 1.00000e+00  
121.6 3.5710e+01  14 1.00000e+00  
121.7 3.5759e+01  14 1.00000e+00  
121.8 3.5795e+01  14 1.00000e+00  
121.9 3.5821e+01  14 1.00000e+00  
122.0 3.5854e+01  14 1.00000e+00  
122.1 3.5880e+01  14 1.00000e+00  
122.2 3.5889e+01  14 1.00000e+00  
122.3 3.5460e+01  14 1.00000e+00  
122.4 3.5556e+01  14 1.00000e+00  
122.5 3.5572e+01  14 1.00000e+00  
122.6 3.5610e+01  14 1.00000e+00  
122.7 3.5645e+01  14 1.00000e+00  
122.8 3.5658e+01  14 1.00000e+00  
122.9 3.5706e+01  14 1.00000e+00  
123.0 3.5731e+01  14 1.00000e+00  
123.1 4.4953e+01  14 1.00000e+00  
123.2 4.4984e+01  14 1.00000e+00  
123.3 4.5014e+01  14 1.00000e+00  
123.4 4.5039e+01  14 1.00000e+00  
123.5 4.5057e+01  14 1.00000e+00  
123.6 4.5076e+01  14 1.00000e+00  
123.7 4.4762e+01  14 1.00000e+00  
123.8 4.4809e+01  14 1.00000e+00  
123.9 4.4847e+01  14 1.00000e+00  
124.0 4.4881e+01  14 1.00000e+00  
124.1 4.4939e+01  14 1.00000e+00  
124.2 4.4989e+01  14 1.00000e+00  
124.3 4.4364e+01  14 1.00000e+00  
124.4 4.4415e+01  14 1.00000e+00  
124.5 4.4463e+01  14 1.00000e+00  
124.6 4.4508e+01  14 1.00000e+00  
124.7 4.4550e+01  14 1.00000e+00  
124.8 4.4590e+01  14 1.00000e+00  
124.9 4.3938e+01  14 1.00000e+00  
125.0 4.3972e+01  14 1.00000e+00  
125.1 4.4037e+01  14 1.00000e+00  
125.2 4.4095e+01  14 1.00000e+00  
125.3 4.4145e+01  14 1.00000e+00  
125.4 4.4197e+01  14 1.00000e+00  
125.5 4.3513e+01  14 1.00000e+00  
125.6 4.3564e+01  14 1.00000e+00  
125.7 4.3635e+01  14 1.00000e+00  
125.8 4.3657e+01  14 1.00000e+00  
125.9 4.3708e+01  14 1.00000e+00  
126.0 4.3760e+01  14 1.00000e+00  
126.1 4.3824e+01  14 1.00000e+00  
126.2 4.3093e+01  14 1.00000e+00  
126.3 4.3125e+01  14 1.00000e+00  
126.4 4.3160e+01  14 1.00000e+00  
126.5 4.3238e+01  14 1.00000e+00  
126.6 4.3304e+01  14 1.00000e+00  
126.7 4.3348e+01  14 1.00000e+00  
126.8 4.2789e+01  14 1.00000e+00  
126.9 4.2799e+01  14 1.00000e+00  
127.0 4.2863e+01  14 1.00000e+00  
127.1 4.2901e+01  14 1.00000e+00  
127.2 4.2931e+01  14 1.00000e+00  
127.3 4.2948e+01  14 1.00000e+00  
127.4 4.2473e+01  14 1.00000e+00  
127.5 4.2495e+01  14 1.00000e+00  
127.6 4.2550e+01  14 1.00000e+00  
127.7 4.2584e+01  14 1.00000e+00  
127.8 4.2620e+01  14 1.00000e+00  
127.9 4.2662e+01  14 1.00000e+00  
128.0 4.2070e+01  14 1.00000e+00  
128.1 4.2115e+01  14 1.00000e+00  
128.2 4.2155e+01  14 1.00000e+00  
128.3 4.2179e+01  14 1.00000e+00  
128.4 4.2229e+01  14 1.00000e+00  
128.5 4.2271e+01  14 1.00000e+00  
128.6 4.2302e+01  14 1.00000e+00  
128.7 4.1733e+01  14 1.00000e+00  
128.8 4.1792e+01  14 1.00000e+00  
128.9 4.1837e+01  14 1.00000e+00  
129.0 4.1881e+01  14 1.00000e+00  
129.1 4.1924e+01  14 1.00000e+00  
129.2 4.1966e+01  14 1.00000e+00  
129.3 4.2002e+01  14 1.00000e+00  
129.4 3.5421e+01  14 1.00000e+00  
129.5 3.5472e+01  14 1.00000e+00  
129.6 3.5565e+01  14 1.00000e+00  
129.7 3.5590e+01  14 1.00000e+00  
129.8 3.5609e+01  14 1.00000e+00  
129.9 3.5647e+01  14 1.00000e+00  
130.0 3.5657e+01  14 1.00000e+00  
130.1 3.5707e+01  14 1.00000e+00  
130.2 3.5736e+01  14 1.00000e+00  
130.3 3.5759e+01  14 1.00000e+00  
130.4 3.5792e+01  14 1.00000e+00  
130.5 3.5815e+01  14 1.00000e+00  
130.6 3.5347e+01  14 1.00000e+00  
130.7 3.5390e+01  14 1.00000e+00  
130.8 3.5420e+01  14 1.00000e+00  
130.9 3.5446e+01  14 1.00000e+00  
131.0 3.5531e+01  14 1.00000e+00  
131.1 3.5569e+01  14 1.00000e+00  
131.2 3.5602e+01  14 1.00000e+00  
131.3 3.5604e+01  14 1.00000e+00  
131.4 3.5658e+01  14 1.00000e+00  
131.5 3.5686e+01  14 1.00000e+00  
131.6 3.5712e+01  14 1.00000e+00  
131.7 3.5743e+01  14 1.00000e+00  
131.8 3.5763e+01  14 1.00000e+00  
131.9 3.5802e+01  14 1.00000e+00  
132.0 3.5821e+01  14 1.00000e+00  
132.1 3.5858e+01  14 1.00000e+00  
132.2 3.5880e+01  14 1.00000e+00  
132.3 3.5885e+01  14 1.00000e+00  
132.4 3.5942e+01  14 1.00000e+00  
132.5 3.5963e+01  14 1.00000e+00  
132.6 3.5971e+01  14 1.00000e+00  
132.7 3.6019e+01  14 1.00000e+00  
132.8 3.5628e+01  14 1.00000e+00  
132.9 3.5658e+01  14 1.00000e+00  
133.0 3.5692e+01  14 1.00000e+00  
133.1 3.5712e+01  14 1.00000e+00  
133.2 3.5748e+01  14 1.00000e+00  
133.3 3.5763e+01  14 1.00000e+00  
133.4 3.5802e+01  14 1.00000e+00  
133.5 3.5820e+01  14 1.00000e+00  
133.6 3.5861e+01  14 1.00000e+00  
133.7 3.5880e+01  14 1.00000e+00  
133.8 3.5892e+01  14 1.00000e+00  
133.9 3.5941e+01  14 1.00000e+00  
134.0 3.5962e+01  14 1.00000e+00  
134.1 3.5965e+01  14 1.00000e+00  
134.2 3.6021e+01  14 1.00000e+00  
134.3 3.6047e+01  14 1.00000e+00  
134.4 3.6087e+01  14 1.00000e+00  
134.5 3.6113e+01  14 1.00000e+00  
134.6 3.6192e+01  14 1.00000e+00  
134.7 3.6216e+01  14 1.00000e+00  
134.8 3.6294e+01  14 1.00000e+00  
134.9 3.5802e+01  14 1.00000e+00  
135.0 3.5821e+01  14 1.00000e+00  
135.1 3.5854e+01  14 1.00000e+00  
135.2 3.5879e+01  14 1.00000e+00  
135.3 3.5882e+01  14 1.00000e+00  
135.4 3.5937e+01  14 1.00000e+00  
135.5 3.5961e+01  14 1.00000e+00  
135.6 3.5966e+01  14 1.00000e+00  
135.7 3.6013e+01  14 1.00000e+00  
135.8 3.6040e+01  14 1.00000e+00  
135.9 3.6071e+01  14 1.00000e+00  
136.0 3.6107e+01  14 1.00000e+00  
136.1 3.6180e+01  14 1.00000e+00  
136.2 3.5737e+01  14 1.00000e+00  
136.3 3.5759e+01  14 1.00000e+00  
136.4 3.5790e+01  14 1.00000e+00  
136.5 3.5815e+01  14 1.00000e+00  
136.6 3.5836e+01  14 1.00000e+00  
136.7 3.5873e+01  14 1.00000e+00  
136.8 3.5887e+01  14 1.00000e+00  
136.9 3.5421e+01  14 1.00000e+00  
137.0 3.5471e+01  14 1.00000e+00  
137.1 3.5563e+01  14 1.00000e+00  
137.2 3.5588e+01  14 1.00000e+00  
137.3 3.5610e+01  14 1.00000e+00  
137.4 3.5642e+01  14 1.00000e+00  
137.5 3.5662e+01  14 1.00000e+00  
137.6 3.5697e+01  14 1.00000e+00  
137.7 3.5710e+01  14 1.00000e+00  
137.8 3.5753e+01  14 1.00000e+00  
137.9 3.5759e+01  14 1.00000e+00  
138.0 3.5805e+01  14 1.00000e+00  
138.1 3.5820e+01  14 1.00000e+00  
138.2 3.5856e+01  14 1.00000e+00  
138.3 3.5395e+01  14 1.00000e+00  
138.4 3.5421e+01  14 1.00000e+00  
138.5 3.5452e+01  14 1.00000e+00  
138.6 3.5529e+01  14 1.00000e+00  
138.7 3.5569e+01  14 1.00000e+00  
138.8 3.5596e+01  14 1.00000e+00  
138.9 3.5606e+01  14 1.00000e+00  
139.0 4.4944e+01  14 1.00000e+00  
139.1 4.4988e+01  14 1.00000e+00  
139.2 4.5028e+01  14 1.00000e+00  
139.3 4.5057e+01  14 1.00000e+00  
139.4 4.5079e+01  14 1.00000e+00  
139.5 4.5146e+01  14 1.00000e+00  
139.6 4.5261e+01  14 1.00000e+00  
139.7 4.4569e+01  14 1.00000e+00  
139.8 4.4615e+01  14 1.00000e+00  
139.9 4.4674e+01  14 1.00000e+00  
140.0 4.4719e+01  14 1.00000e+00  
140.1 4.4770e+01  14 1.00000e+00  
140.2 4.4811e+01  14 1.00000e+00  
140.3 4.4144e+01  14 1.00000e+00  
140.4 4.4191e+01  14 1.00000e+00  
140.5 4.4235e+01  14 1.00000e+00  
140.6 4.4294e+01  14 1.00000e+00  
140.7 4.4342e+01  14 1.00000e+00  
140.8 4.4388e+01  14 1.00000e+00  
140.9 4.4431e+01  14 1.00000e+00  
141.0 4.3706e+01  14 1.00000e+00  
141.1 4.3780e+01  14 1.00000e+00  
141.2 4.3842e+01  14 1.00000e+00  
141.3 4.3889e+01  14 1.00000e+00  
141.4 4.3932e+01  14 1.00000e+00  
141.5 4.3954e+01  14 1.00000e+00  
141.6 4.4015e+01  14 1.00000e+00  
141.7 4.3299e+01  14 1.00000e+00  
141.8 4.3332e+01  14 1.00000e+00  
141.9 4.3413e+01  14 1.00000e+00  
142.0 4.3473e+01  14 1.00000e+00  
142.1 4.3522e+01  14 1.00000e+00  
142.2 4.3567e+01  14 1.00000e+00  
142.3 4.3639e+01  14 1.00000e+00  
142.4 4.2938e+01  14 1.00000e+00  
142.5 4.2953e+01  14 1.00000e+00  
142.6 4.3008e+01  14 1.00000e+00  
142.7 4.3043e+01  14 1.00000e+00  
142.8 4.3079e+01  14 1.00000e+00  
142.9 4.3109e+01  14 1.00000e+00  
143.0 4.2596e+01  14 1.00000e+00  
143.1 4.2651e+01  14 1.00000e+00  
143.2 4.2681e+01  14 1.00000e+00  
143.3 4.2693e+01  14 1.00000e+00  
143.4 4.2754e+01  14 1.00000e+00  
143.5 4.2786e+01  14 1.00000e+00  
143.6 4.2799e+01  14 1.00000e+00  
143.7 4.2238e+01  14 1.00000e+00  
143.8 4.2275e+01  14 1.00000e+00  
143.9 4.2301e+01  14 1.00000e+00  
144.0 4.2423e+01  14 1.00000e+00  
144.1 4.2448e+01  14 1.00000e+00  
144.2 4.2482e+01  14 1.00000e+00  
144.3 4.2494e+01  14 1.00000e+00  
144.4 4.1906e+01  14 1.00000e+00  
144.5 4.1948e+01  14 1.00000e+00  
144.6 4.1985e+01  14 1.00000e+00  
144.7 4.2013e+01  14 1.00000e+00  
144.8 4.2033e+01  14 1.00000e+00  
144.9 4.2092e+01  14 1.00000e+00  
145.0 3.5565e+01  14 1.00000e+00  
145.1 3.5590e+01  14 1.00000e+00  
145.2 4.1565e+01  14 1.00000e+00  
145.3 4.1598e+01  14 1.00000e+00  
145.4 4.1639e+01  14 1.00000e+00  
145.5 4.1677e+01  14 1.00000e+00  
145.6 4.1722e+01  14 1.00000e+00  
145.7 4.1776e+01  14 1.00000e+00  
145.8 4.1823e+01  14 1.00000e+00  
145.9 3.5798e+01  14 1.00000e+00  
146.0 3.5328e+01  14 1.00000e+00  
146.1 3.5347e+01  14 1.00000e+00  
146.2 3.5380e+01  14 1.00000e+00  
146.3 3.5409e+01  14 1.00000e+00  
146.4 3.5419e+01  14 1.00000e+00  
146.5 3.5465e+01  14 1.00000e+00  
146.6 3.5558e+01  14 1.00000e+00  
146.7 3.5557e+01  14 1.00000e+00  
146.8 3.5604e+01  14 1.00000e+00  
146.9 3.5601e+01  14 1.00000e+00  
147.0 3.5657e+01  14 1.00000e+00  
147.1 3.5661e+01  14 1.00000e+00  
147.2 3.5707e+01  14 1.00000e+00  
147.3 3.5717e+01  14 1.00000e+00  
147.4 3.5757e+01  14 1.00000e+00  
147.5 3.5759e+01  14 1.00000e+00  
147.6 3.5811e+01  14 1.00000e+00  
147.7 3.5818e+01  14 1.00000e+00  
147.8 3.5860e+01  14 1.00000e+00  
147.9 3.5880e+01  14 1.00000e+00  
148.0 3.5886e+01  14 1.00000e+00  
148.1 3.5934e+01  14 1.00000e+00  
148.2 3.5959e+01  14 1.00000e+00  
148.3 3.5967e+01  14 1.00000e+00  
148.4 3.5996e+01  14 1.00000e+00  
148.5 3.6029e+01  14 1.00000e+00  
148.6 3.5641e+01  14 1.00000e+00  
148.7 3.5662e+01  14 1.00000e+00  
148.8 3.5694e+01  14 1.00000e+00  
148.9 3.5712e+01  14 1.00000e+00  
149.0 3.5743e+01  14 1.00000e+00  
149.1 3.5764e+01  14 1.00000e+00  
149.2 3.5790e+01  14 1.00000e+00  
149.3 3.5815e+01  14 1.00000e+00  
149.4 3.5825e+01  14 1.00000e+00  
149.5 3.5869e+01  14 1.00000e+00  
149.6 3.5887e+01  14 1.00000e+00  
149.7 3.5900e+01  14 1.00000e+00  
149.8 3.5940e+01  14 1.00000e+00  
149.9 3.5960e+01  14 1.00000e+00  
150.0 3.5966e+01  14 1.00000e+00  
