 15.1 1.4490e+00  13 4.44205e-02  
 15.2 1.4566e+00  13 4.47897e-02  
 15.3 1.4642e+00  13 4.51544e-02  
 15.4 1.4717e+00  13 4.55148e-02  
 15.5 1.4793e+00  13 4.58710e-02  
 15.6 1.4869e+00  13 4.62230e-02  
 15.7 1.4945e+00  13 4.65709e-02  
 15.8 1.5021e+00  13 4.69148e-02  
 15.9 1.5097e+00  13 4.72548e-02  
 16.0 1.5173e+00  13 4.75909e-02  
 16.1 1.5249e+00  13 4.78694e-02  
 16.2 1.5325e+00  13 4.81971e-02  
 16.3 1.5401e+00  13 4.85210e-02  
 16.4 1.5477e+00  13 4.88413e-02  
 16.5 1.5552e+00  13 4.91579e-02  
 16.6 1.5628e+00  13 4.94711e-02  
 16.7 1.5704e+00  13 4.97809e-02  
 16.8 1.5780e+00  13 5.00873e-02  
 16.9 1.5856e+00  13 5.03905e-02  
 17.0 1.5932e+00  13 5.06903e-02  
 17.1 1.6007e+00  13 5.09869e-02  
 17.2 1.6083e+00  13 5.12805e-02  
 17.3 1.6159e+00  13 5.15709e-02  
 17.4 1.6235e+00  13 5.18582e-02  
 17.5 1.6311e+00  13 5.21426e-02  
 17.6 1.6386e+00  13 5.24241e-02  
 17.7 1.6462e+00  13 5.27026e-02  
 17.8 1.6538e+00  13 5.29784e-02  
 17.9 1.6613e+00  13 5.32513e-02  
 18.0 1.6689e+00  13 5.35215e-02  
 18.1 1.6765e+00  13 5.37890e-02  
 18.2 1.6840e+00  13 5.39796e-02  
 18.3 1.6916e+00  13 5.42409e-02  
 18.4 1.6992e+00  13 5.44996e-02  
 18.5 1.7067e+00  13 5.47557e-02  
 18.6 1.7143e+00  13 5.50094e-02  
 18.7 1.7218e+00  13 5.52606e-02  
 18.8 1.7327e+00  13 5.57591e-02  
 18.9 1.7450e+00  13 5.63622e-02  
 19.0 1.7574e+00  13 5.69672e-02  
 19.1 1.7699e+00  13 5.75741e-02  
 19.2 1.7825e+00  13 5.81830e-02  
 19.3 1.7952e+00  13 5.87939e-02  
 19.4 1.8079e+00  13 5.94068e-02  
 19.5 1.8208e+00  13 6.00219e-02  
 19.6 1.8338e+00  13 6.06391e-02  
 19.7 1.8468e+00  13 6.12583e-02  
 19.8 1.8600e+00  13 6.18799e-02  
 19.9 1.8732e+00  13 6.25049e-02  
 20.0 1.8866e+00  13 6.31346e-02  
 20.1 1.9000e+00  13 6.37674e-02  
 20.2 1.9136e+00  13 6.44037e-02  
 20.3 1.7559e+01  14 1.00000e+00  
 20.4 1.7638e+01  14 1.00000e+00  
 20.5 1.7718e+01  14 1.00000e+00  
 20.6 1.7797e+01  14 1.00000e+00  
 20.7 1.7877e+01  14 1.00000e+00  
 20.8 1.7956e+01  14 1.00000e+00  
 20.9 1.8035e+01  14 1.00000e+00  
 21.0 1.8115e+01  14 1.00000e+00  
 21.1 1.8165e+01  14 1.00000e+00  
 21.2 1.8243e+01  14 1.00000e+00  
 21.3 1.8322e+01  14 1.00000e+00  
 21.4 1.8400e+01  14 1.00000e+00  
 21.5 1.8477e+01  14 1.00000e+00  
 21.6 1.8555e+01  14 1.00000e+00  
 21.7 1.8633e+01  14 1.00000e+00  
 21.8 1.8712e+01  14 1.00000e+00  
 21.9 1.8758e+01  14 1.00000e+00  
 22.0 1.8835e+01  14 1.00000e+00  
 22.1 1.8912e+01  14 1.00000e+00  
 22.2 1.8989e+01  14 1.00000e+00  
 22.3 1.9065e+01  14 1.00000e+00  
 22.4 1.9142e+01  14 1.00000e+00  
 22.5 1.9220e+01  14 1.00000e+00  
 22.6 1.9263e+01  14 1.00000e+00  
 22.7 1.9338e+01  14 1.00000e+00  
 22.8 1.9414e+01  14 1.00000e+00  
 22.9 1.9489e+01  14 1.00000e+00  
 23.0 1.9564e+01  14 1.00000e+00  
 23.1 1.9639e+01  14 1.00000e+00  
 23.2 1.9713e+01  14 1.00000e+00  
 23.3 5.5903e+00  14 2.48299e-01  
 23.4 5.7033e+00  14 2.53741e-01  
 23.5 5.8179e+00  14 2.58785e-01  
 23.6 5.9340e+00  14 2.63871e-01  
 23.7 6.0515e+00  14 2.68995e-01  
 23.8 6.1704e+00  14 2.74160e-01  
 23.9 6.2907e+00  14 2.79362e-01  
 24.0 6.4127e+00  14 2.84570e-01  
 24.1 6.5334e+00  14 2.90244e-01  
 24.2 6.6578e+00  14 2.95552e-01  
 24.3 6.7836e+00  14 3.00896e-01  
 24.4 6.9108e+00  14 3.06278e-01  
 24.5 7.0395e+00  14 3.11698e-01  
 24.6 7.1695e+00  14 3.17153e-01  
 24.7 7.3010e+00  14 3.22645e-01  
 24.8 7.4343e+00  14 3.28144e-01  
 24.9 7.5637e+00  14 3.34077e-01  
 25.0 7.6992e+00  14 3.39671e-01  
 25.1 7.8361e+00  14 3.45302e-01  
 25.2 7.9745e+00  14 3.50968e-01  
 25.3 8.1143e+00  14 3.56669e-01  
 25.4 8.2555e+00  14 3.62404e-01  
 25.5 8.3986e+00  14 3.68152e-01  
 25.6 8.5352e+00  14 3.74303e-01  
 25.7 8.6804e+00  14 3.80140e-01  
 25.8 8.8270e+00  14 3.86010e-01  
 25.9 8.9750e+00  14 3.91915e-01  
 26.0 9.1245e+00  14 3.97853e-01  
 26.1 9.2753e+00  14 4.03830e-01  
 26.2 9.4275e+00  14 4.09841e-01  
 26.3 9.5820e+00  14 4.15857e-01  
 26.4 9.7266e+00  14 4.22248e-01  
 26.5 9.8828e+00  14 4.28352e-01  
 26.6 1.0040e+01  14 4.34490e-01  
 26.7 1.0200e+01  14 4.40661e-01  
 26.8 1.0360e+01  14 4.46870e-01  
 26.9 1.0522e+01  14 4.53113e-01  
 27.0 1.0686e+01  14 4.59362e-01  
 27.1 1.0837e+01  14 4.65959e-01  
 27.2 1.1003e+01  14 4.72292e-01  
 27.3 1.1170e+01  14 4.78658e-01  
 27.4 1.1339e+01  14 4.85057e-01  
 27.5 1.1508e+01  14 4.91493e-01  
 27.6 1.1680e+01  14 4.97962e-01  
 27.7 1.1852e+01  14 5.04463e-01  
 27.8 1.2011e+01  14 5.11238e-01  
 27.9 1.2186e+01  14 5.17795e-01  
 28.0 1.2363e+01  14 5.24385e-01  
 28.1 1.2541e+01  14 5.31006e-01  
 28.2 1.2720e+01  14 5.37662e-01  
 28.3 1.2901e+01  14 5.44355e-01  
 28.4 1.3083e+01  14 5.51076e-01  
 28.5 1.3268e+01  14 5.57806e-01  
 28.6 1.3432e+01  14 5.64829e-01  
 28.7 1.3618e+01  14 5.71639e-01  
 28.8 1.3805e+01  14 5.78482e-01  
 28.9 1.3994e+01  14 5.85357e-01  
 29.0 1.4183e+01  14 5.92266e-01  
 29.1 1.4375e+01  14 5.99207e-01  
 29.2 1.4568e+01  14 6.06208e-01  
 29.3 1.4739e+01  14 6.13407e-01  
 29.4 1.4934e+01  14 6.20436e-01  
 29.5 1.5131e+01  14 6.27496e-01  
 29.6 1.5329e+01  14 6.34588e-01  
 29.7 1.5528e+01  14 6.41711e-01  
 29.8 1.5728e+01  14 6.48866e-01  
 29.9 1.5929e+01  14 6.56055e-01  
 30.0 1.6135e+01  14 6.63255e-01  
 30.1 1.6309e+01  14 6.70690e-01  
 30.2 1.6515e+01  14 6.77965e-01  
 30.3 1.6721e+01  14 6.85270e-01  
 30.4 1.6929e+01  14 6.92607e-01  
 30.5 1.7139e+01  14 6.99976e-01  
 30.6 1.7350e+01  14 7.07375e-01  
 30.7 1.7561e+01  14 7.14806e-01  
 30.8 1.7742e+01  14 7.22414e-01  
 30.9 1.7956e+01  14 7.29901e-01  
 31.0 1.8171e+01  14 7.37419e-01  
 31.1 1.8388e+01  14 7.44967e-01  
 31.2 1.8606e+01  14 7.52546e-01  
 31.3 1.8826e+01  14 7.60156e-01  
 31.4 1.9046e+01  14 7.67796e-01  
 31.5 1.9272e+01  14 7.75455e-01  
 31.6 1.9452e+01  14 7.83287e-01  
 31.7 1.9676e+01  14 7.91015e-01  
 31.8 1.9901e+01  14 7.98774e-01  
 31.9 2.0128e+01  14 8.06563e-01  
 32.0 2.0356e+01  14 8.14382e-01  
 32.1 2.0584e+01  14 8.22232e-01  
 32.2 2.0814e+01  14 8.30113e-01  
 32.3 2.1001e+01  14 8.38113e-01  
 32.4 2.1234e+01  14 8.46049e-01  
 32.5 2.1467e+01  14 8.54016e-01  
 32.6 2.1701e+01  14 8.62014e-01  
 32.7 2.1937e+01  14 8.70042e-01  
 32.8 2.2174e+01  14 8.78100e-01  
 32.9 2.2412e+01  14 8.86188e-01  
 33.0 2.2651e+01  14 8.94307e-01  
 33.1 2.2839e+01  14 9.02512e-01  
 33.2 2.3081e+01  14 9.10686e-01  
 33.3 2.3324e+01  14 9.18890e-01  
 33.4 2.3568e+01  14 9.27124e-01  
 33.5 2.3813e+01  14 9.35390e-01  
 33.6 2.4058e+01  14 9.43686e-01  
 33.7 2.4305e+01  14 9.52011e-01  
 33.8 2.4554e+01  14 9.60367e-01  
 33.9 2.4740e+01  14 9.68772e-01  
 34.0 2.4991e+01  14 9.77182e-01  
 34.1 2.5242e+01  14 9.85623e-01  
 34.2 2.5495e+01  14 9.94094e-01  
 34.3 2.5684e+01  14 1.00000e+00  
 34.4 2.5727e+01  14 1.00000e+00  
 34.5 2.5769e+01  14 1.00000e+00  
 34.6 2.5813e+01  14 1.00000e+00  
 34.7 2.5782e+01  14 1.00000e+00  
 34.8 2.5823e+01  14 1.00000e+00  
 34.9 2.5864e+01  14 1.00000e+00  
 35.0 2.5905e+01  14 1.00000e+00  
 35.1 2.5945e+01  14 1.00000e+00  
 35.2 2.5985e+01  14 1.00000e+00  
 35.3 2.5898e+01  14 1.00000e+00  
 35.4 2.5856e+01  14 1.00000e+00  
 35.5 2.5901e+01  14 1.00000e+00  
 35.6 2.5940e+01  14 1.00000e+00  
 35.7 2.5839e+01  14 1.00000e+00  
 35.8 2.5878e+01  14 1.00000e+00  
 35.9 2.5916e+01  14 1.00000e+00  
 36.0 2.5953e+01  14 1.00000e+00  
 36.1 2.5991e+01  14 1.00000e+00  
 36.2 2.5797e+01  14 1.00000e+00  
 36.3 2.5843e+01  14 1.00000e+00  
 36.4 2.5880e+01  14 1.00000e+00  
 36.5 2.5916e+01  14 1.00000e+00  
 36.6 2.5951e+01  14 1.00000e+00  
 36.7 2.5564e+01  14 1.00000e+00  
 36.8 2.2923e+01  14 1.00000e+00  
 36.9 2.1576e+01  14 1.00000e+00  
 37.0 1.8858e+01  14 1.00000e+00  
 37.1 1.7167e+01  14 1.00000e+00  
 37.2 1.5850e+01  14 1.00000e+00  
 37.3 1.3892e+01  14 1.00000e+00  
 37.4 1.3852e+01  14 1.00000e+00  
 37.5 1.3802e+01  14 1.00000e+00  
 37.6 1.3800e+01  14 1.00000e+00  
 37.7 1.3723e+01  14 1.00000e+00  
 37.8 1.3687e+01  14 1.00000e+00  
 37.9 1.3707e+01  14 1.00000e+00  
 38.0 1.3577e+01  14 1.00000e+00  
 38.1 1.3532e+01  14 1.00000e+00  
 38.2 1.3529e+01  14 1.00000e+00  
 38.3 1.3478e+01  14 1.00000e+00  
 38.4 1.3440e+01  14 1.00000e+00  
 38.5 1.3424e+01  14 1.00000e+00  
 38.6 1.3339e+01  14 1.00000e+00  
 38.7 1.3343e+01  14 1.00000e+00  
 38.8 1.3297e+01  14 1.00000e+00  
 38.9 1.3246e+01  14 1.00000e+00  
 39.0 1.3202e+01  14 1.00000e+00  
 39.1 1.3073e+01  14 9.93643e-01  
 39.2 1.2964e+01  14 9.88088e-01  
 39.3 1.2745e+01  14 9.76928e-01  
 39.4 1.2741e+01  14 9.76682e-01  
 39.5 1.2582e+01  14 9.68550e-01  
 39.6 1.2502e+01  14 9.64447e-01  
 39.7 1.2368e+01  14 9.57528e-01  
 39.8 1.2284e+01  14 9.53195e-01  
 39.9 1.2333e+01  14 9.55712e-01  
 40.0 1.2373e+01  14 9.57792e-01  
 40.1 1.2463e+01  14 9.62407e-01  
 40.2 1.2570e+01  14 9.67953e-01  
 40.3 1.2684e+01  14 9.73764e-01  
 40.4 1.3006e+01  14 9.90204e-01  
 40.5 1.3095e+01  14 9.94759e-01  
 40.6 1.3182e+01  14 9.99141e-01  
 40.7 1.3223e+01  14 1.00000e+00  
 40.8 1.3254e+01  14 1.00000e+00  
 40.9 1.3284e+01  14 1.00000e+00  
 41.0 1.3314e+01  14 1.00000e+00  
 41.1 1.3335e+01  14 1.00000e+00  
 41.2 1.3378e+01  14 1.00000e+00  
 41.3 1.3421e+01  14 1.00000e+00  
 41.4 1.3487e+01  14 1.00000e+00  
 41.5 1.3586e+01  14 1.00000e+00  
 41.6 1.3621e+01  14 1.00000e+00  
 41.7 1.3651e+01  14 1.00000e+00  
 41.8 1.3682e+01  14 1.00000e+00  
 41.9 1.3713e+01  14 1.00000e+00  
 42.0 1.3743e+01  14 1.00000e+00  
 42.1 1.3773e+01  14 1.00000e+00  
 42.2 1.3803e+01  14 1.00000e+00  
 42.3 1.3850e+01  14 1.00000e+00  
 42.4 1.3913e+01  14 1.00000e+00  
 42.5 1.3968e+01  14 1.00000e+00  
 42.6 1.4015e+01  14 1.00000e+00  
 42.7 1.4097e+01  14 1.00000e+00  
 42.8 1.4133e+01  14 1.00000e+00  
 42.9 1.4163e+01  14 1.00000e+00  
 43.0 1.4195e+01  14 1.00000e+00  
 43.1 1.4226e+01  14 1.00000e+00  
 43.2 1.4257e+01  14 1.00000e+00  
 43.3 1.4287e+01  14 1.00000e+00  
 43.4 1.4317e+01  14 1.00000e+00  
 43.5 1.4358e+01  14 1.00000e+00  
 43.6 1.4428e+01  14 1.00000e+00  
 43.7 1.4483e+01  14 1.00000e+00  
 43.8 1.4532e+01  14 1.00000e+00  
 43.9 1.4576e+01  14 1.00000e+00  
 44.0 1.4654e+01  14 1.00000e+00  
 44.1 1.4686e+01  14 1.00000e+00  
 44.2 1.4718e+01  14 1.00000e+00  
 44.3 1.4740e+01  14 1.00000e+00  
 44.4 1.4771e+01  14 1.00000e+00  
 44.5 1.4801e+01  14 1.00000e+00  
 44.6 1.4831e+01  14 1.00000e+00  
 44.7 1.4874e+01  14 1.00000e+00  
 44.8 1.4947e+01  14 1.00000e+00  
 44.9 1.5002e+01  14 1.00000e+00  
 45.0 1.5052e+01  14 1.00000e+00  
 45.1 1.5096e+01  14 1.00000e+00  
 45.2 1.5176e+01  14 1.00000e+00  
 45.3 1.5210e+01  14 1.00000e+00  
 45.4 1.5242e+01  14 1.00000e+00  
 45.5 1.5274e+01  14 1.00000e+00  
 45.6 1.5306e+01  14 1.00000e+00  
 45.7 1.5337e+01  14 1.00000e+00  
 45.8 1.5368e+01  14 1.00000e+00  
 45.9 1.5398e+01  14 1.00000e+00  
 46.0 1.5438e+01  14 1.00000e+00  
 46.1 1.5505e+01  14 1.00000e+00  
 46.2 1.5563e+01  14 1.00000e+00  
 46.3 1.5616e+01  14 1.00000e+00  
 46.4 1.5662e+01  14 1.00000e+00  
 46.5 1.5709e+01  14 1.00000e+00  
 46.6 1.5752e+01  14 1.00000e+00  
 46.7 1.5796e+01  14 1.00000e+00  
 46.8 1.5879e+01  14 1.00000e+00  
 46.9 1.5924e+01  14 1.00000e+00  
 47.0 1.5962e+01  14 1.00000e+00  
 47.1 1.5984e+01  14 1.00000e+00  
 47.2 1.6038e+01  14 1.00000e+00  
 47.3 1.6069e+01  14 1.00000e+00  
 47.4 1.6123e+01  14 1.00000e+00  
 47.5 1.6153e+01  14 1.00000e+00  
 47.6 1.6208e+01  14 1.00000e+00  
 47.7 1.6237e+01  14 1.00000e+00  
 47.8 1.6295e+01  14 1.00000e+00  
 47.9 1.6355e+01  14 1.00000e+00  
 48.0 1.6379e+01  14 1.00000e+00  
 48.1 1.6440e+01  14 1.00000e+00  
 48.2 1.6464e+01  14 1.00000e+00  
 48.3 1.6525e+01  14 1.00000e+00  
 48.4 1.6548e+01  14 1.00000e+00  
 48.5 1.6609e+01  14 1.00000e+00  
 48.6 1.6672e+01  14 1.00000e+00  
 48.7 1.6691e+01  14 1.00000e+00  
 48.8 1.6756e+01  14 1.00000e+00  
 48.9 1.6772e+01  14 1.00000e+00  
 49.0 1.6836e+01  14 1.00000e+00  
 49.1 1.6897e+01  14 1.00000e+00  
 49.2 1.6914e+01  14 1.00000e+00  
 49.3 1.6979e+01  14 1.00000e+00  
 49.4 1.6990e+01  14 1.00000e+00  
 49.5 1.7053e+01  14 1.00000e+00  
 49.6 1.7116e+01  14 1.00000e+00  
 49.7 1.7123e+01  14 1.00000e+00  
 49.8 1.7191e+01  14 1.00000e+00  
 49.9 1.7253e+01  14 1.00000e+00  
 50.0 1.7255e+01  14 1.00000e+00  
 50.1 1.7317e+01  14 1.00000e+00  
 50.2 1.7383e+01  14 1.00000e+00  
 50.3 1.7389e+01  14 1.00000e+00  
 50.4 1.7449e+01  14 1.00000e+00  
 50.5 1.7515e+01  14 1.00000e+00  
 50.6 1.7523e+01  14 1.00000e+00  
 50.7 1.7566e+01  14 1.00000e+00  
 50.8 1.7645e+01  14 1.00000e+00  
 50.9 1.7656e+01  14 1.00000e+00  
 51.0 1.7697e+01  14 1.00000e+00  
 51.1 1.7768e+01  14 1.00000e+00  
 51.2 1.7832e+01  14 1.00000e+00  
 51.3 1.7835e+01  14 1.00000e+00  
 51.4 1.7866e+01  14 1.00000e+00  
 51.5 1.7953e+01  14 1.00000e+00  
 51.6 1.7968e+01  14 1.00000e+00  
 51.7 1.8012e+01  14 1.00000e+00  
 51.8 1.8037e+01  14 1.00000e+00  
 51.9 1.8134e+01  14 1.00000e+00  
 52.0 1.8147e+01  14 1.00000e+00  
 52.1 1.8190e+01  14 1.00000e+00  
 52.2 1.8216e+01  14 1.00000e+00  
 52.3 1.8309e+01  14 1.00000e+00  
 52.4 1.8325e+01  14 1.00000e+00  
 52.5 1.8372e+01  14 1.00000e+00  
 52.6 1.8403e+01  14 1.00000e+00  
 52.7 1.8405e+01  14 1.00000e+00  
 52.8 1.8546e+01  14 1.00000e+00  
 52.9 1.8553e+01  14 1.00000e+00  
 53.0 1.8593e+01  14 1.00000e+00  
 53.1 1.8619e+01  14 1.00000e+00  
 53.2 1.8621e+01  14 1.00000e+00  
 53.3 1.8769e+01  14 1.00000e+00  
 53.4 1.8776e+01  14 1.00000e+00  
 53.5 1.8820e+01  14 1.00000e+00  
 53.6 1.8850e+01  14 1.00000e+00  
 53.7 1.8853e+01  14 1.00000e+00  
 53.8 1.8988e+01  14 1.00000e+00  
 53.9 1.9000e+01  14 1.00000e+00  
 54.0 1.9048e+01  14 1.00000e+00  
 54.1 1.9084e+01  14 1.00000e+00  
 54.2 1.9088e+01  14 1.00000e+00  
 54.3 1.9174e+01  14 1.00000e+00  
 54.4 1.9264e+01  14 1.00000e+00  
 54.5 1.9273e+01  14 1.00000e+00  
 54.6 1.9319e+01  14 1.00000e+00  
 54.7 1.9354e+01  14 1.00000e+00  
 54.8 1.9359e+01  14 1.00000e+00  
 54.9 1.9439e+01  14 1.00000e+00  
 55.0 1.9529e+01  14 1.00000e+00  
 55.1 1.9590e+01  14 1.00000e+00  
 55.2 1.9592e+01  14 1.00000e+00  
 55.3 1.9631e+01  14 1.00000e+00  
 55.4 1.9663e+01  14 1.00000e+00  
 55.5 1.9671e+01  14 1.00000e+00  
 55.6 1.9782e+01  14 1.00000e+00  
 55.7 1.9846e+01  14 1.00000e+00  
 55.8 1.9910e+01  14 1.00000e+00  
 55.9 1.9910e+01  14 1.00000e+00  
 56.0 1.9954e+01  14 1.00000e+00  
 56.1 1.9988e+01  14 1.00000e+00  
 56.2 1.9997e+01  14 1.00000e+00  
 56.3 2.0084e+01  14 1.00000e+00  
 56.4 2.0148e+01  14 1.00000e+00  
 56.5 2.0211e+01  14 1.00000e+00  
 56.6 2.0268e+01  14 1.00000e+00  
 56.7 2.0272e+01  14 1.00000e+00  
 56.8 2.0319e+01  14 1.00000e+00  
 56.9 2.0361e+01  14 1.00000e+00  
 57.0 2.0394e+01  14 1.00000e+00  
 57.1 2.0426e+01  14 1.00000e+00  
 57.2 2.0488e+01  14 1.00000e+00  
 57.3 2.0551e+01  14 1.00000e+00  
 57.4 2.0612e+01  14 1.00000e+00  
 57.5 2.0677e+01  14 1.00000e+00  
 57.6 2.0681e+01  14 1.00000e+00  
 57.7 2.0732e+01  14 1.00000e+00  
 57.8 2.0777e+01  14 1.00000e+00  
 57.9 2.0824e+01  14 1.00000e+00  
 58.0 2.0813e+01  14 1.00000e+00  
 58.1 2.0876e+01  14 1.00000e+00  
 58.2 2.0937e+01  14 1.00000e+00  
 58.3 2.0999e+01  14 1.00000e+00  
 58.4 2.1061e+01  14 1.00000e+00  
 58.5 2.1122e+01  14 1.00000e+00  
 58.6 2.1184e+01  14 1.00000e+00  
 58.7 2.1243e+01  14 1.00000e+00  
 58.8 2.1237e+01  14 1.00000e+00  
 58.9 2.1287e+01  14 1.00000e+00  
 59.0 2.1251e+01  14 1.00000e+00  
 59.1 2.1293e+01  14 1.00000e+00  
 59.2 2.1354e+01  14 1.00000e+00  
 59.3 2.1416e+01  14 1.00000e+00  
 59.4 2.1477e+01  14 1.00000e+00  
 59.5 2.1538e+01  14 1.00000e+00  
 59.6 2.1598e+01  14 1.00000e+00  
 59.7 2.1659e+01  14 1.00000e+00  
 59.8 2.1718e+01  14 1.00000e+00  
 59.9 2.1776e+01  14 1.00000e+00  
 60.0 2.1767e+01  14 1.00000e+00  
 60.1 2.1829e+01  14 1.00000e+00  
 60.2 2.1868e+01  14 1.00000e+00  
 60.3 2.1903e+01  14 1.00000e+00  
 60.4 2.1923e+01  14 1.00000e+00  
 60.5 2.1956e+01  14 1.00000e+00  
 60.6 2.1984e+01  14 1.00000e+00  
 60.7 2.2025e+01  14 1.00000e+00  
 60.8 2.2080e+01  14 1.00000e+00  
 60.9 2.2140e+01  14 1.00000e+00  
 61.0 2.2203e+01  14 1.00000e+00  
 61.1 2.2262e+01  14 1.00000e+00  
 61.2 2.2277e+01  14 1.00000e+00  
 61.3 2.2392e+01  14 1.00000e+00  
 61.4 2.2485e+01  14 1.00000e+00  
 61.5 2.2538e+01  14 1.00000e+00  
 61.6 2.2529e+01  14 1.00000e+00  
 61.7 2.2578e+01  14 1.00000e+00  
 61.8 2.2626e+01  14 1.00000e+00  
 61.9 2.2672e+01  14 1.00000e+00  
 62.0 2.2716e+01  14 1.00000e+00  
 62.1 2.2761e+01  14 1.00000e+00  
 62.2 2.2803e+01  14 1.00000e+00  
 62.3 2.2842e+01  14 1.00000e+00  
 62.4 2.2879e+01  14 1.00000e+00  
 62.5 2.2901e+01  14 1.00000e+00  
 62.6 2.2979e+01  14 1.00000e+00  
 62.7 2.3018e+01  14 1.00000e+00  
 62.8 2.3026e+01  14 1.00000e+00  
 62.9 2.3081e+01  14 1.00000e+00  
 63.0 2.3138e+01  14 1.00000e+00  
 63.1 2.3192e+01  14 1.00000e+00  
 63.2 2.3247e+01  14 1.00000e+00  
 63.3 2.3302e+01  14 1.00000e+00  
 63.4 2.3357e+01  14 1.00000e+00  
 63.5 2.3410e+01  14 1.00000e+00  
 63.6 2.3465e+01  14 1.00000e+00  
 63.7 2.3518e+01  14 1.00000e+00  
 63.8 2.3572e+01  14 1.00000e+00  
 63.9 2.3625e+01  14 1.00000e+00  
 64.0 2.3673e+01  14 1.00000e+00  
 64.1 2.3725e+01  14 1.00000e+00  
 64.2 2.3775e+01  14 1.00000e+00  
 64.3 2.3828e+01  14 1.00000e+00  
 64.4 2.3881e+01  14 1.00000e+00  
 64.5 2.3913e+01  14 1.00000e+00  
 64.6 2.3885e+01  14 1.00000e+00  
 64.7 2.3982e+01  14 1.00000e+00  
 64.8 2.4029e+01  14 1.00000e+00  
 64.9 2.4076e+01  14 1.00000e+00  
 65.0 2.4122e+01  14 1.00000e+00  
 65.1 2.4168e+01  14 1.00000e+00  
 65.2 2.4214e+01  14 1.00000e+00  
 65.3 2.4260e+01  14 1.00000e+00  
 65.4 2.4303e+01  14 1.00000e+00  
 65.5 2.4354e+01  14 1.00000e+00  
 65.6 2.4399e+01  14 1.00000e+00  
 65.7 2.4444e+01  14 1.00000e+00  
 65.8 2.4488e+01  14 1.00000e+00  
 65.9 2.4537e+01  14 1.00000e+00  
 66.0 2.4591e+01  14 1.00000e+00  
 66.1 2.4637e+01  14 1.00000e+00  
 66.2 2.4685e+01  14 1.00000e+00  
 66.3 2.4794e+01  14 1.00000e+00  
 66.4 2.4825e+01  14 1.00000e+00  
 66.5 2.4843e+01  14 1.00000e+00  
 66.6 2.4841e+01  14 1.00000e+00  
 66.7 2.4817e+01  14 1.00000e+00  
 66.8 2.4866e+01  14 1.00000e+00  
 66.9 2.4911e+01  14 1.00000e+00  
 67.0 2.4958e+01  14 1.00000e+00  
 67.1 2.5005e+01  14 1.00000e+00  
 67.2 2.5052e+01  14 1.00000e+00  
 67.3 2.5099e+01  14 1.00000e+00  
 67.4 2.5147e+01  14 1.00000e+00  
 67.5 2.5194e+01  14 1.00000e+00  
 67.6 2.5241e+01  14 1.00000e+00  
 67.7 2.5288e+01  14 1.00000e+00  
 67.8 2.5335e+01  14 1.00000e+00  
 67.9 2.5382e+01  14 1.00000e+00  
 68.0 2.5431e+01  14 1.00000e+00  
 68.1 2.5478e+01  14 1.00000e+00  
 68.2 2.5525e+01  14 1.00000e+00  
 68.3 2.5573e+01  14 1.00000e+00  
 68.4 2.5620e+01  14 1.00000e+00  
 68.5 2.5667e+01  14 1.00000e+00  
 68.6 2.5715e+01  14 1.00000e+00  
 68.7 2.5762e+01  14 1.00000e+00  
 68.8 2.5809e+01  14 1.00000e+00  
 68.9 2.5857e+01  14 1.00000e+00  
 69.0 2.5904e+01  14 1.00000e+00  
 69.1 2.5965e+01  14 1.00000e+00  
 69.2 2.6092e+01  14 1.00000e+00  
 69.3 2.6221e+01  14 1.00000e+00  
 69.4 2.6094e+01  14 1.00000e+00  
 69.5 2.6141e+01  14 1.00000e+00  
 69.6 2.6189e+01  14 1.00000e+00  
 69.7 2.6236e+01  14 1.00000e+00  
 69.8 2.6284e+01  14 1.00000e+00  
 69.9 2.6332e+01  14 1.00000e+00  
 70.0 2.6382e+01  14 1.00000e+00  
 70.1 2.6432e+01  14 1.00000e+00  
 70.2 2.6482e+01  14 1.00000e+00  
 70.3 2.6535e+01  14 1.00000e+00  
 70.4 2.6617e+01  14 1.00000e+00  
 70.5 2.6786e+01  14 1.00000e+00  
 70.6 2.6665e+01  14 1.00000e+00  
 70.7 2.6717e+01  14 1.00000e+00  
 70.8 2.6769e+01  14 1.00000e+00  
 70.9 2.6825e+01  14 1.00000e+00  
 71.0 2.6881e+01  14 1.00000e+00  
 71.1 2.6937e+01  14 1.00000e+00  
 71.2 2.6992e+01  14 1.00000e+00  
 71.3 2.7047e+01  14 1.00000e+00  
 71.4 2.7102e+01  14 1.00000e+00  
 71.5 2.7178e+01  14 1.00000e+00  
 71.6 2.7254e+01  14 1.00000e+00  
 71.7 2.7198e+01  14 1.00000e+00  
 71.8 2.7237e+01  14 1.00000e+00  
 71.9 2.7290e+01  14 1.00000e+00  
 72.0 2.7381e+01  14 1.00000e+00  
 72.1 2.7474e+01  14 1.00000e+00  
 72.2 2.7529e+01  14 1.00000e+00  
 72.3 2.7571e+01  14 1.00000e+00  
 72.4 2.7630e+01  14 1.00000e+00  
 72.5 2.7682e+01  14 1.00000e+00  
 72.6 2.7735e+01  14 1.00000e+00  
 72.7 2.7785e+01  14 1.00000e+00  
 72.8 2.7834e+01  14 1.00000e+00  
 72.9 2.7882e+01  14 1.00000e+00  
 73.0 2.7931e+01  14 1.00000e+00  
 73.1 2.7978e+01  14 1.00000e+00  
 73.2 2.8022e+01  14 1.00000e+00  
 73.3 2.8064e+01  14 1.00000e+00  
 73.4 2.8101e+01  14 1.00000e+00  
 73.5 2.8257e+01  14 1.00000e+00  
 73.6 2.8294e+01  14 1.00000e+00  
 73.7 2.8273e+01  14 1.00000e+00  
 73.8 2.8396e+01  14 1.00000e+00  
 73.9 2.8439e+01  14 1.00000e+00  
 74.0 2.8478e+01  14 1.00000e+00  
 74.1 2.8519e+01  14 1.00000e+00  
 74.2 2.8561e+01  14 1.00000e+00  
 74.3 2.8600e+01  14 1.00000e+00  
 74.4 2.8610e+01  14 1.00000e+00  
 74.5 2.8698e+01  14 1.00000e+00  
 74.6 2.8736e+01  14 1.00000e+00  
 74.7 2.8701e+01  14 1.00000e+00  
 74.8 2.8817e+01  14 1.00000e+00  
 74.9 2.8864e+01  14 1.00000e+00  
 75.0 2.8899e+01  14 1.00000e+00  
 75.1 2.8945e+01  14 1.00000e+00  
 75.2 2.8991e+01  14 1.00000e+00  
 75.3 2.9019e+01  14 1.00000e+00  
 75.4 2.9079e+01  14 1.00000e+00  
 75.5 2.9111e+01  14 1.00000e+00  
 75.6 2.9158e+01  14 1.00000e+00  
 75.7 2.9202e+01  14 1.00000e+00  
 75.8 2.9231e+01  14 1.00000e+00  
 75.9 2.9283e+01  14 1.00000e+00  
 76.0 2.9327e+01  14 1.00000e+00  
 76.1 2.9361e+01  14 1.00000e+00  
 76.2 2.9392e+01  14 1.00000e+00  
 76.3 2.9447e+01  14 1.00000e+00  
 76.4 2.9490e+01  14 1.00000e+00  
 76.5 2.9527e+01  14 1.00000e+00  
 76.6 2.9564e+01  14 1.00000e+00  
 76.7 2.9600e+01  14 1.00000e+00  
 76.8 2.9627e+01  14 1.00000e+00  
 76.9 2.9662e+01  14 1.00000e+00  
 77.0 2.9699e+01  14 1.00000e+00  
 77.1 2.9741e+01  14 1.00000e+00  
 77.2 2.9787e+01  14 1.00000e+00  
 77.3 2.9908e+01  14 1.00000e+00  
 77.4 2.9881e+01  14 1.00000e+00  
 77.5 2.9928e+01  14 1.00000e+00  
 77.6 2.9975e+01  14 1.00000e+00  
 77.7 3.0022e+01  14 1.00000e+00  
 77.8 3.0069e+01  14 1.00000e+00  
 77.9 3.0117e+01  14 1.00000e+00  
 78.0 3.0173e+01  14 1.00000e+00  
 78.1 3.0239e+01  14 1.00000e+00  
 78.2 3.0305e+01  14 1.00000e+00  
 78.3 3.0367e+01  14 1.00000e+00  
 78.4 3.0428e+01  14 1.00000e+00  
 78.5 3.0524e+01  14 1.00000e+00  
 78.6 3.0584e+01  14 1.00000e+00  
 78.7 3.0630e+01  14 1.00000e+00  
 78.8 3.0624e+01  14 1.00000e+00  
 78.9 3.0701e+01  14 1.00000e+00  
 79.0 3.0770e+01  14 1.00000e+00  
 79.1 3.0821e+01  14 1.00000e+00  
 79.2 3.0864e+01  14 1.00000e+00  
 79.3 3.0995e+01  14 1.00000e+00  
 79.4 3.1050e+01  14 1.00000e+00  
 79.5 3.0995e+01  14 1.00000e+00  
 79.6 3.1051e+01  14 1.00000e+00  
 79.7 3.1092e+01  14 1.00000e+00  
 79.8 3.1155e+01  14 1.00000e+00  
 79.9 3.1204e+01  14 1.00000e+00  
 80.0 3.1251e+01  14 1.00000e+00  
 80.1 3.1237e+01  14 1.00000e+00  
 80.2 3.1234e+01  14 1.00000e+00  
 80.3 3.1358e+01  14 1.00000e+00  
 80.4 3.1432e+01  14 1.00000e+00  
 80.5 3.1471e+01  14 1.00000e+00  
 80.6 3.1400e+01  14 1.00000e+00  
 80.7 3.1633e+01  14 1.00000e+00  
 80.8 3.1674e+01  14 1.00000e+00  
 80.9 3.1718e+01  14 1.00000e+00  
 81.0 3.1762e+01  14 1.00000e+00  
 81.1 3.1802e+01  14 1.00000e+00  
 81.2 3.1839e+01  14 1.00000e+00  
 81.3 3.1869e+01  14 1.00000e+00  
 81.4 3.1922e+01  14 1.00000e+00  
 81.5 3.1959e+01  14 1.00000e+00  
 81.6 3.1981e+01  14 1.00000e+00  
 81.7 3.2038e+01  14 1.00000e+00  
 81.8 3.2065e+01  14 1.00000e+00  
 81.9 3.2109e+01  14 1.00000e+00  
 82.0 3.2129e+01  14 1.00000e+00  
 82.1 3.2188e+01  14 1.00000e+00  
 82.2 3.2217e+01  14 1.00000e+00  
 82.3 3.2249e+01  14 1.00000e+00  
 82.4 3.2279e+01  14 1.00000e+00  
 82.5 3.2312e+01  14 1.00000e+00  
 82.6 3.2355e+01  14 1.00000e+00  
 82.7 3.2400e+01  14 1.00000e+00  
 82.8 3.2449e+01  14 1.00000e+00  
 82.9 3.2497e+01  14 1.00000e+00  
 83.0 3.2551e+01  14 1.00000e+00  
 83.1 3.2623e+01  14 1.00000e+00  
 83.2 3.2699e+01  14 1.00000e+00  
 83.3 3.2770e+01  14 1.00000e+00  
 83.4 3.2905e+01  14 1.00000e+00  
 83.5 3.2953e+01  14 1.00000e+00  
 83.6 3.2944e+01  14 1.00000e+00  
 83.7 3.3008e+01  14 1.00000e+00  
 83.8 3.3057e+01  14 1.00000e+00  
 83.9 3.3136e+01  14 1.00000e+00  
 84.0 3.3188e+01  14 1.00000e+00  
 84.1 3.3237e+01  14 1.00000e+00  
 84.2 3.3290e+01  14 1.00000e+00  
 84.3 3.3340e+01  14 1.00000e+00  
 84.4 3.3390e+01  14 1.00000e+00  
 84.5 3.3426e+01  14 1.00000e+00  
 84.6 3.3486e+01  14 1.00000e+00  
 84.7 3.3521e+01  14 1.00000e+00  
 84.8 3.3590e+01  14 1.00000e+00  
 84.9 3.3625e+01  14 1.00000e+00  
 85.0 3.3672e+01  14 1.00000e+00  
 85.1 3.3724e+01  14 1.00000e+00  
 85.2 3.3871e+01  14 1.00000e+00  
 85.3 3.3824e+01  14 1.00000e+00  
 85.4 3.3942e+01  14 1.00000e+00  
 85.5 3.3985e+01  14 1.00000e+00  
 85.6 3.4009e+01  14 1.00000e+00  
 85.7 3.4018e+01  14 1.00000e+00  
 85.8 3.4114e+01  14 1.00000e+00  
 85.9 3.4155e+01  14 1.00000e+00  
 86.0 3.4192e+01  14 1.00000e+00  
 86.1 3.4230e+01  14 1.00000e+00  
 86.2 3.4257e+01  14 1.00000e+00  
 86.3 3.4236e+01  14 1.00000e+00  
 86.4 3.4351e+01  14 1.00000e+00  
 86.5 3.4377e+01  14 1.00000e+00  
 86.6 3.4432e+01  14 1.00000e+00  
 86.7 3.4440e+01  14 1.00000e+00  
 86.8 3.4588e+01  14 1.00000e+00  
 86.9 3.4544e+01  14 1.00000e+00  
 87.0 3.4561e+01  14 1.00000e+00  
 87.1 3.4605e+01  14 1.00000e+00  
 87.2 3.4635e+01  14 1.00000e+00  
 87.3 3.4663e+01  14 1.00000e+00  
 87.4 3.4703e+01  14 1.00000e+00  
 87.5 3.4744e+01  14 1.00000e+00  
 87.6 3.4793e+01  14 1.00000e+00  
 87.7 3.4887e+01  14 1.00000e+00  
 87.8 3.4944e+01  14 1.00000e+00  
 87.9 3.5024e+01  14 1.00000e+00  
 88.0 3.5241e+01  14 1.00000e+00  
 88.1 3.5133e+01  14 1.00000e+00  
 88.2 3.5229e+01  14 1.00000e+00  
 88.3 3.5270e+01  14 1.00000e+00  
 88.4 3.5369e+01  14 1.00000e+00  
 88.5 3.5397e+01  14 1.00000e+00  
 88.6 3.5446e+01  14 1.00000e+00  
 88.7 3.5529e+01  14 1.00000e+00  
 88.8 3.5525e+01  14 1.00000e+00  
 88.9 3.5638e+01  14 1.00000e+00  
 89.0 3.5685e+01  14 1.00000e+00  
 89.1 3.5709e+01  14 1.00000e+00  
 89.2 3.5771e+01  14 1.00000e+00  
 89.3 3.5821e+01  14 1.00000e+00  
 89.4 3.5860e+01  14 1.00000e+00  
 89.5 3.5936e+01  14 1.00000e+00  
 89.6 3.5990e+01  14 1.00000e+00  
 89.7 3.6026e+01  14 1.00000e+00  
 89.8 3.6075e+01  14 1.00000e+00  
 89.9 3.6122e+01  14 1.00000e+00  
 90.0 3.6244e+01  14 1.00000e+00  
 90.1 3.6302e+01  14 1.00000e+00  
 90.2 3.6331e+01  14 1.00000e+00  
 90.3 3.6373e+01  14 1.00000e+00  
 90.4 3.6402e+01  14 1.00000e+00  
 90.5 3.6428e+01  14 1.00000e+00  
 90.6 3.6431e+01  14 1.00000e+00  
 90.7 3.6402e+01  14 1.00000e+00  
 90.8 3.6500e+01  14 1.00000e+00  
 90.9 3.6641e+01  14 1.00000e+00  
 91.0 3.6686e+01  14 1.00000e+00  
 91.1 3.6720e+01  14 1.00000e+00  
 91.2 3.6754e+01  14 1.00000e+00  
 91.3 3.6808e+01  14 1.00000e+00  
 91.4 3.6825e+01  14 1.00000e+00  
 91.5 3.6888e+01  14 1.00000e+00  
 91.6 3.6917e+01  14 1.00000e+00  
 91.7 3.6951e+01  14 1.00000e+00  
 91.8 3.7007e+01  14 1.00000e+00  
 91.9 3.7040e+01  14 1.00000e+00  
 92.0 3.7071e+01  14 1.00000e+00  
 92.1 3.7091e+01  14 1.00000e+00  
 92.2 3.7120e+01  14 1.00000e+00  
 92.3 3.7155e+01  14 1.00000e+00  
 92.4 3.7202e+01  14 1.00000e+00  
 92.5 3.7281e+01  14 1.00000e+00  
 92.6 3.7371e+01  14 1.00000e+00  
 92.7 3.7455e+01  14 1.00000e+00  
 92.8 3.7518e+01  14 1.00000e+00  
 92.9 3.7584e+01  14 1.00000e+00  
 93.0 3.7653e+01  14 1.00000e+00  
 93.1 3.7706e+01  14 1.00000e+00  
 93.2 3.7776e+01  14 1.00000e+00  
 93.3 3.7815e+01  14 1.00000e+00  
 93.4 3.7894e+01  14 1.00000e+00  
 93.5 3.7946e+01  14 1.00000e+00  
 93.6 3.7976e+01  14 1.00000e+00  
 93.7 3.8047e+01  14 1.00000e+00  
 93.8 3.8132e+01  14 1.00000e+00  
 93.9 3.8192e+01  14 1.00000e+00  
 94.0 3.8243e+01  14 1.00000e+00  
 94.1 3.8292e+01  14 1.00000e+00  
 94.2 3.8343e+01  14 1.00000e+00  
 94.3 3.8396e+01  14 1.00000e+00  
 94.4 3.8450e+01  14 1.00000e+00  
 94.5 3.8500e+01  14 1.00000e+00  
 94.6 3.8540e+01  14 1.00000e+00  
 94.7 3.8562e+01  14 1.00000e+00  
 94.8 3.8645e+01  14 1.00000e+00  
 94.9 3.8676e+01  14 1.00000e+00  
 95.0 3.8737e+01  14 1.00000e+00  
 95.1 3.8772e+01  14 1.00000e+00  
 95.2 3.8919e+01  14 1.00000e+00  
 95.3 3.8960e+01  14 1.00000e+00  
 95.4 3.9000e+01  14 1.00000e+00  
 95.5 3.9020e+01  14 1.00000e+00  
 95.6 3.9079e+01  14 1.00000e+00  
 95.7 3.9132e+01  14 1.00000e+00  
 95.8 3.9176e+01  14 1.00000e+00  
 95.9 3.9215e+01  14 1.00000e+00  
 96.0 3.9237e+01  14 1.00000e+00  
 96.1 3.9302e+01  14 1.00000e+00  
 96.2 3.9345e+01  14 1.00000e+00  
 96.3 3.9367e+01  14 1.00000e+00  
 96.4 3.9430e+01  14 1.00000e+00  
 96.5 3.9446e+01  14 1.00000e+00  
 96.6 3.9512e+01  14 1.00000e+00  
 96.7 3.9546e+01  14 1.00000e+00  
 96.8 3.9557e+01  14 1.00000e+00  
 96.9 3.9633e+01  14 1.00000e+00  
 97.0 3.9673e+01  14 1.00000e+00  
 97.1 3.9705e+01  14 1.00000e+00  
 97.2 3.9735e+01  14 1.00000e+00  
 97.3 3.9764e+01  14 1.00000e+00  
 97.4 3.9793e+01  14 1.00000e+00  
 97.5 3.9851e+01  14 1.00000e+00  
 97.6 3.9949e+01  14 1.00000e+00  
 97.7 4.0038e+01  14 1.00000e+00  
 97.8 4.0077e+01  14 1.00000e+00  
 97.9 4.0184e+01  14 1.00000e+00  
 98.0 4.0227e+01  14 1.00000e+00  
 98.1 4.0316e+01  14 1.00000e+00  
 98.2 4.0341e+01  14 1.00000e+00  
 98.3 4.0440e+01  14 1.00000e+00  
 98.4 4.0477e+01  14 1.00000e+00  
 98.5 4.0556e+01  14 1.00000e+00  
 98.6 4.0617e+01  14 1.00000e+00  
 98.7 4.0648e+01  14 1.00000e+00  
 98.8 4.0712e+01  14 1.00000e+00  
 98.9 4.0779e+01  14 1.00000e+00  
 99.0 4.0850e+01  14 1.00000e+00  
 99.1 4.0915e+01  14 1.00000e+00  
 99.2 4.0971e+01  14 1.00000e+00  
 99.3 4.1025e+01  14 1.00000e+00  
 99.4 4.1078e+01  14 1.00000e+00  
 99.5 4.1130e+01  14 1.00000e+00  
 99.6 4.1180e+01  14 1.00000e+00  
 99.7 4.1223e+01  14 1.00000e+00  
 99.8 4.1244e+01  14 1.00000e+00  
 99.9 4.1332e+01  14 1.00000e+00  
100.0 4.1379e+01  14 1.00000e+00  
100.1 4.1391e+01  14 1.00000e+00  
100.2 4.1478e+01  14 1.00000e+00  
100.3 4.1503e+01  14 1.00000e+00  
100.4 4.1571e+01  14 1.00000e+00  
100.5 4.1696e+01  14 1.00000e+00  
100.6 4.1768e+01  14 1.00000e+00  
100.7 4.1813e+01  14 1.00000e+00  
100.8 4.1858e+01  14 1.00000e+00  
100.9 4.1867e+01  14 1.00000e+00  
101.0 4.1948e+01  14 1.00000e+00  
101.1 4.1993e+01  14 1.00000e+00  
101.2 4.1997e+01  14 1.00000e+00  
101.3 4.2051e+01  14 1.00000e+00  
101.4 4.2128e+01  14 1.00000e+00  
101.5 4.2121e+01  14 1.00000e+00  
101.6 4.2218e+01  14 1.00000e+00  
101.7 4.2263e+01  14 1.00000e+00  
101.8 4.2274e+01  14 1.00000e+00  
101.9 4.2353e+01  14 1.00000e+00  
102.0 4.2398e+01  14 1.00000e+00  
102.1 4.2392e+01  14 1.00000e+00  
102.2 4.2435e+01  14 1.00000e+00  
102.3 4.2487e+01  14 1.00000e+00  
102.4 4.2527e+01  14 1.00000e+00  
102.5 4.2562e+01  14 1.00000e+00  
102.6 4.2594e+01  14 1.00000e+00  
102.7 4.2623e+01  14 1.00000e+00  
102.8 4.2692e+01  14 1.00000e+00  
102.9 4.2802e+01  14 1.00000e+00  
103.0 4.2847e+01  14 1.00000e+00  
103.1 4.2892e+01  14 1.00000e+00  
103.2 4.2937e+01  14 1.00000e+00  
103.3 4.2990e+01  14 1.00000e+00  
103.4 4.3045e+01  14 1.00000e+00  
103.5 4.3098e+01  14 1.00000e+00  
103.6 4.3149e+01  14 1.00000e+00  
103.7 4.3198e+01  14 1.00000e+00  
103.8 4.3247e+01  14 1.00000e+00  
103.9 4.3295e+01  14 1.00000e+00  
104.0 4.3342e+01  14 1.00000e+00  
104.1 4.3389e+01  14 1.00000e+00  
104.2 4.3436e+01  14 1.00000e+00  
104.3 4.3482e+01  14 1.00000e+00  
104.4 4.3529e+01  14 1.00000e+00  
104.5 4.3576e+01  14 1.00000e+00  
104.6 4.3618e+01  14 1.00000e+00  
104.7 4.3670e+01  14 1.00000e+00  
104.8 4.3712e+01  14 1.00000e+00  
104.9 4.3755e+01  14 1.00000e+00  
105.0 4.3807e+01  14 1.00000e+00  
105.1 4.3850e+01  14 1.00000e+00  
105.2 4.3893e+01  14 1.00000e+00  
105.3 4.3936e+01  14 1.00000e+00  
105.4 4.3989e+01  14 1.00000e+00  
105.5 4.4032e+01  14 1.00000e+00  
105.6 4.4076e+01  14 1.00000e+00  
105.7 4.4119e+01  14 1.00000e+00  
105.8 4.4173e+01  14 1.00000e+00  
105.9 4.4217e+01  14 1.00000e+00  
106.0 4.4262e+01  14 1.00000e+00  
106.1 4.4306e+01  14 1.00000e+00  
106.2 4.4351e+01  14 1.00000e+00  
106.3 4.4407e+01  14 1.00000e+00  
106.4 4.4453e+01  14 1.00000e+00  
106.5 4.4499e+01  14 1.00000e+00  
106.6 4.4546e+01  14 1.00000e+00  
106.7 4.4593e+01  14 1.00000e+00  
106.8 4.4641e+01  14 1.00000e+00  
106.9 4.4689e+01  14 1.00000e+00  
107.0 4.4739e+01  14 1.00000e+00  
107.1 4.4790e+01  14 1.00000e+00  
107.2 4.4843e+01  14 1.00000e+00  
107.3 4.4898e+01  14 1.00000e+00  
107.4 4.4955e+01  14 1.00000e+00  
107.5 4.5016e+01  14 1.00000e+00  
107.6 4.5056e+01  14 1.00000e+00  
107.7 4.5136e+01  14 1.00000e+00  
107.8 4.5234e+01  14 1.00000e+00  
107.9 4.5320e+01  14 1.00000e+00  
108.0 4.5407e+01  14 1.00000e+00  
108.1 4.5493e+01  14 1.00000e+00  
108.2 4.5580e+01  14 1.00000e+00  
108.3 4.5667e+01  14 1.00000e+00  
108.4 4.5753e+01  14 1.00000e+00  
108.5 4.5840e+01  14 1.00000e+00  
108.6 4.5926e+01  14 1.00000e+00  
108.7 4.6013e+01  14 1.00000e+00  
108.8 4.6100e+01  14 1.00000e+00  
108.9 4.6186e+01  14 1.00000e+00  
109.0 4.6273e+01  14 1.00000e+00  
109.1 4.6359e+01  14 1.00000e+00  
109.2 4.6446e+01  14 1.00000e+00  
109.3 4.6533e+01  14 1.00000e+00  
109.4 4.6619e+01  14 1.00000e+00  
109.5 4.6706e+01  14 1.00000e+00  
109.6 4.6792e+01  14 1.00000e+00  
109.7 4.6879e+01  14 1.00000e+00  
109.8 4.6965e+01  14 1.00000e+00  
109.9 4.7052e+01  14 1.00000e+00  
110.0 4.7138e+01  14 1.00000e+00  
110.1 4.7225e+01  14 1.00000e+00  
110.2 4.7312e+01  14 1.00000e+00  
110.3 4.7398e+01  14 1.00000e+00  
110.4 4.7480e+01  14 1.00000e+00  
110.5 4.7566e+01  14 1.00000e+00  
110.6 4.7653e+01  14 1.00000e+00  
110.7 4.7739e+01  14 1.00000e+00  
110.8 4.7826e+01  14 1.00000e+00  
110.9 4.7912e+01  14 1.00000e+00  
111.0 4.7998e+01  14 1.00000e+00  
111.1 4.8085e+01  14 1.00000e+00  
111.2 4.8171e+01  14 1.00000e+00  
111.3 4.8258e+01  14 1.00000e+00  
111.4 4.8344e+01  14 1.00000e+00  
111.5 4.8431e+01  14 1.00000e+00  
111.6 4.8517e+01  14 1.00000e+00  
111.7 4.8604e+01  14 1.00000e+00  
111.8 4.8690e+01  14 1.00000e+00  
111.9 4.8776e+01  14 1.00000e+00  
112.0 4.8863e+01  14 1.00000e+00  
112.1 4.8949e+01  14 1.00000e+00  
112.2 4.9036e+01  14 1.00000e+00  
112.3 4.9122e+01  14 1.00000e+00  
112.4 4.9208e+01  14 1.00000e+00  
112.5 4.9295e+01  14 1.00000e+00  
112.6 4.9381e+01  14 1.00000e+00  
112.7 4.9467e+01  14 1.00000e+00  
112.8 4.9554e+01  14 1.00000e+00  
112.9 4.9640e+01  14 1.00000e+00  
113.0 4.9726e+01  14 1.00000e+00  
113.1 4.9813e+01  14 1.00000e+00  
113.2 4.9899e+01  14 1.00000e+00  
113.3 4.9985e+01  14 1.00000e+00  
113.4 5.0072e+01  14 1.00000e+00  
113.5 5.0158e+01  14 1.00000e+00  
113.6 5.0244e+01  14 1.00000e+00  
113.7 5.0330e+01  14 1.00000e+00  
113.8 5.0417e+01  14 1.00000e+00  
113.9 5.0503e+01  14 1.00000e+00  
114.0 5.0589e+01  14 1.00000e+00  
114.1 5.0675e+01  14 1.00000e+00  
114.2 5.0762e+01  14 1.00000e+00  
114.3 5.0848e+01  14 1.00000e+00  
114.4 5.0934e+01  14 1.00000e+00  
114.5 5.1020e+01  14 1.00000e+00  
114.6 5.1106e+01  14 1.00000e+00  
114.7 5.1193e+01  14 1.00000e+00  
114.8 5.1279e+01  14 1.00000e+00  
114.9 5.1365e+01  14 1.00000e+00  
115.0 5.1451e+01  14 1.00000e+00  
115.1 5.1537e+01  14 1.00000e+00  
115.2 5.1623e+01  14 1.00000e+00  
115.3 5.1709e+01  14 1.00000e+00  
115.4 5.1795e+01  14 1.00000e+00  
115.5 5.1882e+01  14 1.00000e+00  
115.6 5.1968e+01  14 1.00000e+00  
115.7 5.2054e+01  14 1.00000e+00  
115.8 5.2140e+01  14 1.00000e+00  
115.9 5.2226e+01  14 1.00000e+00  
116.0 5.2312e+01  14 1.00000e+00  
116.1 5.2398e+01  14 1.00000e+00  
116.2 5.2484e+01  14 1.00000e+00  
116.3 5.2570e+01  14 1.00000e+00  
116.4 5.2656e+01  14 1.00000e+00  
116.5 5.2742e+01  14 1.00000e+00  
116.6 5.2828e+01  14 1.00000e+00  
116.7 5.2914e+01  14 1.00000e+00  
116.8 5.3000e+01  14 1.00000e+00  
116.9 5.3086e+01  14 1.00000e+00  
117.0 5.3171e+01  14 1.00000e+00  
117.1 5.3257e+01  14 1.00000e+00  
117.2 5.3343e+01  14 1.00000e+00  
117.3 5.3425e+01  14 1.00000e+00  
117.4 5.3510e+01  14 1.00000e+00  
117.5 5.3596e+01  14 1.00000e+00  
117.6 5.3682e+01  14 1.00000e+00  
117.7 5.3768e+01  14 1.00000e+00  
117.8 5.3854e+01  14 1.00000e+00  
117.9 5.3940e+01  14 1.00000e+00  
118.0 5.4025e+01  14 1.00000e+00  
118.1 5.4111e+01  14 1.00000e+00  
118.2 5.4197e+01  14 1.00000e+00  
118.3 5.4283e+01  14 1.00000e+00  
118.4 5.4368e+01  14 1.00000e+00  
118.5 5.4454e+01  14 1.00000e+00  
118.6 5.4540e+01  14 1.00000e+00  
118.7 5.4625e+01  14 1.00000e+00  
118.8 5.4711e+01  14 1.00000e+00  
118.9 5.4797e+01  14 1.00000e+00  
119.0 5.4882e+01  14 1.00000e+00  
119.1 5.4968e+01  14 1.00000e+00  
119.2 5.5053e+01  14 1.00000e+00  
119.3 5.5139e+01  14 1.00000e+00  
119.4 5.5225e+01  14 1.00000e+00  
119.5 5.5310e+01  14 1.00000e+00  
119.6 5.5396e+01  14 1.00000e+00  
119.7 5.5481e+01  14 1.00000e+00  
119.8 5.5567e+01  14 1.00000e+00  
119.9 5.5652e+01  14 1.00000e+00  
120.0 5.5738e+01  14 1.00000e+00  
120.1 5.5823e+01  14 1.00000e+00  
120.2 5.5909e+01  14 1.00000e+00  
120.3 5.5994e+01  14 1.00000e+00  
120.4 5.5003e+01  14 1.00000e+00  
120.5 5.5088e+01  14 1.00000e+00  
120.6 5.5172e+01  14 1.00000e+00  
120.7 5.5257e+01  14 1.00000e+00  
120.8 5.5341e+01  14 1.00000e+00  
120.9 5.5426e+01  14 1.00000e+00  
121.0 5.5511e+01  14 1.00000e+00  
121.1 5.5595e+01  14 1.00000e+00  
121.2 5.5680e+01  14 1.00000e+00  
121.3 5.5765e+01  14 1.00000e+00  
121.4 5.5849e+01  14 1.00000e+00  
121.5 5.4923e+01  14 1.00000e+00  
121.6 5.5007e+01  14 1.00000e+00  
121.7 5.5089e+01  14 1.00000e+00  
121.8 5.5173e+01  14 1.00000e+00  
121.9 5.5257e+01  14 1.00000e+00  
122.0 5.5341e+01  14 1.00000e+00  
122.1 5.5425e+01  14 1.00000e+00  
122.2 5.5510e+01  14 1.00000e+00  
122.3 5.5594e+01  14 1.00000e+00  
122.4 5.5678e+01  14 1.00000e+00  
122.5 5.5762e+01  14 1.00000e+00  
122.6 5.5846e+01  14 1.00000e+00  
122.7 5.5930e+01  14 1.00000e+00  
122.8 5.6015e+01  14 1.00000e+00  
122.9 5.6099e+01  14 1.00000e+00  
123.0 5.6116e+01  14 1.00000e+00  
123.1 5.5229e+01  14 1.00000e+00  
123.2 5.5206e+01  14 1.00000e+00  
123.3 5.5289e+01  14 1.00000e+00  
123.4 5.5372e+01  14 1.00000e+00  
123.5 5.5455e+01  14 1.00000e+00  
123.6 5.5537e+01  14 1.00000e+00  
123.7 5.5620e+01  14 1.00000e+00  
123.8 5.5703e+01  14 1.00000e+00  
123.9 5.4712e+01  14 1.00000e+00  
124.0 5.4794e+01  14 1.00000e+00  
124.1 5.4876e+01  14 1.00000e+00  
124.2 5.4958e+01  14 1.00000e+00  
124.3 5.5040e+01  14 1.00000e+00  
124.4 5.5122e+01  14 1.00000e+00  
124.5 5.5204e+01  14 1.00000e+00  
124.6 5.5286e+01  14 1.00000e+00  
124.7 5.5368e+01  14 1.00000e+00  
124.8 5.5450e+01  14 1.00000e+00  
124.9 5.5532e+01  14 1.00000e+00  
125.0 5.5614e+01  14 1.00000e+00  
125.1 5.5696e+01  14 1.00000e+00  
125.2 5.5779e+01  14 1.00000e+00  
125.3 5.5862e+01  14 1.00000e+00  
125.4 5.5945e+01  14 1.00000e+00  
125.5 5.6028e+01  14 1.00000e+00  
125.6 5.6110e+01  14 1.00000e+00  
125.7 5.6193e+01  14 1.00000e+00  
125.8 5.6276e+01  14 1.00000e+00  
125.9 5.6359e+01  14 1.00000e+00  
126.0 5.6442e+01  14 1.00000e+00  
126.1 5.6525e+01  14 1.00000e+00  
126.2 5.6607e+01  14 1.00000e+00  
126.3 5.6690e+01  14 1.00000e+00  
126.4 5.6773e+01  14 1.00000e+00  
126.5 5.6856e+01  14 1.00000e+00  
126.6 5.6939e+01  14 1.00000e+00  
126.7 5.7022e+01  14 1.00000e+00  
126.8 5.7105e+01  14 1.00000e+00  
126.9 5.7187e+01  14 1.00000e+00  
127.0 5.7270e+01  14 1.00000e+00  
127.1 5.6558e+01  14 1.00000e+00  
127.2 5.6641e+01  14 1.00000e+00  
127.3 6.1930e+01  14 1.00000e+00  
127.4 6.2014e+01  14 1.00000e+00  
127.5 6.2099e+01  14 1.00000e+00  
127.6 6.2183e+01  14 1.00000e+00  
127.7 6.2267e+01  14 1.00000e+00  
127.8 6.2352e+01  14 1.00000e+00  
127.9 6.2436e+01  14 1.00000e+00  
128.0 6.2520e+01  14 1.00000e+00  
128.1 6.2605e+01  14 1.00000e+00  
128.2 6.2689e+01  14 1.00000e+00  
128.3 6.2773e+01  14 1.00000e+00  
128.4 6.2858e+01  14 1.00000e+00  
128.5 6.2942e+01  14 1.00000e+00  
128.6 6.3026e+01  14 1.00000e+00  
128.7 6.3110e+01  14 1.00000e+00  
128.8 6.3194e+01  14 1.00000e+00  
128.9 6.3279e+01  14 1.00000e+00  
129.0 6.3363e+01  14 1.00000e+00  
129.1 6.3447e+01  14 1.00000e+00  
129.2 6.3531e+01  14 1.00000e+00  
129.3 6.3615e+01  14 1.00000e+00  
129.4 6.3699e+01  14 1.00000e+00  
129.5 6.3783e+01  14 1.00000e+00  
129.6 6.3867e+01  14 1.00000e+00  
129.7 6.3952e+01  14 1.00000e+00  
129.8 6.4036e+01  14 1.00000e+00  
129.9 6.4120e+01  14 1.00000e+00  
130.0 6.4204e+01  14 1.00000e+00  
130.1 6.4288e+01  14 1.00000e+00  
130.2 6.4372e+01  14 1.00000e+00  
130.3 6.4456e+01  14 1.00000e+00  
130.4 6.4540e+01  14 1.00000e+00  
130.5 6.4624e+01  14 1.00000e+00  
130.6 6.4707e+01  14 1.00000e+00  
130.7 6.4791e+01  14 1.00000e+00  
130.8 6.4875e+01  14 1.00000e+00  
130.9 6.4959e+01  14 1.00000e+00  
131.0 6.5043e+01  14 1.00000e+00  
131.1 6.5127e+01  14 1.00000e+00  
131.2 6.5211e+01  14 1.00000e+00  
131.3 6.5295e+01  14 1.00000e+00  
131.4 6.5378e+01  14 1.00000e+00  
131.5 6.5462e+01  14 1.00000e+00  
131.6 6.5546e+01  14 1.00000e+00  
131.7 6.5630e+01  14 1.00000e+00  
131.8 6.5713e+01  14 1.00000e+00  
131.9 6.5797e+01  14 1.00000e+00  
132.0 6.5881e+01  14 1.00000e+00  
132.1 6.5965e+01  14 1.00000e+00  
132.2 6.6048e+01  14 1.00000e+00  
132.3 6.6128e+01  14 1.00000e+00  
132.4 6.6211e+01  14 1.00000e+00  
132.5 6.6295e+01  14 1.00000e+00  
132.6 6.6379e+01  14 1.00000e+00  
132.7 6.6462e+01  14 1.00000e+00  
132.8 6.6546e+01  14 1.00000e+00  
132.9 6.6630e+01  14 1.00000e+00  
133.0 6.6713e+01  14 1.00000e+00  
133.1 6.6797e+01  14 1.00000e+00  
133.2 6.6880e+01  14 1.00000e+00  
133.3 6.6964e+01  14 1.00000e+00  
133.4 6.7047e+01  14 1.00000e+00  
133.5 6.7131e+01  14 1.00000e+00  
133.6 6.7214e+01  14 1.00000e+00  
133.7 6.7298e+01  14 1.00000e+00  
133.8 6.7381e+01  14 1.00000e+00  
133.9 6.7464e+01  14 1.00000e+00  
134.0 6.7548e+01  14 1.00000e+00  
134.1 6.7631e+01  14 1.00000e+00  
134.2 6.7714e+01  14 1.00000e+00  
134.3 6.7798e+01  14 1.00000e+00  
134.4 6.7881e+01  14 1.00000e+00  
134.5 6.7965e+01  14 1.00000e+00  
134.6 6.8048e+01  14 1.00000e+00  
134.7 6.8131e+01  14 1.00000e+00  
134.8 6.8214e+01  14 1.00000e+00  
134.9 6.8298e+01  14 1.00000e+00  
135.0 6.8381e+01  14 1.00000e+00  
135.1 6.8464e+01  14 1.00000e+00  
135.2 6.8547e+01  14 1.00000e+00  
135.3 6.8631e+01  14 1.00000e+00  
135.4 6.8714e+01  14 1.00000e+00  
135.5 6.8797e+01  14 1.00000e+00  
135.6 6.8880e+01  14 1.00000e+00  
135.7 6.8963e+01  14 1.00000e+00  
135.8 6.9046e+01  14 1.00000e+00  
135.9 6.9129e+01  14 1.00000e+00  
136.0 6.9212e+01  14 1.00000e+00  
136.1 6.9295e+01  14 1.00000e+00  
136.2 6.9379e+01  14 1.00000e+00  
136.3 6.9462e+01  14 1.00000e+00  
136.4 6.9545e+01  14 1.00000e+00  
136.5 6.9628e+01  14 1.00000e+00  
136.6 6.9711e+01  14 1.00000e+00  
136.7 6.9794e+01  14 1.00000e+00  
136.8 6.9877e+01  14 1.00000e+00  
136.9 6.9959e+01  14 1.00000e+00  
137.0 7.0042e+01  14 1.00000e+00  
137.1 7.0125e+01  14 1.00000e+00  
137.2 7.0208e+01  14 1.00000e+00  
137.3 7.0291e+01  14 1.00000e+00  
137.4 7.0374e+01  14 1.00000e+00  
137.5 7.0457e+01  14 1.00000e+00  
137.6 7.0540e+01  14 1.00000e+00  
137.7 7.0622e+01  14 1.00000e+00  
137.8 7.0705e+01  14 1.00000e+00  
137.9 7.0788e+01  14 1.00000e+00  
138.0 7.0871e+01  14 1.00000e+00  
138.1 7.0953e+01  14 1.00000e+00  
138.2 7.1036e+01  14 1.00000e+00  
138.3 7.1119e+01  14 1.00000e+00  
138.4 7.1202e+01  14 1.00000e+00  
138.5 7.1284e+01  14 1.00000e+00  
138.6 7.1367e+01  14 1.00000e+00  
138.7 7.1450e+01  14 1.00000e+00  
138.8 7.1532e+01  14 1.00000e+00  
138.9 7.1615e+01  14 1.00000e+00  
139.0 7.1698e+01  14 1.00000e+00  
139.1 7.1780e+01  14 1.00000e+00  
139.2 7.1863e+01  14 1.00000e+00  
139.3 7.1945e+01  14 1.00000e+00  
139.4 7.2028e+01  14 1.00000e+00  
139.5 7.2110e+01  14 1.00000e+00  
139.6 7.2193e+01  14 1.00000e+00  
139.7 7.2275e+01  14 1.00000e+00  
139.8 7.2358e+01  14 1.00000e+00  
139.9 7.2440e+01  14 1.00000e+00  
140.0 7.2523e+01  14 1.00000e+00  
140.1 7.2605e+01  14 1.00000e+00  
140.2 7.2688e+01  14 1.00000e+00  
140.3 7.2770e+01  14 1.00000e+00  
140.4 7.2852e+01  14 1.00000e+00  
140.5 7.2935e+01  14 1.00000e+00  
140.6 7.3013e+01  14 1.00000e+00  
140.7 7.3095e+01  14 1.00000e+00  
140.8 7.3178e+01  14 1.00000e+00  
140.9 7.3260e+01  14 1.00000e+00  
141.0 7.3342e+01  14 1.00000e+00  
141.1 7.3425e+01  14 1.00000e+00  
141.2 7.3507e+01  14 1.00000e+00  
141.3 7.3589e+01  14 1.00000e+00  
141.4 7.3671e+01  14 1.00000e+00  
141.5 7.3754e+01  14 1.00000e+00  
141.6 7.3836e+01  14 1.00000e+00  
141.7 7.3918e+01  14 1.00000e+00  
141.8 7.4000e+01  14 1.00000e+00  
141.9 7.4082e+01  14 1.00000e+00  
142.0 7.4164e+01  14 1.00000e+00  
142.1 7.4246e+01  14 1.00000e+00  
142.2 7.4329e+01  14 1.00000e+00  
142.3 7.4411e+01  14 1.00000e+00  
142.4 7.4493e+01  14 1.00000e+00  
142.5 7.4575e+01  14 1.00000e+00  
142.6 7.4657e+01  14 1.00000e+00  
142.7 7.4739e+01  14 1.00000e+00  
142.8 7.4821e+01  14 1.00000e+00  
142.9 5.5597e+01  14 1.00000e+00  
143.0 5.5545e+01  14 1.00000e+00  
143.1 5.5588e+01  14 1.00000e+00  
143.2 5.5660e+01  14 1.00000e+00  
143.3 5.5732e+01  14 1.00000e+00  
143.4 5.4729e+01  14 1.00000e+00  
143.5 5.4800e+01  14 1.00000e+00  
143.6 5.4872e+01  14 1.00000e+00  
143.7 5.4943e+01  14 1.00000e+00  
143.8 5.5014e+01  14 1.00000e+00  
143.9 5.5085e+01  14 1.00000e+00  
144.0 5.5156e+01  14 1.00000e+00  
144.1 5.5227e+01  14 1.00000e+00  
144.2 5.5298e+01  14 1.00000e+00  
144.3 5.5369e+01  14 1.00000e+00  
144.4 5.5440e+01  14 1.00000e+00  
144.5 5.5511e+01  14 1.00000e+00  
144.6 5.5582e+01  14 1.00000e+00  
144.7 5.5653e+01  14 1.00000e+00  
144.8 5.5724e+01  14 1.00000e+00  
144.9 5.5796e+01  14 1.00000e+00  
145.0 5.5867e+01  14 1.00000e+00  
145.1 5.5938e+01  14 1.00000e+00  
145.2 5.6009e+01  14 1.00000e+00  
145.3 5.6080e+01  14 1.00000e+00  
145.4 5.6151e+01  14 1.00000e+00  
145.5 5.6222e+01  14 1.00000e+00  
145.6 5.5370e+01  14 1.00000e+00  
145.7 5.5441e+01  14 1.00000e+00  
145.8 5.5512e+01  14 1.00000e+00  
145.9 5.5582e+01  14 1.00000e+00  
146.0 5.5653e+01  14 1.00000e+00  
146.1 5.5724e+01  14 1.00000e+00  
146.2 5.5795e+01  14 1.00000e+00  
146.3 5.5865e+01  14 1.00000e+00  
146.4 5.5936e+01  14 1.00000e+00  
146.5 5.6007e+01  14 1.00000e+00  
146.6 5.6077e+01  14 1.00000e+00  
146.7 5.6148e+01  14 1.00000e+00  
146.8 5.6219e+01  14 1.00000e+00  
146.9 5.6289e+01  14 1.00000e+00  
147.0 5.6360e+01  14 1.00000e+00  
147.1 5.6431e+01  14 1.00000e+00  
147.2 5.6502e+01  14 1.00000e+00  
147.3 5.6572e+01  14 1.00000e+00  
147.4 5.6643e+01  14 1.00000e+00  
147.5 5.6714e+01  14 1.00000e+00  
147.6 5.6784e+01  14 1.00000e+00  
147.7 5.6855e+01  14 1.00000e+00  
147.8 5.6925e+01  14 1.00000e+00  
147.9 5.6996e+01  14 1.00000e+00  
148.0 5.7067e+01  14 1.00000e+00  
148.1 5.7137e+01  14 1.00000e+00  
148.2 5.7208e+01  14 1.00000e+00  
148.3 5.7279e+01  14 1.00000e+00  
148.4 5.7349e+01  14 1.00000e+00  
148.5 5.7420e+01  14 1.00000e+00  
148.6 5.7490e+01  14 1.00000e+00  
148.7 5.7561e+01  14 1.00000e+00  
148.8 5.7631e+01  14 1.00000e+00  
148.9 5.7702e+01  14 1.00000e+00  
149.0 5.7773e+01  14 1.00000e+00  
149.1 5.7843e+01  14 1.00000e+00  
149.2 5.7914e+01  14 1.00000e+00  
149.3 5.7984e+01  14 1.00000e+00  
149.4 5.8055e+01  14 1.00000e+00  
149.5 5.8125e+01  14 1.00000e+00  
149.6 5.8196e+01  14 1.00000e+00  
149.7 5.8266e+01  14 1.00000e+00  
149.8 5.8337e+01  14 1.00000e+00  
149.9 5.8407e+01  14 1.00000e+00  
150.0 5.8478e+01  14 1.00000e+00  
