 15.1 1.3683e+00  13 4.39406e-02  
 15.2 1.3758e+00  13 4.44855e-02  
 15.3 1.3833e+00  13 4.50268e-02  
 15.4 1.3956e+00  13 4.59069e-02  
 15.5 1.4032e+00  13 4.64470e-02  
 15.6 1.4108e+00  13 4.70002e-02  
 15.7 1.4184e+00  13 4.75349e-02  
 15.8 1.4261e+00  13 4.80613e-02  
 15.9 1.4337e+00  13 4.85791e-02  
 16.0 1.4413e+00  13 4.91041e-02  
 16.1 1.4489e+00  13 4.96447e-02  
 16.2 1.4566e+00  13 5.01654e-02  
 16.3 1.4642e+00  13 5.06833e-02  
 16.4 1.4718e+00  13 5.12194e-02  
 16.5 1.4794e+00  13 5.17342e-02  
 16.6 1.4871e+00  13 5.22682e-02  
 16.7 1.4947e+00  13 5.28433e-02  
 16.8 1.5023e+00  13 5.34010e-02  
 16.9 1.5099e+00  13 5.39166e-02  
 17.0 1.5175e+00  13 5.44305e-02  
 17.1 1.5252e+00  13 5.49443e-02  
 17.2 1.5328e+00  13 5.54377e-02  
 17.3 1.5404e+00  13 5.59488e-02  
 17.4 1.5480e+00  13 5.64607e-02  
 17.5 1.5556e+00  13 5.69709e-02  
 17.6 1.5632e+00  13 5.74815e-02  
 17.7 1.5709e+00  13 5.79918e-02  
 17.8 1.5785e+00  13 5.85026e-02  
 17.9 1.5861e+00  13 5.90140e-02  
 18.0 1.5937e+00  13 5.95260e-02  
 18.1 1.6013e+00  13 6.00159e-02  
 18.2 1.6089e+00  13 6.05277e-02  
 18.3 1.6165e+00  13 6.10404e-02  
 18.4 1.6241e+00  13 6.15547e-02  
 18.5 1.6317e+00  13 6.20686e-02  
 18.6 1.6393e+00  13 6.25851e-02  
 18.7 1.6469e+00  13 6.31037e-02  
 18.8 1.6545e+00  13 6.35979e-02  
 18.9 1.6621e+00  13 6.41176e-02  
 19.0 1.6697e+00  13 6.46401e-02  
 19.1 1.6773e+00  13 6.51645e-02  
 19.2 1.6849e+00  13 6.56911e-02  
 19.3 1.6925e+00  13 6.62199e-02  
 19.4 1.7015e+00  13 6.68729e-02  
 19.5 1.7131e+00  13 6.78214e-02  
 19.6 1.7247e+00  13 6.87819e-02  
 19.7 1.7365e+00  13 6.97549e-02  
 19.8 1.7483e+00  13 7.07403e-02  
 19.9 1.7602e+00  13 7.17066e-02  
 20.0 1.7722e+00  13 7.27147e-02  
 20.1 1.7842e+00  13 7.37369e-02  
 20.2 1.7964e+00  13 7.47724e-02  
 20.3 1.8086e+00  13 7.58226e-02  
 20.4 1.8209e+00  13 7.68502e-02  
 20.5 1.8332e+00  13 7.79262e-02  
 20.6 1.8457e+00  13 7.90177e-02  
 20.7 1.8582e+00  13 8.01251e-02  
 20.8 1.8708e+00  13 8.12482e-02  
 20.9 1.8835e+00  13 8.23451e-02  
 21.0 1.8963e+00  13 8.34978e-02  
 21.1 1.9091e+00  13 8.46682e-02  
 21.2 1.9221e+00  13 8.58565e-02  
 21.3 1.3476e+01  14 1.00000e+00  
 21.4 1.3475e+01  14 1.00000e+00  
 21.5 1.3473e+01  14 1.00000e+00  
 21.6 1.3470e+01  14 1.00000e+00  
 21.7 1.3468e+01  14 1.00000e+00  
 21.8 1.3466e+01  14 1.00000e+00  
 21.9 1.3460e+01  14 1.00000e+00  
 22.0 1.3452e+01  14 1.00000e+00  
 22.1 1.3444e+01  14 1.00000e+00  
 22.2 1.3440e+01  14 1.00000e+00  
 22.3 1.3429e+01  14 1.00000e+00  
 22.4 1.3416e+01  14 1.00000e+00  
 22.5 1.3403e+01  14 1.00000e+00  
 22.6 1.3396e+01  14 1.00000e+00  
 22.7 1.3380e+01  14 1.00000e+00  
 22.8 1.3364e+01  14 1.00000e+00  
 22.9 1.3346e+01  14 1.00000e+00  
 23.0 1.3335e+01  14 1.00000e+00  
 23.1 1.3316e+01  14 1.00000e+00  
 23.2 1.3295e+01  14 1.00000e+00  
 23.3 1.3275e+01  14 1.00000e+00  
 23.4 1.3259e+01  14 1.00000e+00  
 23.5 1.3236e+01  14 1.00000e+00  
 23.6 1.3212e+01  14 1.00000e+00  
 23.7 1.3187e+01  14 1.00000e+00  
 23.8 1.3169e+01  14 1.00000e+00  
 23.9 1.3142e+01  14 1.00000e+00  
 24.0 1.3114e+01  14 1.00000e+00  
 24.1 1.3088e+01  14 1.00000e+00  
 24.2 1.3065e+01  14 1.00000e+00  
 24.3 1.3034e+01  14 1.00000e+00  
 24.4 1.3003e+01  14 1.00000e+00  
 24.5 1.2973e+01  14 1.00000e+00  
 24.6 5.5182e+00  14 3.83345e-01  
 24.7 5.5720e+00  14 3.88883e-01  
 24.8 5.6253e+00  14 3.94447e-01  
 24.9 5.6782e+00  14 4.00049e-01  
 25.0 5.7310e+00  14 4.05334e-01  
 25.1 5.7832e+00  14 4.10948e-01  
 25.2 5.8348e+00  14 4.16593e-01  
 25.3 5.8861e+00  14 4.22293e-01  
 25.4 5.9374e+00  14 4.27634e-01  
 25.5 5.9877e+00  14 4.33309e-01  
 25.6 6.0373e+00  14 4.39003e-01  
 25.7 6.0869e+00  14 4.44772e-01  
 25.8 6.1364e+00  14 4.50163e-01  
 25.9 6.1844e+00  14 4.55889e-01  
 26.0 6.2319e+00  14 4.61623e-01  
 26.1 6.2788e+00  14 4.67360e-01  
 26.2 6.3251e+00  14 4.73116e-01  
 26.3 6.3724e+00  14 4.78518e-01  
 26.4 6.4176e+00  14 4.84275e-01  
 26.5 6.4622e+00  14 4.90052e-01  
 26.6 6.5061e+00  14 4.95836e-01  
 26.7 6.5513e+00  14 5.01271e-01  
 26.8 6.5942e+00  14 5.07046e-01  
 26.9 6.6365e+00  14 5.12810e-01  
 27.0 6.6781e+00  14 5.18584e-01  
 27.1 6.7191e+00  14 5.24368e-01  
 27.2 6.7594e+00  14 5.30150e-01  
 27.3 6.8010e+00  14 5.35651e-01  
 27.4 6.8408e+00  14 5.41334e-01  
 27.5 6.8792e+00  14 5.47123e-01  
 27.6 6.9169e+00  14 5.52917e-01  
 27.7 6.9536e+00  14 5.58753e-01  
 27.8 6.9937e+00  14 5.64085e-01  
 27.9 7.0300e+00  14 5.69807e-01  
 28.0 7.0656e+00  14 5.75528e-01  
 28.1 7.1006e+00  14 5.81246e-01  
 28.2 7.1349e+00  14 5.86963e-01  
 28.3 7.1683e+00  14 5.92698e-01  
 28.4 7.2010e+00  14 5.98437e-01  
 28.5 7.2332e+00  14 6.04143e-01  
 28.6 7.2674e+00  14 6.09590e-01  
 28.7 7.2999e+00  14 6.15139e-01  
 28.8 7.3297e+00  14 6.20865e-01  
 28.9 7.3591e+00  14 6.26560e-01  
 29.0 7.3924e+00  14 6.31848e-01  
 29.1 7.4199e+00  14 6.37584e-01  
 29.2 7.4442e+00  14 6.43508e-01  
 29.3 7.4715e+00  14 6.49112e-01  
 29.4 7.4991e+00  14 6.54630e-01  
 29.5 7.5278e+00  14 6.60008e-01  
 29.6 7.5579e+00  14 6.65228e-01  
 29.7 7.5874e+00  14 6.70454e-01  
 29.8 7.6135e+00  14 6.75870e-01  
 29.9 7.6391e+00  14 6.81266e-01  
 30.0 7.6642e+00  14 6.86649e-01  
 30.1 7.6898e+00  14 6.91944e-01  
 30.2 7.7167e+00  14 6.97109e-01  
 30.3 7.7459e+00  14 7.02086e-01  
 30.4 7.7799e+00  14 7.06747e-01  
 30.5 7.8290e+00  14 7.10506e-01  
 30.6 7.8859e+00  14 7.13870e-01  
 30.7 7.9393e+00  14 7.17500e-01  
 30.8 7.9487e+00  14 7.16403e-01  
 30.9 7.9914e+00  14 7.21106e-01  
 31.0 7.9703e+00  14 7.24994e-01  
 31.1 8.0044e+00  14 7.26882e-01  
 31.2 8.0249e+00  14 7.28021e-01  
 31.3 8.0674e+00  14 7.30380e-01  
 31.4 8.0834e+00  14 7.31267e-01  
 31.5 8.1104e+00  14 7.32771e-01  
 31.6 8.1403e+00  14 7.34431e-01  
 31.7 8.1691e+00  14 7.36031e-01  
 31.8 8.1915e+00  14 7.37273e-01  
 31.9 8.2157e+00  14 7.38620e-01  
 32.0 8.2432e+00  14 7.40147e-01  
 32.1 8.2819e+00  14 7.42297e-01  
 32.2 8.3041e+00  14 7.43532e-01  
 32.3 8.3375e+00  14 7.45386e-01  
 32.4 8.3687e+00  14 7.47119e-01  
 32.5 8.3924e+00  14 7.48440e-01  
 32.6 8.4268e+00  14 7.50351e-01  
 32.7 8.4520e+00  14 7.51751e-01  
 32.8 8.4921e+00  14 7.53976e-01  
 32.9 8.5054e+00  14 7.54718e-01  
 33.0 8.5439e+00  14 7.56858e-01  
 33.1 8.5664e+00  14 7.58105e-01  
 33.2 8.6050e+00  14 7.60251e-01  
 33.3 8.6290e+00  14 7.61583e-01  
 33.4 8.6651e+00  14 7.63590e-01  
 33.5 8.6933e+00  14 7.65158e-01  
 33.6 8.7168e+00  14 7.66458e-01  
 33.7 8.7546e+00  14 7.68557e-01  
 33.8 8.7771e+00  14 7.69808e-01  
 33.9 8.8115e+00  14 7.71712e-01  
 34.0 8.8567e+00  14 7.74220e-01  
 34.1 8.8833e+00  14 7.75693e-01  
 34.2 8.9069e+00  14 7.77003e-01  
 34.3 8.9373e+00  14 7.78686e-01  
 34.4 8.9684e+00  14 7.80406e-01  
 34.5 9.0014e+00  14 7.82234e-01  
 34.6 9.0339e+00  14 7.84029e-01  
 34.7 9.0807e+00  14 7.86619e-01  
 34.8 9.1120e+00  14 7.88347e-01  
 34.9 9.1339e+00  14 7.89558e-01  
 35.0 9.1641e+00  14 7.91227e-01  
 35.1 9.1974e+00  14 7.93063e-01  
 35.2 9.2298e+00  14 7.94848e-01  
 35.3 9.2615e+00  14 7.96594e-01  
 35.4 9.2926e+00  14 7.98310e-01  
 35.5 9.3231e+00  14 7.99993e-01  
 35.6 9.3524e+00  14 8.01603e-01  
 35.7 9.3816e+00  14 8.03215e-01  
 35.8 9.4260e+00  14 8.05657e-01  
 35.9 9.4582e+00  14 8.07427e-01  
 36.0 9.4900e+00  14 8.09174e-01  
 36.1 9.5211e+00  14 8.10877e-01  
 36.2 9.5504e+00  14 8.12489e-01  
 36.3 9.5866e+00  14 8.14472e-01  
 36.4 9.6154e+00  14 8.16051e-01  
 36.5 9.6529e+00  14 8.18106e-01  
 36.6 9.6825e+00  14 8.19729e-01  
 36.7 9.7096e+00  14 8.21208e-01  
 36.8 9.7476e+00  14 8.23284e-01  
 36.9 9.7769e+00  14 8.24890e-01  
 37.0 9.8005e+00  14 8.26175e-01  
 37.1 9.8427e+00  14 8.28476e-01  
 37.2 9.8889e+00  14 8.30997e-01  
 37.3 9.9125e+00  14 8.32284e-01  
 37.4 9.9675e+00  14 8.35279e-01  
 37.5 9.9834e+00  14 8.36144e-01  
 37.6 1.0027e+01  14 8.38485e-01  
 37.7 1.0059e+01  14 8.40276e-01  
 37.8 1.0091e+01  14 8.42009e-01  
 37.9 1.0122e+01  14 8.43672e-01  
 38.0 1.0150e+01  14 8.45162e-01  
 38.1 1.0195e+01  14 8.47646e-01  
 38.2 1.0244e+01  14 8.50283e-01  
 38.3 1.0271e+01  14 8.51709e-01  
 38.4 1.0305e+01  14 8.53570e-01  
 38.5 1.0334e+01  14 8.55120e-01  
 38.6 1.0368e+01  14 8.56971e-01  
 38.7 1.0402e+01  14 8.58806e-01  
 38.8 1.0449e+01  14 8.61338e-01  
 38.9 1.0479e+01  14 8.62973e-01  
 39.0 1.0505e+01  14 8.64359e-01  
 39.1 1.0535e+01  14 8.65975e-01  
 39.2 1.0570e+01  14 8.67837e-01  
 39.3 1.0622e+01  14 8.70638e-01  
 39.4 1.0665e+01  14 8.72933e-01  
 39.5 1.0697e+01  14 8.74658e-01  
 39.6 1.0719e+01  14 8.75811e-01  
 39.7 1.0759e+01  14 8.77953e-01  
 39.8 1.0796e+01  14 8.79959e-01  
 39.9 1.0826e+01  14 8.81553e-01  
 40.0 1.0868e+01  14 8.83799e-01  
 40.1 1.0893e+01  14 8.85105e-01  
 40.2 1.0941e+01  14 8.87687e-01  
 40.3 1.0973e+01  14 8.89376e-01  
 40.4 1.1001e+01  14 8.90852e-01  
 40.5 1.1029e+01  14 8.92365e-01  
 40.6 1.1057e+01  14 8.93826e-01  
 40.7 1.1105e+01  14 8.96396e-01  
 40.8 1.1164e+01  14 8.99526e-01  
 40.9 1.1117e+01  14 8.97022e-01  
 41.0 1.1035e+01  14 8.92698e-01  
 41.1 1.0833e+01  14 8.81914e-01  
 41.2 1.0709e+01  14 8.75274e-01  
 41.3 1.0600e+01  14 8.69468e-01  
 41.4 1.0580e+01  14 8.68365e-01  
 41.5 1.0530e+01  14 8.65696e-01  
 41.6 1.0487e+01  14 8.63372e-01  
 41.7 1.0359e+01  14 8.56496e-01  
 41.8 1.0260e+01  14 8.51153e-01  
 41.9 1.0109e+01  14 8.42941e-01  
 42.0 1.0075e+01  14 8.41092e-01  
 42.1 1.0044e+01  14 8.39447e-01  
 42.2 1.0027e+01  14 8.38511e-01  
 42.3 9.9808e+00  14 8.36001e-01  
 42.4 9.8852e+00  14 8.30794e-01  
 42.5 9.7813e+00  14 8.25127e-01  
 42.6 9.6960e+00  14 8.20465e-01  
 42.7 9.6275e+00  14 8.16713e-01  
 42.8 9.6195e+00  14 8.16275e-01  
 42.9 9.5778e+00  14 8.13993e-01  
 43.0 9.5627e+00  14 8.13162e-01  
 43.1 9.4689e+00  14 8.08012e-01  
 43.2 9.4068e+00  14 8.04596e-01  
 43.3 9.3359e+00  14 8.00695e-01  
 43.4 9.3172e+00  14 7.99663e-01  
 43.5 9.2387e+00  14 7.95342e-01  
 43.6 9.2261e+00  14 7.94646e-01  
 43.7 9.1999e+00  14 7.93202e-01  
 43.8 9.1675e+00  14 7.91415e-01  
 43.9 9.1619e+00  14 7.91102e-01  
 44.0 9.0667e+00  14 7.85845e-01  
 44.1 9.0558e+00  14 7.85243e-01  
 44.2 8.9477e+00  14 7.79262e-01  
 44.3 8.8911e+00  14 7.76129e-01  
 44.4 8.8952e+00  14 7.76351e-01  
 44.5 8.8651e+00  14 7.74683e-01  
 44.6 8.8611e+00  14 7.74462e-01  
 44.7 8.8677e+00  14 7.74831e-01  
 44.8 8.8582e+00  14 7.74303e-01  
 44.9 8.9622e+00  14 7.80062e-01  
 45.0 9.0192e+00  14 7.83219e-01  
 45.1 9.0727e+00  14 7.86176e-01  
 45.2 9.0780e+00  14 7.86471e-01  
 45.3 9.0637e+00  14 7.85676e-01  
 45.4 9.1606e+00  14 7.91032e-01  
 45.5 9.2307e+00  14 7.94900e-01  
 45.6 9.2951e+00  14 7.98450e-01  
 45.7 9.3452e+00  14 8.01206e-01  
 45.8 9.3931e+00  14 8.03844e-01  
 45.9 9.4866e+00  14 8.08985e-01  
 46.0 9.5364e+00  14 8.11720e-01  
 46.1 9.5723e+00  14 8.13689e-01  
 46.2 9.6122e+00  14 8.15874e-01  
 46.3 9.6521e+00  14 8.18065e-01  
 46.4 9.6861e+00  14 8.19922e-01  
 46.5 9.7235e+00  14 8.21967e-01  
 46.6 9.7496e+00  14 8.23397e-01  
 46.7 9.7913e+00  14 8.25674e-01  
 46.8 9.9110e+00  14 8.32199e-01  
 46.9 9.9795e+00  14 8.35928e-01  
 47.0 1.0040e+01  14 8.39226e-01  
 47.1 1.0102e+01  14 8.42578e-01  
 47.2 1.0144e+01  14 8.44860e-01  
 47.3 1.0241e+01  14 8.50108e-01  
 47.4 1.0287e+01  14 8.52591e-01  
 47.5 1.0338e+01  14 8.55376e-01  
 47.6 1.0377e+01  14 8.57443e-01  
 47.7 1.0414e+01  14 8.59461e-01  
 47.8 1.0460e+01  14 8.61946e-01  
 47.9 1.0496e+01  14 8.63882e-01  
 48.0 1.0523e+01  14 8.65327e-01  
 48.1 1.0592e+01  14 8.68999e-01  
 48.2 1.0705e+01  14 8.75088e-01  
 48.3 1.0784e+01  14 8.79293e-01  
 48.4 1.0846e+01  14 8.82616e-01  
 48.5 1.0910e+01  14 8.86034e-01  
 48.6 1.0980e+01  14 8.89748e-01  
 48.7 1.1076e+01  14 8.94868e-01  
 48.8 1.1127e+01  14 8.97546e-01  
 48.9 1.1180e+01  14 9.00351e-01  
 49.0 1.1230e+01  14 9.02987e-01  
 49.1 1.1270e+01  14 9.05137e-01  
 49.2 1.1317e+01  14 9.07584e-01  
 49.3 1.1347e+01  14 9.09195e-01  
 49.4 1.1378e+01  14 9.10793e-01  
 49.5 1.1453e+01  14 9.14762e-01  
 49.6 1.1554e+01  14 9.20046e-01  
 49.7 1.1642e+01  14 9.24651e-01  
 49.8 1.1726e+01  14 9.29062e-01  
 49.9 1.1792e+01  14 9.32519e-01  
 50.0 1.1864e+01  14 9.36235e-01  
 50.1 1.1929e+01  14 9.39603e-01  
 50.2 1.2046e+01  14 9.45687e-01  
 50.3 1.2095e+01  14 9.48243e-01  
 50.4 1.2145e+01  14 9.50800e-01  
 50.5 1.2192e+01  14 9.53240e-01  
 50.6 1.2239e+01  14 9.55643e-01  
 50.7 1.2276e+01  14 9.57568e-01  
 50.8 1.2327e+01  14 9.60179e-01  
 50.9 1.2371e+01  14 9.62433e-01  
 51.0 1.2450e+01  14 9.66517e-01  
 51.1 1.2530e+01  14 9.70612e-01  
 51.2 1.2645e+01  14 9.76475e-01  
 51.3 1.2729e+01  14 9.80778e-01  
 51.4 1.2806e+01  14 9.84676e-01  
 51.5 1.2892e+01  14 9.89025e-01  
 51.6 1.2961e+01  14 9.92515e-01  
 51.7 1.3026e+01  14 9.95828e-01  
 51.8 1.3121e+01  14 1.00000e+00  
 51.9 1.3139e+01  14 1.00000e+00  
 52.0 1.3158e+01  14 1.00000e+00  
 52.1 1.3178e+01  14 1.00000e+00  
 52.2 1.3199e+01  14 1.00000e+00  
 52.3 1.3218e+01  14 1.00000e+00  
 52.4 1.3235e+01  14 1.00000e+00  
 52.5 1.3264e+01  14 1.00000e+00  
 52.6 1.3295e+01  14 1.00000e+00  
 52.7 1.3338e+01  14 1.00000e+00  
 52.8 1.3374e+01  14 1.00000e+00  
 52.9 1.3408e+01  14 1.00000e+00  
 53.0 1.3431e+01  14 1.00000e+00  
 53.1 1.3464e+01  14 1.00000e+00  
 53.2 1.3494e+01  14 1.00000e+00  
 53.3 1.3518e+01  14 1.00000e+00  
 53.4 1.3558e+01  14 1.00000e+00  
 53.5 1.3585e+01  14 1.00000e+00  
 53.6 1.3603e+01  14 1.00000e+00  
 53.7 1.3624e+01  14 1.00000e+00  
 53.8 1.3646e+01  14 1.00000e+00  
 53.9 1.3664e+01  14 1.00000e+00  
 54.0 1.3677e+01  14 1.00000e+00  
 54.1 1.3709e+01  14 1.00000e+00  
 54.2 1.3743e+01  14 1.00000e+00  
 54.3 1.3769e+01  14 1.00000e+00  
 54.4 1.3817e+01  14 1.00000e+00  
 54.5 1.3848e+01  14 1.00000e+00  
 54.6 1.3885e+01  14 1.00000e+00  
 54.7 1.3913e+01  14 1.00000e+00  
 54.8 1.3937e+01  14 1.00000e+00  
 54.9 1.3963e+01  14 1.00000e+00  
 55.0 1.4012e+01  14 1.00000e+00  
 55.1 1.4039e+01  14 1.00000e+00  
 55.2 1.4053e+01  14 1.00000e+00  
 55.3 1.4075e+01  14 1.00000e+00  
 55.4 1.4097e+01  14 1.00000e+00  
 55.5 1.4115e+01  14 1.00000e+00  
 55.6 1.4136e+01  14 1.00000e+00  
 55.7 1.4153e+01  14 1.00000e+00  
 55.8 1.4189e+01  14 1.00000e+00  
 55.9 1.4223e+01  14 1.00000e+00  
 56.0 1.4255e+01  14 1.00000e+00  
 56.1 1.4287e+01  14 1.00000e+00  
 56.2 1.4324e+01  14 1.00000e+00  
 56.3 1.4360e+01  14 1.00000e+00  
 56.4 1.4394e+01  14 1.00000e+00  
 56.5 1.4429e+01  14 1.00000e+00  
 56.6 1.4456e+01  14 1.00000e+00  
 56.7 1.4504e+01  14 1.00000e+00  
 56.8 1.4525e+01  14 1.00000e+00  
 56.9 1.4548e+01  14 1.00000e+00  
 57.0 1.4570e+01  14 1.00000e+00  
 57.1 1.4586e+01  14 1.00000e+00  
 57.2 1.4611e+01  14 1.00000e+00  
 57.3 1.4623e+01  14 1.00000e+00  
 57.4 1.4639e+01  14 1.00000e+00  
 57.5 1.4683e+01  14 1.00000e+00  
 57.6 1.4716e+01  14 1.00000e+00  
 57.7 1.4750e+01  14 1.00000e+00  
 57.8 1.4792e+01  14 1.00000e+00  
 57.9 1.4825e+01  14 1.00000e+00  
 58.0 1.4858e+01  14 1.00000e+00  
 58.1 1.4878e+01  14 1.00000e+00  
 58.2 1.4918e+01  14 1.00000e+00  
 58.3 1.4939e+01  14 1.00000e+00  
 58.4 1.4961e+01  14 1.00000e+00  
 58.5 1.5011e+01  14 1.00000e+00  
 58.6 1.5040e+01  14 1.00000e+00  
 58.7 1.5058e+01  14 1.00000e+00  
 58.8 1.5069e+01  14 1.00000e+00  
 58.9 1.5101e+01  14 1.00000e+00  
 59.0 1.5120e+01  14 1.00000e+00  
 59.1 1.5141e+01  14 1.00000e+00  
 59.2 1.5158e+01  14 1.00000e+00  
 59.3 1.5202e+01  14 1.00000e+00  
 59.4 1.5238e+01  14 1.00000e+00  
 59.5 1.5268e+01  14 1.00000e+00  
 59.6 1.5298e+01  14 1.00000e+00  
 59.7 1.5337e+01  14 1.00000e+00  
 59.8 1.5374e+01  14 1.00000e+00  
 59.9 1.5401e+01  14 1.00000e+00  
 60.0 1.5432e+01  14 1.00000e+00  
 60.1 1.5465e+01  14 1.00000e+00  
 60.2 1.5478e+01  14 1.00000e+00  
 60.3 1.5517e+01  14 1.00000e+00  
 60.4 1.5557e+01  14 1.00000e+00  
 60.5 1.5586e+01  14 1.00000e+00  
 60.6 1.5602e+01  14 1.00000e+00  
 60.7 1.5622e+01  14 1.00000e+00  
 60.8 1.5640e+01  14 1.00000e+00  
 60.9 1.5663e+01  14 1.00000e+00  
 61.0 1.5679e+01  14 1.00000e+00  
 61.1 1.5716e+01  14 1.00000e+00  
 61.2 1.5757e+01  14 1.00000e+00  
 61.3 1.5790e+01  14 1.00000e+00  
 61.4 1.5819e+01  14 1.00000e+00  
 61.5 1.5855e+01  14 1.00000e+00  
 61.6 1.5896e+01  14 1.00000e+00  
 61.7 1.5929e+01  14 1.00000e+00  
 61.8 1.5959e+01  14 1.00000e+00  
 61.9 1.5989e+01  14 1.00000e+00  
 62.0 1.6007e+01  14 1.00000e+00  
 62.1 1.6035e+01  14 1.00000e+00  
 62.2 1.6057e+01  14 1.00000e+00  
 62.3 1.6109e+01  14 1.00000e+00  
 62.4 1.6142e+01  14 1.00000e+00  
 62.5 1.6152e+01  14 1.00000e+00  
 62.6 1.6182e+01  14 1.00000e+00  
 62.7 1.6204e+01  14 1.00000e+00  
 62.8 1.6224e+01  14 1.00000e+00  
 62.9 1.6239e+01  14 1.00000e+00  
 63.0 1.6270e+01  14 1.00000e+00  
 63.1 1.6306e+01  14 1.00000e+00  
 63.2 1.6347e+01  14 1.00000e+00  
 63.3 1.6381e+01  14 1.00000e+00  
 63.4 1.6407e+01  14 1.00000e+00  
 63.5 1.6435e+01  14 1.00000e+00  
 63.6 1.6479e+01  14 1.00000e+00  
 63.7 1.6512e+01  14 1.00000e+00  
 63.8 1.6550e+01  14 1.00000e+00  
 63.9 1.6578e+01  14 1.00000e+00  
 64.0 1.6605e+01  14 1.00000e+00  
 64.1 1.6620e+01  14 1.00000e+00  
 64.2 1.6657e+01  14 1.00000e+00  
 64.3 1.6698e+01  14 1.00000e+00  
 64.4 1.6725e+01  14 1.00000e+00  
 64.5 1.6750e+01  14 1.00000e+00  
 64.6 1.6772e+01  14 1.00000e+00  
 64.7 1.6793e+01  14 1.00000e+00  
 64.8 1.6814e+01  14 1.00000e+00  
 64.9 1.6833e+01  14 1.00000e+00  
 65.0 1.6848e+01  14 1.00000e+00  
 65.1 1.6899e+01  14 1.00000e+00  
 65.2 1.6929e+01  14 1.00000e+00  
 65.3 1.6964e+01  14 1.00000e+00  
 65.4 1.7000e+01  14 1.00000e+00  
 65.5 1.7018e+01  14 1.00000e+00  
 65.6 1.7059e+01  14 1.00000e+00  
 65.7 1.7091e+01  14 1.00000e+00  
 65.8 1.7135e+01  14 1.00000e+00  
 65.9 1.7155e+01  14 1.00000e+00  
 66.0 1.7192e+01  14 1.00000e+00  
 66.1 1.7206e+01  14 1.00000e+00  
 66.2 1.7233e+01  14 1.00000e+00  
 66.3 1.7256e+01  14 1.00000e+00  
 66.4 1.7307e+01  14 1.00000e+00  
 66.5 1.7341e+01  14 1.00000e+00  
 66.6 1.7348e+01  14 1.00000e+00  
 66.7 1.7373e+01  14 1.00000e+00  
 66.8 1.7395e+01  14 1.00000e+00  
 66.9 1.7420e+01  14 1.00000e+00  
 67.0 1.7442e+01  14 1.00000e+00  
 67.1 1.7463e+01  14 1.00000e+00  
 67.2 1.7501e+01  14 1.00000e+00  
 67.3 1.7543e+01  14 1.00000e+00  
 67.4 1.7577e+01  14 1.00000e+00  
 67.5 1.7608e+01  14 1.00000e+00  
 67.6 1.7639e+01  14 1.00000e+00  
 67.7 1.7668e+01  14 1.00000e+00  
 67.8 1.7701e+01  14 1.00000e+00  
 67.9 1.7744e+01  14 1.00000e+00  
 68.0 1.7769e+01  14 1.00000e+00  
 68.1 1.7789e+01  14 1.00000e+00  
 68.2 1.7829e+01  14 1.00000e+00  
 68.3 1.7855e+01  14 1.00000e+00  
 68.4 1.7880e+01  14 1.00000e+00  
 68.5 1.7905e+01  14 1.00000e+00  
 68.6 1.7951e+01  14 1.00000e+00  
 68.7 1.7975e+01  14 1.00000e+00  
 68.8 1.7993e+01  14 1.00000e+00  
 68.9 1.8017e+01  14 1.00000e+00  
 69.0 1.8039e+01  14 1.00000e+00  
 69.1 1.8046e+01  14 1.00000e+00  
 69.2 1.8080e+01  14 1.00000e+00  
 69.3 1.8106e+01  14 1.00000e+00  
 69.4 1.8142e+01  14 1.00000e+00  
 69.5 1.8185e+01  14 1.00000e+00  
 69.6 1.8207e+01  14 1.00000e+00  
 69.7 1.8254e+01  14 1.00000e+00  
 69.8 1.8279e+01  14 1.00000e+00  
 69.9 1.8309e+01  14 1.00000e+00  
 70.0 1.8355e+01  14 1.00000e+00  
 70.1 1.8390e+01  14 1.00000e+00  
 70.2 1.8417e+01  14 1.00000e+00  
 70.3 1.8450e+01  14 1.00000e+00  
 70.4 1.8467e+01  14 1.00000e+00  
 70.5 1.8505e+01  14 1.00000e+00  
 70.6 1.8531e+01  14 1.00000e+00  
 70.7 1.8556e+01  14 1.00000e+00  
 70.8 1.8593e+01  14 1.00000e+00  
 70.9 1.8631e+01  14 1.00000e+00  
 71.0 1.8646e+01  14 1.00000e+00  
 71.1 1.8669e+01  14 1.00000e+00  
 71.2 1.8690e+01  14 1.00000e+00  
 71.3 1.8706e+01  14 1.00000e+00  
 71.4 1.8733e+01  14 1.00000e+00  
 71.5 1.8753e+01  14 1.00000e+00  
 71.6 1.8777e+01  14 1.00000e+00  
 71.7 1.8827e+01  14 1.00000e+00  
 71.8 1.8862e+01  14 1.00000e+00  
 71.9 1.8900e+01  14 1.00000e+00  
 72.0 1.8930e+01  14 1.00000e+00  
 72.1 1.8966e+01  14 1.00000e+00  
 72.2 1.8996e+01  14 1.00000e+00  
 72.3 1.9035e+01  14 1.00000e+00  
 72.4 1.9071e+01  14 1.00000e+00  
 72.5 1.9099e+01  14 1.00000e+00  
 72.6 1.9135e+01  14 1.00000e+00  
 72.7 1.9160e+01  14 1.00000e+00  
 72.8 1.9190e+01  14 1.00000e+00  
 72.9 1.9206e+01  14 1.00000e+00  
 73.0 1.9232e+01  14 1.00000e+00  
 73.1 1.9257e+01  14 1.00000e+00  
 73.2 1.9311e+01  14 1.00000e+00  
 73.3 1.9350e+01  14 1.00000e+00  
 73.4 1.9369e+01  14 1.00000e+00  
 73.5 1.9383e+01  14 1.00000e+00  
 73.6 1.9413e+01  14 1.00000e+00  
 73.7 1.9420e+01  14 1.00000e+00  
 73.8 1.9456e+01  14 1.00000e+00  
 73.9 1.9476e+01  14 1.00000e+00  
 74.0 1.9516e+01  14 1.00000e+00  
 74.1 1.9552e+01  14 1.00000e+00  
 74.2 1.9595e+01  14 1.00000e+00  
 74.3 1.9631e+01  14 1.00000e+00  
 74.4 1.9665e+01  14 1.00000e+00  
 74.5 1.9688e+01  14 1.00000e+00  
 74.6 1.9719e+01  14 1.00000e+00  
 74.7 1.9756e+01  14 1.00000e+00  
 74.8 1.9797e+01  14 1.00000e+00  
 74.9 1.9838e+01  14 1.00000e+00  
 75.0 1.9870e+01  14 1.00000e+00  
 75.1 1.9898e+01  14 1.00000e+00  
 75.2 1.9925e+01  14 1.00000e+00  
 75.3 1.9943e+01  14 1.00000e+00  
 75.4 1.9971e+01  14 1.00000e+00  
 75.5 1.9997e+01  14 1.00000e+00  
 75.6 2.0022e+01  14 1.00000e+00  
 75.7 2.0074e+01  14 1.00000e+00  
 75.8 2.0101e+01  14 1.00000e+00  
 75.9 2.0111e+01  14 1.00000e+00  
 76.0 2.0144e+01  14 1.00000e+00  
 76.1 2.0155e+01  14 1.00000e+00  
 76.2 2.0189e+01  14 1.00000e+00  
 76.3 2.0208e+01  14 1.00000e+00  
 76.4 2.0233e+01  14 1.00000e+00  
 76.5 2.0268e+01  14 1.00000e+00  
 76.6 2.0318e+01  14 1.00000e+00  
 76.7 2.0348e+01  14 1.00000e+00  
 76.8 2.0386e+01  14 1.00000e+00  
 76.9 2.0419e+01  14 1.00000e+00  
 77.0 2.0459e+01  14 1.00000e+00  
 77.1 2.0493e+01  14 1.00000e+00  
 77.2 2.0522e+01  14 1.00000e+00  
 77.3 2.0569e+01  14 1.00000e+00  
 77.4 2.0602e+01  14 1.00000e+00  
 77.5 2.0638e+01  14 1.00000e+00  
 77.6 2.0669e+01  14 1.00000e+00  
 77.7 2.0696e+01  14 1.00000e+00  
 77.8 2.0724e+01  14 1.00000e+00  
 77.9 2.0737e+01  14 1.00000e+00  
 78.0 2.0765e+01  14 1.00000e+00  
 78.1 2.0793e+01  14 1.00000e+00  
 78.2 2.0820e+01  14 1.00000e+00  
 78.3 2.0861e+01  14 1.00000e+00  
 78.4 2.0886e+01  14 1.00000e+00  
 78.5 2.0918e+01  14 1.00000e+00  
 78.6 2.0935e+01  14 1.00000e+00  
 78.7 2.0963e+01  14 1.00000e+00  
 78.8 2.0985e+01  14 1.00000e+00  
 78.9 2.1005e+01  14 1.00000e+00  
 79.0 2.1035e+01  14 1.00000e+00  
 79.1 2.1079e+01  14 1.00000e+00  
 79.2 2.1108e+01  14 1.00000e+00  
 79.3 2.1157e+01  14 1.00000e+00  
 79.4 2.1194e+01  14 1.00000e+00  
 79.5 2.1223e+01  14 1.00000e+00  
 79.6 2.1266e+01  14 1.00000e+00  
 79.7 2.1299e+01  14 1.00000e+00  
 79.8 2.1330e+01  14 1.00000e+00  
 79.9 2.1361e+01  14 1.00000e+00  
 80.0 2.1408e+01  14 1.00000e+00  
 80.1 2.1448e+01  14 1.00000e+00  
 80.2 2.1449e+01  14 1.00000e+00  
 80.3 2.1511e+01  14 1.00000e+00  
 80.4 2.1534e+01  14 1.00000e+00  
 80.5 2.1565e+01  14 1.00000e+00  
 80.6 2.1589e+01  14 1.00000e+00  
 80.7 2.1613e+01  14 1.00000e+00  
 80.8 2.1622e+01  14 1.00000e+00  
 80.9 2.1654e+01  14 1.00000e+00  
 81.0 2.1728e+01  14 1.00000e+00  
 81.1 2.1743e+01  14 1.00000e+00  
 81.2 2.1751e+01  14 1.00000e+00  
 81.3 2.1787e+01  14 1.00000e+00  
 81.4 2.1808e+01  14 1.00000e+00  
 81.5 2.1823e+01  14 1.00000e+00  
 81.6 2.1846e+01  14 1.00000e+00  
 81.7 2.1875e+01  14 1.00000e+00  
 81.8 2.1916e+01  14 1.00000e+00  
 81.9 2.1955e+01  14 1.00000e+00  
 82.0 2.1999e+01  14 1.00000e+00  
 82.1 2.2032e+01  14 1.00000e+00  
 82.2 2.2074e+01  14 1.00000e+00  
 82.3 2.2110e+01  14 1.00000e+00  
 82.4 2.2145e+01  14 1.00000e+00  
 82.5 2.2171e+01  14 1.00000e+00  
 82.6 2.2199e+01  14 1.00000e+00  
 82.7 2.2237e+01  14 1.00000e+00  
 82.8 2.2252e+01  14 1.00000e+00  
 82.9 2.2281e+01  14 1.00000e+00  
 83.0 2.2314e+01  14 1.00000e+00  
 83.1 2.2343e+01  14 1.00000e+00  
 83.2 2.2413e+01  14 1.00000e+00  
 83.3 2.2444e+01  14 1.00000e+00  
 83.4 2.2469e+01  14 1.00000e+00  
 83.5 2.2486e+01  14 1.00000e+00  
 83.6 2.2507e+01  14 1.00000e+00  
 83.7 2.2540e+01  14 1.00000e+00  
 83.8 2.2569e+01  14 1.00000e+00  
 83.9 2.2628e+01  14 1.00000e+00  
 84.0 2.2642e+01  14 1.00000e+00  
 84.1 2.2656e+01  14 1.00000e+00  
 84.2 2.2693e+01  14 1.00000e+00  
 84.3 2.2718e+01  14 1.00000e+00  
 84.4 2.2740e+01  14 1.00000e+00  
 84.5 2.2763e+01  14 1.00000e+00  
 84.6 2.2782e+01  14 1.00000e+00  
 84.7 2.2838e+01  14 1.00000e+00  
 84.8 2.2868e+01  14 1.00000e+00  
 84.9 2.2919e+01  14 1.00000e+00  
 85.0 2.2957e+01  14 1.00000e+00  
 85.1 2.2985e+01  14 1.00000e+00  
 85.2 2.3036e+01  14 1.00000e+00  
 85.3 2.3071e+01  14 1.00000e+00  
 85.4 2.3108e+01  14 1.00000e+00  
 85.5 2.3141e+01  14 1.00000e+00  
 85.6 2.3169e+01  14 1.00000e+00  
 85.7 2.3172e+01  14 1.00000e+00  
 85.8 2.3210e+01  14 1.00000e+00  
 85.9 2.3243e+01  14 1.00000e+00  
 86.0 2.3275e+01  14 1.00000e+00  
 86.1 2.3305e+01  14 1.00000e+00  
 86.2 2.3326e+01  14 1.00000e+00  
 86.3 2.3406e+01  14 1.00000e+00  
 86.4 2.3432e+01  14 1.00000e+00  
 86.5 2.3456e+01  14 1.00000e+00  
 86.6 2.3476e+01  14 1.00000e+00  
 86.7 2.3498e+01  14 1.00000e+00  
 86.8 2.3531e+01  14 1.00000e+00  
 86.9 2.3595e+01  14 1.00000e+00  
 87.0 2.3607e+01  14 1.00000e+00  
 87.1 2.3631e+01  14 1.00000e+00  
 87.2 2.3655e+01  14 1.00000e+00  
 87.3 2.3678e+01  14 1.00000e+00  
 87.4 2.3701e+01  14 1.00000e+00  
 87.5 2.3725e+01  14 1.00000e+00  
 87.6 2.3760e+01  14 1.00000e+00  
 87.7 2.3802e+01  14 1.00000e+00  
 87.8 2.3844e+01  14 1.00000e+00  
 87.9 2.3888e+01  14 1.00000e+00  
 88.0 2.3924e+01  14 1.00000e+00  
 88.1 2.3955e+01  14 1.00000e+00  
 88.2 2.4001e+01  14 1.00000e+00  
 88.3 2.4048e+01  14 1.00000e+00  
 88.4 2.4085e+01  14 1.00000e+00  
 88.5 2.4102e+01  14 1.00000e+00  
 88.6 2.4149e+01  14 1.00000e+00  
 88.7 2.4181e+01  14 1.00000e+00  
 88.8 2.4183e+01  14 1.00000e+00  
 88.9 2.4217e+01  14 1.00000e+00  
 89.0 2.4251e+01  14 1.00000e+00  
 89.1 2.4282e+01  14 1.00000e+00  
 89.2 2.4312e+01  14 1.00000e+00  
 89.3 2.4334e+01  14 1.00000e+00  
 89.4 2.4414e+01  14 1.00000e+00  
 89.5 2.4443e+01  14 1.00000e+00  
 89.6 2.4468e+01  14 1.00000e+00  
 89.7 2.4492e+01  14 1.00000e+00  
 89.8 2.4504e+01  14 1.00000e+00  
 89.9 2.4543e+01  14 1.00000e+00  
 90.0 2.4592e+01  14 1.00000e+00  
 90.1 2.4623e+01  14 1.00000e+00  
 90.2 2.4637e+01  14 1.00000e+00  
 90.3 2.4664e+01  14 1.00000e+00  
 90.4 2.4688e+01  14 1.00000e+00  
 90.5 2.4711e+01  14 1.00000e+00  
 90.6 2.4737e+01  14 1.00000e+00  
 90.7 2.4766e+01  14 1.00000e+00  
 90.8 2.4808e+01  14 1.00000e+00  
 90.9 2.4842e+01  14 1.00000e+00  
 91.0 2.4896e+01  14 1.00000e+00  
 91.1 2.4938e+01  14 1.00000e+00  
 91.2 2.4976e+01  14 1.00000e+00  
 91.3 2.5012e+01  14 1.00000e+00  
 91.4 2.5048e+01  14 1.00000e+00  
 91.5 2.5105e+01  14 1.00000e+00  
 91.6 2.5099e+01  14 1.00000e+00  
 91.7 2.5130e+01  14 1.00000e+00  
 91.8 2.5163e+01  14 1.00000e+00  
 91.9 2.5196e+01  14 1.00000e+00  
 92.0 2.5268e+01  14 1.00000e+00  
 92.1 2.5268e+01  14 1.00000e+00  
 92.2 2.5302e+01  14 1.00000e+00  
 92.3 2.5335e+01  14 1.00000e+00  
 92.4 2.5365e+01  14 1.00000e+00  
 92.5 2.5395e+01  14 1.00000e+00  
 92.6 2.5416e+01  14 1.00000e+00  
 92.7 2.5463e+01  14 1.00000e+00  
 92.8 2.5523e+01  14 1.00000e+00  
 92.9 2.5549e+01  14 1.00000e+00  
 93.0 2.5579e+01  14 1.00000e+00  
 93.1 2.5606e+01  14 1.00000e+00  
 93.2 2.5625e+01  14 1.00000e+00  
 93.3 2.5699e+01  14 1.00000e+00  
 93.4 2.5703e+01  14 1.00000e+00  
 93.5 2.5739e+01  14 1.00000e+00  
 93.6 2.5749e+01  14 1.00000e+00  
 93.7 2.5776e+01  14 1.00000e+00  
 93.8 2.5805e+01  14 1.00000e+00  
 93.9 2.5835e+01  14 1.00000e+00  
 94.0 2.5866e+01  14 1.00000e+00  
 94.1 2.5905e+01  14 1.00000e+00  
 94.2 2.5935e+01  14 1.00000e+00  
 94.3 2.5989e+01  14 1.00000e+00  
 94.4 2.6025e+01  14 1.00000e+00  
 94.5 2.6063e+01  14 1.00000e+00  
 94.6 2.6109e+01  14 1.00000e+00  
 94.7 2.6166e+01  14 1.00000e+00  
 94.8 2.6166e+01  14 1.00000e+00  
 94.9 2.6202e+01  14 1.00000e+00  
 95.0 2.6223e+01  14 1.00000e+00  
 95.1 2.6265e+01  14 1.00000e+00  
 95.2 2.6301e+01  14 1.00000e+00  
 95.3 2.6329e+01  14 1.00000e+00  
 95.4 2.6371e+01  14 1.00000e+00  
 95.5 2.6412e+01  14 1.00000e+00  
 95.6 2.6447e+01  14 1.00000e+00  
 95.7 2.6480e+01  14 1.00000e+00  
 95.8 2.6512e+01  14 1.00000e+00  
 95.9 2.6541e+01  14 1.00000e+00  
 96.0 2.6563e+01  14 1.00000e+00  
 96.1 2.6610e+01  14 1.00000e+00  
 96.2 2.6642e+01  14 1.00000e+00  
 96.3 2.6711e+01  14 1.00000e+00  
 96.4 2.6726e+01  14 1.00000e+00  
 96.5 2.6753e+01  14 1.00000e+00  
 96.6 2.6775e+01  14 1.00000e+00  
 96.7 2.6804e+01  14 1.00000e+00  
 96.8 2.6870e+01  14 1.00000e+00  
 96.9 2.6887e+01  14 1.00000e+00  
 97.0 2.6912e+01  14 1.00000e+00  
 97.1 2.6940e+01  14 1.00000e+00  
 97.2 2.6966e+01  14 1.00000e+00  
 97.3 2.6980e+01  14 1.00000e+00  
 97.4 2.7005e+01  14 1.00000e+00  
 97.5 2.7041e+01  14 1.00000e+00  
 97.6 2.7082e+01  14 1.00000e+00  
 97.7 2.7119e+01  14 1.00000e+00  
 97.8 2.7171e+01  14 1.00000e+00  
 97.9 2.7203e+01  14 1.00000e+00  
 98.0 2.7258e+01  14 1.00000e+00  
 98.1 2.7306e+01  14 1.00000e+00  
 98.2 2.7352e+01  14 1.00000e+00  
 98.3 2.7351e+01  14 1.00000e+00  
 98.4 2.7387e+01  14 1.00000e+00  
 98.5 2.7418e+01  14 1.00000e+00  
 98.6 2.7442e+01  14 1.00000e+00  
 98.7 2.7475e+01  14 1.00000e+00  
 98.8 2.7510e+01  14 1.00000e+00  
 98.9 2.7557e+01  14 1.00000e+00  
 99.0 2.7595e+01  14 1.00000e+00  
 99.1 2.7636e+01  14 1.00000e+00  
 99.2 2.7671e+01  14 1.00000e+00  
 99.3 2.7705e+01  14 1.00000e+00  
 99.4 2.7738e+01  14 1.00000e+00  
 99.5 2.7767e+01  14 1.00000e+00  
 99.6 2.7787e+01  14 1.00000e+00  
 99.7 2.7838e+01  14 1.00000e+00  
 99.8 2.7871e+01  14 1.00000e+00  
 99.9 2.7897e+01  14 1.00000e+00  
100.0 2.7952e+01  14 1.00000e+00  
100.1 2.7989e+01  14 1.00000e+00  
100.2 2.8021e+01  14 1.00000e+00  
100.3 2.8031e+01  14 1.00000e+00  
100.4 2.8078e+01  14 1.00000e+00  
100.5 2.8124e+01  14 1.00000e+00  
100.6 2.8153e+01  14 1.00000e+00  
100.7 2.8176e+01  14 1.00000e+00  
100.8 2.8214e+01  14 1.00000e+00  
100.9 2.8244e+01  14 1.00000e+00  
101.0 2.8270e+01  14 1.00000e+00  
101.1 2.8281e+01  14 1.00000e+00  
101.2 2.8322e+01  14 1.00000e+00  
101.3 2.8358e+01  14 1.00000e+00  
101.4 2.8395e+01  14 1.00000e+00  
101.5 2.8445e+01  14 1.00000e+00  
101.6 2.8497e+01  14 1.00000e+00  
101.7 2.8545e+01  14 1.00000e+00  
101.8 2.8591e+01  14 1.00000e+00  
101.9 2.8587e+01  14 1.00000e+00  
102.0 2.8633e+01  14 1.00000e+00  
102.1 2.8670e+01  14 1.00000e+00  
102.2 2.8691e+01  14 1.00000e+00  
102.3 2.8725e+01  14 1.00000e+00  
102.4 2.8762e+01  14 1.00000e+00  
102.5 2.8795e+01  14 1.00000e+00  
102.6 2.8642e+01  14 1.00000e+00  
102.7 2.8856e+01  14 1.00000e+00  
102.8 2.8907e+01  14 1.00000e+00  
102.9 2.8950e+01  14 1.00000e+00  
103.0 2.8985e+01  14 1.00000e+00  
103.1 2.9019e+01  14 1.00000e+00  
103.2 2.9051e+01  14 1.00000e+00  
103.3 2.9078e+01  14 1.00000e+00  
103.4 2.9108e+01  14 1.00000e+00  
103.5 2.9154e+01  14 1.00000e+00  
103.6 2.9187e+01  14 1.00000e+00  
103.7 2.9215e+01  14 1.00000e+00  
103.8 2.9244e+01  14 1.00000e+00  
103.9 2.9317e+01  14 1.00000e+00  
104.0 2.9342e+01  14 1.00000e+00  
104.1 2.9365e+01  14 1.00000e+00  
104.2 2.9401e+01  14 1.00000e+00  
104.3 2.9418e+01  14 1.00000e+00  
104.4 2.9417e+01  14 1.00000e+00  
104.5 2.9494e+01  14 1.00000e+00  
104.6 2.9518e+01  14 1.00000e+00  
104.7 2.9545e+01  14 1.00000e+00  
104.8 2.9555e+01  14 1.00000e+00  
104.9 2.9601e+01  14 1.00000e+00  
105.0 2.9630e+01  14 1.00000e+00  
105.1 2.9639e+01  14 1.00000e+00  
105.2 2.9681e+01  14 1.00000e+00  
105.3 2.9713e+01  14 1.00000e+00  
105.4 2.9756e+01  14 1.00000e+00  
105.5 2.9811e+01  14 1.00000e+00  
105.6 2.9864e+01  14 1.00000e+00  
105.7 2.9908e+01  14 1.00000e+00  
105.8 2.9953e+01  14 1.00000e+00  
105.9 2.9953e+01  14 1.00000e+00  
106.0 2.9997e+01  14 1.00000e+00  
106.1 3.0040e+01  14 1.00000e+00  
106.2 3.0078e+01  14 1.00000e+00  
106.3 3.0103e+01  14 1.00000e+00  
106.4 3.0137e+01  14 1.00000e+00  
106.5 3.0178e+01  14 1.00000e+00  
106.6 3.0214e+01  14 1.00000e+00  
106.7 3.0246e+01  14 1.00000e+00  
106.8 3.0277e+01  14 1.00000e+00  
106.9 3.0328e+01  14 1.00000e+00  
107.0 3.0362e+01  14 1.00000e+00  
107.1 3.0406e+01  14 1.00000e+00  
107.2 3.0441e+01  14 1.00000e+00  
107.3 3.0474e+01  14 1.00000e+00  
107.4 3.0503e+01  14 1.00000e+00  
107.5 3.0527e+01  14 1.00000e+00  
107.6 3.0573e+01  14 1.00000e+00  
107.7 3.0591e+01  14 1.00000e+00  
107.8 3.0537e+01  14 1.00000e+00  
107.9 3.0500e+01  14 1.00000e+00  
108.0 3.0460e+01  14 1.00000e+00  
108.1 3.0415e+01  14 1.00000e+00  
108.2 3.0360e+01  14 1.00000e+00  
108.3 3.0307e+01  14 1.00000e+00  
108.4 3.0256e+01  14 1.00000e+00  
108.5 3.0215e+01  14 1.00000e+00  
108.6 2.4168e+01  14 1.00000e+00  
108.7 2.4185e+01  14 1.00000e+00  
108.8 2.4173e+01  14 1.00000e+00  
108.9 2.4197e+01  14 1.00000e+00  
109.0 2.4216e+01  14 1.00000e+00  
109.1 2.4234e+01  14 1.00000e+00  
109.2 2.4252e+01  14 1.00000e+00  
109.3 2.4270e+01  14 1.00000e+00  
109.4 2.4283e+01  14 1.00000e+00  
109.5 2.4300e+01  14 1.00000e+00  
109.6 2.4315e+01  14 1.00000e+00  
109.7 2.4327e+01  14 1.00000e+00  
109.8 2.4277e+01  14 1.00000e+00  
109.9 2.4067e+01  14 1.00000e+00  
110.0 2.4086e+01  14 1.00000e+00  
110.1 2.4091e+01  14 1.00000e+00  
110.2 2.4106e+01  14 1.00000e+00  
110.3 2.4185e+01  14 1.00000e+00  
110.4 2.4173e+01  14 1.00000e+00  
110.5 2.4194e+01  14 1.00000e+00  
110.6 2.4215e+01  14 1.00000e+00  
110.7 2.4235e+01  14 1.00000e+00  
110.8 2.4254e+01  14 1.00000e+00  
110.9 2.4273e+01  14 1.00000e+00  
111.0 2.4291e+01  14 1.00000e+00  
111.1 2.4309e+01  14 1.00000e+00  
111.2 2.4036e+01  14 1.00000e+00  
111.3 2.4062e+01  14 1.00000e+00  
111.4 2.4084e+01  14 1.00000e+00  
111.5 2.8085e+01  14 1.00000e+00  
111.6 2.8149e+01  14 1.00000e+00  
111.7 2.8168e+01  14 1.00000e+00  
111.8 2.8173e+01  14 1.00000e+00  
111.9 2.8214e+01  14 1.00000e+00  
112.0 2.8239e+01  14 1.00000e+00  
112.1 2.8245e+01  14 1.00000e+00  
112.2 2.8285e+01  14 1.00000e+00  
112.3 2.8312e+01  14 1.00000e+00  
112.4 2.8331e+01  14 1.00000e+00  
112.5 2.8374e+01  14 1.00000e+00  
112.6 2.8416e+01  14 1.00000e+00  
112.7 2.8446e+01  14 1.00000e+00  
112.8 2.8498e+01  14 1.00000e+00  
112.9 2.8539e+01  14 1.00000e+00  
113.0 2.8576e+01  14 1.00000e+00  
113.1 2.8570e+01  14 1.00000e+00  
113.2 2.8614e+01  14 1.00000e+00  
113.3 2.8649e+01  14 1.00000e+00  
113.4 2.8681e+01  14 1.00000e+00  
113.5 2.8697e+01  14 1.00000e+00  
113.6 2.8729e+01  14 1.00000e+00  
113.7 2.8761e+01  14 1.00000e+00  
113.8 2.8792e+01  14 1.00000e+00  
113.9 2.8822e+01  14 1.00000e+00  
114.0 2.8853e+01  14 1.00000e+00  
114.1 2.8901e+01  14 1.00000e+00  
114.2 2.8939e+01  14 1.00000e+00  
114.3 2.8971e+01  14 1.00000e+00  
114.4 2.9002e+01  14 1.00000e+00  
114.5 2.9032e+01  14 1.00000e+00  
114.6 2.9059e+01  14 1.00000e+00  
114.7 2.9082e+01  14 1.00000e+00  
114.8 2.9111e+01  14 1.00000e+00  
114.9 2.9151e+01  14 1.00000e+00  
115.0 2.9181e+01  14 1.00000e+00  
115.1 2.9207e+01  14 1.00000e+00  
115.2 2.9222e+01  14 1.00000e+00  
115.3 2.9303e+01  14 1.00000e+00  
115.4 2.9321e+01  14 1.00000e+00  
115.5 2.9349e+01  14 1.00000e+00  
115.6 2.9365e+01  14 1.00000e+00  
115.7 2.9400e+01  14 1.00000e+00  
115.8 2.9419e+01  14 1.00000e+00  
115.9 2.9419e+01  14 1.00000e+00  
116.0 2.9489e+01  14 1.00000e+00  
116.1 2.9507e+01  14 1.00000e+00  
116.2 2.9516e+01  14 1.00000e+00  
116.3 2.9554e+01  14 1.00000e+00  
116.4 3.0074e+01  14 1.00000e+00  
116.5 3.0101e+01  14 1.00000e+00  
116.6 3.0122e+01  14 1.00000e+00  
116.7 3.0161e+01  14 1.00000e+00  
116.8 3.0195e+01  14 1.00000e+00  
116.9 3.0226e+01  14 1.00000e+00  
117.0 3.0254e+01  14 1.00000e+00  
117.1 3.0285e+01  14 1.00000e+00  
117.2 3.0329e+01  14 1.00000e+00  
117.3 3.0360e+01  14 1.00000e+00  
117.4 3.0400e+01  14 1.00000e+00  
117.5 3.0432e+01  14 1.00000e+00  
117.6 3.0462e+01  14 1.00000e+00  
117.7 3.0490e+01  14 1.00000e+00  
117.8 3.0514e+01  14 1.00000e+00  
117.9 3.0544e+01  14 1.00000e+00  
118.0 3.0580e+01  14 1.00000e+00  
118.1 3.0609e+01  14 1.00000e+00  
118.2 3.0636e+01  14 1.00000e+00  
118.3 3.0652e+01  14 1.00000e+00  
118.4 3.0697e+01  14 1.00000e+00  
118.5 3.0663e+01  14 1.00000e+00  
118.6 3.0630e+01  14 1.00000e+00  
118.7 3.0586e+01  14 1.00000e+00  
118.8 3.0528e+01  14 1.00000e+00  
118.9 3.0493e+01  14 1.00000e+00  
119.0 3.0449e+01  14 1.00000e+00  
119.1 3.0402e+01  14 1.00000e+00  
119.2 3.0346e+01  14 1.00000e+00  
119.3 3.0286e+01  14 1.00000e+00  
119.4 2.4215e+01  14 1.00000e+00  
119.5 2.4232e+01  14 1.00000e+00  
119.6 2.4248e+01  14 1.00000e+00  
119.7 2.4268e+01  14 1.00000e+00  
119.8 2.4283e+01  14 1.00000e+00  
119.9 2.4297e+01  14 1.00000e+00  
120.0 2.4311e+01  14 1.00000e+00  
120.1 2.4323e+01  14 1.00000e+00  
120.2 2.4332e+01  14 1.00000e+00  
120.3 2.4341e+01  14 1.00000e+00  
120.4 2.4413e+01  14 1.00000e+00  
120.5 2.4087e+01  14 1.00000e+00  
120.6 2.4089e+01  14 1.00000e+00  
120.7 2.4099e+01  14 1.00000e+00  
120.8 2.4115e+01  14 1.00000e+00  
120.9 2.4138e+01  14 1.00000e+00  
121.0 2.4160e+01  14 1.00000e+00  
121.1 2.4174e+01  14 1.00000e+00  
121.2 2.4205e+01  14 1.00000e+00  
121.3 2.4223e+01  14 1.00000e+00  
121.4 2.4240e+01  14 1.00000e+00  
121.5 2.4257e+01  14 1.00000e+00  
121.6 2.4273e+01  14 1.00000e+00  
121.7 2.3986e+01  14 1.00000e+00  
121.8 2.4003e+01  14 1.00000e+00  
121.9 2.4021e+01  14 1.00000e+00  
122.0 2.4049e+01  14 1.00000e+00  
122.1 2.4069e+01  14 1.00000e+00  
122.2 2.4088e+01  14 1.00000e+00  
122.3 2.8085e+01  14 1.00000e+00  
122.4 2.8149e+01  14 1.00000e+00  
122.5 2.8165e+01  14 1.00000e+00  
122.6 2.8179e+01  14 1.00000e+00  
122.7 2.8209e+01  14 1.00000e+00  
122.8 2.8213e+01  14 1.00000e+00  
122.9 2.8251e+01  14 1.00000e+00  
123.0 2.8275e+01  14 1.00000e+00  
123.1 2.8282e+01  14 1.00000e+00  
123.2 2.8318e+01  14 1.00000e+00  
123.3 2.8344e+01  14 1.00000e+00  
123.4 2.8382e+01  14 1.00000e+00  
123.5 2.8417e+01  14 1.00000e+00  
123.6 2.8441e+01  14 1.00000e+00  
123.7 2.8491e+01  14 1.00000e+00  
123.8 2.8524e+01  14 1.00000e+00  
123.9 2.8547e+01  14 1.00000e+00  
124.0 2.8589e+01  14 1.00000e+00  
124.1 2.8589e+01  14 1.00000e+00  
124.2 2.8627e+01  14 1.00000e+00  
124.3 2.8658e+01  14 1.00000e+00  
124.4 2.8686e+01  14 1.00000e+00  
124.5 2.8700e+01  14 1.00000e+00  
124.6 2.9206e+01  14 1.00000e+00  
124.7 2.9222e+01  14 1.00000e+00  
124.8 2.9280e+01  14 1.00000e+00  
124.9 2.9319e+01  14 1.00000e+00  
125.0 2.9339e+01  14 1.00000e+00  
125.1 2.9361e+01  14 1.00000e+00  
125.2 2.9384e+01  14 1.00000e+00  
125.3 2.9410e+01  14 1.00000e+00  
125.4 2.9415e+01  14 1.00000e+00  
125.5 2.9417e+01  14 1.00000e+00  
125.6 2.9492e+01  14 1.00000e+00  
125.7 2.9509e+01  14 1.00000e+00  
125.8 2.9514e+01  14 1.00000e+00  
125.9 2.9549e+01  14 1.00000e+00  
126.0 2.9557e+01  14 1.00000e+00  
126.1 2.9595e+01  14 1.00000e+00  
126.2 2.9599e+01  14 1.00000e+00  
126.3 2.9639e+01  14 1.00000e+00  
126.4 2.9661e+01  14 1.00000e+00  
126.5 2.9681e+01  14 1.00000e+00  
126.6 2.9719e+01  14 1.00000e+00  
126.7 2.9758e+01  14 1.00000e+00  
126.8 2.9795e+01  14 1.00000e+00  
126.9 2.9822e+01  14 1.00000e+00  
127.0 2.9867e+01  14 1.00000e+00  
127.1 2.9902e+01  14 1.00000e+00  
127.2 2.9923e+01  14 1.00000e+00  
127.3 2.9981e+01  14 1.00000e+00  
127.4 2.9958e+01  14 1.00000e+00  
127.5 3.0004e+01  14 1.00000e+00  
127.6 3.0038e+01  14 1.00000e+00  
127.7 3.0069e+01  14 1.00000e+00  
127.8 3.0099e+01  14 1.00000e+00  
127.9 3.0114e+01  14 1.00000e+00  
128.0 3.0639e+01  14 1.00000e+00  
128.1 3.0653e+01  14 1.00000e+00  
128.2 3.0698e+01  14 1.00000e+00  
128.3 3.0757e+01  14 1.00000e+00  
128.4 3.0777e+01  14 1.00000e+00  
128.5 3.0755e+01  14 1.00000e+00  
128.6 3.0653e+01  14 1.00000e+00  
128.7 3.0621e+01  14 1.00000e+00  
128.8 3.0572e+01  14 1.00000e+00  
128.9 3.0516e+01  14 1.00000e+00  
129.0 3.0475e+01  14 1.00000e+00  
129.1 3.0426e+01  14 1.00000e+00  
129.2 3.0365e+01  14 1.00000e+00  
129.3 3.0308e+01  14 1.00000e+00  
129.4 2.4236e+01  14 1.00000e+00  
129.5 2.4251e+01  14 1.00000e+00  
129.6 2.4265e+01  14 1.00000e+00  
129.7 2.4282e+01  14 1.00000e+00  
129.8 2.4294e+01  14 1.00000e+00  
129.9 2.4306e+01  14 1.00000e+00  
130.0 2.4317e+01  14 1.00000e+00  
130.1 2.4326e+01  14 1.00000e+00  
130.2 2.4333e+01  14 1.00000e+00  
130.3 2.4340e+01  14 1.00000e+00  
130.4 2.4356e+01  14 1.00000e+00  
130.5 2.4075e+01  14 1.00000e+00  
130.6 2.4088e+01  14 1.00000e+00  
130.7 2.4092e+01  14 1.00000e+00  
130.8 2.4102e+01  14 1.00000e+00  
130.9 2.4122e+01  14 1.00000e+00  
131.0 2.4143e+01  14 1.00000e+00  
131.1 2.4172e+01  14 1.00000e+00  
131.2 2.4188e+01  14 1.00000e+00  
131.3 2.4204e+01  14 1.00000e+00  
131.4 2.4220e+01  14 1.00000e+00  
131.5 2.4235e+01  14 1.00000e+00  
131.6 2.4250e+01  14 1.00000e+00  
131.7 2.4265e+01  14 1.00000e+00  
131.8 2.4279e+01  14 1.00000e+00  
131.9 2.4293e+01  14 1.00000e+00  
132.0 2.4306e+01  14 1.00000e+00  
132.1 2.4316e+01  14 1.00000e+00  
132.2 2.8031e+01  14 1.00000e+00  
132.3 2.8056e+01  14 1.00000e+00  
132.4 2.8078e+01  14 1.00000e+00  
132.5 2.8136e+01  14 1.00000e+00  
132.6 2.8152e+01  14 1.00000e+00  
132.7 2.8169e+01  14 1.00000e+00  
132.8 2.8177e+01  14 1.00000e+00  
132.9 2.8209e+01  14 1.00000e+00  
133.0 2.8214e+01  14 1.00000e+00  
133.1 2.8249e+01  14 1.00000e+00  
133.2 2.8269e+01  14 1.00000e+00  
133.3 2.8286e+01  14 1.00000e+00  
133.4 2.8784e+01  14 1.00000e+00  
133.5 2.8811e+01  14 1.00000e+00  
133.6 2.8838e+01  14 1.00000e+00  
133.7 2.8867e+01  14 1.00000e+00  
133.8 2.8900e+01  14 1.00000e+00  
133.9 2.8927e+01  14 1.00000e+00  
134.0 2.8962e+01  14 1.00000e+00  
134.1 2.8989e+01  14 1.00000e+00  
134.2 2.9014e+01  14 1.00000e+00  
134.3 2.9039e+01  14 1.00000e+00  
134.4 2.9059e+01  14 1.00000e+00  
134.5 2.9079e+01  14 1.00000e+00  
134.6 2.9096e+01  14 1.00000e+00  
134.7 2.9128e+01  14 1.00000e+00  
134.8 2.9164e+01  14 1.00000e+00  
134.9 2.9189e+01  14 1.00000e+00  
135.0 2.9210e+01  14 1.00000e+00  
135.1 2.9222e+01  14 1.00000e+00  
135.2 2.9283e+01  14 1.00000e+00  
135.3 2.9319e+01  14 1.00000e+00  
135.4 2.9749e+01  14 1.00000e+00  
135.5 2.9780e+01  14 1.00000e+00  
135.6 2.9813e+01  14 1.00000e+00  
135.7 2.9853e+01  14 1.00000e+00  
135.8 2.9872e+01  14 1.00000e+00  
135.9 2.9922e+01  14 1.00000e+00  
136.0 2.9956e+01  14 1.00000e+00  
136.1 2.9954e+01  14 1.00000e+00  
136.2 2.9968e+01  14 1.00000e+00  
136.3 3.0008e+01  14 1.00000e+00  
136.4 3.0040e+01  14 1.00000e+00  
136.5 3.0069e+01  14 1.00000e+00  
136.6 3.0097e+01  14 1.00000e+00  
136.7 3.0112e+01  14 1.00000e+00  
136.8 3.0140e+01  14 1.00000e+00  
136.9 3.0172e+01  14 1.00000e+00  
137.0 3.0200e+01  14 1.00000e+00  
137.1 3.0227e+01  14 1.00000e+00  
137.2 3.0251e+01  14 1.00000e+00  
137.3 3.0272e+01  14 1.00000e+00  
137.4 3.0311e+01  14 1.00000e+00  
137.5 3.0788e+01  14 1.00000e+00  
137.6 3.0751e+01  14 1.00000e+00  
137.7 3.0652e+01  14 1.00000e+00  
137.8 3.0621e+01  14 1.00000e+00  
137.9 3.0575e+01  14 1.00000e+00  
138.0 3.0532e+01  14 1.00000e+00  
138.1 3.0490e+01  14 1.00000e+00  
138.2 3.0433e+01  14 1.00000e+00  
138.3 3.0364e+01  14 1.00000e+00  
138.4 2.4258e+01  14 1.00000e+00  
138.5 2.4050e+01  14 1.00000e+00  
138.6 2.3971e+01  14 1.00000e+00  
138.7 2.3996e+01  14 1.00000e+00  
138.8 2.3996e+01  14 1.00000e+00  
138.9 2.4017e+01  14 1.00000e+00  
139.0 2.4325e+01  14 1.00000e+00  
139.1 2.4332e+01  14 1.00000e+00  
139.2 2.4336e+01  14 1.00000e+00  
139.3 2.4341e+01  14 1.00000e+00  
139.4 2.4369e+01  14 1.00000e+00  
139.5 2.4072e+01  14 1.00000e+00  
139.6 2.4088e+01  14 1.00000e+00  
139.7 2.4091e+01  14 1.00000e+00  
139.8 2.4104e+01  14 1.00000e+00  
139.9 2.4112e+01  14 1.00000e+00  
140.0 2.4184e+01  14 1.00000e+00  
140.1 2.4193e+01  14 1.00000e+00  
140.2 2.4181e+01  14 1.00000e+00  
140.3 2.4195e+01  14 1.00000e+00  
140.4 2.4209e+01  14 1.00000e+00  
140.5 2.4223e+01  14 1.00000e+00  
140.6 2.4234e+01  14 1.00000e+00  
140.7 2.4247e+01  14 1.00000e+00  
140.8 2.4260e+01  14 1.00000e+00  
140.9 2.4274e+01  14 1.00000e+00  
141.0 2.4287e+01  14 1.00000e+00  
141.1 2.7987e+01  14 1.00000e+00  
141.2 2.8024e+01  14 1.00000e+00  
141.3 2.8035e+01  14 1.00000e+00  
141.4 2.8522e+01  14 1.00000e+00  
141.5 2.8545e+01  14 1.00000e+00  
141.6 2.8591e+01  14 1.00000e+00  
141.7 2.8568e+01  14 1.00000e+00  
141.8 2.8610e+01  14 1.00000e+00  
141.9 2.8640e+01  14 1.00000e+00  
142.0 2.8667e+01  14 1.00000e+00  
142.1 2.8686e+01  14 1.00000e+00  
142.2 2.8695e+01  14 1.00000e+00  
142.3 2.8725e+01  14 1.00000e+00  
142.4 2.8747e+01  14 1.00000e+00  
142.5 2.8774e+01  14 1.00000e+00  
142.6 2.8798e+01  14 1.00000e+00  
142.7 2.8820e+01  14 1.00000e+00  
142.8 2.8844e+01  14 1.00000e+00  
142.9 2.8879e+01  14 1.00000e+00  
143.0 2.8911e+01  14 1.00000e+00  
143.1 2.8944e+01  14 1.00000e+00  
143.2 2.8970e+01  14 1.00000e+00  
143.3 2.8995e+01  14 1.00000e+00  
143.4 2.9486e+01  14 1.00000e+00  
143.5 2.9493e+01  14 1.00000e+00  
143.6 2.9514e+01  14 1.00000e+00  
143.7 2.9515e+01  14 1.00000e+00  
143.8 2.9552e+01  14 1.00000e+00  
143.9 2.9555e+01  14 1.00000e+00  
144.0 2.9591e+01  14 1.00000e+00  
144.1 2.9601e+01  14 1.00000e+00  
144.2 2.9631e+01  14 1.00000e+00  
144.3 2.9638e+01  14 1.00000e+00  
144.4 2.9672e+01  14 1.00000e+00  
144.5 2.9681e+01  14 1.00000e+00  
144.6 2.9718e+01  14 1.00000e+00  
144.7 2.9753e+01  14 1.00000e+00  
144.8 3.0280e+01  14 1.00000e+00  
144.9 3.0319e+01  14 1.00000e+00  
145.0 3.0346e+01  14 1.00000e+00  
145.1 3.0380e+01  14 1.00000e+00  
145.2 3.0402e+01  14 1.00000e+00  
145.3 3.0428e+01  14 1.00000e+00  
145.4 3.0454e+01  14 1.00000e+00  
145.5 3.0478e+01  14 1.00000e+00  
145.6 3.0500e+01  14 1.00000e+00  
145.7 3.0514e+01  14 1.00000e+00  
145.8 3.0531e+01  14 1.00000e+00  
145.9 3.0568e+01  14 1.00000e+00  
146.0 3.0593e+01  14 1.00000e+00  
146.1 3.0618e+01  14 1.00000e+00  
146.2 3.0624e+01  14 1.00000e+00  
146.3 3.0573e+01  14 1.00000e+00  
146.4 2.4110e+01  14 1.00000e+00  
146.5 2.4128e+01  14 1.00000e+00  
146.6 2.4074e+01  14 1.00000e+00  
146.7 2.4088e+01  14 1.00000e+00  
146.8 2.4091e+01  14 1.00000e+00  
146.9 2.4100e+01  14 1.00000e+00  
147.0 2.4105e+01  14 1.00000e+00  
147.1 2.4119e+01  14 1.00000e+00  
147.2 2.4138e+01  14 1.00000e+00  
147.3 2.4157e+01  14 1.00000e+00  
147.4 2.4168e+01  14 1.00000e+00  
147.5 2.4179e+01  14 1.00000e+00  
147.6 2.4188e+01  14 1.00000e+00  
147.7 2.4169e+01  14 1.00000e+00  
147.8 2.4182e+01  14 1.00000e+00  
147.9 2.4169e+01  14 1.00000e+00  
148.0 2.4183e+01  14 1.00000e+00  
148.1 2.4194e+01  14 1.00000e+00  
148.2 2.4201e+01  14 1.00000e+00  
148.3 2.4211e+01  14 1.00000e+00  
148.4 2.4051e+01  14 1.00000e+00  
148.5 2.3972e+01  14 1.00000e+00  
148.6 2.3992e+01  14 1.00000e+00  
148.7 2.4304e+01  14 1.00000e+00  
148.8 2.4314e+01  14 1.00000e+00  
148.9 2.4323e+01  14 1.00000e+00  
149.0 2.4331e+01  14 1.00000e+00  
149.1 2.8042e+01  14 1.00000e+00  
149.2 2.8074e+01  14 1.00000e+00  
149.3 2.8136e+01  14 1.00000e+00  
149.4 2.8147e+01  14 1.00000e+00  
149.5 2.8143e+01  14 1.00000e+00  
149.6 2.8177e+01  14 1.00000e+00  
149.7 2.8649e+01  14 1.00000e+00  
149.8 2.8674e+01  14 1.00000e+00  
149.9 2.8689e+01  14 1.00000e+00  
150.0 2.8709e+01  14 1.00000e+00  
