 15.1 1.4561e+00  13 4.49875e-02  
 15.2 1.4636e+00  13 4.53455e-02  
 15.3 1.4712e+00  13 4.56503e-02  
 15.4 1.4788e+00  13 4.59990e-02  
 15.5 1.4863e+00  13 4.63435e-02  
 15.6 1.4939e+00  13 4.66840e-02  
 15.7 1.5014e+00  13 4.70207e-02  
 15.8 1.5090e+00  13 4.73534e-02  
 15.9 1.5165e+00  13 4.76822e-02  
 16.0 1.5241e+00  13 4.80073e-02  
 16.1 1.5316e+00  13 4.83288e-02  
 16.2 1.5392e+00  13 4.86465e-02  
 16.3 1.5467e+00  13 4.89610e-02  
 16.4 1.5543e+00  13 4.92721e-02  
 16.5 1.5618e+00  13 4.95801e-02  
 16.6 1.5694e+00  13 4.98852e-02  
 16.7 1.5769e+00  13 5.01871e-02  
 16.8 1.5844e+00  13 5.04857e-02  
 16.9 1.5920e+00  13 5.07810e-02  
 17.0 1.5995e+00  13 5.10732e-02  
 17.1 1.6070e+00  13 5.13623e-02  
 17.2 1.6146e+00  13 5.16482e-02  
 17.3 1.6221e+00  13 5.19311e-02  
 17.4 1.6296e+00  13 5.21423e-02  
 17.5 1.6372e+00  13 5.24184e-02  
 17.6 1.6447e+00  13 5.26915e-02  
 17.7 1.6522e+00  13 5.29617e-02  
 17.8 1.6598e+00  13 5.32293e-02  
 17.9 1.6673e+00  13 5.34941e-02  
 18.0 1.6748e+00  13 5.37562e-02  
 18.1 1.6823e+00  13 5.40156e-02  
 18.2 1.6898e+00  13 5.42724e-02  
 18.3 1.6974e+00  13 5.45267e-02  
 18.4 1.7049e+00  13 5.47785e-02  
 18.5 1.7131e+00  13 5.50841e-02  
 18.6 1.7254e+00  13 5.56881e-02  
 18.7 1.7377e+00  13 5.62938e-02  
 18.8 1.7501e+00  13 5.69015e-02  
 18.9 1.7626e+00  13 5.75110e-02  
 19.0 1.7752e+00  13 5.81225e-02  
 19.1 1.7879e+00  13 5.87360e-02  
 19.2 1.8007e+00  13 5.93515e-02  
 19.3 1.8135e+00  13 5.99690e-02  
 19.4 1.8265e+00  13 6.05888e-02  
 19.5 1.8396e+00  13 6.12108e-02  
 19.6 1.8528e+00  13 6.18351e-02  
 19.7 1.8661e+00  13 6.24616e-02  
 19.8 1.8794e+00  13 6.30905e-02  
 19.9 1.8929e+00  13 6.37218e-02  
 20.0 1.9065e+00  13 6.43555e-02  
 20.1 1.9202e+00  13 6.49918e-02  
 20.2 1.7554e+01  14 1.00000e+00  
 20.3 1.7636e+01  14 1.00000e+00  
 20.4 1.7718e+01  14 1.00000e+00  
 20.5 1.7800e+01  14 1.00000e+00  
 20.6 1.7882e+01  14 1.00000e+00  
 20.7 1.7964e+01  14 1.00000e+00  
 20.8 1.8046e+01  14 1.00000e+00  
 20.9 1.8128e+01  14 1.00000e+00  
 21.0 1.8210e+01  14 1.00000e+00  
 21.1 1.8292e+01  14 1.00000e+00  
 21.2 1.8374e+01  14 1.00000e+00  
 21.3 1.8456e+01  14 1.00000e+00  
 21.4 1.8538e+01  14 1.00000e+00  
 21.5 1.8619e+01  14 1.00000e+00  
 21.6 1.8701e+01  14 1.00000e+00  
 21.7 1.8783e+01  14 1.00000e+00  
 21.8 1.8864e+01  14 1.00000e+00  
 21.9 1.8945e+01  14 1.00000e+00  
 22.0 1.9026e+01  14 1.00000e+00  
 22.1 1.9106e+01  14 1.00000e+00  
 22.2 1.9153e+01  14 1.00000e+00  
 22.3 1.9233e+01  14 1.00000e+00  
 22.4 1.9313e+01  14 1.00000e+00  
 22.5 1.9393e+01  14 1.00000e+00  
 22.6 1.9474e+01  14 1.00000e+00  
 22.7 1.9554e+01  14 1.00000e+00  
 22.8 1.9633e+01  14 1.00000e+00  
 22.9 1.9712e+01  14 1.00000e+00  
 23.0 1.9756e+01  14 1.00000e+00  
 23.1 5.5840e+00  14 2.47380e-01  
 23.2 5.6990e+00  14 2.52406e-01  
 23.3 5.8155e+00  14 2.57472e-01  
 23.4 5.9335e+00  14 2.62577e-01  
 23.5 6.0531e+00  14 2.67696e-01  
 23.6 6.1741e+00  14 2.72884e-01  
 23.7 6.2967e+00  14 2.78110e-01  
 23.8 6.4208e+00  14 2.83375e-01  
 23.9 6.5439e+00  14 2.89085e-01  
 24.0 6.6708e+00  14 2.94420e-01  
 24.1 6.7992e+00  14 2.99796e-01  
 24.2 6.9291e+00  14 3.05210e-01  
 24.3 7.0605e+00  14 3.10667e-01  
 24.4 7.1938e+00  14 3.16132e-01  
 24.5 7.3284e+00  14 3.21660e-01  
 24.6 7.4645e+00  14 3.27225e-01  
 24.7 7.6022e+00  14 3.32827e-01  
 24.8 7.7359e+00  14 3.38836e-01  
 24.9 7.8763e+00  14 3.44512e-01  
 25.0 8.0182e+00  14 3.50224e-01  
 25.1 8.1617e+00  14 3.55973e-01  
 25.2 8.3067e+00  14 3.61758e-01  
 25.3 8.4539e+00  14 3.67551e-01  
 25.4 8.6021e+00  14 3.73406e-01  
 25.5 8.7519e+00  14 3.79299e-01  
 25.6 8.9031e+00  14 3.85232e-01  
 25.7 9.0471e+00  14 3.91530e-01  
 25.8 9.2011e+00  14 3.97527e-01  
 25.9 9.3567e+00  14 4.03560e-01  
 26.0 9.5139e+00  14 4.09628e-01  
 26.1 9.6726e+00  14 4.15731e-01  
 26.2 9.8337e+00  14 4.21845e-01  
 26.3 9.9955e+00  14 4.28022e-01  
 26.4 1.0159e+01  14 4.34232e-01  
 26.5 1.0324e+01  14 4.40478e-01  
 26.6 1.0478e+01  14 4.47054e-01  
 26.7 1.0646e+01  14 4.53364e-01  
 26.8 1.0815e+01  14 4.59707e-01  
 26.9 1.0986e+01  14 4.66085e-01  
 27.0 1.1158e+01  14 4.72500e-01  
 27.1 1.1333e+01  14 4.78938e-01  
 27.2 1.1509e+01  14 4.85413e-01  
 27.3 1.1686e+01  14 4.91930e-01  
 27.4 1.1865e+01  14 4.98481e-01  
 27.5 1.2029e+01  14 5.05329e-01  
 27.6 1.2210e+01  14 5.11943e-01  
 27.7 1.2393e+01  14 5.18592e-01  
 27.8 1.2578e+01  14 5.25275e-01  
 27.9 1.2764e+01  14 5.31995e-01  
 28.0 1.2951e+01  14 5.38746e-01  
 28.1 1.3142e+01  14 5.45511e-01  
 28.2 1.3333e+01  14 5.52329e-01  
 28.3 1.3526e+01  14 5.59180e-01  
 28.4 1.3699e+01  14 5.66294e-01  
 28.5 1.3894e+01  14 5.73207e-01  
 28.6 1.4091e+01  14 5.80154e-01  
 28.7 1.4289e+01  14 5.87137e-01  
 28.8 1.4489e+01  14 5.94152e-01  
 28.9 1.4690e+01  14 6.01201e-01  
 29.0 1.4895e+01  14 6.08264e-01  
 29.1 1.5100e+01  14 6.15377e-01  
 29.2 1.5307e+01  14 6.22523e-01  
 29.3 1.5514e+01  14 6.29704e-01  
 29.4 1.5697e+01  14 6.37107e-01  
 29.5 1.5907e+01  14 6.44348e-01  
 29.6 1.6119e+01  14 6.51624e-01  
 29.7 1.6333e+01  14 6.58933e-01  
 29.8 1.6548e+01  14 6.66273e-01  
 29.9 1.6765e+01  14 6.73644e-01  
 30.0 1.6986e+01  14 6.81037e-01  
 30.1 1.7206e+01  14 6.88476e-01  
 30.2 1.7427e+01  14 6.95947e-01  
 30.3 1.7617e+01  14 7.03608e-01  
 30.4 1.7841e+01  14 7.11139e-01  
 30.5 1.8067e+01  14 7.18703e-01  
 30.6 1.8294e+01  14 7.26298e-01  
 30.7 1.8523e+01  14 7.33928e-01  
 30.8 1.8753e+01  14 7.41590e-01  
 30.9 1.8988e+01  14 7.49273e-01  
 31.0 1.9222e+01  14 7.57000e-01  
 31.1 1.9457e+01  14 7.64760e-01  
 31.2 1.9654e+01  14 7.72674e-01  
 31.3 1.9891e+01  14 7.80493e-01  
 31.4 2.0131e+01  14 7.88346e-01  
 31.5 2.0372e+01  14 7.96230e-01  
 31.6 2.0614e+01  14 8.04149e-01  
 31.7 2.0857e+01  14 8.12100e-01  
 31.8 2.1102e+01  14 8.20083e-01  
 31.9 2.1354e+01  14 8.28089e-01  
 32.0 2.1602e+01  14 8.36136e-01  
 32.1 2.1853e+01  14 8.44216e-01  
 32.2 2.2056e+01  14 8.52408e-01  
 32.3 2.2309e+01  14 8.60548e-01  
 32.4 2.2563e+01  14 8.68720e-01  
 32.5 2.2819e+01  14 8.76924e-01  
 32.6 2.3075e+01  14 8.85162e-01  
 32.7 2.3334e+01  14 8.93430e-01  
 32.8 2.3596e+01  14 9.01730e-01  
 32.9 2.3861e+01  14 9.10061e-01  
 33.0 2.4125e+01  14 9.18427e-01  
 33.1 2.4332e+01  14 9.26867e-01  
 33.2 2.4598e+01  14 9.35293e-01  
 33.3 2.4865e+01  14 9.43752e-01  
 33.4 2.5134e+01  14 9.52243e-01  
 33.5 2.5404e+01  14 9.60766e-01  
 33.6 2.5676e+01  14 9.69322e-01  
 33.7 2.5949e+01  14 9.77910e-01  
 33.8 2.6229e+01  14 9.86530e-01  
 33.9 2.6507e+01  14 9.95214e-01  
 34.0 2.6685e+01  14 1.00000e+00  
 34.1 2.6671e+01  14 1.00000e+00  
 34.2 2.6725e+01  14 1.00000e+00  
 34.3 2.6778e+01  14 1.00000e+00  
 34.4 2.6831e+01  14 1.00000e+00  
 34.5 2.6884e+01  14 1.00000e+00  
 34.6 2.6937e+01  14 1.00000e+00  
 34.7 2.6989e+01  14 1.00000e+00  
 34.8 2.7048e+01  14 1.00000e+00  
 34.9 2.7099e+01  14 1.00000e+00  
 35.0 2.7021e+01  14 1.00000e+00  
 35.1 2.7000e+01  14 1.00000e+00  
 35.2 2.7051e+01  14 1.00000e+00  
 35.3 2.7102e+01  14 1.00000e+00  
 35.4 2.7152e+01  14 1.00000e+00  
 35.5 2.7060e+01  14 1.00000e+00  
 35.6 2.7111e+01  14 1.00000e+00  
 35.7 2.7161e+01  14 1.00000e+00  
 35.8 2.7218e+01  14 1.00000e+00  
 35.9 2.7124e+01  14 1.00000e+00  
 36.0 2.7096e+01  14 1.00000e+00  
 36.1 2.7145e+01  14 1.00000e+00  
 36.2 2.7194e+01  14 1.00000e+00  
 36.3 2.7242e+01  14 1.00000e+00  
 36.4 2.7144e+01  14 1.00000e+00  
 36.5 2.5848e+01  14 1.00000e+00  
 36.6 2.3220e+01  14 1.00000e+00  
 36.7 2.0606e+01  14 1.00000e+00  
 36.8 1.8520e+01  14 1.00000e+00  
 36.9 1.6320e+01  14 1.00000e+00  
 37.0 1.4943e+01  14 1.00000e+00  
 37.1 1.3748e+01  14 1.00000e+00  
 37.2 1.3723e+01  14 1.00000e+00  
 37.3 1.3744e+01  14 1.00000e+00  
 37.4 1.3706e+01  14 1.00000e+00  
 37.5 1.3597e+01  14 1.00000e+00  
 37.6 1.3619e+01  14 1.00000e+00  
 37.7 1.3579e+01  14 1.00000e+00  
 37.8 1.3506e+01  14 1.00000e+00  
 37.9 1.3444e+01  14 1.00000e+00  
 38.0 1.3480e+01  14 1.00000e+00  
 38.1 1.3432e+01  14 1.00000e+00  
 38.2 1.3355e+01  14 1.00000e+00  
 38.3 1.3350e+01  14 1.00000e+00  
 38.4 1.3295e+01  14 1.00000e+00  
 38.5 1.3251e+01  14 1.00000e+00  
 38.6 1.3271e+01  14 1.00000e+00  
 38.7 1.3208e+01  14 1.00000e+00  
 38.8 1.3262e+01  14 1.00000e+00  
 38.9 1.3224e+01  14 1.00000e+00  
 39.0 1.3268e+01  14 1.00000e+00  
 39.1 1.3325e+01  14 1.00000e+00  
 39.2 1.3382e+01  14 1.00000e+00  
 39.3 1.3433e+01  14 1.00000e+00  
 39.4 1.3390e+01  14 1.00000e+00  
 39.5 1.3441e+01  14 1.00000e+00  
 39.6 1.3501e+01  14 1.00000e+00  
 39.7 1.3555e+01  14 1.00000e+00  
 39.8 1.3602e+01  14 1.00000e+00  
 39.9 1.3557e+01  14 1.00000e+00  
 40.0 1.3620e+01  14 1.00000e+00  
 40.1 1.3676e+01  14 1.00000e+00  
 40.2 1.3725e+01  14 1.00000e+00  
 40.3 1.3680e+01  14 1.00000e+00  
 40.4 1.3724e+01  14 1.00000e+00  
 40.5 1.3797e+01  14 1.00000e+00  
 40.6 1.3848e+01  14 1.00000e+00  
 40.7 1.3804e+01  14 1.00000e+00  
 40.8 1.3848e+01  14 1.00000e+00  
 40.9 1.3892e+01  14 1.00000e+00  
 41.0 1.3891e+01  14 1.00000e+00  
 41.1 1.3927e+01  14 1.00000e+00  
 41.2 1.3971e+01  14 1.00000e+00  
 41.3 1.3986e+01  14 1.00000e+00  
 41.4 1.4018e+01  14 1.00000e+00  
 41.5 1.4046e+01  14 1.00000e+00  
 41.6 1.4073e+01  14 1.00000e+00  
 41.7 1.3952e+01  14 1.00000e+00  
 41.8 1.3972e+01  14 1.00000e+00  
 41.9 1.4005e+01  14 1.00000e+00  
 42.0 1.4035e+01  14 1.00000e+00  
 42.1 1.4067e+01  14 1.00000e+00  
 42.2 1.4099e+01  14 1.00000e+00  
 42.3 1.4131e+01  14 1.00000e+00  
 42.4 1.4162e+01  14 1.00000e+00  
 42.5 1.4193e+01  14 1.00000e+00  
 42.6 1.4226e+01  14 1.00000e+00  
 42.7 1.4270e+01  14 1.00000e+00  
 42.8 1.4314e+01  14 1.00000e+00  
 42.9 1.4460e+01  14 1.00000e+00  
 43.0 1.4496e+01  14 1.00000e+00  
 43.1 1.4531e+01  14 1.00000e+00  
 43.2 1.4563e+01  14 1.00000e+00  
 43.3 1.4596e+01  14 1.00000e+00  
 43.4 1.4628e+01  14 1.00000e+00  
 43.5 1.4660e+01  14 1.00000e+00  
 43.6 1.4692e+01  14 1.00000e+00  
 43.7 1.4723e+01  14 1.00000e+00  
 43.8 1.4754e+01  14 1.00000e+00  
 43.9 1.4797e+01  14 1.00000e+00  
 44.0 1.4842e+01  14 1.00000e+00  
 44.1 1.4888e+01  14 1.00000e+00  
 44.2 1.5031e+01  14 1.00000e+00  
 44.3 1.5067e+01  14 1.00000e+00  
 44.4 1.5102e+01  14 1.00000e+00  
 44.5 1.5134e+01  14 1.00000e+00  
 44.6 1.5156e+01  14 1.00000e+00  
 44.7 1.5189e+01  14 1.00000e+00  
 44.8 1.5221e+01  14 1.00000e+00  
 44.9 1.5252e+01  14 1.00000e+00  
 45.0 1.5284e+01  14 1.00000e+00  
 45.1 1.5327e+01  14 1.00000e+00  
 45.2 1.5372e+01  14 1.00000e+00  
 45.3 1.5418e+01  14 1.00000e+00  
 45.4 1.5487e+01  14 1.00000e+00  
 45.5 1.5542e+01  14 1.00000e+00  
 45.6 1.5639e+01  14 1.00000e+00  
 45.7 1.5674e+01  14 1.00000e+00  
 45.8 1.5707e+01  14 1.00000e+00  
 45.9 1.5740e+01  14 1.00000e+00  
 46.0 1.5773e+01  14 1.00000e+00  
 46.1 1.5806e+01  14 1.00000e+00  
 46.2 1.5838e+01  14 1.00000e+00  
 46.3 1.5869e+01  14 1.00000e+00  
 46.4 1.5905e+01  14 1.00000e+00  
 46.5 1.5950e+01  14 1.00000e+00  
 46.6 1.6027e+01  14 1.00000e+00  
 46.7 1.6083e+01  14 1.00000e+00  
 46.8 1.6134e+01  14 1.00000e+00  
 46.9 1.6180e+01  14 1.00000e+00  
 47.0 1.6266e+01  14 1.00000e+00  
 47.1 1.6302e+01  14 1.00000e+00  
 47.2 1.6335e+01  14 1.00000e+00  
 47.3 1.6369e+01  14 1.00000e+00  
 47.4 1.6392e+01  14 1.00000e+00  
 47.5 1.6425e+01  14 1.00000e+00  
 47.6 1.6457e+01  14 1.00000e+00  
 47.7 1.6497e+01  14 1.00000e+00  
 47.8 1.6532e+01  14 1.00000e+00  
 47.9 1.6602e+01  14 1.00000e+00  
 48.0 1.6662e+01  14 1.00000e+00  
 48.1 1.6716e+01  14 1.00000e+00  
 48.2 1.6765e+01  14 1.00000e+00  
 48.3 1.6810e+01  14 1.00000e+00  
 48.4 1.6896e+01  14 1.00000e+00  
 48.5 1.6931e+01  14 1.00000e+00  
 48.6 1.6965e+01  14 1.00000e+00  
 48.7 1.6999e+01  14 1.00000e+00  
 48.8 1.7032e+01  14 1.00000e+00  
 48.9 1.7065e+01  14 1.00000e+00  
 49.0 1.7098e+01  14 1.00000e+00  
 49.1 1.7130e+01  14 1.00000e+00  
 49.2 1.7162e+01  14 1.00000e+00  
 49.3 1.7206e+01  14 1.00000e+00  
 49.4 1.7275e+01  14 1.00000e+00  
 49.5 1.7336e+01  14 1.00000e+00  
 49.6 1.7392e+01  14 1.00000e+00  
 49.7 1.7442e+01  14 1.00000e+00  
 49.8 1.7489e+01  14 1.00000e+00  
 49.9 1.7580e+01  14 1.00000e+00  
 50.0 1.7617e+01  14 1.00000e+00  
 50.1 1.7650e+01  14 1.00000e+00  
 50.2 1.7685e+01  14 1.00000e+00  
 50.3 1.7719e+01  14 1.00000e+00  
 50.4 1.7753e+01  14 1.00000e+00  
 50.5 1.7786e+01  14 1.00000e+00  
 50.6 1.7821e+01  14 1.00000e+00  
 50.7 1.7853e+01  14 1.00000e+00  
 50.8 1.7886e+01  14 1.00000e+00  
 50.9 1.7929e+01  14 1.00000e+00  
 51.0 1.7974e+01  14 1.00000e+00  
 51.1 1.8024e+01  14 1.00000e+00  
 51.2 1.8106e+01  14 1.00000e+00  
 51.3 1.8146e+01  14 1.00000e+00  
 51.4 1.8207e+01  14 1.00000e+00  
 51.5 1.8248e+01  14 1.00000e+00  
 51.6 1.8286e+01  14 1.00000e+00  
 51.7 1.8344e+01  14 1.00000e+00  
 51.8 1.8382e+01  14 1.00000e+00  
 51.9 1.8439e+01  14 1.00000e+00  
 52.0 1.8478e+01  14 1.00000e+00  
 52.1 1.8534e+01  14 1.00000e+00  
 52.2 1.8573e+01  14 1.00000e+00  
 52.3 1.8608e+01  14 1.00000e+00  
 52.4 1.8668e+01  14 1.00000e+00  
 52.5 1.8704e+01  14 1.00000e+00  
 52.6 1.8763e+01  14 1.00000e+00  
 52.7 1.8800e+01  14 1.00000e+00  
 52.8 1.8827e+01  14 1.00000e+00  
 52.9 1.8896e+01  14 1.00000e+00  
 53.0 1.8929e+01  14 1.00000e+00  
 53.1 1.8989e+01  14 1.00000e+00  
 53.2 1.9028e+01  14 1.00000e+00  
 53.3 1.9032e+01  14 1.00000e+00  
 53.4 1.9128e+01  14 1.00000e+00  
 53.5 1.9157e+01  14 1.00000e+00  
 53.6 1.9162e+01  14 1.00000e+00  
 53.7 1.9263e+01  14 1.00000e+00  
 53.8 1.9287e+01  14 1.00000e+00  
 53.9 1.9295e+01  14 1.00000e+00  
 54.0 1.9341e+01  14 1.00000e+00  
 54.1 1.9398e+01  14 1.00000e+00  
 54.2 1.9432e+01  14 1.00000e+00  
 54.3 1.9497e+01  14 1.00000e+00  
 54.4 1.9533e+01  14 1.00000e+00  
 54.5 1.9569e+01  14 1.00000e+00  
 54.6 1.9629e+01  14 1.00000e+00  
 54.7 1.9699e+01  14 1.00000e+00  
 54.8 1.9707e+01  14 1.00000e+00  
 54.9 1.9766e+01  14 1.00000e+00  
 55.0 1.9839e+01  14 1.00000e+00  
 55.1 1.9845e+01  14 1.00000e+00  
 55.2 1.9900e+01  14 1.00000e+00  
 55.3 1.9975e+01  14 1.00000e+00  
 55.4 2.0045e+01  14 1.00000e+00  
 55.5 2.0032e+01  14 1.00000e+00  
 55.6 2.0105e+01  14 1.00000e+00  
 55.7 2.0178e+01  14 1.00000e+00  
 55.8 2.0248e+01  14 1.00000e+00  
 55.9 2.0232e+01  14 1.00000e+00  
 56.0 2.0305e+01  14 1.00000e+00  
 56.1 2.0376e+01  14 1.00000e+00  
 56.2 2.0446e+01  14 1.00000e+00  
 56.3 2.0427e+01  14 1.00000e+00  
 56.4 2.0498e+01  14 1.00000e+00  
 56.5 2.0569e+01  14 1.00000e+00  
 56.6 2.0640e+01  14 1.00000e+00  
 56.7 2.0616e+01  14 1.00000e+00  
 56.8 2.0688e+01  14 1.00000e+00  
 56.9 2.0759e+01  14 1.00000e+00  
 57.0 2.0829e+01  14 1.00000e+00  
 57.1 2.0837e+01  14 1.00000e+00  
 57.2 2.0872e+01  14 1.00000e+00  
 57.3 2.0942e+01  14 1.00000e+00  
 57.4 2.1013e+01  14 1.00000e+00  
 57.5 2.1082e+01  14 1.00000e+00  
 57.6 2.1072e+01  14 1.00000e+00  
 57.7 2.1121e+01  14 1.00000e+00  
 57.8 2.1190e+01  14 1.00000e+00  
 57.9 2.1261e+01  14 1.00000e+00  
 58.0 2.1255e+01  14 1.00000e+00  
 58.1 2.1304e+01  14 1.00000e+00  
 58.2 2.1355e+01  14 1.00000e+00  
 58.3 2.1423e+01  14 1.00000e+00  
 58.4 2.1494e+01  14 1.00000e+00  
 58.5 2.1491e+01  14 1.00000e+00  
 58.6 2.1533e+01  14 1.00000e+00  
 58.7 2.1588e+01  14 1.00000e+00  
 58.8 2.1658e+01  14 1.00000e+00  
 58.9 2.1730e+01  14 1.00000e+00  
 59.0 2.1724e+01  14 1.00000e+00  
 59.1 2.1768e+01  14 1.00000e+00  
 59.2 2.1797e+01  14 1.00000e+00  
 59.3 2.1885e+01  14 1.00000e+00  
 59.4 2.1954e+01  14 1.00000e+00  
 59.5 2.1956e+01  14 1.00000e+00  
 59.6 2.2004e+01  14 1.00000e+00  
 59.7 2.2041e+01  14 1.00000e+00  
 59.8 2.2070e+01  14 1.00000e+00  
 59.9 2.2174e+01  14 1.00000e+00  
 60.0 2.2245e+01  14 1.00000e+00  
 60.1 2.2238e+01  14 1.00000e+00  
 60.2 2.2284e+01  14 1.00000e+00  
 60.3 2.2318e+01  14 1.00000e+00  
 60.4 2.2314e+01  14 1.00000e+00  
 60.5 2.2455e+01  14 1.00000e+00  
 60.6 2.2525e+01  14 1.00000e+00  
 60.7 2.2518e+01  14 1.00000e+00  
 60.8 2.2566e+01  14 1.00000e+00  
 60.9 2.2604e+01  14 1.00000e+00  
 61.0 2.2603e+01  14 1.00000e+00  
 61.1 2.2629e+01  14 1.00000e+00  
 61.2 2.2793e+01  14 1.00000e+00  
 61.3 2.2865e+01  14 1.00000e+00  
 61.4 2.2848e+01  14 1.00000e+00  
 61.5 2.2893e+01  14 1.00000e+00  
 61.6 2.2927e+01  14 1.00000e+00  
 61.7 2.2923e+01  14 1.00000e+00  
 61.8 2.2957e+01  14 1.00000e+00  
 61.9 2.3114e+01  14 1.00000e+00  
 62.0 2.3182e+01  14 1.00000e+00  
 62.1 2.3173e+01  14 1.00000e+00  
 62.2 2.3223e+01  14 1.00000e+00  
 62.3 2.3263e+01  14 1.00000e+00  
 62.4 2.3293e+01  14 1.00000e+00  
 62.5 2.3289e+01  14 1.00000e+00  
 62.6 2.3332e+01  14 1.00000e+00  
 62.7 2.3497e+01  14 1.00000e+00  
 62.8 2.3564e+01  14 1.00000e+00  
 62.9 2.3550e+01  14 1.00000e+00  
 63.0 2.3601e+01  14 1.00000e+00  
 63.1 2.3641e+01  14 1.00000e+00  
 63.2 2.3670e+01  14 1.00000e+00  
 63.3 2.3665e+01  14 1.00000e+00  
 63.4 2.3708e+01  14 1.00000e+00  
 63.5 2.3866e+01  14 1.00000e+00  
 63.6 2.3932e+01  14 1.00000e+00  
 63.7 2.4000e+01  14 1.00000e+00  
 63.8 2.3977e+01  14 1.00000e+00  
 63.9 2.4024e+01  14 1.00000e+00  
 64.0 2.4059e+01  14 1.00000e+00  
 64.1 2.4089e+01  14 1.00000e+00  
 64.2 2.4086e+01  14 1.00000e+00  
 64.3 2.4184e+01  14 1.00000e+00  
 64.4 2.4285e+01  14 1.00000e+00  
 64.5 2.4351e+01  14 1.00000e+00  
 64.6 2.4417e+01  14 1.00000e+00  
 64.7 2.4398e+01  14 1.00000e+00  
 64.8 2.4448e+01  14 1.00000e+00  
 64.9 2.4494e+01  14 1.00000e+00  
 65.0 2.4527e+01  14 1.00000e+00  
 65.1 2.4524e+01  14 1.00000e+00  
 65.2 2.4558e+01  14 1.00000e+00  
 65.3 2.4685e+01  14 1.00000e+00  
 65.4 2.4753e+01  14 1.00000e+00  
 65.5 2.4818e+01  14 1.00000e+00  
 65.6 2.4884e+01  14 1.00000e+00  
 65.7 2.4945e+01  14 1.00000e+00  
 65.8 2.4919e+01  14 1.00000e+00  
 65.9 2.4970e+01  14 1.00000e+00  
 66.0 2.5013e+01  14 1.00000e+00  
 66.1 2.5049e+01  14 1.00000e+00  
 66.2 2.5080e+01  14 1.00000e+00  
 66.3 2.5146e+01  14 1.00000e+00  
 66.4 2.5193e+01  14 1.00000e+00  
 66.5 2.5258e+01  14 1.00000e+00  
 66.6 2.5323e+01  14 1.00000e+00  
 66.7 2.5386e+01  14 1.00000e+00  
 66.8 2.5451e+01  14 1.00000e+00  
 66.9 2.5514e+01  14 1.00000e+00  
 67.0 2.5582e+01  14 1.00000e+00  
 67.1 2.5536e+01  14 1.00000e+00  
 67.2 2.5584e+01  14 1.00000e+00  
 67.3 2.5619e+01  14 1.00000e+00  
 67.4 2.5657e+01  14 1.00000e+00  
 67.5 2.5670e+01  14 1.00000e+00  
 67.6 2.5741e+01  14 1.00000e+00  
 67.7 2.5807e+01  14 1.00000e+00  
 67.8 2.5868e+01  14 1.00000e+00  
 67.9 2.5933e+01  14 1.00000e+00  
 68.0 2.5999e+01  14 1.00000e+00  
 68.1 2.6062e+01  14 1.00000e+00  
 68.2 2.6120e+01  14 1.00000e+00  
 68.3 2.6189e+01  14 1.00000e+00  
 68.4 2.6243e+01  14 1.00000e+00  
 68.5 2.6290e+01  14 1.00000e+00  
 68.6 2.6165e+01  14 1.00000e+00  
 68.7 2.6210e+01  14 1.00000e+00  
 68.8 2.6255e+01  14 1.00000e+00  
 68.9 2.6320e+01  14 1.00000e+00  
 69.0 2.6394e+01  14 1.00000e+00  
 69.1 2.6460e+01  14 1.00000e+00  
 69.2 2.6520e+01  14 1.00000e+00  
 69.3 2.6588e+01  14 1.00000e+00  
 69.4 2.6652e+01  14 1.00000e+00  
 69.5 2.6711e+01  14 1.00000e+00  
 69.6 2.6771e+01  14 1.00000e+00  
 69.7 2.6839e+01  14 1.00000e+00  
 69.8 2.6877e+01  14 1.00000e+00  
 69.9 2.6753e+01  14 1.00000e+00  
 70.0 2.6798e+01  14 1.00000e+00  
 70.1 2.6843e+01  14 1.00000e+00  
 70.2 2.6888e+01  14 1.00000e+00  
 70.3 2.6935e+01  14 1.00000e+00  
 70.4 2.7001e+01  14 1.00000e+00  
 70.5 2.7072e+01  14 1.00000e+00  
 70.6 2.7136e+01  14 1.00000e+00  
 70.7 2.7202e+01  14 1.00000e+00  
 70.8 2.7266e+01  14 1.00000e+00  
 70.9 2.7324e+01  14 1.00000e+00  
 71.0 2.7388e+01  14 1.00000e+00  
 71.1 2.7448e+01  14 1.00000e+00  
 71.2 2.7509e+01  14 1.00000e+00  
 71.3 2.7519e+01  14 1.00000e+00  
 71.4 2.7495e+01  14 1.00000e+00  
 71.5 2.7497e+01  14 1.00000e+00  
 71.6 2.7526e+01  14 1.00000e+00  
 71.7 2.7571e+01  14 1.00000e+00  
 71.8 2.7617e+01  14 1.00000e+00  
 71.9 2.7662e+01  14 1.00000e+00  
 72.0 2.7708e+01  14 1.00000e+00  
 72.1 2.7763e+01  14 1.00000e+00  
 72.2 2.7834e+01  14 1.00000e+00  
 72.3 2.7901e+01  14 1.00000e+00  
 72.4 2.7963e+01  14 1.00000e+00  
 72.5 2.8028e+01  14 1.00000e+00  
 72.6 2.8084e+01  14 1.00000e+00  
 72.7 2.8144e+01  14 1.00000e+00  
 72.8 2.8209e+01  14 1.00000e+00  
 72.9 2.8179e+01  14 1.00000e+00  
 73.0 2.8271e+01  14 1.00000e+00  
 73.1 2.8315e+01  14 1.00000e+00  
 73.2 2.8352e+01  14 1.00000e+00  
 73.3 2.8394e+01  14 1.00000e+00  
 73.4 2.8431e+01  14 1.00000e+00  
 73.5 2.8434e+01  14 1.00000e+00  
 73.6 2.8463e+01  14 1.00000e+00  
 73.7 2.8491e+01  14 1.00000e+00  
 73.8 2.8535e+01  14 1.00000e+00  
 73.9 2.8581e+01  14 1.00000e+00  
 74.0 2.8627e+01  14 1.00000e+00  
 74.1 2.8673e+01  14 1.00000e+00  
 74.2 2.8725e+01  14 1.00000e+00  
 74.3 2.8788e+01  14 1.00000e+00  
 74.4 2.8852e+01  14 1.00000e+00  
 74.5 2.8858e+01  14 1.00000e+00  
 74.6 2.9047e+01  14 1.00000e+00  
 74.7 2.9091e+01  14 1.00000e+00  
 74.8 2.9149e+01  14 1.00000e+00  
 74.9 2.9208e+01  14 1.00000e+00  
 75.0 2.9263e+01  14 1.00000e+00  
 75.1 2.9323e+01  14 1.00000e+00  
 75.2 2.9381e+01  14 1.00000e+00  
 75.3 2.9337e+01  14 1.00000e+00  
 75.4 2.9380e+01  14 1.00000e+00  
 75.5 2.9435e+01  14 1.00000e+00  
 75.6 2.9483e+01  14 1.00000e+00  
 75.7 2.9527e+01  14 1.00000e+00  
 75.8 2.9570e+01  14 1.00000e+00  
 75.9 2.9615e+01  14 1.00000e+00  
 76.0 2.9655e+01  14 1.00000e+00  
 76.1 2.9667e+01  14 1.00000e+00  
 76.2 2.9707e+01  14 1.00000e+00  
 76.3 2.9741e+01  14 1.00000e+00  
 76.4 2.9772e+01  14 1.00000e+00  
 76.5 2.9799e+01  14 1.00000e+00  
 76.6 2.9836e+01  14 1.00000e+00  
 76.7 2.9991e+01  14 1.00000e+00  
 76.8 3.0042e+01  14 1.00000e+00  
 76.9 3.0032e+01  14 1.00000e+00  
 77.0 3.0090e+01  14 1.00000e+00  
 77.1 3.0144e+01  14 1.00000e+00  
 77.2 3.0204e+01  14 1.00000e+00  
 77.3 3.0257e+01  14 1.00000e+00  
 77.4 3.0308e+01  14 1.00000e+00  
 77.5 3.0369e+01  14 1.00000e+00  
 77.6 3.0427e+01  14 1.00000e+00  
 77.7 3.0482e+01  14 1.00000e+00  
 77.8 3.0536e+01  14 1.00000e+00  
 77.9 3.0590e+01  14 1.00000e+00  
 78.0 3.0643e+01  14 1.00000e+00  
 78.1 3.0691e+01  14 1.00000e+00  
 78.2 3.0746e+01  14 1.00000e+00  
 78.3 3.0803e+01  14 1.00000e+00  
 78.4 3.0863e+01  14 1.00000e+00  
 78.5 3.0915e+01  14 1.00000e+00  
 78.6 3.0949e+01  14 1.00000e+00  
 78.7 3.0988e+01  14 1.00000e+00  
 78.8 3.1003e+01  14 1.00000e+00  
 78.9 3.0985e+01  14 1.00000e+00  
 79.0 3.0976e+01  14 1.00000e+00  
 79.1 3.1135e+01  14 1.00000e+00  
 79.2 3.1176e+01  14 1.00000e+00  
 79.3 3.1223e+01  14 1.00000e+00  
 79.4 3.1263e+01  14 1.00000e+00  
 79.5 3.1283e+01  14 1.00000e+00  
 79.6 3.1321e+01  14 1.00000e+00  
 79.7 3.1367e+01  14 1.00000e+00  
 79.8 3.1412e+01  14 1.00000e+00  
 79.9 3.1458e+01  14 1.00000e+00  
 80.0 3.1496e+01  14 1.00000e+00  
 80.1 3.1533e+01  14 1.00000e+00  
 80.2 3.1568e+01  14 1.00000e+00  
 80.3 3.1602e+01  14 1.00000e+00  
 80.4 3.1635e+01  14 1.00000e+00  
 80.5 3.1675e+01  14 1.00000e+00  
 80.6 3.1720e+01  14 1.00000e+00  
 80.7 3.1767e+01  14 1.00000e+00  
 80.8 3.1814e+01  14 1.00000e+00  
 80.9 3.1862e+01  14 1.00000e+00  
 81.0 3.1909e+01  14 1.00000e+00  
 81.1 3.1961e+01  14 1.00000e+00  
 81.2 3.2013e+01  14 1.00000e+00  
 81.3 3.2066e+01  14 1.00000e+00  
 81.4 3.2122e+01  14 1.00000e+00  
 81.5 3.2177e+01  14 1.00000e+00  
 81.6 3.2232e+01  14 1.00000e+00  
 81.7 3.2275e+01  14 1.00000e+00  
 81.8 3.2305e+01  14 1.00000e+00  
 81.9 3.2439e+01  14 1.00000e+00  
 82.0 3.2522e+01  14 1.00000e+00  
 82.1 3.2550e+01  14 1.00000e+00  
 82.2 3.2598e+01  14 1.00000e+00  
 82.3 3.2658e+01  14 1.00000e+00  
 82.4 3.2706e+01  14 1.00000e+00  
 82.5 3.2757e+01  14 1.00000e+00  
 82.6 3.2814e+01  14 1.00000e+00  
 82.7 3.2854e+01  14 1.00000e+00  
 82.8 3.2914e+01  14 1.00000e+00  
 82.9 3.2968e+01  14 1.00000e+00  
 83.0 3.3007e+01  14 1.00000e+00  
 83.1 3.3065e+01  14 1.00000e+00  
 83.2 3.3121e+01  14 1.00000e+00  
 83.3 3.3167e+01  14 1.00000e+00  
 83.4 3.3211e+01  14 1.00000e+00  
 83.5 3.3270e+01  14 1.00000e+00  
 83.6 3.3323e+01  14 1.00000e+00  
 83.7 3.3356e+01  14 1.00000e+00  
 83.8 3.3318e+01  14 1.00000e+00  
 83.9 3.3458e+01  14 1.00000e+00  
 84.0 3.3559e+01  14 1.00000e+00  
 84.1 3.3604e+01  14 1.00000e+00  
 84.2 3.3645e+01  14 1.00000e+00  
 84.3 3.3702e+01  14 1.00000e+00  
 84.4 3.3756e+01  14 1.00000e+00  
 84.5 3.3808e+01  14 1.00000e+00  
 84.6 3.3858e+01  14 1.00000e+00  
 84.7 3.3903e+01  14 1.00000e+00  
 84.8 3.3961e+01  14 1.00000e+00  
 84.9 3.4002e+01  14 1.00000e+00  
 85.0 3.4068e+01  14 1.00000e+00  
 85.1 3.4025e+01  14 1.00000e+00  
 85.2 3.4077e+01  14 1.00000e+00  
 85.3 3.4125e+01  14 1.00000e+00  
 85.4 3.4173e+01  14 1.00000e+00  
 85.5 3.4221e+01  14 1.00000e+00  
 85.6 3.4269e+01  14 1.00000e+00  
 85.7 3.4324e+01  14 1.00000e+00  
 85.8 3.4377e+01  14 1.00000e+00  
 85.9 3.4429e+01  14 1.00000e+00  
 86.0 3.4476e+01  14 1.00000e+00  
 86.1 3.4524e+01  14 1.00000e+00  
 86.2 3.4569e+01  14 1.00000e+00  
 86.3 3.4619e+01  14 1.00000e+00  
 86.4 3.4673e+01  14 1.00000e+00  
 86.5 3.4726e+01  14 1.00000e+00  
 86.6 3.4777e+01  14 1.00000e+00  
 86.7 3.4828e+01  14 1.00000e+00  
 86.8 3.4880e+01  14 1.00000e+00  
 86.9 3.4930e+01  14 1.00000e+00  
 87.0 3.4978e+01  14 1.00000e+00  
 87.1 3.5026e+01  14 1.00000e+00  
 87.2 3.5075e+01  14 1.00000e+00  
 87.3 3.5124e+01  14 1.00000e+00  
 87.4 3.5173e+01  14 1.00000e+00  
 87.5 3.5222e+01  14 1.00000e+00  
 87.6 3.5261e+01  14 1.00000e+00  
 87.7 3.5321e+01  14 1.00000e+00  
 87.8 3.5362e+01  14 1.00000e+00  
 87.9 3.5410e+01  14 1.00000e+00  
 88.0 3.5460e+01  14 1.00000e+00  
 88.1 3.5511e+01  14 1.00000e+00  
 88.2 3.5562e+01  14 1.00000e+00  
 88.3 3.5612e+01  14 1.00000e+00  
 88.4 3.5662e+01  14 1.00000e+00  
 88.5 3.5712e+01  14 1.00000e+00  
 88.6 3.5762e+01  14 1.00000e+00  
 88.7 3.5811e+01  14 1.00000e+00  
 88.8 3.5860e+01  14 1.00000e+00  
 88.9 3.5909e+01  14 1.00000e+00  
 89.0 3.5957e+01  14 1.00000e+00  
 89.1 3.6004e+01  14 1.00000e+00  
 89.2 3.6056e+01  14 1.00000e+00  
 89.3 3.6115e+01  14 1.00000e+00  
 89.4 3.6165e+01  14 1.00000e+00  
 89.5 3.6205e+01  14 1.00000e+00  
 89.6 3.6266e+01  14 1.00000e+00  
 89.7 3.6302e+01  14 1.00000e+00  
 89.8 3.6399e+01  14 1.00000e+00  
 89.9 3.6406e+01  14 1.00000e+00  
 90.0 3.6342e+01  14 1.00000e+00  
 90.1 3.6527e+01  14 1.00000e+00  
 90.2 3.6576e+01  14 1.00000e+00  
 90.3 3.6625e+01  14 1.00000e+00  
 90.4 3.6673e+01  14 1.00000e+00  
 90.5 3.6721e+01  14 1.00000e+00  
 90.6 3.6768e+01  14 1.00000e+00  
 90.7 3.6814e+01  14 1.00000e+00  
 90.8 3.6859e+01  14 1.00000e+00  
 90.9 3.6906e+01  14 1.00000e+00  
 91.0 3.6967e+01  14 1.00000e+00  
 91.1 3.7019e+01  14 1.00000e+00  
 91.2 3.7067e+01  14 1.00000e+00  
 91.3 3.7113e+01  14 1.00000e+00  
 91.4 3.7157e+01  14 1.00000e+00  
 91.5 3.7196e+01  14 1.00000e+00  
 91.6 3.7258e+01  14 1.00000e+00  
 91.7 3.7310e+01  14 1.00000e+00  
 91.8 3.7361e+01  14 1.00000e+00  
 91.9 3.7405e+01  14 1.00000e+00  
 92.0 3.7443e+01  14 1.00000e+00  
 92.1 3.7500e+01  14 1.00000e+00  
 92.2 3.7635e+01  14 1.00000e+00  
 92.3 3.7629e+01  14 1.00000e+00  
 92.4 3.7642e+01  14 1.00000e+00  
 92.5 3.7702e+01  14 1.00000e+00  
 92.6 3.7752e+01  14 1.00000e+00  
 92.7 3.7889e+01  14 1.00000e+00  
 92.8 3.7930e+01  14 1.00000e+00  
 92.9 3.7984e+01  14 1.00000e+00  
 93.0 3.8029e+01  14 1.00000e+00  
 93.1 3.8069e+01  14 1.00000e+00  
 93.2 3.8128e+01  14 1.00000e+00  
 93.3 3.8161e+01  14 1.00000e+00  
 93.4 3.8223e+01  14 1.00000e+00  
 93.5 3.8265e+01  14 1.00000e+00  
 93.6 3.8314e+01  14 1.00000e+00  
 93.7 3.8362e+01  14 1.00000e+00  
 93.8 3.8407e+01  14 1.00000e+00  
 93.9 3.8455e+01  14 1.00000e+00  
 94.0 3.8501e+01  14 1.00000e+00  
 94.1 3.8546e+01  14 1.00000e+00  
 94.2 3.8572e+01  14 1.00000e+00  
 94.3 3.8590e+01  14 1.00000e+00  
 94.4 3.8547e+01  14 1.00000e+00  
 94.5 3.8730e+01  14 1.00000e+00  
 94.6 3.8799e+01  14 1.00000e+00  
 94.7 3.8843e+01  14 1.00000e+00  
 94.8 3.8892e+01  14 1.00000e+00  
 94.9 3.8936e+01  14 1.00000e+00  
 95.0 3.8984e+01  14 1.00000e+00  
 95.1 3.9027e+01  14 1.00000e+00  
 95.2 3.9077e+01  14 1.00000e+00  
 95.3 3.9117e+01  14 1.00000e+00  
 95.4 3.9166e+01  14 1.00000e+00  
 95.5 3.9215e+01  14 1.00000e+00  
 95.6 3.9250e+01  14 1.00000e+00  
 95.7 3.9305e+01  14 1.00000e+00  
 95.8 3.9357e+01  14 1.00000e+00  
 95.9 3.9397e+01  14 1.00000e+00  
 96.0 3.9428e+01  14 1.00000e+00  
 96.1 3.9491e+01  14 1.00000e+00  
 96.2 3.9542e+01  14 1.00000e+00  
 96.3 3.9584e+01  14 1.00000e+00  
 96.4 3.9623e+01  14 1.00000e+00  
 96.5 3.9658e+01  14 1.00000e+00  
 96.6 3.9720e+01  14 1.00000e+00  
 96.7 3.9769e+01  14 1.00000e+00  
 96.8 3.9812e+01  14 1.00000e+00  
 96.9 3.9847e+01  14 1.00000e+00  
 97.0 3.9873e+01  14 1.00000e+00  
 97.1 3.9937e+01  14 1.00000e+00  
 97.2 4.0100e+01  14 1.00000e+00  
 97.3 4.0154e+01  14 1.00000e+00  
 97.4 4.0216e+01  14 1.00000e+00  
 97.5 4.0121e+01  14 1.00000e+00  
 97.6 4.0161e+01  14 1.00000e+00  
 97.7 4.0205e+01  14 1.00000e+00  
 97.8 4.0281e+01  14 1.00000e+00  
 97.9 4.0356e+01  14 1.00000e+00  
 98.0 4.0427e+01  14 1.00000e+00  
 98.1 4.0506e+01  14 1.00000e+00  
 98.2 4.0541e+01  14 1.00000e+00  
 98.3 4.0596e+01  14 1.00000e+00  
 98.4 4.0642e+01  14 1.00000e+00  
 98.5 4.0695e+01  14 1.00000e+00  
 98.6 4.0749e+01  14 1.00000e+00  
 98.7 4.0801e+01  14 1.00000e+00  
 98.8 4.0854e+01  14 1.00000e+00  
 98.9 4.0915e+01  14 1.00000e+00  
 99.0 4.0971e+01  14 1.00000e+00  
 99.1 4.1002e+01  14 1.00000e+00  
 99.2 4.1052e+01  14 1.00000e+00  
 99.3 4.1103e+01  14 1.00000e+00  
 99.4 4.1152e+01  14 1.00000e+00  
 99.5 4.1201e+01  14 1.00000e+00  
 99.6 4.1251e+01  14 1.00000e+00  
 99.7 4.1300e+01  14 1.00000e+00  
 99.8 4.1349e+01  14 1.00000e+00  
 99.9 4.1402e+01  14 1.00000e+00  
100.0 4.1455e+01  14 1.00000e+00  
100.1 4.1489e+01  14 1.00000e+00  
100.2 4.1526e+01  14 1.00000e+00  
100.3 4.1598e+01  14 1.00000e+00  
100.4 4.1634e+01  14 1.00000e+00  
100.5 4.1672e+01  14 1.00000e+00  
100.6 4.1748e+01  14 1.00000e+00  
100.7 4.1785e+01  14 1.00000e+00  
100.8 4.1823e+01  14 1.00000e+00  
100.9 4.1862e+01  14 1.00000e+00  
101.0 4.1903e+01  14 1.00000e+00  
101.1 4.1982e+01  14 1.00000e+00  
101.2 4.2024e+01  14 1.00000e+00  
101.3 4.2066e+01  14 1.00000e+00  
101.4 4.2109e+01  14 1.00000e+00  
101.5 4.2153e+01  14 1.00000e+00  
101.6 4.2198e+01  14 1.00000e+00  
101.7 4.2245e+01  14 1.00000e+00  
101.8 4.2292e+01  14 1.00000e+00  
101.9 4.2383e+01  14 1.00000e+00  
102.0 4.2434e+01  14 1.00000e+00  
102.1 4.2486e+01  14 1.00000e+00  
102.2 4.2563e+01  14 1.00000e+00  
102.3 4.2652e+01  14 1.00000e+00  
102.4 4.2741e+01  14 1.00000e+00  
102.5 4.2830e+01  14 1.00000e+00  
102.6 4.2919e+01  14 1.00000e+00  
102.7 4.3008e+01  14 1.00000e+00  
102.8 4.3097e+01  14 1.00000e+00  
102.9 4.3186e+01  14 1.00000e+00  
103.0 4.3275e+01  14 1.00000e+00  
103.1 4.3364e+01  14 1.00000e+00  
103.2 4.3453e+01  14 1.00000e+00  
103.3 4.3542e+01  14 1.00000e+00  
103.4 4.3631e+01  14 1.00000e+00  
103.5 4.3721e+01  14 1.00000e+00  
103.6 4.3810e+01  14 1.00000e+00  
103.7 4.3899e+01  14 1.00000e+00  
103.8 4.3988e+01  14 1.00000e+00  
103.9 4.4072e+01  14 1.00000e+00  
104.0 4.4161e+01  14 1.00000e+00  
104.1 4.4250e+01  14 1.00000e+00  
104.2 4.4339e+01  14 1.00000e+00  
104.3 4.4428e+01  14 1.00000e+00  
104.4 4.4518e+01  14 1.00000e+00  
104.5 4.4607e+01  14 1.00000e+00  
104.6 4.4696e+01  14 1.00000e+00  
104.7 4.4785e+01  14 1.00000e+00  
104.8 4.4874e+01  14 1.00000e+00  
104.9 4.4963e+01  14 1.00000e+00  
105.0 4.5053e+01  14 1.00000e+00  
105.1 4.5142e+01  14 1.00000e+00  
105.2 4.5231e+01  14 1.00000e+00  
105.3 4.5320e+01  14 1.00000e+00  
105.4 4.5409e+01  14 1.00000e+00  
105.5 4.5498e+01  14 1.00000e+00  
105.6 4.5588e+01  14 1.00000e+00  
105.7 4.5677e+01  14 1.00000e+00  
105.8 4.5766e+01  14 1.00000e+00  
105.9 4.5855e+01  14 1.00000e+00  
106.0 4.5944e+01  14 1.00000e+00  
106.1 4.6034e+01  14 1.00000e+00  
106.2 4.6123e+01  14 1.00000e+00  
106.3 4.6212e+01  14 1.00000e+00  
106.4 4.6301e+01  14 1.00000e+00  
106.5 4.6391e+01  14 1.00000e+00  
106.6 4.6480e+01  14 1.00000e+00  
106.7 4.6569e+01  14 1.00000e+00  
106.8 4.6658e+01  14 1.00000e+00  
106.9 4.6748e+01  14 1.00000e+00  
107.0 4.6837e+01  14 1.00000e+00  
107.1 4.6926e+01  14 1.00000e+00  
107.2 4.7015e+01  14 1.00000e+00  
107.3 4.7105e+01  14 1.00000e+00  
107.4 4.7194e+01  14 1.00000e+00  
107.5 4.7283e+01  14 1.00000e+00  
107.6 4.7372e+01  14 1.00000e+00  
107.7 4.7462e+01  14 1.00000e+00  
107.8 4.7551e+01  14 1.00000e+00  
107.9 4.7640e+01  14 1.00000e+00  
108.0 4.7729e+01  14 1.00000e+00  
108.1 4.7819e+01  14 1.00000e+00  
108.2 4.7908e+01  14 1.00000e+00  
108.3 4.7997e+01  14 1.00000e+00  
108.4 4.8087e+01  14 1.00000e+00  
108.5 4.8176e+01  14 1.00000e+00  
108.6 4.8265e+01  14 1.00000e+00  
108.7 4.8354e+01  14 1.00000e+00  
108.8 4.8444e+01  14 1.00000e+00  
108.9 4.8533e+01  14 1.00000e+00  
109.0 4.8622e+01  14 1.00000e+00  
109.1 4.8711e+01  14 1.00000e+00  
109.2 4.8801e+01  14 1.00000e+00  
109.3 4.8890e+01  14 1.00000e+00  
109.4 4.8979e+01  14 1.00000e+00  
109.5 4.9068e+01  14 1.00000e+00  
109.6 4.9158e+01  14 1.00000e+00  
109.7 4.9247e+01  14 1.00000e+00  
109.8 4.9336e+01  14 1.00000e+00  
109.9 4.9426e+01  14 1.00000e+00  
110.0 4.9515e+01  14 1.00000e+00  
110.1 4.9604e+01  14 1.00000e+00  
110.2 4.9693e+01  14 1.00000e+00  
110.3 4.9783e+01  14 1.00000e+00  
110.4 4.9872e+01  14 1.00000e+00  
110.5 4.9961e+01  14 1.00000e+00  
110.6 5.0050e+01  14 1.00000e+00  
110.7 5.0140e+01  14 1.00000e+00  
110.8 5.0229e+01  14 1.00000e+00  
110.9 5.0318e+01  14 1.00000e+00  
111.0 5.0407e+01  14 1.00000e+00  
111.1 5.0492e+01  14 1.00000e+00  
111.2 5.0581e+01  14 1.00000e+00  
111.3 5.0670e+01  14 1.00000e+00  
111.4 5.0760e+01  14 1.00000e+00  
111.5 5.0849e+01  14 1.00000e+00  
111.6 5.0938e+01  14 1.00000e+00  
111.7 5.1027e+01  14 1.00000e+00  
111.8 5.1117e+01  14 1.00000e+00  
111.9 5.1206e+01  14 1.00000e+00  
112.0 5.1295e+01  14 1.00000e+00  
112.1 5.1384e+01  14 1.00000e+00  
112.2 5.1474e+01  14 1.00000e+00  
112.3 5.1563e+01  14 1.00000e+00  
112.4 5.1652e+01  14 1.00000e+00  
112.5 5.1741e+01  14 1.00000e+00  
112.6 5.1830e+01  14 1.00000e+00  
112.7 5.1920e+01  14 1.00000e+00  
112.8 5.2009e+01  14 1.00000e+00  
112.9 5.2098e+01  14 1.00000e+00  
113.0 5.2187e+01  14 1.00000e+00  
113.1 5.2276e+01  14 1.00000e+00  
113.2 5.2365e+01  14 1.00000e+00  
113.3 5.2455e+01  14 1.00000e+00  
113.4 5.2544e+01  14 1.00000e+00  
113.5 5.2633e+01  14 1.00000e+00  
113.6 5.2722e+01  14 1.00000e+00  
113.7 5.2811e+01  14 1.00000e+00  
113.8 5.2900e+01  14 1.00000e+00  
113.9 5.2989e+01  14 1.00000e+00  
114.0 5.3079e+01  14 1.00000e+00  
114.1 5.3168e+01  14 1.00000e+00  
114.2 5.3257e+01  14 1.00000e+00  
114.3 5.3346e+01  14 1.00000e+00  
114.4 5.3435e+01  14 1.00000e+00  
114.5 5.3524e+01  14 1.00000e+00  
114.6 5.3613e+01  14 1.00000e+00  
114.7 5.3702e+01  14 1.00000e+00  
114.8 5.3791e+01  14 1.00000e+00  
114.9 5.3881e+01  14 1.00000e+00  
115.0 5.3970e+01  14 1.00000e+00  
115.1 5.4059e+01  14 1.00000e+00  
115.2 5.4148e+01  14 1.00000e+00  
115.3 5.4237e+01  14 1.00000e+00  
115.4 5.4326e+01  14 1.00000e+00  
115.5 5.4415e+01  14 1.00000e+00  
115.6 5.4504e+01  14 1.00000e+00  
115.7 5.4593e+01  14 1.00000e+00  
115.8 5.4682e+01  14 1.00000e+00  
115.9 5.4771e+01  14 1.00000e+00  
116.0 5.4860e+01  14 1.00000e+00  
116.1 5.4949e+01  14 1.00000e+00  
116.2 5.5038e+01  14 1.00000e+00  
116.3 5.5127e+01  14 1.00000e+00  
116.4 5.5216e+01  14 1.00000e+00  
116.5 5.5305e+01  14 1.00000e+00  
116.6 5.5394e+01  14 1.00000e+00  
116.7 5.5483e+01  14 1.00000e+00  
116.8 5.5572e+01  14 1.00000e+00  
116.9 5.5661e+01  14 1.00000e+00  
117.0 5.5750e+01  14 1.00000e+00  
117.1 5.5839e+01  14 1.00000e+00  
117.2 5.5927e+01  14 1.00000e+00  
117.3 5.6016e+01  14 1.00000e+00  
117.4 5.6105e+01  14 1.00000e+00  
117.5 5.6194e+01  14 1.00000e+00  
117.6 5.6283e+01  14 1.00000e+00  
117.7 5.6372e+01  14 1.00000e+00  
117.8 5.6461e+01  14 1.00000e+00  
117.9 5.6550e+01  14 1.00000e+00  
118.0 5.6639e+01  14 1.00000e+00  
118.1 5.6727e+01  14 1.00000e+00  
118.2 5.6816e+01  14 1.00000e+00  
118.3 5.6905e+01  14 1.00000e+00  
118.4 5.6994e+01  14 1.00000e+00  
118.5 5.7083e+01  14 1.00000e+00  
118.6 5.7172e+01  14 1.00000e+00  
118.7 5.7260e+01  14 1.00000e+00  
118.8 5.7349e+01  14 1.00000e+00  
118.9 5.7434e+01  14 1.00000e+00  
119.0 5.7523e+01  14 1.00000e+00  
119.1 5.7611e+01  14 1.00000e+00  
119.2 5.7700e+01  14 1.00000e+00  
119.3 5.7789e+01  14 1.00000e+00  
119.4 5.7878e+01  14 1.00000e+00  
119.5 5.7966e+01  14 1.00000e+00  
119.6 5.8055e+01  14 1.00000e+00  
119.7 5.8144e+01  14 1.00000e+00  
119.8 5.8232e+01  14 1.00000e+00  
119.9 5.8321e+01  14 1.00000e+00  
120.0 5.8410e+01  14 1.00000e+00  
120.1 5.8499e+01  14 1.00000e+00  
120.2 5.8587e+01  14 1.00000e+00  
120.3 5.8676e+01  14 1.00000e+00  
120.4 5.8765e+01  14 1.00000e+00  
120.5 5.8853e+01  14 1.00000e+00  
120.6 5.8942e+01  14 1.00000e+00  
120.7 5.9030e+01  14 1.00000e+00  
120.8 5.9119e+01  14 1.00000e+00  
120.9 5.9208e+01  14 1.00000e+00  
121.0 5.9296e+01  14 1.00000e+00  
121.1 5.9385e+01  14 1.00000e+00  
121.2 5.9473e+01  14 1.00000e+00  
121.3 5.9562e+01  14 1.00000e+00  
121.4 5.9651e+01  14 1.00000e+00  
121.5 5.9739e+01  14 1.00000e+00  
121.6 5.9828e+01  14 1.00000e+00  
121.7 5.9916e+01  14 1.00000e+00  
121.8 6.0005e+01  14 1.00000e+00  
121.9 6.0093e+01  14 1.00000e+00  
122.0 6.0182e+01  14 1.00000e+00  
122.1 6.0270e+01  14 1.00000e+00  
122.2 6.0359e+01  14 1.00000e+00  
122.3 6.0447e+01  14 1.00000e+00  
122.4 6.0536e+01  14 1.00000e+00  
122.5 6.0624e+01  14 1.00000e+00  
122.6 6.0713e+01  14 1.00000e+00  
122.7 6.0801e+01  14 1.00000e+00  
122.8 6.0889e+01  14 1.00000e+00  
122.9 6.0978e+01  14 1.00000e+00  
123.0 6.1066e+01  14 1.00000e+00  
123.1 6.1155e+01  14 1.00000e+00  
123.2 6.1243e+01  14 1.00000e+00  
123.3 6.1332e+01  14 1.00000e+00  
123.4 6.1420e+01  14 1.00000e+00  
123.5 6.1508e+01  14 1.00000e+00  
123.6 6.1597e+01  14 1.00000e+00  
123.7 6.1685e+01  14 1.00000e+00  
123.8 6.1773e+01  14 1.00000e+00  
123.9 6.1862e+01  14 1.00000e+00  
124.0 6.1950e+01  14 1.00000e+00  
124.1 6.2038e+01  14 1.00000e+00  
124.2 6.2126e+01  14 1.00000e+00  
124.3 6.2215e+01  14 1.00000e+00  
124.4 6.2303e+01  14 1.00000e+00  
124.5 6.2391e+01  14 1.00000e+00  
124.6 6.2479e+01  14 1.00000e+00  
124.7 6.2567e+01  14 1.00000e+00  
124.8 6.2655e+01  14 1.00000e+00  
124.9 6.2744e+01  14 1.00000e+00  
125.0 6.2832e+01  14 1.00000e+00  
125.1 6.2920e+01  14 1.00000e+00  
125.2 6.3008e+01  14 1.00000e+00  
125.3 6.3096e+01  14 1.00000e+00  
125.4 6.3184e+01  14 1.00000e+00  
125.5 6.3272e+01  14 1.00000e+00  
125.6 6.3360e+01  14 1.00000e+00  
125.7 6.3448e+01  14 1.00000e+00  
125.8 6.3537e+01  14 1.00000e+00  
125.9 6.3625e+01  14 1.00000e+00  
126.0 6.3713e+01  14 1.00000e+00  
126.1 6.3801e+01  14 1.00000e+00  
126.2 6.3889e+01  14 1.00000e+00  
126.3 6.3977e+01  14 1.00000e+00  
126.4 6.4065e+01  14 1.00000e+00  
126.5 6.4153e+01  14 1.00000e+00  
126.6 6.4241e+01  14 1.00000e+00  
126.7 6.4329e+01  14 1.00000e+00  
126.8 6.4417e+01  14 1.00000e+00  
126.9 6.4504e+01  14 1.00000e+00  
127.0 6.4592e+01  14 1.00000e+00  
127.1 6.4680e+01  14 1.00000e+00  
127.2 6.4768e+01  14 1.00000e+00  
127.3 6.4856e+01  14 1.00000e+00  
127.4 6.4940e+01  14 1.00000e+00  
127.5 6.5028e+01  14 1.00000e+00  
127.6 6.5116e+01  14 1.00000e+00  
127.7 6.5204e+01  14 1.00000e+00  
127.8 6.5292e+01  14 1.00000e+00  
127.9 6.5380e+01  14 1.00000e+00  
128.0 6.5467e+01  14 1.00000e+00  
128.1 6.5555e+01  14 1.00000e+00  
128.2 6.5643e+01  14 1.00000e+00  
128.3 6.5731e+01  14 1.00000e+00  
128.4 6.5818e+01  14 1.00000e+00  
128.5 6.5906e+01  14 1.00000e+00  
128.6 6.5994e+01  14 1.00000e+00  
128.7 6.6082e+01  14 1.00000e+00  
128.8 6.6169e+01  14 1.00000e+00  
128.9 6.6257e+01  14 1.00000e+00  
129.0 6.6345e+01  14 1.00000e+00  
129.1 6.6433e+01  14 1.00000e+00  
129.2 6.6520e+01  14 1.00000e+00  
129.3 6.6608e+01  14 1.00000e+00  
129.4 6.6695e+01  14 1.00000e+00  
129.5 6.6783e+01  14 1.00000e+00  
129.6 6.6871e+01  14 1.00000e+00  
129.7 6.6958e+01  14 1.00000e+00  
129.8 6.7046e+01  14 1.00000e+00  
129.9 6.7134e+01  14 1.00000e+00  
130.0 6.7221e+01  14 1.00000e+00  
130.1 6.7309e+01  14 1.00000e+00  
130.2 6.7396e+01  14 1.00000e+00  
130.3 6.7484e+01  14 1.00000e+00  
130.4 6.7571e+01  14 1.00000e+00  
130.5 6.7659e+01  14 1.00000e+00  
130.6 6.7746e+01  14 1.00000e+00  
130.7 6.7834e+01  14 1.00000e+00  
130.8 6.7921e+01  14 1.00000e+00  
130.9 6.8009e+01  14 1.00000e+00  
131.0 6.8096e+01  14 1.00000e+00  
131.1 6.7219e+01  14 1.00000e+00  
131.2 6.7307e+01  14 1.00000e+00  
131.3 6.7394e+01  14 1.00000e+00  
131.4 6.7481e+01  14 1.00000e+00  
131.5 6.7353e+01  14 1.00000e+00  
131.6 6.7440e+01  14 1.00000e+00  
131.7 6.7527e+01  14 1.00000e+00  
131.8 6.7613e+01  14 1.00000e+00  
131.9 6.7700e+01  14 1.00000e+00  
132.0 6.7787e+01  14 1.00000e+00  
132.1 6.6829e+01  14 1.00000e+00  
132.2 6.6916e+01  14 1.00000e+00  
132.3 6.7002e+01  14 1.00000e+00  
132.4 6.7089e+01  14 1.00000e+00  
132.5 6.7176e+01  14 1.00000e+00  
132.6 6.7262e+01  14 1.00000e+00  
132.7 6.7349e+01  14 1.00000e+00  
132.8 6.7435e+01  14 1.00000e+00  
132.9 6.7522e+01  14 1.00000e+00  
133.0 6.7608e+01  14 1.00000e+00  
133.1 6.7695e+01  14 1.00000e+00  
133.2 6.7781e+01  14 1.00000e+00  
133.3 6.7868e+01  14 1.00000e+00  
133.4 6.7954e+01  14 1.00000e+00  
133.5 6.8040e+01  14 1.00000e+00  
133.6 6.8127e+01  14 1.00000e+00  
133.7 6.8213e+01  14 1.00000e+00  
133.8 6.8300e+01  14 1.00000e+00  
133.9 6.8386e+01  14 1.00000e+00  
134.0 6.8473e+01  14 1.00000e+00  
134.1 6.8559e+01  14 1.00000e+00  
134.2 6.8645e+01  14 1.00000e+00  
134.3 6.8732e+01  14 1.00000e+00  
134.4 6.8818e+01  14 1.00000e+00  
134.5 6.8904e+01  14 1.00000e+00  
134.6 6.8991e+01  14 1.00000e+00  
134.7 6.9077e+01  14 1.00000e+00  
134.8 6.6748e+01  14 1.00000e+00  
134.9 6.6833e+01  14 1.00000e+00  
135.0 6.6918e+01  14 1.00000e+00  
135.1 6.7004e+01  14 1.00000e+00  
135.2 6.7089e+01  14 1.00000e+00  
135.3 6.7174e+01  14 1.00000e+00  
135.4 6.7259e+01  14 1.00000e+00  
135.5 6.7344e+01  14 1.00000e+00  
135.6 6.7429e+01  14 1.00000e+00  
135.7 6.7514e+01  14 1.00000e+00  
135.8 6.7599e+01  14 1.00000e+00  
135.9 6.7684e+01  14 1.00000e+00  
136.0 6.7769e+01  14 1.00000e+00  
136.1 6.7854e+01  14 1.00000e+00  
136.2 6.7939e+01  14 1.00000e+00  
136.3 6.8024e+01  14 1.00000e+00  
136.4 6.8110e+01  14 1.00000e+00  
136.5 6.8195e+01  14 1.00000e+00  
136.6 6.8279e+01  14 1.00000e+00  
136.7 6.8365e+01  14 1.00000e+00  
136.8 6.8449e+01  14 1.00000e+00  
136.9 6.8534e+01  14 1.00000e+00  
137.0 6.8619e+01  14 1.00000e+00  
137.1 6.8704e+01  14 1.00000e+00  
137.2 6.8789e+01  14 1.00000e+00  
137.3 6.8874e+01  14 1.00000e+00  
137.4 6.8959e+01  14 1.00000e+00  
137.5 6.9044e+01  14 1.00000e+00  
137.6 6.9129e+01  14 1.00000e+00  
137.7 6.9214e+01  14 1.00000e+00  
137.8 6.9299e+01  14 1.00000e+00  
137.9 6.9384e+01  14 1.00000e+00  
138.0 6.9469e+01  14 1.00000e+00  
138.1 6.9554e+01  14 1.00000e+00  
138.2 6.8849e+01  14 1.00000e+00  
138.3 6.8934e+01  14 1.00000e+00  
138.4 6.9019e+01  14 1.00000e+00  
138.5 6.9104e+01  14 1.00000e+00  
138.6 6.9189e+01  14 1.00000e+00  
138.7 6.9274e+01  14 1.00000e+00  
138.8 6.9359e+01  14 1.00000e+00  
138.9 6.9444e+01  14 1.00000e+00  
139.0 6.9529e+01  14 1.00000e+00  
139.1 6.9614e+01  14 1.00000e+00  
139.2 6.9699e+01  14 1.00000e+00  
139.3 6.9785e+01  14 1.00000e+00  
139.4 6.9870e+01  14 1.00000e+00  
139.5 6.9955e+01  14 1.00000e+00  
139.6 7.0040e+01  14 1.00000e+00  
139.7 7.0125e+01  14 1.00000e+00  
139.8 7.0210e+01  14 1.00000e+00  
139.9 7.0295e+01  14 1.00000e+00  
140.0 7.0380e+01  14 1.00000e+00  
140.1 7.0465e+01  14 1.00000e+00  
140.2 7.0550e+01  14 1.00000e+00  
140.3 7.0635e+01  14 1.00000e+00  
140.4 7.0720e+01  14 1.00000e+00  
140.5 7.0805e+01  14 1.00000e+00  
140.6 7.0890e+01  14 1.00000e+00  
140.7 7.0975e+01  14 1.00000e+00  
140.8 7.1060e+01  14 1.00000e+00  
140.9 7.1145e+01  14 1.00000e+00  
141.0 7.1230e+01  14 1.00000e+00  
141.1 7.1315e+01  14 1.00000e+00  
141.2 7.1400e+01  14 1.00000e+00  
141.3 7.1484e+01  14 1.00000e+00  
141.4 7.1569e+01  14 1.00000e+00  
141.5 7.1654e+01  14 1.00000e+00  
141.6 7.1739e+01  14 1.00000e+00  
141.7 7.1824e+01  14 1.00000e+00  
141.8 7.1909e+01  14 1.00000e+00  
141.9 7.1994e+01  14 1.00000e+00  
142.0 7.2079e+01  14 1.00000e+00  
142.1 7.2164e+01  14 1.00000e+00  
142.2 7.2249e+01  14 1.00000e+00  
142.3 7.2334e+01  14 1.00000e+00  
142.4 7.2419e+01  14 1.00000e+00  
142.5 7.2503e+01  14 1.00000e+00  
142.6 7.2588e+01  14 1.00000e+00  
142.7 7.2673e+01  14 1.00000e+00  
142.8 7.2758e+01  14 1.00000e+00  
142.9 7.2843e+01  14 1.00000e+00  
143.0 7.2928e+01  14 1.00000e+00  
143.1 7.3009e+01  14 1.00000e+00  
143.2 7.3094e+01  14 1.00000e+00  
143.3 7.3179e+01  14 1.00000e+00  
143.4 7.3264e+01  14 1.00000e+00  
143.5 7.3349e+01  14 1.00000e+00  
143.6 7.3434e+01  14 1.00000e+00  
143.7 7.3518e+01  14 1.00000e+00  
143.8 6.8177e+01  14 1.00000e+00  
143.9 6.8258e+01  14 1.00000e+00  
144.0 6.8339e+01  14 1.00000e+00  
144.1 6.8421e+01  14 1.00000e+00  
144.2 6.8502e+01  14 1.00000e+00  
144.3 6.8584e+01  14 1.00000e+00  
144.4 6.8665e+01  14 1.00000e+00  
144.5 6.8746e+01  14 1.00000e+00  
144.6 6.7951e+01  14 1.00000e+00  
144.7 6.8031e+01  14 1.00000e+00  
144.8 6.8111e+01  14 1.00000e+00  
144.9 6.8191e+01  14 1.00000e+00  
145.0 6.8271e+01  14 1.00000e+00  
145.1 6.8351e+01  14 1.00000e+00  
145.2 6.8431e+01  14 1.00000e+00  
145.3 6.8511e+01  14 1.00000e+00  
145.4 6.8591e+01  14 1.00000e+00  
145.5 6.8671e+01  14 1.00000e+00  
145.6 6.8751e+01  14 1.00000e+00  
145.7 6.8831e+01  14 1.00000e+00  
145.8 6.8910e+01  14 1.00000e+00  
145.9 6.8990e+01  14 1.00000e+00  
146.0 6.9070e+01  14 1.00000e+00  
146.1 6.9150e+01  14 1.00000e+00  
146.2 6.9230e+01  14 1.00000e+00  
146.3 6.9310e+01  14 1.00000e+00  
146.4 6.9390e+01  14 1.00000e+00  
146.5 6.9469e+01  14 1.00000e+00  
146.6 6.9549e+01  14 1.00000e+00  
146.7 6.9629e+01  14 1.00000e+00  
146.8 6.9709e+01  14 1.00000e+00  
146.9 6.9788e+01  14 1.00000e+00  
147.0 6.9868e+01  14 1.00000e+00  
147.1 6.9948e+01  14 1.00000e+00  
147.2 7.0028e+01  14 1.00000e+00  
147.3 7.0107e+01  14 1.00000e+00  
147.4 7.0187e+01  14 1.00000e+00  
147.5 7.0267e+01  14 1.00000e+00  
147.6 7.0347e+01  14 1.00000e+00  
147.7 7.0427e+01  14 1.00000e+00  
147.8 7.0508e+01  14 1.00000e+00  
147.9 7.0588e+01  14 1.00000e+00  
148.0 7.0668e+01  14 1.00000e+00  
148.1 7.0748e+01  14 1.00000e+00  
148.2 7.0828e+01  14 1.00000e+00  
148.3 7.0908e+01  14 1.00000e+00  
148.4 7.0988e+01  14 1.00000e+00  
148.5 7.1068e+01  14 1.00000e+00  
148.6 7.1148e+01  14 1.00000e+00  
148.7 7.1229e+01  14 1.00000e+00  
148.8 7.1309e+01  14 1.00000e+00  
148.9 7.1389e+01  14 1.00000e+00  
149.0 7.1469e+01  14 1.00000e+00  
149.1 7.1549e+01  14 1.00000e+00  
149.2 7.1629e+01  14 1.00000e+00  
149.3 7.1709e+01  14 1.00000e+00  
149.4 7.1789e+01  14 1.00000e+00  
149.5 7.1869e+01  14 1.00000e+00  
149.6 7.1949e+01  14 1.00000e+00  
149.7 7.2029e+01  14 1.00000e+00  
149.8 7.2109e+01  14 1.00000e+00  
149.9 7.1522e+01  14 1.00000e+00  
150.0 7.1602e+01  14 1.00000e+00  
