 15.1 1.3116e+00  13 8.48306e-02  
 15.2 1.3185e+00  13 8.87508e-02  
 15.3 1.3255e+00  13 9.10244e-02  
 15.4 1.3325e+00  13 9.49569e-02  
 15.5 1.3394e+00  13 9.79524e-02  
 15.6 1.3464e+00  13 1.01280e-01  
 15.7 1.3533e+00  13 1.05257e-01  
 15.8 1.3603e+00  13 1.08055e-01  
 15.9 1.3672e+00  13 1.12930e-01  
 16.0 1.3742e+00  13 1.15374e-01  
 16.1 1.3889e+00  13 1.24786e-01  
 16.2 1.3959e+00  13 1.27406e-01  
 16.3 1.4030e+00  13 1.28859e-01  
 16.4 1.4100e+00  13 1.28763e-01  
 16.5 1.4171e+00  13 1.30535e-01  
 16.6 1.4241e+00  13 1.30258e-01  
 16.7 1.4311e+00  13 1.31560e-01  
 16.8 1.4381e+00  13 1.32852e-01  
 16.9 1.4451e+00  13 1.32812e-01  
 17.0 1.4521e+00  13 1.34351e-01  
 17.1 1.4591e+00  13 1.35765e-01  
 17.2 1.4661e+00  13 1.35715e-01  
 17.3 1.4731e+00  13 1.36495e-01  
 17.4 1.4801e+00  13 1.37562e-01  
 17.5 1.4871e+00  13 1.38100e-01  
 17.6 1.4940e+00  13 1.39085e-01  
 17.7 1.5010e+00  13 1.38694e-01  
 17.8 1.5079e+00  13 1.39568e-01  
 17.9 1.5148e+00  13 1.41688e-01  
 18.0 1.5217e+00  13 1.41355e-01  
 18.1 1.5286e+00  13 1.41704e-01  
 18.2 1.5460e+00  13 1.44842e-01  
 18.3 1.5531e+00  13 1.44624e-01  
 18.4 1.5601e+00  13 1.45398e-01  
 18.5 1.5671e+00  13 1.45703e-01  
 18.6 1.5741e+00  13 1.46294e-01  
 18.7 1.5811e+00  13 1.46780e-01  
 18.8 1.5881e+00  13 1.47243e-01  
 18.9 1.5949e+00  13 1.47575e-01  
 19.0 1.6018e+00  13 1.48065e-01  
 19.1 1.6086e+00  13 1.48442e-01  
 19.2 1.6155e+00  13 1.48940e-01  
 19.3 1.6224e+00  13 1.49464e-01  
 19.4 1.6293e+00  13 1.49317e-01  
 19.5 1.6364e+00  13 1.50059e-01  
 19.6 1.6433e+00  13 1.50629e-01  
 19.7 1.6503e+00  13 1.51243e-01  
 19.8 1.6572e+00  13 1.51834e-01  
 19.9 1.6641e+00  13 1.51932e-01  
 20.0 1.6709e+00  13 1.52631e-01  
 20.1 1.6778e+00  13 1.52748e-01  
 20.2 1.6846e+00  13 1.53502e-01  
 20.3 1.6915e+00  13 1.53622e-01  
 20.4 1.6983e+00  13 1.53166e-01  
 20.5 1.7051e+00  13 1.53595e-01  
 20.6 1.7119e+00  13 1.54018e-01  
 20.7 1.7187e+00  13 1.54431e-01  
 20.8 1.7251e+00  13 1.54810e-01  
 20.9 1.7369e+00  13 1.56533e-01  
 21.0 1.7471e+00  13 1.57933e-01  
 21.1 1.7807e+00  13 1.61330e-01  
 21.2 1.7892e+00  13 1.62187e-01  
 21.3 1.7998e+00  13 1.63607e-01  
 21.4 1.8105e+00  13 1.65067e-01  
 21.5 1.8214e+00  13 1.66278e-01  
 21.6 1.8323e+00  13 1.66592e-01  
 21.7 1.8430e+00  13 1.67830e-01  
 21.8 1.8538e+00  13 1.69633e-01  
 21.9 1.8143e+00  13 1.61328e-01  
 22.0 1.8194e+00  13 1.69299e-01  
 22.1 1.8215e+00  13 1.69405e-01  
 22.2 1.8239e+00  13 1.69531e-01  
 22.3 1.8240e+00  13 1.69538e-01  
 22.4 1.8255e+00  13 1.69615e-01  
 22.5 1.8270e+00  13 1.69694e-01  
 22.6 1.8283e+00  13 1.69761e-01  
 22.7 1.8297e+00  13 1.69832e-01  
 22.8 1.8312e+00  13 1.69909e-01  
 22.9 1.8322e+00  13 1.69960e-01  
 23.0 1.8343e+00  13 1.70067e-01  
 23.1 1.8339e+00  13 1.70049e-01  
 23.2 1.8360e+00  13 1.70154e-01  
 23.3 1.8376e+00  13 1.70237e-01  
 23.4 1.8382e+00  13 1.70270e-01  
 23.5 1.8403e+00  13 1.70373e-01  
 23.6 1.8421e+00  13 1.70467e-01  
 23.7 1.8430e+00  13 1.70509e-01  
 23.8 1.8447e+00  13 1.70596e-01  
 23.9 1.8463e+00  13 1.70677e-01  
 24.0 1.8479e+00  13 1.70754e-01  
 24.1 1.8493e+00  13 1.70827e-01  
 24.2 1.8507e+00  13 1.70897e-01  
 24.3 1.8521e+00  13 1.70966e-01  
 24.4 1.8534e+00  13 1.71030e-01  
 24.5 1.8546e+00  13 1.71087e-01  
 24.6 1.8563e+00  13 1.71172e-01  
 24.7 1.8578e+00  13 1.71245e-01  
 24.8 1.8596e+00  13 1.71335e-01  
 24.9 1.8609e+00  13 1.71400e-01  
 25.0 1.8619e+00  13 1.71447e-01  
 25.1 1.8638e+00  13 1.71542e-01  
 25.2 1.8657e+00  13 1.71632e-01  
 25.3 1.8672e+00  13 1.71703e-01  
 25.4 1.8685e+00  13 1.71767e-01  
 25.5 1.8691e+00  13 1.71796e-01  
 25.6 1.8726e+00  13 1.71962e-01  
 25.7 1.8738e+00  13 1.72021e-01  
 25.8 1.8750e+00  13 1.72079e-01  
 25.9 1.8762e+00  13 1.72137e-01  
 26.0 1.8775e+00  13 1.72199e-01  
 26.1 1.8780e+00  13 1.72221e-01  
 26.2 1.8936e+00  13 1.72954e-01  
 26.3 1.8944e+00  13 1.72993e-01  
 26.4 1.8970e+00  13 1.73116e-01  
 26.5 1.8985e+00  13 1.73186e-01  
 26.6 1.9002e+00  13 1.73262e-01  
 26.7 1.9020e+00  13 1.73343e-01  
 26.8 1.9048e+00  13 1.73473e-01  
 26.9 1.9054e+00  13 1.73501e-01  
 27.0 1.9085e+00  13 1.73643e-01  
 27.1 1.9091e+00  13 1.73668e-01  
 27.2 1.9117e+00  13 1.73789e-01  
 27.3 1.9137e+00  13 1.73879e-01  
 27.4 1.9157e+00  13 1.73969e-01  
 27.5 1.9172e+00  13 1.74037e-01  
 27.6 1.9194e+00  13 1.74136e-01  
 27.7 1.9214e+00  13 1.74222e-01  
 27.8 1.9230e+00  13 1.74296e-01  
 27.9 7.1055e+00  14 1.00000e+00  
 28.0 7.1166e+00  14 1.00000e+00  
 28.1 7.1256e+00  14 1.00000e+00  
 28.2 7.1352e+00  14 1.00000e+00  
 28.3 7.1447e+00  14 1.00000e+00  
 28.4 7.1529e+00  14 1.00000e+00  
 28.5 7.1615e+00  14 1.00000e+00  
 28.6 7.1686e+00  14 1.00000e+00  
 28.7 7.1754e+00  14 1.00000e+00  
 28.8 7.1797e+00  14 1.00000e+00  
 28.9 7.1966e+00  14 1.00000e+00  
 29.0 7.2032e+00  14 1.00000e+00  
 29.1 7.2062e+00  14 1.00000e+00  
 29.2 7.2222e+00  14 1.00000e+00  
 29.3 7.2276e+00  14 1.00000e+00  
 29.4 7.2320e+00  14 1.00000e+00  
 29.5 7.2445e+00  14 1.00000e+00  
 29.6 7.2553e+00  14 1.00000e+00  
 29.7 7.2603e+00  14 1.00000e+00  
 29.8 7.2705e+00  14 1.00000e+00  
 29.9 7.2783e+00  14 1.00000e+00  
 30.0 7.2910e+00  14 1.00000e+00  
 30.1 7.3002e+00  14 1.00000e+00  
 30.2 7.3088e+00  14 1.00000e+00  
 30.3 7.3157e+00  14 1.00000e+00  
 30.4 7.3282e+00  14 1.00000e+00  
 30.5 7.3366e+00  14 1.00000e+00  
 30.6 7.3439e+00  14 1.00000e+00  
 30.7 7.3498e+00  14 1.00000e+00  
 30.8 7.3644e+00  14 1.00000e+00  
 30.9 7.3704e+00  14 1.00000e+00  
 31.0 7.3805e+00  14 1.00000e+00  
 31.1 7.3883e+00  14 1.00000e+00  
 31.2 7.4002e+00  14 1.00000e+00  
 31.3 7.4090e+00  14 1.00000e+00  
 31.4 7.4194e+00  14 1.00000e+00  
 31.5 7.4246e+00  14 1.00000e+00  
 31.6 7.4327e+00  14 1.00000e+00  
 31.7 7.4447e+00  14 1.00000e+00  
 31.8 7.4514e+00  14 1.00000e+00  
 31.9 7.4590e+00  14 1.00000e+00  
 32.0 7.4704e+00  14 1.00000e+00  
 32.1 7.4744e+00  14 1.00000e+00  
 32.2 7.4826e+00  14 1.00000e+00  
 32.3 7.4949e+00  14 1.00000e+00  
 32.4 7.4996e+00  14 1.00000e+00  
 32.5 7.5041e+00  14 1.00000e+00  
 32.6 7.5094e+00  14 1.00000e+00  
 32.7 7.4391e+00  14 1.00000e+00  
 32.8 7.4456e+00  14 1.00000e+00  
 32.9 7.4539e+00  14 1.00000e+00  
 33.0 7.4591e+00  14 1.00000e+00  
 33.1 7.4653e+00  14 1.00000e+00  
 33.2 7.4737e+00  14 1.00000e+00  
 33.3 7.4788e+00  14 1.00000e+00  
 33.4 7.4830e+00  14 1.00000e+00  
 33.5 7.4946e+00  14 1.00000e+00  
 33.6 7.5000e+00  14 1.00000e+00  
 33.7 7.5047e+00  14 1.00000e+00  
 33.8 7.5098e+00  14 1.00000e+00  
 33.9 7.5164e+00  14 1.00000e+00  
 34.0 7.5232e+00  14 1.00000e+00  
 34.1 7.5294e+00  14 1.00000e+00  
 34.2 7.5395e+00  14 1.00000e+00  
 34.3 7.5452e+00  14 1.00000e+00  
 34.4 7.5531e+00  14 1.00000e+00  
 34.5 7.5648e+00  14 1.00000e+00  
 34.6 7.5677e+00  14 1.00000e+00  
 34.7 7.5734e+00  14 1.00000e+00  
 34.8 7.5823e+00  14 1.00000e+00  
 34.9 7.5903e+00  14 1.00000e+00  
 35.0 7.6003e+00  14 1.00000e+00  
 35.1 7.6043e+00  14 1.00000e+00  
 35.2 7.6178e+00  14 1.00000e+00  
 35.3 7.6245e+00  14 1.00000e+00  
 35.4 7.6338e+00  14 1.00000e+00  
 35.5 7.6374e+00  14 1.00000e+00  
 35.6 7.6378e+00  14 1.00000e+00  
 35.7 7.6495e+00  14 1.00000e+00  
 35.8 7.6616e+00  14 1.00000e+00  
 35.9 7.6610e+00  14 1.00000e+00  
 36.0 7.6697e+00  14 1.00000e+00  
 36.1 7.6773e+00  14 1.00000e+00  
 36.2 7.6841e+00  14 1.00000e+00  
 36.3 7.6901e+00  14 1.00000e+00  
 36.4 7.6908e+00  14 1.00000e+00  
 36.5 7.7036e+00  14 1.00000e+00  
 36.6 7.7121e+00  14 1.00000e+00  
 36.7 7.7163e+00  14 1.00000e+00  
 36.8 7.7209e+00  14 1.00000e+00  
 36.9 7.7244e+00  14 1.00000e+00  
 37.0 7.7359e+00  14 1.00000e+00  
 37.1 7.7338e+00  14 1.00000e+00  
 37.2 7.7395e+00  14 1.00000e+00  
 37.3 7.7386e+00  14 1.00000e+00  
 37.4 7.7524e+00  14 1.00000e+00  
 37.5 7.7516e+00  14 1.00000e+00  
 37.6 7.7585e+00  14 1.00000e+00  
 37.7 7.7645e+00  14 1.00000e+00  
 37.8 7.7762e+00  14 1.00000e+00  
 37.9 7.7806e+00  14 1.00000e+00  
 38.0 7.7824e+00  14 1.00000e+00  
 38.1 7.7904e+00  14 1.00000e+00  
 38.2 7.7966e+00  14 1.00000e+00  
 38.3 7.8046e+00  14 1.00000e+00  
 38.4 7.8095e+00  14 1.00000e+00  
 38.5 7.8158e+00  14 1.00000e+00  
 38.6 7.8275e+00  14 1.00000e+00  
 38.7 7.8373e+00  14 1.00000e+00  
 38.8 7.8334e+00  14 1.00000e+00  
 38.9 7.9772e+00  14 1.00000e+00  
 39.0 7.9886e+00  14 1.00000e+00  
 39.1 7.9911e+00  14 1.00000e+00  
 39.2 7.9974e+00  14 1.00000e+00  
 39.3 8.0027e+00  14 1.00000e+00  
 39.4 8.0123e+00  14 1.00000e+00  
 39.5 8.0237e+00  14 1.00000e+00  
 39.6 8.0227e+00  14 1.00000e+00  
 39.7 8.0395e+00  14 1.00000e+00  
 39.8 8.0416e+00  14 1.00000e+00  
 39.9 8.0527e+00  14 1.00000e+00  
 40.0 8.0555e+00  14 1.00000e+00  
 40.1 8.0619e+00  14 1.00000e+00  
 40.2 8.0639e+00  14 1.00000e+00  
 40.3 8.0717e+00  14 1.00000e+00  
 40.4 8.0779e+00  14 1.00000e+00  
 40.5 8.0914e+00  14 1.00000e+00  
 40.6 8.0996e+00  14 1.00000e+00  
 40.7 8.1050e+00  14 1.00000e+00  
 40.8 8.1136e+00  14 1.00000e+00  
 40.9 8.1184e+00  14 1.00000e+00  
 41.0 8.1211e+00  14 1.00000e+00  
 41.1 8.1220e+00  14 1.00000e+00  
 41.2 8.1305e+00  14 1.00000e+00  
 41.3 8.1421e+00  14 1.00000e+00  
 41.4 8.1422e+00  14 1.00000e+00  
 41.5 8.1483e+00  14 1.00000e+00  
 41.6 8.1529e+00  14 1.00000e+00  
 41.7 8.1628e+00  14 1.00000e+00  
 41.8 8.1625e+00  14 1.00000e+00  
 41.9 8.1719e+00  14 1.00000e+00  
 42.0 8.1703e+00  14 1.00000e+00  
 42.1 8.1826e+00  14 1.00000e+00  
 42.2 8.1852e+00  14 1.00000e+00  
 42.3 8.1917e+00  14 1.00000e+00  
 42.4 8.1953e+00  14 1.00000e+00  
 42.5 8.2025e+00  14 1.00000e+00  
 42.6 8.2115e+00  14 1.00000e+00  
 42.7 8.2213e+00  14 1.00000e+00  
 42.8 8.2232e+00  14 1.00000e+00  
 42.9 5.4946e+00  14 6.26370e-01  
 43.0 5.4936e+00  14 6.26372e-01  
 43.1 5.5009e+00  14 6.26357e-01  
 43.2 5.5043e+00  14 6.26353e-01  
 43.3 5.5077e+00  14 6.26350e-01  
 43.4 5.5154e+00  14 6.26352e-01  
 43.5 5.5154e+00  14 6.26352e-01  
 43.6 5.5191e+00  14 6.26356e-01  
 43.7 5.5241e+00  14 6.26364e-01  
 43.8 5.5283e+00  14 6.26374e-01  
 43.9 5.5319e+00  14 6.26385e-01  
 44.0 5.5345e+00  14 6.26393e-01  
 44.1 5.5395e+00  14 6.26413e-01  
 44.2 5.5418e+00  14 6.26423e-01  
 44.3 5.5409e+00  14 6.26420e-01  
 44.4 5.5513e+00  14 6.26473e-01  
 44.5 5.5533e+00  14 6.26485e-01  
 44.6 5.5543e+00  14 6.26492e-01  
 44.7 5.5553e+00  14 6.26498e-01  
 44.8 5.5607e+00  14 6.26535e-01  
 44.9 5.5619e+00  14 6.26543e-01  
 45.0 5.5670e+00  14 6.26582e-01  
 45.1 5.5706e+00  14 6.26611e-01  
 45.2 5.5737e+00  14 6.26638e-01  
 45.3 5.5794e+00  14 6.26690e-01  
 45.4 5.5813e+00  14 6.26708e-01  
 45.5 5.5834e+00  14 6.26728e-01  
 45.6 5.5841e+00  14 6.26736e-01  
 45.7 5.5890e+00  14 6.26786e-01  
 45.8 5.5948e+00  14 6.26849e-01  
 45.9 5.6006e+00  14 6.26916e-01  
 46.0 5.6034e+00  14 6.26949e-01  
 46.1 5.6086e+00  14 6.27015e-01  
 46.2 5.6064e+00  14 6.26986e-01  
 46.3 5.5228e+00  14 6.26361e-01  
 46.4 5.5252e+00  14 6.26366e-01  
 46.5 5.5282e+00  14 6.26374e-01  
 46.6 5.5315e+00  14 6.26383e-01  
 46.7 5.5298e+00  14 6.26378e-01  
 46.8 5.5309e+00  14 6.26381e-01  
 46.9 5.5335e+00  14 6.26390e-01  
 47.0 5.5350e+00  14 6.26395e-01  
 47.1 5.5394e+00  14 6.26413e-01  
 47.2 5.5415e+00  14 6.26422e-01  
 47.3 5.5433e+00  14 6.26430e-01  
 47.4 5.5448e+00  14 6.26438e-01  
 47.5 5.5466e+00  14 6.26447e-01  
 47.6 5.5520e+00  14 6.26477e-01  
 47.7 5.5521e+00  14 6.26478e-01  
 47.8 5.5554e+00  14 6.26499e-01  
 47.9 5.5564e+00  14 6.26505e-01  
 48.0 5.5577e+00  14 6.26513e-01  
 48.1 5.5620e+00  14 6.26544e-01  
 48.2 5.5625e+00  14 6.26548e-01  
 48.3 5.5605e+00  14 6.26533e-01  
 48.4 5.5649e+00  14 6.26566e-01  
 48.5 5.5653e+00  14 6.26569e-01  
 48.6 5.5664e+00  14 6.26577e-01  
 48.7 5.5715e+00  14 6.26618e-01  
 48.8 5.5708e+00  14 6.26613e-01  
 48.9 5.5718e+00  14 6.26622e-01  
 49.0 5.5773e+00  14 6.26670e-01  
 49.1 5.5790e+00  14 6.26686e-01  
 49.2 5.5802e+00  14 6.26697e-01  
 49.3 5.5815e+00  14 6.26709e-01  
 49.4 5.5828e+00  14 6.26722e-01  
 49.5 5.5816e+00  14 6.26711e-01  
 49.6 5.5853e+00  14 6.26748e-01  
 49.7 5.5876e+00  14 6.26771e-01  
 49.8 5.5849e+00  14 6.26743e-01  
 49.9 5.7210e+00  14 6.29065e-01  
 50.0 5.7225e+00  14 6.29100e-01  
 50.1 5.7275e+00  14 6.29218e-01  
 50.2 5.7324e+00  14 6.29334e-01  
 50.3 5.7427e+00  14 6.29584e-01  
 50.4 5.7500e+00  14 6.29767e-01  
 50.5 5.7580e+00  14 6.29971e-01  
 50.6 5.7537e+00  14 6.29861e-01  
 50.7 5.6584e+00  14 6.27779e-01  
 50.8 5.6603e+00  14 6.27812e-01  
 50.9 5.6587e+00  14 6.27783e-01  
 51.0 5.6632e+00  14 6.27865e-01  
 51.1 5.6642e+00  14 6.27883e-01  
 51.2 5.6688e+00  14 6.27969e-01  
 51.3 5.6642e+00  14 6.27883e-01  
 51.4 5.6692e+00  14 6.27976e-01  
 51.5 5.6712e+00  14 6.28015e-01  
 51.6 5.6680e+00  14 6.27954e-01  
 51.7 5.6745e+00  14 6.28078e-01  
 51.8 5.6747e+00  14 6.28082e-01  
 51.9 5.6744e+00  14 6.28077e-01  
 52.0 5.6744e+00  14 6.28076e-01  
 52.1 5.6782e+00  14 6.28149e-01  
 52.2 5.6799e+00  14 6.28183e-01  
 52.3 5.6860e+00  14 6.28306e-01  
 52.4 5.6826e+00  14 6.28237e-01  
 52.5 5.6832e+00  14 6.28250e-01  
 52.6 5.6865e+00  14 6.28315e-01  
 52.7 5.6859e+00  14 6.28303e-01  
 52.8 5.6856e+00  14 6.28298e-01  
 52.9 5.6880e+00  14 6.28346e-01  
 53.0 5.6935e+00  14 6.28459e-01  
 53.1 5.6931e+00  14 6.28452e-01  
 53.2 5.6930e+00  14 6.28450e-01  
 53.3 5.6949e+00  14 6.28491e-01  
 53.4 5.7001e+00  14 6.28600e-01  
 53.5 5.7010e+00  14 6.28620e-01  
 53.6 5.6950e+00  14 6.28493e-01  
 53.7 5.9627e+00  14 6.36439e-01  
 53.8 5.9750e+00  14 6.36892e-01  
 53.9 5.9693e+00  14 6.36680e-01  
 54.0 5.7228e+00  14 6.29108e-01  
 54.1 5.7249e+00  14 6.29156e-01  
 54.2 5.7269e+00  14 6.29203e-01  
 54.3 5.7288e+00  14 6.29248e-01  
 54.4 5.7317e+00  14 6.29316e-01  
 54.5 5.7338e+00  14 6.29368e-01  
 54.6 5.7361e+00  14 6.29423e-01  
 54.7 5.7447e+00  14 6.29633e-01  
 54.8 5.7483e+00  14 6.29724e-01  
 54.9 5.7528e+00  14 6.29838e-01  
 55.0 5.7476e+00  14 6.29707e-01  
 55.1 5.7495e+00  14 6.29755e-01  
 55.2 5.7525e+00  14 6.29828e-01  
 55.3 5.7538e+00  14 6.29862e-01  
 55.4 5.7544e+00  14 6.29877e-01  
 55.5 5.7570e+00  14 6.29945e-01  
 55.6 5.7629e+00  14 6.30097e-01  
 55.7 5.7641e+00  14 6.30128e-01  
 55.8 5.7689e+00  14 6.30254e-01  
 55.9 5.7683e+00  14 6.30240e-01  
 56.0 5.7675e+00  14 6.30216e-01  
 56.1 5.7684e+00  14 6.30242e-01  
 56.2 5.7697e+00  14 6.30277e-01  
 56.3 5.7696e+00  14 6.30272e-01  
 56.4 5.7706e+00  14 6.30301e-01  
 56.5 5.7750e+00  14 6.30418e-01  
 56.6 5.7770e+00  14 6.30471e-01  
 56.7 5.7749e+00  14 6.30415e-01  
 56.8 5.7801e+00  14 6.30555e-01  
 56.9 5.7770e+00  14 6.30472e-01  
 57.0 5.8442e+00  14 6.32424e-01  
 57.1 5.8417e+00  14 6.32346e-01  
 57.2 5.8436e+00  14 6.32404e-01  
 57.3 5.8445e+00  14 6.32432e-01  
 57.4 5.8452e+00  14 6.32454e-01  
 57.5 5.8459e+00  14 6.32477e-01  
 57.6 5.8458e+00  14 6.32473e-01  
 57.7 5.8524e+00  14 6.32679e-01  
 57.8 5.8499e+00  14 6.32599e-01  
 57.9 5.8555e+00  14 6.32775e-01  
 58.0 5.8574e+00  14 6.32837e-01  
 58.1 5.8597e+00  14 6.32908e-01  
 58.2 5.8596e+00  14 6.32906e-01  
 58.3 5.8579e+00  14 6.32853e-01  
 58.4 5.8559e+00  14 6.32791e-01  
 58.5 5.8609e+00  14 6.32949e-01  
 58.6 5.8611e+00  14 6.32954e-01  
 58.7 5.8602e+00  14 6.32927e-01  
 58.8 5.8646e+00  14 6.33066e-01  
 58.9 5.8663e+00  14 6.33119e-01  
 59.0 5.8680e+00  14 6.33175e-01  
 59.1 5.8705e+00  14 6.33257e-01  
 59.2 5.8645e+00  14 6.33062e-01  
 59.3 5.8648e+00  14 6.33071e-01  
 59.4 5.8645e+00  14 6.33063e-01  
 59.5 5.8639e+00  14 6.33045e-01  
 59.6 5.8681e+00  14 6.33179e-01  
 59.7 5.8704e+00  14 6.33252e-01  
 59.8 6.0523e+00  14 6.39861e-01  
 59.9 6.0535e+00  14 6.39912e-01  
 60.0 6.0530e+00  14 6.39889e-01  
 60.1 6.0558e+00  14 6.40001e-01  
 60.2 6.0603e+00  14 6.40183e-01  
 60.3 6.0598e+00  14 6.40164e-01  
 60.4 6.0657e+00  14 6.40400e-01  
 60.5 6.0615e+00  14 6.40230e-01  
 60.6 6.0614e+00  14 6.40228e-01  
 60.7 6.0604e+00  14 6.40185e-01  
 60.8 6.0591e+00  14 6.40136e-01  
 60.9 6.0635e+00  14 6.40310e-01  
 61.0 6.0596e+00  14 6.40156e-01  
 61.1 6.0649e+00  14 6.40369e-01  
 61.2 6.0683e+00  14 6.40504e-01  
 61.3 6.0611e+00  14 6.40216e-01  
 61.4 6.0615e+00  14 6.40231e-01  
 61.5 6.0616e+00  14 6.40233e-01  
 61.6 6.0615e+00  14 6.40231e-01  
 61.7 6.0615e+00  14 6.40230e-01  
 61.8 6.0597e+00  14 6.40157e-01  
 61.9 6.0656e+00  14 6.40396e-01  
 62.0 6.0645e+00  14 6.40352e-01  
 62.1 6.0614e+00  14 6.40225e-01  
 62.2 6.0613e+00  14 6.40223e-01  
 62.3 6.0613e+00  14 6.40224e-01  
 62.4 6.0614e+00  14 6.40227e-01  
 62.5 6.2836e+00  14 6.49833e-01  
 62.6 6.2782e+00  14 6.49587e-01  
 62.7 6.2787e+00  14 6.49610e-01  
 62.8 6.2790e+00  14 6.49622e-01  
 62.9 6.2790e+00  14 6.49625e-01  
 63.0 6.2780e+00  14 6.49578e-01  
 63.1 6.2786e+00  14 6.49606e-01  
 63.2 6.2827e+00  14 6.49794e-01  
 63.3 6.2835e+00  14 6.49832e-01  
 63.4 6.2744e+00  14 6.49414e-01  
 63.5 6.2739e+00  14 6.49391e-01  
 63.6 6.2744e+00  14 6.49414e-01  
 63.7 6.2732e+00  14 6.49356e-01  
 63.8 6.2673e+00  14 6.49087e-01  
 63.9 6.2739e+00  14 6.49388e-01  
 64.0 6.2743e+00  14 6.49408e-01  
 64.1 6.2695e+00  14 6.49190e-01  
 64.2 6.2684e+00  14 6.49141e-01  
 64.3 6.2625e+00  14 6.48872e-01  
 64.4 6.2650e+00  14 6.48986e-01  
 64.5 6.2661e+00  14 6.49032e-01  
 64.6 6.2658e+00  14 6.49022e-01  
 64.7 6.2683e+00  14 6.49135e-01  
 64.8 6.2699e+00  14 6.49208e-01  
 64.9 6.2602e+00  14 6.48766e-01  
 65.0 6.2630e+00  14 6.48893e-01  
 65.1 6.5082e+00  14 6.59885e-01  
 65.2 6.5081e+00  14 6.59878e-01  
 65.3 6.5125e+00  14 6.60086e-01  
 65.4 6.5026e+00  14 6.59623e-01  
 65.5 6.5049e+00  14 6.59729e-01  
 65.6 6.5033e+00  14 6.59656e-01  
 65.7 6.4996e+00  14 6.59485e-01  
 65.8 6.4922e+00  14 6.59141e-01  
 65.9 6.4899e+00  14 6.59035e-01  
 66.0 6.5014e+00  14 6.59568e-01  
 66.1 6.4834e+00  14 6.58734e-01  
 66.2 6.4860e+00  14 6.58851e-01  
 66.3 6.4854e+00  14 6.58823e-01  
 66.4 6.4828e+00  14 6.58703e-01  
 66.5 6.4753e+00  14 6.58358e-01  
 66.6 6.4737e+00  14 6.58284e-01  
 66.7 6.4843e+00  14 6.58773e-01  
 66.8 6.4599e+00  14 6.57651e-01  
 66.9 6.4607e+00  14 6.57686e-01  
 67.0 6.4609e+00  14 6.57696e-01  
 67.1 6.4597e+00  14 6.57639e-01  
 67.2 6.4578e+00  14 6.57552e-01  
 67.3 6.4557e+00  14 6.57458e-01  
 67.4 6.4576e+00  14 6.57543e-01  
 67.5 6.7304e+00  14 6.70546e-01  
 67.6 6.7307e+00  14 6.70560e-01  
 67.7 6.7266e+00  14 6.70358e-01  
 67.8 6.7169e+00  14 6.69883e-01  
 67.9 6.7165e+00  14 6.69861e-01  
 68.0 6.7146e+00  14 6.69770e-01  
 68.1 6.7111e+00  14 6.69600e-01  
 68.2 6.7071e+00  14 6.69400e-01  
 68.3 6.7028e+00  14 6.69192e-01  
 68.4 6.6988e+00  14 6.68996e-01  
 68.5 6.6949e+00  14 6.68806e-01  
 68.6 6.6955e+00  14 6.68836e-01  
 68.7 6.6869e+00  14 6.68417e-01  
 68.8 6.6822e+00  14 6.68186e-01  
 68.9 6.6758e+00  14 6.67874e-01  
 69.0 6.6704e+00  14 6.67613e-01  
 69.1 6.6715e+00  14 6.67664e-01  
 69.2 6.6679e+00  14 6.67491e-01  
 69.3 6.6638e+00  14 6.67290e-01  
 69.4 6.6571e+00  14 6.66965e-01  
 69.5 6.6575e+00  14 6.66986e-01  
 69.6 6.6533e+00  14 6.66785e-01  
 69.7 6.6412e+00  14 6.66197e-01  
 69.8 6.9599e+00  14 6.82096e-01  
 69.9 6.9596e+00  14 6.82079e-01  
 70.0 6.9463e+00  14 6.81400e-01  
 70.1 6.9388e+00  14 6.81016e-01  
 70.2 6.9337e+00  14 6.80757e-01  
 70.3 6.9268e+00  14 6.80405e-01  
 70.4 6.9211e+00  14 6.80114e-01  
 70.5 6.9074e+00  14 6.79418e-01  
 70.6 6.9043e+00  14 6.79260e-01  
 70.7 6.9004e+00  14 6.79062e-01  
 70.8 6.8963e+00  14 6.78852e-01  
 70.9 6.8919e+00  14 6.78630e-01  
 71.0 6.8874e+00  14 6.78401e-01  
 71.1 6.8827e+00  14 6.78164e-01  
 71.2 6.8781e+00  14 6.77928e-01  
 71.3 6.8729e+00  14 6.77667e-01  
 71.4 6.8666e+00  14 6.77348e-01  
 71.5 6.8598e+00  14 6.77005e-01  
 71.6 6.8618e+00  14 6.77103e-01  
 71.7 6.8572e+00  14 6.76875e-01  
 71.8 6.8453e+00  14 6.76273e-01  
 71.9 6.8405e+00  14 6.76033e-01  
 72.0 6.8295e+00  14 6.75477e-01  
 72.1 7.1799e+00  14 6.93506e-01  
 72.2 7.1740e+00  14 6.93195e-01  
 72.3 7.1598e+00  14 6.92450e-01  
 72.4 7.1581e+00  14 6.92362e-01  
 72.5 7.1480e+00  14 6.91833e-01  
 72.6 7.1497e+00  14 6.91922e-01  
 72.7 7.1414e+00  14 6.91488e-01  
 72.8 7.1418e+00  14 6.91512e-01  
 72.9 7.1312e+00  14 6.90956e-01  
 73.0 7.1341e+00  14 6.91106e-01  
 73.1 7.1257e+00  14 6.90668e-01  
 73.2 7.1264e+00  14 6.90706e-01  
 73.3 7.1199e+00  14 6.90368e-01  
 73.4 7.1187e+00  14 6.90303e-01  
 73.5 7.1127e+00  14 6.89994e-01  
 73.6 7.1120e+00  14 6.89954e-01  
 73.7 7.1081e+00  14 6.89752e-01  
 73.8 7.1008e+00  14 6.89372e-01  
 73.9 7.1021e+00  14 6.89440e-01  
 74.0 7.0859e+00  14 6.88596e-01  
 74.1 7.0815e+00  14 6.88368e-01  
 74.2 7.0797e+00  14 6.88275e-01  
 74.3 7.0624e+00  14 6.87377e-01  
 74.4 7.0539e+00  14 6.86936e-01  
 74.5 7.4367e+00  14 7.07130e-01  
 74.6 7.4329e+00  14 7.06925e-01  
 74.7 7.4315e+00  14 7.06849e-01  
 74.8 7.4145e+00  14 7.05939e-01  
 74.9 7.4043e+00  14 7.05396e-01  
 75.0 7.4028e+00  14 7.05313e-01  
 75.1 7.4017e+00  14 7.05256e-01  
 75.2 7.3897e+00  14 7.04618e-01  
 75.3 7.3908e+00  14 7.04673e-01  
 75.4 7.3865e+00  14 7.04445e-01  
 75.5 7.3770e+00  14 7.03940e-01  
 75.6 7.3753e+00  14 7.03847e-01  
 75.7 7.3710e+00  14 7.03616e-01  
 75.8 7.3658e+00  14 7.03341e-01  
 75.9 7.3606e+00  14 7.03062e-01  
 76.0 7.3546e+00  14 7.02743e-01  
 76.1 7.3453e+00  14 7.02247e-01  
 76.2 7.3351e+00  14 7.01709e-01  
 76.3 7.3204e+00  14 7.00924e-01  
 76.4 7.3141e+00  14 7.00593e-01  
 76.5 7.3009e+00  14 6.99892e-01  
 76.6 7.2909e+00  14 6.99359e-01  
 76.7 7.2833e+00  14 6.98956e-01  
 76.8 7.7143e+00  14 7.22078e-01  
 76.9 7.7047e+00  14 7.21556e-01  
 77.0 7.6884e+00  14 7.20676e-01  
 77.1 7.6840e+00  14 7.20437e-01  
 77.2 7.6740e+00  14 7.19899e-01  
 77.3 7.6617e+00  14 7.19234e-01  
 77.4 7.6558e+00  14 7.18912e-01  
 77.5 7.6421e+00  14 7.18173e-01  
 77.6 7.6296e+00  14 7.17500e-01  
 77.7 7.6208e+00  14 7.17025e-01  
 77.8 7.6158e+00  14 7.16753e-01  
 77.9 7.6102e+00  14 7.16450e-01  
 78.0 7.6036e+00  14 7.16096e-01  
 78.1 7.5970e+00  14 7.15738e-01  
 78.2 7.5881e+00  14 7.15261e-01  
 78.3 7.5741e+00  14 7.14506e-01  
 78.4 7.5681e+00  14 7.14184e-01  
 78.5 7.5495e+00  14 7.13181e-01  
 78.6 7.5432e+00  14 7.12842e-01  
 78.7 7.5314e+00  14 7.12206e-01  
 78.8 7.5128e+00  14 7.11207e-01  
 78.9 7.5105e+00  14 7.11083e-01  
 79.0 7.4995e+00  14 7.10494e-01  
 79.1 7.4981e+00  14 7.10418e-01  
 79.2 7.9567e+00  14 7.35265e-01  
 79.3 7.9411e+00  14 7.34415e-01  
 79.4 7.9306e+00  14 7.33842e-01  
 79.5 7.9268e+00  14 7.33631e-01  
 79.6 7.9196e+00  14 7.33242e-01  
 79.7 7.9068e+00  14 7.32544e-01  
 79.8 7.9087e+00  14 7.32646e-01  
 79.9 7.9005e+00  14 7.32202e-01  
 80.0 7.8917e+00  14 7.31720e-01  
 80.1 7.8908e+00  14 7.31671e-01  
 80.2 7.8808e+00  14 7.31127e-01  
 80.3 7.8766e+00  14 7.30895e-01  
 80.4 7.8758e+00  14 7.30854e-01  
 80.5 7.8702e+00  14 7.30548e-01  
 80.6 7.8461e+00  14 7.29236e-01  
 80.7 7.8358e+00  14 7.28676e-01  
 80.8 7.8234e+00  14 7.28000e-01  
 80.9 7.8126e+00  14 7.27413e-01  
 81.0 7.8006e+00  14 7.26760e-01  
 81.1 7.7942e+00  14 7.26412e-01  
 81.2 7.7876e+00  14 7.26051e-01  
 81.3 7.7749e+00  14 7.25364e-01  
 81.4 7.7713e+00  14 7.25168e-01  
 81.5 7.7582e+00  14 7.24452e-01  
 81.6 7.7394e+00  14 7.23437e-01  
 81.7 8.2462e+00  14 7.51090e-01  
 81.8 8.2366e+00  14 7.50564e-01  
 81.9 8.2251e+00  14 7.49939e-01  
 82.0 8.2227e+00  14 7.49807e-01  
 82.1 8.2162e+00  14 7.49452e-01  
 82.2 8.1913e+00  14 7.48084e-01  
 82.3 8.1827e+00  14 7.47616e-01  
 82.4 8.1697e+00  14 7.46903e-01  
 82.5 8.1571e+00  14 7.46214e-01  
 82.6 8.1470e+00  14 7.45663e-01  
 82.7 8.1372e+00  14 7.45130e-01  
 82.8 8.1302e+00  14 7.44742e-01  
 82.9 8.1323e+00  14 7.44860e-01  
 83.0 8.1112e+00  14 7.43703e-01  
 83.1 8.0978e+00  14 7.42970e-01  
 83.2 8.0752e+00  14 7.41737e-01  
 83.3 8.0613e+00  14 7.40975e-01  
 83.4 8.0458e+00  14 7.40129e-01  
 83.5 8.0347e+00  14 7.39523e-01  
 83.6 8.0235e+00  14 7.38912e-01  
 83.7 8.0128e+00  14 7.38326e-01  
 83.8 8.0053e+00  14 7.37920e-01  
 83.9 7.9902e+00  14 7.37091e-01  
 84.0 7.9802e+00  14 7.36548e-01  
 84.1 7.9631e+00  14 7.35613e-01  
 84.2 8.5205e+00  14 7.66124e-01  
 84.3 8.5096e+00  14 7.65527e-01  
 84.4 8.4990e+00  14 7.64946e-01  
 84.5 8.4883e+00  14 7.64357e-01  
 84.6 8.4760e+00  14 7.63680e-01  
 84.7 8.4576e+00  14 7.62670e-01  
 84.8 8.4541e+00  14 7.62480e-01  
 84.9 8.4411e+00  14 7.61768e-01  
 85.0 8.4255e+00  14 7.60912e-01  
 85.1 8.4065e+00  14 7.59870e-01  
 85.2 8.3876e+00  14 7.58835e-01  
 85.3 8.3771e+00  14 7.58256e-01  
 85.4 8.3665e+00  14 7.57675e-01  
 85.5 8.3563e+00  14 7.57117e-01  
 85.6 8.3458e+00  14 7.56542e-01  
 85.7 8.3364e+00  14 7.56028e-01  
 85.8 8.3293e+00  14 7.55641e-01  
 85.9 8.3211e+00  14 7.55191e-01  
 86.0 8.2911e+00  14 7.53548e-01  
 86.1 8.2915e+00  14 7.53574e-01  
 86.2 8.2728e+00  14 7.52548e-01  
 86.3 8.2616e+00  14 7.51932e-01  
 86.4 8.2472e+00  14 7.51146e-01  
 86.5 8.2442e+00  14 7.50980e-01  
 86.6 8.2359e+00  14 7.50528e-01  
 86.7 8.8153e+00  14 7.82282e-01  
 86.8 8.8039e+00  14 7.81656e-01  
 86.9 8.7928e+00  14 7.81050e-01  
 87.0 8.7814e+00  14 7.80423e-01  
 87.1 8.7736e+00  14 7.79996e-01  
 87.2 8.7666e+00  14 7.79616e-01  
 87.3 8.7549e+00  14 7.78972e-01  
 87.4 8.7413e+00  14 7.78227e-01  
 87.5 8.7103e+00  14 7.76531e-01  
 87.6 8.6946e+00  14 7.75667e-01  
 87.7 8.6725e+00  14 7.74458e-01  
 87.8 8.6610e+00  14 7.73830e-01  
 87.9 8.6457e+00  14 7.72990e-01  
 88.0 8.6266e+00  14 7.71939e-01  
 88.1 8.6177e+00  14 7.71455e-01  
 88.2 8.6019e+00  14 7.70589e-01  
 88.3 8.5998e+00  14 7.70471e-01  
 88.4 8.5820e+00  14 7.69498e-01  
 88.5 8.5543e+00  14 7.67975e-01  
 88.6 8.5457e+00  14 7.67506e-01  
 88.7 8.5335e+00  14 7.66836e-01  
 88.8 8.5206e+00  14 7.66126e-01  
 88.9 8.5075e+00  14 7.65412e-01  
 89.0 8.4954e+00  14 7.64744e-01  
 89.1 8.4821e+00  14 7.64018e-01  
 89.2 9.1391e+00  14 7.99974e-01  
 89.3 9.1218e+00  14 7.99033e-01  
 89.4 9.0882e+00  14 7.97197e-01  
 89.5 9.0787e+00  14 7.96677e-01  
 89.6 9.0689e+00  14 7.96145e-01  
 89.7 9.0514e+00  14 7.95187e-01  
 89.8 9.0329e+00  14 7.94179e-01  
 89.9 9.0123e+00  14 7.93055e-01  
 90.0 8.9941e+00  14 7.92060e-01  
 90.1 8.9729e+00  14 7.90901e-01  
 90.2 8.9547e+00  14 7.89907e-01  
 90.3 8.9244e+00  14 7.88248e-01  
 90.4 8.9028e+00  14 7.87069e-01  
 90.5 8.8996e+00  14 7.86894e-01  
 90.6 8.8884e+00  14 7.86283e-01  
 90.7 8.8773e+00  14 7.85676e-01  
 90.8 8.8659e+00  14 7.85051e-01  
 90.9 8.8488e+00  14 7.84112e-01  
 91.0 8.8497e+00  14 7.84164e-01  
 91.1 8.8227e+00  14 7.82683e-01  
 91.2 8.8141e+00  14 7.82212e-01  
 91.3 8.7922e+00  14 7.81013e-01  
 91.4 8.7814e+00  14 7.80423e-01  
 91.5 8.7636e+00  14 7.79451e-01  
 91.6 8.7633e+00  14 7.79431e-01  
 91.7 8.7541e+00  14 7.78928e-01  
 91.8 9.4290e+00  14 8.15771e-01  
 91.9 9.4211e+00  14 8.15343e-01  
 92.0 9.3876e+00  14 8.13519e-01  
 92.1 9.3774e+00  14 8.12964e-01  
 92.2 9.3554e+00  14 8.11766e-01  
 92.3 9.3332e+00  14 8.10562e-01  
 92.4 9.3202e+00  14 8.09849e-01  
 92.5 9.3040e+00  14 8.08968e-01  
 92.6 9.2728e+00  14 8.07271e-01  
 92.7 9.2578e+00  14 8.06453e-01  
 92.8 9.2318e+00  14 8.05035e-01  
 92.9 9.2245e+00  14 8.04635e-01  
 93.0 9.2093e+00  14 8.03806e-01  
 93.1 9.1919e+00  14 8.02858e-01  
 93.2 9.1723e+00  14 8.01786e-01  
 93.3 9.1460e+00  14 8.00348e-01  
 93.4 9.1378e+00  14 7.99904e-01  
 93.5 9.1184e+00  14 7.98845e-01  
 93.6 9.1219e+00  14 7.99037e-01  
 93.7 9.0810e+00  14 7.96805e-01  
 93.8 9.0759e+00  14 7.96524e-01  
 93.9 9.0638e+00  14 7.95866e-01  
 94.0 9.0499e+00  14 7.95105e-01  
 94.1 9.0357e+00  14 7.94331e-01  
 94.2 9.0203e+00  14 7.93488e-01  
 94.3 8.9995e+00  14 7.92354e-01  
 94.4 9.7305e+00  14 8.32119e-01  
 94.5 9.7182e+00  14 8.31455e-01  
 94.6 9.6954e+00  14 8.30223e-01  
 94.7 9.6798e+00  14 8.29375e-01  
 94.8 9.6592e+00  14 8.28261e-01  
 94.9 9.6360e+00  14 8.27006e-01  
 95.0 9.6123e+00  14 8.25721e-01  
 95.1 9.5889e+00  14 8.24454e-01  
 95.2 9.5679e+00  14 8.23316e-01  
 95.3 9.5439e+00  14 8.22011e-01  
 95.4 9.5198e+00  14 8.20707e-01  
 95.5 9.4948e+00  14 8.19348e-01  
 95.6 9.4783e+00  14 8.18450e-01  
 95.7 9.4651e+00  14 8.17735e-01  
 95.8 9.4520e+00  14 8.17022e-01  
 95.9 9.4389e+00  14 8.16310e-01  
 96.0 9.4270e+00  14 8.15662e-01  
 96.1 9.4180e+00  14 8.15175e-01  
 96.2 9.3870e+00  14 8.13491e-01  
 96.3 9.3777e+00  14 8.12981e-01  
 96.4 9.3571e+00  14 8.11862e-01  
 96.5 9.3438e+00  14 8.11139e-01  
 96.6 9.3298e+00  14 8.10377e-01  
 96.7 9.3144e+00  14 8.09536e-01  
 96.8 9.3030e+00  14 8.08915e-01  
 96.9 9.2673e+00  14 8.06972e-01  
 97.0 1.0064e+01  14 8.50078e-01  
 97.1 1.0023e+01  14 8.47856e-01  
 97.2 9.9961e+00  14 8.46434e-01  
 97.3 9.9830e+00  14 8.45733e-01  
 97.4 9.9724e+00  14 8.45163e-01  
 97.5 9.9583e+00  14 8.44405e-01  
 97.6 9.9151e+00  14 8.42079e-01  
 97.7 9.8926e+00  14 8.40866e-01  
 97.8 9.8780e+00  14 8.40078e-01  
 97.9 9.8608e+00  14 8.39154e-01  
 98.0 9.8409e+00  14 8.38077e-01  
 98.1 9.8211e+00  14 8.37012e-01  
 98.2 9.8005e+00  14 8.35899e-01  
 98.3 9.7757e+00  14 8.34561e-01  
 98.4 9.7558e+00  14 8.33488e-01  
 98.5 9.7335e+00  14 8.32283e-01  
 98.6 9.7233e+00  14 8.31731e-01  
 98.7 9.6983e+00  14 8.30379e-01  
 98.8 9.6909e+00  14 8.29975e-01  
 98.9 9.6756e+00  14 8.29149e-01  
 99.0 9.6583e+00  14 8.28213e-01  
 99.1 9.6390e+00  14 8.27169e-01  
 99.2 9.6083e+00  14 8.25505e-01  
 99.3 9.5892e+00  14 8.24469e-01  
 99.4 9.5640e+00  14 8.23104e-01  
 99.5 9.5365e+00  14 8.21612e-01  
 99.6 1.0384e+01  14 8.67234e-01  
 99.7 1.0367e+01  14 8.66338e-01  
 99.8 1.0344e+01  14 8.65076e-01  
 99.9 1.0319e+01  14 8.63752e-01  
100.0 1.0282e+01  14 8.61754e-01  
100.1 1.0258e+01  14 8.60500e-01  
100.2 1.0233e+01  14 8.59174e-01  
100.3 1.0207e+01  14 8.57770e-01  
100.4 1.0179e+01  14 8.56276e-01  
100.5 1.0148e+01  14 8.54597e-01  
100.6 1.0120e+01  14 8.53099e-01  
100.7 1.0104e+01  14 8.52245e-01  
100.8 1.0095e+01  14 8.51744e-01  
100.9 1.0078e+01  14 8.50819e-01  
101.0 1.0065e+01  14 8.50138e-01  
101.1 1.0062e+01  14 8.49962e-01  
101.2 1.0023e+01  14 8.47881e-01  
101.3 1.0005e+01  14 8.46914e-01  
101.4 9.9942e+00  14 8.46333e-01  
101.5 9.9819e+00  14 8.45674e-01  
101.6 9.9702e+00  14 8.45041e-01  
101.7 9.9221e+00  14 8.42454e-01  
101.8 9.9046e+00  14 8.41514e-01  
101.9 9.8806e+00  14 8.40222e-01  
102.0 9.8621e+00  14 8.39221e-01  
102.1 9.8374e+00  14 8.37889e-01  
102.2 9.8155e+00  14 8.36712e-01  
102.3 1.0702e+01  14 8.84138e-01  
102.4 1.0685e+01  14 8.83244e-01  
102.5 1.0629e+01  14 8.80282e-01  
102.6 1.0614e+01  14 8.79487e-01  
102.7 1.0592e+01  14 8.78280e-01  
102.8 1.0574e+01  14 8.77361e-01  
102.9 1.0536e+01  14 8.75301e-01  
103.0 1.0515e+01  14 8.74228e-01  
103.1 1.0491e+01  14 8.72919e-01  
103.2 1.0462e+01  14 8.71406e-01  
103.3 1.0456e+01  14 8.71041e-01  
103.4 1.0429e+01  14 8.69606e-01  
103.5 1.0413e+01  14 8.68752e-01  
103.6 1.0394e+01  14 8.67752e-01  
103.7 1.0380e+01  14 8.67031e-01  
103.8 1.0363e+01  14 8.66077e-01  
103.9 1.0342e+01  14 8.64989e-01  
104.0 1.0321e+01  14 8.63837e-01  
104.1 1.0287e+01  14 8.62043e-01  
104.2 1.0266e+01  14 8.60907e-01  
104.3 1.0231e+01  14 8.59043e-01  
104.4 1.0195e+01  14 8.57094e-01  
104.5 1.0159e+01  14 8.55165e-01  
104.6 1.0135e+01  14 8.53884e-01  
104.7 1.0116e+01  14 8.52894e-01  
104.8 1.0097e+01  14 8.51870e-01  
104.9 1.1061e+01  14 9.03040e-01  
105.0 1.1033e+01  14 9.01572e-01  
105.1 1.0992e+01  14 8.99417e-01  
105.2 1.0956e+01  14 8.97551e-01  
105.3 1.0934e+01  14 8.96389e-01  
105.4 1.0902e+01  14 8.94691e-01  
105.5 1.0868e+01  14 8.92912e-01  
105.6 1.0851e+01  14 8.92008e-01  
105.7 1.0832e+01  14 8.90984e-01  
105.8 1.0819e+01  14 8.90297e-01  
105.9 1.0803e+01  14 8.89442e-01  
106.0 1.0757e+01  14 8.87045e-01  
106.1 1.0751e+01  14 8.86716e-01  
106.2 1.0718e+01  14 8.84991e-01  
106.3 1.0700e+01  14 8.84006e-01  
106.4 1.0689e+01  14 8.83416e-01  
106.5 1.0673e+01  14 8.82565e-01  
106.6 1.0628e+01  14 8.80193e-01  
106.7 1.0611e+01  14 8.79314e-01  
106.8 1.0587e+01  14 8.78032e-01  
106.9 1.0542e+01  14 8.75632e-01  
107.0 1.0520e+01  14 8.74456e-01  
107.1 1.0491e+01  14 8.72903e-01  
107.2 1.0459e+01  14 8.71233e-01  
107.3 1.0442e+01  14 8.70303e-01  
107.4 1.0414e+01  14 8.68810e-01  
107.5 1.0403e+01  14 8.68220e-01  
107.6 1.0381e+01  14 8.67060e-01  
107.7 1.1353e+01  14 9.18312e-01  
107.8 1.1332e+01  14 9.17251e-01  
107.9 1.1306e+01  14 9.15892e-01  
108.0 1.1279e+01  14 9.14452e-01  
108.1 1.1251e+01  14 9.13017e-01  
108.2 1.1217e+01  14 9.11229e-01  
108.3 1.1204e+01  14 9.10538e-01  
108.4 1.1199e+01  14 9.10268e-01  
108.5 1.1140e+01  14 9.07201e-01  
108.6 1.1106e+01  14 9.05436e-01  
108.7 1.1084e+01  14 9.04246e-01  
108.8 1.1058e+01  14 9.02880e-01  
108.9 1.1044e+01  14 9.02172e-01  
109.0 1.1048e+01  14 9.02360e-01  
109.1 1.1016e+01  14 9.00705e-01  
109.2 1.0985e+01  14 8.99072e-01  
109.3 1.0946e+01  14 8.97030e-01  
109.4 1.0901e+01  14 8.94632e-01  
109.5 1.0868e+01  14 8.92924e-01  
109.6 1.0851e+01  14 8.92011e-01  
109.7 1.0829e+01  14 8.90864e-01  
109.8 1.0810e+01  14 8.89813e-01  
109.9 1.0756e+01  14 8.87009e-01  
110.0 1.0751e+01  14 8.86703e-01  
110.1 1.0720e+01  14 8.85056e-01  
110.2 1.0702e+01  14 8.84135e-01  
110.3 1.0685e+01  14 8.83202e-01  
110.4 1.1690e+01  14 9.35859e-01  
110.5 1.1670e+01  14 9.34826e-01  
110.6 1.1649e+01  14 9.33736e-01  
110.7 1.1633e+01  14 9.32892e-01  
110.8 1.1620e+01  14 9.32189e-01  
110.9 1.1565e+01  14 9.29371e-01  
111.0 1.1541e+01  14 9.28121e-01  
111.1 1.1524e+01  14 9.27211e-01  
111.2 1.1507e+01  14 9.26345e-01  
111.3 1.1490e+01  14 9.25462e-01  
111.4 1.1424e+01  14 9.22021e-01  
111.5 1.1412e+01  14 9.21401e-01  
111.6 1.1386e+01  14 9.20073e-01  
111.7 1.1354e+01  14 9.18410e-01  
111.8 1.1338e+01  14 9.17551e-01  
111.9 1.1310e+01  14 9.16112e-01  
112.0 1.1277e+01  14 9.14373e-01  
112.1 1.1240e+01  14 9.12427e-01  
112.2 1.1210e+01  14 9.10870e-01  
112.3 1.1203e+01  14 9.10500e-01  
112.4 1.1139e+01  14 9.07120e-01  
112.5 1.1102e+01  14 9.05219e-01  
112.6 1.1074e+01  14 9.03707e-01  
112.7 1.1047e+01  14 9.02305e-01  
112.8 1.1053e+01  14 9.02616e-01  
112.9 1.1015e+01  14 9.00632e-01  
113.0 1.0974e+01  14 8.98465e-01  
113.1 1.0931e+01  14 8.96223e-01  
113.2 1.2047e+01  14 9.54226e-01  
113.3 1.2007e+01  14 9.52180e-01  
113.4 1.1991e+01  14 9.51331e-01  
113.5 1.1963e+01  14 9.49919e-01  
113.6 1.1934e+01  14 9.48432e-01  
113.7 1.1903e+01  14 9.46835e-01  
113.8 1.1860e+01  14 9.44594e-01  
113.9 1.1866e+01  14 9.44931e-01  
114.0 1.1839e+01  14 9.43538e-01  
114.1 1.1800e+01  14 9.41529e-01  
114.2 1.1762e+01  14 9.39552e-01  
114.3 1.1727e+01  14 9.37726e-01  
114.4 1.1690e+01  14 9.35817e-01  
114.5 1.1671e+01  14 9.34827e-01  
114.6 1.1647e+01  14 9.33586e-01  
114.7 1.1625e+01  14 9.32484e-01  
114.8 1.1559e+01  14 9.29054e-01  
114.9 1.1541e+01  14 9.28093e-01  
115.0 1.1519e+01  14 9.26996e-01  
115.1 1.1497e+01  14 9.25845e-01  
115.2 1.1428e+01  14 9.22235e-01  
115.3 1.1415e+01  14 9.21544e-01  
115.4 1.1384e+01  14 9.19970e-01  
115.5 1.1350e+01  14 9.18200e-01  
115.6 1.1327e+01  14 9.17001e-01  
115.7 1.1299e+01  14 9.15537e-01  
115.8 1.1270e+01  14 9.13990e-01  
115.9 1.1235e+01  14 9.12178e-01  
116.0 1.2416e+01  14 9.73041e-01  
116.1 1.2370e+01  14 9.70700e-01  
116.2 1.2339e+01  14 9.69081e-01  
116.3 1.2316e+01  14 9.67957e-01  
116.4 1.2282e+01  14 9.66180e-01  
116.5 1.2261e+01  14 9.65144e-01  
116.6 1.2222e+01  14 9.63155e-01  
116.7 1.2199e+01  14 9.61949e-01  
116.8 1.2171e+01  14 9.60530e-01  
116.9 1.2139e+01  14 9.58891e-01  
117.0 1.2118e+01  14 9.57829e-01  
117.1 1.2081e+01  14 9.55968e-01  
117.2 1.2038e+01  14 9.53730e-01  
117.3 1.2001e+01  14 9.51846e-01  
117.4 1.1970e+01  14 9.50234e-01  
117.5 1.1934e+01  14 9.48397e-01  
117.6 1.1893e+01  14 9.46310e-01  
117.7 1.1856e+01  14 9.44408e-01  
117.8 1.1842e+01  14 9.43689e-01  
117.9 1.1800e+01  14 9.41489e-01  
118.0 1.1746e+01  14 9.38716e-01  
118.1 1.1715e+01  14 9.37105e-01  
118.2 1.1683e+01  14 9.35473e-01  
118.3 1.1649e+01  14 9.33733e-01  
118.4 1.1633e+01  14 9.32884e-01  
118.5 1.1612e+01  14 9.31820e-01  
118.6 1.1564e+01  14 9.29291e-01  
118.7 1.1541e+01  14 9.28132e-01  
118.8 1.1522e+01  14 9.27112e-01  
118.9 1.2758e+01  14 9.90304e-01  
119.0 1.2714e+01  14 9.88079e-01  
119.1 1.2671e+01  14 9.85917e-01  
119.2 1.2633e+01  14 9.84008e-01  
119.3 1.2609e+01  14 9.82809e-01  
119.4 1.2586e+01  14 9.81650e-01  
119.5 1.2567e+01  14 9.80682e-01  
119.6 1.2555e+01  14 9.80053e-01  
119.7 1.2492e+01  14 9.76898e-01  
119.8 1.2471e+01  14 9.75803e-01  
119.9 1.2438e+01  14 9.74145e-01  
120.0 1.2416e+01  14 9.73035e-01  
120.1 1.2338e+01  14 9.69078e-01  
120.2 1.2310e+01  14 9.67609e-01  
120.3 1.2274e+01  14 9.65781e-01  
120.4 1.2227e+01  14 9.63424e-01  
120.5 1.2199e+01  14 9.61956e-01  
120.6 1.2163e+01  14 9.60145e-01  
120.7 1.2121e+01  14 9.57966e-01  
120.8 1.2094e+01  14 9.56617e-01  
120.9 1.2049e+01  14 9.54318e-01  
121.0 1.2007e+01  14 9.52160e-01  
121.1 1.1987e+01  14 9.51146e-01  
121.2 1.1957e+01  14 9.49588e-01  
121.3 1.1925e+01  14 9.47930e-01  
121.4 1.1887e+01  14 9.45970e-01  
121.5 1.1856e+01  14 9.44396e-01  
121.6 1.1852e+01  14 9.44185e-01  
121.7 1.1810e+01  14 9.42031e-01  
121.8 1.3009e+01  14 1.00000e+00  
121.9 1.2991e+01  14 1.00000e+00  
122.0 1.2974e+01  14 1.00000e+00  
122.1 1.2967e+01  14 1.00000e+00  
122.2 1.2947e+01  14 9.99777e-01  
122.3 1.2919e+01  14 9.98379e-01  
122.4 1.2888e+01  14 9.96853e-01  
122.5 1.2851e+01  14 9.95009e-01  
122.6 1.2823e+01  14 9.93601e-01  
122.7 1.2773e+01  14 9.91078e-01  
122.8 1.2751e+01  14 9.89948e-01  
122.9 1.2698e+01  14 9.87303e-01  
123.0 1.2648e+01  14 9.84757e-01  
123.1 1.2612e+01  14 9.82931e-01  
123.2 1.2585e+01  14 9.81580e-01  
123.3 1.2561e+01  14 9.80377e-01  
123.4 1.2499e+01  14 9.77246e-01  
123.5 1.2470e+01  14 9.75782e-01  
123.6 1.2434e+01  14 9.73936e-01  
123.7 1.2423e+01  14 9.73391e-01  
123.8 1.2355e+01  14 9.69941e-01  
123.9 1.2331e+01  14 9.68679e-01  
124.0 1.2284e+01  14 9.66299e-01  
124.1 1.2267e+01  14 9.65464e-01  
124.2 1.2225e+01  14 9.63311e-01  
124.3 1.2198e+01  14 9.61937e-01  
124.4 1.2167e+01  14 9.60345e-01  
124.5 1.2131e+01  14 9.58497e-01  
124.6 1.2108e+01  14 9.57327e-01  
124.7 1.3146e+01  14 1.00000e+00  
124.8 1.3144e+01  14 1.00000e+00  
124.9 1.3117e+01  14 1.00000e+00  
125.0 1.3106e+01  14 1.00000e+00  
125.1 1.3089e+01  14 1.00000e+00  
125.2 1.3084e+01  14 1.00000e+00  
125.3 1.3067e+01  14 1.00000e+00  
125.4 1.3053e+01  14 1.00000e+00  
125.5 1.3036e+01  14 1.00000e+00  
125.6 1.3019e+01  14 1.00000e+00  
125.7 1.3000e+01  14 1.00000e+00  
125.8 1.2974e+01  14 1.00000e+00  
125.9 1.2966e+01  14 1.00000e+00  
126.0 1.2936e+01  14 9.99241e-01  
126.1 1.2902e+01  14 9.97563e-01  
126.2 1.2856e+01  14 9.95232e-01  
126.3 1.2831e+01  14 9.93961e-01  
126.4 1.2772e+01  14 9.91001e-01  
126.5 1.2767e+01  14 9.90778e-01  
126.6 1.2722e+01  14 9.88499e-01  
126.7 1.2679e+01  14 9.86330e-01  
126.8 1.2633e+01  14 9.84030e-01  
126.9 1.2607e+01  14 9.82687e-01  
127.0 1.2582e+01  14 9.81416e-01  
127.1 1.2561e+01  14 9.80378e-01  
127.2 1.2506e+01  14 9.77573e-01  
127.3 1.2473e+01  14 9.75908e-01  
127.4 1.2454e+01  14 9.74951e-01  
127.5 1.2434e+01  14 9.73922e-01  
127.6 1.3167e+01  14 1.00000e+00  
127.7 1.3155e+01  14 1.00000e+00  
127.8 1.3149e+01  14 1.00000e+00  
127.9 1.3144e+01  14 1.00000e+00  
128.0 1.3114e+01  14 1.00000e+00  
128.1 1.3101e+01  14 1.00000e+00  
128.2 1.3085e+01  14 1.00000e+00  
128.3 1.3066e+01  14 1.00000e+00  
128.4 1.3051e+01  14 1.00000e+00  
128.5 1.3156e+01  14 1.00000e+00  
128.6 1.3143e+01  14 1.00000e+00  
128.7 1.3115e+01  14 1.00000e+00  
128.8 1.3102e+01  14 1.00000e+00  
128.9 1.3086e+01  14 1.00000e+00  
129.0 1.3069e+01  14 1.00000e+00  
129.1 1.3057e+01  14 1.00000e+00  
129.2 1.3042e+01  14 1.00000e+00  
129.3 1.3026e+01  14 1.00000e+00  
129.4 1.3010e+01  14 1.00000e+00  
129.5 1.2989e+01  14 1.00000e+00  
129.6 1.2974e+01  14 1.00000e+00  
129.7 1.2963e+01  14 1.00000e+00  
129.8 1.2932e+01  14 9.99059e-01  
129.9 1.2903e+01  14 9.97574e-01  
130.0 1.2860e+01  14 9.95450e-01  
130.1 1.2838e+01  14 9.94329e-01  
130.2 1.2794e+01  14 9.92109e-01  
130.3 1.2760e+01  14 9.90422e-01  
130.4 1.2738e+01  14 9.89300e-01  
130.5 1.2708e+01  14 9.87786e-01  
130.6 1.3083e+01  14 1.00000e+00  
130.7 1.3066e+01  14 1.00000e+00  
130.8 1.3049e+01  14 1.00000e+00  
130.9 1.3156e+01  14 1.00000e+00  
131.0 1.3142e+01  14 1.00000e+00  
131.1 1.3106e+01  14 1.00000e+00  
131.2 1.3088e+01  14 1.00000e+00  
131.3 1.3071e+01  14 1.00000e+00  
131.4 1.3058e+01  14 1.00000e+00  
131.5 1.3155e+01  14 1.00000e+00  
131.6 1.3148e+01  14 1.00000e+00  
131.7 1.3119e+01  14 1.00000e+00  
131.8 1.3104e+01  14 1.00000e+00  
131.9 1.3088e+01  14 1.00000e+00  
132.0 1.3071e+01  14 1.00000e+00  
132.1 1.3057e+01  14 1.00000e+00  
132.2 1.3042e+01  14 1.00000e+00  
132.3 1.3149e+01  14 1.00000e+00  
132.4 1.3143e+01  14 1.00000e+00  
132.5 1.3106e+01  14 1.00000e+00  
132.6 1.3100e+01  14 1.00000e+00  
132.7 1.3086e+01  14 1.00000e+00  
132.8 1.3070e+01  14 1.00000e+00  
132.9 1.3059e+01  14 1.00000e+00  
133.0 1.3046e+01  14 1.00000e+00  
133.1 1.3032e+01  14 1.00000e+00  
133.2 1.3017e+01  14 1.00000e+00  
133.3 1.3001e+01  14 1.00000e+00  
133.4 1.2983e+01  14 1.00000e+00  
133.5 1.2972e+01  14 1.00000e+00  
133.6 1.3047e+01  14 1.00000e+00  
133.7 1.3149e+01  14 1.00000e+00  
133.8 1.3121e+01  14 1.00000e+00  
133.9 1.3061e+01  14 1.00000e+00  
134.0 1.3156e+01  14 1.00000e+00  
134.1 1.3143e+01  14 1.00000e+00  
134.2 1.3105e+01  14 1.00000e+00  
134.3 1.3089e+01  14 1.00000e+00  
134.4 1.3071e+01  14 1.00000e+00  
134.5 1.3171e+01  14 1.00000e+00  
134.6 1.3157e+01  14 1.00000e+00  
134.7 1.3148e+01  14 1.00000e+00  
134.8 1.3113e+01  14 1.00000e+00  
134.9 1.3102e+01  14 1.00000e+00  
135.0 1.3085e+01  14 1.00000e+00  
135.1 1.3066e+01  14 1.00000e+00  
135.2 1.3051e+01  14 1.00000e+00  
135.3 1.3157e+01  14 1.00000e+00  
135.4 1.3143e+01  14 1.00000e+00  
135.5 1.3117e+01  14 1.00000e+00  
135.6 1.3105e+01  14 1.00000e+00  
135.7 1.3088e+01  14 1.00000e+00  
135.8 1.3072e+01  14 1.00000e+00  
135.9 1.3063e+01  14 1.00000e+00  
136.0 1.3163e+01  14 1.00000e+00  
136.1 1.3156e+01  14 1.00000e+00  
136.2 1.3147e+01  14 1.00000e+00  
136.3 1.3121e+01  14 1.00000e+00  
136.4 1.3106e+01  14 1.00000e+00  
136.5 1.3098e+01  14 1.00000e+00  
136.6 1.3084e+01  14 1.00000e+00  
136.7 1.3157e+01  14 1.00000e+00  
136.8 1.3143e+01  14 1.00000e+00  
136.9 1.3069e+01  14 1.00000e+00  
137.0 1.3171e+01  14 1.00000e+00  
137.1 1.3149e+01  14 1.00000e+00  
137.2 1.3122e+01  14 1.00000e+00  
137.3 1.3177e+01  14 1.00000e+00  
137.4 1.3041e+01  14 1.00000e+00  
137.5 1.3149e+01  14 1.00000e+00  
137.6 1.3113e+01  14 1.00000e+00  
137.7 1.3102e+01  14 1.00000e+00  
137.8 1.3154e+01  14 1.00000e+00  
137.9 1.3121e+01  14 1.00000e+00  
138.0 1.3106e+01  14 1.00000e+00  
138.1 1.3088e+01  14 1.00000e+00  
138.2 1.3069e+01  14 1.00000e+00  
138.3 1.3055e+01  14 1.00000e+00  
138.4 1.3157e+01  14 1.00000e+00  
138.5 1.3140e+01  14 1.00000e+00  
138.6 1.3119e+01  14 1.00000e+00  
138.7 1.3105e+01  14 1.00000e+00  
138.8 1.3088e+01  14 1.00000e+00  
138.9 1.3071e+01  14 1.00000e+00  
139.0 1.3174e+01  14 1.00000e+00  
139.1 1.3163e+01  14 1.00000e+00  
139.2 1.3147e+01  14 1.00000e+00  
139.3 1.3143e+01  14 1.00000e+00  
139.4 1.3114e+01  14 1.00000e+00  
139.5 1.3102e+01  14 1.00000e+00  
139.6 1.3086e+01  14 1.00000e+00  
139.7 1.3166e+01  14 1.00000e+00  
139.8 1.3150e+01  14 1.00000e+00  
139.9 1.3088e+01  14 1.00000e+00  
140.0 1.3067e+01  14 1.00000e+00  
140.1 1.3163e+01  14 1.00000e+00  
140.2 1.3150e+01  14 1.00000e+00  
140.3 1.3083e+01  14 1.00000e+00  
140.4 1.3062e+01  14 1.00000e+00  
140.5 1.3040e+01  14 1.00000e+00  
140.6 1.3149e+01  14 1.00000e+00  
140.7 1.3115e+01  14 1.00000e+00  
140.8 1.3055e+01  14 1.00000e+00  
140.9 1.3157e+01  14 1.00000e+00  
141.0 1.3143e+01  14 1.00000e+00  
141.1 1.3113e+01  14 1.00000e+00  
141.2 1.3088e+01  14 1.00000e+00  
141.3 1.3149e+01  14 1.00000e+00  
141.4 1.3123e+01  14 1.00000e+00  
141.5 1.3106e+01  14 1.00000e+00  
141.6 1.3088e+01  14 1.00000e+00  
141.7 1.3070e+01  14 1.00000e+00  
141.8 1.3173e+01  14 1.00000e+00  
141.9 1.3101e+01  14 1.00000e+00  
142.0 1.3083e+01  14 1.00000e+00  
142.1 1.3066e+01  14 1.00000e+00  
142.2 1.3048e+01  14 1.00000e+00  
142.3 1.3036e+01  14 1.00000e+00  
142.4 1.3141e+01  14 1.00000e+00  
142.5 1.3112e+01  14 1.00000e+00  
142.6 1.3091e+01  14 1.00000e+00  
142.7 1.3072e+01  14 1.00000e+00  
142.8 1.3157e+01  14 1.00000e+00  
142.9 1.3104e+01  14 1.00000e+00  
143.0 1.3083e+01  14 1.00000e+00  
143.1 1.3062e+01  14 1.00000e+00  
143.2 1.3043e+01  14 1.00000e+00  
143.3 1.3150e+01  14 1.00000e+00  
143.4 1.3085e+01  14 1.00000e+00  
143.5 1.3063e+01  14 1.00000e+00  
143.6 1.3044e+01  14 1.00000e+00  
143.7 1.3150e+01  14 1.00000e+00  
143.8 1.3120e+01  14 1.00000e+00  
143.9 1.3061e+01  14 1.00000e+00  
144.0 1.3163e+01  14 1.00000e+00  
144.1 1.3148e+01  14 1.00000e+00  
144.2 1.3121e+01  14 1.00000e+00  
144.3 1.3105e+01  14 1.00000e+00  
144.4 1.3162e+01  14 1.00000e+00  
144.5 1.3148e+01  14 1.00000e+00  
144.6 1.3119e+01  14 1.00000e+00  
144.7 1.3103e+01  14 1.00000e+00  
144.8 1.3085e+01  14 1.00000e+00  
144.9 1.3144e+01  14 1.00000e+00  
145.0 1.3110e+01  14 1.00000e+00  
145.1 1.3103e+01  14 1.00000e+00  
145.2 1.3085e+01  14 1.00000e+00  
145.3 1.3068e+01  14 1.00000e+00  
145.4 1.3050e+01  14 1.00000e+00  
145.5 1.3088e+01  14 1.00000e+00  
145.6 1.3066e+01  14 1.00000e+00  
145.7 1.3049e+01  14 1.00000e+00  
145.8 1.3148e+01  14 1.00000e+00  
145.9 1.3155e+01  14 1.00000e+00  
146.0 1.3105e+01  14 1.00000e+00  
146.1 1.3084e+01  14 1.00000e+00  
146.2 1.3063e+01  14 1.00000e+00  
146.3 1.3042e+01  14 1.00000e+00  
146.4 1.3106e+01  14 1.00000e+00  
146.5 1.3088e+01  14 1.00000e+00  
146.6 1.3069e+01  14 1.00000e+00  
146.7 1.3053e+01  14 1.00000e+00  
146.8 1.3155e+01  14 1.00000e+00  
146.9 1.3143e+01  14 1.00000e+00  
147.0 1.3069e+01  14 1.00000e+00  
147.1 1.3055e+01  14 1.00000e+00  
147.2 1.3157e+01  14 1.00000e+00  
147.3 1.3143e+01  14 1.00000e+00  
147.4 1.3111e+01  14 1.00000e+00  
147.5 1.3166e+01  14 1.00000e+00  
147.6 1.3157e+01  14 1.00000e+00  
147.7 1.3148e+01  14 1.00000e+00  
147.8 1.3117e+01  14 1.00000e+00  
147.9 1.3104e+01  14 1.00000e+00  
148.0 1.3037e+01  14 1.00000e+00  
148.1 1.3150e+01  14 1.00000e+00  
148.2 1.3116e+01  14 1.00000e+00  
148.3 1.3106e+01  14 1.00000e+00  
148.4 1.3087e+01  14 1.00000e+00  
148.5 1.3123e+01  14 1.00000e+00  
148.6 1.3106e+01  14 1.00000e+00  
148.7 1.3086e+01  14 1.00000e+00  
148.8 1.3065e+01  14 1.00000e+00  
148.9 1.3051e+01  14 1.00000e+00  
149.0 1.3086e+01  14 1.00000e+00  
149.1 1.3065e+01  14 1.00000e+00  
149.2 1.3169e+01  14 1.00000e+00  
149.3 1.3148e+01  14 1.00000e+00  
149.4 1.3143e+01  14 1.00000e+00  
149.5 1.3117e+01  14 1.00000e+00  
149.6 1.3097e+01  14 1.00000e+00  
149.7 1.3081e+01  14 1.00000e+00  
149.8 1.3058e+01  14 1.00000e+00  
149.9 1.3163e+01  14 1.00000e+00  
150.0 1.3144e+01  14 1.00000e+00  
