 15.1 1.4075e+00  13 4.05898e-02  
 15.2 1.4148e+00  13 4.09551e-02  
 15.3 1.4220e+00  13 4.13164e-02  
 15.4 1.4293e+00  13 4.16736e-02  
 15.5 1.4366e+00  13 4.20271e-02  
 15.6 1.4439e+00  13 4.23766e-02  
 15.7 1.4512e+00  13 4.27225e-02  
 15.8 1.4585e+00  13 4.30648e-02  
 15.9 1.4657e+00  13 4.34033e-02  
 16.0 1.4730e+00  13 4.37382e-02  
 16.1 1.4834e+00  13 4.43332e-02  
 16.2 1.4942e+00  13 4.49575e-02  
 16.3 1.5051e+00  13 4.55829e-02  
 16.4 1.5161e+00  13 4.62094e-02  
 16.5 1.5272e+00  13 4.68455e-02  
 16.6 1.5384e+00  13 4.74746e-02  
 16.7 1.5496e+00  13 4.81048e-02  
 16.8 1.5610e+00  13 4.87363e-02  
 16.9 1.5724e+00  13 4.93692e-02  
 17.0 1.5839e+00  13 5.00036e-02  
 17.1 1.5955e+00  13 5.06395e-02  
 17.2 1.6072e+00  13 5.12770e-02  
 17.3 1.6190e+00  13 5.19162e-02  
 17.4 1.6309e+00  13 5.25571e-02  
 17.5 1.6429e+00  13 5.31999e-02  
 17.6 1.6550e+00  13 5.38448e-02  
 17.7 1.6671e+00  13 5.44918e-02  
 17.8 1.6794e+00  13 5.51405e-02  
 17.9 1.6918e+00  13 5.57914e-02  
 18.0 1.7042e+00  13 5.64443e-02  
 18.1 1.7168e+00  13 5.70995e-02  
 18.2 1.7295e+00  13 5.77569e-02  
 18.3 1.7422e+00  13 5.84166e-02  
 18.4 1.7551e+00  13 5.90786e-02  
 18.5 1.7680e+00  13 5.97431e-02  
 18.6 1.7811e+00  13 6.04101e-02  
 18.7 1.7942e+00  13 6.10798e-02  
 18.8 1.8075e+00  13 6.17519e-02  
 18.9 1.8209e+00  13 6.24268e-02  
 19.0 1.8343e+00  13 6.31045e-02  
 19.1 1.8479e+00  13 6.37849e-02  
 19.2 1.8616e+00  13 6.44682e-02  
 19.3 1.8754e+00  13 6.51544e-02  
 19.4 1.8892e+00  13 6.58436e-02  
 19.5 1.9032e+00  13 6.65357e-02  
 19.6 1.9173e+00  13 6.72309e-02  
 19.7 1.6949e+01  14 1.00000e+00  
 19.8 1.7028e+01  14 1.00000e+00  
 19.9 1.7106e+01  14 1.00000e+00  
 20.0 1.7184e+01  14 1.00000e+00  
 20.1 1.7262e+01  14 1.00000e+00  
 20.2 1.7340e+01  14 1.00000e+00  
 20.3 1.7417e+01  14 1.00000e+00  
 20.4 1.7495e+01  14 1.00000e+00  
 20.5 1.7573e+01  14 1.00000e+00  
 20.6 1.7650e+01  14 1.00000e+00  
 20.7 1.7727e+01  14 1.00000e+00  
 20.8 1.7804e+01  14 1.00000e+00  
 20.9 1.7882e+01  14 1.00000e+00  
 21.0 1.7959e+01  14 1.00000e+00  
 21.1 1.8031e+01  14 1.00000e+00  
 21.2 1.8108e+01  14 1.00000e+00  
 21.3 1.8185e+01  14 1.00000e+00  
 21.4 1.8261e+01  14 1.00000e+00  
 21.5 1.8337e+01  14 1.00000e+00  
 21.6 1.8414e+01  14 1.00000e+00  
 21.7 1.8490e+01  14 1.00000e+00  
 21.8 1.8566e+01  14 1.00000e+00  
 21.9 1.8642e+01  14 1.00000e+00  
 22.0 1.8717e+01  14 1.00000e+00  
 22.1 1.8793e+01  14 1.00000e+00  
 22.2 1.8869e+01  14 1.00000e+00  
 22.3 1.8944e+01  14 1.00000e+00  
 22.4 1.9019e+01  14 1.00000e+00  
 22.5 5.4905e+00  14 2.52303e-01  
 22.6 5.6052e+00  14 2.57546e-01  
 22.7 5.7215e+00  14 2.62832e-01  
 22.8 5.8393e+00  14 2.68162e-01  
 22.9 5.9586e+00  14 2.73534e-01  
 23.0 6.0796e+00  14 2.78949e-01  
 23.1 6.2020e+00  14 2.84406e-01  
 23.2 6.3261e+00  14 2.89905e-01  
 23.3 6.4517e+00  14 2.95446e-01  
 23.4 6.5789e+00  14 3.01028e-01  
 23.5 6.7076e+00  14 3.06652e-01  
 23.6 6.8379e+00  14 3.12317e-01  
 23.7 6.9698e+00  14 3.18023e-01  
 23.8 7.1033e+00  14 3.23770e-01  
 23.9 7.2384e+00  14 3.29558e-01  
 24.0 7.3750e+00  14 3.35386e-01  
 24.1 7.5132e+00  14 3.41254e-01  
 24.2 7.6531e+00  14 3.47163e-01  
 24.3 7.7945e+00  14 3.53111e-01  
 24.4 7.9375e+00  14 3.59100e-01  
 24.5 8.0821e+00  14 3.65128e-01  
 24.6 8.2283e+00  14 3.71195e-01  
 24.7 8.3762e+00  14 3.77302e-01  
 24.8 8.5256e+00  14 3.83447e-01  
 24.9 8.6767e+00  14 3.89632e-01  
 25.0 8.8293e+00  14 3.95856e-01  
 25.1 8.9836e+00  14 4.02118e-01  
 25.2 9.1395e+00  14 4.08419e-01  
 25.3 9.2971e+00  14 4.14759e-01  
 25.4 9.4563e+00  14 4.21137e-01  
 25.5 9.6171e+00  14 4.27553e-01  
 25.6 9.7795e+00  14 4.34008e-01  
 25.7 9.9435e+00  14 4.40501e-01  
 25.8 1.0107e+01  14 4.47078e-01  
 25.9 1.0275e+01  14 4.53647e-01  
 26.0 1.0444e+01  14 4.60252e-01  
 26.1 1.0614e+01  14 4.66896e-01  
 26.2 1.0786e+01  14 4.73577e-01  
 26.3 1.0960e+01  14 4.80295e-01  
 26.4 1.1136e+01  14 4.87051e-01  
 26.5 1.1313e+01  14 4.93844e-01  
 26.6 1.1492e+01  14 5.00675e-01  
 26.7 1.1672e+01  14 5.07542e-01  
 26.8 1.1855e+01  14 5.14447e-01  
 26.9 1.2038e+01  14 5.21389e-01  
 27.0 1.2224e+01  14 5.28368e-01  
 27.1 1.2411e+01  14 5.35384e-01  
 27.2 1.2600e+01  14 5.42436e-01  
 27.3 1.2790e+01  14 5.49525e-01  
 27.4 1.2983e+01  14 5.56651e-01  
 27.5 1.3176e+01  14 5.63813e-01  
 27.6 1.3372e+01  14 5.71012e-01  
 27.7 1.3569e+01  14 5.78247e-01  
 27.8 1.3768e+01  14 5.85518e-01  
 27.9 1.3969e+01  14 5.92826e-01  
 28.0 1.4171e+01  14 6.00170e-01  
 28.1 1.4375e+01  14 6.07550e-01  
 28.2 1.4581e+01  14 6.14967e-01  
 28.3 1.4788e+01  14 6.22419e-01  
 28.4 1.4997e+01  14 6.29908e-01  
 28.5 1.5208e+01  14 6.37433e-01  
 28.6 1.5421e+01  14 6.44994e-01  
 28.7 1.5635e+01  14 6.52590e-01  
 28.8 1.5851e+01  14 6.60223e-01  
 28.9 1.6069e+01  14 6.67892e-01  
 29.0 1.6288e+01  14 6.75597e-01  
 29.1 1.6509e+01  14 6.83337e-01  
 29.2 1.6732e+01  14 6.91114e-01  
 29.3 1.6957e+01  14 6.98926e-01  
 29.4 1.7183e+01  14 7.06774e-01  
 29.5 1.7411e+01  14 7.14657e-01  
 29.6 1.7641e+01  14 7.22577e-01  
 29.7 1.7872e+01  14 7.30532e-01  
 29.8 1.8105e+01  14 7.38523e-01  
 29.9 1.8340e+01  14 7.46549e-01  
 30.0 1.8577e+01  14 7.54611e-01  
 30.1 1.8815e+01  14 7.62709e-01  
 30.2 1.9056e+01  14 7.70843e-01  
 30.3 1.9297e+01  14 7.79012e-01  
 30.4 1.9541e+01  14 7.87217e-01  
 30.5 1.9786e+01  14 7.95458e-01  
 30.6 2.0034e+01  14 8.03734e-01  
 30.7 2.0276e+01  14 8.12063e-01  
 30.8 2.0526e+01  14 8.20409e-01  
 30.9 2.0778e+01  14 8.28791e-01  
 31.0 2.1033e+01  14 8.37209e-01  
 31.1 2.1288e+01  14 8.45662e-01  
 31.2 2.1546e+01  14 8.54152e-01  
 31.3 2.1805e+01  14 8.62676e-01  
 31.4 2.2066e+01  14 8.71237e-01  
 31.5 2.2329e+01  14 8.79833e-01  
 31.6 2.2594e+01  14 8.88465e-01  
 31.7 2.2860e+01  14 8.97132e-01  
 31.8 2.3128e+01  14 9.05835e-01  
 31.9 2.3398e+01  14 9.14574e-01  
 32.0 2.3669e+01  14 9.23349e-01  
 32.1 2.3942e+01  14 9.32159e-01  
 32.2 2.4218e+01  14 9.41005e-01  
 32.3 2.4494e+01  14 9.49886e-01  
 32.4 2.4773e+01  14 9.58804e-01  
 32.5 2.5054e+01  14 9.67757e-01  
 32.6 2.5336e+01  14 9.76746e-01  
 32.7 2.5620e+01  14 9.85770e-01  
 32.8 2.5906e+01  14 9.94831e-01  
 32.9 2.6094e+01  14 1.00000e+00  
 33.0 2.6153e+01  14 1.00000e+00  
 33.1 2.6211e+01  14 1.00000e+00  
 33.2 2.6269e+01  14 1.00000e+00  
 33.3 2.6327e+01  14 1.00000e+00  
 33.4 2.6384e+01  14 1.00000e+00  
 33.5 2.6442e+01  14 1.00000e+00  
 33.6 2.6499e+01  14 1.00000e+00  
 33.7 2.6556e+01  14 1.00000e+00  
 33.8 2.6613e+01  14 1.00000e+00  
 33.9 2.6669e+01  14 1.00000e+00  
 34.0 2.6726e+01  14 1.00000e+00  
 34.1 2.6782e+01  14 1.00000e+00  
 34.2 2.6838e+01  14 1.00000e+00  
 34.3 2.6893e+01  14 1.00000e+00  
 34.4 2.6814e+01  14 1.00000e+00  
 34.5 2.6870e+01  14 1.00000e+00  
 34.6 2.6926e+01  14 1.00000e+00  
 34.7 2.6981e+01  14 1.00000e+00  
 34.8 2.6889e+01  14 1.00000e+00  
 34.9 2.6944e+01  14 1.00000e+00  
 35.0 2.6999e+01  14 1.00000e+00  
 35.1 2.7054e+01  14 1.00000e+00  
 35.2 2.6960e+01  14 1.00000e+00  
 35.3 2.7015e+01  14 1.00000e+00  
 35.4 2.7069e+01  14 1.00000e+00  
 35.5 2.7124e+01  14 1.00000e+00  
 35.6 2.7178e+01  14 1.00000e+00  
 35.7 2.5634e+01  14 1.00000e+00  
 35.8 2.4446e+01  14 1.00000e+00  
 35.9 2.2045e+01  14 1.00000e+00  
 36.0 2.0871e+01  14 1.00000e+00  
 36.1 1.8469e+01  14 1.00000e+00  
 36.2 1.7309e+01  14 1.00000e+00  
 36.3 1.4963e+01  14 1.00000e+00  
 36.4 1.3851e+01  14 1.00000e+00  
 36.5 1.3025e+01  14 1.00000e+00  
 36.6 1.2639e+01  14 9.70704e-01  
 36.7 1.2592e+01  14 9.68295e-01  
 36.8 1.2786e+01  14 9.78218e-01  
 36.9 1.2768e+01  14 9.77292e-01  
 37.0 1.2738e+01  14 9.75789e-01  
 37.1 1.2586e+01  14 9.67963e-01  
 37.2 1.2557e+01  14 9.66461e-01  
 37.3 1.2728e+01  14 9.75267e-01  
 37.4 1.2616e+01  14 9.69494e-01  
 37.5 1.2567e+01  14 9.66986e-01  
 37.6 1.2741e+01  14 9.75927e-01  
 37.7 1.2696e+01  14 9.73634e-01  
 37.8 1.2580e+01  14 9.67673e-01  
 37.9 1.2730e+01  14 9.75371e-01  
 38.0 1.2674e+01  14 9.72482e-01  
 38.1 1.2597e+01  14 9.68527e-01  
 38.2 1.2698e+01  14 9.73701e-01  
 38.3 1.2630e+01  14 9.70254e-01  
 38.4 1.2602e+01  14 9.68788e-01  
 38.5 1.2676e+01  14 9.72592e-01  
 38.6 1.2659e+01  14 9.71736e-01  
 38.7 1.2771e+01  14 9.77477e-01  
 38.8 1.2884e+01  14 9.83245e-01  
 38.9 1.2998e+01  14 9.89044e-01  
 39.0 1.3112e+01  14 9.94871e-01  
 39.1 1.3219e+01  14 1.00000e+00  
 39.2 1.3262e+01  14 1.00000e+00  
 39.3 1.3306e+01  14 1.00000e+00  
 39.4 1.3351e+01  14 1.00000e+00  
 39.5 1.3397e+01  14 1.00000e+00  
 39.6 1.3444e+01  14 1.00000e+00  
 39.7 1.3490e+01  14 1.00000e+00  
 39.8 1.3613e+01  14 1.00000e+00  
 39.9 1.3655e+01  14 1.00000e+00  
 40.0 1.3626e+01  14 1.00000e+00  
 40.1 1.3668e+01  14 1.00000e+00  
 40.2 1.3710e+01  14 1.00000e+00  
 40.3 1.3751e+01  14 1.00000e+00  
 40.4 1.3792e+01  14 1.00000e+00  
 40.5 1.3834e+01  14 1.00000e+00  
 40.6 1.3875e+01  14 1.00000e+00  
 40.7 1.3917e+01  14 1.00000e+00  
 40.8 1.3958e+01  14 1.00000e+00  
 40.9 1.4001e+01  14 1.00000e+00  
 41.0 1.4045e+01  14 1.00000e+00  
 41.1 1.4089e+01  14 1.00000e+00  
 41.2 1.4133e+01  14 1.00000e+00  
 41.3 1.4177e+01  14 1.00000e+00  
 41.4 1.4280e+01  14 1.00000e+00  
 41.5 1.4321e+01  14 1.00000e+00  
 41.6 1.4364e+01  14 1.00000e+00  
 41.7 1.4405e+01  14 1.00000e+00  
 41.8 1.4447e+01  14 1.00000e+00  
 41.9 1.4489e+01  14 1.00000e+00  
 42.0 1.4530e+01  14 1.00000e+00  
 42.1 1.4572e+01  14 1.00000e+00  
 42.2 1.4614e+01  14 1.00000e+00  
 42.3 1.4656e+01  14 1.00000e+00  
 42.4 1.4698e+01  14 1.00000e+00  
 42.5 1.4739e+01  14 1.00000e+00  
 42.6 1.4781e+01  14 1.00000e+00  
 42.7 1.4812e+01  14 1.00000e+00  
 42.8 1.4837e+01  14 1.00000e+00  
 42.9 1.4881e+01  14 1.00000e+00  
 43.0 1.4963e+01  14 1.00000e+00  
 43.1 1.4969e+01  14 1.00000e+00  
 43.2 1.5010e+01  14 1.00000e+00  
 43.3 1.5054e+01  14 1.00000e+00  
 43.4 1.5099e+01  14 1.00000e+00  
 43.5 1.5143e+01  14 1.00000e+00  
 43.6 1.5188e+01  14 1.00000e+00  
 43.7 1.5233e+01  14 1.00000e+00  
 43.8 1.5277e+01  14 1.00000e+00  
 43.9 1.5322e+01  14 1.00000e+00  
 44.0 1.5367e+01  14 1.00000e+00  
 44.1 1.5413e+01  14 1.00000e+00  
 44.2 1.5462e+01  14 1.00000e+00  
 44.3 1.5511e+01  14 1.00000e+00  
 44.4 1.5559e+01  14 1.00000e+00  
 44.5 1.5606e+01  14 1.00000e+00  
 44.6 1.5665e+01  14 1.00000e+00  
 44.7 1.5707e+01  14 1.00000e+00  
 44.8 1.5748e+01  14 1.00000e+00  
 44.9 1.5790e+01  14 1.00000e+00  
 45.0 1.5831e+01  14 1.00000e+00  
 45.1 1.5872e+01  14 1.00000e+00  
 45.2 1.5914e+01  14 1.00000e+00  
 45.3 1.5955e+01  14 1.00000e+00  
 45.4 1.5996e+01  14 1.00000e+00  
 45.5 1.6037e+01  14 1.00000e+00  
 45.6 1.6079e+01  14 1.00000e+00  
 45.7 1.6122e+01  14 1.00000e+00  
 45.8 1.6167e+01  14 1.00000e+00  
 45.9 1.6212e+01  14 1.00000e+00  
 46.0 1.6257e+01  14 1.00000e+00  
 46.1 1.6302e+01  14 1.00000e+00  
 46.2 1.6347e+01  14 1.00000e+00  
 46.3 1.6392e+01  14 1.00000e+00  
 46.4 1.6507e+01  14 1.00000e+00  
 46.5 1.6549e+01  14 1.00000e+00  
 46.6 1.6591e+01  14 1.00000e+00  
 46.7 1.6633e+01  14 1.00000e+00  
 46.8 1.6675e+01  14 1.00000e+00  
 46.9 1.6717e+01  14 1.00000e+00  
 47.0 1.6759e+01  14 1.00000e+00  
 47.1 1.6800e+01  14 1.00000e+00  
 47.2 1.6842e+01  14 1.00000e+00  
 47.3 1.6883e+01  14 1.00000e+00  
 47.4 1.6925e+01  14 1.00000e+00  
 47.5 1.6966e+01  14 1.00000e+00  
 47.6 1.7008e+01  14 1.00000e+00  
 47.7 1.7049e+01  14 1.00000e+00  
 47.8 1.7091e+01  14 1.00000e+00  
 47.9 1.7132e+01  14 1.00000e+00  
 48.0 1.7174e+01  14 1.00000e+00  
 48.1 1.7215e+01  14 1.00000e+00  
 48.2 1.7256e+01  14 1.00000e+00  
 48.3 1.7299e+01  14 1.00000e+00  
 48.4 1.7347e+01  14 1.00000e+00  
 48.5 1.7395e+01  14 1.00000e+00  
 48.6 1.7530e+01  14 1.00000e+00  
 48.7 1.7573e+01  14 1.00000e+00  
 48.8 1.7615e+01  14 1.00000e+00  
 48.9 1.7657e+01  14 1.00000e+00  
 49.0 1.7700e+01  14 1.00000e+00  
 49.1 1.7741e+01  14 1.00000e+00  
 49.2 1.7783e+01  14 1.00000e+00  
 49.3 1.7825e+01  14 1.00000e+00  
 49.4 1.7867e+01  14 1.00000e+00  
 49.5 1.7909e+01  14 1.00000e+00  
 49.6 1.7950e+01  14 1.00000e+00  
 49.7 1.7992e+01  14 1.00000e+00  
 49.8 1.8034e+01  14 1.00000e+00  
 49.9 1.8076e+01  14 1.00000e+00  
 50.0 1.8117e+01  14 1.00000e+00  
 50.1 1.8159e+01  14 1.00000e+00  
 50.2 1.8146e+01  14 1.00000e+00  
 50.3 1.8191e+01  14 1.00000e+00  
 50.4 1.8237e+01  14 1.00000e+00  
 50.5 1.8282e+01  14 1.00000e+00  
 50.6 1.8328e+01  14 1.00000e+00  
 50.7 1.8374e+01  14 1.00000e+00  
 50.8 1.8419e+01  14 1.00000e+00  
 50.9 1.8465e+01  14 1.00000e+00  
 51.0 1.8511e+01  14 1.00000e+00  
 51.1 1.8563e+01  14 1.00000e+00  
 51.2 1.8713e+01  14 1.00000e+00  
 51.3 1.8745e+01  14 1.00000e+00  
 51.4 1.8773e+01  14 1.00000e+00  
 51.5 1.8797e+01  14 1.00000e+00  
 51.6 1.8818e+01  14 1.00000e+00  
 51.7 1.8834e+01  14 1.00000e+00  
 51.8 1.8876e+01  14 1.00000e+00  
 51.9 1.8922e+01  14 1.00000e+00  
 52.0 1.8968e+01  14 1.00000e+00  
 52.1 1.9080e+01  14 1.00000e+00  
 52.2 1.9122e+01  14 1.00000e+00  
 52.3 1.9164e+01  14 1.00000e+00  
 52.4 1.9206e+01  14 1.00000e+00  
 52.5 1.9248e+01  14 1.00000e+00  
 52.6 1.9290e+01  14 1.00000e+00  
 52.7 1.9332e+01  14 1.00000e+00  
 52.8 1.9374e+01  14 1.00000e+00  
 52.9 1.9416e+01  14 1.00000e+00  
 53.0 1.9458e+01  14 1.00000e+00  
 53.1 1.9499e+01  14 1.00000e+00  
 53.2 1.9541e+01  14 1.00000e+00  
 53.3 1.9583e+01  14 1.00000e+00  
 53.4 1.9625e+01  14 1.00000e+00  
 53.5 1.9666e+01  14 1.00000e+00  
 53.6 1.9708e+01  14 1.00000e+00  
 53.7 1.9749e+01  14 1.00000e+00  
 53.8 1.9791e+01  14 1.00000e+00  
 53.9 1.9833e+01  14 1.00000e+00  
 54.0 1.9878e+01  14 1.00000e+00  
 54.1 1.9922e+01  14 1.00000e+00  
 54.2 1.9970e+01  14 1.00000e+00  
 54.3 2.0018e+01  14 1.00000e+00  
 54.4 2.0179e+01  14 1.00000e+00  
 54.5 2.0222e+01  14 1.00000e+00  
 54.6 2.0265e+01  14 1.00000e+00  
 54.7 2.0308e+01  14 1.00000e+00  
 54.8 2.0350e+01  14 1.00000e+00  
 54.9 2.0392e+01  14 1.00000e+00  
 55.0 2.0435e+01  14 1.00000e+00  
 55.1 2.0477e+01  14 1.00000e+00  
 55.2 2.0519e+01  14 1.00000e+00  
 55.3 2.0561e+01  14 1.00000e+00  
 55.4 2.0603e+01  14 1.00000e+00  
 55.5 2.0646e+01  14 1.00000e+00  
 55.6 2.0688e+01  14 1.00000e+00  
 55.7 2.0730e+01  14 1.00000e+00  
 55.8 2.0772e+01  14 1.00000e+00  
 55.9 2.0815e+01  14 1.00000e+00  
 56.0 2.0857e+01  14 1.00000e+00  
 56.1 2.0899e+01  14 1.00000e+00  
 56.2 2.0868e+01  14 1.00000e+00  
 56.3 2.0910e+01  14 1.00000e+00  
 56.4 2.0952e+01  14 1.00000e+00  
 56.5 2.0994e+01  14 1.00000e+00  
 56.6 2.1037e+01  14 1.00000e+00  
 56.7 2.1079e+01  14 1.00000e+00  
 56.8 2.1121e+01  14 1.00000e+00  
 56.9 2.1163e+01  14 1.00000e+00  
 57.0 2.1205e+01  14 1.00000e+00  
 57.1 2.1247e+01  14 1.00000e+00  
 57.2 2.1289e+01  14 1.00000e+00  
 57.3 2.1332e+01  14 1.00000e+00  
 57.4 2.1374e+01  14 1.00000e+00  
 57.5 2.1417e+01  14 1.00000e+00  
 57.6 2.1461e+01  14 1.00000e+00  
 57.7 2.1505e+01  14 1.00000e+00  
 57.8 2.1549e+01  14 1.00000e+00  
 57.9 2.1592e+01  14 1.00000e+00  
 58.0 2.1637e+01  14 1.00000e+00  
 58.1 2.1681e+01  14 1.00000e+00  
 58.2 2.1725e+01  14 1.00000e+00  
 58.3 2.1780e+01  14 1.00000e+00  
 58.4 2.1825e+01  14 1.00000e+00  
 58.5 2.1871e+01  14 1.00000e+00  
 58.6 2.1916e+01  14 1.00000e+00  
 58.7 2.1961e+01  14 1.00000e+00  
 58.8 2.2007e+01  14 1.00000e+00  
 58.9 2.2052e+01  14 1.00000e+00  
 59.0 2.2202e+01  14 1.00000e+00  
 59.1 2.2238e+01  14 1.00000e+00  
 59.2 2.2272e+01  14 1.00000e+00  
 59.3 2.2304e+01  14 1.00000e+00  
 59.4 2.2334e+01  14 1.00000e+00  
 59.5 2.2360e+01  14 1.00000e+00  
 59.6 2.2383e+01  14 1.00000e+00  
 59.7 2.2398e+01  14 1.00000e+00  
 59.8 2.2427e+01  14 1.00000e+00  
 59.9 2.2473e+01  14 1.00000e+00  
 60.0 2.2525e+01  14 1.00000e+00  
 60.1 2.2587e+01  14 1.00000e+00  
 60.2 2.2632e+01  14 1.00000e+00  
 60.3 2.2677e+01  14 1.00000e+00  
 60.4 2.2826e+01  14 1.00000e+00  
 60.5 2.2793e+01  14 1.00000e+00  
 60.6 2.2835e+01  14 1.00000e+00  
 60.7 2.2878e+01  14 1.00000e+00  
 60.8 2.2920e+01  14 1.00000e+00  
 60.9 2.2963e+01  14 1.00000e+00  
 61.0 2.3005e+01  14 1.00000e+00  
 61.1 2.3048e+01  14 1.00000e+00  
 61.2 2.3090e+01  14 1.00000e+00  
 61.3 2.3132e+01  14 1.00000e+00  
 61.4 2.3175e+01  14 1.00000e+00  
 61.5 2.3217e+01  14 1.00000e+00  
 61.6 2.3259e+01  14 1.00000e+00  
 61.7 2.3301e+01  14 1.00000e+00  
 61.8 2.3344e+01  14 1.00000e+00  
 61.9 2.3386e+01  14 1.00000e+00  
 62.0 2.3428e+01  14 1.00000e+00  
 62.1 2.3471e+01  14 1.00000e+00  
 62.2 2.3513e+01  14 1.00000e+00  
 62.3 2.3555e+01  14 1.00000e+00  
 62.4 2.3597e+01  14 1.00000e+00  
 62.5 2.3640e+01  14 1.00000e+00  
 62.6 2.3682e+01  14 1.00000e+00  
 62.7 2.3711e+01  14 1.00000e+00  
 62.8 2.3765e+01  14 1.00000e+00  
 62.9 2.3813e+01  14 1.00000e+00  
 63.0 2.3861e+01  14 1.00000e+00  
 63.1 2.3909e+01  14 1.00000e+00  
 63.2 2.3957e+01  14 1.00000e+00  
 63.3 2.4005e+01  14 1.00000e+00  
 63.4 2.4052e+01  14 1.00000e+00  
 63.5 2.4099e+01  14 1.00000e+00  
 63.6 2.4146e+01  14 1.00000e+00  
 63.7 2.4193e+01  14 1.00000e+00  
 63.8 2.4240e+01  14 1.00000e+00  
 63.9 2.4286e+01  14 1.00000e+00  
 64.0 2.4333e+01  14 1.00000e+00  
 64.1 2.4379e+01  14 1.00000e+00  
 64.2 2.4425e+01  14 1.00000e+00  
 64.3 2.4471e+01  14 1.00000e+00  
 64.4 2.4517e+01  14 1.00000e+00  
 64.5 2.4562e+01  14 1.00000e+00  
 64.6 2.4608e+01  14 1.00000e+00  
 64.7 2.4751e+01  14 1.00000e+00  
 64.8 2.4793e+01  14 1.00000e+00  
 64.9 2.4751e+01  14 1.00000e+00  
 65.0 2.4794e+01  14 1.00000e+00  
 65.1 2.4837e+01  14 1.00000e+00  
 65.2 2.4880e+01  14 1.00000e+00  
 65.3 2.4923e+01  14 1.00000e+00  
 65.4 2.4965e+01  14 1.00000e+00  
 65.5 2.5008e+01  14 1.00000e+00  
 65.6 2.5051e+01  14 1.00000e+00  
 65.7 2.5093e+01  14 1.00000e+00  
 65.8 2.5136e+01  14 1.00000e+00  
 65.9 2.5179e+01  14 1.00000e+00  
 66.0 2.5221e+01  14 1.00000e+00  
 66.1 2.5264e+01  14 1.00000e+00  
 66.2 2.5306e+01  14 1.00000e+00  
 66.3 2.5349e+01  14 1.00000e+00  
 66.4 2.5391e+01  14 1.00000e+00  
 66.5 2.5434e+01  14 1.00000e+00  
 66.6 2.5475e+01  14 1.00000e+00  
 66.7 2.5517e+01  14 1.00000e+00  
 66.8 2.5559e+01  14 1.00000e+00  
 66.9 2.5601e+01  14 1.00000e+00  
 67.0 2.5644e+01  14 1.00000e+00  
 67.1 2.5690e+01  14 1.00000e+00  
 67.2 2.5735e+01  14 1.00000e+00  
 67.3 2.5781e+01  14 1.00000e+00  
 67.4 2.5873e+01  14 1.00000e+00  
 67.5 2.5921e+01  14 1.00000e+00  
 67.6 2.5967e+01  14 1.00000e+00  
 67.7 2.6012e+01  14 1.00000e+00  
 67.8 2.6058e+01  14 1.00000e+00  
 67.9 2.6192e+01  14 1.00000e+00  
 68.0 2.6230e+01  14 1.00000e+00  
 68.1 2.6267e+01  14 1.00000e+00  
 68.2 2.6304e+01  14 1.00000e+00  
 68.3 2.6341e+01  14 1.00000e+00  
 68.4 2.6377e+01  14 1.00000e+00  
 68.5 2.6412e+01  14 1.00000e+00  
 68.6 2.6446e+01  14 1.00000e+00  
 68.7 2.6478e+01  14 1.00000e+00  
 68.8 2.6510e+01  14 1.00000e+00  
 68.9 2.6540e+01  14 1.00000e+00  
 69.0 2.6568e+01  14 1.00000e+00  
 69.1 2.6596e+01  14 1.00000e+00  
 69.2 2.6642e+01  14 1.00000e+00  
 69.3 2.6689e+01  14 1.00000e+00  
 69.4 2.6750e+01  14 1.00000e+00  
 69.5 2.6836e+01  14 1.00000e+00  
 69.6 2.6877e+01  14 1.00000e+00  
 69.7 2.6934e+01  14 1.00000e+00  
 69.8 2.7063e+01  14 1.00000e+00  
 69.9 2.7088e+01  14 1.00000e+00  
 70.0 2.7131e+01  14 1.00000e+00  
 70.1 2.7077e+01  14 1.00000e+00  
 70.2 2.7119e+01  14 1.00000e+00  
 70.3 2.7162e+01  14 1.00000e+00  
 70.4 2.7204e+01  14 1.00000e+00  
 70.5 2.7247e+01  14 1.00000e+00  
 70.6 2.7289e+01  14 1.00000e+00  
 70.7 2.7332e+01  14 1.00000e+00  
 70.8 2.7374e+01  14 1.00000e+00  
 70.9 2.7417e+01  14 1.00000e+00  
 71.0 2.7462e+01  14 1.00000e+00  
 71.1 2.7508e+01  14 1.00000e+00  
 71.2 2.7554e+01  14 1.00000e+00  
 71.3 2.7600e+01  14 1.00000e+00  
 71.4 2.7647e+01  14 1.00000e+00  
 71.5 2.7693e+01  14 1.00000e+00  
 71.6 2.7739e+01  14 1.00000e+00  
 71.7 2.7786e+01  14 1.00000e+00  
 71.8 2.7832e+01  14 1.00000e+00  
 71.9 2.7878e+01  14 1.00000e+00  
 72.0 2.7925e+01  14 1.00000e+00  
 72.1 2.7971e+01  14 1.00000e+00  
 72.2 2.8020e+01  14 1.00000e+00  
 72.3 2.8071e+01  14 1.00000e+00  
 72.4 2.8123e+01  14 1.00000e+00  
 72.5 2.8174e+01  14 1.00000e+00  
 72.6 2.8225e+01  14 1.00000e+00  
 72.7 2.8378e+01  14 1.00000e+00  
 72.8 2.8421e+01  14 1.00000e+00  
 72.9 2.8464e+01  14 1.00000e+00  
 73.0 2.8508e+01  14 1.00000e+00  
 73.1 2.8551e+01  14 1.00000e+00  
 73.2 2.8594e+01  14 1.00000e+00  
 73.3 2.8637e+01  14 1.00000e+00  
 73.4 2.8681e+01  14 1.00000e+00  
 73.5 2.8724e+01  14 1.00000e+00  
 73.6 2.8767e+01  14 1.00000e+00  
 73.7 2.8810e+01  14 1.00000e+00  
 73.8 2.8853e+01  14 1.00000e+00  
 73.9 2.8897e+01  14 1.00000e+00  
 74.0 2.8940e+01  14 1.00000e+00  
 74.1 2.8983e+01  14 1.00000e+00  
 74.2 2.9026e+01  14 1.00000e+00  
 74.3 2.9069e+01  14 1.00000e+00  
 74.4 2.9112e+01  14 1.00000e+00  
 74.5 2.9156e+01  14 1.00000e+00  
 74.6 2.9199e+01  14 1.00000e+00  
 74.7 2.9241e+01  14 1.00000e+00  
 74.8 2.9285e+01  14 1.00000e+00  
 74.9 2.9328e+01  14 1.00000e+00  
 75.0 2.9371e+01  14 1.00000e+00  
 75.1 2.9413e+01  14 1.00000e+00  
 75.2 2.9456e+01  14 1.00000e+00  
 75.3 2.9482e+01  14 1.00000e+00  
 75.4 2.9531e+01  14 1.00000e+00  
 75.5 2.9581e+01  14 1.00000e+00  
 75.6 2.9631e+01  14 1.00000e+00  
 75.7 2.9680e+01  14 1.00000e+00  
 75.8 2.9729e+01  14 1.00000e+00  
 75.9 2.9797e+01  14 1.00000e+00  
 76.0 2.9847e+01  14 1.00000e+00  
 76.1 2.9896e+01  14 1.00000e+00  
 76.2 2.9945e+01  14 1.00000e+00  
 76.3 2.9993e+01  14 1.00000e+00  
 76.4 3.0042e+01  14 1.00000e+00  
 76.5 3.0091e+01  14 1.00000e+00  
 76.6 3.0139e+01  14 1.00000e+00  
 76.7 3.0186e+01  14 1.00000e+00  
 76.8 3.0234e+01  14 1.00000e+00  
 76.9 3.0281e+01  14 1.00000e+00  
 77.0 3.0328e+01  14 1.00000e+00  
 77.1 3.0375e+01  14 1.00000e+00  
 77.2 3.0422e+01  14 1.00000e+00  
 77.3 3.0469e+01  14 1.00000e+00  
 77.4 3.0515e+01  14 1.00000e+00  
 77.5 3.0561e+01  14 1.00000e+00  
 77.6 3.0607e+01  14 1.00000e+00  
 77.7 3.0584e+01  14 1.00000e+00  
 77.8 3.0628e+01  14 1.00000e+00  
 77.9 3.0671e+01  14 1.00000e+00  
 78.0 3.0715e+01  14 1.00000e+00  
 78.1 3.0758e+01  14 1.00000e+00  
 78.2 3.0802e+01  14 1.00000e+00  
 78.3 3.0845e+01  14 1.00000e+00  
 78.4 3.0889e+01  14 1.00000e+00  
 78.5 3.0933e+01  14 1.00000e+00  
 78.6 3.0979e+01  14 1.00000e+00  
 78.7 3.1027e+01  14 1.00000e+00  
 78.8 3.1074e+01  14 1.00000e+00  
 78.9 3.1122e+01  14 1.00000e+00  
 79.0 3.1169e+01  14 1.00000e+00  
 79.1 3.1217e+01  14 1.00000e+00  
 79.2 3.1269e+01  14 1.00000e+00  
 79.3 3.1323e+01  14 1.00000e+00  
 79.4 3.1378e+01  14 1.00000e+00  
 79.5 3.1432e+01  14 1.00000e+00  
 79.6 3.1486e+01  14 1.00000e+00  
 79.7 3.1539e+01  14 1.00000e+00  
 79.8 3.1591e+01  14 1.00000e+00  
 79.9 3.1643e+01  14 1.00000e+00  
 80.0 3.1696e+01  14 1.00000e+00  
 80.1 3.1748e+01  14 1.00000e+00  
 80.2 3.1739e+01  14 1.00000e+00  
 80.3 3.1784e+01  14 1.00000e+00  
 80.4 3.1828e+01  14 1.00000e+00  
 80.5 3.1873e+01  14 1.00000e+00  
 80.6 3.1918e+01  14 1.00000e+00  
 80.7 3.1963e+01  14 1.00000e+00  
 80.8 3.2008e+01  14 1.00000e+00  
 80.9 3.2053e+01  14 1.00000e+00  
 81.0 3.2105e+01  14 1.00000e+00  
 81.1 3.2156e+01  14 1.00000e+00  
 81.2 3.2206e+01  14 1.00000e+00  
 81.3 3.2257e+01  14 1.00000e+00  
 81.4 3.2307e+01  14 1.00000e+00  
 81.5 3.2357e+01  14 1.00000e+00  
 81.6 3.2407e+01  14 1.00000e+00  
 81.7 3.2457e+01  14 1.00000e+00  
 81.8 3.2507e+01  14 1.00000e+00  
 81.9 3.2557e+01  14 1.00000e+00  
 82.0 3.2607e+01  14 1.00000e+00  
 82.1 3.2657e+01  14 1.00000e+00  
 82.2 3.2706e+01  14 1.00000e+00  
 82.3 3.2756e+01  14 1.00000e+00  
 82.4 3.2807e+01  14 1.00000e+00  
 82.5 3.2853e+01  14 1.00000e+00  
 82.6 3.2902e+01  14 1.00000e+00  
 82.7 3.2950e+01  14 1.00000e+00  
 82.8 3.2999e+01  14 1.00000e+00  
 82.9 3.3048e+01  14 1.00000e+00  
 83.0 3.3096e+01  14 1.00000e+00  
 83.1 3.3160e+01  14 1.00000e+00  
 83.2 3.3209e+01  14 1.00000e+00  
 83.3 3.3258e+01  14 1.00000e+00  
 83.4 3.3307e+01  14 1.00000e+00  
 83.5 3.3356e+01  14 1.00000e+00  
 83.6 3.3404e+01  14 1.00000e+00  
 83.7 3.3453e+01  14 1.00000e+00  
 83.8 3.3502e+01  14 1.00000e+00  
 83.9 3.3550e+01  14 1.00000e+00  
 84.0 3.3599e+01  14 1.00000e+00  
 84.1 3.3648e+01  14 1.00000e+00  
 84.2 3.3696e+01  14 1.00000e+00  
 84.3 3.3744e+01  14 1.00000e+00  
 84.4 3.3791e+01  14 1.00000e+00  
 84.5 3.3838e+01  14 1.00000e+00  
 84.6 3.3885e+01  14 1.00000e+00  
 84.7 3.3923e+01  14 1.00000e+00  
 84.8 3.3969e+01  14 1.00000e+00  
 84.9 3.4092e+01  14 1.00000e+00  
 85.0 3.4131e+01  14 1.00000e+00  
 85.1 3.4170e+01  14 1.00000e+00  
 85.2 3.4160e+01  14 1.00000e+00  
 85.3 3.4266e+01  14 1.00000e+00  
 85.4 3.4293e+01  14 1.00000e+00  
 85.5 3.4323e+01  14 1.00000e+00  
 85.6 3.4360e+01  14 1.00000e+00  
 85.7 3.4466e+01  14 1.00000e+00  
 85.8 3.4572e+01  14 1.00000e+00  
 85.9 3.4678e+01  14 1.00000e+00  
 86.0 3.4783e+01  14 1.00000e+00  
 86.1 3.4889e+01  14 1.00000e+00  
 86.2 3.4994e+01  14 1.00000e+00  
 86.3 3.5100e+01  14 1.00000e+00  
 86.4 3.5206e+01  14 1.00000e+00  
 86.5 3.5311e+01  14 1.00000e+00  
 86.6 3.5416e+01  14 1.00000e+00  
 86.7 3.5522e+01  14 1.00000e+00  
 86.8 3.5627e+01  14 1.00000e+00  
 86.9 3.5732e+01  14 1.00000e+00  
 87.0 3.5838e+01  14 1.00000e+00  
 87.1 3.5943e+01  14 1.00000e+00  
 87.2 3.6048e+01  14 1.00000e+00  
 87.3 3.6153e+01  14 1.00000e+00  
 87.4 3.6258e+01  14 1.00000e+00  
 87.5 3.6363e+01  14 1.00000e+00  
 87.6 3.6468e+01  14 1.00000e+00  
 87.7 3.6573e+01  14 1.00000e+00  
 87.8 3.6678e+01  14 1.00000e+00  
 87.9 3.6782e+01  14 1.00000e+00  
 88.0 3.6887e+01  14 1.00000e+00  
 88.1 3.6992e+01  14 1.00000e+00  
 88.2 3.7096e+01  14 1.00000e+00  
 88.3 3.7201e+01  14 1.00000e+00  
 88.4 3.7306e+01  14 1.00000e+00  
 88.5 3.7410e+01  14 1.00000e+00  
 88.6 3.7515e+01  14 1.00000e+00  
 88.7 3.7619e+01  14 1.00000e+00  
 88.8 3.7724e+01  14 1.00000e+00  
 88.9 3.7828e+01  14 1.00000e+00  
 89.0 3.7932e+01  14 1.00000e+00  
 89.1 3.8036e+01  14 1.00000e+00  
 89.2 3.8141e+01  14 1.00000e+00  
 89.3 3.8245e+01  14 1.00000e+00  
 89.4 3.8351e+01  14 1.00000e+00  
 89.5 3.8455e+01  14 1.00000e+00  
 89.6 3.8559e+01  14 1.00000e+00  
 89.7 3.8663e+01  14 1.00000e+00  
 89.8 3.8767e+01  14 1.00000e+00  
 89.9 3.8871e+01  14 1.00000e+00  
 90.0 3.8975e+01  14 1.00000e+00  
 90.1 3.9079e+01  14 1.00000e+00  
 90.2 3.9182e+01  14 1.00000e+00  
 90.3 3.9286e+01  14 1.00000e+00  
 90.4 3.9390e+01  14 1.00000e+00  
 90.5 3.9494e+01  14 1.00000e+00  
 90.6 3.9597e+01  14 1.00000e+00  
 90.7 3.9701e+01  14 1.00000e+00  
 90.8 3.9804e+01  14 1.00000e+00  
 90.9 3.9908e+01  14 1.00000e+00  
 91.0 4.0012e+01  14 1.00000e+00  
 91.1 4.0115e+01  14 1.00000e+00  
 91.2 4.0218e+01  14 1.00000e+00  
 91.3 4.0322e+01  14 1.00000e+00  
 91.4 4.0425e+01  14 1.00000e+00  
 91.5 4.0528e+01  14 1.00000e+00  
 91.6 4.0632e+01  14 1.00000e+00  
 91.7 4.0735e+01  14 1.00000e+00  
 91.8 4.0838e+01  14 1.00000e+00  
 91.9 4.0941e+01  14 1.00000e+00  
 92.0 4.1043e+01  14 1.00000e+00  
 92.1 4.1146e+01  14 1.00000e+00  
 92.2 4.1259e+01  14 1.00000e+00  
 92.3 4.1362e+01  14 1.00000e+00  
 92.4 4.1465e+01  14 1.00000e+00  
 92.5 4.1568e+01  14 1.00000e+00  
 92.6 4.1671e+01  14 1.00000e+00  
 92.7 4.1774e+01  14 1.00000e+00  
 92.8 4.1876e+01  14 1.00000e+00  
 92.9 4.1979e+01  14 1.00000e+00  
 93.0 4.2082e+01  14 1.00000e+00  
 93.1 4.2184e+01  14 1.00000e+00  
 93.2 4.2287e+01  14 1.00000e+00  
 93.3 4.2389e+01  14 1.00000e+00  
 93.4 4.2492e+01  14 1.00000e+00  
 93.5 4.2594e+01  14 1.00000e+00  
 93.6 4.2697e+01  14 1.00000e+00  
 93.7 4.2799e+01  14 1.00000e+00  
 93.8 4.2902e+01  14 1.00000e+00  
 93.9 4.3004e+01  14 1.00000e+00  
 94.0 4.3106e+01  14 1.00000e+00  
 94.1 4.3209e+01  14 1.00000e+00  
 94.2 4.3311e+01  14 1.00000e+00  
 94.3 4.3413e+01  14 1.00000e+00  
 94.4 4.3515e+01  14 1.00000e+00  
 94.5 4.3617e+01  14 1.00000e+00  
 94.6 4.3720e+01  14 1.00000e+00  
 94.7 4.3819e+01  14 1.00000e+00  
 94.8 4.3921e+01  14 1.00000e+00  
 94.9 4.4023e+01  14 1.00000e+00  
 95.0 4.4125e+01  14 1.00000e+00  
 95.1 4.4227e+01  14 1.00000e+00  
 95.2 4.4329e+01  14 1.00000e+00  
 95.3 4.4431e+01  14 1.00000e+00  
 95.4 4.4533e+01  14 1.00000e+00  
 95.5 4.4635e+01  14 1.00000e+00  
 95.6 4.4736e+01  14 1.00000e+00  
 95.7 4.4838e+01  14 1.00000e+00  
 95.8 4.4940e+01  14 1.00000e+00  
 95.9 4.5041e+01  14 1.00000e+00  
 96.0 4.5143e+01  14 1.00000e+00  
 96.1 4.5245e+01  14 1.00000e+00  
 96.2 4.5346e+01  14 1.00000e+00  
 96.3 4.5448e+01  14 1.00000e+00  
 96.4 4.5549e+01  14 1.00000e+00  
 96.5 4.5651e+01  14 1.00000e+00  
 96.6 4.5752e+01  14 1.00000e+00  
 96.7 4.5863e+01  14 1.00000e+00  
 96.8 4.5964e+01  14 1.00000e+00  
 96.9 4.6065e+01  14 1.00000e+00  
 97.0 4.6167e+01  14 1.00000e+00  
 97.1 4.6268e+01  14 1.00000e+00  
 97.2 4.6369e+01  14 1.00000e+00  
 97.3 4.6470e+01  14 1.00000e+00  
 97.4 4.6571e+01  14 1.00000e+00  
 97.5 4.6672e+01  14 1.00000e+00  
 97.6 4.6773e+01  14 1.00000e+00  
 97.7 4.6874e+01  14 1.00000e+00  
 97.8 4.6975e+01  14 1.00000e+00  
 97.9 4.7076e+01  14 1.00000e+00  
 98.0 4.7177e+01  14 1.00000e+00  
 98.1 4.7278e+01  14 1.00000e+00  
 98.2 4.7379e+01  14 1.00000e+00  
 98.3 4.7480e+01  14 1.00000e+00  
 98.4 4.7581e+01  14 1.00000e+00  
 98.5 4.7682e+01  14 1.00000e+00  
 98.6 4.7782e+01  14 1.00000e+00  
 98.7 4.7883e+01  14 1.00000e+00  
 98.8 4.7984e+01  14 1.00000e+00  
 98.9 4.8084e+01  14 1.00000e+00  
 99.0 4.8185e+01  14 1.00000e+00  
 99.1 4.8286e+01  14 1.00000e+00  
 99.2 4.8386e+01  14 1.00000e+00  
 99.3 4.8487e+01  14 1.00000e+00  
 99.4 4.8587e+01  14 1.00000e+00  
 99.5 4.8688e+01  14 1.00000e+00  
 99.6 4.8788e+01  14 1.00000e+00  
 99.7 4.8888e+01  14 1.00000e+00  
 99.8 4.8980e+01  14 1.00000e+00  
 99.9 4.9071e+01  14 1.00000e+00  
100.0 4.9162e+01  14 1.00000e+00  
100.1 4.9254e+01  14 1.00000e+00  
100.2 4.9345e+01  14 1.00000e+00  
100.3 4.9437e+01  14 1.00000e+00  
100.4 4.9537e+01  14 1.00000e+00  
100.5 4.9628e+01  14 1.00000e+00  
100.6 4.9720e+01  14 1.00000e+00  
100.7 4.9811e+01  14 1.00000e+00  
100.8 4.9903e+01  14 1.00000e+00  
100.9 4.9995e+01  14 1.00000e+00  
101.0 5.0087e+01  14 1.00000e+00  
101.1 5.0178e+01  14 1.00000e+00  
101.2 5.0270e+01  14 1.00000e+00  
101.3 5.0362e+01  14 1.00000e+00  
101.4 5.0454e+01  14 1.00000e+00  
101.5 5.0546e+01  14 1.00000e+00  
101.6 5.0637e+01  14 1.00000e+00  
101.7 5.0729e+01  14 1.00000e+00  
101.8 5.0821e+01  14 1.00000e+00  
101.9 5.0913e+01  14 1.00000e+00  
102.0 5.1005e+01  14 1.00000e+00  
102.1 5.1097e+01  14 1.00000e+00  
102.2 5.1189e+01  14 1.00000e+00  
102.3 5.1282e+01  14 1.00000e+00  
102.4 5.1374e+01  14 1.00000e+00  
102.5 5.1466e+01  14 1.00000e+00  
102.6 5.1558e+01  14 1.00000e+00  
102.7 5.1650e+01  14 1.00000e+00  
102.8 5.1742e+01  14 1.00000e+00  
102.9 5.1835e+01  14 1.00000e+00  
103.0 5.1927e+01  14 1.00000e+00  
103.1 5.2019e+01  14 1.00000e+00  
103.2 5.2112e+01  14 1.00000e+00  
103.3 5.2211e+01  14 1.00000e+00  
103.4 5.2304e+01  14 1.00000e+00  
103.5 5.2396e+01  14 1.00000e+00  
103.6 5.2488e+01  14 1.00000e+00  
103.7 5.2581e+01  14 1.00000e+00  
103.8 5.2673e+01  14 1.00000e+00  
103.9 5.2766e+01  14 1.00000e+00  
104.0 5.2858e+01  14 1.00000e+00  
104.1 5.2951e+01  14 1.00000e+00  
104.2 5.3043e+01  14 1.00000e+00  
104.3 5.3136e+01  14 1.00000e+00  
104.4 5.3228e+01  14 1.00000e+00  
104.5 5.3321e+01  14 1.00000e+00  
104.6 5.3414e+01  14 1.00000e+00  
104.7 5.3506e+01  14 1.00000e+00  
104.8 5.3599e+01  14 1.00000e+00  
104.9 5.3692e+01  14 1.00000e+00  
105.0 5.3784e+01  14 1.00000e+00  
105.1 5.3877e+01  14 1.00000e+00  
105.2 5.3970e+01  14 1.00000e+00  
105.3 5.4063e+01  14 1.00000e+00  
105.4 5.4155e+01  14 1.00000e+00  
105.5 5.4248e+01  14 1.00000e+00  
105.6 5.4348e+01  14 1.00000e+00  
105.7 5.4441e+01  14 1.00000e+00  
105.8 5.4533e+01  14 1.00000e+00  
105.9 5.4626e+01  14 1.00000e+00  
106.0 5.4719e+01  14 1.00000e+00  
106.1 5.4812e+01  14 1.00000e+00  
106.2 5.4905e+01  14 1.00000e+00  
106.3 5.4998e+01  14 1.00000e+00  
106.4 5.5091e+01  14 1.00000e+00  
106.5 5.5184e+01  14 1.00000e+00  
106.6 5.5277e+01  14 1.00000e+00  
106.7 5.5370e+01  14 1.00000e+00  
106.8 5.5463e+01  14 1.00000e+00  
106.9 5.5556e+01  14 1.00000e+00  
107.0 5.5649e+01  14 1.00000e+00  
107.1 5.5742e+01  14 1.00000e+00  
107.2 5.5835e+01  14 1.00000e+00  
107.3 5.5928e+01  14 1.00000e+00  
107.4 5.6021e+01  14 1.00000e+00  
107.5 5.6120e+01  14 1.00000e+00  
107.6 5.6214e+01  14 1.00000e+00  
107.7 5.6307e+01  14 1.00000e+00  
107.8 5.6400e+01  14 1.00000e+00  
107.9 5.6493e+01  14 1.00000e+00  
108.0 5.6586e+01  14 1.00000e+00  
108.1 5.6679e+01  14 1.00000e+00  
108.2 5.6772e+01  14 1.00000e+00  
108.3 5.6865e+01  14 1.00000e+00  
108.4 5.6959e+01  14 1.00000e+00  
108.5 5.7052e+01  14 1.00000e+00  
108.6 5.7145e+01  14 1.00000e+00  
108.7 5.7238e+01  14 1.00000e+00  
108.8 5.7332e+01  14 1.00000e+00  
108.9 5.7425e+01  14 1.00000e+00  
109.0 5.7518e+01  14 1.00000e+00  
109.1 5.7617e+01  14 1.00000e+00  
109.2 5.7711e+01  14 1.00000e+00  
109.3 5.7804e+01  14 1.00000e+00  
109.4 5.7897e+01  14 1.00000e+00  
109.5 5.7991e+01  14 1.00000e+00  
109.6 5.8084e+01  14 1.00000e+00  
109.7 5.8177e+01  14 1.00000e+00  
109.8 5.8271e+01  14 1.00000e+00  
109.9 5.8364e+01  14 1.00000e+00  
110.0 5.8457e+01  14 1.00000e+00  
110.1 5.8551e+01  14 1.00000e+00  
110.2 5.8644e+01  14 1.00000e+00  
110.3 5.8737e+01  14 1.00000e+00  
110.4 5.8831e+01  14 1.00000e+00  
110.5 5.8930e+01  14 1.00000e+00  
110.6 5.9023e+01  14 1.00000e+00  
110.7 5.9117e+01  14 1.00000e+00  
110.8 5.9210e+01  14 1.00000e+00  
110.9 5.9304e+01  14 1.00000e+00  
111.0 5.9397e+01  14 1.00000e+00  
111.1 5.9490e+01  14 1.00000e+00  
111.2 5.9584e+01  14 1.00000e+00  
111.3 5.9677e+01  14 1.00000e+00  
111.4 5.9771e+01  14 1.00000e+00  
111.5 5.9864e+01  14 1.00000e+00  
111.6 5.9958e+01  14 1.00000e+00  
111.7 6.0057e+01  14 1.00000e+00  
111.8 6.0150e+01  14 1.00000e+00  
111.9 6.0244e+01  14 1.00000e+00  
112.0 6.0337e+01  14 1.00000e+00  
112.1 6.0431e+01  14 1.00000e+00  
112.2 6.0524e+01  14 1.00000e+00  
112.3 6.0618e+01  14 1.00000e+00  
112.4 6.0711e+01  14 1.00000e+00  
112.5 6.0805e+01  14 1.00000e+00  
112.6 6.0898e+01  14 1.00000e+00  
112.7 6.0997e+01  14 1.00000e+00  
112.8 6.1090e+01  14 1.00000e+00  
112.9 6.1184e+01  14 1.00000e+00  
113.0 6.1277e+01  14 1.00000e+00  
113.1 6.1371e+01  14 1.00000e+00  
113.2 6.1464e+01  14 1.00000e+00  
113.3 6.1558e+01  14 1.00000e+00  
113.4 6.1651e+01  14 1.00000e+00  
113.5 6.1745e+01  14 1.00000e+00  
113.6 6.1843e+01  14 1.00000e+00  
113.7 6.1937e+01  14 1.00000e+00  
113.8 6.2031e+01  14 1.00000e+00  
113.9 6.2124e+01  14 1.00000e+00  
114.0 6.2218e+01  14 1.00000e+00  
114.1 6.2311e+01  14 1.00000e+00  
114.2 6.2405e+01  14 1.00000e+00  
114.3 6.2498e+01  14 1.00000e+00  
114.4 6.2592e+01  14 1.00000e+00  
114.5 6.2690e+01  14 1.00000e+00  
114.6 6.2784e+01  14 1.00000e+00  
114.7 6.2878e+01  14 1.00000e+00  
114.8 6.2971e+01  14 1.00000e+00  
114.9 6.3065e+01  14 1.00000e+00  
115.0 6.3159e+01  14 1.00000e+00  
115.1 6.3253e+01  14 1.00000e+00  
115.2 6.3348e+01  14 1.00000e+00  
115.3 6.3446e+01  14 1.00000e+00  
115.4 6.3540e+01  14 1.00000e+00  
115.5 6.3632e+01  14 1.00000e+00  
115.6 6.3725e+01  14 1.00000e+00  
115.7 6.3819e+01  14 1.00000e+00  
115.8 6.3912e+01  14 1.00000e+00  
115.9 6.4009e+01  14 1.00000e+00  
116.0 6.4102e+01  14 1.00000e+00  
116.1 6.4195e+01  14 1.00000e+00  
116.2 6.4289e+01  14 1.00000e+00  
116.3 6.4386e+01  14 1.00000e+00  
116.4 6.4480e+01  14 1.00000e+00  
116.5 6.4574e+01  14 1.00000e+00  
116.6 6.4667e+01  14 1.00000e+00  
116.7 6.4760e+01  14 1.00000e+00  
116.8 6.4852e+01  14 1.00000e+00  
116.9 6.4945e+01  14 1.00000e+00  
117.0 6.5039e+01  14 1.00000e+00  
117.1 6.5135e+01  14 1.00000e+00  
117.2 6.5232e+01  14 1.00000e+00  
117.3 6.5325e+01  14 1.00000e+00  
117.4 6.5418e+01  14 1.00000e+00  
117.5 6.5512e+01  14 1.00000e+00  
117.6 6.5607e+01  14 1.00000e+00  
117.7 6.5702e+01  14 1.00000e+00  
117.8 6.5794e+01  14 1.00000e+00  
117.9 6.5887e+01  14 1.00000e+00  
118.0 6.5980e+01  14 1.00000e+00  
118.1 6.6073e+01  14 1.00000e+00  
118.2 6.6168e+01  14 1.00000e+00  
118.3 6.6265e+01  14 1.00000e+00  
118.4 6.6359e+01  14 1.00000e+00  
118.5 6.6453e+01  14 1.00000e+00  
118.6 6.6545e+01  14 1.00000e+00  
118.7 6.6641e+01  14 1.00000e+00  
118.8 6.6734e+01  14 1.00000e+00  
118.9 6.6828e+01  14 1.00000e+00  
119.0 6.6921e+01  14 1.00000e+00  
119.1 6.7015e+01  14 1.00000e+00  
119.2 6.7112e+01  14 1.00000e+00  
119.3 6.7203e+01  14 1.00000e+00  
119.4 6.7297e+01  14 1.00000e+00  
119.5 6.7394e+01  14 1.00000e+00  
119.6 6.7487e+01  14 1.00000e+00  
119.7 6.7581e+01  14 1.00000e+00  
119.8 6.7674e+01  14 1.00000e+00  
119.9 6.7768e+01  14 1.00000e+00  
120.0 6.7863e+01  14 1.00000e+00  
120.1 6.7959e+01  14 1.00000e+00  
120.2 6.8052e+01  14 1.00000e+00  
120.3 6.8145e+01  14 1.00000e+00  
120.4 6.8239e+01  14 1.00000e+00  
120.5 6.8334e+01  14 1.00000e+00  
120.6 6.8430e+01  14 1.00000e+00  
120.7 6.8522e+01  14 1.00000e+00  
120.8 6.8616e+01  14 1.00000e+00  
120.9 6.8942e+01  14 1.00000e+00  
121.0 6.9036e+01  14 1.00000e+00  
121.1 6.9131e+01  14 1.00000e+00  
121.2 6.9226e+01  14 1.00000e+00  
121.3 6.9321e+01  14 1.00000e+00  
121.4 6.9415e+01  14 1.00000e+00  
121.5 6.9510e+01  14 1.00000e+00  
121.6 6.9605e+01  14 1.00000e+00  
121.7 6.9699e+01  14 1.00000e+00  
121.8 6.9794e+01  14 1.00000e+00  
121.9 6.9889e+01  14 1.00000e+00  
122.0 6.9984e+01  14 1.00000e+00  
122.1 7.0078e+01  14 1.00000e+00  
122.2 7.0173e+01  14 1.00000e+00  
122.3 7.0268e+01  14 1.00000e+00  
122.4 7.0363e+01  14 1.00000e+00  
122.5 7.0457e+01  14 1.00000e+00  
122.6 7.0552e+01  14 1.00000e+00  
122.7 7.0647e+01  14 1.00000e+00  
122.8 7.0741e+01  14 1.00000e+00  
122.9 7.0836e+01  14 1.00000e+00  
123.0 7.0931e+01  14 1.00000e+00  
123.1 7.1026e+01  14 1.00000e+00  
123.2 7.1120e+01  14 1.00000e+00  
123.3 7.1215e+01  14 1.00000e+00  
123.4 7.1310e+01  14 1.00000e+00  
123.5 7.1404e+01  14 1.00000e+00  
123.6 7.1499e+01  14 1.00000e+00  
123.7 7.1594e+01  14 1.00000e+00  
123.8 7.1689e+01  14 1.00000e+00  
123.9 7.1783e+01  14 1.00000e+00  
124.0 7.1878e+01  14 1.00000e+00  
124.1 7.1973e+01  14 1.00000e+00  
124.2 7.2067e+01  14 1.00000e+00  
124.3 7.2162e+01  14 1.00000e+00  
124.4 7.2257e+01  14 1.00000e+00  
124.5 7.2352e+01  14 1.00000e+00  
124.6 7.2446e+01  14 1.00000e+00  
124.7 7.2541e+01  14 1.00000e+00  
124.8 7.2636e+01  14 1.00000e+00  
124.9 7.2730e+01  14 1.00000e+00  
125.0 7.2825e+01  14 1.00000e+00  
125.1 7.2920e+01  14 1.00000e+00  
125.2 7.3014e+01  14 1.00000e+00  
125.3 7.3109e+01  14 1.00000e+00  
125.4 7.3204e+01  14 1.00000e+00  
125.5 7.3299e+01  14 1.00000e+00  
125.6 7.3393e+01  14 1.00000e+00  
125.7 7.3488e+01  14 1.00000e+00  
125.8 7.3583e+01  14 1.00000e+00  
125.9 7.3677e+01  14 1.00000e+00  
126.0 7.3772e+01  14 1.00000e+00  
126.1 7.3867e+01  14 1.00000e+00  
126.2 7.3961e+01  14 1.00000e+00  
126.3 7.4056e+01  14 1.00000e+00  
126.4 7.4151e+01  14 1.00000e+00  
126.5 7.4245e+01  14 1.00000e+00  
126.6 7.4340e+01  14 1.00000e+00  
126.7 7.4435e+01  14 1.00000e+00  
126.8 7.4529e+01  14 1.00000e+00  
126.9 7.4624e+01  14 1.00000e+00  
127.0 7.4719e+01  14 1.00000e+00  
127.1 7.4813e+01  14 1.00000e+00  
127.2 7.4908e+01  14 1.00000e+00  
127.3 7.5002e+01  14 1.00000e+00  
127.4 7.5097e+01  14 1.00000e+00  
127.5 7.5192e+01  14 1.00000e+00  
127.6 7.5286e+01  14 1.00000e+00  
127.7 7.5381e+01  14 1.00000e+00  
127.8 7.5476e+01  14 1.00000e+00  
127.9 7.5570e+01  14 1.00000e+00  
128.0 7.5665e+01  14 1.00000e+00  
128.1 7.5760e+01  14 1.00000e+00  
128.2 7.5854e+01  14 1.00000e+00  
128.3 7.5949e+01  14 1.00000e+00  
128.4 7.6044e+01  14 1.00000e+00  
128.5 7.6138e+01  14 1.00000e+00  
128.6 7.6233e+01  14 1.00000e+00  
128.7 7.6327e+01  14 1.00000e+00  
128.8 7.6422e+01  14 1.00000e+00  
128.9 7.6517e+01  14 1.00000e+00  
129.0 7.6611e+01  14 1.00000e+00  
129.1 7.6706e+01  14 1.00000e+00  
129.2 7.6800e+01  14 1.00000e+00  
129.3 7.6895e+01  14 1.00000e+00  
129.4 7.6990e+01  14 1.00000e+00  
129.5 7.7084e+01  14 1.00000e+00  
129.6 7.7179e+01  14 1.00000e+00  
129.7 7.7273e+01  14 1.00000e+00  
129.8 7.7368e+01  14 1.00000e+00  
129.9 7.7462e+01  14 1.00000e+00  
130.0 7.7557e+01  14 1.00000e+00  
130.1 7.7652e+01  14 1.00000e+00  
130.2 7.7746e+01  14 1.00000e+00  
130.3 7.7841e+01  14 1.00000e+00  
130.4 7.7935e+01  14 1.00000e+00  
130.5 7.8030e+01  14 1.00000e+00  
130.6 7.8124e+01  14 1.00000e+00  
130.7 7.8219e+01  14 1.00000e+00  
130.8 7.8314e+01  14 1.00000e+00  
130.9 7.8408e+01  14 1.00000e+00  
131.0 7.8503e+01  14 1.00000e+00  
131.1 7.8597e+01  14 1.00000e+00  
131.2 7.8692e+01  14 1.00000e+00  
131.3 7.8786e+01  14 1.00000e+00  
131.4 7.8881e+01  14 1.00000e+00  
131.5 7.8975e+01  14 1.00000e+00  
131.6 7.9070e+01  14 1.00000e+00  
131.7 7.9164e+01  14 1.00000e+00  
131.8 7.9259e+01  14 1.00000e+00  
131.9 7.9353e+01  14 1.00000e+00  
132.0 7.9448e+01  14 1.00000e+00  
132.1 7.9542e+01  14 1.00000e+00  
132.2 7.9637e+01  14 1.00000e+00  
132.3 7.9731e+01  14 1.00000e+00  
132.4 7.9826e+01  14 1.00000e+00  
132.5 7.9920e+01  14 1.00000e+00  
132.6 8.0015e+01  14 1.00000e+00  
132.7 8.0109e+01  14 1.00000e+00  
132.8 8.0204e+01  14 1.00000e+00  
132.9 8.0298e+01  14 1.00000e+00  
133.0 8.0393e+01  14 1.00000e+00  
133.1 8.0487e+01  14 1.00000e+00  
133.2 8.0582e+01  14 1.00000e+00  
133.3 8.0676e+01  14 1.00000e+00  
133.4 8.0771e+01  14 1.00000e+00  
133.5 8.0865e+01  14 1.00000e+00  
133.6 8.0960e+01  14 1.00000e+00  
133.7 8.1054e+01  14 1.00000e+00  
133.8 8.1148e+01  14 1.00000e+00  
133.9 8.1243e+01  14 1.00000e+00  
134.0 8.1337e+01  14 1.00000e+00  
134.1 8.1432e+01  14 1.00000e+00  
134.2 8.1526e+01  14 1.00000e+00  
134.3 8.1621e+01  14 1.00000e+00  
134.4 8.1715e+01  14 1.00000e+00  
134.5 8.1809e+01  14 1.00000e+00  
134.6 8.1904e+01  14 1.00000e+00  
134.7 8.1998e+01  14 1.00000e+00  
134.8 8.2093e+01  14 1.00000e+00  
134.9 8.2187e+01  14 1.00000e+00  
135.0 8.2281e+01  14 1.00000e+00  
135.1 8.2376e+01  14 1.00000e+00  
135.2 8.2470e+01  14 1.00000e+00  
135.3 8.2565e+01  14 1.00000e+00  
135.4 8.2659e+01  14 1.00000e+00  
135.5 8.2753e+01  14 1.00000e+00  
135.6 8.2848e+01  14 1.00000e+00  
135.7 8.2942e+01  14 1.00000e+00  
135.8 8.3036e+01  14 1.00000e+00  
135.9 8.3131e+01  14 1.00000e+00  
136.0 8.3225e+01  14 1.00000e+00  
136.1 8.3320e+01  14 1.00000e+00  
136.2 8.3414e+01  14 1.00000e+00  
136.3 8.3508e+01  14 1.00000e+00  
136.4 8.3603e+01  14 1.00000e+00  
136.5 8.3697e+01  14 1.00000e+00  
136.6 8.3791e+01  14 1.00000e+00  
136.7 8.3886e+01  14 1.00000e+00  
136.8 8.3980e+01  14 1.00000e+00  
136.9 8.4074e+01  14 1.00000e+00  
137.0 8.4169e+01  14 1.00000e+00  
137.1 8.4263e+01  14 1.00000e+00  
137.2 8.4357e+01  14 1.00000e+00  
137.3 8.4451e+01  14 1.00000e+00  
137.4 8.4546e+01  14 1.00000e+00  
137.5 8.4640e+01  14 1.00000e+00  
137.6 8.4734e+01  14 1.00000e+00  
137.7 8.4829e+01  14 1.00000e+00  
137.8 8.4923e+01  14 1.00000e+00  
137.9 8.5017e+01  14 1.00000e+00  
138.0 8.5111e+01  14 1.00000e+00  
138.1 8.5206e+01  14 1.00000e+00  
138.2 8.5300e+01  14 1.00000e+00  
138.3 8.5394e+01  14 1.00000e+00  
138.4 8.5488e+01  14 1.00000e+00  
138.5 8.5583e+01  14 1.00000e+00  
138.6 8.5677e+01  14 1.00000e+00  
138.7 8.5771e+01  14 1.00000e+00  
138.8 8.5865e+01  14 1.00000e+00  
138.9 8.5960e+01  14 1.00000e+00  
139.0 8.6054e+01  14 1.00000e+00  
139.1 8.6148e+01  14 1.00000e+00  
139.2 8.6242e+01  14 1.00000e+00  
139.3 8.6337e+01  14 1.00000e+00  
139.4 8.6431e+01  14 1.00000e+00  
139.5 8.6525e+01  14 1.00000e+00  
139.6 8.6619e+01  14 1.00000e+00  
139.7 8.6713e+01  14 1.00000e+00  
139.8 8.6808e+01  14 1.00000e+00  
139.9 8.6902e+01  14 1.00000e+00  
140.0 8.6996e+01  14 1.00000e+00  
140.1 8.7090e+01  14 1.00000e+00  
140.2 8.7184e+01  14 1.00000e+00  
140.3 8.7278e+01  14 1.00000e+00  
140.4 8.7373e+01  14 1.00000e+00  
140.5 8.7467e+01  14 1.00000e+00  
140.6 8.7561e+01  14 1.00000e+00  
140.7 8.7655e+01  14 1.00000e+00  
140.8 8.7749e+01  14 1.00000e+00  
140.9 8.7843e+01  14 1.00000e+00  
141.0 8.7938e+01  14 1.00000e+00  
141.1 8.8032e+01  14 1.00000e+00  
141.2 8.8126e+01  14 1.00000e+00  
141.3 8.8220e+01  14 1.00000e+00  
141.4 8.8314e+01  14 1.00000e+00  
141.5 8.8408e+01  14 1.00000e+00  
141.6 8.8502e+01  14 1.00000e+00  
141.7 8.8596e+01  14 1.00000e+00  
141.8 8.8690e+01  14 1.00000e+00  
141.9 8.8784e+01  14 1.00000e+00  
142.0 8.8879e+01  14 1.00000e+00  
142.1 8.8973e+01  14 1.00000e+00  
142.2 8.9067e+01  14 1.00000e+00  
142.3 8.9161e+01  14 1.00000e+00  
142.4 8.9255e+01  14 1.00000e+00  
142.5 8.9349e+01  14 1.00000e+00  
142.6 8.9443e+01  14 1.00000e+00  
142.7 8.9537e+01  14 1.00000e+00  
142.8 8.9631e+01  14 1.00000e+00  
142.9 8.9725e+01  14 1.00000e+00  
143.0 8.9819e+01  14 1.00000e+00  
143.1 8.9913e+01  14 1.00000e+00  
143.2 9.0007e+01  14 1.00000e+00  
143.3 9.0101e+01  14 1.00000e+00  
143.4 9.0195e+01  14 1.00000e+00  
143.5 9.0289e+01  14 1.00000e+00  
143.6 9.0383e+01  14 1.00000e+00  
143.7 9.0477e+01  14 1.00000e+00  
143.8 9.0571e+01  14 1.00000e+00  
143.9 9.0665e+01  14 1.00000e+00  
144.0 9.0759e+01  14 1.00000e+00  
144.1 9.0853e+01  14 1.00000e+00  
144.2 9.0947e+01  14 1.00000e+00  
144.3 9.1041e+01  14 1.00000e+00  
144.4 9.1135e+01  14 1.00000e+00  
144.5 9.1229e+01  14 1.00000e+00  
144.6 9.1323e+01  14 1.00000e+00  
144.7 9.1417e+01  14 1.00000e+00  
144.8 9.1511e+01  14 1.00000e+00  
144.9 9.1605e+01  14 1.00000e+00  
145.0 9.1699e+01  14 1.00000e+00  
145.1 9.1793e+01  14 1.00000e+00  
145.2 9.1887e+01  14 1.00000e+00  
145.3 9.1981e+01  14 1.00000e+00  
145.4 9.2075e+01  14 1.00000e+00  
145.5 9.2169e+01  14 1.00000e+00  
145.6 9.2263e+01  14 1.00000e+00  
145.7 9.2357e+01  14 1.00000e+00  
145.8 9.2451e+01  14 1.00000e+00  
145.9 9.2545e+01  14 1.00000e+00  
146.0 9.2638e+01  14 1.00000e+00  
146.1 9.2732e+01  14 1.00000e+00  
146.2 9.2826e+01  14 1.00000e+00  
146.3 9.2920e+01  14 1.00000e+00  
146.4 9.3014e+01  14 1.00000e+00  
146.5 9.3108e+01  14 1.00000e+00  
146.6 9.3202e+01  14 1.00000e+00  
146.7 9.3296e+01  14 1.00000e+00  
146.8 9.3390e+01  14 1.00000e+00  
146.9 9.3483e+01  14 1.00000e+00  
147.0 9.3577e+01  14 1.00000e+00  
147.1 9.3671e+01  14 1.00000e+00  
147.2 9.3765e+01  14 1.00000e+00  
147.3 9.3859e+01  14 1.00000e+00  
147.4 9.3953e+01  14 1.00000e+00  
147.5 9.4047e+01  14 1.00000e+00  
147.6 9.4140e+01  14 1.00000e+00  
147.7 9.4234e+01  14 1.00000e+00  
147.8 9.4328e+01  14 1.00000e+00  
147.9 9.4422e+01  14 1.00000e+00  
148.0 9.4516e+01  14 1.00000e+00  
148.1 9.4609e+01  14 1.00000e+00  
148.2 9.4703e+01  14 1.00000e+00  
148.3 9.4797e+01  14 1.00000e+00  
148.4 9.4891e+01  14 1.00000e+00  
148.5 9.4985e+01  14 1.00000e+00  
148.6 9.5078e+01  14 1.00000e+00  
148.7 9.5172e+01  14 1.00000e+00  
148.8 9.5266e+01  14 1.00000e+00  
148.9 9.5360e+01  14 1.00000e+00  
149.0 9.5453e+01  14 1.00000e+00  
149.1 9.5547e+01  14 1.00000e+00  
149.2 9.5641e+01  14 1.00000e+00  
149.3 9.5735e+01  14 1.00000e+00  
149.4 9.5828e+01  14 1.00000e+00  
149.5 9.5922e+01  14 1.00000e+00  
149.6 9.6016e+01  14 1.00000e+00  
149.7 9.6110e+01  14 1.00000e+00  
149.8 9.6203e+01  14 1.00000e+00  
149.9 9.6297e+01  14 1.00000e+00  
150.0 9.6391e+01  14 1.00000e+00  
