 15.1 1.4582e+00  13 4.50835e-02  
 15.2 1.4657e+00  13 4.54372e-02  
 15.3 1.4733e+00  13 4.57867e-02  
 15.4 1.4808e+00  13 4.61320e-02  
 15.5 1.4883e+00  13 4.64731e-02  
 15.6 1.4959e+00  13 4.68102e-02  
 15.7 1.5034e+00  13 4.71432e-02  
 15.8 1.5109e+00  13 4.74725e-02  
 15.9 1.5185e+00  13 4.77980e-02  
 16.0 1.5260e+00  13 4.81199e-02  
 16.1 1.5335e+00  13 4.83811e-02  
 16.2 1.5410e+00  13 4.86949e-02  
 16.3 1.5486e+00  13 4.90054e-02  
 16.4 1.5561e+00  13 4.93124e-02  
 16.5 1.5636e+00  13 4.96161e-02  
 16.6 1.5711e+00  13 4.99167e-02  
 16.7 1.5787e+00  13 5.02141e-02  
 16.8 1.5862e+00  13 5.05083e-02  
 16.9 1.5937e+00  13 5.07994e-02  
 17.0 1.6012e+00  13 5.10876e-02  
 17.1 1.6087e+00  13 5.13726e-02  
 17.2 1.6162e+00  13 5.16545e-02  
 17.3 1.6237e+00  13 5.19333e-02  
 17.4 1.6312e+00  13 5.22093e-02  
 17.5 1.6388e+00  13 5.24822e-02  
 17.6 1.6463e+00  13 5.27523e-02  
 17.7 1.6538e+00  13 5.30195e-02  
 17.8 1.6613e+00  13 5.32840e-02  
 17.9 1.6688e+00  13 5.35456e-02  
 18.0 1.6763e+00  13 5.38046e-02  
 18.1 1.6838e+00  13 5.40609e-02  
 18.2 1.6912e+00  13 5.43144e-02  
 18.3 1.6987e+00  13 5.45655e-02  
 18.4 1.7090e+00  13 5.50285e-02  
 18.5 1.7213e+00  13 5.56343e-02  
 18.6 1.7336e+00  13 5.62418e-02  
 18.7 1.7460e+00  13 5.68512e-02  
 18.8 1.7585e+00  13 5.74624e-02  
 18.9 1.7711e+00  13 5.80756e-02  
 19.0 1.7838e+00  13 5.86908e-02  
 19.1 1.7966e+00  13 5.93080e-02  
 19.2 1.8095e+00  13 5.99273e-02  
 19.3 1.8225e+00  13 6.04539e-02  
 19.4 1.8356e+00  13 6.10758e-02  
 19.5 1.8488e+00  13 6.16999e-02  
 19.6 1.8620e+00  13 6.23263e-02  
 19.7 1.8754e+00  13 6.29551e-02  
 19.8 1.8889e+00  13 6.35861e-02  
 19.9 1.9025e+00  13 6.42196e-02  
 20.0 1.9162e+00  13 6.48554e-02  
 20.1 1.7518e+01  14 1.00000e+00  
 20.2 1.7601e+01  14 1.00000e+00  
 20.3 1.7684e+01  14 1.00000e+00  
 20.4 1.7767e+01  14 1.00000e+00  
 20.5 1.7850e+01  14 1.00000e+00  
 20.6 1.7932e+01  14 1.00000e+00  
 20.7 1.8015e+01  14 1.00000e+00  
 20.8 1.8098e+01  14 1.00000e+00  
 20.9 1.8180e+01  14 1.00000e+00  
 21.0 1.8263e+01  14 1.00000e+00  
 21.1 1.8346e+01  14 1.00000e+00  
 21.2 1.8428e+01  14 1.00000e+00  
 21.3 1.8510e+01  14 1.00000e+00  
 21.4 1.8593e+01  14 1.00000e+00  
 21.5 1.8675e+01  14 1.00000e+00  
 21.6 1.8758e+01  14 1.00000e+00  
 21.7 1.8840e+01  14 1.00000e+00  
 21.8 1.8922e+01  14 1.00000e+00  
 21.9 1.9004e+01  14 1.00000e+00  
 22.0 1.9086e+01  14 1.00000e+00  
 22.1 1.9168e+01  14 1.00000e+00  
 22.2 1.9250e+01  14 1.00000e+00  
 22.3 1.9332e+01  14 1.00000e+00  
 22.4 1.9414e+01  14 1.00000e+00  
 22.5 1.9496e+01  14 1.00000e+00  
 22.6 1.9578e+01  14 1.00000e+00  
 22.7 1.9660e+01  14 1.00000e+00  
 22.8 1.9742e+01  14 1.00000e+00  
 22.9 1.9823e+01  14 1.00000e+00  
 23.0 5.5745e+00  14 2.45960e-01  
 23.1 5.6905e+00  14 2.50990e-01  
 23.2 5.8082e+00  14 2.56060e-01  
 23.3 5.9274e+00  14 2.61170e-01  
 23.4 6.0483e+00  14 2.66320e-01  
 23.5 6.1707e+00  14 2.71511e-01  
 23.6 6.2947e+00  14 2.76744e-01  
 23.7 6.4203e+00  14 2.82016e-01  
 23.8 6.5475e+00  14 2.87327e-01  
 23.9 6.6732e+00  14 2.93115e-01  
 24.0 6.8033e+00  14 2.98502e-01  
 24.1 6.9350e+00  14 3.03927e-01  
 24.2 7.0683e+00  14 3.09390e-01  
 24.3 7.2033e+00  14 3.14891e-01  
 24.4 7.3398e+00  14 3.20430e-01  
 24.5 7.4780e+00  14 3.26007e-01  
 24.6 7.6178e+00  14 3.31626e-01  
 24.7 7.7593e+00  14 3.37283e-01  
 24.8 7.8959e+00  14 3.43375e-01  
 24.9 8.0402e+00  14 3.49099e-01  
 25.0 8.1863e+00  14 3.54861e-01  
 25.1 8.3339e+00  14 3.60659e-01  
 25.2 8.4833e+00  14 3.66495e-01  
 25.3 8.6342e+00  14 3.72373e-01  
 25.4 8.7867e+00  14 3.78287e-01  
 25.5 8.9410e+00  14 3.84236e-01  
 25.6 9.0969e+00  14 3.90222e-01  
 25.7 9.2442e+00  14 3.96604e-01  
 25.8 9.4032e+00  14 4.02655e-01  
 25.9 9.5638e+00  14 4.08743e-01  
 26.0 9.7259e+00  14 4.14873e-01  
 26.1 9.8897e+00  14 4.21036e-01  
 26.2 1.0055e+01  14 4.27235e-01  
 26.3 1.0223e+01  14 4.33470e-01  
 26.4 1.0391e+01  14 4.39740e-01  
 26.5 1.0562e+01  14 4.46046e-01  
 26.6 1.0720e+01  14 4.52710e-01  
 26.7 1.0893e+01  14 4.59085e-01  
 26.8 1.1069e+01  14 4.65493e-01  
 26.9 1.1246e+01  14 4.71937e-01  
 27.0 1.1424e+01  14 4.78416e-01  
 27.1 1.1605e+01  14 4.84930e-01  
 27.2 1.1787e+01  14 4.91479e-01  
 27.3 1.1971e+01  14 4.98063e-01  
 27.4 1.2157e+01  14 5.04682e-01  
 27.5 1.2324e+01  14 5.11628e-01  
 27.6 1.2512e+01  14 5.18314e-01  
 27.7 1.2703e+01  14 5.25032e-01  
 27.8 1.2895e+01  14 5.31787e-01  
 27.9 1.3089e+01  14 5.38575e-01  
 28.0 1.3284e+01  14 5.45399e-01  
 28.1 1.3481e+01  14 5.52257e-01  
 28.2 1.3680e+01  14 5.59149e-01  
 28.3 1.3881e+01  14 5.66081e-01  
 28.4 1.4083e+01  14 5.73044e-01  
 28.5 1.4262e+01  14 5.80287e-01  
 28.6 1.4467e+01  14 5.87313e-01  
 28.7 1.4674e+01  14 5.94372e-01  
 28.8 1.4883e+01  14 6.01466e-01  
 28.9 1.5094e+01  14 6.08595e-01  
 29.0 1.5306e+01  14 6.15758e-01  
 29.1 1.5520e+01  14 6.22959e-01  
 29.2 1.5736e+01  14 6.30191e-01  
 29.3 1.5954e+01  14 6.37458e-01  
 29.4 1.6141e+01  14 6.44966e-01  
 29.5 1.6361e+01  14 6.52298e-01  
 29.6 1.6584e+01  14 6.59662e-01  
 29.7 1.6808e+01  14 6.67057e-01  
 29.8 1.7034e+01  14 6.74488e-01  
 29.9 1.7262e+01  14 6.81953e-01  
 30.0 1.7491e+01  14 6.89455e-01  
 30.1 1.7723e+01  14 6.96988e-01  
 30.2 1.7955e+01  14 7.04556e-01  
 30.3 1.8190e+01  14 7.12160e-01  
 30.4 1.8386e+01  14 7.19960e-01  
 30.5 1.8623e+01  14 7.27626e-01  
 30.6 1.8864e+01  14 7.35320e-01  
 30.7 1.9105e+01  14 7.43051e-01  
 30.8 1.9349e+01  14 7.50815e-01  
 30.9 1.9593e+01  14 7.58616e-01  
 31.0 1.9840e+01  14 7.66449e-01  
 31.1 2.0088e+01  14 7.74318e-01  
 31.2 2.0337e+01  14 7.82220e-01  
 31.3 2.0541e+01  14 7.90279e-01  
 31.4 2.0793e+01  14 7.98243e-01  
 31.5 2.1047e+01  14 8.06240e-01  
 31.6 2.1306e+01  14 8.14266e-01  
 31.7 2.1565e+01  14 8.22329e-01  
 31.8 2.1825e+01  14 8.30427e-01  
 31.9 2.2087e+01  14 8.38560e-01  
 32.0 2.2350e+01  14 8.46725e-01  
 32.1 2.2615e+01  14 8.54925e-01  
 32.2 2.2881e+01  14 8.63159e-01  
 32.3 2.3092e+01  14 8.71502e-01  
 32.4 2.3361e+01  14 8.79796e-01  
 32.5 2.3633e+01  14 8.88124e-01  
 32.6 2.3910e+01  14 8.96482e-01  
 32.7 2.4186e+01  14 9.04877e-01  
 32.8 2.4463e+01  14 9.13306e-01  
 32.9 2.4741e+01  14 9.21769e-01  
 33.0 2.5021e+01  14 9.30266e-01  
 33.1 2.5303e+01  14 9.38796e-01  
 33.2 2.5587e+01  14 9.47360e-01  
 33.3 2.5803e+01  14 9.55984e-01  
 33.4 2.6089e+01  14 9.64610e-01  
 33.5 2.6378e+01  14 9.73270e-01  
 33.6 2.6673e+01  14 9.81963e-01  
 33.7 2.6966e+01  14 9.90690e-01  
 33.8 2.7260e+01  14 9.99451e-01  
 33.9 2.7337e+01  14 1.00000e+00  
 34.0 2.7399e+01  14 1.00000e+00  
 34.1 2.7462e+01  14 1.00000e+00  
 34.2 2.7524e+01  14 1.00000e+00  
 34.3 2.7507e+01  14 1.00000e+00  
 34.4 2.7570e+01  14 1.00000e+00  
 34.5 2.7631e+01  14 1.00000e+00  
 34.6 2.7698e+01  14 1.00000e+00  
 34.7 2.7759e+01  14 1.00000e+00  
 34.8 2.7821e+01  14 1.00000e+00  
 34.9 2.7750e+01  14 1.00000e+00  
 35.0 2.7812e+01  14 1.00000e+00  
 35.1 2.7871e+01  14 1.00000e+00  
 35.2 2.7932e+01  14 1.00000e+00  
 35.3 2.7907e+01  14 1.00000e+00  
 35.4 2.7823e+01  14 1.00000e+00  
 35.5 2.7883e+01  14 1.00000e+00  
 35.6 2.7945e+01  14 1.00000e+00  
 35.7 2.8008e+01  14 1.00000e+00  
 35.8 2.7922e+01  14 1.00000e+00  
 35.9 2.7981e+01  14 1.00000e+00  
 36.0 2.8041e+01  14 1.00000e+00  
 36.1 2.8100e+01  14 1.00000e+00  
 36.2 2.8159e+01  14 1.00000e+00  
 36.3 2.7979e+01  14 1.00000e+00  
 36.4 2.5353e+01  14 1.00000e+00  
 36.5 2.2718e+01  14 1.00000e+00  
 36.6 2.1487e+01  14 1.00000e+00  
 36.7 1.9638e+01  14 1.00000e+00  
 36.8 1.7024e+01  14 1.00000e+00  
 36.9 1.4423e+01  14 1.00000e+00  
 37.0 1.3759e+01  14 1.00000e+00  
 37.1 1.3678e+01  14 1.00000e+00  
 37.2 1.3639e+01  14 1.00000e+00  
 37.3 1.3597e+01  14 1.00000e+00  
 37.4 1.3582e+01  14 1.00000e+00  
 37.5 1.3567e+01  14 1.00000e+00  
 37.6 1.3519e+01  14 1.00000e+00  
 37.7 1.3496e+01  14 1.00000e+00  
 37.8 1.3459e+01  14 1.00000e+00  
 37.9 1.3429e+01  14 1.00000e+00  
 38.0 1.3380e+01  14 1.00000e+00  
 38.1 1.3336e+01  14 1.00000e+00  
 38.2 1.3302e+01  14 1.00000e+00  
 38.3 1.3263e+01  14 1.00000e+00  
 38.4 1.3314e+01  14 1.00000e+00  
 38.5 1.3317e+01  14 1.00000e+00  
 38.6 1.3351e+01  14 1.00000e+00  
 38.7 1.3388e+01  14 1.00000e+00  
 38.8 1.3432e+01  14 1.00000e+00  
 38.9 1.3491e+01  14 1.00000e+00  
 39.0 1.3547e+01  14 1.00000e+00  
 39.1 1.3516e+01  14 1.00000e+00  
 39.2 1.3558e+01  14 1.00000e+00  
 39.3 1.3608e+01  14 1.00000e+00  
 39.4 1.3668e+01  14 1.00000e+00  
 39.5 1.3721e+01  14 1.00000e+00  
 39.6 1.3684e+01  14 1.00000e+00  
 39.7 1.3728e+01  14 1.00000e+00  
 39.8 1.3788e+01  14 1.00000e+00  
 39.9 1.3844e+01  14 1.00000e+00  
 40.0 1.3895e+01  14 1.00000e+00  
 40.1 1.3942e+01  14 1.00000e+00  
 40.2 1.3899e+01  14 1.00000e+00  
 40.3 1.3946e+01  14 1.00000e+00  
 40.4 1.4020e+01  14 1.00000e+00  
 40.5 1.4068e+01  14 1.00000e+00  
 40.6 1.4158e+01  14 1.00000e+00  
 40.7 1.4069e+01  14 1.00000e+00  
 40.8 1.4129e+01  14 1.00000e+00  
 40.9 1.4187e+01  14 1.00000e+00  
 41.0 1.4241e+01  14 1.00000e+00  
 41.1 1.4326e+01  14 1.00000e+00  
 41.2 1.4247e+01  14 1.00000e+00  
 41.3 1.4309e+01  14 1.00000e+00  
 41.4 1.4362e+01  14 1.00000e+00  
 41.5 1.4457e+01  14 1.00000e+00  
 41.6 1.4368e+01  14 1.00000e+00  
 41.7 1.4431e+01  14 1.00000e+00  
 41.8 1.4487e+01  14 1.00000e+00  
 41.9 1.4588e+01  14 1.00000e+00  
 42.0 1.4495e+01  14 1.00000e+00  
 42.1 1.4553e+01  14 1.00000e+00  
 42.2 1.4612e+01  14 1.00000e+00  
 42.3 1.4578e+01  14 1.00000e+00  
 42.4 1.4623e+01  14 1.00000e+00  
 42.5 1.4675e+01  14 1.00000e+00  
 42.6 1.4661e+01  14 1.00000e+00  
 42.7 1.4706e+01  14 1.00000e+00  
 42.8 1.4724e+01  14 1.00000e+00  
 42.9 1.4757e+01  14 1.00000e+00  
 43.0 1.4787e+01  14 1.00000e+00  
 43.1 1.4815e+01  14 1.00000e+00  
 43.2 1.4684e+01  14 1.00000e+00  
 43.3 1.4711e+01  14 1.00000e+00  
 43.4 1.4745e+01  14 1.00000e+00  
 43.5 1.4778e+01  14 1.00000e+00  
 43.6 1.4811e+01  14 1.00000e+00  
 43.7 1.4844e+01  14 1.00000e+00  
 43.8 1.4877e+01  14 1.00000e+00  
 43.9 1.4909e+01  14 1.00000e+00  
 44.0 1.4942e+01  14 1.00000e+00  
 44.1 1.4985e+01  14 1.00000e+00  
 44.2 1.5030e+01  14 1.00000e+00  
 44.3 1.5188e+01  14 1.00000e+00  
 44.4 1.5225e+01  14 1.00000e+00  
 44.5 1.5261e+01  14 1.00000e+00  
 44.6 1.5293e+01  14 1.00000e+00  
 44.7 1.5326e+01  14 1.00000e+00  
 44.8 1.5359e+01  14 1.00000e+00  
 44.9 1.5381e+01  14 1.00000e+00  
 45.0 1.5413e+01  14 1.00000e+00  
 45.1 1.5445e+01  14 1.00000e+00  
 45.2 1.5477e+01  14 1.00000e+00  
 45.3 1.5519e+01  14 1.00000e+00  
 45.4 1.5565e+01  14 1.00000e+00  
 45.5 1.5610e+01  14 1.00000e+00  
 45.6 1.5764e+01  14 1.00000e+00  
 45.7 1.5802e+01  14 1.00000e+00  
 45.8 1.5838e+01  14 1.00000e+00  
 45.9 1.5871e+01  14 1.00000e+00  
 46.0 1.5905e+01  14 1.00000e+00  
 46.1 1.5938e+01  14 1.00000e+00  
 46.2 1.5972e+01  14 1.00000e+00  
 46.3 1.6005e+01  14 1.00000e+00  
 46.4 1.6038e+01  14 1.00000e+00  
 46.5 1.6070e+01  14 1.00000e+00  
 46.6 1.6103e+01  14 1.00000e+00  
 46.7 1.6148e+01  14 1.00000e+00  
 46.8 1.6193e+01  14 1.00000e+00  
 46.9 1.6239e+01  14 1.00000e+00  
 47.0 1.6302e+01  14 1.00000e+00  
 47.1 1.6435e+01  14 1.00000e+00  
 47.2 1.6473e+01  14 1.00000e+00  
 47.3 1.6507e+01  14 1.00000e+00  
 47.4 1.6541e+01  14 1.00000e+00  
 47.5 1.6575e+01  14 1.00000e+00  
 47.6 1.6609e+01  14 1.00000e+00  
 47.7 1.6631e+01  14 1.00000e+00  
 47.8 1.6664e+01  14 1.00000e+00  
 47.9 1.6697e+01  14 1.00000e+00  
 48.0 1.6734e+01  14 1.00000e+00  
 48.1 1.6779e+01  14 1.00000e+00  
 48.2 1.6825e+01  14 1.00000e+00  
 48.3 1.6870e+01  14 1.00000e+00  
 48.4 1.6942e+01  14 1.00000e+00  
 48.5 1.7000e+01  14 1.00000e+00  
 48.6 1.7106e+01  14 1.00000e+00  
 48.7 1.7145e+01  14 1.00000e+00  
 48.8 1.7179e+01  14 1.00000e+00  
 48.9 1.7213e+01  14 1.00000e+00  
 49.0 1.7247e+01  14 1.00000e+00  
 49.1 1.7281e+01  14 1.00000e+00  
 49.2 1.7315e+01  14 1.00000e+00  
 49.3 1.7348e+01  14 1.00000e+00  
 49.4 1.7380e+01  14 1.00000e+00  
 49.5 1.7414e+01  14 1.00000e+00  
 49.6 1.7459e+01  14 1.00000e+00  
 49.7 1.7523e+01  14 1.00000e+00  
 49.8 1.7585e+01  14 1.00000e+00  
 49.9 1.7642e+01  14 1.00000e+00  
 50.0 1.7694e+01  14 1.00000e+00  
 50.1 1.7741e+01  14 1.00000e+00  
 50.2 1.7836e+01  14 1.00000e+00  
 50.3 1.7874e+01  14 1.00000e+00  
 50.4 1.7907e+01  14 1.00000e+00  
 50.5 1.7942e+01  14 1.00000e+00  
 50.6 1.7975e+01  14 1.00000e+00  
 50.7 1.8010e+01  14 1.00000e+00  
 50.8 1.8043e+01  14 1.00000e+00  
 50.9 1.8077e+01  14 1.00000e+00  
 51.0 1.8110e+01  14 1.00000e+00  
 51.1 1.8143e+01  14 1.00000e+00  
 51.2 1.8187e+01  14 1.00000e+00  
 51.3 1.8261e+01  14 1.00000e+00  
 51.4 1.8321e+01  14 1.00000e+00  
 51.5 1.8376e+01  14 1.00000e+00  
 51.6 1.8426e+01  14 1.00000e+00  
 51.7 1.8473e+01  14 1.00000e+00  
 51.8 1.8568e+01  14 1.00000e+00  
 51.9 1.8607e+01  14 1.00000e+00  
 52.0 1.8641e+01  14 1.00000e+00  
 52.1 1.8676e+01  14 1.00000e+00  
 52.2 1.8711e+01  14 1.00000e+00  
 52.3 1.8746e+01  14 1.00000e+00  
 52.4 1.8780e+01  14 1.00000e+00  
 52.5 1.8814e+01  14 1.00000e+00  
 52.6 1.8848e+01  14 1.00000e+00  
 52.7 1.8880e+01  14 1.00000e+00  
 52.8 1.8919e+01  14 1.00000e+00  
 52.9 1.8965e+01  14 1.00000e+00  
 53.0 1.9016e+01  14 1.00000e+00  
 53.1 1.9096e+01  14 1.00000e+00  
 53.2 1.9154e+01  14 1.00000e+00  
 53.3 1.9207e+01  14 1.00000e+00  
 53.4 1.9256e+01  14 1.00000e+00  
 53.5 1.9302e+01  14 1.00000e+00  
 53.6 1.9346e+01  14 1.00000e+00  
 53.7 1.9443e+01  14 1.00000e+00  
 53.8 1.9488e+01  14 1.00000e+00  
 53.9 1.9521e+01  14 1.00000e+00  
 54.0 1.9568e+01  14 1.00000e+00  
 54.1 1.9600e+01  14 1.00000e+00  
 54.2 1.9651e+01  14 1.00000e+00  
 54.3 1.9683e+01  14 1.00000e+00  
 54.4 1.9732e+01  14 1.00000e+00  
 54.5 1.9787e+01  14 1.00000e+00  
 54.6 1.9817e+01  14 1.00000e+00  
 54.7 1.9862e+01  14 1.00000e+00  
 54.8 1.9891e+01  14 1.00000e+00  
 54.9 1.9946e+01  14 1.00000e+00  
 55.0 2.0005e+01  14 1.00000e+00  
 55.1 2.0032e+01  14 1.00000e+00  
 55.2 2.0091e+01  14 1.00000e+00  
 55.3 2.0151e+01  14 1.00000e+00  
 55.4 2.0174e+01  14 1.00000e+00  
 55.5 2.0235e+01  14 1.00000e+00  
 55.6 2.0256e+01  14 1.00000e+00  
 55.7 2.0319e+01  14 1.00000e+00  
 55.8 2.0383e+01  14 1.00000e+00  
 55.9 2.0399e+01  14 1.00000e+00  
 56.0 2.0464e+01  14 1.00000e+00  
 56.1 2.0529e+01  14 1.00000e+00  
 56.2 2.0543e+01  14 1.00000e+00  
 56.3 2.0608e+01  14 1.00000e+00  
 56.4 2.0674e+01  14 1.00000e+00  
 56.5 2.0740e+01  14 1.00000e+00  
 56.6 2.0752e+01  14 1.00000e+00  
 56.7 2.0819e+01  14 1.00000e+00  
 56.8 2.0887e+01  14 1.00000e+00  
 56.9 2.0894e+01  14 1.00000e+00  
 57.0 2.0958e+01  14 1.00000e+00  
 57.1 2.1029e+01  14 1.00000e+00  
 57.2 2.1032e+01  14 1.00000e+00  
 57.3 2.1100e+01  14 1.00000e+00  
 57.4 2.1171e+01  14 1.00000e+00  
 57.5 2.1158e+01  14 1.00000e+00  
 57.6 2.1236e+01  14 1.00000e+00  
 57.7 2.1306e+01  14 1.00000e+00  
 57.8 2.1298e+01  14 1.00000e+00  
 57.9 2.1340e+01  14 1.00000e+00  
 58.0 2.1440e+01  14 1.00000e+00  
 58.1 2.1436e+01  14 1.00000e+00  
 58.2 2.1483e+01  14 1.00000e+00  
 58.3 2.1514e+01  14 1.00000e+00  
 58.4 2.1632e+01  14 1.00000e+00  
 58.5 2.1624e+01  14 1.00000e+00  
 58.6 2.1667e+01  14 1.00000e+00  
 58.7 2.1692e+01  14 1.00000e+00  
 58.8 2.1827e+01  14 1.00000e+00  
 58.9 2.1812e+01  14 1.00000e+00  
 59.0 2.1848e+01  14 1.00000e+00  
 59.1 2.1845e+01  14 1.00000e+00  
 59.2 2.1885e+01  14 1.00000e+00  
 59.3 2.1998e+01  14 1.00000e+00  
 59.4 2.2030e+01  14 1.00000e+00  
 59.5 2.2027e+01  14 1.00000e+00  
 59.6 2.2072e+01  14 1.00000e+00  
 59.7 2.2185e+01  14 1.00000e+00  
 59.8 2.2219e+01  14 1.00000e+00  
 59.9 2.2215e+01  14 1.00000e+00  
 60.0 2.2259e+01  14 1.00000e+00  
 60.1 2.2315e+01  14 1.00000e+00  
 60.2 2.2412e+01  14 1.00000e+00  
 60.3 2.2406e+01  14 1.00000e+00  
 60.4 2.2446e+01  14 1.00000e+00  
 60.5 2.2495e+01  14 1.00000e+00  
 60.6 2.2572e+01  14 1.00000e+00  
 60.7 2.2635e+01  14 1.00000e+00  
 60.8 2.2634e+01  14 1.00000e+00  
 60.9 2.2680e+01  14 1.00000e+00  
 61.0 2.2742e+01  14 1.00000e+00  
 61.1 2.2818e+01  14 1.00000e+00  
 61.2 2.2893e+01  14 1.00000e+00  
 61.3 2.2869e+01  14 1.00000e+00  
 61.4 2.2915e+01  14 1.00000e+00  
 61.5 2.2982e+01  14 1.00000e+00  
 61.6 2.3058e+01  14 1.00000e+00  
 61.7 2.3130e+01  14 1.00000e+00  
 61.8 2.3104e+01  14 1.00000e+00  
 61.9 2.3150e+01  14 1.00000e+00  
 62.0 2.3213e+01  14 1.00000e+00  
 62.1 2.3290e+01  14 1.00000e+00  
 62.2 2.3364e+01  14 1.00000e+00  
 62.3 2.3428e+01  14 1.00000e+00  
 62.4 2.3385e+01  14 1.00000e+00  
 62.5 2.3431e+01  14 1.00000e+00  
 62.6 2.3500e+01  14 1.00000e+00  
 62.7 2.3579e+01  14 1.00000e+00  
 62.8 2.3651e+01  14 1.00000e+00  
 62.9 2.3723e+01  14 1.00000e+00  
 63.0 2.3793e+01  14 1.00000e+00  
 63.1 2.3714e+01  14 1.00000e+00  
 63.2 2.3789e+01  14 1.00000e+00  
 63.3 2.3864e+01  14 1.00000e+00  
 63.4 2.3937e+01  14 1.00000e+00  
 63.5 2.4007e+01  14 1.00000e+00  
 63.6 2.4079e+01  14 1.00000e+00  
 63.7 2.4043e+01  14 1.00000e+00  
 63.8 2.4066e+01  14 1.00000e+00  
 63.9 2.4141e+01  14 1.00000e+00  
 64.0 2.4214e+01  14 1.00000e+00  
 64.1 2.4286e+01  14 1.00000e+00  
 64.2 2.4354e+01  14 1.00000e+00  
 64.3 2.4426e+01  14 1.00000e+00  
 64.4 2.4439e+01  14 1.00000e+00  
 64.5 2.4407e+01  14 1.00000e+00  
 64.6 2.4482e+01  14 1.00000e+00  
 64.7 2.4553e+01  14 1.00000e+00  
 64.8 2.4623e+01  14 1.00000e+00  
 64.9 2.4689e+01  14 1.00000e+00  
 65.0 2.4764e+01  14 1.00000e+00  
 65.1 2.4724e+01  14 1.00000e+00  
 65.2 2.4745e+01  14 1.00000e+00  
 65.3 2.4803e+01  14 1.00000e+00  
 65.4 2.4877e+01  14 1.00000e+00  
 65.5 2.4947e+01  14 1.00000e+00  
 65.6 2.5017e+01  14 1.00000e+00  
 65.7 2.5085e+01  14 1.00000e+00  
 65.8 2.5052e+01  14 1.00000e+00  
 65.9 2.5100e+01  14 1.00000e+00  
 66.0 2.5201e+01  14 1.00000e+00  
 66.1 2.5189e+01  14 1.00000e+00  
 66.2 2.5258e+01  14 1.00000e+00  
 66.3 2.5329e+01  14 1.00000e+00  
 66.4 2.5392e+01  14 1.00000e+00  
 66.5 2.5461e+01  14 1.00000e+00  
 66.6 2.5419e+01  14 1.00000e+00  
 66.7 2.5463e+01  14 1.00000e+00  
 66.8 2.5485e+01  14 1.00000e+00  
 66.9 2.5554e+01  14 1.00000e+00  
 67.0 2.5626e+01  14 1.00000e+00  
 67.1 2.5694e+01  14 1.00000e+00  
 67.2 2.5757e+01  14 1.00000e+00  
 67.3 2.5833e+01  14 1.00000e+00  
 67.4 2.5781e+01  14 1.00000e+00  
 67.5 2.5822e+01  14 1.00000e+00  
 67.6 2.5841e+01  14 1.00000e+00  
 67.7 2.5848e+01  14 1.00000e+00  
 67.8 2.6006e+01  14 1.00000e+00  
 67.9 2.6050e+01  14 1.00000e+00  
 68.0 2.6119e+01  14 1.00000e+00  
 68.1 2.6186e+01  14 1.00000e+00  
 68.2 2.6143e+01  14 1.00000e+00  
 68.3 2.6188e+01  14 1.00000e+00  
 68.4 2.6218e+01  14 1.00000e+00  
 68.5 2.6208e+01  14 1.00000e+00  
 68.6 2.6252e+01  14 1.00000e+00  
 68.7 2.6297e+01  14 1.00000e+00  
 68.8 2.6467e+01  14 1.00000e+00  
 68.9 2.6526e+01  14 1.00000e+00  
 69.0 2.6591e+01  14 1.00000e+00  
 69.1 2.6553e+01  14 1.00000e+00  
 69.2 2.6601e+01  14 1.00000e+00  
 69.3 2.6636e+01  14 1.00000e+00  
 69.4 2.6662e+01  14 1.00000e+00  
 69.5 2.6659e+01  14 1.00000e+00  
 69.6 2.6703e+01  14 1.00000e+00  
 69.7 2.6748e+01  14 1.00000e+00  
 69.8 2.6793e+01  14 1.00000e+00  
 69.9 2.6985e+01  14 1.00000e+00  
 70.0 2.7049e+01  14 1.00000e+00  
 70.1 2.7011e+01  14 1.00000e+00  
 70.2 2.7056e+01  14 1.00000e+00  
 70.3 2.7097e+01  14 1.00000e+00  
 70.4 2.7128e+01  14 1.00000e+00  
 70.5 2.7117e+01  14 1.00000e+00  
 70.6 2.7157e+01  14 1.00000e+00  
 70.7 2.7202e+01  14 1.00000e+00  
 70.8 2.7247e+01  14 1.00000e+00  
 70.9 2.7302e+01  14 1.00000e+00  
 71.0 2.7421e+01  14 1.00000e+00  
 71.1 2.7539e+01  14 1.00000e+00  
 71.2 2.7611e+01  14 1.00000e+00  
 71.3 2.7561e+01  14 1.00000e+00  
 71.4 2.7605e+01  14 1.00000e+00  
 71.5 2.7645e+01  14 1.00000e+00  
 71.6 2.7673e+01  14 1.00000e+00  
 71.7 2.7668e+01  14 1.00000e+00  
 71.8 2.7703e+01  14 1.00000e+00  
 71.9 2.7748e+01  14 1.00000e+00  
 72.0 2.7793e+01  14 1.00000e+00  
 72.1 2.7850e+01  14 1.00000e+00  
 72.2 2.7886e+01  14 1.00000e+00  
 72.3 2.8081e+01  14 1.00000e+00  
 72.4 2.8146e+01  14 1.00000e+00  
 72.5 2.8110e+01  14 1.00000e+00  
 72.6 2.8164e+01  14 1.00000e+00  
 72.7 2.8208e+01  14 1.00000e+00  
 72.8 2.8247e+01  14 1.00000e+00  
 72.9 2.8279e+01  14 1.00000e+00  
 73.0 2.8276e+01  14 1.00000e+00  
 73.1 2.8299e+01  14 1.00000e+00  
 73.2 2.8344e+01  14 1.00000e+00  
 73.3 2.8389e+01  14 1.00000e+00  
 73.4 2.8435e+01  14 1.00000e+00  
 73.5 2.8482e+01  14 1.00000e+00  
 73.6 2.8667e+01  14 1.00000e+00  
 73.7 2.8727e+01  14 1.00000e+00  
 73.8 2.8791e+01  14 1.00000e+00  
 73.9 2.8752e+01  14 1.00000e+00  
 74.0 2.8810e+01  14 1.00000e+00  
 74.1 2.8856e+01  14 1.00000e+00  
 74.2 2.8903e+01  14 1.00000e+00  
 74.3 2.8939e+01  14 1.00000e+00  
 74.4 2.8974e+01  14 1.00000e+00  
 74.5 2.8980e+01  14 1.00000e+00  
 74.6 2.9001e+01  14 1.00000e+00  
 74.7 2.9035e+01  14 1.00000e+00  
 74.8 2.9081e+01  14 1.00000e+00  
 74.9 2.9127e+01  14 1.00000e+00  
 75.0 2.9279e+01  14 1.00000e+00  
 75.1 2.9341e+01  14 1.00000e+00  
 75.2 2.9400e+01  14 1.00000e+00  
 75.3 2.9462e+01  14 1.00000e+00  
 75.4 2.9525e+01  14 1.00000e+00  
 75.5 2.9586e+01  14 1.00000e+00  
 75.6 2.9645e+01  14 1.00000e+00  
 75.7 2.9596e+01  14 1.00000e+00  
 75.8 2.9653e+01  14 1.00000e+00  
 75.9 2.9701e+01  14 1.00000e+00  
 76.0 2.9741e+01  14 1.00000e+00  
 76.1 2.9783e+01  14 1.00000e+00  
 76.2 2.9816e+01  14 1.00000e+00  
 76.3 2.9828e+01  14 1.00000e+00  
 76.4 2.9854e+01  14 1.00000e+00  
 76.5 2.9875e+01  14 1.00000e+00  
 76.6 2.9975e+01  14 1.00000e+00  
 76.7 3.0067e+01  14 1.00000e+00  
 76.8 3.0097e+01  14 1.00000e+00  
 76.9 3.0161e+01  14 1.00000e+00  
 77.0 3.0219e+01  14 1.00000e+00  
 77.1 3.0279e+01  14 1.00000e+00  
 77.2 3.0340e+01  14 1.00000e+00  
 77.3 3.0400e+01  14 1.00000e+00  
 77.4 3.0457e+01  14 1.00000e+00  
 77.5 3.0512e+01  14 1.00000e+00  
 77.6 3.0577e+01  14 1.00000e+00  
 77.7 3.0533e+01  14 1.00000e+00  
 77.8 3.0592e+01  14 1.00000e+00  
 77.9 3.0639e+01  14 1.00000e+00  
 78.0 3.0688e+01  14 1.00000e+00  
 78.1 3.0729e+01  14 1.00000e+00  
 78.2 3.0778e+01  14 1.00000e+00  
 78.3 3.0827e+01  14 1.00000e+00  
 78.4 3.0938e+01  14 1.00000e+00  
 78.5 3.0804e+01  14 1.00000e+00  
 78.6 3.0859e+01  14 1.00000e+00  
 78.7 3.0923e+01  14 1.00000e+00  
 78.8 3.0988e+01  14 1.00000e+00  
 78.9 3.1054e+01  14 1.00000e+00  
 79.0 3.1107e+01  14 1.00000e+00  
 79.1 3.1173e+01  14 1.00000e+00  
 79.2 3.1234e+01  14 1.00000e+00  
 79.3 3.1291e+01  14 1.00000e+00  
 79.4 3.1351e+01  14 1.00000e+00  
 79.5 3.1410e+01  14 1.00000e+00  
 79.6 3.1471e+01  14 1.00000e+00  
 79.7 3.1526e+01  14 1.00000e+00  
 79.8 3.1580e+01  14 1.00000e+00  
 79.9 3.1636e+01  14 1.00000e+00  
 80.0 3.1700e+01  14 1.00000e+00  
 80.1 3.1760e+01  14 1.00000e+00  
 80.2 3.1785e+01  14 1.00000e+00  
 80.3 3.1715e+01  14 1.00000e+00  
 80.4 3.1823e+01  14 1.00000e+00  
 80.5 3.1861e+01  14 1.00000e+00  
 80.6 3.1884e+01  14 1.00000e+00  
 80.7 3.1928e+01  14 1.00000e+00  
 80.8 3.1962e+01  14 1.00000e+00  
 80.9 3.2005e+01  14 1.00000e+00  
 81.0 3.2038e+01  14 1.00000e+00  
 81.1 3.2066e+01  14 1.00000e+00  
 81.2 3.2090e+01  14 1.00000e+00  
 81.3 3.2128e+01  14 1.00000e+00  
 81.4 3.2175e+01  14 1.00000e+00  
 81.5 3.2222e+01  14 1.00000e+00  
 81.6 3.2277e+01  14 1.00000e+00  
 81.7 3.2338e+01  14 1.00000e+00  
 81.8 3.2401e+01  14 1.00000e+00  
 81.9 3.2464e+01  14 1.00000e+00  
 82.0 3.2525e+01  14 1.00000e+00  
 82.1 3.2581e+01  14 1.00000e+00  
 82.2 3.2642e+01  14 1.00000e+00  
 82.3 3.2697e+01  14 1.00000e+00  
 82.4 3.2760e+01  14 1.00000e+00  
 82.5 3.2816e+01  14 1.00000e+00  
 82.6 3.2832e+01  14 1.00000e+00  
 82.7 3.2802e+01  14 1.00000e+00  
 82.8 3.3042e+01  14 1.00000e+00  
 82.9 3.3095e+01  14 1.00000e+00  
 83.0 3.3154e+01  14 1.00000e+00  
 83.1 3.3116e+01  14 1.00000e+00  
 83.2 3.3168e+01  14 1.00000e+00  
 83.3 3.3221e+01  14 1.00000e+00  
 83.4 3.3267e+01  14 1.00000e+00  
 83.5 3.3324e+01  14 1.00000e+00  
 83.6 3.3373e+01  14 1.00000e+00  
 83.7 3.3420e+01  14 1.00000e+00  
 83.8 3.3468e+01  14 1.00000e+00  
 83.9 3.3513e+01  14 1.00000e+00  
 84.0 3.3565e+01  14 1.00000e+00  
 84.1 3.3615e+01  14 1.00000e+00  
 84.2 3.3663e+01  14 1.00000e+00  
 84.3 3.3705e+01  14 1.00000e+00  
 84.4 3.3751e+01  14 1.00000e+00  
 84.5 3.3800e+01  14 1.00000e+00  
 84.6 3.3819e+01  14 1.00000e+00  
 84.7 3.3906e+01  14 1.00000e+00  
 84.8 3.3925e+01  14 1.00000e+00  
 84.9 3.3884e+01  14 1.00000e+00  
 85.0 3.3914e+01  14 1.00000e+00  
 85.1 3.3951e+01  14 1.00000e+00  
 85.2 3.3997e+01  14 1.00000e+00  
 85.3 3.4047e+01  14 1.00000e+00  
 85.4 3.4101e+01  14 1.00000e+00  
 85.5 3.4156e+01  14 1.00000e+00  
 85.6 3.4216e+01  14 1.00000e+00  
 85.7 3.4275e+01  14 1.00000e+00  
 85.8 3.4334e+01  14 1.00000e+00  
 85.9 3.4393e+01  14 1.00000e+00  
 86.0 3.4451e+01  14 1.00000e+00  
 86.1 3.4508e+01  14 1.00000e+00  
 86.2 3.4558e+01  14 1.00000e+00  
 86.3 3.4610e+01  14 1.00000e+00  
 86.4 3.4669e+01  14 1.00000e+00  
 86.5 3.4728e+01  14 1.00000e+00  
 86.6 3.4770e+01  14 1.00000e+00  
 86.7 3.4836e+01  14 1.00000e+00  
 86.8 3.4890e+01  14 1.00000e+00  
 86.9 3.4943e+01  14 1.00000e+00  
 87.0 3.5000e+01  14 1.00000e+00  
 87.1 3.5053e+01  14 1.00000e+00  
 87.2 3.5108e+01  14 1.00000e+00  
 87.3 3.5162e+01  14 1.00000e+00  
 87.4 3.5213e+01  14 1.00000e+00  
 87.5 3.5273e+01  14 1.00000e+00  
 87.6 3.5320e+01  14 1.00000e+00  
 87.7 3.5377e+01  14 1.00000e+00  
 87.8 3.5432e+01  14 1.00000e+00  
 87.9 3.5479e+01  14 1.00000e+00  
 88.0 3.5541e+01  14 1.00000e+00  
 88.1 3.5590e+01  14 1.00000e+00  
 88.2 3.5643e+01  14 1.00000e+00  
 88.3 3.5664e+01  14 1.00000e+00  
 88.4 3.5682e+01  14 1.00000e+00  
 88.5 3.5636e+01  14 1.00000e+00  
 88.6 3.5789e+01  14 1.00000e+00  
 88.7 3.5858e+01  14 1.00000e+00  
 88.8 3.5912e+01  14 1.00000e+00  
 88.9 3.5962e+01  14 1.00000e+00  
 89.0 3.6009e+01  14 1.00000e+00  
 89.1 3.6057e+01  14 1.00000e+00  
 89.2 3.6113e+01  14 1.00000e+00  
 89.3 3.6166e+01  14 1.00000e+00  
 89.4 3.6218e+01  14 1.00000e+00  
 89.5 3.6267e+01  14 1.00000e+00  
 89.6 3.6315e+01  14 1.00000e+00  
 89.7 3.6359e+01  14 1.00000e+00  
 89.8 3.6407e+01  14 1.00000e+00  
 89.9 3.6463e+01  14 1.00000e+00  
 90.0 3.6516e+01  14 1.00000e+00  
 90.1 3.6568e+01  14 1.00000e+00  
 90.2 3.6620e+01  14 1.00000e+00  
 90.3 3.6671e+01  14 1.00000e+00  
 90.4 3.6721e+01  14 1.00000e+00  
 90.5 3.6772e+01  14 1.00000e+00  
 90.6 3.6821e+01  14 1.00000e+00  
 90.7 3.6870e+01  14 1.00000e+00  
 90.8 3.6912e+01  14 1.00000e+00  
 90.9 3.6989e+01  14 1.00000e+00  
 91.0 3.6939e+01  14 1.00000e+00  
 91.1 3.7056e+01  14 1.00000e+00  
 91.2 3.7102e+01  14 1.00000e+00  
 91.3 3.7156e+01  14 1.00000e+00  
 91.4 3.7202e+01  14 1.00000e+00  
 91.5 3.7255e+01  14 1.00000e+00  
 91.6 3.7310e+01  14 1.00000e+00  
 91.7 3.7351e+01  14 1.00000e+00  
 91.8 3.7401e+01  14 1.00000e+00  
 91.9 3.7451e+01  14 1.00000e+00  
 92.0 3.7500e+01  14 1.00000e+00  
 92.1 3.7559e+01  14 1.00000e+00  
 92.2 3.7611e+01  14 1.00000e+00  
 92.3 3.7662e+01  14 1.00000e+00  
 92.4 3.7713e+01  14 1.00000e+00  
 92.5 3.7759e+01  14 1.00000e+00  
 92.6 3.7805e+01  14 1.00000e+00  
 92.7 3.7743e+01  14 1.00000e+00  
 92.8 3.7881e+01  14 1.00000e+00  
 92.9 3.8012e+01  14 1.00000e+00  
 93.0 3.8006e+01  14 1.00000e+00  
 93.1 3.8072e+01  14 1.00000e+00  
 93.2 3.8125e+01  14 1.00000e+00  
 93.3 3.8160e+01  14 1.00000e+00  
 93.4 3.8196e+01  14 1.00000e+00  
 93.5 3.8249e+01  14 1.00000e+00  
 93.6 3.8298e+01  14 1.00000e+00  
 93.7 3.8347e+01  14 1.00000e+00  
 93.8 3.8397e+01  14 1.00000e+00  
 93.9 3.8447e+01  14 1.00000e+00  
 94.0 3.8496e+01  14 1.00000e+00  
 94.1 3.8546e+01  14 1.00000e+00  
 94.2 3.8596e+01  14 1.00000e+00  
 94.3 3.8646e+01  14 1.00000e+00  
 94.4 3.8696e+01  14 1.00000e+00  
 94.5 3.8746e+01  14 1.00000e+00  
 94.6 3.8796e+01  14 1.00000e+00  
 94.7 3.8847e+01  14 1.00000e+00  
 94.8 3.8897e+01  14 1.00000e+00  
 94.9 3.8948e+01  14 1.00000e+00  
 95.0 3.9007e+01  14 1.00000e+00  
 95.1 3.9052e+01  14 1.00000e+00  
 95.2 3.9097e+01  14 1.00000e+00  
 95.3 3.9142e+01  14 1.00000e+00  
 95.4 3.9187e+01  14 1.00000e+00  
 95.5 3.9234e+01  14 1.00000e+00  
 95.6 3.9282e+01  14 1.00000e+00  
 95.7 3.9331e+01  14 1.00000e+00  
 95.8 3.9379e+01  14 1.00000e+00  
 95.9 3.9428e+01  14 1.00000e+00  
 96.0 3.9476e+01  14 1.00000e+00  
 96.1 3.9525e+01  14 1.00000e+00  
 96.2 3.9573e+01  14 1.00000e+00  
 96.3 3.9622e+01  14 1.00000e+00  
 96.4 3.9670e+01  14 1.00000e+00  
 96.5 3.9719e+01  14 1.00000e+00  
 96.6 3.9767e+01  14 1.00000e+00  
 96.7 3.9817e+01  14 1.00000e+00  
 96.8 3.9868e+01  14 1.00000e+00  
 96.9 3.9917e+01  14 1.00000e+00  
 97.0 3.9967e+01  14 1.00000e+00  
 97.1 4.0017e+01  14 1.00000e+00  
 97.2 4.0067e+01  14 1.00000e+00  
 97.3 4.0114e+01  14 1.00000e+00  
 97.4 4.0165e+01  14 1.00000e+00  
 97.5 4.0201e+01  14 1.00000e+00  
 97.6 4.0265e+01  14 1.00000e+00  
 97.7 4.0272e+01  14 1.00000e+00  
 97.8 4.0272e+01  14 1.00000e+00  
 97.9 4.0396e+01  14 1.00000e+00  
 98.0 4.0442e+01  14 1.00000e+00  
 98.1 4.0526e+01  14 1.00000e+00  
 98.2 4.0557e+01  14 1.00000e+00  
 98.3 4.0589e+01  14 1.00000e+00  
 98.4 4.0676e+01  14 1.00000e+00  
 98.5 4.0708e+01  14 1.00000e+00  
 98.6 4.0737e+01  14 1.00000e+00  
 98.7 4.0772e+01  14 1.00000e+00  
 98.8 4.0861e+01  14 1.00000e+00  
 98.9 4.0898e+01  14 1.00000e+00  
 99.0 4.0935e+01  14 1.00000e+00  
 99.1 4.0974e+01  14 1.00000e+00  
 99.2 4.1014e+01  14 1.00000e+00  
 99.3 4.1055e+01  14 1.00000e+00  
 99.4 4.1148e+01  14 1.00000e+00  
 99.5 4.1192e+01  14 1.00000e+00  
 99.6 4.1237e+01  14 1.00000e+00  
 99.7 4.1308e+01  14 1.00000e+00  
 99.8 4.1397e+01  14 1.00000e+00  
 99.9 4.1487e+01  14 1.00000e+00  
100.0 4.1576e+01  14 1.00000e+00  
100.1 4.1666e+01  14 1.00000e+00  
100.2 4.1755e+01  14 1.00000e+00  
100.3 4.1845e+01  14 1.00000e+00  
100.4 4.1934e+01  14 1.00000e+00  
100.5 4.2024e+01  14 1.00000e+00  
100.6 4.2114e+01  14 1.00000e+00  
100.7 4.2203e+01  14 1.00000e+00  
100.8 4.2293e+01  14 1.00000e+00  
100.9 4.2382e+01  14 1.00000e+00  
101.0 4.2472e+01  14 1.00000e+00  
101.1 4.2562e+01  14 1.00000e+00  
101.2 4.2651e+01  14 1.00000e+00  
101.3 4.2741e+01  14 1.00000e+00  
101.4 4.2831e+01  14 1.00000e+00  
101.5 4.2921e+01  14 1.00000e+00  
101.6 4.3010e+01  14 1.00000e+00  
101.7 4.3100e+01  14 1.00000e+00  
101.8 4.3190e+01  14 1.00000e+00  
101.9 4.3280e+01  14 1.00000e+00  
102.0 4.3369e+01  14 1.00000e+00  
102.1 4.3459e+01  14 1.00000e+00  
102.2 4.3549e+01  14 1.00000e+00  
102.3 4.3639e+01  14 1.00000e+00  
102.4 4.3729e+01  14 1.00000e+00  
102.5 4.3819e+01  14 1.00000e+00  
102.6 4.3909e+01  14 1.00000e+00  
102.7 4.3998e+01  14 1.00000e+00  
102.8 4.4088e+01  14 1.00000e+00  
102.9 4.4178e+01  14 1.00000e+00  
103.0 4.4268e+01  14 1.00000e+00  
103.1 4.4358e+01  14 1.00000e+00  
103.2 4.4448e+01  14 1.00000e+00  
103.3 4.4538e+01  14 1.00000e+00  
103.4 4.4628e+01  14 1.00000e+00  
103.5 4.4718e+01  14 1.00000e+00  
103.6 4.4808e+01  14 1.00000e+00  
103.7 4.4898e+01  14 1.00000e+00  
103.8 4.4983e+01  14 1.00000e+00  
103.9 4.5073e+01  14 1.00000e+00  
104.0 4.5163e+01  14 1.00000e+00  
104.1 4.5253e+01  14 1.00000e+00  
104.2 4.5343e+01  14 1.00000e+00  
104.3 4.5433e+01  14 1.00000e+00  
104.4 4.5523e+01  14 1.00000e+00  
104.5 4.5613e+01  14 1.00000e+00  
104.6 4.5704e+01  14 1.00000e+00  
104.7 4.5794e+01  14 1.00000e+00  
104.8 4.5884e+01  14 1.00000e+00  
104.9 4.5974e+01  14 1.00000e+00  
105.0 4.6064e+01  14 1.00000e+00  
105.1 4.6154e+01  14 1.00000e+00  
105.2 4.6244e+01  14 1.00000e+00  
105.3 4.6334e+01  14 1.00000e+00  
105.4 4.6424e+01  14 1.00000e+00  
105.5 4.6509e+01  14 1.00000e+00  
105.6 4.6599e+01  14 1.00000e+00  
105.7 4.6690e+01  14 1.00000e+00  
105.8 4.6780e+01  14 1.00000e+00  
105.9 4.6870e+01  14 1.00000e+00  
106.0 4.6960e+01  14 1.00000e+00  
106.1 4.7050e+01  14 1.00000e+00  
106.2 4.7141e+01  14 1.00000e+00  
106.3 4.7231e+01  14 1.00000e+00  
106.4 4.7321e+01  14 1.00000e+00  
106.5 4.7411e+01  14 1.00000e+00  
106.6 4.7501e+01  14 1.00000e+00  
106.7 4.7592e+01  14 1.00000e+00  
106.8 4.7682e+01  14 1.00000e+00  
106.9 4.7772e+01  14 1.00000e+00  
107.0 4.7862e+01  14 1.00000e+00  
107.1 4.7952e+01  14 1.00000e+00  
107.2 4.8043e+01  14 1.00000e+00  
107.3 4.8133e+01  14 1.00000e+00  
107.4 4.8223e+01  14 1.00000e+00  
107.5 4.8313e+01  14 1.00000e+00  
107.6 4.8404e+01  14 1.00000e+00  
107.7 4.8494e+01  14 1.00000e+00  
107.8 4.8584e+01  14 1.00000e+00  
107.9 4.8674e+01  14 1.00000e+00  
108.0 4.8765e+01  14 1.00000e+00  
108.1 4.8855e+01  14 1.00000e+00  
108.2 4.8945e+01  14 1.00000e+00  
108.3 4.9035e+01  14 1.00000e+00  
108.4 4.9126e+01  14 1.00000e+00  
108.5 4.9216e+01  14 1.00000e+00  
108.6 4.9306e+01  14 1.00000e+00  
108.7 4.9397e+01  14 1.00000e+00  
108.8 4.9487e+01  14 1.00000e+00  
108.9 4.9577e+01  14 1.00000e+00  
109.0 4.9667e+01  14 1.00000e+00  
109.1 4.9758e+01  14 1.00000e+00  
109.2 4.9848e+01  14 1.00000e+00  
109.3 4.9938e+01  14 1.00000e+00  
109.4 5.0029e+01  14 1.00000e+00  
109.5 5.0119e+01  14 1.00000e+00  
109.6 5.0209e+01  14 1.00000e+00  
109.7 5.0300e+01  14 1.00000e+00  
109.8 5.0390e+01  14 1.00000e+00  
109.9 5.0480e+01  14 1.00000e+00  
110.0 5.0571e+01  14 1.00000e+00  
110.1 5.0661e+01  14 1.00000e+00  
110.2 5.0751e+01  14 1.00000e+00  
110.3 5.0841e+01  14 1.00000e+00  
110.4 5.0932e+01  14 1.00000e+00  
110.5 5.1022e+01  14 1.00000e+00  
110.6 5.1112e+01  14 1.00000e+00  
110.7 5.1203e+01  14 1.00000e+00  
110.8 5.1293e+01  14 1.00000e+00  
110.9 5.1383e+01  14 1.00000e+00  
111.0 5.1474e+01  14 1.00000e+00  
111.1 5.1564e+01  14 1.00000e+00  
111.2 5.1654e+01  14 1.00000e+00  
111.3 5.1744e+01  14 1.00000e+00  
111.4 5.1835e+01  14 1.00000e+00  
111.5 5.1925e+01  14 1.00000e+00  
111.6 5.2015e+01  14 1.00000e+00  
111.7 5.2106e+01  14 1.00000e+00  
111.8 5.2196e+01  14 1.00000e+00  
111.9 5.2286e+01  14 1.00000e+00  
112.0 5.2376e+01  14 1.00000e+00  
112.1 5.2467e+01  14 1.00000e+00  
112.2 5.2557e+01  14 1.00000e+00  
112.3 5.2647e+01  14 1.00000e+00  
112.4 5.2738e+01  14 1.00000e+00  
112.5 5.2828e+01  14 1.00000e+00  
112.6 5.2918e+01  14 1.00000e+00  
112.7 5.3008e+01  14 1.00000e+00  
112.8 5.3099e+01  14 1.00000e+00  
112.9 5.3189e+01  14 1.00000e+00  
113.0 5.3279e+01  14 1.00000e+00  
113.1 5.3365e+01  14 1.00000e+00  
113.2 5.3455e+01  14 1.00000e+00  
113.3 5.3546e+01  14 1.00000e+00  
113.4 5.3636e+01  14 1.00000e+00  
113.5 5.3726e+01  14 1.00000e+00  
113.6 5.3816e+01  14 1.00000e+00  
113.7 5.3907e+01  14 1.00000e+00  
113.8 5.3997e+01  14 1.00000e+00  
113.9 5.4087e+01  14 1.00000e+00  
114.0 5.4177e+01  14 1.00000e+00  
114.1 5.4268e+01  14 1.00000e+00  
114.2 5.4358e+01  14 1.00000e+00  
114.3 5.4448e+01  14 1.00000e+00  
114.4 5.4538e+01  14 1.00000e+00  
114.5 5.4629e+01  14 1.00000e+00  
114.6 5.4719e+01  14 1.00000e+00  
114.7 5.4809e+01  14 1.00000e+00  
114.8 5.4899e+01  14 1.00000e+00  
114.9 5.4989e+01  14 1.00000e+00  
115.0 5.5080e+01  14 1.00000e+00  
115.1 5.5170e+01  14 1.00000e+00  
115.2 5.5260e+01  14 1.00000e+00  
115.3 5.5350e+01  14 1.00000e+00  
115.4 5.5440e+01  14 1.00000e+00  
115.5 5.5531e+01  14 1.00000e+00  
115.6 5.5621e+01  14 1.00000e+00  
115.7 5.5711e+01  14 1.00000e+00  
115.8 5.5801e+01  14 1.00000e+00  
115.9 5.5891e+01  14 1.00000e+00  
116.0 5.5981e+01  14 1.00000e+00  
116.1 5.6072e+01  14 1.00000e+00  
116.2 5.6162e+01  14 1.00000e+00  
116.3 5.6252e+01  14 1.00000e+00  
116.4 5.6342e+01  14 1.00000e+00  
116.5 5.6432e+01  14 1.00000e+00  
116.6 5.6522e+01  14 1.00000e+00  
116.7 5.6612e+01  14 1.00000e+00  
116.8 5.6703e+01  14 1.00000e+00  
116.9 5.6793e+01  14 1.00000e+00  
117.0 5.6883e+01  14 1.00000e+00  
117.1 5.6973e+01  14 1.00000e+00  
117.2 5.7063e+01  14 1.00000e+00  
117.3 5.7153e+01  14 1.00000e+00  
117.4 5.7243e+01  14 1.00000e+00  
117.5 5.7333e+01  14 1.00000e+00  
117.6 5.7423e+01  14 1.00000e+00  
117.7 5.7513e+01  14 1.00000e+00  
117.8 5.7603e+01  14 1.00000e+00  
117.9 5.7694e+01  14 1.00000e+00  
118.0 5.7784e+01  14 1.00000e+00  
118.1 5.7874e+01  14 1.00000e+00  
118.2 5.7964e+01  14 1.00000e+00  
118.3 5.8054e+01  14 1.00000e+00  
118.4 5.8144e+01  14 1.00000e+00  
118.5 5.8234e+01  14 1.00000e+00  
118.6 5.8324e+01  14 1.00000e+00  
118.7 5.8414e+01  14 1.00000e+00  
118.8 5.8504e+01  14 1.00000e+00  
118.9 5.8594e+01  14 1.00000e+00  
119.0 5.8684e+01  14 1.00000e+00  
119.1 5.8774e+01  14 1.00000e+00  
119.2 5.8864e+01  14 1.00000e+00  
119.3 5.8954e+01  14 1.00000e+00  
119.4 5.9044e+01  14 1.00000e+00  
119.5 5.9134e+01  14 1.00000e+00  
119.6 5.9224e+01  14 1.00000e+00  
119.7 5.9313e+01  14 1.00000e+00  
119.8 5.9403e+01  14 1.00000e+00  
119.9 5.9493e+01  14 1.00000e+00  
120.0 5.9583e+01  14 1.00000e+00  
120.1 5.9673e+01  14 1.00000e+00  
120.2 5.9763e+01  14 1.00000e+00  
120.3 5.9853e+01  14 1.00000e+00  
120.4 5.9943e+01  14 1.00000e+00  
120.5 6.0033e+01  14 1.00000e+00  
120.6 6.0123e+01  14 1.00000e+00  
120.7 6.0212e+01  14 1.00000e+00  
120.8 6.0302e+01  14 1.00000e+00  
120.9 6.0392e+01  14 1.00000e+00  
121.0 6.0482e+01  14 1.00000e+00  
121.1 6.0572e+01  14 1.00000e+00  
121.2 6.0662e+01  14 1.00000e+00  
121.3 6.0752e+01  14 1.00000e+00  
121.4 6.0837e+01  14 1.00000e+00  
121.5 6.0927e+01  14 1.00000e+00  
121.6 6.1017e+01  14 1.00000e+00  
121.7 6.1107e+01  14 1.00000e+00  
121.8 6.1196e+01  14 1.00000e+00  
121.9 6.1286e+01  14 1.00000e+00  
122.0 6.1376e+01  14 1.00000e+00  
122.1 6.1466e+01  14 1.00000e+00  
122.2 6.1555e+01  14 1.00000e+00  
122.3 6.1645e+01  14 1.00000e+00  
122.4 6.1735e+01  14 1.00000e+00  
122.5 6.1824e+01  14 1.00000e+00  
122.6 6.1914e+01  14 1.00000e+00  
122.7 6.2004e+01  14 1.00000e+00  
122.8 6.2093e+01  14 1.00000e+00  
122.9 6.2183e+01  14 1.00000e+00  
123.0 6.2273e+01  14 1.00000e+00  
123.1 6.2362e+01  14 1.00000e+00  
123.2 6.2452e+01  14 1.00000e+00  
123.3 6.2542e+01  14 1.00000e+00  
123.4 6.2631e+01  14 1.00000e+00  
123.5 6.2721e+01  14 1.00000e+00  
123.6 6.2810e+01  14 1.00000e+00  
123.7 6.2900e+01  14 1.00000e+00  
123.8 6.2989e+01  14 1.00000e+00  
123.9 6.3079e+01  14 1.00000e+00  
124.0 6.3169e+01  14 1.00000e+00  
124.1 6.3258e+01  14 1.00000e+00  
124.2 6.3348e+01  14 1.00000e+00  
124.3 6.3437e+01  14 1.00000e+00  
124.4 6.3527e+01  14 1.00000e+00  
124.5 6.3616e+01  14 1.00000e+00  
124.6 6.3706e+01  14 1.00000e+00  
124.7 6.3795e+01  14 1.00000e+00  
124.8 6.3885e+01  14 1.00000e+00  
124.9 6.3974e+01  14 1.00000e+00  
125.0 6.4064e+01  14 1.00000e+00  
125.1 6.4153e+01  14 1.00000e+00  
125.2 6.4243e+01  14 1.00000e+00  
125.3 6.4332e+01  14 1.00000e+00  
125.4 6.4421e+01  14 1.00000e+00  
125.5 6.4511e+01  14 1.00000e+00  
125.6 6.4600e+01  14 1.00000e+00  
125.7 6.4690e+01  14 1.00000e+00  
125.8 6.4779e+01  14 1.00000e+00  
125.9 6.4868e+01  14 1.00000e+00  
126.0 6.4958e+01  14 1.00000e+00  
126.1 6.5047e+01  14 1.00000e+00  
126.2 6.5137e+01  14 1.00000e+00  
126.3 6.5226e+01  14 1.00000e+00  
126.4 6.5315e+01  14 1.00000e+00  
126.5 6.5405e+01  14 1.00000e+00  
126.6 6.5494e+01  14 1.00000e+00  
126.7 6.5583e+01  14 1.00000e+00  
126.8 6.5672e+01  14 1.00000e+00  
126.9 6.5762e+01  14 1.00000e+00  
127.0 6.5851e+01  14 1.00000e+00  
127.1 6.5940e+01  14 1.00000e+00  
127.2 6.6030e+01  14 1.00000e+00  
127.3 6.6119e+01  14 1.00000e+00  
127.4 6.6208e+01  14 1.00000e+00  
127.5 6.6297e+01  14 1.00000e+00  
127.6 6.6386e+01  14 1.00000e+00  
127.7 6.6476e+01  14 1.00000e+00  
127.8 6.6565e+01  14 1.00000e+00  
127.9 6.6654e+01  14 1.00000e+00  
128.0 6.6743e+01  14 1.00000e+00  
128.1 6.6832e+01  14 1.00000e+00  
128.2 6.6922e+01  14 1.00000e+00  
128.3 6.7011e+01  14 1.00000e+00  
128.4 6.7100e+01  14 1.00000e+00  
128.5 6.7189e+01  14 1.00000e+00  
128.6 6.7278e+01  14 1.00000e+00  
128.7 6.7367e+01  14 1.00000e+00  
128.8 6.7456e+01  14 1.00000e+00  
128.9 6.7545e+01  14 1.00000e+00  
129.0 6.7634e+01  14 1.00000e+00  
129.1 6.7724e+01  14 1.00000e+00  
129.2 6.7813e+01  14 1.00000e+00  
129.3 6.7902e+01  14 1.00000e+00  
129.4 6.7991e+01  14 1.00000e+00  
129.5 6.8080e+01  14 1.00000e+00  
129.6 6.8169e+01  14 1.00000e+00  
129.7 6.8258e+01  14 1.00000e+00  
129.8 6.8347e+01  14 1.00000e+00  
129.9 6.8436e+01  14 1.00000e+00  
130.0 6.8525e+01  14 1.00000e+00  
130.1 6.8614e+01  14 1.00000e+00  
130.2 6.8703e+01  14 1.00000e+00  
130.3 6.8792e+01  14 1.00000e+00  
130.4 6.8881e+01  14 1.00000e+00  
130.5 6.8966e+01  14 1.00000e+00  
130.6 6.9055e+01  14 1.00000e+00  
130.7 6.9144e+01  14 1.00000e+00  
130.8 6.9233e+01  14 1.00000e+00  
130.9 6.9321e+01  14 1.00000e+00  
131.0 6.9410e+01  14 1.00000e+00  
131.1 6.9499e+01  14 1.00000e+00  
131.2 6.9588e+01  14 1.00000e+00  
131.3 6.9677e+01  14 1.00000e+00  
131.4 6.9766e+01  14 1.00000e+00  
131.5 6.9855e+01  14 1.00000e+00  
131.6 6.9943e+01  14 1.00000e+00  
131.7 7.0032e+01  14 1.00000e+00  
131.8 7.0121e+01  14 1.00000e+00  
131.9 7.0210e+01  14 1.00000e+00  
132.0 7.0299e+01  14 1.00000e+00  
132.1 7.0387e+01  14 1.00000e+00  
132.2 7.0476e+01  14 1.00000e+00  
132.3 7.0565e+01  14 1.00000e+00  
132.4 7.0654e+01  14 1.00000e+00  
132.5 7.0742e+01  14 1.00000e+00  
132.6 7.0831e+01  14 1.00000e+00  
132.7 7.0920e+01  14 1.00000e+00  
132.8 7.1008e+01  14 1.00000e+00  
132.9 7.1097e+01  14 1.00000e+00  
133.0 7.1186e+01  14 1.00000e+00  
133.1 7.1274e+01  14 1.00000e+00  
133.2 7.1363e+01  14 1.00000e+00  
133.3 7.1452e+01  14 1.00000e+00  
133.4 7.1540e+01  14 1.00000e+00  
133.5 7.1629e+01  14 1.00000e+00  
133.6 7.1717e+01  14 1.00000e+00  
133.7 7.1806e+01  14 1.00000e+00  
133.8 7.1895e+01  14 1.00000e+00  
133.9 7.1983e+01  14 1.00000e+00  
134.0 7.2072e+01  14 1.00000e+00  
134.1 7.2160e+01  14 1.00000e+00  
134.2 7.2249e+01  14 1.00000e+00  
134.3 7.1135e+01  14 1.00000e+00  
134.4 7.1223e+01  14 1.00000e+00  
134.5 7.1311e+01  14 1.00000e+00  
134.6 7.1399e+01  14 1.00000e+00  
134.7 7.1487e+01  14 1.00000e+00  
134.8 7.1575e+01  14 1.00000e+00  
134.9 7.1663e+01  14 1.00000e+00  
135.0 7.1750e+01  14 1.00000e+00  
135.1 7.1838e+01  14 1.00000e+00  
135.2 7.1926e+01  14 1.00000e+00  
135.3 7.2014e+01  14 1.00000e+00  
135.4 7.2102e+01  14 1.00000e+00  
135.5 7.2190e+01  14 1.00000e+00  
135.6 7.2277e+01  14 1.00000e+00  
135.7 7.2365e+01  14 1.00000e+00  
135.8 7.2453e+01  14 1.00000e+00  
135.9 7.2541e+01  14 1.00000e+00  
136.0 7.2629e+01  14 1.00000e+00  
136.1 7.2716e+01  14 1.00000e+00  
136.2 7.2804e+01  14 1.00000e+00  
136.3 7.2892e+01  14 1.00000e+00  
136.4 7.2980e+01  14 1.00000e+00  
136.5 7.3067e+01  14 1.00000e+00  
136.6 7.3155e+01  14 1.00000e+00  
136.7 7.2379e+01  14 1.00000e+00  
136.8 7.2466e+01  14 1.00000e+00  
136.9 7.2183e+01  14 1.00000e+00  
137.0 7.1195e+01  14 1.00000e+00  
137.1 7.1282e+01  14 1.00000e+00  
137.2 7.1368e+01  14 1.00000e+00  
137.3 7.1455e+01  14 1.00000e+00  
137.4 7.1541e+01  14 1.00000e+00  
137.5 7.1627e+01  14 1.00000e+00  
137.6 7.1714e+01  14 1.00000e+00  
137.7 7.1800e+01  14 1.00000e+00  
137.8 7.1887e+01  14 1.00000e+00  
137.9 7.1973e+01  14 1.00000e+00  
138.0 7.2059e+01  14 1.00000e+00  
138.1 7.2146e+01  14 1.00000e+00  
138.2 7.2232e+01  14 1.00000e+00  
138.3 7.2319e+01  14 1.00000e+00  
138.4 7.2405e+01  14 1.00000e+00  
138.5 7.2491e+01  14 1.00000e+00  
138.6 7.2578e+01  14 1.00000e+00  
138.7 7.2664e+01  14 1.00000e+00  
138.8 7.2750e+01  14 1.00000e+00  
138.9 7.2837e+01  14 1.00000e+00  
139.0 7.2923e+01  14 1.00000e+00  
139.1 7.3010e+01  14 1.00000e+00  
139.2 7.3096e+01  14 1.00000e+00  
139.3 7.3182e+01  14 1.00000e+00  
139.4 7.3268e+01  14 1.00000e+00  
139.5 7.3355e+01  14 1.00000e+00  
139.6 7.3441e+01  14 1.00000e+00  
139.7 7.3527e+01  14 1.00000e+00  
139.8 7.3614e+01  14 1.00000e+00  
139.9 7.3700e+01  14 1.00000e+00  
140.0 7.3786e+01  14 1.00000e+00  
140.1 7.3873e+01  14 1.00000e+00  
140.2 7.3959e+01  14 1.00000e+00  
140.3 7.4045e+01  14 1.00000e+00  
140.4 7.3337e+01  14 1.00000e+00  
140.5 7.3423e+01  14 1.00000e+00  
140.6 7.3509e+01  14 1.00000e+00  
140.7 7.3595e+01  14 1.00000e+00  
140.8 7.3682e+01  14 1.00000e+00  
140.9 7.3768e+01  14 1.00000e+00  
141.0 7.3854e+01  14 1.00000e+00  
141.1 7.3940e+01  14 1.00000e+00  
141.2 7.4026e+01  14 1.00000e+00  
141.3 7.4113e+01  14 1.00000e+00  
141.4 7.4199e+01  14 1.00000e+00  
141.5 7.4285e+01  14 1.00000e+00  
141.6 7.4371e+01  14 1.00000e+00  
141.7 7.4457e+01  14 1.00000e+00  
141.8 7.4543e+01  14 1.00000e+00  
141.9 7.4629e+01  14 1.00000e+00  
142.0 7.4715e+01  14 1.00000e+00  
142.1 7.4802e+01  14 1.00000e+00  
142.2 7.4888e+01  14 1.00000e+00  
142.3 7.4974e+01  14 1.00000e+00  
142.4 7.5060e+01  14 1.00000e+00  
142.5 7.5146e+01  14 1.00000e+00  
142.6 7.2236e+01  14 1.00000e+00  
142.7 7.2320e+01  14 1.00000e+00  
142.8 7.2404e+01  14 1.00000e+00  
142.9 7.2488e+01  14 1.00000e+00  
143.0 7.2571e+01  14 1.00000e+00  
143.1 7.2655e+01  14 1.00000e+00  
143.2 7.2739e+01  14 1.00000e+00  
143.3 7.2823e+01  14 1.00000e+00  
143.4 7.2907e+01  14 1.00000e+00  
143.5 7.2991e+01  14 1.00000e+00  
143.6 7.3075e+01  14 1.00000e+00  
143.7 7.3159e+01  14 1.00000e+00  
143.8 7.3243e+01  14 1.00000e+00  
143.9 7.3326e+01  14 1.00000e+00  
144.0 7.3410e+01  14 1.00000e+00  
144.1 7.3494e+01  14 1.00000e+00  
144.2 7.2743e+01  14 1.00000e+00  
144.3 7.2827e+01  14 1.00000e+00  
144.4 7.2911e+01  14 1.00000e+00  
144.5 7.2995e+01  14 1.00000e+00  
144.6 7.3079e+01  14 1.00000e+00  
144.7 7.3163e+01  14 1.00000e+00  
144.8 7.3246e+01  14 1.00000e+00  
144.9 7.3330e+01  14 1.00000e+00  
145.0 7.3414e+01  14 1.00000e+00  
145.1 7.3498e+01  14 1.00000e+00  
145.2 7.3582e+01  14 1.00000e+00  
145.3 7.3666e+01  14 1.00000e+00  
145.4 7.3750e+01  14 1.00000e+00  
145.5 7.3834e+01  14 1.00000e+00  
145.6 7.3917e+01  14 1.00000e+00  
145.7 7.4001e+01  14 1.00000e+00  
145.8 7.4085e+01  14 1.00000e+00  
145.9 7.4169e+01  14 1.00000e+00  
146.0 7.4253e+01  14 1.00000e+00  
146.1 7.4337e+01  14 1.00000e+00  
146.2 7.4420e+01  14 1.00000e+00  
146.3 7.4504e+01  14 1.00000e+00  
146.4 7.4588e+01  14 1.00000e+00  
146.5 7.4672e+01  14 1.00000e+00  
146.6 7.4756e+01  14 1.00000e+00  
146.7 7.4840e+01  14 1.00000e+00  
146.8 7.4923e+01  14 1.00000e+00  
146.9 7.5007e+01  14 1.00000e+00  
147.0 7.5091e+01  14 1.00000e+00  
147.1 7.5175e+01  14 1.00000e+00  
147.2 7.5259e+01  14 1.00000e+00  
147.3 7.5343e+01  14 1.00000e+00  
147.4 7.5426e+01  14 1.00000e+00  
147.5 7.5510e+01  14 1.00000e+00  
147.6 7.5594e+01  14 1.00000e+00  
147.7 7.5678e+01  14 1.00000e+00  
147.8 7.5761e+01  14 1.00000e+00  
147.9 7.5845e+01  14 1.00000e+00  
148.0 7.5929e+01  14 1.00000e+00  
148.1 7.6013e+01  14 1.00000e+00  
148.2 7.6097e+01  14 1.00000e+00  
148.3 7.6180e+01  14 1.00000e+00  
148.4 7.6264e+01  14 1.00000e+00  
148.5 7.6348e+01  14 1.00000e+00  
148.6 7.6432e+01  14 1.00000e+00  
148.7 7.6516e+01  14 1.00000e+00  
148.8 7.6599e+01  14 1.00000e+00  
148.9 7.6683e+01  14 1.00000e+00  
149.0 7.6767e+01  14 1.00000e+00  
149.1 7.6850e+01  14 1.00000e+00  
149.2 7.6934e+01  14 1.00000e+00  
149.3 7.7018e+01  14 1.00000e+00  
149.4 7.7102e+01  14 1.00000e+00  
149.5 7.7185e+01  14 1.00000e+00  
149.6 7.7269e+01  14 1.00000e+00  
149.7 7.7353e+01  14 1.00000e+00  
149.8 7.7437e+01  14 1.00000e+00  
149.9 7.7520e+01  14 1.00000e+00  
150.0 7.6956e+01  14 1.00000e+00  
