 15.1 1.3617e+00  13 4.48509e-02  
 15.2 1.3692e+00  13 4.54362e-02  
 15.3 1.3767e+00  13 4.60186e-02  
 15.4 1.3842e+00  13 4.65959e-02  
 15.5 1.3917e+00  13 4.71883e-02  
 15.6 1.3992e+00  13 4.77611e-02  
 15.7 1.4066e+00  13 4.83324e-02  
 15.8 1.4141e+00  13 4.89074e-02  
 15.9 1.4276e+00  13 4.99937e-02  
 16.0 1.4352e+00  13 5.05690e-02  
 16.1 1.4428e+00  13 5.11417e-02  
 16.2 1.4505e+00  13 5.17131e-02  
 16.3 1.4581e+00  13 5.22821e-02  
 16.4 1.4657e+00  13 5.28503e-02  
 16.5 1.4733e+00  13 5.34178e-02  
 16.6 1.4809e+00  13 5.39839e-02  
 16.7 1.4885e+00  13 5.45485e-02  
 16.8 1.4961e+00  13 5.51125e-02  
 16.9 1.5037e+00  13 5.56758e-02  
 17.0 1.5114e+00  13 5.62159e-02  
 17.1 1.5190e+00  13 5.67782e-02  
 17.2 1.5266e+00  13 5.73385e-02  
 17.3 1.5342e+00  13 5.78992e-02  
 17.4 1.5418e+00  13 5.84599e-02  
 17.5 1.5494e+00  13 5.90211e-02  
 17.6 1.5570e+00  13 5.95830e-02  
 17.7 1.5646e+00  13 6.01451e-02  
 17.8 1.5722e+00  13 6.07089e-02  
 17.9 1.5798e+00  13 6.12471e-02  
 18.0 1.5874e+00  13 6.18108e-02  
 18.1 1.5950e+00  13 6.23766e-02  
 18.2 1.6026e+00  13 6.29431e-02  
 18.3 1.6102e+00  13 6.35122e-02  
 18.4 1.6178e+00  13 6.40834e-02  
 18.5 1.6254e+00  13 6.46551e-02  
 18.6 1.6330e+00  13 6.52012e-02  
 18.7 1.6405e+00  13 6.57770e-02  
 18.8 1.6481e+00  13 6.63553e-02  
 18.9 1.6557e+00  13 6.69371e-02  
 19.0 1.6633e+00  13 6.75217e-02  
 19.1 1.6709e+00  13 6.81097e-02  
 19.2 1.6784e+00  13 6.86934e-02  
 19.3 1.6860e+00  13 6.92617e-02  
 19.4 1.6936e+00  13 6.98576e-02  
 19.5 1.7048e+00  13 7.08626e-02  
 19.6 1.7163e+00  13 7.19133e-02  
 19.7 1.7279e+00  13 7.29813e-02  
 19.8 1.7396e+00  13 7.40258e-02  
 19.9 1.7514e+00  13 7.51209e-02  
 20.0 1.7633e+00  13 7.62324e-02  
 20.1 1.7752e+00  13 7.73605e-02  
 20.2 1.7872e+00  13 7.85052e-02  
 20.3 1.7993e+00  13 7.96248e-02  
 20.4 1.8115e+00  13 8.08010e-02  
 20.5 1.8237e+00  13 8.19958e-02  
 20.6 1.8360e+00  13 8.32083e-02  
 20.7 1.8484e+00  13 8.44419e-02  
 20.8 1.8609e+00  13 8.56453e-02  
 20.9 1.8734e+00  13 8.69132e-02  
 21.0 1.8860e+00  13 8.82030e-02  
 21.1 1.8987e+00  13 8.95153e-02  
 21.2 1.9114e+00  13 9.08320e-02  
 21.3 1.9242e+00  13 9.21303e-02  
 21.4 1.2630e+01  14 1.00000e+00  
 21.5 1.2617e+01  14 1.00000e+00  
 21.6 1.2602e+01  14 1.00000e+00  
 21.7 1.2595e+01  14 1.00000e+00  
 21.8 1.2578e+01  14 1.00000e+00  
 21.9 1.2561e+01  14 1.00000e+00  
 22.0 1.2542e+01  14 1.00000e+00  
 22.1 1.2525e+01  14 1.00000e+00  
 22.2 1.2509e+01  14 1.00000e+00  
 22.3 1.2486e+01  14 1.00000e+00  
 22.4 1.2463e+01  14 1.00000e+00  
 22.5 1.2439e+01  14 1.00000e+00  
 22.6 1.2421e+01  14 1.00000e+00  
 22.7 1.2394e+01  14 1.00000e+00  
 22.8 1.2366e+01  14 1.00000e+00  
 22.9 1.2337e+01  14 1.00000e+00  
 23.0 1.2316e+01  14 1.00000e+00  
 23.1 1.2285e+01  14 1.00000e+00  
 23.2 1.2253e+01  14 1.00000e+00  
 23.3 1.2219e+01  14 1.00000e+00  
 23.4 1.2194e+01  14 1.00000e+00  
 23.5 1.2160e+01  14 1.00000e+00  
 23.6 1.2123e+01  14 1.00000e+00  
 23.7 1.2086e+01  14 1.00000e+00  
 23.8 1.2058e+01  14 1.00000e+00  
 23.9 1.2019e+01  14 1.00000e+00  
 24.0 1.1980e+01  14 1.00000e+00  
 24.1 1.1939e+01  14 1.00000e+00  
 24.2 1.1908e+01  14 1.00000e+00  
 24.3 1.1866e+01  14 1.00000e+00  
 24.4 1.1823e+01  14 1.00000e+00  
 24.5 1.1779e+01  14 1.00000e+00  
 24.6 1.1746e+01  14 1.00000e+00  
 24.7 5.5011e+00  14 4.25979e-01  
 24.8 5.5453e+00  14 4.31886e-01  
 24.9 5.5892e+00  14 4.37860e-01  
 25.0 5.6322e+00  14 4.43838e-01  
 25.1 5.6750e+00  14 4.49377e-01  
 25.2 5.7168e+00  14 4.55377e-01  
 25.3 5.7580e+00  14 4.61379e-01  
 25.4 5.7989e+00  14 4.67462e-01  
 25.5 5.8394e+00  14 4.73036e-01  
 25.6 5.8786e+00  14 4.79070e-01  
 25.7 5.9172e+00  14 4.85126e-01  
 25.8 5.9550e+00  14 4.91202e-01  
 25.9 5.9921e+00  14 4.97306e-01  
 26.0 6.0296e+00  14 5.02911e-01  
 26.1 6.0654e+00  14 5.08978e-01  
 26.2 6.1005e+00  14 5.15052e-01  
 26.3 6.1336e+00  14 5.21575e-01  
 26.4 6.1623e+00  14 5.29223e-01  
 26.5 6.1722e+00  14 5.42361e-01  
 26.6 6.1761e+00  14 5.56618e-01  
 26.7 6.1845e+00  14 5.68801e-01  
 26.8 6.1800e+00  14 5.84234e-01  
 26.9 6.1706e+00  14 6.00528e-01  
 27.0 6.1732e+00  14 6.12533e-01  
 27.1 6.1903e+00  14 6.19726e-01  
 27.2 6.2258e+00  14 6.21508e-01  
 27.3 6.2598e+00  14 6.23832e-01  
 27.4 6.2953e+00  14 6.25925e-01  
 27.5 6.3380e+00  14 6.26477e-01  
 27.6 6.3793e+00  14 6.27654e-01  
 27.7 6.4201e+00  14 6.29165e-01  
 27.8 6.4593e+00  14 6.31218e-01  
 27.9 6.5008e+00  14 6.32985e-01  
 28.0 6.5431e+00  14 6.34783e-01  
 28.1 6.5859e+00  14 6.36667e-01  
 28.2 6.6331e+00  14 6.38002e-01  
 28.3 6.6763e+00  14 6.40173e-01  
 28.4 6.7074e+00  14 6.44284e-01  
 28.5 6.7329e+00  14 6.49181e-01  
 28.6 6.7598e+00  14 6.53821e-01  
 28.7 6.7965e+00  14 6.57092e-01  
 28.8 6.8425e+00  14 6.59213e-01  
 28.9 6.8823e+00  14 6.62231e-01  
 29.0 6.8457e+00  14 6.56221e-01  
 29.1 6.8307e+00  14 6.64191e-01  
 29.2 6.8512e+00  14 6.65257e-01  
 29.3 6.8694e+00  14 6.66203e-01  
 29.4 6.8848e+00  14 6.67004e-01  
 29.5 6.9089e+00  14 6.68264e-01  
 29.6 6.9206e+00  14 6.68878e-01  
 29.7 6.9379e+00  14 6.69783e-01  
 29.8 6.9596e+00  14 6.70926e-01  
 29.9 6.9847e+00  14 6.72248e-01  
 30.0 7.0091e+00  14 6.73536e-01  
 30.1 7.0294e+00  14 6.74613e-01  
 30.2 7.0505e+00  14 6.75735e-01  
 30.3 7.0621e+00  14 6.76347e-01  
 30.4 7.0917e+00  14 6.77926e-01  
 30.5 7.1129e+00  14 6.79056e-01  
 30.6 7.1347e+00  14 6.80220e-01  
 30.7 7.1581e+00  14 6.81477e-01  
 30.8 7.1774e+00  14 6.82510e-01  
 30.9 7.2035e+00  14 6.83912e-01  
 31.0 7.2194e+00  14 6.84767e-01  
 31.1 7.2416e+00  14 6.85964e-01  
 31.2 7.2662e+00  14 6.87292e-01  
 31.3 7.2875e+00  14 6.88444e-01  
 31.4 7.3051e+00  14 6.89395e-01  
 31.5 7.3301e+00  14 6.90753e-01  
 31.6 7.3568e+00  14 6.92200e-01  
 31.7 7.3818e+00  14 6.93559e-01  
 31.8 7.4048e+00  14 6.94813e-01  
 31.9 7.4240e+00  14 6.95860e-01  
 32.0 7.4492e+00  14 6.97233e-01  
 32.1 7.4740e+00  14 6.98593e-01  
 32.2 7.4916e+00  14 6.99553e-01  
 32.3 7.5138e+00  14 7.00766e-01  
 32.4 7.5389e+00  14 7.02143e-01  
 32.5 7.5626e+00  14 7.03440e-01  
 32.6 7.5865e+00  14 7.04752e-01  
 32.7 7.6089e+00  14 7.05981e-01  
 32.8 7.6365e+00  14 7.07498e-01  
 32.9 7.6635e+00  14 7.08983e-01  
 33.0 7.7020e+00  14 7.11101e-01  
 33.1 7.7178e+00  14 7.11973e-01  
 33.2 7.7391e+00  14 7.13147e-01  
 33.3 7.7558e+00  14 7.14069e-01  
 33.4 7.7806e+00  14 7.15436e-01  
 33.5 7.8038e+00  14 7.16717e-01  
 33.6 7.8447e+00  14 7.18972e-01  
 33.7 7.8606e+00  14 7.19855e-01  
 33.8 7.8898e+00  14 7.21469e-01  
 33.9 7.9216e+00  14 7.23225e-01  
 34.0 7.9439e+00  14 7.24465e-01  
 34.1 7.9654e+00  14 7.25656e-01  
 34.2 7.9789e+00  14 7.26402e-01  
 34.3 8.0061e+00  14 7.27911e-01  
 34.4 8.0408e+00  14 7.29832e-01  
 34.5 8.0620e+00  14 7.31006e-01  
 34.6 8.0828e+00  14 7.32160e-01  
 34.7 8.1066e+00  14 7.33478e-01  
 34.8 8.1484e+00  14 7.35799e-01  
 34.9 8.1676e+00  14 7.36867e-01  
 35.0 8.1897e+00  14 7.38094e-01  
 35.1 8.2212e+00  14 7.39840e-01  
 35.2 8.2429e+00  14 7.41044e-01  
 35.3 8.2617e+00  14 7.42088e-01  
 35.4 8.2913e+00  14 7.43733e-01  
 35.5 8.3153e+00  14 7.45062e-01  
 35.6 8.3351e+00  14 7.46164e-01  
 35.7 8.3712e+00  14 7.48166e-01  
 35.8 8.3960e+00  14 7.49541e-01  
 35.9 8.4177e+00  14 7.50747e-01  
 36.0 8.4471e+00  14 7.52380e-01  
 36.1 8.4844e+00  14 7.54449e-01  
 36.2 8.4998e+00  14 7.55305e-01  
 36.3 8.5411e+00  14 7.57597e-01  
 36.4 8.5610e+00  14 7.58699e-01  
 36.5 8.5997e+00  14 7.60850e-01  
 36.6 8.6155e+00  14 7.61727e-01  
 36.7 8.6519e+00  14 7.63744e-01  
 36.8 8.6785e+00  14 7.65219e-01  
 36.9 8.6988e+00  14 7.66347e-01  
 37.0 8.7274e+00  14 7.67935e-01  
 37.1 8.7550e+00  14 7.69462e-01  
 37.2 8.7937e+00  14 7.71610e-01  
 37.3 8.8203e+00  14 7.73081e-01  
 37.4 8.8417e+00  14 7.74266e-01  
 37.5 8.8704e+00  14 7.75855e-01  
 37.6 8.9056e+00  14 7.77806e-01  
 37.7 8.9275e+00  14 7.79017e-01  
 37.8 8.9616e+00  14 7.80900e-01  
 37.9 8.9867e+00  14 7.82288e-01  
 38.0 9.0093e+00  14 7.83536e-01  
 38.1 9.0393e+00  14 7.85196e-01  
 38.2 9.0587e+00  14 7.86267e-01  
 38.3 9.0897e+00  14 7.87977e-01  
 38.4 9.1078e+00  14 7.88979e-01  
 38.5 9.1516e+00  14 7.91394e-01  
 38.6 9.1849e+00  14 7.93229e-01  
 38.7 9.2050e+00  14 7.94341e-01  
 38.8 9.2324e+00  14 7.95849e-01  
 38.9 9.2690e+00  14 7.97862e-01  
 39.0 9.2879e+00  14 7.98906e-01  
 39.1 9.3271e+00  14 8.01065e-01  
 39.2 9.3551e+00  14 8.02604e-01  
 39.3 9.3904e+00  14 8.04545e-01  
 39.4 9.4060e+00  14 8.05402e-01  
 39.5 9.4347e+00  14 8.06978e-01  
 39.6 9.4577e+00  14 8.08243e-01  
 39.7 9.5080e+00  14 8.11005e-01  
 39.8 9.5205e+00  14 8.11687e-01  
 39.9 9.5542e+00  14 8.13538e-01  
 40.0 9.5782e+00  14 8.14850e-01  
 40.1 9.6158e+00  14 8.16912e-01  
 40.2 9.6475e+00  14 8.18646e-01  
 40.3 9.6689e+00  14 8.19815e-01  
 40.4 9.7038e+00  14 8.21722e-01  
 40.5 9.7260e+00  14 8.22936e-01  
 40.6 9.7641e+00  14 8.25017e-01  
 40.7 9.7864e+00  14 8.26235e-01  
 40.8 9.8241e+00  14 8.28293e-01  
 40.9 9.8308e+00  14 8.28654e-01  
 41.0 9.8668e+00  14 8.30615e-01  
 41.1 9.8861e+00  14 8.31669e-01  
 41.2 9.9140e+00  14 8.33186e-01  
 41.3 9.9617e+00  14 8.35780e-01  
 41.4 1.0001e+01  14 8.37939e-01  
 41.5 1.0036e+01  14 8.39803e-01  
 41.6 1.0066e+01  14 8.41427e-01  
 41.7 1.0010e+01  14 8.38426e-01  
 41.8 9.9741e+00  14 8.36454e-01  
 41.9 9.9030e+00  14 8.32586e-01  
 42.0 9.7615e+00  14 8.24875e-01  
 42.1 9.6621e+00  14 8.19443e-01  
 42.2 9.5624e+00  14 8.13985e-01  
 42.3 9.5399e+00  14 8.12750e-01  
 42.4 9.5227e+00  14 8.11811e-01  
 42.5 9.4791e+00  14 8.09417e-01  
 42.6 9.4606e+00  14 8.08403e-01  
 42.7 9.4166e+00  14 8.05985e-01  
 42.8 9.3126e+00  14 8.00264e-01  
 42.9 9.2448e+00  14 7.96532e-01  
 43.0 9.1986e+00  14 7.93984e-01  
 43.1 9.0962e+00  14 7.88335e-01  
 43.2 9.0995e+00  14 7.88521e-01  
 43.3 9.0743e+00  14 7.87129e-01  
 43.4 9.0651e+00  14 7.86623e-01  
 43.5 9.0318e+00  14 7.84780e-01  
 43.6 9.0077e+00  14 7.83453e-01  
 43.7 8.9407e+00  14 7.79744e-01  
 43.8 8.9059e+00  14 7.77821e-01  
 43.9 8.8595e+00  14 7.75251e-01  
 44.0 8.7964e+00  14 7.71757e-01  
 44.1 8.7248e+00  14 7.67787e-01  
 44.2 8.7223e+00  14 7.67652e-01  
 44.3 8.7096e+00  14 7.66945e-01  
 44.4 8.6908e+00  14 7.65904e-01  
 44.5 8.6708e+00  14 7.64792e-01  
 44.6 8.6381e+00  14 7.62977e-01  
 44.7 8.6451e+00  14 7.63365e-01  
 44.8 8.5625e+00  14 7.58782e-01  
 44.9 8.5027e+00  14 7.55463e-01  
 45.0 8.4931e+00  14 7.54931e-01  
 45.1 8.3991e+00  14 7.49716e-01  
 45.2 8.4035e+00  14 7.49959e-01  
 45.3 8.4169e+00  14 7.50705e-01  
 45.4 8.4957e+00  14 7.55075e-01  
 45.5 8.5574e+00  14 7.58500e-01  
 45.6 8.5550e+00  14 7.58366e-01  
 45.7 8.5287e+00  14 7.56909e-01  
 45.8 8.6219e+00  14 7.62078e-01  
 45.9 8.6786e+00  14 7.65225e-01  
 46.0 8.7248e+00  14 7.67789e-01  
 46.1 8.7724e+00  14 7.70426e-01  
 46.2 8.8383e+00  14 7.74080e-01  
 46.3 8.8754e+00  14 7.76132e-01  
 46.4 8.9101e+00  14 7.78052e-01  
 46.5 8.9366e+00  14 7.79522e-01  
 46.6 8.9716e+00  14 7.81452e-01  
 46.7 9.0035e+00  14 7.83217e-01  
 46.8 9.0324e+00  14 7.84816e-01  
 46.9 9.0549e+00  14 7.86058e-01  
 47.0 9.1400e+00  14 7.90753e-01  
 47.1 9.2137e+00  14 7.94818e-01  
 47.2 9.2724e+00  14 7.98052e-01  
 47.3 9.3237e+00  14 8.00878e-01  
 47.4 9.3765e+00  14 8.03783e-01  
 47.5 9.4125e+00  14 8.05762e-01  
 47.6 9.5054e+00  14 8.10861e-01  
 47.7 9.5397e+00  14 8.12741e-01  
 47.8 9.5810e+00  14 8.15006e-01  
 47.9 9.6145e+00  14 8.16838e-01  
 48.0 9.6486e+00  14 8.18708e-01  
 48.1 9.6759e+00  14 8.20198e-01  
 48.2 9.7178e+00  14 8.22490e-01  
 48.3 9.7398e+00  14 8.23693e-01  
 48.4 9.7972e+00  14 8.26826e-01  
 48.5 9.8939e+00  14 8.32090e-01  
 48.6 9.9623e+00  14 8.35812e-01  
 48.7 1.0024e+01  14 8.39169e-01  
 48.8 1.0072e+01  14 8.41748e-01  
 48.9 1.0128e+01  14 8.44823e-01  
 49.0 1.0201e+01  14 8.48743e-01  
 49.1 1.0265e+01  14 8.52192e-01  
 49.2 1.0303e+01  14 8.54246e-01  
 49.3 1.0340e+01  14 8.56272e-01  
 49.4 1.0377e+01  14 8.58274e-01  
 49.5 1.0418e+01  14 8.60488e-01  
 49.6 1.0447e+01  14 8.62040e-01  
 49.7 1.0483e+01  14 8.63946e-01  
 49.8 1.0539e+01  14 8.66985e-01  
 49.9 1.0601e+01  14 8.70318e-01  
 50.0 1.0703e+01  14 8.75774e-01  
 50.1 1.0768e+01  14 8.79234e-01  
 50.2 1.0839e+01  14 8.83027e-01  
 50.3 1.0896e+01  14 8.86044e-01  
 50.4 1.0946e+01  14 8.88715e-01  
 50.5 1.1039e+01  14 8.93648e-01  
 50.6 1.1091e+01  14 8.96435e-01  
 50.7 1.1135e+01  14 8.98748e-01  
 50.8 1.1186e+01  14 9.01442e-01  
 50.9 1.1227e+01  14 9.03613e-01  
 51.0 1.1251e+01  14 9.04888e-01  
 51.1 1.1298e+01  14 9.07340e-01  
 51.2 1.1345e+01  14 9.09839e-01  
 51.3 1.1400e+01  14 9.12719e-01  
 51.4 1.1450e+01  14 9.15366e-01  
 51.5 1.1568e+01  14 9.21531e-01  
 51.6 1.1640e+01  14 9.25289e-01  
 51.7 1.1703e+01  14 9.28591e-01  
 51.8 1.1779e+01  14 9.32531e-01  
 51.9 1.1838e+01  14 9.35618e-01  
 52.0 1.1895e+01  14 9.38595e-01  
 52.1 1.1998e+01  14 9.43939e-01  
 52.2 1.2054e+01  14 9.46842e-01  
 52.3 1.2076e+01  14 9.47982e-01  
 52.4 1.2125e+01  14 9.50505e-01  
 52.5 1.2176e+01  14 9.53106e-01  
 52.6 1.2210e+01  14 9.54875e-01  
 52.7 1.2263e+01  14 9.57631e-01  
 52.8 1.2306e+01  14 9.59801e-01  
 52.9 1.2378e+01  14 9.63503e-01  
 53.0 1.2462e+01  14 9.67817e-01  
 53.1 1.2566e+01  14 9.73141e-01  
 53.2 1.2644e+01  14 9.77147e-01  
 53.3 1.2715e+01  14 9.80725e-01  
 53.4 1.2779e+01  14 9.84011e-01  
 53.5 1.2848e+01  14 9.87513e-01  
 53.6 1.2921e+01  14 9.91181e-01  
 53.7 1.3021e+01  14 9.96244e-01  
 53.8 1.3080e+01  14 9.99205e-01  
 53.9 1.3113e+01  14 1.00000e+00  
 54.0 1.3132e+01  14 1.00000e+00  
 54.1 1.3145e+01  14 1.00000e+00  
 54.2 1.3161e+01  14 1.00000e+00  
 54.3 1.3181e+01  14 1.00000e+00  
 54.4 1.3197e+01  14 1.00000e+00  
 54.5 1.3230e+01  14 1.00000e+00  
 54.6 1.3256e+01  14 1.00000e+00  
 54.7 1.3285e+01  14 1.00000e+00  
 54.8 1.3328e+01  14 1.00000e+00  
 54.9 1.3359e+01  14 1.00000e+00  
 55.0 1.3388e+01  14 1.00000e+00  
 55.1 1.3418e+01  14 1.00000e+00  
 55.2 1.3439e+01  14 1.00000e+00  
 55.3 1.3463e+01  14 1.00000e+00  
 55.4 1.3510e+01  14 1.00000e+00  
 55.5 1.3540e+01  14 1.00000e+00  
 55.6 1.3555e+01  14 1.00000e+00  
 55.7 1.3576e+01  14 1.00000e+00  
 55.8 1.3590e+01  14 1.00000e+00  
 55.9 1.3607e+01  14 1.00000e+00  
 56.0 1.3629e+01  14 1.00000e+00  
 56.1 1.3642e+01  14 1.00000e+00  
 56.2 1.3678e+01  14 1.00000e+00  
 56.3 1.3717e+01  14 1.00000e+00  
 56.4 1.3737e+01  14 1.00000e+00  
 56.5 1.3784e+01  14 1.00000e+00  
 56.6 1.3813e+01  14 1.00000e+00  
 56.7 1.3843e+01  14 1.00000e+00  
 56.8 1.3874e+01  14 1.00000e+00  
 56.9 1.3891e+01  14 1.00000e+00  
 57.0 1.3916e+01  14 1.00000e+00  
 57.1 1.3963e+01  14 1.00000e+00  
 57.2 1.3988e+01  14 1.00000e+00  
 57.3 1.3995e+01  14 1.00000e+00  
 57.4 1.4022e+01  14 1.00000e+00  
 57.5 1.4032e+01  14 1.00000e+00  
 57.6 1.4061e+01  14 1.00000e+00  
 57.7 1.4072e+01  14 1.00000e+00  
 57.8 1.4084e+01  14 1.00000e+00  
 57.9 1.4128e+01  14 1.00000e+00  
 58.0 1.4160e+01  14 1.00000e+00  
 58.1 1.4193e+01  14 1.00000e+00  
 58.2 1.4230e+01  14 1.00000e+00  
 58.3 1.4263e+01  14 1.00000e+00  
 58.4 1.4288e+01  14 1.00000e+00  
 58.5 1.4322e+01  14 1.00000e+00  
 58.6 1.4338e+01  14 1.00000e+00  
 58.7 1.4374e+01  14 1.00000e+00  
 58.8 1.4399e+01  14 1.00000e+00  
 58.9 1.4445e+01  14 1.00000e+00  
 59.0 1.4457e+01  14 1.00000e+00  
 59.1 1.4474e+01  14 1.00000e+00  
 59.2 1.4502e+01  14 1.00000e+00  
 59.3 1.4511e+01  14 1.00000e+00  
 59.4 1.4542e+01  14 1.00000e+00  
 59.5 1.4555e+01  14 1.00000e+00  
 59.6 1.4578e+01  14 1.00000e+00  
 59.7 1.4600e+01  14 1.00000e+00  
 59.8 1.4641e+01  14 1.00000e+00  
 59.9 1.4672e+01  14 1.00000e+00  
 60.0 1.4700e+01  14 1.00000e+00  
 60.1 1.4741e+01  14 1.00000e+00  
 60.2 1.4765e+01  14 1.00000e+00  
 60.3 1.4789e+01  14 1.00000e+00  
 60.4 1.4826e+01  14 1.00000e+00  
 60.5 1.4845e+01  14 1.00000e+00  
 60.6 1.4877e+01  14 1.00000e+00  
 60.7 1.4900e+01  14 1.00000e+00  
 60.8 1.4945e+01  14 1.00000e+00  
 60.9 1.4961e+01  14 1.00000e+00  
 61.0 1.4989e+01  14 1.00000e+00  
 61.1 1.5008e+01  14 1.00000e+00  
 61.2 1.5024e+01  14 1.00000e+00  
 61.3 1.5043e+01  14 1.00000e+00  
 61.4 1.5065e+01  14 1.00000e+00  
 61.5 1.5083e+01  14 1.00000e+00  
 61.6 1.5120e+01  14 1.00000e+00  
 61.7 1.5152e+01  14 1.00000e+00  
 61.8 1.5181e+01  14 1.00000e+00  
 61.9 1.5214e+01  14 1.00000e+00  
 62.0 1.5250e+01  14 1.00000e+00  
 62.1 1.5283e+01  14 1.00000e+00  
 62.2 1.5305e+01  14 1.00000e+00  
 62.3 1.5343e+01  14 1.00000e+00  
 62.4 1.5370e+01  14 1.00000e+00  
 62.5 1.5385e+01  14 1.00000e+00  
 62.6 1.5416e+01  14 1.00000e+00  
 62.7 1.5436e+01  14 1.00000e+00  
 62.8 1.5482e+01  14 1.00000e+00  
 62.9 1.5505e+01  14 1.00000e+00  
 63.0 1.5526e+01  14 1.00000e+00  
 63.1 1.5544e+01  14 1.00000e+00  
 63.2 1.5559e+01  14 1.00000e+00  
 63.3 1.5582e+01  14 1.00000e+00  
 63.4 1.5590e+01  14 1.00000e+00  
 63.5 1.5632e+01  14 1.00000e+00  
 63.6 1.5661e+01  14 1.00000e+00  
 63.7 1.5699e+01  14 1.00000e+00  
 63.8 1.5725e+01  14 1.00000e+00  
 63.9 1.5759e+01  14 1.00000e+00  
 64.0 1.5789e+01  14 1.00000e+00  
 64.1 1.5828e+01  14 1.00000e+00  
 64.2 1.5858e+01  14 1.00000e+00  
 64.3 1.5889e+01  14 1.00000e+00  
 64.4 1.5916e+01  14 1.00000e+00  
 64.5 1.5937e+01  14 1.00000e+00  
 64.6 1.5964e+01  14 1.00000e+00  
 64.7 1.5986e+01  14 1.00000e+00  
 64.8 1.6030e+01  14 1.00000e+00  
 64.9 1.6062e+01  14 1.00000e+00  
 65.0 1.6077e+01  14 1.00000e+00  
 65.1 1.6097e+01  14 1.00000e+00  
 65.2 1.6117e+01  14 1.00000e+00  
 65.3 1.6136e+01  14 1.00000e+00  
 65.4 1.6147e+01  14 1.00000e+00  
 65.5 1.6174e+01  14 1.00000e+00  
 65.6 1.6211e+01  14 1.00000e+00  
 65.7 1.6235e+01  14 1.00000e+00  
 65.8 1.6276e+01  14 1.00000e+00  
 65.9 1.6301e+01  14 1.00000e+00  
 66.0 1.6335e+01  14 1.00000e+00  
 66.1 1.6375e+01  14 1.00000e+00  
 66.2 1.6409e+01  14 1.00000e+00  
 66.3 1.6441e+01  14 1.00000e+00  
 66.4 1.6464e+01  14 1.00000e+00  
 66.5 1.6491e+01  14 1.00000e+00  
 66.6 1.6518e+01  14 1.00000e+00  
 66.7 1.6543e+01  14 1.00000e+00  
 66.8 1.6566e+01  14 1.00000e+00  
 66.9 1.6608e+01  14 1.00000e+00  
 67.0 1.6640e+01  14 1.00000e+00  
 67.1 1.6658e+01  14 1.00000e+00  
 67.2 1.6678e+01  14 1.00000e+00  
 67.3 1.6698e+01  14 1.00000e+00  
 67.4 1.6707e+01  14 1.00000e+00  
 67.5 1.6736e+01  14 1.00000e+00  
 67.6 1.6749e+01  14 1.00000e+00  
 67.7 1.6793e+01  14 1.00000e+00  
 67.8 1.6823e+01  14 1.00000e+00  
 67.9 1.6861e+01  14 1.00000e+00  
 68.0 1.6891e+01  14 1.00000e+00  
 68.1 1.6921e+01  14 1.00000e+00  
 68.2 1.6947e+01  14 1.00000e+00  
 68.3 1.6982e+01  14 1.00000e+00  
 68.4 1.7015e+01  14 1.00000e+00  
 68.5 1.7041e+01  14 1.00000e+00  
 68.6 1.7074e+01  14 1.00000e+00  
 68.7 1.7097e+01  14 1.00000e+00  
 68.8 1.7125e+01  14 1.00000e+00  
 68.9 1.7148e+01  14 1.00000e+00  
 69.0 1.7170e+01  14 1.00000e+00  
 69.1 1.7192e+01  14 1.00000e+00  
 69.2 1.7227e+01  14 1.00000e+00  
 69.3 1.7259e+01  14 1.00000e+00  
 69.4 1.7275e+01  14 1.00000e+00  
 69.5 1.7296e+01  14 1.00000e+00  
 69.6 1.7315e+01  14 1.00000e+00  
 69.7 1.7332e+01  14 1.00000e+00  
 69.8 1.7348e+01  14 1.00000e+00  
 69.9 1.7379e+01  14 1.00000e+00  
 70.0 1.7416e+01  14 1.00000e+00  
 70.1 1.7451e+01  14 1.00000e+00  
 70.2 1.7482e+01  14 1.00000e+00  
 70.3 1.7508e+01  14 1.00000e+00  
 70.4 1.7540e+01  14 1.00000e+00  
 70.5 1.7565e+01  14 1.00000e+00  
 70.6 1.7602e+01  14 1.00000e+00  
 70.7 1.7633e+01  14 1.00000e+00  
 70.8 1.7670e+01  14 1.00000e+00  
 70.9 1.7697e+01  14 1.00000e+00  
 71.0 1.7718e+01  14 1.00000e+00  
 71.1 1.7746e+01  14 1.00000e+00  
 71.2 1.7768e+01  14 1.00000e+00  
 71.3 1.7791e+01  14 1.00000e+00  
 71.4 1.7813e+01  14 1.00000e+00  
 71.5 1.7844e+01  14 1.00000e+00  
 71.6 1.7879e+01  14 1.00000e+00  
 71.7 1.7895e+01  14 1.00000e+00  
 71.8 1.7919e+01  14 1.00000e+00  
 71.9 1.7926e+01  14 1.00000e+00  
 72.0 1.7957e+01  14 1.00000e+00  
 72.1 1.7964e+01  14 1.00000e+00  
 72.2 1.7997e+01  14 1.00000e+00  
 72.3 1.8042e+01  14 1.00000e+00  
 72.4 1.8076e+01  14 1.00000e+00  
 72.5 1.8110e+01  14 1.00000e+00  
 72.6 1.8140e+01  14 1.00000e+00  
 72.7 1.8170e+01  14 1.00000e+00  
 72.8 1.8187e+01  14 1.00000e+00  
 72.9 1.8225e+01  14 1.00000e+00  
 73.0 1.8268e+01  14 1.00000e+00  
 73.1 1.8300e+01  14 1.00000e+00  
 73.2 1.8330e+01  14 1.00000e+00  
 73.3 1.8358e+01  14 1.00000e+00  
 73.4 1.8383e+01  14 1.00000e+00  
 73.5 1.8407e+01  14 1.00000e+00  
 73.6 1.8429e+01  14 1.00000e+00  
 73.7 1.8451e+01  14 1.00000e+00  
 73.8 1.8474e+01  14 1.00000e+00  
 73.9 1.8502e+01  14 1.00000e+00  
 74.0 1.8532e+01  14 1.00000e+00  
 74.1 1.8543e+01  14 1.00000e+00  
 74.2 1.8576e+01  14 1.00000e+00  
 74.3 1.8587e+01  14 1.00000e+00  
 74.4 1.8616e+01  14 1.00000e+00  
 74.5 1.8630e+01  14 1.00000e+00  
 74.6 1.8660e+01  14 1.00000e+00  
 74.7 1.8690e+01  14 1.00000e+00  
 74.8 1.8738e+01  14 1.00000e+00  
 74.9 1.8772e+01  14 1.00000e+00  
 75.0 1.8804e+01  14 1.00000e+00  
 75.1 1.8826e+01  14 1.00000e+00  
 75.2 1.8863e+01  14 1.00000e+00  
 75.3 1.8890e+01  14 1.00000e+00  
 75.4 1.8909e+01  14 1.00000e+00  
 75.5 1.8962e+01  14 1.00000e+00  
 75.6 1.8996e+01  14 1.00000e+00  
 75.7 1.9002e+01  14 1.00000e+00  
 75.8 1.9052e+01  14 1.00000e+00  
 75.9 1.9076e+01  14 1.00000e+00  
 76.0 1.9101e+01  14 1.00000e+00  
 76.1 1.9122e+01  14 1.00000e+00  
 76.2 1.9145e+01  14 1.00000e+00  
 76.3 1.9167e+01  14 1.00000e+00  
 76.4 1.9190e+01  14 1.00000e+00  
 76.5 1.9241e+01  14 1.00000e+00  
 76.6 1.9256e+01  14 1.00000e+00  
 76.7 1.9266e+01  14 1.00000e+00  
 76.8 1.9297e+01  14 1.00000e+00  
 76.9 1.9312e+01  14 1.00000e+00  
 77.0 1.9334e+01  14 1.00000e+00  
 77.1 1.9358e+01  14 1.00000e+00  
 77.2 1.9395e+01  14 1.00000e+00  
 77.3 1.9423e+01  14 1.00000e+00  
 77.4 1.9468e+01  14 1.00000e+00  
 77.5 1.9502e+01  14 1.00000e+00  
 77.6 1.9526e+01  14 1.00000e+00  
 77.7 1.9567e+01  14 1.00000e+00  
 77.8 1.9588e+01  14 1.00000e+00  
 77.9 1.9622e+01  14 1.00000e+00  
 78.0 1.9654e+01  14 1.00000e+00  
 78.1 1.9695e+01  14 1.00000e+00  
 78.2 1.9698e+01  14 1.00000e+00  
 78.3 1.9727e+01  14 1.00000e+00  
 78.4 1.9754e+01  14 1.00000e+00  
 78.5 1.9807e+01  14 1.00000e+00  
 78.6 1.9830e+01  14 1.00000e+00  
 78.7 1.9852e+01  14 1.00000e+00  
 78.8 1.9873e+01  14 1.00000e+00  
 78.9 1.9896e+01  14 1.00000e+00  
 79.0 1.9919e+01  14 1.00000e+00  
 79.1 1.9960e+01  14 1.00000e+00  
 79.2 1.9974e+01  14 1.00000e+00  
 79.3 2.0007e+01  14 1.00000e+00  
 79.4 2.0019e+01  14 1.00000e+00  
 79.5 2.0050e+01  14 1.00000e+00  
 79.6 2.0070e+01  14 1.00000e+00  
 79.7 2.0089e+01  14 1.00000e+00  
 79.8 2.0123e+01  14 1.00000e+00  
 79.9 2.0161e+01  14 1.00000e+00  
 80.0 2.0198e+01  14 1.00000e+00  
 80.1 2.0220e+01  14 1.00000e+00  
 80.2 2.0258e+01  14 1.00000e+00  
 80.3 2.0300e+01  14 1.00000e+00  
 80.4 2.0323e+01  14 1.00000e+00  
 80.5 2.0361e+01  14 1.00000e+00  
 80.6 2.0388e+01  14 1.00000e+00  
 80.7 2.0403e+01  14 1.00000e+00  
 80.8 2.0431e+01  14 1.00000e+00  
 80.9 2.0458e+01  14 1.00000e+00  
 81.0 2.0487e+01  14 1.00000e+00  
 81.1 2.0515e+01  14 1.00000e+00  
 81.2 2.0546e+01  14 1.00000e+00  
 81.3 2.0599e+01  14 1.00000e+00  
 81.4 2.0628e+01  14 1.00000e+00  
 81.5 2.0649e+01  14 1.00000e+00  
 81.6 2.0671e+01  14 1.00000e+00  
 81.7 2.0694e+01  14 1.00000e+00  
 81.8 2.0717e+01  14 1.00000e+00  
 81.9 2.0771e+01  14 1.00000e+00  
 82.0 2.0787e+01  14 1.00000e+00  
 82.1 2.0802e+01  14 1.00000e+00  
 82.2 2.0823e+01  14 1.00000e+00  
 82.3 2.0840e+01  14 1.00000e+00  
 82.4 2.0857e+01  14 1.00000e+00  
 82.5 2.0875e+01  14 1.00000e+00  
 82.6 2.0927e+01  14 1.00000e+00  
 82.7 2.0955e+01  14 1.00000e+00  
 82.8 2.1001e+01  14 1.00000e+00  
 82.9 2.1036e+01  14 1.00000e+00  
 83.0 2.1070e+01  14 1.00000e+00  
 83.1 2.1095e+01  14 1.00000e+00  
 83.2 2.1140e+01  14 1.00000e+00  
 83.3 2.1169e+01  14 1.00000e+00  
 83.4 2.1200e+01  14 1.00000e+00  
 83.5 2.1227e+01  14 1.00000e+00  
 83.6 2.1232e+01  14 1.00000e+00  
 83.7 2.1264e+01  14 1.00000e+00  
 83.8 2.1294e+01  14 1.00000e+00  
 83.9 2.1322e+01  14 1.00000e+00  
 84.0 2.1350e+01  14 1.00000e+00  
 84.1 2.1375e+01  14 1.00000e+00  
 84.2 2.1441e+01  14 1.00000e+00  
 84.3 2.1451e+01  14 1.00000e+00  
 84.4 2.1473e+01  14 1.00000e+00  
 84.5 2.1499e+01  14 1.00000e+00  
 84.6 2.1524e+01  14 1.00000e+00  
 84.7 2.1549e+01  14 1.00000e+00  
 84.8 2.1593e+01  14 1.00000e+00  
 84.9 2.1617e+01  14 1.00000e+00  
 85.0 2.1629e+01  14 1.00000e+00  
 85.1 2.1659e+01  14 1.00000e+00  
 85.2 2.1685e+01  14 1.00000e+00  
 85.3 2.1706e+01  14 1.00000e+00  
 85.4 2.1728e+01  14 1.00000e+00  
 85.5 2.1748e+01  14 1.00000e+00  
 85.6 2.1801e+01  14 1.00000e+00  
 85.7 2.1828e+01  14 1.00000e+00  
 85.8 2.1863e+01  14 1.00000e+00  
 85.9 2.1900e+01  14 1.00000e+00  
 86.0 2.1941e+01  14 1.00000e+00  
 86.1 2.1984e+01  14 1.00000e+00  
 86.2 2.2009e+01  14 1.00000e+00  
 86.3 2.2048e+01  14 1.00000e+00  
 86.4 2.2077e+01  14 1.00000e+00  
 86.5 2.2094e+01  14 1.00000e+00  
 86.6 2.2105e+01  14 1.00000e+00  
 86.7 2.2136e+01  14 1.00000e+00  
 86.8 2.2166e+01  14 1.00000e+00  
 86.9 2.2195e+01  14 1.00000e+00  
 87.0 2.2224e+01  14 1.00000e+00  
 87.1 2.2250e+01  14 1.00000e+00  
 87.2 2.2268e+01  14 1.00000e+00  
 87.3 2.2330e+01  14 1.00000e+00  
 87.4 2.2351e+01  14 1.00000e+00  
 87.5 2.2376e+01  14 1.00000e+00  
 87.6 2.2405e+01  14 1.00000e+00  
 87.7 2.2431e+01  14 1.00000e+00  
 87.8 2.2478e+01  14 1.00000e+00  
 87.9 2.2503e+01  14 1.00000e+00  
 88.0 2.2515e+01  14 1.00000e+00  
 88.1 2.2534e+01  14 1.00000e+00  
 88.2 2.2554e+01  14 1.00000e+00  
 88.3 2.2583e+01  14 1.00000e+00  
 88.4 2.2605e+01  14 1.00000e+00  
 88.5 2.2641e+01  14 1.00000e+00  
 88.6 2.2676e+01  14 1.00000e+00  
 88.7 2.2722e+01  14 1.00000e+00  
 88.8 2.2759e+01  14 1.00000e+00  
 88.9 2.2796e+01  14 1.00000e+00  
 89.0 2.2834e+01  14 1.00000e+00  
 89.1 2.2873e+01  14 1.00000e+00  
 89.2 2.2902e+01  14 1.00000e+00  
 89.3 2.2888e+01  14 1.00000e+00  
 89.4 2.2920e+01  14 1.00000e+00  
 89.5 2.2949e+01  14 1.00000e+00  
 89.6 2.2981e+01  14 1.00000e+00  
 89.7 2.3046e+01  14 1.00000e+00  
 89.8 2.3058e+01  14 1.00000e+00  
 89.9 2.3087e+01  14 1.00000e+00  
 90.0 2.3118e+01  14 1.00000e+00  
 90.1 2.3147e+01  14 1.00000e+00  
 90.2 2.3176e+01  14 1.00000e+00  
 90.3 2.3201e+01  14 1.00000e+00  
 90.4 2.3214e+01  14 1.00000e+00  
 90.5 2.3278e+01  14 1.00000e+00  
 90.6 2.3305e+01  14 1.00000e+00  
 90.7 2.3329e+01  14 1.00000e+00  
 90.8 2.3354e+01  14 1.00000e+00  
 90.9 2.3381e+01  14 1.00000e+00  
 91.0 2.3405e+01  14 1.00000e+00  
 91.1 2.3459e+01  14 1.00000e+00  
 91.2 2.3474e+01  14 1.00000e+00  
 91.3 2.3481e+01  14 1.00000e+00  
 91.4 2.3505e+01  14 1.00000e+00  
 91.5 2.3528e+01  14 1.00000e+00  
 91.6 2.3551e+01  14 1.00000e+00  
 91.7 2.3590e+01  14 1.00000e+00  
 91.8 2.3619e+01  14 1.00000e+00  
 91.9 2.3670e+01  14 1.00000e+00  
 92.0 2.3708e+01  14 1.00000e+00  
 92.1 2.3746e+01  14 1.00000e+00  
 92.2 2.3786e+01  14 1.00000e+00  
 92.3 2.3827e+01  14 1.00000e+00  
 92.4 2.3825e+01  14 1.00000e+00  
 92.5 2.3845e+01  14 1.00000e+00  
 92.6 2.3884e+01  14 1.00000e+00  
 92.7 2.3916e+01  14 1.00000e+00  
 92.8 2.3945e+01  14 1.00000e+00  
 92.9 2.3970e+01  14 1.00000e+00  
 93.0 2.3998e+01  14 1.00000e+00  
 93.1 2.4040e+01  14 1.00000e+00  
 93.2 2.4064e+01  14 1.00000e+00  
 93.3 2.4098e+01  14 1.00000e+00  
 93.4 2.4136e+01  14 1.00000e+00  
 93.5 2.4166e+01  14 1.00000e+00  
 93.6 2.4194e+01  14 1.00000e+00  
 93.7 2.4213e+01  14 1.00000e+00  
 93.8 2.4251e+01  14 1.00000e+00  
 93.9 2.4308e+01  14 1.00000e+00  
 94.0 2.4331e+01  14 1.00000e+00  
 94.1 2.4354e+01  14 1.00000e+00  
 94.2 2.4380e+01  14 1.00000e+00  
 94.3 2.4399e+01  14 1.00000e+00  
 94.4 2.4463e+01  14 1.00000e+00  
 94.5 2.4479e+01  14 1.00000e+00  
 94.6 2.4502e+01  14 1.00000e+00  
 94.7 2.4526e+01  14 1.00000e+00  
 94.8 2.4550e+01  14 1.00000e+00  
 94.9 2.4573e+01  14 1.00000e+00  
 95.0 2.4595e+01  14 1.00000e+00  
 95.1 2.4626e+01  14 1.00000e+00  
 95.2 2.4672e+01  14 1.00000e+00  
 95.3 2.4712e+01  14 1.00000e+00  
 95.4 2.4750e+01  14 1.00000e+00  
 95.5 2.4790e+01  14 1.00000e+00  
 95.6 2.4832e+01  14 1.00000e+00  
 95.7 2.4833e+01  14 1.00000e+00  
 95.8 2.4853e+01  14 1.00000e+00  
 95.9 2.4884e+01  14 1.00000e+00  
 96.0 2.4923e+01  14 1.00000e+00  
 96.1 2.4956e+01  14 1.00000e+00  
 96.2 2.4987e+01  14 1.00000e+00  
 96.3 2.5013e+01  14 1.00000e+00  
 96.4 2.5038e+01  14 1.00000e+00  
 96.5 2.5057e+01  14 1.00000e+00  
 96.6 2.5102e+01  14 1.00000e+00  
 96.7 2.5133e+01  14 1.00000e+00  
 96.8 2.5172e+01  14 1.00000e+00  
 96.9 2.5202e+01  14 1.00000e+00  
 97.0 2.5232e+01  14 1.00000e+00  
 97.1 2.5260e+01  14 1.00000e+00  
 97.2 2.5278e+01  14 1.00000e+00  
 97.3 2.5317e+01  14 1.00000e+00  
 97.4 2.5377e+01  14 1.00000e+00  
 97.5 2.5402e+01  14 1.00000e+00  
 97.6 2.5426e+01  14 1.00000e+00  
 97.7 2.5450e+01  14 1.00000e+00  
 97.8 2.5464e+01  14 1.00000e+00  
 97.9 2.5500e+01  14 1.00000e+00  
 98.0 2.5554e+01  14 1.00000e+00  
 98.1 2.5574e+01  14 1.00000e+00  
 98.2 2.5588e+01  14 1.00000e+00  
 98.3 2.5611e+01  14 1.00000e+00  
 98.4 2.5642e+01  14 1.00000e+00  
 98.5 2.5669e+01  14 1.00000e+00  
 98.6 2.5695e+01  14 1.00000e+00  
 98.7 2.5736e+01  14 1.00000e+00  
 98.8 2.5761e+01  14 1.00000e+00  
 98.9 2.5801e+01  14 1.00000e+00  
 99.0 2.5854e+01  14 1.00000e+00  
 99.1 2.5896e+01  14 1.00000e+00  
 99.2 2.5928e+01  14 1.00000e+00  
 99.3 2.5940e+01  14 1.00000e+00  
 99.4 2.5963e+01  14 1.00000e+00  
 99.5 2.6004e+01  14 1.00000e+00  
 99.6 2.6041e+01  14 1.00000e+00  
 99.7 2.6074e+01  14 1.00000e+00  
 99.8 2.6106e+01  14 1.00000e+00  
 99.9 2.6137e+01  14 1.00000e+00  
100.0 2.6167e+01  14 1.00000e+00  
100.1 2.6191e+01  14 1.00000e+00  
100.2 2.6219e+01  14 1.00000e+00  
100.3 2.6250e+01  14 1.00000e+00  
100.4 2.6046e+01  14 1.00000e+00  
100.5 2.6026e+01  14 1.00000e+00  
100.6 2.6046e+01  14 1.00000e+00  
100.7 2.6064e+01  14 1.00000e+00  
100.8 2.6081e+01  14 1.00000e+00  
100.9 2.5771e+01  14 1.00000e+00  
101.0 2.6470e+01  14 1.00000e+00  
101.1 2.6499e+01  14 1.00000e+00  
101.2 2.6564e+01  14 1.00000e+00  
101.3 2.6585e+01  14 1.00000e+00  
101.4 2.6595e+01  14 1.00000e+00  
101.5 2.6628e+01  14 1.00000e+00  
101.6 2.6659e+01  14 1.00000e+00  
101.7 2.6708e+01  14 1.00000e+00  
101.8 2.6728e+01  14 1.00000e+00  
101.9 2.6734e+01  14 1.00000e+00  
102.0 2.6771e+01  14 1.00000e+00  
102.1 2.6801e+01  14 1.00000e+00  
102.2 2.6826e+01  14 1.00000e+00  
102.3 2.6841e+01  14 1.00000e+00  
102.4 2.6886e+01  14 1.00000e+00  
102.5 2.6929e+01  14 1.00000e+00  
102.6 2.6969e+01  14 1.00000e+00  
102.7 2.7007e+01  14 1.00000e+00  
102.8 2.7049e+01  14 1.00000e+00  
102.9 2.7096e+01  14 1.00000e+00  
103.0 2.7096e+01  14 1.00000e+00  
103.1 2.7130e+01  14 1.00000e+00  
103.2 2.7158e+01  14 1.00000e+00  
103.3 2.7199e+01  14 1.00000e+00  
103.4 2.7233e+01  14 1.00000e+00  
103.5 2.7266e+01  14 1.00000e+00  
103.6 2.7298e+01  14 1.00000e+00  
103.7 2.7330e+01  14 1.00000e+00  
103.8 2.7361e+01  14 1.00000e+00  
103.9 2.7391e+01  14 1.00000e+00  
104.0 2.7417e+01  14 1.00000e+00  
104.1 2.7411e+01  14 1.00000e+00  
104.2 2.7439e+01  14 1.00000e+00  
104.3 2.7469e+01  14 1.00000e+00  
104.4 2.7419e+01  14 1.00000e+00  
104.5 2.7373e+01  14 1.00000e+00  
104.6 2.7321e+01  14 1.00000e+00  
104.7 2.7268e+01  14 1.00000e+00  
104.8 2.7213e+01  14 1.00000e+00  
104.9 2.7146e+01  14 1.00000e+00  
105.0 2.7101e+01  14 1.00000e+00  
105.1 2.7094e+01  14 1.00000e+00  
105.2 2.7001e+01  14 1.00000e+00  
105.3 2.6939e+01  14 1.00000e+00  
105.4 2.6857e+01  14 1.00000e+00  
105.5 2.6828e+01  14 1.00000e+00  
105.6 2.6788e+01  14 1.00000e+00  
105.7 2.6801e+01  14 1.00000e+00  
105.8 2.6797e+01  14 1.00000e+00  
105.9 2.6652e+01  14 1.00000e+00  
106.0 2.6613e+01  14 1.00000e+00  
106.1 2.2557e+01  14 1.00000e+00  
106.2 2.2577e+01  14 1.00000e+00  
106.3 2.2575e+01  14 1.00000e+00  
106.4 2.2601e+01  14 1.00000e+00  
106.5 2.2597e+01  14 1.00000e+00  
106.6 2.2622e+01  14 1.00000e+00  
106.7 2.2636e+01  14 1.00000e+00  
106.8 2.2650e+01  14 1.00000e+00  
106.9 2.2668e+01  14 1.00000e+00  
107.0 2.2692e+01  14 1.00000e+00  
107.1 2.2503e+01  14 1.00000e+00  
107.2 2.2432e+01  14 1.00000e+00  
107.3 2.2433e+01  14 1.00000e+00  
107.4 2.2477e+01  14 1.00000e+00  
107.5 2.2490e+01  14 1.00000e+00  
107.6 2.2503e+01  14 1.00000e+00  
107.7 2.2505e+01  14 1.00000e+00  
107.8 2.2501e+01  14 1.00000e+00  
107.9 2.6829e+01  14 1.00000e+00  
108.0 2.6867e+01  14 1.00000e+00  
108.1 2.6911e+01  14 1.00000e+00  
108.2 2.6950e+01  14 1.00000e+00  
108.3 2.6975e+01  14 1.00000e+00  
108.4 2.7455e+01  14 1.00000e+00  
108.5 2.7454e+01  14 1.00000e+00  
108.6 2.7482e+01  14 1.00000e+00  
108.7 2.7522e+01  14 1.00000e+00  
108.8 2.7557e+01  14 1.00000e+00  
108.9 2.7586e+01  14 1.00000e+00  
109.0 2.7614e+01  14 1.00000e+00  
109.1 2.7638e+01  14 1.00000e+00  
109.2 2.7651e+01  14 1.00000e+00  
109.3 2.7696e+01  14 1.00000e+00  
109.4 2.7724e+01  14 1.00000e+00  
109.5 2.7745e+01  14 1.00000e+00  
109.6 2.7812e+01  14 1.00000e+00  
109.7 2.7820e+01  14 1.00000e+00  
109.8 2.7855e+01  14 1.00000e+00  
109.9 2.7875e+01  14 1.00000e+00  
110.0 2.7904e+01  14 1.00000e+00  
110.1 2.7964e+01  14 1.00000e+00  
110.2 2.7981e+01  14 1.00000e+00  
110.3 2.7991e+01  14 1.00000e+00  
110.4 2.8026e+01  14 1.00000e+00  
110.5 2.8051e+01  14 1.00000e+00  
110.6 2.8066e+01  14 1.00000e+00  
110.7 2.8051e+01  14 1.00000e+00  
110.8 2.8009e+01  14 1.00000e+00  
110.9 2.7970e+01  14 1.00000e+00  
111.0 2.7902e+01  14 1.00000e+00  
111.1 2.7693e+01  14 1.00000e+00  
111.2 2.7643e+01  14 1.00000e+00  
111.3 2.7602e+01  14 1.00000e+00  
111.4 2.7554e+01  14 1.00000e+00  
111.5 2.7492e+01  14 1.00000e+00  
111.6 2.7444e+01  14 1.00000e+00  
111.7 2.7402e+01  14 1.00000e+00  
111.8 2.7357e+01  14 1.00000e+00  
111.9 2.7308e+01  14 1.00000e+00  
112.0 2.7260e+01  14 1.00000e+00  
112.1 2.7210e+01  14 1.00000e+00  
112.2 2.2558e+01  14 1.00000e+00  
112.3 2.2577e+01  14 1.00000e+00  
112.4 2.2577e+01  14 1.00000e+00  
112.5 2.2599e+01  14 1.00000e+00  
112.6 2.2600e+01  14 1.00000e+00  
112.7 2.2615e+01  14 1.00000e+00  
112.8 2.2601e+01  14 1.00000e+00  
112.9 2.2596e+01  14 1.00000e+00  
113.0 2.2620e+01  14 1.00000e+00  
113.1 2.2625e+01  14 1.00000e+00  
113.2 2.2642e+01  14 1.00000e+00  
113.3 2.2655e+01  14 1.00000e+00  
113.4 2.2672e+01  14 1.00000e+00  
113.5 2.2685e+01  14 1.00000e+00  
113.6 2.2405e+01  14 1.00000e+00  
113.7 2.2430e+01  14 1.00000e+00  
113.8 2.2432e+01  14 1.00000e+00  
113.9 2.2480e+01  14 1.00000e+00  
114.0 2.2492e+01  14 1.00000e+00  
114.1 2.2503e+01  14 1.00000e+00  
114.2 2.2511e+01  14 1.00000e+00  
114.3 2.2518e+01  14 1.00000e+00  
114.4 2.2530e+01  14 1.00000e+00  
114.5 2.2538e+01  14 1.00000e+00  
114.6 2.2529e+01  14 1.00000e+00  
114.7 2.2538e+01  14 1.00000e+00  
114.8 2.2533e+01  14 1.00000e+00  
114.9 2.2558e+01  14 1.00000e+00  
115.0 2.2512e+01  14 1.00000e+00  
115.1 2.2518e+01  14 1.00000e+00  
115.2 2.2520e+01  14 1.00000e+00  
115.3 2.2537e+01  14 1.00000e+00  
115.4 2.2535e+01  14 1.00000e+00  
115.5 2.2554e+01  14 1.00000e+00  
115.6 2.2560e+01  14 1.00000e+00  
115.7 2.2561e+01  14 1.00000e+00  
115.8 2.6963e+01  14 1.00000e+00  
115.9 2.6989e+01  14 1.00000e+00  
116.0 2.7029e+01  14 1.00000e+00  
116.1 2.7070e+01  14 1.00000e+00  
116.2 2.7070e+01  14 1.00000e+00  
116.3 2.7104e+01  14 1.00000e+00  
116.4 2.7133e+01  14 1.00000e+00  
116.5 2.7156e+01  14 1.00000e+00  
116.6 2.7193e+01  14 1.00000e+00  
116.7 2.7224e+01  14 1.00000e+00  
116.8 2.7253e+01  14 1.00000e+00  
116.9 2.7281e+01  14 1.00000e+00  
117.0 2.7309e+01  14 1.00000e+00  
117.1 2.7336e+01  14 1.00000e+00  
117.2 2.7364e+01  14 1.00000e+00  
117.3 2.7390e+01  14 1.00000e+00  
117.4 2.7819e+01  14 1.00000e+00  
117.5 2.7857e+01  14 1.00000e+00  
117.6 2.7878e+01  14 1.00000e+00  
117.7 2.7903e+01  14 1.00000e+00  
117.8 2.7947e+01  14 1.00000e+00  
117.9 2.7961e+01  14 1.00000e+00  
118.0 2.7994e+01  14 1.00000e+00  
118.1 2.8019e+01  14 1.00000e+00  
118.2 2.8031e+01  14 1.00000e+00  
118.3 2.8064e+01  14 1.00000e+00  
118.4 2.8086e+01  14 1.00000e+00  
118.5 2.8097e+01  14 1.00000e+00  
118.6 2.8050e+01  14 1.00000e+00  
118.7 2.7989e+01  14 1.00000e+00  
118.8 2.7967e+01  14 1.00000e+00  
118.9 2.7887e+01  14 1.00000e+00  
119.0 2.7841e+01  14 1.00000e+00  
119.1 2.7619e+01  14 1.00000e+00  
119.2 2.7567e+01  14 1.00000e+00  
119.3 2.7500e+01  14 1.00000e+00  
119.4 2.7444e+01  14 1.00000e+00  
119.5 2.7397e+01  14 1.00000e+00  
119.6 2.7345e+01  14 1.00000e+00  
119.7 2.7290e+01  14 1.00000e+00  
119.8 2.7235e+01  14 1.00000e+00  
119.9 2.7175e+01  14 1.00000e+00  
120.0 2.2552e+01  14 1.00000e+00  
120.1 2.2558e+01  14 1.00000e+00  
120.2 2.2533e+01  14 1.00000e+00  
120.3 2.2578e+01  14 1.00000e+00  
120.4 2.2556e+01  14 1.00000e+00  
120.5 2.2575e+01  14 1.00000e+00  
120.6 2.2580e+01  14 1.00000e+00  
120.7 2.2578e+01  14 1.00000e+00  
120.8 2.2598e+01  14 1.00000e+00  
120.9 2.2601e+01  14 1.00000e+00  
121.0 2.2605e+01  14 1.00000e+00  
121.1 2.2621e+01  14 1.00000e+00  
121.2 2.2625e+01  14 1.00000e+00  
121.3 2.2643e+01  14 1.00000e+00  
121.4 2.2654e+01  14 1.00000e+00  
121.5 2.2671e+01  14 1.00000e+00  
121.6 2.2404e+01  14 1.00000e+00  
121.7 2.2421e+01  14 1.00000e+00  
121.8 2.2431e+01  14 1.00000e+00  
121.9 2.2433e+01  14 1.00000e+00  
122.0 2.2485e+01  14 1.00000e+00  
122.1 2.2656e+01  14 1.00000e+00  
122.2 2.2671e+01  14 1.00000e+00  
122.3 2.2670e+01  14 1.00000e+00  
122.4 2.2694e+01  14 1.00000e+00  
122.5 2.2705e+01  14 1.00000e+00  
122.6 2.2724e+01  14 1.00000e+00  
122.7 2.2516e+01  14 1.00000e+00  
122.8 2.2517e+01  14 1.00000e+00  
122.9 2.2483e+01  14 1.00000e+00  
123.0 2.2493e+01  14 1.00000e+00  
123.1 2.2486e+01  14 1.00000e+00  
123.2 2.2502e+01  14 1.00000e+00  
123.3 2.2500e+01  14 1.00000e+00  
123.4 2.2489e+01  14 1.00000e+00  
123.5 2.6828e+01  14 1.00000e+00  
123.6 2.6831e+01  14 1.00000e+00  
123.7 2.6862e+01  14 1.00000e+00  
123.8 2.6893e+01  14 1.00000e+00  
123.9 2.6937e+01  14 1.00000e+00  
124.0 2.7414e+01  14 1.00000e+00  
124.1 2.7438e+01  14 1.00000e+00  
124.2 2.7462e+01  14 1.00000e+00  
124.3 2.7457e+01  14 1.00000e+00  
124.4 2.7482e+01  14 1.00000e+00  
124.5 2.7515e+01  14 1.00000e+00  
124.6 2.7549e+01  14 1.00000e+00  
124.7 2.7574e+01  14 1.00000e+00  
124.8 2.7599e+01  14 1.00000e+00  
124.9 2.7622e+01  14 1.00000e+00  
125.0 2.7642e+01  14 1.00000e+00  
125.1 2.7655e+01  14 1.00000e+00  
125.2 2.7695e+01  14 1.00000e+00  
125.3 2.7717e+01  14 1.00000e+00  
125.4 2.7739e+01  14 1.00000e+00  
125.5 2.7796e+01  14 1.00000e+00  
125.6 2.7819e+01  14 1.00000e+00  
125.7 2.7829e+01  14 1.00000e+00  
125.8 2.8162e+01  14 1.00000e+00  
125.9 2.8102e+01  14 1.00000e+00  
126.0 2.8064e+01  14 1.00000e+00  
126.1 2.8022e+01  14 1.00000e+00  
126.2 2.7969e+01  14 1.00000e+00  
126.3 2.7893e+01  14 1.00000e+00  
126.4 2.7840e+01  14 1.00000e+00  
126.5 2.7747e+01  14 1.00000e+00  
126.6 2.7699e+01  14 1.00000e+00  
126.7 2.7647e+01  14 1.00000e+00  
126.8 2.7597e+01  14 1.00000e+00  
126.9 2.7537e+01  14 1.00000e+00  
127.0 2.7460e+01  14 1.00000e+00  
127.1 2.7405e+01  14 1.00000e+00  
127.2 2.2605e+01  14 1.00000e+00  
127.3 2.2620e+01  14 1.00000e+00  
127.4 2.2624e+01  14 1.00000e+00  
127.5 2.2644e+01  14 1.00000e+00  
127.6 2.2651e+01  14 1.00000e+00  
127.7 2.2667e+01  14 1.00000e+00  
127.8 2.2664e+01  14 1.00000e+00  
127.9 2.2688e+01  14 1.00000e+00  
128.0 2.2403e+01  14 1.00000e+00  
128.1 2.2665e+01  14 1.00000e+00  
128.2 2.2679e+01  14 1.00000e+00  
128.3 2.2694e+01  14 1.00000e+00  
128.4 2.2411e+01  14 1.00000e+00  
128.5 2.2430e+01  14 1.00000e+00  
128.6 2.2433e+01  14 1.00000e+00  
128.7 2.2486e+01  14 1.00000e+00  
128.8 2.2478e+01  14 1.00000e+00  
128.9 2.2492e+01  14 1.00000e+00  
129.0 2.2501e+01  14 1.00000e+00  
129.1 2.2499e+01  14 1.00000e+00  
129.2 2.2515e+01  14 1.00000e+00  
129.3 2.2517e+01  14 1.00000e+00  
129.4 2.2530e+01  14 1.00000e+00  
129.5 2.2538e+01  14 1.00000e+00  
129.6 2.2758e+01  14 1.00000e+00  
129.7 2.2535e+01  14 1.00000e+00  
129.8 2.2538e+01  14 1.00000e+00  
129.9 2.2533e+01  14 1.00000e+00  
130.0 2.2503e+01  14 1.00000e+00  
130.1 2.2499e+01  14 1.00000e+00  
130.2 2.2516e+01  14 1.00000e+00  
130.3 2.2518e+01  14 1.00000e+00  
130.4 2.2519e+01  14 1.00000e+00  
130.5 2.2535e+01  14 1.00000e+00  
130.6 2.2538e+01  14 1.00000e+00  
130.7 2.2534e+01  14 1.00000e+00  
130.8 2.6898e+01  14 1.00000e+00  
130.9 2.6937e+01  14 1.00000e+00  
131.0 2.6968e+01  14 1.00000e+00  
131.1 2.6991e+01  14 1.00000e+00  
131.2 2.7028e+01  14 1.00000e+00  
131.3 2.7064e+01  14 1.00000e+00  
131.4 2.7474e+01  14 1.00000e+00  
131.5 2.7499e+01  14 1.00000e+00  
131.6 2.7536e+01  14 1.00000e+00  
131.7 2.7561e+01  14 1.00000e+00  
131.8 2.7584e+01  14 1.00000e+00  
131.9 2.7608e+01  14 1.00000e+00  
132.0 2.7629e+01  14 1.00000e+00  
132.1 2.7646e+01  14 1.00000e+00  
132.2 2.7664e+01  14 1.00000e+00  
132.3 2.7698e+01  14 1.00000e+00  
132.4 2.7721e+01  14 1.00000e+00  
132.5 2.7741e+01  14 1.00000e+00  
132.6 2.8203e+01  14 1.00000e+00  
132.7 2.8203e+01  14 1.00000e+00  
132.8 2.8123e+01  14 1.00000e+00  
132.9 2.8066e+01  14 1.00000e+00  
133.0 2.8026e+01  14 1.00000e+00  
133.1 2.7981e+01  14 1.00000e+00  
133.2 2.7904e+01  14 1.00000e+00  
133.3 2.7855e+01  14 1.00000e+00  
133.4 2.7822e+01  14 1.00000e+00  
133.5 2.7737e+01  14 1.00000e+00  
133.6 2.7685e+01  14 1.00000e+00  
133.7 2.7630e+01  14 1.00000e+00  
133.8 2.7575e+01  14 1.00000e+00  
133.9 2.7504e+01  14 1.00000e+00  
134.0 2.7294e+01  14 1.00000e+00  
134.1 2.7233e+01  14 1.00000e+00  
134.2 2.2575e+01  14 1.00000e+00  
134.3 2.2596e+01  14 1.00000e+00  
134.4 2.2601e+01  14 1.00000e+00  
134.5 2.2598e+01  14 1.00000e+00  
134.6 2.2617e+01  14 1.00000e+00  
134.7 2.2623e+01  14 1.00000e+00  
134.8 2.2626e+01  14 1.00000e+00  
134.9 2.2607e+01  14 1.00000e+00  
135.0 2.2619e+01  14 1.00000e+00  
135.1 2.2623e+01  14 1.00000e+00  
135.2 2.2625e+01  14 1.00000e+00  
135.3 2.2635e+01  14 1.00000e+00  
135.4 2.2643e+01  14 1.00000e+00  
135.5 2.2656e+01  14 1.00000e+00  
135.6 2.2666e+01  14 1.00000e+00  
135.7 2.2665e+01  14 1.00000e+00  
135.8 2.2403e+01  14 1.00000e+00  
135.9 2.2421e+01  14 1.00000e+00  
136.0 2.2618e+01  14 1.00000e+00  
136.1 2.2621e+01  14 1.00000e+00  
136.2 2.2624e+01  14 1.00000e+00  
136.3 2.2638e+01  14 1.00000e+00  
136.4 2.2633e+01  14 1.00000e+00  
136.5 2.2651e+01  14 1.00000e+00  
136.6 2.2666e+01  14 1.00000e+00  
136.7 2.2664e+01  14 1.00000e+00  
136.8 2.2681e+01  14 1.00000e+00  
136.9 2.2694e+01  14 1.00000e+00  
137.0 2.2669e+01  14 1.00000e+00  
137.1 2.2672e+01  14 1.00000e+00  
137.2 2.2673e+01  14 1.00000e+00  
137.3 2.2691e+01  14 1.00000e+00  
137.4 2.7177e+01  14 1.00000e+00  
137.5 2.7199e+01  14 1.00000e+00  
137.6 2.7225e+01  14 1.00000e+00  
137.7 2.7250e+01  14 1.00000e+00  
137.8 2.7274e+01  14 1.00000e+00  
137.9 2.7298e+01  14 1.00000e+00  
138.0 2.7322e+01  14 1.00000e+00  
138.1 2.7346e+01  14 1.00000e+00  
138.2 2.7369e+01  14 1.00000e+00  
138.3 2.7392e+01  14 1.00000e+00  
138.4 2.7412e+01  14 1.00000e+00  
138.5 2.7423e+01  14 1.00000e+00  
138.6 2.7448e+01  14 1.00000e+00  
138.7 2.7440e+01  14 1.00000e+00  
138.8 2.7905e+01  14 1.00000e+00  
138.9 2.7947e+01  14 1.00000e+00  
139.0 2.7969e+01  14 1.00000e+00  
139.1 2.7991e+01  14 1.00000e+00  
139.2 2.8002e+01  14 1.00000e+00  
139.3 2.8028e+01  14 1.00000e+00  
139.4 2.8037e+01  14 1.00000e+00  
139.5 2.8060e+01  14 1.00000e+00  
139.6 2.8063e+01  14 1.00000e+00  
139.7 2.8054e+01  14 1.00000e+00  
139.8 2.7994e+01  14 1.00000e+00  
139.9 2.7744e+01  14 1.00000e+00  
140.0 2.7682e+01  14 1.00000e+00  
140.1 2.7617e+01  14 1.00000e+00  
140.2 2.7549e+01  14 1.00000e+00  
140.3 2.7465e+01  14 1.00000e+00  
140.4 2.7414e+01  14 1.00000e+00  
140.5 2.7350e+01  14 1.00000e+00  
140.6 2.7281e+01  14 1.00000e+00  
140.7 2.7265e+01  14 1.00000e+00  
140.8 2.2718e+01  14 1.00000e+00  
140.9 2.2507e+01  14 1.00000e+00  
141.0 2.2516e+01  14 1.00000e+00  
141.1 2.2432e+01  14 1.00000e+00  
141.2 2.2448e+01  14 1.00000e+00  
141.3 2.2485e+01  14 1.00000e+00  
141.4 2.2483e+01  14 1.00000e+00  
141.5 2.2518e+01  14 1.00000e+00  
141.6 2.2433e+01  14 1.00000e+00  
141.7 2.2486e+01  14 1.00000e+00  
141.8 2.2492e+01  14 1.00000e+00  
141.9 2.2489e+01  14 1.00000e+00  
142.0 2.2502e+01  14 1.00000e+00  
142.1 2.2499e+01  14 1.00000e+00  
142.2 2.2512e+01  14 1.00000e+00  
142.3 2.2518e+01  14 1.00000e+00  
142.4 2.2513e+01  14 1.00000e+00  
142.5 2.2532e+01  14 1.00000e+00  
142.6 2.2538e+01  14 1.00000e+00  
142.7 2.2512e+01  14 1.00000e+00  
142.8 2.2532e+01  14 1.00000e+00  
142.9 2.2536e+01  14 1.00000e+00  
143.0 2.2538e+01  14 1.00000e+00  
143.1 2.2500e+01  14 1.00000e+00  
143.2 2.2503e+01  14 1.00000e+00  
143.3 2.2500e+01  14 1.00000e+00  
143.4 2.2511e+01  14 1.00000e+00  
143.5 2.2516e+01  14 1.00000e+00  
143.6 2.2518e+01  14 1.00000e+00  
143.7 2.6832e+01  14 1.00000e+00  
143.8 2.6839e+01  14 1.00000e+00  
143.9 2.6861e+01  14 1.00000e+00  
144.0 2.6902e+01  14 1.00000e+00  
144.1 2.7381e+01  14 1.00000e+00  
144.2 2.7402e+01  14 1.00000e+00  
144.3 2.7421e+01  14 1.00000e+00  
144.4 2.7444e+01  14 1.00000e+00  
144.5 2.7466e+01  14 1.00000e+00  
144.6 2.7458e+01  14 1.00000e+00  
144.7 2.7483e+01  14 1.00000e+00  
144.8 2.7508e+01  14 1.00000e+00  
144.9 2.7532e+01  14 1.00000e+00  
145.0 2.7556e+01  14 1.00000e+00  
145.1 2.8016e+01  14 1.00000e+00  
145.2 2.8031e+01  14 1.00000e+00  
145.3 2.8055e+01  14 1.00000e+00  
145.4 2.8067e+01  14 1.00000e+00  
145.5 2.8093e+01  14 1.00000e+00  
145.6 2.8102e+01  14 1.00000e+00  
145.7 2.8102e+01  14 1.00000e+00  
145.8 2.8063e+01  14 1.00000e+00  
145.9 2.8003e+01  14 1.00000e+00  
146.0 2.7965e+01  14 1.00000e+00  
146.1 2.7862e+01  14 1.00000e+00  
146.2 2.7646e+01  14 1.00000e+00  
146.3 2.7592e+01  14 1.00000e+00  
146.4 2.7526e+01  14 1.00000e+00  
146.5 2.7453e+01  14 1.00000e+00  
146.6 2.7410e+01  14 1.00000e+00  
146.7 2.7352e+01  14 1.00000e+00  
146.8 2.7305e+01  14 1.00000e+00  
146.9 2.7240e+01  14 1.00000e+00  
147.0 2.7170e+01  14 1.00000e+00  
147.1 2.7106e+01  14 1.00000e+00  
147.2 2.2534e+01  14 1.00000e+00  
147.3 2.2503e+01  14 1.00000e+00  
147.4 2.2498e+01  14 1.00000e+00  
147.5 2.2512e+01  14 1.00000e+00  
147.6 2.2514e+01  14 1.00000e+00  
147.7 2.2518e+01  14 1.00000e+00  
147.8 2.2517e+01  14 1.00000e+00  
147.9 2.2512e+01  14 1.00000e+00  
148.0 2.2533e+01  14 1.00000e+00  
148.1 2.2518e+01  14 1.00000e+00  
148.2 2.2515e+01  14 1.00000e+00  
148.3 2.2530e+01  14 1.00000e+00  
148.4 2.2535e+01  14 1.00000e+00  
148.5 2.2538e+01  14 1.00000e+00  
148.6 2.2535e+01  14 1.00000e+00  
148.7 2.2552e+01  14 1.00000e+00  
148.8 2.2558e+01  14 1.00000e+00  
148.9 2.2559e+01  14 1.00000e+00  
149.0 2.2534e+01  14 1.00000e+00  
149.1 2.2554e+01  14 1.00000e+00  
149.2 2.2502e+01  14 1.00000e+00  
149.3 2.2498e+01  14 1.00000e+00  
149.4 2.2513e+01  14 1.00000e+00  
149.5 2.2516e+01  14 1.00000e+00  
149.6 2.2518e+01  14 1.00000e+00  
149.7 2.2515e+01  14 1.00000e+00  
149.8 2.2517e+01  14 1.00000e+00  
149.9 2.6851e+01  14 1.00000e+00  
150.0 2.6867e+01  14 1.00000e+00  
