 15.1 1.3778e+00  13 4.33804e-02  
 15.2 1.3854e+00  13 4.38983e-02  
 15.3 1.3931e+00  13 4.44124e-02  
 15.4 1.4007e+00  13 4.49228e-02  
 15.5 1.4083e+00  13 4.54296e-02  
 15.6 1.4159e+00  13 4.59327e-02  
 15.7 1.4236e+00  13 4.64328e-02  
 15.8 1.4312e+00  13 4.69293e-02  
 15.9 1.4388e+00  13 4.74229e-02  
 16.0 1.4465e+00  13 4.79307e-02  
 16.1 1.4541e+00  13 4.84191e-02  
 16.2 1.4617e+00  13 4.89050e-02  
 16.3 1.4694e+00  13 4.93871e-02  
 16.4 1.4770e+00  13 4.98547e-02  
 16.5 1.4846e+00  13 5.03322e-02  
 16.6 1.4922e+00  13 5.08274e-02  
 16.7 1.4999e+00  13 5.13019e-02  
 16.8 1.5075e+00  13 5.17744e-02  
 16.9 1.5151e+00  13 5.22660e-02  
 17.0 1.5227e+00  13 5.27359e-02  
 17.1 1.5304e+00  13 5.32048e-02  
 17.2 1.5380e+00  13 5.36946e-02  
 17.3 1.5456e+00  13 5.41842e-02  
 17.4 1.5532e+00  13 5.46740e-02  
 17.5 1.5609e+00  13 5.52398e-02  
 17.6 1.5685e+00  13 5.57115e-02  
 17.7 1.5761e+00  13 5.61826e-02  
 17.8 1.5837e+00  13 5.66535e-02  
 17.9 1.5914e+00  13 5.71246e-02  
 18.0 1.5990e+00  13 5.75955e-02  
 18.1 1.6066e+00  13 5.80664e-02  
 18.2 1.6142e+00  13 5.85303e-02  
 18.3 1.6218e+00  13 5.89910e-02  
 18.4 1.6294e+00  13 5.94619e-02  
 18.5 1.6370e+00  13 5.99340e-02  
 18.6 1.6446e+00  13 6.04065e-02  
 18.7 1.6523e+00  13 6.08805e-02  
 18.8 1.6599e+00  13 6.13553e-02  
 18.9 1.6675e+00  13 6.18102e-02  
 19.0 1.6751e+00  13 6.22855e-02  
 19.1 1.6827e+00  13 6.27626e-02  
 19.2 1.6903e+00  13 6.32410e-02  
 19.3 1.6979e+00  13 6.37215e-02  
 19.4 1.7081e+00  13 6.44430e-02  
 19.5 1.7198e+00  13 6.53215e-02  
 19.6 1.7316e+00  13 6.62104e-02  
 19.7 1.7434e+00  13 6.71095e-02  
 19.8 1.7553e+00  13 6.80195e-02  
 19.9 1.7673e+00  13 6.89192e-02  
 20.0 1.7794e+00  13 6.98430e-02  
 20.1 1.7915e+00  13 7.07823e-02  
 20.2 1.8038e+00  13 7.17334e-02  
 20.3 1.8161e+00  13 7.26967e-02  
 20.4 1.8285e+00  13 7.36432e-02  
 20.5 1.8410e+00  13 7.46265e-02  
 20.6 1.8535e+00  13 7.56219e-02  
 20.7 1.8662e+00  13 7.66299e-02  
 20.8 1.8789e+00  13 7.76467e-02  
 20.9 1.8917e+00  13 7.86521e-02  
 21.0 1.9045e+00  13 7.96966e-02  
 21.1 1.9175e+00  13 8.07553e-02  
 21.2 1.4209e+01  14 1.00000e+00  
 21.3 1.4224e+01  14 1.00000e+00  
 21.4 1.4233e+01  14 1.00000e+00  
 21.5 1.4241e+01  14 1.00000e+00  
 21.6 1.4248e+01  14 1.00000e+00  
 21.7 1.4260e+01  14 1.00000e+00  
 21.8 1.4265e+01  14 1.00000e+00  
 21.9 1.4269e+01  14 1.00000e+00  
 22.0 1.4272e+01  14 1.00000e+00  
 22.1 1.4280e+01  14 1.00000e+00  
 22.2 1.4281e+01  14 1.00000e+00  
 22.3 1.4281e+01  14 1.00000e+00  
 22.4 1.4280e+01  14 1.00000e+00  
 22.5 1.4285e+01  14 1.00000e+00  
 22.6 1.4282e+01  14 1.00000e+00  
 22.7 1.4278e+01  14 1.00000e+00  
 22.8 1.4274e+01  14 1.00000e+00  
 22.9 1.4275e+01  14 1.00000e+00  
 23.0 1.4268e+01  14 1.00000e+00  
 23.1 1.4261e+01  14 1.00000e+00  
 23.2 1.4256e+01  14 1.00000e+00  
 23.3 1.4251e+01  14 1.00000e+00  
 23.4 1.4241e+01  14 1.00000e+00  
 23.5 1.4230e+01  14 1.00000e+00  
 23.6 1.4225e+01  14 1.00000e+00  
 23.7 1.4213e+01  14 1.00000e+00  
 23.8 1.4200e+01  14 1.00000e+00  
 23.9 1.4186e+01  14 1.00000e+00  
 24.0 1.4179e+01  14 1.00000e+00  
 24.1 1.4163e+01  14 1.00000e+00  
 24.2 1.4147e+01  14 1.00000e+00  
 24.3 1.4130e+01  14 1.00000e+00  
 24.4 1.4120e+01  14 1.00000e+00  
 24.5 5.5229e+00  14 3.50167e-01  
 24.6 5.5857e+00  14 3.55435e-01  
 24.7 5.6483e+00  14 3.60725e-01  
 24.8 5.7108e+00  14 3.65818e-01  
 24.9 5.7731e+00  14 3.71135e-01  
 25.0 5.8350e+00  14 3.76471e-01  
 25.1 5.8968e+00  14 3.81829e-01  
 25.2 5.9587e+00  14 3.86982e-01  
 25.3 6.0200e+00  14 3.92364e-01  
 25.4 6.0810e+00  14 3.97766e-01  
 25.5 6.1417e+00  14 4.03195e-01  
 25.6 6.2030e+00  14 4.08400e-01  
 25.7 6.2632e+00  14 4.13831e-01  
 25.8 6.3231e+00  14 4.19283e-01  
 25.9 6.3826e+00  14 4.24751e-01  
 26.0 6.4425e+00  14 4.30233e-01  
 26.1 6.5023e+00  14 4.35533e-01  
 26.2 6.5608e+00  14 4.41031e-01  
 26.3 6.6190e+00  14 4.46528e-01  
 26.4 6.6768e+00  14 4.52043e-01  
 26.5 6.7358e+00  14 4.57319e-01  
 26.6 6.7930e+00  14 4.62844e-01  
 26.7 6.8498e+00  14 4.68380e-01  
 26.8 6.9061e+00  14 4.73928e-01  
 26.9 6.9619e+00  14 4.79498e-01  
 27.0 7.0195e+00  14 4.84791e-01  
 27.1 7.0749e+00  14 4.90336e-01  
 27.2 7.1298e+00  14 4.95891e-01  
 27.3 7.1842e+00  14 5.01456e-01  
 27.4 7.2382e+00  14 5.07024e-01  
 27.5 7.2917e+00  14 5.12607e-01  
 27.6 7.3476e+00  14 5.17919e-01  
 27.7 7.4003e+00  14 5.23508e-01  
 27.8 7.4525e+00  14 5.29101e-01  
 27.9 7.5042e+00  14 5.34707e-01  
 28.0 7.5562e+00  14 5.40250e-01  
 28.1 7.6102e+00  14 5.45603e-01  
 28.2 7.6614e+00  14 5.51150e-01  
 28.3 7.7119e+00  14 5.56716e-01  
 28.4 7.7620e+00  14 5.62288e-01  
 28.5 7.8114e+00  14 5.67874e-01  
 28.6 7.8602e+00  14 5.73470e-01  
 28.7 7.9086e+00  14 5.79059e-01  
 28.8 7.9566e+00  14 5.84647e-01  
 28.9 8.0083e+00  14 5.89970e-01  
 29.0 8.0550e+00  14 5.95582e-01  
 29.1 8.1013e+00  14 6.01185e-01  
 29.2 8.1467e+00  14 6.06812e-01  
 29.3 8.1965e+00  14 6.12166e-01  
 29.4 8.2408e+00  14 6.17799e-01  
 29.5 8.2874e+00  14 6.23280e-01  
 29.6 8.3333e+00  14 6.28772e-01  
 29.7 8.3788e+00  14 6.34266e-01  
 29.8 8.4237e+00  14 6.39765e-01  
 29.9 8.4678e+00  14 6.45277e-01  
 30.0 8.5111e+00  14 6.50798e-01  
 30.1 8.5538e+00  14 6.56328e-01  
 30.2 8.5958e+00  14 6.61862e-01  
 30.3 8.6369e+00  14 6.67409e-01  
 30.4 8.6778e+00  14 6.72936e-01  
 30.5 8.7176e+00  14 6.78485e-01  
 30.6 8.7567e+00  14 6.84035e-01  
 30.7 8.8012e+00  14 6.89357e-01  
 30.8 8.8388e+00  14 6.94917e-01  
 30.9 8.8780e+00  14 7.00395e-01  
 31.0 8.9161e+00  14 7.05889e-01  
 31.1 8.9519e+00  14 7.11438e-01  
 31.2 8.9957e+00  14 7.16695e-01  
 31.3 9.0304e+00  14 7.22236e-01  
 31.4 9.0705e+00  14 7.27580e-01  
 31.5 9.1067e+00  14 7.33026e-01  
 31.6 9.1344e+00  14 7.38702e-01  
 31.7 9.1755e+00  14 7.43959e-01  
 31.8 9.2116e+00  14 7.49344e-01  
 31.9 9.2462e+00  14 7.54749e-01  
 32.0 9.2772e+00  14 7.60229e-01  
 32.1 9.3093e+00  14 7.65655e-01  
 32.2 9.3445e+00  14 7.70982e-01  
 32.3 9.3744e+00  14 7.76417e-01  
 32.4 9.4168e+00  14 7.81536e-01  
 32.5 9.4421e+00  14 7.87040e-01  
 32.6 9.4806e+00  14 7.92222e-01  
 32.7 9.5182e+00  14 7.97412e-01  
 32.8 9.5522e+00  14 8.02666e-01  
 32.9 9.6024e+00  14 8.07580e-01  
 33.0 9.6742e+00  14 8.12089e-01  
 33.1 9.7559e+00  14 8.16460e-01  
 33.2 9.8244e+00  14 8.21115e-01  
 33.3 9.8938e+00  14 8.25788e-01  
 33.4 9.9212e+00  14 8.28076e-01  
 33.5 9.9147e+00  14 8.31790e-01  
 33.6 9.9744e+00  14 8.35037e-01  
 33.7 9.9930e+00  14 8.36054e-01  
 33.8 1.0033e+01  14 8.38233e-01  
 33.9 1.0056e+01  14 8.39460e-01  
 34.0 1.0107e+01  14 8.42261e-01  
 34.1 1.0143e+01  14 8.44196e-01  
 34.2 1.0202e+01  14 8.47407e-01  
 34.3 1.0227e+01  14 8.48750e-01  
 34.4 1.0264e+01  14 8.50728e-01  
 34.5 1.0298e+01  14 8.52591e-01  
 34.6 1.0323e+01  14 8.53959e-01  
 34.7 1.0366e+01  14 8.56267e-01  
 34.8 1.0398e+01  14 8.57970e-01  
 34.9 1.0443e+01  14 8.60439e-01  
 35.0 1.0495e+01  14 8.63237e-01  
 35.1 1.0523e+01  14 8.64701e-01  
 35.2 1.0573e+01  14 8.67435e-01  
 35.3 1.0600e+01  14 8.68875e-01  
 35.4 1.0624e+01  14 8.70135e-01  
 35.5 1.0667e+01  14 8.72447e-01  
 35.6 1.0701e+01  14 8.74265e-01  
 35.7 1.0742e+01  14 8.76454e-01  
 35.8 1.0773e+01  14 8.78144e-01  
 35.9 1.0814e+01  14 8.80307e-01  
 36.0 1.0860e+01  14 8.82769e-01  
 36.1 1.0899e+01  14 8.84856e-01  
 36.2 1.0934e+01  14 8.86701e-01  
 36.3 1.0987e+01  14 8.89553e-01  
 36.4 1.1025e+01  14 8.91568e-01  
 36.5 1.1053e+01  14 8.93033e-01  
 36.6 1.1100e+01  14 8.95567e-01  
 36.7 1.1138e+01  14 8.97580e-01  
 36.8 1.1183e+01  14 8.99923e-01  
 36.9 1.1222e+01  14 9.02015e-01  
 37.0 1.1262e+01  14 9.04121e-01  
 37.1 1.1317e+01  14 9.07016e-01  
 37.2 1.1343e+01  14 9.08402e-01  
 37.3 1.1380e+01  14 9.10330e-01  
 37.4 1.1425e+01  14 9.12713e-01  
 37.5 1.1459e+01  14 9.14519e-01  
 37.6 1.1520e+01  14 9.17704e-01  
 37.7 1.1560e+01  14 9.19818e-01  
 37.8 1.1585e+01  14 9.21132e-01  
 37.9 1.1635e+01  14 9.23759e-01  
 38.0 1.1670e+01  14 9.25572e-01  
 38.1 1.1714e+01  14 9.27898e-01  
 38.2 1.1767e+01  14 9.30667e-01  
 38.3 1.1804e+01  14 9.32577e-01  
 38.4 1.1856e+01  14 9.35288e-01  
 38.5 1.1891e+01  14 9.37095e-01  
 38.6 1.1940e+01  14 9.39639e-01  
 38.7 1.1954e+01  14 9.40372e-01  
 38.8 1.2006e+01  14 9.43077e-01  
 38.9 1.2053e+01  14 9.45491e-01  
 39.0 1.2098e+01  14 9.47870e-01  
 39.1 1.2143e+01  14 9.50175e-01  
 39.2 1.2175e+01  14 9.51799e-01  
 39.3 1.2217e+01  14 9.53992e-01  
 39.4 1.2259e+01  14 9.56150e-01  
 39.5 1.2300e+01  14 9.58276e-01  
 39.6 1.2340e+01  14 9.60354e-01  
 39.7 1.2393e+01  14 9.63071e-01  
 39.8 1.2432e+01  14 9.65063e-01  
 39.9 1.2480e+01  14 9.67524e-01  
 40.0 1.2543e+01  14 9.70763e-01  
 40.1 1.2592e+01  14 9.73251e-01  
 40.2 1.2288e+01  14 9.57662e-01  
 40.3 1.2228e+01  14 9.54569e-01  
 40.4 1.2103e+01  14 9.48092e-01  
 40.5 1.1863e+01  14 9.35651e-01  
 40.6 1.1660e+01  14 9.25036e-01  
 40.7 1.1630e+01  14 9.23475e-01  
 40.8 1.1581e+01  14 9.20929e-01  
 40.9 1.1513e+01  14 9.17356e-01  
 41.0 1.1322e+01  14 9.07287e-01  
 41.1 1.1149e+01  14 8.98147e-01  
 41.2 1.1037e+01  14 8.92178e-01  
 41.3 1.1013e+01  14 8.90923e-01  
 41.4 1.0962e+01  14 8.88220e-01  
 41.5 1.0910e+01  14 8.85455e-01  
 41.6 1.0709e+01  14 8.74721e-01  
 41.7 1.0570e+01  14 8.67244e-01  
 41.8 1.0518e+01  14 8.64444e-01  
 41.9 1.0495e+01  14 8.63198e-01  
 42.0 1.0471e+01  14 8.61925e-01  
 42.1 1.0431e+01  14 8.59754e-01  
 42.2 1.0302e+01  14 8.52818e-01  
 42.3 1.0192e+01  14 8.46876e-01  
 42.4 1.0061e+01  14 8.39769e-01  
 42.5 1.0047e+01  14 8.39000e-01  
 42.6 1.0008e+01  14 8.36892e-01  
 42.7 9.9667e+00  14 8.34620e-01  
 42.8 9.8989e+00  14 8.30926e-01  
 42.9 9.7938e+00  14 8.25190e-01  
 43.0 9.6504e+00  14 8.17343e-01  
 43.1 9.6624e+00  14 8.18004e-01  
 43.2 9.6282e+00  14 8.16128e-01  
 43.3 9.6274e+00  14 8.16084e-01  
 43.4 9.5672e+00  14 8.12785e-01  
 43.5 9.5060e+00  14 8.09421e-01  
 43.6 9.3709e+00  14 8.01991e-01  
 43.7 9.3131e+00  14 7.98804e-01  
 43.8 9.2890e+00  14 7.97474e-01  
 43.9 9.2860e+00  14 7.97307e-01  
 44.0 9.2816e+00  14 7.97064e-01  
 44.1 9.1672e+00  14 7.90755e-01  
 44.2 9.2489e+00  14 7.95263e-01  
 44.3 9.2709e+00  14 7.96474e-01  
 44.4 9.2798e+00  14 7.96966e-01  
 44.5 9.3081e+00  14 7.98529e-01  
 44.6 9.4057e+00  14 8.03903e-01  
 44.7 9.4944e+00  14 8.08784e-01  
 44.8 9.5170e+00  14 8.10024e-01  
 44.9 9.5244e+00  14 8.10433e-01  
 45.0 9.5419e+00  14 8.11393e-01  
 45.1 9.5761e+00  14 8.13269e-01  
 45.2 9.6775e+00  14 8.18828e-01  
 45.3 9.7616e+00  14 8.23433e-01  
 45.4 9.8303e+00  14 8.27184e-01  
 45.5 9.8937e+00  14 8.30646e-01  
 45.6 9.9509e+00  14 8.33763e-01  
 45.7 1.0056e+01  14 8.39474e-01  
 45.8 1.0103e+01  14 8.42052e-01  
 45.9 1.0140e+01  14 8.44033e-01  
 46.0 1.0184e+01  14 8.46408e-01  
 46.1 1.0229e+01  14 8.48877e-01  
 46.2 1.0263e+01  14 8.50683e-01  
 46.3 1.0309e+01  14 8.53194e-01  
 46.4 1.0339e+01  14 8.54798e-01  
 46.5 1.0388e+01  14 8.57476e-01  
 46.6 1.0506e+01  14 8.63821e-01  
 46.7 1.0589e+01  14 8.68292e-01  
 46.8 1.0668e+01  14 8.72488e-01  
 46.9 1.0735e+01  14 8.76091e-01  
 47.0 1.0794e+01  14 8.79253e-01  
 47.1 1.0910e+01  14 8.85430e-01  
 47.2 1.0944e+01  14 8.87271e-01  
 47.3 1.0992e+01  14 8.89826e-01  
 47.4 1.1041e+01  14 8.92400e-01  
 47.5 1.1086e+01  14 8.94780e-01  
 47.6 1.1128e+01  14 8.97035e-01  
 47.7 1.1169e+01  14 8.99201e-01  
 47.8 1.1204e+01  14 9.01081e-01  
 47.9 1.1283e+01  14 9.05223e-01  
 48.0 1.1411e+01  14 9.11957e-01  
 48.1 1.1496e+01  14 9.16459e-01  
 48.2 1.1573e+01  14 9.20497e-01  
 48.3 1.1649e+01  14 9.24454e-01  
 48.4 1.1712e+01  14 9.27790e-01  
 48.5 1.1836e+01  14 9.34217e-01  
 48.6 1.1892e+01  14 9.37140e-01  
 48.7 1.1932e+01  14 9.39238e-01  
 48.8 1.1989e+01  14 9.42172e-01  
 48.9 1.2034e+01  14 9.44555e-01  
 49.0 1.2088e+01  14 9.47311e-01  
 49.1 1.2136e+01  14 9.49787e-01  
 49.2 1.2172e+01  14 9.51666e-01  
 49.3 1.2246e+01  14 9.55481e-01  
 49.4 1.2327e+01  14 9.59636e-01  
 49.5 1.2462e+01  14 9.66601e-01  
 49.6 1.2548e+01  14 9.71024e-01  
 49.7 1.2629e+01  14 9.75154e-01  
 49.8 1.2700e+01  14 9.78759e-01  
 49.9 1.2829e+01  14 9.85309e-01  
 50.0 1.2889e+01  14 9.88354e-01  
 50.1 1.2940e+01  14 9.90989e-01  
 50.2 1.3007e+01  14 9.94375e-01  
 50.3 1.3050e+01  14 9.96536e-01  
 50.4 1.3106e+01  14 9.99377e-01  
 50.5 1.3138e+01  14 1.00000e+00  
 50.6 1.3156e+01  14 1.00000e+00  
 50.7 1.3176e+01  14 1.00000e+00  
 50.8 1.3214e+01  14 1.00000e+00  
 50.9 1.3259e+01  14 1.00000e+00  
 51.0 1.3298e+01  14 1.00000e+00  
 51.1 1.3330e+01  14 1.00000e+00  
 51.2 1.3364e+01  14 1.00000e+00  
 51.3 1.3395e+01  14 1.00000e+00  
 51.4 1.3417e+01  14 1.00000e+00  
 51.5 1.3474e+01  14 1.00000e+00  
 51.6 1.3497e+01  14 1.00000e+00  
 51.7 1.3514e+01  14 1.00000e+00  
 51.8 1.3539e+01  14 1.00000e+00  
 51.9 1.3560e+01  14 1.00000e+00  
 52.0 1.3578e+01  14 1.00000e+00  
 52.1 1.3599e+01  14 1.00000e+00  
 52.2 1.3617e+01  14 1.00000e+00  
 52.3 1.3650e+01  14 1.00000e+00  
 52.4 1.3682e+01  14 1.00000e+00  
 52.5 1.3732e+01  14 1.00000e+00  
 52.6 1.3764e+01  14 1.00000e+00  
 52.7 1.3802e+01  14 1.00000e+00  
 52.8 1.3829e+01  14 1.00000e+00  
 52.9 1.3863e+01  14 1.00000e+00  
 53.0 1.3889e+01  14 1.00000e+00  
 53.1 1.3933e+01  14 1.00000e+00  
 53.2 1.3960e+01  14 1.00000e+00  
 53.3 1.3984e+01  14 1.00000e+00  
 53.4 1.4005e+01  14 1.00000e+00  
 53.5 1.4018e+01  14 1.00000e+00  
 53.6 1.4046e+01  14 1.00000e+00  
 53.7 1.4062e+01  14 1.00000e+00  
 53.8 1.4084e+01  14 1.00000e+00  
 53.9 1.4121e+01  14 1.00000e+00  
 54.0 1.4159e+01  14 1.00000e+00  
 54.1 1.4202e+01  14 1.00000e+00  
 54.2 1.4239e+01  14 1.00000e+00  
 54.3 1.4272e+01  14 1.00000e+00  
 54.4 1.4304e+01  14 1.00000e+00  
 54.5 1.4334e+01  14 1.00000e+00  
 54.6 1.4364e+01  14 1.00000e+00  
 54.7 1.4403e+01  14 1.00000e+00  
 54.8 1.4436e+01  14 1.00000e+00  
 54.9 1.4454e+01  14 1.00000e+00  
 55.0 1.4474e+01  14 1.00000e+00  
 55.1 1.4499e+01  14 1.00000e+00  
 55.2 1.4519e+01  14 1.00000e+00  
 55.3 1.4541e+01  14 1.00000e+00  
 55.4 1.4559e+01  14 1.00000e+00  
 55.5 1.4593e+01  14 1.00000e+00  
 55.6 1.4629e+01  14 1.00000e+00  
 55.7 1.4665e+01  14 1.00000e+00  
 55.8 1.4711e+01  14 1.00000e+00  
 55.9 1.4748e+01  14 1.00000e+00  
 56.0 1.4776e+01  14 1.00000e+00  
 56.1 1.4812e+01  14 1.00000e+00  
 56.2 1.4840e+01  14 1.00000e+00  
 56.3 1.4869e+01  14 1.00000e+00  
 56.4 1.4924e+01  14 1.00000e+00  
 56.5 1.4945e+01  14 1.00000e+00  
 56.6 1.4965e+01  14 1.00000e+00  
 56.7 1.4989e+01  14 1.00000e+00  
 56.8 1.5011e+01  14 1.00000e+00  
 56.9 1.5030e+01  14 1.00000e+00  
 57.0 1.5051e+01  14 1.00000e+00  
 57.1 1.5067e+01  14 1.00000e+00  
 57.2 1.5098e+01  14 1.00000e+00  
 57.3 1.5138e+01  14 1.00000e+00  
 57.4 1.5187e+01  14 1.00000e+00  
 57.5 1.5230e+01  14 1.00000e+00  
 57.6 1.5269e+01  14 1.00000e+00  
 57.7 1.5297e+01  14 1.00000e+00  
 57.8 1.5337e+01  14 1.00000e+00  
 57.9 1.5367e+01  14 1.00000e+00  
 58.0 1.5391e+01  14 1.00000e+00  
 58.1 1.5440e+01  14 1.00000e+00  
 58.2 1.5457e+01  14 1.00000e+00  
 58.3 1.5493e+01  14 1.00000e+00  
 58.4 1.5505e+01  14 1.00000e+00  
 58.5 1.5533e+01  14 1.00000e+00  
 58.6 1.5551e+01  14 1.00000e+00  
 58.7 1.5570e+01  14 1.00000e+00  
 58.8 1.5598e+01  14 1.00000e+00  
 58.9 1.5622e+01  14 1.00000e+00  
 59.0 1.5666e+01  14 1.00000e+00  
 59.1 1.5704e+01  14 1.00000e+00  
 59.2 1.5734e+01  14 1.00000e+00  
 59.3 1.5777e+01  14 1.00000e+00  
 59.4 1.5813e+01  14 1.00000e+00  
 59.5 1.5851e+01  14 1.00000e+00  
 59.6 1.5873e+01  14 1.00000e+00  
 59.7 1.5903e+01  14 1.00000e+00  
 59.8 1.5943e+01  14 1.00000e+00  
 59.9 1.5971e+01  14 1.00000e+00  
 60.0 1.6022e+01  14 1.00000e+00  
 60.1 1.6052e+01  14 1.00000e+00  
 60.2 1.6069e+01  14 1.00000e+00  
 60.3 1.6080e+01  14 1.00000e+00  
 60.4 1.6115e+01  14 1.00000e+00  
 60.5 1.6134e+01  14 1.00000e+00  
 60.6 1.6158e+01  14 1.00000e+00  
 60.7 1.6174e+01  14 1.00000e+00  
 60.8 1.6216e+01  14 1.00000e+00  
 60.9 1.6250e+01  14 1.00000e+00  
 61.0 1.6289e+01  14 1.00000e+00  
 61.1 1.6316e+01  14 1.00000e+00  
 61.2 1.6369e+01  14 1.00000e+00  
 61.3 1.6395e+01  14 1.00000e+00  
 61.4 1.6431e+01  14 1.00000e+00  
 61.5 1.6465e+01  14 1.00000e+00  
 61.6 1.6490e+01  14 1.00000e+00  
 61.7 1.6527e+01  14 1.00000e+00  
 61.8 1.6555e+01  14 1.00000e+00  
 61.9 1.6598e+01  14 1.00000e+00  
 62.0 1.6627e+01  14 1.00000e+00  
 62.1 1.6650e+01  14 1.00000e+00  
 62.2 1.6680e+01  14 1.00000e+00  
 62.3 1.6702e+01  14 1.00000e+00  
 62.4 1.6723e+01  14 1.00000e+00  
 62.5 1.6746e+01  14 1.00000e+00  
 62.6 1.6765e+01  14 1.00000e+00  
 62.7 1.6794e+01  14 1.00000e+00  
 62.8 1.6844e+01  14 1.00000e+00  
 62.9 1.6880e+01  14 1.00000e+00  
 63.0 1.6914e+01  14 1.00000e+00  
 63.1 1.6945e+01  14 1.00000e+00  
 63.2 1.6985e+01  14 1.00000e+00  
 63.3 1.7023e+01  14 1.00000e+00  
 63.4 1.7050e+01  14 1.00000e+00  
 63.5 1.7086e+01  14 1.00000e+00  
 63.6 1.7110e+01  14 1.00000e+00  
 63.7 1.7144e+01  14 1.00000e+00  
 63.8 1.7171e+01  14 1.00000e+00  
 63.9 1.7219e+01  14 1.00000e+00  
 64.0 1.7245e+01  14 1.00000e+00  
 64.1 1.7266e+01  14 1.00000e+00  
 64.2 1.7283e+01  14 1.00000e+00  
 64.3 1.7302e+01  14 1.00000e+00  
 64.4 1.7323e+01  14 1.00000e+00  
 64.5 1.7351e+01  14 1.00000e+00  
 64.6 1.7369e+01  14 1.00000e+00  
 64.7 1.7412e+01  14 1.00000e+00  
 64.8 1.7445e+01  14 1.00000e+00  
 64.9 1.7488e+01  14 1.00000e+00  
 65.0 1.7519e+01  14 1.00000e+00  
 65.1 1.7554e+01  14 1.00000e+00  
 65.2 1.7595e+01  14 1.00000e+00  
 65.3 1.7631e+01  14 1.00000e+00  
 65.4 1.7661e+01  14 1.00000e+00  
 65.5 1.7697e+01  14 1.00000e+00  
 65.6 1.7726e+01  14 1.00000e+00  
 65.7 1.7755e+01  14 1.00000e+00  
 65.8 1.7768e+01  14 1.00000e+00  
 65.9 1.7798e+01  14 1.00000e+00  
 66.0 1.7844e+01  14 1.00000e+00  
 66.1 1.7886e+01  14 1.00000e+00  
 66.2 1.7901e+01  14 1.00000e+00  
 66.3 1.7923e+01  14 1.00000e+00  
 66.4 1.7944e+01  14 1.00000e+00  
 66.5 1.7970e+01  14 1.00000e+00  
 66.6 1.7994e+01  14 1.00000e+00  
 66.7 1.8015e+01  14 1.00000e+00  
 66.8 1.8055e+01  14 1.00000e+00  
 66.9 1.8095e+01  14 1.00000e+00  
 67.0 1.8134e+01  14 1.00000e+00  
 67.1 1.8169e+01  14 1.00000e+00  
 67.2 1.8198e+01  14 1.00000e+00  
 67.3 1.8229e+01  14 1.00000e+00  
 67.4 1.8275e+01  14 1.00000e+00  
 67.5 1.8308e+01  14 1.00000e+00  
 67.6 1.8346e+01  14 1.00000e+00  
 67.7 1.8378e+01  14 1.00000e+00  
 67.8 1.8394e+01  14 1.00000e+00  
 67.9 1.8428e+01  14 1.00000e+00  
 68.0 1.8456e+01  14 1.00000e+00  
 68.1 1.8504e+01  14 1.00000e+00  
 68.2 1.8541e+01  14 1.00000e+00  
 68.3 1.8546e+01  14 1.00000e+00  
 68.4 1.8565e+01  14 1.00000e+00  
 68.5 1.8588e+01  14 1.00000e+00  
 68.6 1.8618e+01  14 1.00000e+00  
 68.7 1.8647e+01  14 1.00000e+00  
 68.8 1.8664e+01  14 1.00000e+00  
 68.9 1.8693e+01  14 1.00000e+00  
 69.0 1.8742e+01  14 1.00000e+00  
 69.1 1.8781e+01  14 1.00000e+00  
 69.2 1.8820e+01  14 1.00000e+00  
 69.3 1.8854e+01  14 1.00000e+00  
 69.4 1.8888e+01  14 1.00000e+00  
 69.5 1.8919e+01  14 1.00000e+00  
 69.6 1.8963e+01  14 1.00000e+00  
 69.7 1.8996e+01  14 1.00000e+00  
 69.8 1.9033e+01  14 1.00000e+00  
 69.9 1.9064e+01  14 1.00000e+00  
 70.0 1.9092e+01  14 1.00000e+00  
 70.1 1.9121e+01  14 1.00000e+00  
 70.2 1.9138e+01  14 1.00000e+00  
 70.3 1.9164e+01  14 1.00000e+00  
 70.4 1.9219e+01  14 1.00000e+00  
 70.5 1.9255e+01  14 1.00000e+00  
 70.6 1.9271e+01  14 1.00000e+00  
 70.7 1.9299e+01  14 1.00000e+00  
 70.8 1.9322e+01  14 1.00000e+00  
 70.9 1.9329e+01  14 1.00000e+00  
 71.0 1.9367e+01  14 1.00000e+00  
 71.1 1.9384e+01  14 1.00000e+00  
 71.2 1.9422e+01  14 1.00000e+00  
 71.3 1.9468e+01  14 1.00000e+00  
 71.4 1.9504e+01  14 1.00000e+00  
 71.5 1.9543e+01  14 1.00000e+00  
 71.6 1.9569e+01  14 1.00000e+00  
 71.7 1.9612e+01  14 1.00000e+00  
 71.8 1.9643e+01  14 1.00000e+00  
 71.9 1.9690e+01  14 1.00000e+00  
 72.0 1.9725e+01  14 1.00000e+00  
 72.1 1.9760e+01  14 1.00000e+00  
 72.2 1.9792e+01  14 1.00000e+00  
 72.3 1.9821e+01  14 1.00000e+00  
 72.4 1.9849e+01  14 1.00000e+00  
 72.5 1.9870e+01  14 1.00000e+00  
 72.6 1.9898e+01  14 1.00000e+00  
 72.7 1.9923e+01  14 1.00000e+00  
 72.8 1.9981e+01  14 1.00000e+00  
 72.9 2.0009e+01  14 1.00000e+00  
 73.0 2.0018e+01  14 1.00000e+00  
 73.1 2.0053e+01  14 1.00000e+00  
 73.2 2.0078e+01  14 1.00000e+00  
 73.3 2.0096e+01  14 1.00000e+00  
 73.4 2.0111e+01  14 1.00000e+00  
 73.5 2.0144e+01  14 1.00000e+00  
 73.6 2.0191e+01  14 1.00000e+00  
 73.7 2.0226e+01  14 1.00000e+00  
 73.8 2.0274e+01  14 1.00000e+00  
 73.9 2.0313e+01  14 1.00000e+00  
 74.0 2.0346e+01  14 1.00000e+00  
 74.1 2.0382e+01  14 1.00000e+00  
 74.2 2.0415e+01  14 1.00000e+00  
 74.3 2.0458e+01  14 1.00000e+00  
 74.4 2.0492e+01  14 1.00000e+00  
 74.5 2.0530e+01  14 1.00000e+00  
 74.6 2.0555e+01  14 1.00000e+00  
 74.7 2.0594e+01  14 1.00000e+00  
 74.8 2.0619e+01  14 1.00000e+00  
 74.9 2.0651e+01  14 1.00000e+00  
 75.0 2.0678e+01  14 1.00000e+00  
 75.1 2.0701e+01  14 1.00000e+00  
 75.2 2.0742e+01  14 1.00000e+00  
 75.3 2.0784e+01  14 1.00000e+00  
 75.4 2.0805e+01  14 1.00000e+00  
 75.5 2.0839e+01  14 1.00000e+00  
 75.6 2.0866e+01  14 1.00000e+00  
 75.7 2.0887e+01  14 1.00000e+00  
 75.8 2.0902e+01  14 1.00000e+00  
 75.9 2.0922e+01  14 1.00000e+00  
 76.0 2.0980e+01  14 1.00000e+00  
 76.1 2.1017e+01  14 1.00000e+00  
 76.2 2.1066e+01  14 1.00000e+00  
 76.3 2.1106e+01  14 1.00000e+00  
 76.4 2.1142e+01  14 1.00000e+00  
 76.5 2.1166e+01  14 1.00000e+00  
 76.6 2.1204e+01  14 1.00000e+00  
 76.7 2.1233e+01  14 1.00000e+00  
 76.8 2.1283e+01  14 1.00000e+00  
 76.9 2.1329e+01  14 1.00000e+00  
 77.0 2.1353e+01  14 1.00000e+00  
 77.1 2.1383e+01  14 1.00000e+00  
 77.2 2.1428e+01  14 1.00000e+00  
 77.3 2.1447e+01  14 1.00000e+00  
 77.4 2.1480e+01  14 1.00000e+00  
 77.5 2.1511e+01  14 1.00000e+00  
 77.6 2.1539e+01  14 1.00000e+00  
 77.7 2.1566e+01  14 1.00000e+00  
 77.8 2.1625e+01  14 1.00000e+00  
 77.9 2.1632e+01  14 1.00000e+00  
 78.0 2.1669e+01  14 1.00000e+00  
 78.1 2.1685e+01  14 1.00000e+00  
 78.2 2.1719e+01  14 1.00000e+00  
 78.3 2.1740e+01  14 1.00000e+00  
 78.4 2.1756e+01  14 1.00000e+00  
 78.5 2.1779e+01  14 1.00000e+00  
 78.6 2.1836e+01  14 1.00000e+00  
 78.7 2.1875e+01  14 1.00000e+00  
 78.8 2.1924e+01  14 1.00000e+00  
 78.9 2.1964e+01  14 1.00000e+00  
 79.0 2.2001e+01  14 1.00000e+00  
 79.1 2.2028e+01  14 1.00000e+00  
 79.2 2.2069e+01  14 1.00000e+00  
 79.3 2.2101e+01  14 1.00000e+00  
 79.4 2.2141e+01  14 1.00000e+00  
 79.5 2.2191e+01  14 1.00000e+00  
 79.6 2.2214e+01  14 1.00000e+00  
 79.7 2.2250e+01  14 1.00000e+00  
 79.8 2.2292e+01  14 1.00000e+00  
 79.9 2.2318e+01  14 1.00000e+00  
 80.0 2.2349e+01  14 1.00000e+00  
 80.1 2.2376e+01  14 1.00000e+00  
 80.2 2.2390e+01  14 1.00000e+00  
 80.3 2.2427e+01  14 1.00000e+00  
 80.4 2.2472e+01  14 1.00000e+00  
 80.5 2.2519e+01  14 1.00000e+00  
 80.6 2.2535e+01  14 1.00000e+00  
 80.7 2.2549e+01  14 1.00000e+00  
 80.8 2.2589e+01  14 1.00000e+00  
 80.9 2.2612e+01  14 1.00000e+00  
 81.0 2.2629e+01  14 1.00000e+00  
 81.1 2.2651e+01  14 1.00000e+00  
 81.2 2.2685e+01  14 1.00000e+00  
 81.3 2.2735e+01  14 1.00000e+00  
 81.4 2.2779e+01  14 1.00000e+00  
 81.5 2.2824e+01  14 1.00000e+00  
 81.6 2.2864e+01  14 1.00000e+00  
 81.7 2.2903e+01  14 1.00000e+00  
 81.8 2.2930e+01  14 1.00000e+00  
 81.9 2.2975e+01  14 1.00000e+00  
 82.0 2.3012e+01  14 1.00000e+00  
 82.1 2.3045e+01  14 1.00000e+00  
 82.2 2.3068e+01  14 1.00000e+00  
 82.3 2.3133e+01  14 1.00000e+00  
 82.4 2.3159e+01  14 1.00000e+00  
 82.5 2.3192e+01  14 1.00000e+00  
 82.6 2.3232e+01  14 1.00000e+00  
 82.7 2.3263e+01  14 1.00000e+00  
 82.8 2.3292e+01  14 1.00000e+00  
 82.9 2.3302e+01  14 1.00000e+00  
 83.0 2.3336e+01  14 1.00000e+00  
 83.1 2.3358e+01  14 1.00000e+00  
 83.2 2.3396e+01  14 1.00000e+00  
 83.3 2.3443e+01  14 1.00000e+00  
 83.4 2.3477e+01  14 1.00000e+00  
 83.5 2.3492e+01  14 1.00000e+00  
 83.6 2.3513e+01  14 1.00000e+00  
 83.7 2.3555e+01  14 1.00000e+00  
 83.8 2.3580e+01  14 1.00000e+00  
 83.9 2.3604e+01  14 1.00000e+00  
 84.0 2.3629e+01  14 1.00000e+00  
 84.1 2.3667e+01  14 1.00000e+00  
 84.2 2.3717e+01  14 1.00000e+00  
 84.3 2.3752e+01  14 1.00000e+00  
 84.4 2.3802e+01  14 1.00000e+00  
 84.5 2.3831e+01  14 1.00000e+00  
 84.6 2.3884e+01  14 1.00000e+00  
 84.7 2.3920e+01  14 1.00000e+00  
 84.8 2.3960e+01  14 1.00000e+00  
 84.9 2.3995e+01  14 1.00000e+00  
 85.0 2.4029e+01  14 1.00000e+00  
 85.1 2.4061e+01  14 1.00000e+00  
 85.2 2.4118e+01  14 1.00000e+00  
 85.3 2.4141e+01  14 1.00000e+00  
 85.4 2.4131e+01  14 1.00000e+00  
 85.5 2.4221e+01  14 1.00000e+00  
 85.6 2.4252e+01  14 1.00000e+00  
 85.7 2.4274e+01  14 1.00000e+00  
 85.8 2.4300e+01  14 1.00000e+00  
 85.9 2.4334e+01  14 1.00000e+00  
 86.0 2.4362e+01  14 1.00000e+00  
 86.1 2.4374e+01  14 1.00000e+00  
 86.2 2.4414e+01  14 1.00000e+00  
 86.3 2.4482e+01  14 1.00000e+00  
 86.4 2.4509e+01  14 1.00000e+00  
 86.5 2.4535e+01  14 1.00000e+00  
 86.6 2.4562e+01  14 1.00000e+00  
 86.7 2.4587e+01  14 1.00000e+00  
 86.8 2.4612e+01  14 1.00000e+00  
 86.9 2.4637e+01  14 1.00000e+00  
 87.0 2.4664e+01  14 1.00000e+00  
 87.1 2.4708e+01  14 1.00000e+00  
 87.2 2.4745e+01  14 1.00000e+00  
 87.3 2.4796e+01  14 1.00000e+00  
 87.4 2.4842e+01  14 1.00000e+00  
 87.5 2.4881e+01  14 1.00000e+00  
 87.6 2.4908e+01  14 1.00000e+00  
 87.7 2.4966e+01  14 1.00000e+00  
 87.8 2.4998e+01  14 1.00000e+00  
 87.9 2.5030e+01  14 1.00000e+00  
 88.0 2.5064e+01  14 1.00000e+00  
 88.1 2.5109e+01  14 1.00000e+00  
 88.2 2.5101e+01  14 1.00000e+00  
 88.3 2.5143e+01  14 1.00000e+00  
 88.4 2.5179e+01  14 1.00000e+00  
 88.5 2.5212e+01  14 1.00000e+00  
 88.6 2.5253e+01  14 1.00000e+00  
 88.7 2.5323e+01  14 1.00000e+00  
 88.8 2.5361e+01  14 1.00000e+00  
 88.9 2.5390e+01  14 1.00000e+00  
 89.0 2.5400e+01  14 1.00000e+00  
 89.1 2.5437e+01  14 1.00000e+00  
 89.2 2.5475e+01  14 1.00000e+00  
 89.3 2.5504e+01  14 1.00000e+00  
 89.4 2.5568e+01  14 1.00000e+00  
 89.5 2.5590e+01  14 1.00000e+00  
 89.6 2.5616e+01  14 1.00000e+00  
 89.7 2.5644e+01  14 1.00000e+00  
 89.8 2.5670e+01  14 1.00000e+00  
 89.9 2.5696e+01  14 1.00000e+00  
 90.0 2.5723e+01  14 1.00000e+00  
 90.1 2.5749e+01  14 1.00000e+00  
 90.2 2.5789e+01  14 1.00000e+00  
 90.3 2.5840e+01  14 1.00000e+00  
 90.4 2.5869e+01  14 1.00000e+00  
 90.5 2.5914e+01  14 1.00000e+00  
 90.6 2.5974e+01  14 1.00000e+00  
 90.7 2.6017e+01  14 1.00000e+00  
 90.8 2.6050e+01  14 1.00000e+00  
 90.9 2.6101e+01  14 1.00000e+00  
 91.0 2.6129e+01  14 1.00000e+00  
 91.1 2.6176e+01  14 1.00000e+00  
 91.2 2.6210e+01  14 1.00000e+00  
 91.3 2.6232e+01  14 1.00000e+00  
 91.4 2.6237e+01  14 1.00000e+00  
 91.5 2.6273e+01  14 1.00000e+00  
 91.6 2.6306e+01  14 1.00000e+00  
 91.7 2.6341e+01  14 1.00000e+00  
 91.8 2.6392e+01  14 1.00000e+00  
 91.9 2.6428e+01  14 1.00000e+00  
 92.0 2.6506e+01  14 1.00000e+00  
 92.1 2.6527e+01  14 1.00000e+00  
 92.2 2.6544e+01  14 1.00000e+00  
 92.3 2.6577e+01  14 1.00000e+00  
 92.4 2.6613e+01  14 1.00000e+00  
 92.5 2.6632e+01  14 1.00000e+00  
 92.6 2.6703e+01  14 1.00000e+00  
 92.7 2.6733e+01  14 1.00000e+00  
 92.8 2.6758e+01  14 1.00000e+00  
 92.9 2.6785e+01  14 1.00000e+00  
 93.0 2.6797e+01  14 1.00000e+00  
 93.1 2.6823e+01  14 1.00000e+00  
 93.2 2.6853e+01  14 1.00000e+00  
 93.3 2.6889e+01  14 1.00000e+00  
 93.4 2.6923e+01  14 1.00000e+00  
 93.5 2.6973e+01  14 1.00000e+00  
 93.6 2.7008e+01  14 1.00000e+00  
 93.7 2.7064e+01  14 1.00000e+00  
 93.8 2.7100e+01  14 1.00000e+00  
 93.9 2.7157e+01  14 1.00000e+00  
 94.0 2.7201e+01  14 1.00000e+00  
 94.1 2.7240e+01  14 1.00000e+00  
 94.2 2.7287e+01  14 1.00000e+00  
 94.3 2.7321e+01  14 1.00000e+00  
 94.4 2.7319e+01  14 1.00000e+00  
 94.5 2.7355e+01  14 1.00000e+00  
 94.6 2.7386e+01  14 1.00000e+00  
 94.7 2.7456e+01  14 1.00000e+00  
 94.8 2.7448e+01  14 1.00000e+00  
 94.9 2.7485e+01  14 1.00000e+00  
 95.0 2.7521e+01  14 1.00000e+00  
 95.1 2.7558e+01  14 1.00000e+00  
 95.2 2.7611e+01  14 1.00000e+00  
 95.3 2.7647e+01  14 1.00000e+00  
 95.4 2.7679e+01  14 1.00000e+00  
 95.5 2.7744e+01  14 1.00000e+00  
 95.6 2.7771e+01  14 1.00000e+00  
 95.7 2.7812e+01  14 1.00000e+00  
 95.8 2.7840e+01  14 1.00000e+00  
 95.9 2.7862e+01  14 1.00000e+00  
 96.0 2.7902e+01  14 1.00000e+00  
 96.1 2.7972e+01  14 1.00000e+00  
 96.2 2.7989e+01  14 1.00000e+00  
 96.3 2.8017e+01  14 1.00000e+00  
 96.4 2.8048e+01  14 1.00000e+00  
 96.5 2.8075e+01  14 1.00000e+00  
 96.6 2.8089e+01  14 1.00000e+00  
 96.7 2.8118e+01  14 1.00000e+00  
 96.8 2.8157e+01  14 1.00000e+00  
 96.9 2.8187e+01  14 1.00000e+00  
 97.0 2.8238e+01  14 1.00000e+00  
 97.1 2.8285e+01  14 1.00000e+00  
 97.2 2.8331e+01  14 1.00000e+00  
 97.3 2.8359e+01  14 1.00000e+00  
 97.4 2.8424e+01  14 1.00000e+00  
 97.5 2.8471e+01  14 1.00000e+00  
 97.6 2.8510e+01  14 1.00000e+00  
 97.7 2.8561e+01  14 1.00000e+00  
 97.8 2.8553e+01  14 1.00000e+00  
 97.9 2.8594e+01  14 1.00000e+00  
 98.0 2.8632e+01  14 1.00000e+00  
 98.1 2.8669e+01  14 1.00000e+00  
 98.2 2.8703e+01  14 1.00000e+00  
 98.3 2.8734e+01  14 1.00000e+00  
 98.4 2.8775e+01  14 1.00000e+00  
 98.5 2.8810e+01  14 1.00000e+00  
 98.6 2.8855e+01  14 1.00000e+00  
 98.7 2.8894e+01  14 1.00000e+00  
 98.8 2.8930e+01  14 1.00000e+00  
 98.9 2.8966e+01  14 1.00000e+00  
 99.0 2.8997e+01  14 1.00000e+00  
 99.1 2.9079e+01  14 1.00000e+00  
 99.2 2.9105e+01  14 1.00000e+00  
 99.3 2.9129e+01  14 1.00000e+00  
 99.4 2.9164e+01  14 1.00000e+00  
 99.5 2.9174e+01  14 1.00000e+00  
 99.6 2.9225e+01  14 1.00000e+00  
 99.7 2.9299e+01  14 1.00000e+00  
 99.8 2.9313e+01  14 1.00000e+00  
 99.9 2.9345e+01  14 1.00000e+00  
100.0 2.9376e+01  14 1.00000e+00  
100.1 2.9405e+01  14 1.00000e+00  
100.2 2.9420e+01  14 1.00000e+00  
100.3 2.9460e+01  14 1.00000e+00  
100.4 2.9493e+01  14 1.00000e+00  
100.5 2.9518e+01  14 1.00000e+00  
100.6 2.9557e+01  14 1.00000e+00  
100.7 2.9612e+01  14 1.00000e+00  
100.8 2.9660e+01  14 1.00000e+00  
100.9 2.9707e+01  14 1.00000e+00  
101.0 2.9738e+01  14 1.00000e+00  
101.1 2.9803e+01  14 1.00000e+00  
101.2 2.9849e+01  14 1.00000e+00  
101.3 2.9890e+01  14 1.00000e+00  
101.4 2.9884e+01  14 1.00000e+00  
101.5 2.9932e+01  14 1.00000e+00  
101.6 2.9976e+01  14 1.00000e+00  
101.7 3.0015e+01  14 1.00000e+00  
101.8 3.0053e+01  14 1.00000e+00  
101.9 3.0090e+01  14 1.00000e+00  
102.0 2.9873e+01  14 1.00000e+00  
102.1 3.0150e+01  14 1.00000e+00  
102.2 3.0189e+01  14 1.00000e+00  
102.3 3.0230e+01  14 1.00000e+00  
102.4 3.0271e+01  14 1.00000e+00  
102.5 3.0308e+01  14 1.00000e+00  
102.6 3.0345e+01  14 1.00000e+00  
102.7 3.0379e+01  14 1.00000e+00  
102.8 3.0405e+01  14 1.00000e+00  
102.9 3.0438e+01  14 1.00000e+00  
103.0 3.0526e+01  14 1.00000e+00  
103.1 3.0536e+01  14 1.00000e+00  
103.2 3.0584e+01  14 1.00000e+00  
103.3 3.0599e+01  14 1.00000e+00  
103.4 3.0647e+01  14 1.00000e+00  
103.5 3.0666e+01  14 1.00000e+00  
103.6 3.0741e+01  14 1.00000e+00  
103.7 3.0770e+01  14 1.00000e+00  
103.8 3.0803e+01  14 1.00000e+00  
103.9 3.0815e+01  14 1.00000e+00  
104.0 3.0858e+01  14 1.00000e+00  
104.1 3.0894e+01  14 1.00000e+00  
104.2 3.0913e+01  14 1.00000e+00  
104.3 3.0948e+01  14 1.00000e+00  
104.4 3.0983e+01  14 1.00000e+00  
104.5 3.1035e+01  14 1.00000e+00  
104.6 3.1086e+01  14 1.00000e+00  
104.7 3.1092e+01  14 1.00000e+00  
104.8 3.1142e+01  14 1.00000e+00  
104.9 3.1185e+01  14 1.00000e+00  
105.0 3.1217e+01  14 1.00000e+00  
105.1 3.1282e+01  14 1.00000e+00  
105.2 3.1330e+01  14 1.00000e+00  
105.3 3.1333e+01  14 1.00000e+00  
105.4 3.1353e+01  14 1.00000e+00  
105.5 3.1408e+01  14 1.00000e+00  
105.6 3.1453e+01  14 1.00000e+00  
105.7 3.1494e+01  14 1.00000e+00  
105.8 3.1533e+01  14 1.00000e+00  
105.9 3.1571e+01  14 1.00000e+00  
106.0 3.1607e+01  14 1.00000e+00  
106.1 3.1642e+01  14 1.00000e+00  
106.2 3.1672e+01  14 1.00000e+00  
106.3 3.1728e+01  14 1.00000e+00  
106.4 3.1766e+01  14 1.00000e+00  
106.5 3.1804e+01  14 1.00000e+00  
106.6 3.1841e+01  14 1.00000e+00  
106.7 3.1878e+01  14 1.00000e+00  
106.8 3.1911e+01  14 1.00000e+00  
106.9 3.1938e+01  14 1.00000e+00  
107.0 3.1977e+01  14 1.00000e+00  
107.1 3.2021e+01  14 1.00000e+00  
107.2 3.2090e+01  14 1.00000e+00  
107.3 3.2125e+01  14 1.00000e+00  
107.4 3.2142e+01  14 1.00000e+00  
107.5 3.2187e+01  14 1.00000e+00  
107.6 3.2209e+01  14 1.00000e+00  
107.7 3.2252e+01  14 1.00000e+00  
107.8 3.2311e+01  14 1.00000e+00  
107.9 3.2338e+01  14 1.00000e+00  
108.0 3.2359e+01  14 1.00000e+00  
108.1 3.2401e+01  14 1.00000e+00  
108.2 3.2414e+01  14 1.00000e+00  
108.3 3.2461e+01  14 1.00000e+00  
108.4 3.2492e+01  14 1.00000e+00  
108.5 3.2512e+01  14 1.00000e+00  
108.6 3.2554e+01  14 1.00000e+00  
108.7 3.2599e+01  14 1.00000e+00  
108.8 3.2555e+01  14 1.00000e+00  
108.9 3.2510e+01  14 1.00000e+00  
109.0 2.5678e+01  14 1.00000e+00  
109.1 2.5696e+01  14 1.00000e+00  
109.2 2.5662e+01  14 1.00000e+00  
109.3 2.5667e+01  14 1.00000e+00  
109.4 2.5698e+01  14 1.00000e+00  
109.5 2.5718e+01  14 1.00000e+00  
109.6 2.5480e+01  14 1.00000e+00  
109.7 2.5547e+01  14 1.00000e+00  
109.8 2.5547e+01  14 1.00000e+00  
109.9 2.5566e+01  14 1.00000e+00  
110.0 2.5586e+01  14 1.00000e+00  
110.1 2.5558e+01  14 1.00000e+00  
110.2 2.5570e+01  14 1.00000e+00  
110.3 2.5590e+01  14 1.00000e+00  
110.4 2.5608e+01  14 1.00000e+00  
110.5 2.5613e+01  14 1.00000e+00  
110.6 2.5645e+01  14 1.00000e+00  
110.7 2.5663e+01  14 1.00000e+00  
110.8 2.5433e+01  14 1.00000e+00  
110.9 2.5386e+01  14 1.00000e+00  
111.0 2.5398e+01  14 1.00000e+00  
111.1 2.5424e+01  14 1.00000e+00  
111.2 2.5438e+01  14 1.00000e+00  
111.3 2.5462e+01  14 1.00000e+00  
111.4 2.5479e+01  14 1.00000e+00  
111.5 2.5489e+01  14 1.00000e+00  
111.6 2.5560e+01  14 1.00000e+00  
111.7 2.5572e+01  14 1.00000e+00  
111.8 2.5588e+01  14 1.00000e+00  
111.9 2.5587e+01  14 1.00000e+00  
112.0 2.5617e+01  14 1.00000e+00  
112.1 2.5640e+01  14 1.00000e+00  
112.2 2.5348e+01  14 1.00000e+00  
112.3 2.5362e+01  14 1.00000e+00  
112.4 2.5383e+01  14 1.00000e+00  
112.5 2.5398e+01  14 1.00000e+00  
112.6 2.5415e+01  14 1.00000e+00  
112.7 2.5437e+01  14 1.00000e+00  
112.8 2.5439e+01  14 1.00000e+00  
112.9 2.5476e+01  14 1.00000e+00  
113.0 2.5477e+01  14 1.00000e+00  
113.1 2.5542e+01  14 1.00000e+00  
113.2 2.5567e+01  14 1.00000e+00  
113.3 2.5562e+01  14 1.00000e+00  
113.4 2.5496e+01  14 1.00000e+00  
113.5 2.5560e+01  14 1.00000e+00  
113.6 2.5571e+01  14 1.00000e+00  
113.7 2.5584e+01  14 1.00000e+00  
113.8 2.5586e+01  14 1.00000e+00  
113.9 2.5616e+01  14 1.00000e+00  
114.0 2.5631e+01  14 1.00000e+00  
114.1 2.5646e+01  14 1.00000e+00  
114.2 2.5430e+01  14 1.00000e+00  
114.3 2.5437e+01  14 1.00000e+00  
114.4 2.9590e+01  14 1.00000e+00  
114.5 2.9634e+01  14 1.00000e+00  
114.6 2.9677e+01  14 1.00000e+00  
114.7 2.9713e+01  14 1.00000e+00  
114.8 2.9740e+01  14 1.00000e+00  
114.9 2.9796e+01  14 1.00000e+00  
115.0 2.9830e+01  14 1.00000e+00  
115.1 2.9877e+01  14 1.00000e+00  
115.2 2.9863e+01  14 1.00000e+00  
115.3 2.9900e+01  14 1.00000e+00  
115.4 2.9939e+01  14 1.00000e+00  
115.5 2.9976e+01  14 1.00000e+00  
115.6 3.0010e+01  14 1.00000e+00  
115.7 3.0043e+01  14 1.00000e+00  
115.8 3.0075e+01  14 1.00000e+00  
115.9 3.0106e+01  14 1.00000e+00  
116.0 3.0135e+01  14 1.00000e+00  
116.1 3.0160e+01  14 1.00000e+00  
116.2 3.0199e+01  14 1.00000e+00  
116.3 3.0237e+01  14 1.00000e+00  
116.4 3.0270e+01  14 1.00000e+00  
116.5 3.0303e+01  14 1.00000e+00  
116.6 3.0335e+01  14 1.00000e+00  
116.7 3.0365e+01  14 1.00000e+00  
116.8 3.0392e+01  14 1.00000e+00  
116.9 3.0408e+01  14 1.00000e+00  
117.0 3.0454e+01  14 1.00000e+00  
117.1 3.0526e+01  14 1.00000e+00  
117.2 3.0540e+01  14 1.00000e+00  
117.3 3.0577e+01  14 1.00000e+00  
117.4 3.0592e+01  14 1.00000e+00  
117.5 3.0630e+01  14 1.00000e+00  
117.6 3.0652e+01  14 1.00000e+00  
117.7 3.0685e+01  14 1.00000e+00  
117.8 3.0739e+01  14 1.00000e+00  
117.9 3.0769e+01  14 1.00000e+00  
118.0 3.0795e+01  14 1.00000e+00  
118.1 3.0813e+01  14 1.00000e+00  
118.2 3.0849e+01  14 1.00000e+00  
118.3 3.0856e+01  14 1.00000e+00  
118.4 3.0900e+01  14 1.00000e+00  
118.5 3.0924e+01  14 1.00000e+00  
118.6 3.0947e+01  14 1.00000e+00  
118.7 3.0976e+01  14 1.00000e+00  
118.8 3.1013e+01  14 1.00000e+00  
118.9 3.1052e+01  14 1.00000e+00  
119.0 3.1091e+01  14 1.00000e+00  
119.1 3.1089e+01  14 1.00000e+00  
119.2 3.1150e+01  14 1.00000e+00  
119.3 3.1190e+01  14 1.00000e+00  
119.4 3.1216e+01  14 1.00000e+00  
119.5 3.1273e+01  14 1.00000e+00  
119.6 3.1305e+01  14 1.00000e+00  
119.7 3.1314e+01  14 1.00000e+00  
119.8 3.1349e+01  14 1.00000e+00  
119.9 3.1370e+01  14 1.00000e+00  
120.0 3.1414e+01  14 1.00000e+00  
120.1 3.1453e+01  14 1.00000e+00  
120.2 3.1488e+01  14 1.00000e+00  
120.3 3.1522e+01  14 1.00000e+00  
120.4 3.1556e+01  14 1.00000e+00  
120.5 3.1588e+01  14 1.00000e+00  
120.6 3.1619e+01  14 1.00000e+00  
120.7 3.1648e+01  14 1.00000e+00  
120.8 3.1674e+01  14 1.00000e+00  
120.9 3.1726e+01  14 1.00000e+00  
121.0 3.1759e+01  14 1.00000e+00  
121.1 3.1792e+01  14 1.00000e+00  
121.2 3.1824e+01  14 1.00000e+00  
121.3 3.1857e+01  14 1.00000e+00  
121.4 3.1888e+01  14 1.00000e+00  
121.5 3.1916e+01  14 1.00000e+00  
121.6 3.1939e+01  14 1.00000e+00  
121.7 3.1969e+01  14 1.00000e+00  
121.8 3.2013e+01  14 1.00000e+00  
121.9 3.2085e+01  14 1.00000e+00  
122.0 3.2095e+01  14 1.00000e+00  
122.1 3.2136e+01  14 1.00000e+00  
122.2 3.2144e+01  14 1.00000e+00  
122.3 3.2191e+01  14 1.00000e+00  
122.4 3.2209e+01  14 1.00000e+00  
122.5 3.2248e+01  14 1.00000e+00  
122.6 3.2303e+01  14 1.00000e+00  
122.7 3.2308e+01  14 1.00000e+00  
122.8 3.2353e+01  14 1.00000e+00  
122.9 3.2362e+01  14 1.00000e+00  
123.0 3.2408e+01  14 1.00000e+00  
123.1 3.2430e+01  14 1.00000e+00  
123.2 3.2460e+01  14 1.00000e+00  
123.3 3.2486e+01  14 1.00000e+00  
123.4 3.2511e+01  14 1.00000e+00  
123.5 3.2539e+01  14 1.00000e+00  
123.6 3.2565e+01  14 1.00000e+00  
123.7 3.2607e+01  14 1.00000e+00  
123.8 3.2639e+01  14 1.00000e+00  
123.9 3.2602e+01  14 1.00000e+00  
124.0 3.2558e+01  14 1.00000e+00  
124.1 2.5698e+01  14 1.00000e+00  
124.2 2.5719e+01  14 1.00000e+00  
124.3 2.5672e+01  14 1.00000e+00  
124.4 2.5690e+01  14 1.00000e+00  
124.5 2.5692e+01  14 1.00000e+00  
124.6 2.5723e+01  14 1.00000e+00  
124.7 2.5723e+01  14 1.00000e+00  
124.8 2.5549e+01  14 1.00000e+00  
124.9 2.5556e+01  14 1.00000e+00  
125.0 2.5570e+01  14 1.00000e+00  
125.1 2.5590e+01  14 1.00000e+00  
125.2 2.5603e+01  14 1.00000e+00  
125.3 2.5548e+01  14 1.00000e+00  
125.4 2.5566e+01  14 1.00000e+00  
125.5 2.5590e+01  14 1.00000e+00  
125.6 2.5607e+01  14 1.00000e+00  
125.7 2.5617e+01  14 1.00000e+00  
125.8 2.5639e+01  14 1.00000e+00  
125.9 2.5642e+01  14 1.00000e+00  
126.0 2.5670e+01  14 1.00000e+00  
126.1 2.5360e+01  14 1.00000e+00  
126.2 2.5388e+01  14 1.00000e+00  
126.3 2.5399e+01  14 1.00000e+00  
126.4 2.5418e+01  14 1.00000e+00  
126.5 2.5436e+01  14 1.00000e+00  
126.6 2.5435e+01  14 1.00000e+00  
126.7 2.5470e+01  14 1.00000e+00  
126.8 2.5480e+01  14 1.00000e+00  
126.9 2.5492e+01  14 1.00000e+00  
127.0 2.5559e+01  14 1.00000e+00  
127.1 2.5568e+01  14 1.00000e+00  
127.2 2.5565e+01  14 1.00000e+00  
127.3 2.5590e+01  14 1.00000e+00  
127.4 2.5609e+01  14 1.00000e+00  
127.5 2.5616e+01  14 1.00000e+00  
127.6 2.5639e+01  14 1.00000e+00  
127.7 2.5590e+01  14 1.00000e+00  
127.8 2.5360e+01  14 1.00000e+00  
127.9 2.5361e+01  14 1.00000e+00  
128.0 2.5389e+01  14 1.00000e+00  
128.1 2.5399e+01  14 1.00000e+00  
128.2 2.5408e+01  14 1.00000e+00  
128.3 2.5434e+01  14 1.00000e+00  
128.4 2.5435e+01  14 1.00000e+00  
128.5 2.5465e+01  14 1.00000e+00  
128.6 2.9623e+01  14 1.00000e+00  
128.7 2.9658e+01  14 1.00000e+00  
128.8 2.9678e+01  14 1.00000e+00  
128.9 2.9733e+01  14 1.00000e+00  
129.0 2.9757e+01  14 1.00000e+00  
129.1 2.9803e+01  14 1.00000e+00  
129.2 2.9836e+01  14 1.00000e+00  
129.3 2.9876e+01  14 1.00000e+00  
129.4 2.9868e+01  14 1.00000e+00  
129.5 2.9887e+01  14 1.00000e+00  
129.6 2.9923e+01  14 1.00000e+00  
129.7 2.9958e+01  14 1.00000e+00  
129.8 2.9990e+01  14 1.00000e+00  
129.9 3.0020e+01  14 1.00000e+00  
130.0 3.0049e+01  14 1.00000e+00  
130.1 3.0078e+01  14 1.00000e+00  
130.2 3.0105e+01  14 1.00000e+00  
130.3 3.0131e+01  14 1.00000e+00  
130.4 3.0154e+01  14 1.00000e+00  
130.5 3.0188e+01  14 1.00000e+00  
130.6 3.0218e+01  14 1.00000e+00  
130.7 3.0252e+01  14 1.00000e+00  
130.8 3.0280e+01  14 1.00000e+00  
130.9 3.0309e+01  14 1.00000e+00  
131.0 3.0337e+01  14 1.00000e+00  
131.1 3.0364e+01  14 1.00000e+00  
131.2 3.0388e+01  14 1.00000e+00  
131.3 3.0406e+01  14 1.00000e+00  
131.4 3.0426e+01  14 1.00000e+00  
131.5 3.0496e+01  14 1.00000e+00  
131.6 3.0537e+01  14 1.00000e+00  
131.7 3.0540e+01  14 1.00000e+00  
131.8 3.0582e+01  14 1.00000e+00  
131.9 3.0591e+01  14 1.00000e+00  
132.0 3.0630e+01  14 1.00000e+00  
132.1 3.0651e+01  14 1.00000e+00  
132.2 3.0664e+01  14 1.00000e+00  
132.3 3.0742e+01  14 1.00000e+00  
132.4 3.0761e+01  14 1.00000e+00  
132.5 3.0765e+01  14 1.00000e+00  
132.6 3.1286e+01  14 1.00000e+00  
132.7 3.1343e+01  14 1.00000e+00  
132.8 3.1333e+01  14 1.00000e+00  
132.9 3.1348e+01  14 1.00000e+00  
133.0 3.1381e+01  14 1.00000e+00  
133.1 3.1420e+01  14 1.00000e+00  
133.2 3.1454e+01  14 1.00000e+00  
133.3 3.1486e+01  14 1.00000e+00  
133.4 3.1517e+01  14 1.00000e+00  
133.5 3.1548e+01  14 1.00000e+00  
133.6 3.1577e+01  14 1.00000e+00  
133.7 3.1606e+01  14 1.00000e+00  
133.8 3.1634e+01  14 1.00000e+00  
133.9 3.1659e+01  14 1.00000e+00  
134.0 3.1702e+01  14 1.00000e+00  
134.1 3.1732e+01  14 1.00000e+00  
134.2 3.1763e+01  14 1.00000e+00  
134.3 3.1793e+01  14 1.00000e+00  
134.4 3.1822e+01  14 1.00000e+00  
134.5 3.1851e+01  14 1.00000e+00  
134.6 3.1880e+01  14 1.00000e+00  
134.7 3.1907e+01  14 1.00000e+00  
134.8 3.1929e+01  14 1.00000e+00  
134.9 3.1946e+01  14 1.00000e+00  
135.0 3.1993e+01  14 1.00000e+00  
135.1 3.2022e+01  14 1.00000e+00  
135.2 3.2088e+01  14 1.00000e+00  
135.3 3.2108e+01  14 1.00000e+00  
135.4 3.2136e+01  14 1.00000e+00  
135.5 3.2140e+01  14 1.00000e+00  
135.6 3.2182e+01  14 1.00000e+00  
135.7 3.2204e+01  14 1.00000e+00  
135.8 3.2214e+01  14 1.00000e+00  
135.9 3.2259e+01  14 1.00000e+00  
136.0 3.2311e+01  14 1.00000e+00  
136.1 3.2319e+01  14 1.00000e+00  
136.2 3.2355e+01  14 1.00000e+00  
136.3 3.2742e+01  14 1.00000e+00  
136.4 2.5490e+01  14 1.00000e+00  
136.5 2.5479e+01  14 1.00000e+00  
136.6 2.5496e+01  14 1.00000e+00  
136.7 2.5781e+01  14 1.00000e+00  
136.8 2.5571e+01  14 1.00000e+00  
136.9 2.5587e+01  14 1.00000e+00  
137.0 2.5584e+01  14 1.00000e+00  
137.1 2.5616e+01  14 1.00000e+00  
137.2 2.5629e+01  14 1.00000e+00  
137.3 2.5646e+01  14 1.00000e+00  
137.4 2.5585e+01  14 1.00000e+00  
137.5 2.5615e+01  14 1.00000e+00  
137.6 2.5613e+01  14 1.00000e+00  
137.7 2.5644e+01  14 1.00000e+00  
137.8 2.5640e+01  14 1.00000e+00  
137.9 2.5671e+01  14 1.00000e+00  
138.0 2.5675e+01  14 1.00000e+00  
138.1 2.5435e+01  14 1.00000e+00  
138.2 2.5467e+01  14 1.00000e+00  
138.3 2.5401e+01  14 1.00000e+00  
138.4 2.5430e+01  14 1.00000e+00  
138.5 2.5438e+01  14 1.00000e+00  
138.6 2.5440e+01  14 1.00000e+00  
138.7 2.5471e+01  14 1.00000e+00  
138.8 2.5480e+01  14 1.00000e+00  
138.9 2.5495e+01  14 1.00000e+00  
139.0 2.5559e+01  14 1.00000e+00  
139.1 2.5555e+01  14 1.00000e+00  
139.2 2.5566e+01  14 1.00000e+00  
139.3 2.5589e+01  14 1.00000e+00  
139.4 2.5583e+01  14 1.00000e+00  
139.5 2.5614e+01  14 1.00000e+00  
139.6 2.5612e+01  14 1.00000e+00  
139.7 2.5641e+01  14 1.00000e+00  
139.8 2.5590e+01  14 1.00000e+00  
139.9 2.5592e+01  14 1.00000e+00  
140.0 2.5361e+01  14 1.00000e+00  
140.1 2.5385e+01  14 1.00000e+00  
140.2 2.5397e+01  14 1.00000e+00  
140.3 2.5396e+01  14 1.00000e+00  
140.4 2.5426e+01  14 1.00000e+00  
140.5 2.5437e+01  14 1.00000e+00  
140.6 2.5442e+01  14 1.00000e+00  
140.7 2.9589e+01  14 1.00000e+00  
140.8 2.9629e+01  14 1.00000e+00  
140.9 2.9660e+01  14 1.00000e+00  
141.0 2.9678e+01  14 1.00000e+00  
141.1 2.9730e+01  14 1.00000e+00  
141.2 2.9745e+01  14 1.00000e+00  
141.3 2.9795e+01  14 1.00000e+00  
141.4 2.9813e+01  14 1.00000e+00  
141.5 2.9863e+01  14 1.00000e+00  
141.6 2.9885e+01  14 1.00000e+00  
141.7 2.9865e+01  14 1.00000e+00  
141.8 2.9905e+01  14 1.00000e+00  
141.9 2.9936e+01  14 1.00000e+00  
142.0 3.0433e+01  14 1.00000e+00  
142.1 3.0498e+01  14 1.00000e+00  
142.2 3.0536e+01  14 1.00000e+00  
142.3 3.0542e+01  14 1.00000e+00  
142.4 3.0579e+01  14 1.00000e+00  
142.5 3.0592e+01  14 1.00000e+00  
142.6 3.0623e+01  14 1.00000e+00  
142.7 3.0644e+01  14 1.00000e+00  
142.8 3.0652e+01  14 1.00000e+00  
142.9 3.0717e+01  14 1.00000e+00  
143.0 3.0739e+01  14 1.00000e+00  
143.1 3.0762e+01  14 1.00000e+00  
143.2 3.0765e+01  14 1.00000e+00  
143.3 3.0804e+01  14 1.00000e+00  
143.4 3.0811e+01  14 1.00000e+00  
143.5 3.0848e+01  14 1.00000e+00  
143.6 3.0855e+01  14 1.00000e+00  
143.7 3.0892e+01  14 1.00000e+00  
143.8 3.0902e+01  14 1.00000e+00  
143.9 3.0935e+01  14 1.00000e+00  
144.0 3.0947e+01  14 1.00000e+00  
144.1 3.0978e+01  14 1.00000e+00  
144.2 3.1006e+01  14 1.00000e+00  
144.3 3.1032e+01  14 1.00000e+00  
144.4 3.1089e+01  14 1.00000e+00  
144.5 3.1086e+01  14 1.00000e+00  
144.6 3.1116e+01  14 1.00000e+00  
144.7 3.1145e+01  14 1.00000e+00  
144.8 3.1175e+01  14 1.00000e+00  
144.9 3.1726e+01  14 1.00000e+00  
145.0 3.1755e+01  14 1.00000e+00  
145.1 3.1783e+01  14 1.00000e+00  
145.2 3.1811e+01  14 1.00000e+00  
145.3 3.1839e+01  14 1.00000e+00  
145.4 3.1866e+01  14 1.00000e+00  
145.5 3.1892e+01  14 1.00000e+00  
145.6 3.1916e+01  14 1.00000e+00  
145.7 3.1936e+01  14 1.00000e+00  
145.8 3.1956e+01  14 1.00000e+00  
145.9 3.2000e+01  14 1.00000e+00  
146.0 3.2027e+01  14 1.00000e+00  
146.1 3.2089e+01  14 1.00000e+00  
146.2 3.2113e+01  14 1.00000e+00  
146.3 3.2136e+01  14 1.00000e+00  
146.4 3.2141e+01  14 1.00000e+00  
146.5 3.2176e+01  14 1.00000e+00  
146.6 3.2199e+01  14 1.00000e+00  
146.7 3.2208e+01  14 1.00000e+00  
146.8 3.2249e+01  14 1.00000e+00  
146.9 3.2309e+01  14 1.00000e+00  
147.0 3.2314e+01  14 1.00000e+00  
147.1 3.2338e+01  14 1.00000e+00  
147.2 3.2358e+01  14 1.00000e+00  
147.3 3.2383e+01  14 1.00000e+00  
147.4 3.2408e+01  14 1.00000e+00  
147.5 2.5548e+01  14 1.00000e+00  
147.6 2.5495e+01  14 1.00000e+00  
147.7 2.5775e+01  14 1.00000e+00  
147.8 2.5572e+01  14 1.00000e+00  
147.9 2.5584e+01  14 1.00000e+00  
148.0 2.5587e+01  14 1.00000e+00  
148.1 2.5612e+01  14 1.00000e+00  
148.2 2.5614e+01  14 1.00000e+00  
148.3 2.5641e+01  14 1.00000e+00  
148.4 2.5589e+01  14 1.00000e+00  
148.5 2.5583e+01  14 1.00000e+00  
148.6 2.5614e+01  14 1.00000e+00  
148.7 2.5612e+01  14 1.00000e+00  
148.8 2.5641e+01  14 1.00000e+00  
148.9 2.5643e+01  14 1.00000e+00  
149.0 2.5667e+01  14 1.00000e+00  
149.1 2.5668e+01  14 1.00000e+00  
149.2 2.5437e+01  14 1.00000e+00  
149.3 2.5390e+01  14 1.00000e+00  
149.4 2.5399e+01  14 1.00000e+00  
149.5 2.5400e+01  14 1.00000e+00  
149.6 2.5429e+01  14 1.00000e+00  
149.7 2.5438e+01  14 1.00000e+00  
149.8 2.5439e+01  14 1.00000e+00  
149.9 2.5466e+01  14 1.00000e+00  
150.0 2.5478e+01  14 1.00000e+00  
