 15.1 1.3196e+00  13 5.12087e-02  
 15.2 1.3267e+00  13 5.22419e-02  
 15.3 1.3395e+00  13 5.43619e-02  
 15.4 1.3467e+00  13 5.54165e-02  
 15.5 1.3539e+00  13 5.66093e-02  
 15.6 1.3611e+00  13 5.75248e-02  
 15.7 1.3683e+00  13 5.88360e-02  
 15.8 1.3755e+00  13 5.98021e-02  
 15.9 1.3827e+00  13 6.11124e-02  
 16.0 1.3898e+00  13 6.20467e-02  
 16.1 1.3970e+00  13 6.33849e-02  
 16.2 1.4040e+00  13 6.40373e-02  
 16.3 1.4111e+00  13 6.55822e-02  
 16.4 1.4183e+00  13 6.62372e-02  
 16.5 1.4256e+00  13 6.78504e-02  
 16.6 1.4324e+00  13 6.83481e-02  
 16.7 1.4395e+00  13 6.99497e-02  
 16.8 1.4466e+00  13 7.03097e-02  
 16.9 1.4538e+00  13 7.20283e-02  
 17.0 1.4610e+00  13 7.25119e-02  
 17.1 1.4757e+00  13 7.46991e-02  
 17.2 1.4830e+00  13 7.61839e-02  
 17.3 1.4902e+00  13 7.67493e-02  
 17.4 1.4969e+00  13 7.82101e-02  
 17.5 1.5041e+00  13 7.88846e-02  
 17.6 1.5113e+00  13 8.03030e-02  
 17.7 1.5185e+00  13 8.08769e-02  
 17.8 1.5256e+00  13 8.19694e-02  
 17.9 1.5328e+00  13 8.29695e-02  
 18.0 1.5399e+00  13 8.38978e-02  
 18.1 1.5471e+00  13 8.50370e-02  
 18.2 1.5543e+00  13 8.56610e-02  
 18.3 1.5614e+00  13 8.68736e-02  
 18.4 1.5686e+00  13 8.72024e-02  
 18.5 1.5757e+00  13 8.87497e-02  
 18.6 1.5828e+00  13 8.89262e-02  
 18.7 1.5899e+00  13 9.05984e-02  
 18.8 1.5970e+00  13 9.03465e-02  
 18.9 1.6041e+00  13 9.19827e-02  
 19.0 1.6112e+00  13 9.21634e-02  
 19.1 1.6183e+00  13 9.36425e-02  
 19.2 1.6253e+00  13 9.39445e-02  
 19.3 1.6324e+00  13 9.51764e-02  
 19.4 1.6394e+00  13 9.54930e-02  
 19.5 1.6464e+00  13 9.62410e-02  
 19.6 1.6534e+00  13 9.71865e-02  
 19.7 1.6849e+00  13 1.01157e-01  
 19.8 1.6784e+00  13 1.00301e-01  
 19.9 1.6854e+00  13 1.01241e-01  
 20.0 1.6925e+00  13 1.02225e-01  
 20.1 1.6996e+00  13 1.03549e-01  
 20.2 1.7074e+00  13 1.04751e-01  
 20.3 1.7181e+00  13 1.07066e-01  
 20.4 1.7288e+00  13 1.10583e-01  
 20.5 1.7396e+00  13 1.15310e-01  
 20.6 1.7504e+00  13 1.19425e-01  
 20.7 1.7613e+00  13 1.25715e-01  
 20.8 1.7722e+00  13 1.30170e-01  
 20.9 1.7831e+00  13 1.37656e-01  
 21.0 1.7941e+00  13 1.43304e-01  
 21.1 1.8051e+00  13 1.49938e-01  
 21.2 1.8163e+00  13 1.56436e-01  
 21.3 1.8275e+00  13 1.61050e-01  
 21.4 1.8387e+00  13 1.64656e-01  
 21.5 1.8499e+00  13 1.68159e-01  
 21.6 1.8612e+00  13 1.69289e-01  
 21.7 1.8726e+00  13 1.70425e-01  
 21.8 1.8840e+00  13 1.71721e-01  
 21.9 1.8955e+00  13 1.73041e-01  
 22.0 1.9070e+00  13 1.74382e-01  
 22.1 1.9185e+00  13 1.75448e-01  
 22.2 7.0589e+00  14 1.00000e+00  
 22.3 7.0902e+00  14 1.00000e+00  
 22.4 7.1219e+00  14 1.00000e+00  
 22.5 7.1533e+00  14 1.00000e+00  
 22.6 7.1910e+00  14 1.00000e+00  
 22.7 7.2214e+00  14 1.00000e+00  
 22.8 7.2491e+00  14 1.00000e+00  
 22.9 7.2834e+00  14 1.00000e+00  
 23.0 7.3193e+00  14 1.00000e+00  
 23.1 7.3502e+00  14 1.00000e+00  
 23.2 7.3836e+00  14 1.00000e+00  
 23.3 7.4220e+00  14 1.00000e+00  
 23.4 7.4847e+00  14 1.00000e+00  
 23.5 7.6059e+00  14 1.00000e+00  
 23.6 7.3813e+00  14 1.00000e+00  
 23.7 7.3846e+00  14 1.00000e+00  
 23.8 7.3954e+00  14 1.00000e+00  
 23.9 7.4038e+00  14 1.00000e+00  
 24.0 7.4109e+00  14 1.00000e+00  
 24.1 7.4186e+00  14 1.00000e+00  
 24.2 7.4258e+00  14 1.00000e+00  
 24.3 7.4405e+00  14 1.00000e+00  
 24.4 7.4408e+00  14 1.00000e+00  
 24.5 7.4500e+00  14 1.00000e+00  
 24.6 7.4623e+00  14 1.00000e+00  
 24.7 7.4729e+00  14 1.00000e+00  
 24.8 7.4824e+00  14 1.00000e+00  
 24.9 7.4852e+00  14 1.00000e+00  
 25.0 7.5005e+00  14 1.00000e+00  
 25.1 7.5046e+00  14 1.00000e+00  
 25.2 7.5202e+00  14 1.00000e+00  
 25.3 7.5218e+00  14 1.00000e+00  
 25.4 7.5284e+00  14 1.00000e+00  
 25.5 7.5442e+00  14 1.00000e+00  
 25.6 7.5489e+00  14 1.00000e+00  
 25.7 7.5604e+00  14 1.00000e+00  
 25.8 7.5766e+00  14 1.00000e+00  
 25.9 7.5792e+00  14 1.00000e+00  
 26.0 7.5857e+00  14 1.00000e+00  
 26.1 7.5987e+00  14 1.00000e+00  
 26.2 7.6093e+00  14 1.00000e+00  
 26.3 7.6193e+00  14 1.00000e+00  
 26.4 7.6330e+00  14 1.00000e+00  
 26.5 7.6393e+00  14 1.00000e+00  
 26.6 7.6465e+00  14 1.00000e+00  
 26.7 7.6515e+00  14 1.00000e+00  
 26.8 7.6594e+00  14 1.00000e+00  
 26.9 7.6737e+00  14 1.00000e+00  
 27.0 7.6911e+00  14 1.00000e+00  
 27.1 7.6923e+00  14 1.00000e+00  
 27.2 7.6962e+00  14 1.00000e+00  
 27.3 7.7143e+00  14 1.00000e+00  
 27.4 7.7258e+00  14 1.00000e+00  
 27.5 7.7376e+00  14 1.00000e+00  
 27.6 7.7458e+00  14 1.00000e+00  
 27.7 7.7615e+00  14 1.00000e+00  
 27.8 7.7680e+00  14 1.00000e+00  
 27.9 7.7778e+00  14 1.00000e+00  
 28.0 7.7866e+00  14 1.00000e+00  
 28.1 7.7956e+00  14 1.00000e+00  
 28.2 7.8042e+00  14 1.00000e+00  
 28.3 7.8180e+00  14 1.00000e+00  
 28.4 7.8267e+00  14 1.00000e+00  
 28.5 7.8379e+00  14 1.00000e+00  
 28.6 7.8515e+00  14 1.00000e+00  
 28.7 7.8625e+00  14 1.00000e+00  
 28.8 7.8685e+00  14 1.00000e+00  
 28.9 7.8800e+00  14 1.00000e+00  
 29.0 7.8893e+00  14 1.00000e+00  
 29.1 7.9046e+00  14 1.00000e+00  
 29.2 7.9145e+00  14 1.00000e+00  
 29.3 7.9225e+00  14 1.00000e+00  
 29.4 7.9302e+00  14 1.00000e+00  
 29.5 7.9405e+00  14 1.00000e+00  
 29.6 7.9549e+00  14 1.00000e+00  
 29.7 7.9588e+00  14 1.00000e+00  
 29.8 7.9726e+00  14 1.00000e+00  
 29.9 7.9830e+00  14 1.00000e+00  
 30.0 7.9904e+00  14 1.00000e+00  
 30.1 8.0013e+00  14 1.00000e+00  
 30.2 8.0181e+00  14 1.00000e+00  
 30.3 8.0241e+00  14 1.00000e+00  
 30.4 8.0343e+00  14 1.00000e+00  
 30.5 8.0402e+00  14 1.00000e+00  
 30.6 8.0464e+00  14 1.00000e+00  
 30.7 8.0635e+00  14 1.00000e+00  
 30.8 8.0731e+00  14 1.00000e+00  
 30.9 8.0779e+00  14 1.00000e+00  
 31.0 8.0941e+00  14 1.00000e+00  
 31.1 8.0948e+00  14 1.00000e+00  
 31.2 8.1135e+00  14 1.00000e+00  
 31.3 8.1203e+00  14 1.00000e+00  
 31.4 8.1332e+00  14 1.00000e+00  
 31.5 8.1339e+00  14 1.00000e+00  
 31.6 8.1538e+00  14 1.00000e+00  
 31.7 8.1605e+00  14 1.00000e+00  
 31.8 8.1696e+00  14 1.00000e+00  
 31.9 8.1870e+00  14 1.00000e+00  
 32.0 8.1930e+00  14 1.00000e+00  
 32.1 8.2040e+00  14 1.00000e+00  
 32.2 8.2139e+00  14 1.00000e+00  
 32.3 8.2278e+00  14 1.00000e+00  
 32.4 8.2270e+00  14 1.00000e+00  
 32.5 8.2430e+00  14 1.00000e+00  
 32.6 8.2525e+00  14 1.00000e+00  
 32.7 8.2619e+00  14 1.00000e+00  
 32.8 8.2714e+00  14 1.00000e+00  
 32.9 5.4931e+00  14 6.22279e-01  
 33.0 5.5002e+00  14 6.22280e-01  
 33.1 5.5043e+00  14 6.22285e-01  
 33.2 5.5101e+00  14 6.22295e-01  
 33.3 5.5126e+00  14 6.22302e-01  
 33.4 5.5223e+00  14 6.22334e-01  
 33.5 5.5275e+00  14 6.22357e-01  
 33.6 5.5340e+00  14 6.22391e-01  
 33.7 5.5393e+00  14 6.22423e-01  
 33.8 5.5470e+00  14 6.22476e-01  
 33.9 5.5516e+00  14 6.22511e-01  
 34.0 5.5303e+00  14 6.22371e-01  
 34.1 5.5406e+00  14 6.22431e-01  
 34.2 5.5449e+00  14 6.22460e-01  
 34.3 5.5481e+00  14 6.22484e-01  
 34.4 5.5515e+00  14 6.22510e-01  
 34.5 5.5580e+00  14 6.22564e-01  
 34.6 5.5638e+00  14 6.22616e-01  
 34.7 5.5922e+00  14 6.22931e-01  
 34.8 5.5991e+00  14 6.23020e-01  
 34.9 5.6064e+00  14 6.23122e-01  
 35.0 5.6104e+00  14 6.23180e-01  
 35.1 5.6188e+00  14 6.23306e-01  
 35.2 5.6240e+00  14 6.23387e-01  
 35.3 5.6338e+00  14 6.23548e-01  
 35.4 5.6398e+00  14 6.23651e-01  
 35.5 5.6488e+00  14 6.23812e-01  
 35.6 5.6538e+00  14 6.23904e-01  
 35.7 5.6609e+00  14 6.24041e-01  
 35.8 5.6660e+00  14 6.24140e-01  
 35.9 5.6737e+00  14 6.24296e-01  
 36.0 5.6797e+00  14 6.24421e-01  
 36.1 5.6904e+00  14 6.24651e-01  
 36.2 5.6977e+00  14 6.24813e-01  
 36.3 5.7041e+00  14 6.24959e-01  
 36.4 5.7105e+00  14 6.25107e-01  
 36.5 5.7154e+00  14 6.25223e-01  
 36.6 5.7220e+00  14 6.25381e-01  
 36.7 5.7265e+00  14 6.25490e-01  
 36.8 5.7325e+00  14 6.25639e-01  
 36.9 5.7411e+00  14 6.25856e-01  
 37.0 5.7469e+00  14 6.26007e-01  
 37.1 5.7513e+00  14 6.26124e-01  
 37.2 5.7556e+00  14 6.26237e-01  
 37.3 5.7619e+00  14 6.26406e-01  
 37.4 5.7690e+00  14 6.26597e-01  
 37.5 5.7741e+00  14 6.26740e-01  
 37.6 5.7779e+00  14 6.26846e-01  
 37.7 5.7862e+00  14 6.27079e-01  
 37.8 5.7909e+00  14 6.27216e-01  
 37.9 5.7998e+00  14 6.27473e-01  
 38.0 5.8071e+00  14 6.27690e-01  
 38.1 5.8118e+00  14 6.27830e-01  
 38.2 5.8161e+00  14 6.27958e-01  
 38.3 5.8245e+00  14 6.28216e-01  
 38.4 5.8234e+00  14 6.28181e-01  
 38.5 5.8338e+00  14 6.28503e-01  
 38.6 5.8383e+00  14 6.28644e-01  
 38.7 5.8481e+00  14 6.28955e-01  
 38.8 5.8572e+00  14 6.29247e-01  
 38.9 5.8613e+00  14 6.29381e-01  
 39.0 5.8731e+00  14 6.29768e-01  
 39.1 5.8788e+00  14 6.29958e-01  
 39.2 5.8859e+00  14 6.30197e-01  
 39.3 5.8921e+00  14 6.30408e-01  
 39.4 5.8993e+00  14 6.30656e-01  
 39.5 5.9021e+00  14 6.30752e-01  
 39.6 5.9115e+00  14 6.31078e-01  
 39.7 5.9179e+00  14 6.31303e-01  
 39.8 5.9230e+00  14 6.31484e-01  
 39.9 5.9330e+00  14 6.31839e-01  
 40.0 5.9410e+00  14 6.32129e-01  
 40.1 5.9502e+00  14 6.32462e-01  
 40.2 5.9558e+00  14 6.32668e-01  
 40.3 5.9550e+00  14 6.32641e-01  
 40.4 5.9635e+00  14 6.32953e-01  
 40.5 5.9704e+00  14 6.33212e-01  
 40.6 5.9731e+00  14 6.33313e-01  
 40.7 5.9835e+00  14 6.33706e-01  
 40.8 5.9917e+00  14 6.34015e-01  
 40.9 5.9949e+00  14 6.34138e-01  
 41.0 5.9990e+00  14 6.34294e-01  
 41.1 6.0025e+00  14 6.34428e-01  
 41.2 6.0153e+00  14 6.34925e-01  
 41.3 6.0219e+00  14 6.35186e-01  
 41.4 6.0278e+00  14 6.35416e-01  
 41.5 6.0324e+00  14 6.35601e-01  
 41.6 6.0409e+00  14 6.35938e-01  
 41.7 6.0396e+00  14 6.35884e-01  
 41.8 6.0500e+00  14 6.36302e-01  
 41.9 6.0533e+00  14 6.36433e-01  
 42.0 6.0646e+00  14 6.36893e-01  
 42.1 6.0696e+00  14 6.37093e-01  
 42.2 6.0799e+00  14 6.37518e-01  
 42.3 6.0914e+00  14 6.37991e-01  
 42.4 6.0932e+00  14 6.38067e-01  
 42.5 6.1002e+00  14 6.38356e-01  
 42.6 6.1153e+00  14 6.38989e-01  
 42.7 6.1167e+00  14 6.39050e-01  
 42.8 6.1284e+00  14 6.39546e-01  
 42.9 6.1315e+00  14 6.39676e-01  
 43.0 6.1318e+00  14 6.39690e-01  
 43.1 6.1394e+00  14 6.40013e-01  
 43.2 6.1508e+00  14 6.40502e-01  
 43.3 6.1580e+00  14 6.40815e-01  
 43.4 6.1667e+00  14 6.41192e-01  
 43.5 6.1714e+00  14 6.41396e-01  
 43.6 6.1775e+00  14 6.41662e-01  
 43.7 6.1805e+00  14 6.41795e-01  
 43.8 6.1824e+00  14 6.41877e-01  
 43.9 6.1993e+00  14 6.42621e-01  
 44.0 6.2013e+00  14 6.42713e-01  
 44.1 6.2101e+00  14 6.43102e-01  
 44.2 6.2143e+00  14 6.43291e-01  
 44.3 6.2190e+00  14 6.43502e-01  
 44.4 6.2287e+00  14 6.43934e-01  
 44.5 6.2325e+00  14 6.44105e-01  
 44.6 6.2379e+00  14 6.44351e-01  
 44.7 6.2467e+00  14 6.44750e-01  
 44.8 6.2502e+00  14 6.44905e-01  
 44.9 6.2596e+00  14 6.45334e-01  
 45.0 6.2610e+00  14 6.45400e-01  
 45.1 6.2685e+00  14 6.45742e-01  
 45.2 6.2735e+00  14 6.45971e-01  
 45.3 6.2791e+00  14 6.46231e-01  
 45.4 6.2892e+00  14 6.46697e-01  
 45.5 6.2993e+00  14 6.47164e-01  
 45.6 6.3115e+00  14 6.47698e-01  
 45.7 6.3108e+00  14 6.47670e-01  
 45.8 6.3249e+00  14 6.48288e-01  
 45.9 6.3251e+00  14 6.48296e-01  
 46.0 6.3371e+00  14 6.48825e-01  
 46.1 6.3476e+00  14 6.49293e-01  
 46.2 6.3561e+00  14 6.49670e-01  
 46.3 6.3572e+00  14 6.49719e-01  
 46.4 6.3641e+00  14 6.50029e-01  
 46.5 6.3710e+00  14 6.50338e-01  
 46.6 6.3774e+00  14 6.50628e-01  
 46.7 6.3827e+00  14 6.50867e-01  
 46.8 6.3914e+00  14 6.51260e-01  
 46.9 6.3926e+00  14 6.51314e-01  
 47.0 6.3546e+00  14 6.49607e-01  
 47.1 6.3445e+00  14 6.49155e-01  
 47.2 6.3351e+00  14 6.48738e-01  
 47.3 6.3230e+00  14 6.48204e-01  
 47.4 6.3046e+00  14 6.47399e-01  
 47.5 6.3036e+00  14 6.47351e-01  
 47.6 6.2992e+00  14 6.47158e-01  
 47.7 6.2979e+00  14 6.47097e-01  
 47.8 6.2964e+00  14 6.47028e-01  
 47.9 6.2946e+00  14 6.46947e-01  
 48.0 6.2928e+00  14 6.46861e-01  
 48.1 6.2909e+00  14 6.46774e-01  
 48.2 6.2886e+00  14 6.46667e-01  
 48.3 6.2857e+00  14 6.46536e-01  
 48.4 6.2873e+00  14 6.46609e-01  
 48.5 6.2837e+00  14 6.46441e-01  
 48.6 6.2850e+00  14 6.46500e-01  
 48.7 6.2808e+00  14 6.46310e-01  
 48.8 6.2818e+00  14 6.46355e-01  
 48.9 6.3578e+00  14 6.49748e-01  
 49.0 6.3622e+00  14 6.49942e-01  
 49.1 6.3675e+00  14 6.50182e-01  
 49.2 6.3730e+00  14 6.50427e-01  
 49.3 6.3778e+00  14 6.50644e-01  
 49.4 6.3802e+00  14 6.50750e-01  
 49.5 6.3886e+00  14 6.51133e-01  
 49.6 6.3923e+00  14 6.51298e-01  
 49.7 6.3924e+00  14 6.51303e-01  
 49.8 6.3871e+00  14 6.51063e-01  
 49.9 6.3432e+00  14 6.49095e-01  
 50.0 6.3420e+00  14 6.49046e-01  
 50.1 6.2792e+00  14 6.46233e-01  
 50.2 6.2680e+00  14 6.45720e-01  
 50.3 6.2671e+00  14 6.45677e-01  
 50.4 6.2587e+00  14 6.45294e-01  
 50.5 6.2639e+00  14 6.45532e-01  
 50.6 6.2733e+00  14 6.45961e-01  
 50.7 6.2871e+00  14 6.46599e-01  
 50.8 6.3029e+00  14 6.47324e-01  
 50.9 6.3312e+00  14 6.48567e-01  
 51.0 6.3462e+00  14 6.49231e-01  
 51.1 6.3702e+00  14 6.50304e-01  
 51.2 6.3874e+00  14 6.51076e-01  
 51.3 6.4036e+00  14 6.51810e-01  
 51.4 6.4163e+00  14 6.52391e-01  
 51.5 6.4378e+00  14 6.53383e-01  
 51.6 6.4601e+00  14 6.54416e-01  
 51.7 6.4624e+00  14 6.54519e-01  
 51.8 6.4805e+00  14 6.55367e-01  
 51.9 6.4908e+00  14 6.55850e-01  
 52.0 6.5021e+00  14 6.56379e-01  
 52.1 6.5142e+00  14 6.56952e-01  
 52.2 6.5247e+00  14 6.57447e-01  
 52.3 6.5416e+00  14 6.58253e-01  
 52.4 6.5533e+00  14 6.58808e-01  
 52.5 6.5871e+00  14 6.60430e-01  
 52.6 6.6091e+00  14 6.61493e-01  
 52.7 6.6302e+00  14 6.62522e-01  
 52.8 6.6494e+00  14 6.63456e-01  
 52.9 6.6606e+00  14 6.64005e-01  
 53.0 6.6839e+00  14 6.65151e-01  
 53.1 6.6977e+00  14 6.65830e-01  
 53.2 6.7321e+00  14 6.67535e-01  
 53.3 6.7400e+00  14 6.67926e-01  
 53.4 6.7552e+00  14 6.68685e-01  
 53.5 6.7703e+00  14 6.69439e-01  
 53.6 6.7803e+00  14 6.69941e-01  
 53.7 6.7929e+00  14 6.70575e-01  
 53.8 6.8083e+00  14 6.71351e-01  
 53.9 6.8176e+00  14 6.71820e-01  
 54.0 6.8341e+00  14 6.72660e-01  
 54.1 6.8583e+00  14 6.73888e-01  
 54.2 6.8768e+00  14 6.74832e-01  
 54.3 6.3277e+00  14 6.48411e-01  
 54.4 6.3403e+00  14 6.48967e-01  
 54.5 6.3509e+00  14 6.49439e-01  
 54.6 6.3627e+00  14 6.49965e-01  
 54.7 6.3689e+00  14 6.50243e-01  
 54.8 6.3850e+00  14 6.50970e-01  
 54.9 6.3949e+00  14 6.51417e-01  
 55.0 6.4041e+00  14 6.51833e-01  
 55.1 6.4075e+00  14 6.51989e-01  
 55.2 6.4189e+00  14 6.52513e-01  
 55.3 6.4419e+00  14 6.53572e-01  
 55.4 6.4461e+00  14 6.53764e-01  
 55.5 6.4509e+00  14 6.53989e-01  
 55.6 6.4639e+00  14 6.54589e-01  
 55.7 6.4482e+00  14 6.53861e-01  
 55.8 6.4637e+00  14 6.54580e-01  
 55.9 7.1988e+00  14 6.91588e-01  
 56.0 7.2186e+00  14 6.92631e-01  
 56.1 7.2449e+00  14 6.94026e-01  
 56.2 7.2780e+00  14 6.95787e-01  
 56.3 7.2982e+00  14 6.96864e-01  
 56.4 7.3239e+00  14 6.98237e-01  
 56.5 7.3447e+00  14 6.99353e-01  
 56.6 7.3634e+00  14 7.00355e-01  
 56.7 7.3832e+00  14 7.01415e-01  
 56.8 7.4024e+00  14 7.02444e-01  
 56.9 7.4256e+00  14 7.03690e-01  
 57.0 7.4528e+00  14 7.05154e-01  
 57.1 7.4672e+00  14 7.05932e-01  
 57.2 7.4826e+00  14 7.06762e-01  
 57.3 7.4974e+00  14 7.07558e-01  
 57.4 7.5088e+00  14 7.08175e-01  
 57.5 7.5221e+00  14 7.08895e-01  
 57.6 7.5482e+00  14 7.10306e-01  
 57.7 7.5640e+00  14 7.11158e-01  
 57.8 7.5904e+00  14 7.12587e-01  
 57.9 7.6262e+00  14 7.14529e-01  
 58.0 7.6534e+00  14 7.16003e-01  
 58.1 7.6787e+00  14 7.17382e-01  
 58.2 6.8788e+00  14 6.74932e-01  
 58.3 6.8916e+00  14 6.75587e-01  
 58.4 6.9105e+00  14 6.76554e-01  
 58.5 6.9210e+00  14 6.77094e-01  
 58.6 6.9256e+00  14 6.77331e-01  
 58.7 6.9116e+00  14 6.76610e-01  
 58.8 6.9239e+00  14 6.77241e-01  
 58.9 6.9326e+00  14 6.77691e-01  
 59.0 6.9467e+00  14 6.78418e-01  
 59.1 6.9511e+00  14 6.78643e-01  
 59.2 6.9653e+00  14 6.79376e-01  
 59.3 6.9759e+00  14 6.79925e-01  
 59.4 6.9846e+00  14 6.80374e-01  
 59.5 6.9917e+00  14 6.80739e-01  
 59.6 7.0040e+00  14 6.81380e-01  
 59.7 7.0115e+00  14 6.81769e-01  
 59.8 7.0149e+00  14 6.81947e-01  
 59.9 6.9925e+00  14 6.80783e-01  
 60.0 7.0092e+00  14 6.81652e-01  
 60.1 7.0150e+00  14 6.81952e-01  
 60.2 8.1543e+00  14 7.43401e-01  
 60.3 8.1873e+00  14 7.45210e-01  
 60.4 8.2106e+00  14 7.46491e-01  
 60.5 8.2322e+00  14 7.47680e-01  
 60.6 8.2456e+00  14 7.48416e-01  
 60.7 8.2670e+00  14 7.49590e-01  
 60.8 8.3007e+00  14 7.51442e-01  
 60.9 8.3292e+00  14 7.53008e-01  
 61.0 8.3425e+00  14 7.53740e-01  
 61.1 8.3635e+00  14 7.54898e-01  
 61.2 8.3817e+00  14 7.55895e-01  
 61.3 8.3945e+00  14 7.56598e-01  
 61.4 8.4053e+00  14 7.57192e-01  
 61.5 8.4062e+00  14 7.57244e-01  
 61.6 7.4301e+00  14 7.03932e-01  
 61.7 7.4447e+00  14 7.04719e-01  
 61.8 7.4536e+00  14 7.05197e-01  
 61.9 7.4542e+00  14 7.05232e-01  
 62.0 7.4583e+00  14 7.05454e-01  
 62.1 7.4670e+00  14 7.05922e-01  
 62.2 7.4772e+00  14 7.06468e-01  
 62.3 7.4847e+00  14 7.06875e-01  
 62.4 7.4913e+00  14 7.07228e-01  
 62.5 7.4736e+00  14 7.06275e-01  
 62.6 7.4769e+00  14 7.06454e-01  
 62.7 7.4834e+00  14 7.06804e-01  
 62.8 7.4919e+00  14 7.07263e-01  
 62.9 7.5004e+00  14 7.07721e-01  
 63.0 7.5063e+00  14 7.08041e-01  
 63.1 7.5083e+00  14 7.08146e-01  
 63.2 7.5124e+00  14 7.08371e-01  
 63.3 7.5179e+00  14 7.08668e-01  
 63.4 7.5305e+00  14 7.09350e-01  
 63.5 7.5365e+00  14 7.09671e-01  
 63.6 7.5516e+00  14 7.10488e-01  
 63.7 7.5191e+00  14 7.08731e-01  
 63.8 7.5240e+00  14 7.08997e-01  
 63.9 9.0788e+00  14 7.94195e-01  
 64.0 9.1059e+00  14 7.95681e-01  
 64.1 9.1427e+00  14 7.97692e-01  
 64.2 9.1722e+00  14 7.99307e-01  
 64.3 9.2096e+00  14 8.01352e-01  
 64.4 9.2409e+00  14 8.03065e-01  
 64.5 9.2692e+00  14 8.04612e-01  
 64.6 9.2454e+00  14 8.03309e-01  
 64.7 7.9650e+00  14 7.33014e-01  
 64.8 7.9768e+00  14 7.33658e-01  
 64.9 7.9798e+00  14 7.33826e-01  
 65.0 7.9487e+00  14 7.32122e-01  
 65.1 7.9561e+00  14 7.32524e-01  
 65.2 7.9669e+00  14 7.33119e-01  
 65.3 7.9741e+00  14 7.33513e-01  
 65.4 7.9799e+00  14 7.33831e-01  
 65.5 7.9968e+00  14 7.34758e-01  
 65.6 8.0088e+00  14 7.35417e-01  
 65.7 8.0188e+00  14 7.35960e-01  
 65.8 8.0191e+00  14 7.35982e-01  
 65.9 8.0298e+00  14 7.36564e-01  
 66.0 8.0386e+00  14 7.37049e-01  
 66.1 8.0201e+00  14 7.36034e-01  
 66.2 8.0175e+00  14 7.35892e-01  
 66.3 8.0188e+00  14 7.35963e-01  
 66.4 8.0237e+00  14 7.36231e-01  
 66.5 8.0294e+00  14 7.36543e-01  
 66.6 8.0396e+00  14 7.37105e-01  
 66.7 8.0508e+00  14 7.37716e-01  
 66.8 8.0629e+00  14 7.38383e-01  
 66.9 8.0801e+00  14 7.39326e-01  
 67.0 8.0789e+00  14 7.39258e-01  
 67.1 9.9572e+00  14 8.41992e-01  
 67.2 9.9717e+00  14 8.42774e-01  
 67.3 9.9524e+00  14 8.41730e-01  
 67.4 9.9501e+00  14 8.41607e-01  
 67.5 8.5063e+00  14 7.62753e-01  
 67.6 8.5100e+00  14 7.62954e-01  
 67.7 8.5128e+00  14 7.63110e-01  
 67.8 8.5160e+00  14 7.63286e-01  
 67.9 8.5193e+00  14 7.63467e-01  
 68.0 8.5297e+00  14 7.64037e-01  
 68.1 8.5411e+00  14 7.64664e-01  
 68.2 8.5501e+00  14 7.65163e-01  
 68.3 8.5584e+00  14 7.65620e-01  
 68.4 8.5785e+00  14 7.66723e-01  
 68.5 8.5403e+00  14 7.64620e-01  
 68.6 8.5429e+00  14 7.64766e-01  
 68.7 8.5456e+00  14 7.64913e-01  
 68.8 8.5483e+00  14 7.65060e-01  
 68.9 8.5537e+00  14 7.65357e-01  
 69.0 8.5643e+00  14 7.65941e-01  
 69.1 8.5823e+00  14 7.66932e-01  
 69.2 8.5869e+00  14 7.67187e-01  
 69.3 8.5995e+00  14 7.67880e-01  
 69.4 8.6063e+00  14 7.68254e-01  
 69.5 8.5578e+00  14 7.65585e-01  
 69.6 8.5572e+00  14 7.65553e-01  
 69.7 8.5567e+00  14 7.65523e-01  
 69.8 8.5562e+00  14 7.65495e-01  
 69.9 8.5669e+00  14 7.66088e-01  
 70.0 8.5818e+00  14 7.66904e-01  
 70.1 8.5799e+00  14 7.66802e-01  
 70.2 1.0683e+01  14 8.80863e-01  
 70.3 9.0820e+00  14 7.94368e-01  
 70.4 9.0821e+00  14 7.94377e-01  
 70.5 9.0967e+00  14 7.95175e-01  
 70.6 9.1053e+00  14 7.95649e-01  
 70.7 9.1133e+00  14 7.96085e-01  
 70.8 9.1203e+00  14 7.96468e-01  
 70.9 9.0900e+00  14 7.94807e-01  
 71.0 9.0916e+00  14 7.94896e-01  
 71.1 9.0932e+00  14 7.94984e-01  
 71.2 9.0942e+00  14 7.95037e-01  
 71.3 9.0949e+00  14 7.95076e-01  
 71.4 9.1031e+00  14 7.95527e-01  
 71.5 9.1117e+00  14 7.95994e-01  
 71.6 9.1221e+00  14 7.96566e-01  
 71.7 9.1386e+00  14 7.97468e-01  
 71.8 9.1020e+00  14 7.95463e-01  
 71.9 9.0983e+00  14 7.95265e-01  
 72.0 9.0947e+00  14 7.95068e-01  
 72.1 9.0915e+00  14 7.94890e-01  
 72.2 9.0883e+00  14 7.94716e-01  
 72.3 9.0933e+00  14 7.94992e-01  
 72.4 9.0995e+00  14 7.95327e-01  
 72.5 9.1048e+00  14 7.95616e-01  
 72.6 9.1092e+00  14 7.95862e-01  
 72.7 9.0754e+00  14 7.94009e-01  
 72.8 9.0728e+00  14 7.93868e-01  
 72.9 9.0707e+00  14 7.93751e-01  
 73.0 9.0686e+00  14 7.93635e-01  
 73.1 9.0666e+00  14 7.93528e-01  
 73.2 9.6527e+00  14 8.25509e-01  
 73.3 9.6508e+00  14 8.25407e-01  
 73.4 9.6489e+00  14 8.25303e-01  
 73.5 9.6475e+00  14 8.25229e-01  
 73.6 9.6491e+00  14 8.25312e-01  
 73.7 9.6482e+00  14 8.25264e-01  
 73.8 9.6683e+00  14 8.26356e-01  
 73.9 9.6789e+00  14 8.26930e-01  
 74.0 9.6867e+00  14 8.27353e-01  
 74.1 9.6441e+00  14 8.25043e-01  
 74.2 9.6411e+00  14 8.24881e-01  
 74.3 9.6486e+00  14 8.25287e-01  
 74.4 9.6388e+00  14 8.24754e-01  
 74.5 9.6412e+00  14 8.24887e-01  
 74.6 9.6340e+00  14 8.24495e-01  
 74.7 9.6439e+00  14 8.25034e-01  
 74.8 9.6389e+00  14 8.24761e-01  
 74.9 9.6035e+00  14 8.22839e-01  
 75.0 9.6074e+00  14 8.23047e-01  
 75.1 9.6010e+00  14 8.22704e-01  
 75.2 9.5927e+00  14 8.22248e-01  
 75.3 9.5798e+00  14 8.21549e-01  
 75.4 9.5759e+00  14 8.21335e-01  
 75.5 9.5911e+00  14 8.22161e-01  
 75.6 9.5997e+00  14 8.22632e-01  
 75.7 9.6050e+00  14 8.22920e-01  
 75.8 9.5514e+00  14 8.20006e-01  
 75.9 9.5478e+00  14 8.19811e-01  
 76.0 1.0218e+01  14 8.56050e-01  
 76.1 1.0217e+01  14 8.56004e-01  
 76.2 1.0239e+01  14 8.57133e-01  
 76.3 1.0215e+01  14 8.55855e-01  
 76.4 1.0213e+01  14 8.55739e-01  
 76.5 1.0211e+01  14 8.55630e-01  
 76.6 1.0199e+01  14 8.54985e-01  
 76.7 1.0198e+01  14 8.54967e-01  
 76.8 1.0200e+01  14 8.55064e-01  
 76.9 1.0202e+01  14 8.55146e-01  
 77.0 1.0198e+01  14 8.54958e-01  
 77.1 1.0197e+01  14 8.54923e-01  
 77.2 1.0181e+01  14 8.54052e-01  
 77.3 1.0170e+01  14 8.53439e-01  
 77.4 1.0169e+01  14 8.53389e-01  
 77.5 1.0153e+01  14 8.52545e-01  
 77.6 1.0156e+01  14 8.52679e-01  
 77.7 1.0150e+01  14 8.52369e-01  
 77.8 1.0156e+01  14 8.52674e-01  
 77.9 1.0139e+01  14 8.51795e-01  
 78.0 1.0126e+01  14 8.51106e-01  
 78.1 1.0130e+01  14 8.51298e-01  
 78.2 1.0116e+01  14 8.50567e-01  
 78.3 1.0123e+01  14 8.50930e-01  
 78.4 1.0114e+01  14 8.50459e-01  
 78.5 1.0118e+01  14 8.50636e-01  
 78.6 1.0123e+01  14 8.50901e-01  
 78.7 1.0841e+01  14 8.89241e-01  
 78.8 1.0812e+01  14 8.87715e-01  
 78.9 1.0809e+01  14 8.87553e-01  
 79.0 1.0812e+01  14 8.87708e-01  
 79.1 1.0812e+01  14 8.87714e-01  
 79.2 1.0810e+01  14 8.87619e-01  
 79.3 1.0823e+01  14 8.88311e-01  
 79.4 1.0792e+01  14 8.86636e-01  
 79.5 1.0764e+01  14 8.85181e-01  
 79.6 1.0760e+01  14 8.84981e-01  
 79.7 1.0755e+01  14 8.84701e-01  
 79.8 1.0733e+01  14 8.83506e-01  
 79.9 1.0736e+01  14 8.83684e-01  
 80.0 1.0734e+01  14 8.83600e-01  
 80.1 1.0711e+01  14 8.82378e-01  
 80.2 1.0713e+01  14 8.82484e-01  
 80.3 1.0708e+01  14 8.82186e-01  
 80.4 1.0688e+01  14 8.81127e-01  
 80.5 1.0690e+01  14 8.81227e-01  
 80.6 1.0686e+01  14 8.81015e-01  
 80.7 1.0679e+01  14 8.80650e-01  
 80.8 1.0685e+01  14 8.80985e-01  
 80.9 1.0652e+01  14 8.79250e-01  
 81.0 1.0649e+01  14 8.79078e-01  
 81.1 1.0622e+01  14 8.77614e-01  
 81.2 1.0608e+01  14 8.76885e-01  
 81.3 1.0597e+01  14 8.76313e-01  
 81.4 1.0589e+01  14 8.75855e-01  
 81.5 1.1426e+01  14 9.19970e-01  
 81.6 1.1401e+01  14 9.18698e-01  
 81.7 1.1392e+01  14 9.18241e-01  
 81.8 1.1379e+01  14 9.17536e-01  
 81.9 1.1373e+01  14 9.17199e-01  
 82.0 1.1356e+01  14 9.16327e-01  
 82.1 1.1351e+01  14 9.16083e-01  
 82.2 1.1344e+01  14 9.15685e-01  
 82.3 1.1352e+01  14 9.16110e-01  
 82.4 1.1345e+01  14 9.15753e-01  
 82.5 1.1324e+01  14 9.14667e-01  
 82.6 1.1314e+01  14 9.14136e-01  
 82.7 1.1295e+01  14 9.13166e-01  
 82.8 1.1282e+01  14 9.12480e-01  
 82.9 1.1254e+01  14 9.11019e-01  
 83.0 1.1245e+01  14 9.10497e-01  
 83.1 1.1255e+01  14 9.11034e-01  
 83.2 1.1224e+01  14 9.09406e-01  
 83.3 1.1205e+01  14 9.08412e-01  
 83.4 1.1191e+01  14 9.07676e-01  
 83.5 1.1180e+01  14 9.07092e-01  
 83.6 1.1170e+01  14 9.06602e-01  
 83.7 1.1164e+01  14 9.06247e-01  
 83.8 1.1162e+01  14 9.06152e-01  
 83.9 1.1164e+01  14 9.06246e-01  
 84.0 1.1147e+01  14 9.05388e-01  
 84.1 1.1138e+01  14 9.04916e-01  
 84.2 1.2038e+01  14 9.51663e-01  
 84.3 1.2020e+01  14 9.50761e-01  
 84.4 1.2013e+01  14 9.50386e-01  
 84.5 1.1988e+01  14 9.49130e-01  
 84.6 1.1966e+01  14 9.48002e-01  
 84.7 1.1962e+01  14 9.47765e-01  
 84.8 1.1943e+01  14 9.46799e-01  
 84.9 1.1913e+01  14 9.45254e-01  
 85.0 1.1911e+01  14 9.45167e-01  
 85.1 1.1883e+01  14 9.43709e-01  
 85.2 1.1875e+01  14 9.43313e-01  
 85.3 1.1844e+01  14 9.41669e-01  
 85.4 1.1838e+01  14 9.41405e-01  
 85.5 1.1812e+01  14 9.40024e-01  
 85.6 1.1805e+01  14 9.39700e-01  
 85.7 1.1783e+01  14 9.38543e-01  
 85.8 1.1787e+01  14 9.38750e-01  
 85.9 1.1775e+01  14 9.38138e-01  
 86.0 1.1768e+01  14 9.37742e-01  
 86.1 1.1761e+01  14 9.37416e-01  
 86.2 1.1747e+01  14 9.36688e-01  
 86.3 1.1745e+01  14 9.36553e-01  
 86.4 1.1725e+01  14 9.35549e-01  
 86.5 1.1728e+01  14 9.35680e-01  
 86.6 1.1721e+01  14 9.35311e-01  
 86.7 1.1709e+01  14 9.34728e-01  
 86.8 1.1697e+01  14 9.34100e-01  
 86.9 1.1690e+01  14 9.33700e-01  
 87.0 1.2643e+01  14 9.82514e-01  
 87.1 1.2647e+01  14 9.82759e-01  
 87.2 1.2635e+01  14 9.82128e-01  
 87.3 1.2630e+01  14 9.81874e-01  
 87.4 1.2591e+01  14 9.79891e-01  
 87.5 1.2574e+01  14 9.79057e-01  
 87.6 1.2563e+01  14 9.78466e-01  
 87.7 1.2534e+01  14 9.77003e-01  
 87.8 1.2524e+01  14 9.76518e-01  
 87.9 1.2516e+01  14 9.76087e-01  
 88.0 1.2496e+01  14 9.75085e-01  
 88.1 1.2493e+01  14 9.74939e-01  
 88.2 1.2472e+01  14 9.73858e-01  
 88.3 1.2472e+01  14 9.73833e-01  
 88.4 1.2446e+01  14 9.72549e-01  
 88.5 1.2449e+01  14 9.72701e-01  
 88.6 1.2402e+01  14 9.70305e-01  
 88.7 1.2391e+01  14 9.69735e-01  
 88.8 1.2379e+01  14 9.69112e-01  
 88.9 1.2366e+01  14 9.68459e-01  
 89.0 1.2343e+01  14 9.67295e-01  
 89.1 1.2326e+01  14 9.66424e-01  
 89.2 1.2315e+01  14 9.65863e-01  
 89.3 1.2299e+01  14 9.65044e-01  
 89.4 1.2279e+01  14 9.64018e-01  
 89.5 1.2256e+01  14 9.62823e-01  
 89.6 1.2229e+01  14 9.61452e-01  
 89.7 1.3115e+01  14 1.00000e+00  
 89.8 1.3108e+01  14 1.00000e+00  
 89.9 1.3106e+01  14 1.00000e+00  
 90.0 1.3097e+01  14 1.00000e+00  
 90.1 1.3086e+01  14 1.00000e+00  
 90.2 1.3077e+01  14 1.00000e+00  
 90.3 1.3075e+01  14 1.00000e+00  
 90.4 1.3068e+01  14 1.00000e+00  
 90.5 1.3059e+01  14 1.00000e+00  
 90.6 1.3057e+01  14 1.00000e+00  
 90.7 1.3045e+01  14 1.00000e+00  
 90.8 1.3040e+01  14 1.00000e+00  
 90.9 1.3037e+01  14 1.00000e+00  
 91.0 1.3032e+01  14 1.00000e+00  
 91.1 1.3026e+01  14 1.00000e+00  
 91.2 1.3020e+01  14 1.00000e+00  
 91.3 1.3013e+01  14 1.00000e+00  
 91.4 1.3006e+01  14 1.00000e+00  
 91.5 1.2997e+01  14 1.00000e+00  
 91.6 1.2982e+01  14 9.99638e-01  
 91.7 1.2980e+01  14 9.99529e-01  
 91.8 1.2953e+01  14 9.98150e-01  
 91.9 1.2921e+01  14 9.96544e-01  
 92.0 1.2900e+01  14 9.95480e-01  
 92.1 1.2874e+01  14 9.94204e-01  
 92.2 1.2832e+01  14 9.92073e-01  
 92.3 1.2813e+01  14 9.91124e-01  
 92.4 1.2786e+01  14 9.89779e-01  
 92.5 1.2749e+01  14 9.87877e-01  
 92.6 1.3355e+01  14 1.00000e+00  
 92.7 1.3347e+01  14 1.00000e+00  
 92.8 1.3343e+01  14 1.00000e+00  
 92.9 1.3333e+01  14 1.00000e+00  
 93.0 1.3318e+01  14 1.00000e+00  
 93.1 1.3311e+01  14 1.00000e+00  
 93.2 1.3304e+01  14 1.00000e+00  
 93.3 1.3295e+01  14 1.00000e+00  
 93.4 1.3294e+01  14 1.00000e+00  
 93.5 1.3283e+01  14 1.00000e+00  
 93.6 1.3284e+01  14 1.00000e+00  
 93.7 1.3274e+01  14 1.00000e+00  
 93.8 1.3272e+01  14 1.00000e+00  
 93.9 1.3267e+01  14 1.00000e+00  
 94.0 1.3258e+01  14 1.00000e+00  
 94.1 1.3256e+01  14 1.00000e+00  
 94.2 1.3257e+01  14 1.00000e+00  
 94.3 1.3237e+01  14 1.00000e+00  
 94.4 1.3227e+01  14 1.00000e+00  
 94.5 1.3219e+01  14 1.00000e+00  
 94.6 1.3210e+01  14 1.00000e+00  
 94.7 1.3197e+01  14 1.00000e+00  
 94.8 1.3196e+01  14 1.00000e+00  
 94.9 1.3190e+01  14 1.00000e+00  
 95.0 1.3179e+01  14 1.00000e+00  
 95.1 1.3160e+01  14 1.00000e+00  
 95.2 1.3153e+01  14 1.00000e+00  
 95.3 1.3145e+01  14 1.00000e+00  
 95.4 1.3622e+01  14 1.00000e+00  
 95.5 1.3596e+01  14 1.00000e+00  
 95.6 1.3592e+01  14 1.00000e+00  
 95.7 1.3586e+01  14 1.00000e+00  
 95.8 1.3584e+01  14 1.00000e+00  
 95.9 1.3573e+01  14 1.00000e+00  
 96.0 1.3567e+01  14 1.00000e+00  
 96.1 1.3563e+01  14 1.00000e+00  
 96.2 1.3552e+01  14 1.00000e+00  
 96.3 1.3542e+01  14 1.00000e+00  
 96.4 1.3532e+01  14 1.00000e+00  
 96.5 1.3524e+01  14 1.00000e+00  
 96.6 1.3519e+01  14 1.00000e+00  
 96.7 1.3514e+01  14 1.00000e+00  
 96.8 1.3510e+01  14 1.00000e+00  
 96.9 1.3500e+01  14 1.00000e+00  
 97.0 1.3490e+01  14 1.00000e+00  
 97.1 1.3477e+01  14 1.00000e+00  
 97.2 1.3475e+01  14 1.00000e+00  
 97.3 1.3460e+01  14 1.00000e+00  
 97.4 1.3456e+01  14 1.00000e+00  
 97.5 1.3448e+01  14 1.00000e+00  
 97.6 1.3438e+01  14 1.00000e+00  
 97.7 1.3426e+01  14 1.00000e+00  
 97.8 1.3410e+01  14 1.00000e+00  
 97.9 1.3404e+01  14 1.00000e+00  
 98.0 1.3390e+01  14 1.00000e+00  
 98.1 1.3382e+01  14 1.00000e+00  
 98.2 1.3365e+01  14 1.00000e+00  
 98.3 1.3846e+01  14 1.00000e+00  
 98.4 1.3858e+01  14 1.00000e+00  
 98.5 1.3851e+01  14 1.00000e+00  
 98.6 1.3841e+01  14 1.00000e+00  
 98.7 1.3826e+01  14 1.00000e+00  
 98.8 1.3826e+01  14 1.00000e+00  
 98.9 1.3816e+01  14 1.00000e+00  
 99.0 1.3799e+01  14 1.00000e+00  
 99.1 1.3795e+01  14 1.00000e+00  
 99.2 1.3781e+01  14 1.00000e+00  
 99.3 1.3773e+01  14 1.00000e+00  
 99.4 1.3764e+01  14 1.00000e+00  
 99.5 1.3752e+01  14 1.00000e+00  
 99.6 1.3743e+01  14 1.00000e+00  
 99.7 1.3734e+01  14 1.00000e+00  
 99.8 1.3725e+01  14 1.00000e+00  
 99.9 1.3712e+01  14 1.00000e+00  
100.0 1.3704e+01  14 1.00000e+00  
100.1 1.3695e+01  14 1.00000e+00  
100.2 1.3696e+01  14 1.00000e+00  
100.3 1.3672e+01  14 1.00000e+00  
100.4 1.3662e+01  14 1.00000e+00  
100.5 1.3655e+01  14 1.00000e+00  
100.6 1.3647e+01  14 1.00000e+00  
100.7 1.3636e+01  14 1.00000e+00  
100.8 1.3631e+01  14 1.00000e+00  
100.9 1.3627e+01  14 1.00000e+00  
101.0 1.3619e+01  14 1.00000e+00  
101.1 1.3593e+01  14 1.00000e+00  
101.2 1.4098e+01  14 1.00000e+00  
101.3 1.4097e+01  14 1.00000e+00  
101.4 1.4090e+01  14 1.00000e+00  
101.5 1.4078e+01  14 1.00000e+00  
101.6 1.4079e+01  14 1.00000e+00  
101.7 1.4051e+01  14 1.00000e+00  
101.8 1.4044e+01  14 1.00000e+00  
101.9 1.4041e+01  14 1.00000e+00  
102.0 1.4036e+01  14 1.00000e+00  
102.1 1.4029e+01  14 1.00000e+00  
102.2 1.4020e+01  14 1.00000e+00  
102.3 1.4009e+01  14 1.00000e+00  
102.4 1.3997e+01  14 1.00000e+00  
102.5 1.3985e+01  14 1.00000e+00  
102.6 1.3973e+01  14 1.00000e+00  
102.7 1.3960e+01  14 1.00000e+00  
102.8 1.3948e+01  14 1.00000e+00  
102.9 1.3937e+01  14 1.00000e+00  
103.0 1.3920e+01  14 1.00000e+00  
103.1 1.3924e+01  14 1.00000e+00  
103.2 1.3917e+01  14 1.00000e+00  
103.3 1.3903e+01  14 1.00000e+00  
103.4 1.3872e+01  14 1.00000e+00  
103.5 1.3861e+01  14 1.00000e+00  
103.6 1.3852e+01  14 1.00000e+00  
103.7 1.3863e+01  14 1.00000e+00  
103.8 1.3850e+01  14 1.00000e+00  
103.9 1.3842e+01  14 1.00000e+00  
104.0 1.3829e+01  14 1.00000e+00  
104.1 1.3816e+01  14 1.00000e+00  
104.2 1.4338e+01  14 1.00000e+00  
104.3 1.4328e+01  14 1.00000e+00  
104.4 1.4317e+01  14 1.00000e+00  
104.5 1.4305e+01  14 1.00000e+00  
104.6 1.4292e+01  14 1.00000e+00  
104.7 1.4303e+01  14 1.00000e+00  
104.8 1.4303e+01  14 1.00000e+00  
104.9 1.4292e+01  14 1.00000e+00  
105.0 1.4280e+01  14 1.00000e+00  
105.1 1.4262e+01  14 1.00000e+00  
105.2 1.4244e+01  14 1.00000e+00  
105.3 1.4228e+01  14 1.00000e+00  
105.4 1.4210e+01  14 1.00000e+00  
105.5 1.4195e+01  14 1.00000e+00  
105.6 1.4187e+01  14 1.00000e+00  
105.7 1.4178e+01  14 1.00000e+00  
105.8 1.4167e+01  14 1.00000e+00  
105.9 1.4157e+01  14 1.00000e+00  
106.0 1.4153e+01  14 1.00000e+00  
106.1 1.4148e+01  14 1.00000e+00  
106.2 1.4120e+01  14 1.00000e+00  
106.3 1.4111e+01  14 1.00000e+00  
106.4 1.4099e+01  14 1.00000e+00  
106.5 1.4094e+01  14 1.00000e+00  
106.6 1.4088e+01  14 1.00000e+00  
106.7 1.4081e+01  14 1.00000e+00  
106.8 1.4071e+01  14 1.00000e+00  
106.9 1.4042e+01  14 1.00000e+00  
107.0 1.4037e+01  14 1.00000e+00  
107.1 1.4028e+01  14 1.00000e+00  
107.2 1.4582e+01  14 1.00000e+00  
107.3 1.4573e+01  14 1.00000e+00  
107.4 1.4562e+01  14 1.00000e+00  
107.5 1.4563e+01  14 1.00000e+00  
107.6 1.4535e+01  14 1.00000e+00  
107.7 1.4521e+01  14 1.00000e+00  
107.8 1.4517e+01  14 1.00000e+00  
107.9 1.4510e+01  14 1.00000e+00  
108.0 1.4496e+01  14 1.00000e+00  
108.1 1.4483e+01  14 1.00000e+00  
108.2 1.4466e+01  14 1.00000e+00  
108.3 1.4450e+01  14 1.00000e+00  
108.4 1.4436e+01  14 1.00000e+00  
108.5 1.4423e+01  14 1.00000e+00  
108.6 1.4417e+01  14 1.00000e+00  
108.7 1.4404e+01  14 1.00000e+00  
108.8 1.4400e+01  14 1.00000e+00  
108.9 1.4370e+01  14 1.00000e+00  
109.0 1.4361e+01  14 1.00000e+00  
109.1 1.4353e+01  14 1.00000e+00  
109.2 1.4342e+01  14 1.00000e+00  
109.3 1.4331e+01  14 1.00000e+00  
109.4 1.4317e+01  14 1.00000e+00  
109.5 1.4302e+01  14 1.00000e+00  
109.6 1.4293e+01  14 1.00000e+00  
109.7 1.4302e+01  14 1.00000e+00  
109.8 1.4279e+01  14 1.00000e+00  
109.9 1.4267e+01  14 1.00000e+00  
110.0 1.4256e+01  14 1.00000e+00  
110.1 1.4245e+01  14 1.00000e+00  
110.2 1.4814e+01  14 1.00000e+00  
110.3 1.4805e+01  14 1.00000e+00  
110.4 1.4795e+01  14 1.00000e+00  
110.5 1.4781e+01  14 1.00000e+00  
110.6 1.4765e+01  14 1.00000e+00  
110.7 1.4771e+01  14 1.00000e+00  
110.8 1.4751e+01  14 1.00000e+00  
110.9 1.4730e+01  14 1.00000e+00  
111.0 1.4722e+01  14 1.00000e+00  
111.1 1.4704e+01  14 1.00000e+00  
111.2 1.4685e+01  14 1.00000e+00  
111.3 1.4667e+01  14 1.00000e+00  
111.4 1.4654e+01  14 1.00000e+00  
111.5 1.4648e+01  14 1.00000e+00  
111.6 1.4640e+01  14 1.00000e+00  
111.7 1.4630e+01  14 1.00000e+00  
111.8 1.4625e+01  14 1.00000e+00  
111.9 1.4590e+01  14 1.00000e+00  
112.0 1.4587e+01  14 1.00000e+00  
112.1 1.4582e+01  14 1.00000e+00  
112.2 1.4574e+01  14 1.00000e+00  
112.3 1.4565e+01  14 1.00000e+00  
112.4 1.4539e+01  14 1.00000e+00  
112.5 1.4521e+01  14 1.00000e+00  
112.6 1.4518e+01  14 1.00000e+00  
112.7 1.4508e+01  14 1.00000e+00  
112.8 1.4496e+01  14 1.00000e+00  
112.9 1.4486e+01  14 1.00000e+00  
113.0 1.4475e+01  14 1.00000e+00  
113.1 1.4458e+01  14 1.00000e+00  
113.2 1.4447e+01  14 1.00000e+00  
113.3 1.4893e+01  14 1.00000e+00  
113.4 1.4879e+01  14 1.00000e+00  
113.5 1.4868e+01  14 1.00000e+00  
113.6 1.4853e+01  14 1.00000e+00  
113.7 1.4838e+01  14 1.00000e+00  
113.8 1.4824e+01  14 1.00000e+00  
113.9 1.4808e+01  14 1.00000e+00  
114.0 1.4794e+01  14 1.00000e+00  
114.1 1.4785e+01  14 1.00000e+00  
114.2 1.4763e+01  14 1.00000e+00  
114.3 1.4905e+01  14 1.00000e+00  
114.4 1.4892e+01  14 1.00000e+00  
114.5 1.4870e+01  14 1.00000e+00  
114.6 1.4866e+01  14 1.00000e+00  
114.7 1.4853e+01  14 1.00000e+00  
114.8 1.4838e+01  14 1.00000e+00  
114.9 1.4825e+01  14 1.00000e+00  
115.0 1.4812e+01  14 1.00000e+00  
115.1 1.4801e+01  14 1.00000e+00  
115.2 1.4787e+01  14 1.00000e+00  
115.3 1.4765e+01  14 1.00000e+00  
115.4 1.4760e+01  14 1.00000e+00  
115.5 1.4763e+01  14 1.00000e+00  
115.6 1.4744e+01  14 1.00000e+00  
115.7 1.4728e+01  14 1.00000e+00  
115.8 1.4714e+01  14 1.00000e+00  
115.9 1.4701e+01  14 1.00000e+00  
116.0 1.4686e+01  14 1.00000e+00  
116.1 1.4665e+01  14 1.00000e+00  
116.2 1.4663e+01  14 1.00000e+00  
116.3 1.4651e+01  14 1.00000e+00  
116.4 1.4838e+01  14 1.00000e+00  
116.5 1.4820e+01  14 1.00000e+00  
116.6 1.4805e+01  14 1.00000e+00  
116.7 1.4786e+01  14 1.00000e+00  
116.8 1.4764e+01  14 1.00000e+00  
116.9 1.4901e+01  14 1.00000e+00  
117.0 1.4884e+01  14 1.00000e+00  
117.1 1.4868e+01  14 1.00000e+00  
117.2 1.4867e+01  14 1.00000e+00  
117.3 1.4847e+01  14 1.00000e+00  
117.4 1.4832e+01  14 1.00000e+00  
117.5 1.4819e+01  14 1.00000e+00  
117.6 1.4804e+01  14 1.00000e+00  
117.7 1.4785e+01  14 1.00000e+00  
117.8 1.4764e+01  14 1.00000e+00  
117.9 1.4758e+01  14 1.00000e+00  
118.0 1.4892e+01  14 1.00000e+00  
118.1 1.4870e+01  14 1.00000e+00  
118.2 1.4867e+01  14 1.00000e+00  
118.3 1.4857e+01  14 1.00000e+00  
118.4 1.4839e+01  14 1.00000e+00  
118.5 1.4827e+01  14 1.00000e+00  
118.6 1.4816e+01  14 1.00000e+00  
118.7 1.4806e+01  14 1.00000e+00  
118.8 1.4943e+01  14 1.00000e+00  
118.9 1.4931e+01  14 1.00000e+00  
119.0 1.4763e+01  14 1.00000e+00  
119.1 1.4897e+01  14 1.00000e+00  
119.2 1.4882e+01  14 1.00000e+00  
119.3 1.4867e+01  14 1.00000e+00  
119.4 1.4856e+01  14 1.00000e+00  
119.5 1.4806e+01  14 1.00000e+00  
119.6 1.4934e+01  14 1.00000e+00  
119.7 1.4758e+01  14 1.00000e+00  
119.8 1.4893e+01  14 1.00000e+00  
119.9 1.4869e+01  14 1.00000e+00  
120.0 1.4858e+01  14 1.00000e+00  
120.1 1.4837e+01  14 1.00000e+00  
120.2 1.4822e+01  14 1.00000e+00  
120.3 1.4803e+01  14 1.00000e+00  
120.4 1.4793e+01  14 1.00000e+00  
120.5 1.4774e+01  14 1.00000e+00  
120.6 1.4906e+01  14 1.00000e+00  
120.7 1.4892e+01  14 1.00000e+00  
120.8 1.4868e+01  14 1.00000e+00  
120.9 1.4863e+01  14 1.00000e+00  
121.0 1.4842e+01  14 1.00000e+00  
121.1 1.4830e+01  14 1.00000e+00  
121.2 1.4814e+01  14 1.00000e+00  
121.3 1.4800e+01  14 1.00000e+00  
121.4 1.4782e+01  14 1.00000e+00  
121.5 1.4766e+01  14 1.00000e+00  
121.6 1.4774e+01  14 1.00000e+00  
121.7 1.4891e+01  14 1.00000e+00  
121.8 1.4870e+01  14 1.00000e+00  
121.9 1.4865e+01  14 1.00000e+00  
122.0 1.4853e+01  14 1.00000e+00  
122.1 1.4832e+01  14 1.00000e+00  
122.2 1.4812e+01  14 1.00000e+00  
122.3 1.4799e+01  14 1.00000e+00  
122.4 1.4780e+01  14 1.00000e+00  
122.5 1.4911e+01  14 1.00000e+00  
122.6 1.4840e+01  14 1.00000e+00  
122.7 1.4814e+01  14 1.00000e+00  
122.8 1.4789e+01  14 1.00000e+00  
122.9 1.4764e+01  14 1.00000e+00  
123.0 1.4893e+01  14 1.00000e+00  
123.1 1.4866e+01  14 1.00000e+00  
123.2 1.4843e+01  14 1.00000e+00  
123.3 1.4815e+01  14 1.00000e+00  
123.4 1.4798e+01  14 1.00000e+00  
123.5 1.4923e+01  14 1.00000e+00  
123.6 1.4907e+01  14 1.00000e+00  
123.7 1.4881e+01  14 1.00000e+00  
123.8 1.4867e+01  14 1.00000e+00  
123.9 1.4852e+01  14 1.00000e+00  
124.0 1.4831e+01  14 1.00000e+00  
124.1 1.4813e+01  14 1.00000e+00  
124.2 1.4787e+01  14 1.00000e+00  
124.3 1.4767e+01  14 1.00000e+00  
124.4 1.4908e+01  14 1.00000e+00  
124.5 1.4883e+01  14 1.00000e+00  
124.6 1.4869e+01  14 1.00000e+00  
124.7 1.4858e+01  14 1.00000e+00  
124.8 1.4841e+01  14 1.00000e+00  
124.9 1.4823e+01  14 1.00000e+00  
125.0 1.4806e+01  14 1.00000e+00  
125.1 1.4932e+01  14 1.00000e+00  
125.2 1.4909e+01  14 1.00000e+00  
125.3 1.4891e+01  14 1.00000e+00  
125.4 1.4868e+01  14 1.00000e+00  
125.5 1.4855e+01  14 1.00000e+00  
125.6 1.4836e+01  14 1.00000e+00  
125.7 1.4892e+01  14 1.00000e+00  
125.8 1.4866e+01  14 1.00000e+00  
125.9 1.4841e+01  14 1.00000e+00  
126.0 1.4820e+01  14 1.00000e+00  
126.1 1.4799e+01  14 1.00000e+00  
126.2 1.4765e+01  14 1.00000e+00  
126.3 1.4775e+01  14 1.00000e+00  
126.4 1.4872e+01  14 1.00000e+00  
126.5 1.4861e+01  14 1.00000e+00  
126.6 1.4838e+01  14 1.00000e+00  
126.7 1.4808e+01  14 1.00000e+00  
126.8 1.4803e+01  14 1.00000e+00  
126.9 1.4776e+01  14 1.00000e+00  
127.0 1.4898e+01  14 1.00000e+00  
127.1 1.4878e+01  14 1.00000e+00  
127.2 1.4858e+01  14 1.00000e+00  
127.3 1.4832e+01  14 1.00000e+00  
127.4 1.4809e+01  14 1.00000e+00  
127.5 1.4943e+01  14 1.00000e+00  
127.6 1.4911e+01  14 1.00000e+00  
127.7 1.4895e+01  14 1.00000e+00  
127.8 1.4864e+01  14 1.00000e+00  
127.9 1.4839e+01  14 1.00000e+00  
128.0 1.4810e+01  14 1.00000e+00  
128.1 1.4773e+01  14 1.00000e+00  
128.2 1.4759e+01  14 1.00000e+00  
128.3 1.4868e+01  14 1.00000e+00  
128.4 1.4853e+01  14 1.00000e+00  
128.5 1.4831e+01  14 1.00000e+00  
128.6 1.4809e+01  14 1.00000e+00  
128.7 1.4790e+01  14 1.00000e+00  
128.8 1.4916e+01  14 1.00000e+00  
128.9 1.4764e+01  14 1.00000e+00  
129.0 1.4886e+01  14 1.00000e+00  
129.1 1.4869e+01  14 1.00000e+00  
129.2 1.4853e+01  14 1.00000e+00  
129.3 1.4831e+01  14 1.00000e+00  
129.4 1.4809e+01  14 1.00000e+00  
129.5 1.4789e+01  14 1.00000e+00  
129.6 1.4924e+01  14 1.00000e+00  
129.7 1.4891e+01  14 1.00000e+00  
129.8 1.4873e+01  14 1.00000e+00  
129.9 1.4858e+01  14 1.00000e+00  
130.0 1.4832e+01  14 1.00000e+00  
130.1 1.4821e+01  14 1.00000e+00  
130.2 1.4808e+01  14 1.00000e+00  
130.3 1.4772e+01  14 1.00000e+00  
130.4 1.4758e+01  14 1.00000e+00  
130.5 1.4886e+01  14 1.00000e+00  
130.6 1.4862e+01  14 1.00000e+00  
130.7 1.4840e+01  14 1.00000e+00  
130.8 1.4820e+01  14 1.00000e+00  
130.9 1.4800e+01  14 1.00000e+00  
131.0 1.4765e+01  14 1.00000e+00  
131.1 1.4892e+01  14 1.00000e+00  
131.2 1.4855e+01  14 1.00000e+00  
131.3 1.4826e+01  14 1.00000e+00  
131.4 1.4800e+01  14 1.00000e+00  
131.5 1.4924e+01  14 1.00000e+00  
131.6 1.4883e+01  14 1.00000e+00  
131.7 1.4853e+01  14 1.00000e+00  
131.8 1.4821e+01  14 1.00000e+00  
131.9 1.4799e+01  14 1.00000e+00  
132.0 1.4765e+01  14 1.00000e+00  
132.1 1.4770e+01  14 1.00000e+00  
132.2 1.4932e+01  14 1.00000e+00  
132.3 1.4894e+01  14 1.00000e+00  
132.4 1.4886e+01  14 1.00000e+00  
132.5 1.4866e+01  14 1.00000e+00  
132.6 1.4847e+01  14 1.00000e+00  
132.7 1.4828e+01  14 1.00000e+00  
132.8 1.4811e+01  14 1.00000e+00  
132.9 1.4786e+01  14 1.00000e+00  
133.0 1.4764e+01  14 1.00000e+00  
133.1 1.4773e+01  14 1.00000e+00  
133.2 1.4870e+01  14 1.00000e+00  
133.3 1.4863e+01  14 1.00000e+00  
133.4 1.4849e+01  14 1.00000e+00  
133.5 1.4827e+01  14 1.00000e+00  
133.6 1.4808e+01  14 1.00000e+00  
133.7 1.4786e+01  14 1.00000e+00  
133.8 1.4768e+01  14 1.00000e+00  
133.9 1.4891e+01  14 1.00000e+00  
134.0 1.4870e+01  14 1.00000e+00  
134.1 1.4844e+01  14 1.00000e+00  
134.2 1.4813e+01  14 1.00000e+00  
134.3 1.4944e+01  14 1.00000e+00  
134.4 1.4908e+01  14 1.00000e+00  
134.5 1.4872e+01  14 1.00000e+00  
134.6 1.4852e+01  14 1.00000e+00  
134.7 1.4822e+01  14 1.00000e+00  
134.8 1.4795e+01  14 1.00000e+00  
134.9 1.4764e+01  14 1.00000e+00  
135.0 1.4892e+01  14 1.00000e+00  
135.1 1.4862e+01  14 1.00000e+00  
135.2 1.4828e+01  14 1.00000e+00  
135.3 1.4806e+01  14 1.00000e+00  
135.4 1.4780e+01  14 1.00000e+00  
135.5 1.4900e+01  14 1.00000e+00  
135.6 1.4863e+01  14 1.00000e+00  
135.7 1.4834e+01  14 1.00000e+00  
135.8 1.4811e+01  14 1.00000e+00  
135.9 1.4861e+01  14 1.00000e+00  
136.0 1.4842e+01  14 1.00000e+00  
136.1 1.4825e+01  14 1.00000e+00  
136.2 1.4808e+01  14 1.00000e+00  
136.3 1.4786e+01  14 1.00000e+00  
136.4 1.4768e+01  14 1.00000e+00  
136.5 1.4891e+01  14 1.00000e+00  
136.6 1.4882e+01  14 1.00000e+00  
136.7 1.4865e+01  14 1.00000e+00  
136.8 1.4859e+01  14 1.00000e+00  
136.9 1.4838e+01  14 1.00000e+00  
137.0 1.4818e+01  14 1.00000e+00  
137.1 1.4796e+01  14 1.00000e+00  
137.2 1.4761e+01  14 1.00000e+00  
137.3 1.4891e+01  14 1.00000e+00  
137.4 1.4868e+01  14 1.00000e+00  
137.5 1.4837e+01  14 1.00000e+00  
137.6 1.4814e+01  14 1.00000e+00  
137.7 1.4782e+01  14 1.00000e+00  
137.8 1.4765e+01  14 1.00000e+00  
137.9 1.4885e+01  14 1.00000e+00  
138.0 1.4853e+01  14 1.00000e+00  
138.1 1.4830e+01  14 1.00000e+00  
138.2 1.4801e+01  14 1.00000e+00  
138.3 1.4783e+01  14 1.00000e+00  
138.4 1.4902e+01  14 1.00000e+00  
138.5 1.4867e+01  14 1.00000e+00  
138.6 1.4843e+01  14 1.00000e+00  
138.7 1.4818e+01  14 1.00000e+00  
138.8 1.4950e+01  14 1.00000e+00  
138.9 1.4764e+01  14 1.00000e+00  
139.0 1.4772e+01  14 1.00000e+00  
139.1 1.4858e+01  14 1.00000e+00  
139.2 1.4835e+01  14 1.00000e+00  
139.3 1.4814e+01  14 1.00000e+00  
139.4 1.4785e+01  14 1.00000e+00  
139.5 1.4764e+01  14 1.00000e+00  
139.6 1.4892e+01  14 1.00000e+00  
139.7 1.4945e+01  14 1.00000e+00  
139.8 1.4761e+01  14 1.00000e+00  
139.9 1.4771e+01  14 1.00000e+00  
140.0 1.4870e+01  14 1.00000e+00  
140.1 1.4867e+01  14 1.00000e+00  
140.2 1.4848e+01  14 1.00000e+00  
140.3 1.4821e+01  14 1.00000e+00  
140.4 1.4798e+01  14 1.00000e+00  
140.5 1.4765e+01  14 1.00000e+00  
140.6 1.4765e+01  14 1.00000e+00  
140.7 1.4880e+01  14 1.00000e+00  
140.8 1.4865e+01  14 1.00000e+00  
140.9 1.4835e+01  14 1.00000e+00  
141.0 1.4812e+01  14 1.00000e+00  
141.1 1.4790e+01  14 1.00000e+00  
141.2 1.4915e+01  14 1.00000e+00  
141.3 1.4891e+01  14 1.00000e+00  
141.4 1.4867e+01  14 1.00000e+00  
141.5 1.4840e+01  14 1.00000e+00  
141.6 1.4814e+01  14 1.00000e+00  
141.7 1.4796e+01  14 1.00000e+00  
141.8 1.4764e+01  14 1.00000e+00  
141.9 1.4771e+01  14 1.00000e+00  
142.0 1.4868e+01  14 1.00000e+00  
142.1 1.4840e+01  14 1.00000e+00  
142.2 1.4819e+01  14 1.00000e+00  
142.3 1.4798e+01  14 1.00000e+00  
142.4 1.4767e+01  14 1.00000e+00  
142.5 1.4894e+01  14 1.00000e+00  
142.6 1.4867e+01  14 1.00000e+00  
142.7 1.4849e+01  14 1.00000e+00  
142.8 1.4819e+01  14 1.00000e+00  
142.9 1.4800e+01  14 1.00000e+00  
143.0 1.4935e+01  14 1.00000e+00  
143.1 1.4900e+01  14 1.00000e+00  
143.2 1.4866e+01  14 1.00000e+00  
143.3 1.4838e+01  14 1.00000e+00  
143.4 1.4870e+01  14 1.00000e+00  
143.5 1.4856e+01  14 1.00000e+00  
143.6 1.4835e+01  14 1.00000e+00  
143.7 1.4813e+01  14 1.00000e+00  
143.8 1.4791e+01  14 1.00000e+00  
143.9 1.4919e+01  14 1.00000e+00  
144.0 1.4891e+01  14 1.00000e+00  
144.1 1.4868e+01  14 1.00000e+00  
144.2 1.4863e+01  14 1.00000e+00  
144.3 1.4840e+01  14 1.00000e+00  
144.4 1.4814e+01  14 1.00000e+00  
144.5 1.4787e+01  14 1.00000e+00  
144.6 1.4763e+01  14 1.00000e+00  
144.7 1.4771e+01  14 1.00000e+00  
144.8 1.4868e+01  14 1.00000e+00  
144.9 1.4857e+01  14 1.00000e+00  
145.0 1.4828e+01  14 1.00000e+00  
145.1 1.4804e+01  14 1.00000e+00  
145.2 1.4777e+01  14 1.00000e+00  
145.3 1.4764e+01  14 1.00000e+00  
145.4 1.4892e+01  14 1.00000e+00  
145.5 1.4866e+01  14 1.00000e+00  
145.6 1.4843e+01  14 1.00000e+00  
145.7 1.4820e+01  14 1.00000e+00  
145.8 1.4802e+01  14 1.00000e+00  
145.9 1.4937e+01  14 1.00000e+00  
146.0 1.4902e+01  14 1.00000e+00  
146.1 1.4868e+01  14 1.00000e+00  
146.2 1.4859e+01  14 1.00000e+00  
146.3 1.4833e+01  14 1.00000e+00  
146.4 1.4813e+01  14 1.00000e+00  
146.5 1.4786e+01  14 1.00000e+00  
146.6 1.4759e+01  14 1.00000e+00  
146.7 1.4862e+01  14 1.00000e+00  
146.8 1.4836e+01  14 1.00000e+00  
146.9 1.4802e+01  14 1.00000e+00  
147.0 1.4769e+01  14 1.00000e+00  
147.1 1.4891e+01  14 1.00000e+00  
147.2 1.4782e+01  14 1.00000e+00  
147.3 1.4759e+01  14 1.00000e+00  
147.4 1.4891e+01  14 1.00000e+00  
147.5 1.4868e+01  14 1.00000e+00  
147.6 1.4855e+01  14 1.00000e+00  
147.7 1.4836e+01  14 1.00000e+00  
147.8 1.4814e+01  14 1.00000e+00  
147.9 1.4784e+01  14 1.00000e+00  
148.0 1.4764e+01  14 1.00000e+00  
148.1 1.4910e+01  14 1.00000e+00  
148.2 1.4881e+01  14 1.00000e+00  
148.3 1.4868e+01  14 1.00000e+00  
148.4 1.4850e+01  14 1.00000e+00  
148.5 1.4824e+01  14 1.00000e+00  
148.6 1.4801e+01  14 1.00000e+00  
148.7 1.4936e+01  14 1.00000e+00  
148.8 1.4908e+01  14 1.00000e+00  
148.9 1.4892e+01  14 1.00000e+00  
149.0 1.4867e+01  14 1.00000e+00  
149.1 1.4842e+01  14 1.00000e+00  
149.2 1.4821e+01  14 1.00000e+00  
149.3 1.4802e+01  14 1.00000e+00  
149.4 1.4783e+01  14 1.00000e+00  
149.5 1.4762e+01  14 1.00000e+00  
149.6 1.4892e+01  14 1.00000e+00  
149.7 1.4862e+01  14 1.00000e+00  
149.8 1.4837e+01  14 1.00000e+00  
149.9 1.4806e+01  14 1.00000e+00  
150.0 1.4775e+01  14 1.00000e+00  
