 15.1 1.3279e+00  13 4.93950e-02  
 15.2 1.3351e+00  13 5.02402e-02  
 15.3 1.3424e+00  13 5.10879e-02  
 15.4 1.3496e+00  13 5.19038e-02  
 15.5 1.3568e+00  13 5.27515e-02  
 15.6 1.3641e+00  13 5.35999e-02  
 15.7 1.3713e+00  13 5.44529e-02  
 15.8 1.3787e+00  13 5.52879e-02  
 15.9 1.3859e+00  13 5.61397e-02  
 16.0 1.3931e+00  13 5.69942e-02  
 16.1 1.4003e+00  13 5.78374e-02  
 16.2 1.4075e+00  13 5.86570e-02  
 16.3 1.4147e+00  13 5.95096e-02  
 16.4 1.4216e+00  13 6.03219e-02  
 16.5 1.4289e+00  13 6.11912e-02  
 16.6 1.4358e+00  13 6.20174e-02  
 16.7 1.4429e+00  13 6.28712e-02  
 16.8 1.4570e+00  13 6.45638e-02  
 16.9 1.4643e+00  13 6.54415e-02  
 17.0 1.4712e+00  13 6.62417e-02  
 17.1 1.4784e+00  13 6.71252e-02  
 17.2 1.4857e+00  13 6.80244e-02  
 17.3 1.4930e+00  13 6.89254e-02  
 17.4 1.5003e+00  13 6.98300e-02  
 17.5 1.5076e+00  13 7.07367e-02  
 17.6 1.5149e+00  13 7.16300e-02  
 17.7 1.5221e+00  13 7.25028e-02  
 17.8 1.5294e+00  13 7.34213e-02  
 17.9 1.5366e+00  13 7.43431e-02  
 18.0 1.5438e+00  13 7.52725e-02  
 18.1 1.5510e+00  13 7.62032e-02  
 18.2 1.5583e+00  13 7.71398e-02  
 18.3 1.5647e+00  13 7.79105e-02  
 18.4 1.5718e+00  13 7.88492e-02  
 18.5 1.5790e+00  13 7.98064e-02  
 18.6 1.5862e+00  13 8.07615e-02  
 18.7 1.5933e+00  13 8.17220e-02  
 18.8 1.6005e+00  13 8.26947e-02  
 18.9 1.6076e+00  13 8.35792e-02  
 19.0 1.6147e+00  13 8.45550e-02  
 19.1 1.6218e+00  13 8.55405e-02  
 19.2 1.6509e+00  13 8.95643e-02  
 19.3 1.6584e+00  13 9.06437e-02  
 19.4 1.6659e+00  13 9.17336e-02  
 19.5 1.6734e+00  13 9.28376e-02  
 19.6 1.6808e+00  13 9.39642e-02  
 19.7 1.6873e+00  13 9.48130e-02  
 19.8 1.6947e+00  13 9.59359e-02  
 19.9 1.6896e+00  13 9.51634e-02  
 20.0 1.6970e+00  13 9.62801e-02  
 20.1 1.7053e+00  13 9.75783e-02  
 20.2 1.7146e+00  13 9.91071e-02  
 20.3 1.7255e+00  13 1.00899e-01  
 20.4 1.7363e+00  13 1.02583e-01  
 20.5 1.7472e+00  13 1.04424e-01  
 20.6 1.7582e+00  13 1.06298e-01  
 20.7 1.7692e+00  13 1.08206e-01  
 20.8 1.7802e+00  13 1.10149e-01  
 20.9 1.7913e+00  13 1.11991e-01  
 21.0 1.8025e+00  13 1.13998e-01  
 21.1 1.8137e+00  13 1.16052e-01  
 21.2 1.8249e+00  13 1.18111e-01  
 21.3 1.8362e+00  13 1.20406e-01  
 21.4 1.8476e+00  13 1.23106e-01  
 21.5 1.8590e+00  13 1.28480e-01  
 21.6 1.8704e+00  13 1.33704e-01  
 21.7 1.8820e+00  13 1.39300e-01  
 21.8 1.8936e+00  13 1.46046e-01  
 21.9 1.9052e+00  13 1.51663e-01  
 22.0 1.9169e+00  13 1.59532e-01  
 22.1 7.4592e+00  14 1.00000e+00  
 22.2 7.2251e+00  14 1.00000e+00  
 22.3 7.1233e+00  14 1.00000e+00  
 22.4 7.1567e+00  14 1.00000e+00  
 22.5 7.1918e+00  14 1.00000e+00  
 22.6 7.2267e+00  14 1.00000e+00  
 22.7 7.2618e+00  14 1.00000e+00  
 22.8 7.4057e+00  14 1.00000e+00  
 22.9 7.4628e+00  14 1.00000e+00  
 23.0 7.5143e+00  14 1.00000e+00  
 23.1 7.5380e+00  14 1.00000e+00  
 23.2 7.5774e+00  14 1.00000e+00  
 23.3 7.6080e+00  14 1.00000e+00  
 23.4 7.6392e+00  14 1.00000e+00  
 23.5 7.6769e+00  14 1.00000e+00  
 23.6 7.7141e+00  14 1.00000e+00  
 23.7 7.7666e+00  14 1.00000e+00  
 23.8 7.8163e+00  14 1.00000e+00  
 23.9 7.8497e+00  14 1.00000e+00  
 24.0 7.8362e+00  14 1.00000e+00  
 24.1 7.8621e+00  14 1.00000e+00  
 24.2 7.8892e+00  14 1.00000e+00  
 24.3 7.9273e+00  14 1.00000e+00  
 24.4 7.6910e+00  14 1.00000e+00  
 24.5 7.6977e+00  14 1.00000e+00  
 24.6 7.7120e+00  14 1.00000e+00  
 24.7 7.7232e+00  14 1.00000e+00  
 24.8 7.7324e+00  14 1.00000e+00  
 24.9 7.7356e+00  14 1.00000e+00  
 25.0 7.7450e+00  14 1.00000e+00  
 25.1 7.7540e+00  14 1.00000e+00  
 25.2 7.7624e+00  14 1.00000e+00  
 25.3 7.7732e+00  14 1.00000e+00  
 25.4 7.7792e+00  14 1.00000e+00  
 25.5 7.7973e+00  14 1.00000e+00  
 25.6 7.8056e+00  14 1.00000e+00  
 25.7 7.8126e+00  14 1.00000e+00  
 25.8 7.8210e+00  14 1.00000e+00  
 25.9 7.8349e+00  14 1.00000e+00  
 26.0 7.8412e+00  14 1.00000e+00  
 26.1 7.8456e+00  14 1.00000e+00  
 26.2 7.8597e+00  14 1.00000e+00  
 26.3 7.8708e+00  14 1.00000e+00  
 26.4 7.8835e+00  14 1.00000e+00  
 26.5 7.8924e+00  14 1.00000e+00  
 26.6 7.8921e+00  14 1.00000e+00  
 26.7 7.9074e+00  14 1.00000e+00  
 26.8 7.9192e+00  14 1.00000e+00  
 26.9 7.9262e+00  14 1.00000e+00  
 27.0 7.9429e+00  14 1.00000e+00  
 27.1 7.9484e+00  14 1.00000e+00  
 27.2 7.9628e+00  14 1.00000e+00  
 27.3 7.9697e+00  14 1.00000e+00  
 27.4 7.9752e+00  14 1.00000e+00  
 27.5 7.9852e+00  14 1.00000e+00  
 27.6 7.9986e+00  14 1.00000e+00  
 27.7 8.0115e+00  14 1.00000e+00  
 27.8 8.0203e+00  14 1.00000e+00  
 27.9 8.0293e+00  14 1.00000e+00  
 28.0 8.0453e+00  14 1.00000e+00  
 28.1 8.0507e+00  14 1.00000e+00  
 28.2 8.0618e+00  14 1.00000e+00  
 28.3 8.0689e+00  14 1.00000e+00  
 28.4 8.0824e+00  14 1.00000e+00  
 28.5 8.0858e+00  14 1.00000e+00  
 28.6 8.1047e+00  14 1.00000e+00  
 28.7 8.1121e+00  14 1.00000e+00  
 28.8 8.1250e+00  14 1.00000e+00  
 28.9 8.1343e+00  14 1.00000e+00  
 29.0 8.1444e+00  14 1.00000e+00  
 29.1 8.1559e+00  14 1.00000e+00  
 29.2 8.1644e+00  14 1.00000e+00  
 29.3 8.1785e+00  14 1.00000e+00  
 29.4 8.1906e+00  14 1.00000e+00  
 29.5 8.1958e+00  14 1.00000e+00  
 29.6 8.2117e+00  14 1.00000e+00  
 29.7 8.2295e+00  14 1.00000e+00  
 29.8 8.2357e+00  14 1.00000e+00  
 29.9 8.2485e+00  14 1.00000e+00  
 30.0 8.2574e+00  14 1.00000e+00  
 30.1 8.2698e+00  14 1.00000e+00  
 30.2 8.2807e+00  14 1.00000e+00  
 30.3 8.2917e+00  14 1.00000e+00  
 30.4 5.4925e+00  14 6.20914e-01  
 30.5 5.4996e+00  14 6.20921e-01  
 30.6 5.5058e+00  14 6.20933e-01  
 30.7 5.5167e+00  14 6.20968e-01  
 30.8 5.5233e+00  14 6.20997e-01  
 30.9 5.5303e+00  14 6.21035e-01  
 31.0 5.5363e+00  14 6.21073e-01  
 31.1 5.5400e+00  14 6.21098e-01  
 31.2 5.5499e+00  14 6.21175e-01  
 31.3 5.5551e+00  14 6.21220e-01  
 31.4 5.5644e+00  14 6.21309e-01  
 31.5 5.5704e+00  14 6.21372e-01  
 31.6 5.5731e+00  14 6.21401e-01  
 31.7 5.5850e+00  14 6.21542e-01  
 31.8 5.5904e+00  14 6.21610e-01  
 31.9 5.5943e+00  14 6.21663e-01  
 32.0 5.6032e+00  14 6.21786e-01  
 32.1 5.6100e+00  14 6.21887e-01  
 32.2 5.6204e+00  14 6.22049e-01  
 32.3 5.6250e+00  14 6.22124e-01  
 32.4 5.6295e+00  14 6.22199e-01  
 32.5 5.6332e+00  14 6.22263e-01  
 32.6 5.6459e+00  14 6.22490e-01  
 32.7 5.6465e+00  14 6.22502e-01  
 32.8 5.6603e+00  14 6.22765e-01  
 32.9 5.6621e+00  14 6.22802e-01  
 33.0 5.6702e+00  14 6.22966e-01  
 33.1 5.6771e+00  14 6.23112e-01  
 33.2 5.6852e+00  14 6.23287e-01  
 33.3 5.6899e+00  14 6.23391e-01  
 33.4 5.7062e+00  14 6.23762e-01  
 33.5 5.7117e+00  14 6.23893e-01  
 33.6 5.7239e+00  14 6.24190e-01  
 33.7 5.7215e+00  14 6.24132e-01  
 33.8 5.7351e+00  14 6.24472e-01  
 33.9 5.7414e+00  14 6.24636e-01  
 34.0 5.7484e+00  14 6.24818e-01  
 34.1 5.7625e+00  14 6.25199e-01  
 34.2 5.7599e+00  14 6.25126e-01  
 34.3 5.7712e+00  14 6.25438e-01  
 34.4 5.7792e+00  14 6.25665e-01  
 34.5 5.7605e+00  14 6.25142e-01  
 34.6 5.7629e+00  14 6.25208e-01  
 34.7 5.7672e+00  14 6.25328e-01  
 34.8 5.7757e+00  14 6.25564e-01  
 34.9 5.7829e+00  14 6.25769e-01  
 35.0 5.7893e+00  14 6.25954e-01  
 35.1 5.7951e+00  14 6.26123e-01  
 35.2 5.8050e+00  14 6.26416e-01  
 35.3 5.8434e+00  14 6.27606e-01  
 35.4 5.8504e+00  14 6.27829e-01  
 35.5 5.8620e+00  14 6.28208e-01  
 35.6 5.8656e+00  14 6.28327e-01  
 35.7 5.8752e+00  14 6.28648e-01  
 35.8 5.8885e+00  14 6.29098e-01  
 35.9 5.8927e+00  14 6.29240e-01  
 36.0 5.8915e+00  14 6.29200e-01  
 36.1 5.9051e+00  14 6.29670e-01  
 36.2 5.9102e+00  14 6.29848e-01  
 36.3 5.9153e+00  14 6.30029e-01  
 36.4 5.9235e+00  14 6.30318e-01  
 36.5 5.9323e+00  14 6.30636e-01  
 36.6 5.9400e+00  14 6.30915e-01  
 36.7 5.9456e+00  14 6.31120e-01  
 36.8 5.9553e+00  14 6.31477e-01  
 36.9 5.9647e+00  14 6.31827e-01  
 37.0 5.9775e+00  14 6.32306e-01  
 37.1 5.9800e+00  14 6.32402e-01  
 37.2 5.9898e+00  14 6.32775e-01  
 37.3 6.0015e+00  14 6.33223e-01  
 37.4 6.0074e+00  14 6.33452e-01  
 37.5 6.0147e+00  14 6.33740e-01  
 37.6 6.0172e+00  14 6.33838e-01  
 37.7 6.0327e+00  14 6.34447e-01  
 37.8 6.0397e+00  14 6.34729e-01  
 37.9 6.0504e+00  14 6.35156e-01  
 38.0 6.0584e+00  14 6.35480e-01  
 38.1 6.0664e+00  14 6.35808e-01  
 38.2 6.0745e+00  14 6.36139e-01  
 38.3 6.0807e+00  14 6.36396e-01  
 38.4 6.0872e+00  14 6.36661e-01  
 38.5 6.0997e+00  14 6.37185e-01  
 38.6 6.1045e+00  14 6.37383e-01  
 38.7 6.1126e+00  14 6.37725e-01  
 38.8 6.1182e+00  14 6.37964e-01  
 38.9 6.1195e+00  14 6.38017e-01  
 39.0 6.1314e+00  14 6.38522e-01  
 39.1 6.1394e+00  14 6.38865e-01  
 39.2 6.1459e+00  14 6.39147e-01  
 39.3 6.1571e+00  14 6.39628e-01  
 39.4 6.1571e+00  14 6.39627e-01  
 39.5 6.1728e+00  14 6.40313e-01  
 39.6 6.1763e+00  14 6.40466e-01  
 39.7 6.1828e+00  14 6.40753e-01  
 39.8 6.1959e+00  14 6.41330e-01  
 39.9 6.1989e+00  14 6.41465e-01  
 40.0 6.2109e+00  14 6.41999e-01  
 40.1 6.2154e+00  14 6.42197e-01  
 40.2 6.2154e+00  14 6.42199e-01  
 40.3 6.2267e+00  14 6.42708e-01  
 40.4 6.2296e+00  14 6.42835e-01  
 40.5 6.2471e+00  14 6.43630e-01  
 40.6 6.2519e+00  14 6.43848e-01  
 40.7 6.2665e+00  14 6.44515e-01  
 40.8 6.2718e+00  14 6.44758e-01  
 40.9 6.2835e+00  14 6.45300e-01  
 41.0 6.2868e+00  14 6.45452e-01  
 41.1 6.3026e+00  14 6.46185e-01  
 41.2 6.3030e+00  14 6.46201e-01  
 41.3 6.3120e+00  14 6.46599e-01  
 41.4 6.3221e+00  14 6.47046e-01  
 41.5 6.3307e+00  14 6.47427e-01  
 41.6 6.3390e+00  14 6.47797e-01  
 41.7 6.3470e+00  14 6.48152e-01  
 41.8 6.3575e+00  14 6.48626e-01  
 41.9 6.3628e+00  14 6.48861e-01  
 42.0 6.3729e+00  14 6.49318e-01  
 42.1 6.3766e+00  14 6.49487e-01  
 42.2 6.3861e+00  14 6.49918e-01  
 42.3 6.3906e+00  14 6.50123e-01  
 42.4 6.4011e+00  14 6.50601e-01  
 42.5 6.4091e+00  14 6.50965e-01  
 42.6 6.4231e+00  14 6.51608e-01  
 42.7 6.4206e+00  14 6.51496e-01  
 42.8 6.4313e+00  14 6.51990e-01  
 42.9 6.4449e+00  14 6.52621e-01  
 43.0 6.4536e+00  14 6.53024e-01  
 43.1 6.4499e+00  14 6.52852e-01  
 43.2 6.4684e+00  14 6.53717e-01  
 43.3 6.4686e+00  14 6.53727e-01  
 43.4 6.4838e+00  14 6.54440e-01  
 43.5 6.4876e+00  14 6.54617e-01  
 43.6 6.4855e+00  14 6.54517e-01  
 43.7 6.4990e+00  14 6.55153e-01  
 43.8 6.5042e+00  14 6.55400e-01  
 43.9 6.5156e+00  14 6.55941e-01  
 44.0 6.5281e+00  14 6.56535e-01  
 44.1 6.5414e+00  14 6.57170e-01  
 44.2 6.5439e+00  14 6.57289e-01  
 44.3 6.5608e+00  14 6.58100e-01  
 44.4 6.5641e+00  14 6.58258e-01  
 44.5 6.5749e+00  14 6.58778e-01  
 44.6 6.5887e+00  14 6.59448e-01  
 44.7 6.5850e+00  14 6.59269e-01  
 44.8 6.5972e+00  14 6.59860e-01  
 44.9 6.6112e+00  14 6.60540e-01  
 45.0 6.6208e+00  14 6.61005e-01  
 45.1 6.6287e+00  14 6.61393e-01  
 45.2 6.6308e+00  14 6.61492e-01  
 45.3 6.6415e+00  14 6.62019e-01  
 45.4 6.6486e+00  14 6.62363e-01  
 45.5 6.6531e+00  14 6.62587e-01  
 45.6 6.6644e+00  14 6.63143e-01  
 45.7 6.6785e+00  14 6.63837e-01  
 45.8 6.6776e+00  14 6.63792e-01  
 45.9 6.6953e+00  14 6.64668e-01  
 46.0 6.7006e+00  14 6.64929e-01  
 46.1 6.7017e+00  14 6.64986e-01  
 46.2 6.7005e+00  14 6.64927e-01  
 46.3 6.6926e+00  14 6.64535e-01  
 46.4 6.6491e+00  14 6.62391e-01  
 46.5 6.6392e+00  14 6.61905e-01  
 46.6 6.6262e+00  14 6.61270e-01  
 46.7 6.6188e+00  14 6.60906e-01  
 46.8 6.6056e+00  14 6.60265e-01  
 46.9 6.5915e+00  14 6.59580e-01  
 47.0 6.5775e+00  14 6.58906e-01  
 47.1 6.5755e+00  14 6.58809e-01  
 47.2 6.5615e+00  14 6.58137e-01  
 47.3 6.5378e+00  14 6.56998e-01  
 47.4 6.5316e+00  14 6.56703e-01  
 47.5 6.5242e+00  14 6.56352e-01  
 47.6 6.5234e+00  14 6.56314e-01  
 47.7 6.5160e+00  14 6.55961e-01  
 47.8 6.5139e+00  14 6.55859e-01  
 47.9 6.5109e+00  14 6.55717e-01  
 48.0 6.5094e+00  14 6.55646e-01  
 48.1 6.5077e+00  14 6.55568e-01  
 48.2 6.5033e+00  14 6.55356e-01  
 48.3 6.5012e+00  14 6.55259e-01  
 48.4 6.4988e+00  14 6.55145e-01  
 48.5 6.4959e+00  14 6.55010e-01  
 48.6 6.4926e+00  14 6.54851e-01  
 48.7 6.4844e+00  14 6.54466e-01  
 48.8 6.4842e+00  14 6.54457e-01  
 48.9 6.4827e+00  14 6.54387e-01  
 49.0 6.4822e+00  14 6.54361e-01  
 49.1 6.4617e+00  14 6.53401e-01  
 49.2 6.4679e+00  14 6.53694e-01  
 49.3 6.4669e+00  14 6.53644e-01  
 49.4 6.4625e+00  14 6.53441e-01  
 49.5 6.4642e+00  14 6.53519e-01  
 49.6 6.4711e+00  14 6.53844e-01  
 49.7 6.4501e+00  14 6.52863e-01  
 49.8 6.4508e+00  14 6.52892e-01  
 49.9 6.4689e+00  14 6.53738e-01  
 50.0 6.4752e+00  14 6.54033e-01  
 50.1 6.4875e+00  14 6.54613e-01  
 50.2 6.5047e+00  14 6.55426e-01  
 50.3 6.5159e+00  14 6.55958e-01  
 50.4 6.5318e+00  14 6.56710e-01  
 50.5 6.5507e+00  14 6.57615e-01  
 50.6 6.5842e+00  14 6.59227e-01  
 50.7 6.6023e+00  14 6.60105e-01  
 50.8 6.6294e+00  14 6.61427e-01  
 50.9 6.6492e+00  14 6.62397e-01  
 51.0 6.6681e+00  14 6.63323e-01  
 51.1 6.6814e+00  14 6.63979e-01  
 51.2 6.7050e+00  14 6.65148e-01  
 51.3 6.7293e+00  14 6.66358e-01  
 51.4 6.7455e+00  14 6.67167e-01  
 51.5 6.7615e+00  14 6.67968e-01  
 51.6 6.7702e+00  14 6.68404e-01  
 51.7 6.7832e+00  14 6.69057e-01  
 51.8 6.7957e+00  14 6.69688e-01  
 51.9 6.8081e+00  14 6.70317e-01  
 52.0 6.8300e+00  14 6.71426e-01  
 52.1 6.8475e+00  14 6.72316e-01  
 52.2 6.8815e+00  14 6.74054e-01  
 52.3 6.9094e+00  14 6.75484e-01  
 52.4 6.9272e+00  14 6.76402e-01  
 52.5 6.9552e+00  14 6.77850e-01  
 52.6 6.9696e+00  14 6.78591e-01  
 52.7 6.9953e+00  14 6.79926e-01  
 52.8 7.0134e+00  14 6.80866e-01  
 52.9 7.0398e+00  14 6.82246e-01  
 53.0 7.0670e+00  14 6.83667e-01  
 53.1 7.0793e+00  14 6.84311e-01  
 53.2 7.0925e+00  14 6.85004e-01  
 53.3 7.1030e+00  14 6.85553e-01  
 53.4 7.1199e+00  14 6.86441e-01  
 53.5 7.1373e+00  14 6.87358e-01  
 53.6 7.1502e+00  14 6.88039e-01  
 53.7 7.1737e+00  14 6.89282e-01  
 53.8 7.1990e+00  14 6.90619e-01  
 53.9 7.2252e+00  14 6.92008e-01  
 54.0 7.2559e+00  14 6.93641e-01  
 54.1 7.2852e+00  14 6.95205e-01  
 54.2 7.3096e+00  14 6.96511e-01  
 54.3 7.3310e+00  14 6.97654e-01  
 54.4 7.3509e+00  14 6.98720e-01  
 54.5 7.3640e+00  14 6.99427e-01  
 54.6 7.4047e+00  14 7.01615e-01  
 54.7 7.4282e+00  14 7.02879e-01  
 54.8 7.4432e+00  14 7.03684e-01  
 54.9 7.4600e+00  14 7.04592e-01  
 55.0 7.4760e+00  14 7.05457e-01  
 55.1 7.4919e+00  14 7.06318e-01  
 55.2 7.5006e+00  14 7.06785e-01  
 55.3 7.5118e+00  14 7.07392e-01  
 55.4 7.5502e+00  14 7.09469e-01  
 55.5 7.5716e+00  14 7.10629e-01  
 55.6 7.5946e+00  14 7.11880e-01  
 55.7 6.9307e+00  14 6.76584e-01  
 55.8 6.9144e+00  14 6.75741e-01  
 55.9 6.9295e+00  14 6.76523e-01  
 56.0 6.9434e+00  14 6.77241e-01  
 56.1 6.9573e+00  14 6.77958e-01  
 56.2 6.9640e+00  14 6.78301e-01  
 56.3 6.9826e+00  14 6.79268e-01  
 56.4 6.9951e+00  14 6.79918e-01  
 56.5 7.0029e+00  14 6.80323e-01  
 56.6 7.8619e+00  14 7.26453e-01  
 56.7 7.8819e+00  14 7.27546e-01  
 56.8 7.8998e+00  14 7.28528e-01  
 56.9 7.9172e+00  14 7.29484e-01  
 57.0 7.9251e+00  14 7.29917e-01  
 57.1 7.9509e+00  14 7.31330e-01  
 57.2 7.9764e+00  14 7.32729e-01  
 57.3 8.0067e+00  14 7.34392e-01  
 57.4 8.0228e+00  14 7.35276e-01  
 57.5 8.0499e+00  14 7.36769e-01  
 57.6 8.0993e+00  14 7.39481e-01  
 57.7 8.1252e+00  14 7.40906e-01  
 57.8 8.1583e+00  14 7.42724e-01  
 57.9 8.1743e+00  14 7.43606e-01  
 58.0 8.2096e+00  14 7.45545e-01  
 58.1 8.2276e+00  14 7.46537e-01  
 58.2 8.2517e+00  14 7.47866e-01  
 58.3 8.2965e+00  14 7.50327e-01  
 58.4 8.3187e+00  14 7.51550e-01  
 58.5 8.3388e+00  14 7.52658e-01  
 58.6 8.3574e+00  14 7.53682e-01  
 58.7 8.3761e+00  14 7.54710e-01  
 58.8 8.3892e+00  14 7.55430e-01  
 58.9 8.4141e+00  14 7.56798e-01  
 59.0 8.4337e+00  14 7.57880e-01  
 59.1 8.4679e+00  14 7.59762e-01  
 59.2 8.4989e+00  14 7.61474e-01  
 59.3 8.5273e+00  14 7.63035e-01  
 59.4 8.5542e+00  14 7.64518e-01  
 59.5 8.5954e+00  14 7.66789e-01  
 59.6 8.6297e+00  14 7.68678e-01  
 59.7 8.6608e+00  14 7.70393e-01  
 59.8 8.6875e+00  14 7.71862e-01  
 59.9 7.6695e+00  14 7.15947e-01  
 60.0 7.6891e+00  14 7.17015e-01  
 60.1 7.6974e+00  14 7.17470e-01  
 60.2 7.7151e+00  14 7.18431e-01  
 60.3 7.7282e+00  14 7.19148e-01  
 60.4 7.7402e+00  14 7.19801e-01  
 60.5 7.7172e+00  14 7.18545e-01  
 60.6 7.7316e+00  14 7.19333e-01  
 60.7 7.7450e+00  14 7.20059e-01  
 60.8 7.7569e+00  14 7.20712e-01  
 60.9 7.7646e+00  14 7.21129e-01  
 61.0 7.7812e+00  14 7.22036e-01  
 61.1 7.7895e+00  14 7.22489e-01  
 61.2 7.8122e+00  14 7.23728e-01  
 61.3 9.0853e+00  14 7.93713e-01  
 61.4 9.1139e+00  14 7.95280e-01  
 61.5 9.1493e+00  14 7.97221e-01  
 61.6 9.1891e+00  14 7.99400e-01  
 61.7 9.2224e+00  14 8.01225e-01  
 61.8 9.2613e+00  14 8.03350e-01  
 61.9 9.2913e+00  14 8.04995e-01  
 62.0 9.3164e+00  14 8.06370e-01  
 62.1 9.3454e+00  14 8.07953e-01  
 62.2 9.3712e+00  14 8.09365e-01  
 62.3 9.4144e+00  14 8.11724e-01  
 62.4 9.4353e+00  14 8.12862e-01  
 62.5 9.4674e+00  14 8.14617e-01  
 62.6 9.4863e+00  14 8.15646e-01  
 62.7 9.5134e+00  14 8.17120e-01  
 62.8 9.5349e+00  14 8.18291e-01  
 62.9 9.5544e+00  14 8.19355e-01  
 63.0 9.5724e+00  14 8.20333e-01  
 63.1 9.6193e+00  14 8.22889e-01  
 63.2 9.6573e+00  14 8.24950e-01  
 63.3 9.6887e+00  14 8.26660e-01  
 63.4 9.6665e+00  14 8.25451e-01  
 63.5 8.3784e+00  14 7.54834e-01  
 63.6 8.3872e+00  14 7.55319e-01  
 63.7 8.3853e+00  14 7.55217e-01  
 63.8 8.4020e+00  14 7.56135e-01  
 63.9 8.4142e+00  14 7.56804e-01  
 64.0 8.4108e+00  14 7.56620e-01  
 64.1 8.4304e+00  14 7.57700e-01  
 64.2 8.4368e+00  14 7.58052e-01  
 64.3 8.4608e+00  14 7.59371e-01  
 64.4 8.4700e+00  14 7.59877e-01  
 64.5 8.4850e+00  14 7.60704e-01  
 64.6 8.4345e+00  14 7.57923e-01  
 64.7 8.4615e+00  14 7.59413e-01  
 64.8 8.4674e+00  14 7.59738e-01  
 64.9 8.4931e+00  14 7.61154e-01  
 65.0 8.5072e+00  14 7.61928e-01  
 65.1 8.5196e+00  14 7.62612e-01  
 65.2 8.5317e+00  14 7.63282e-01  
 65.3 1.0326e+01  14 8.61036e-01  
 65.4 1.0365e+01  14 8.63152e-01  
 65.5 1.0398e+01  14 8.64934e-01  
 65.6 1.0435e+01  14 8.66899e-01  
 65.7 1.0460e+01  14 8.68214e-01  
 65.8 1.0508e+01  14 8.70763e-01  
 65.9 1.0558e+01  14 8.73479e-01  
 66.0 1.0599e+01  14 8.75620e-01  
 66.1 1.0641e+01  14 8.77889e-01  
 66.2 1.0676e+01  14 8.79737e-01  
 66.3 1.0700e+01  14 8.81033e-01  
 66.4 1.0734e+01  14 8.82805e-01  
 66.5 1.0762e+01  14 8.84301e-01  
 66.6 1.0790e+01  14 8.85776e-01  
 66.7 9.1206e+00  14 7.95647e-01  
 66.8 9.1460e+00  14 7.97040e-01  
 66.9 9.1480e+00  14 7.97150e-01  
 67.0 9.1728e+00  14 7.98505e-01  
 67.1 9.1784e+00  14 7.98815e-01  
 67.2 9.1338e+00  14 7.96371e-01  
 67.3 9.1480e+00  14 7.97148e-01  
 67.4 9.1557e+00  14 7.97572e-01  
 67.5 9.1725e+00  14 7.98492e-01  
 67.6 9.1754e+00  14 7.98649e-01  
 67.7 9.2028e+00  14 8.00151e-01  
 67.8 9.2142e+00  14 8.00775e-01  
 67.9 9.2275e+00  14 8.01505e-01  
 68.0 9.2446e+00  14 8.02438e-01  
 68.1 9.2614e+00  14 8.03358e-01  
 68.2 9.2709e+00  14 8.03879e-01  
 68.3 9.2811e+00  14 8.04439e-01  
 68.4 9.2378e+00  14 8.02066e-01  
 68.5 9.2465e+00  14 8.02541e-01  
 68.6 9.2544e+00  14 8.02973e-01  
 68.7 9.2692e+00  14 8.03787e-01  
 68.8 9.2826e+00  14 8.04519e-01  
 68.9 9.2933e+00  14 8.05104e-01  
 69.0 1.1662e+01  14 9.31543e-01  
 69.1 1.1712e+01  14 9.34172e-01  
 69.2 1.1734e+01  14 9.35276e-01  
 69.3 1.1742e+01  14 9.35718e-01  
 69.4 1.1717e+01  14 9.34405e-01  
 69.5 1.1747e+01  14 9.35986e-01  
 69.6 1.1727e+01  14 9.34936e-01  
 69.7 1.1715e+01  14 9.34303e-01  
 69.8 9.8830e+00  14 8.37190e-01  
 69.9 9.8862e+00  14 8.37361e-01  
 70.0 9.8902e+00  14 8.37579e-01  
 70.1 9.8944e+00  14 8.37805e-01  
 70.2 9.8999e+00  14 8.38102e-01  
 70.3 9.9177e+00  14 8.39065e-01  
 70.4 9.9320e+00  14 8.39839e-01  
 70.5 9.9432e+00  14 8.40445e-01  
 70.6 9.9507e+00  14 8.40847e-01  
 70.7 9.9552e+00  14 8.41092e-01  
 70.8 9.9770e+00  14 8.42267e-01  
 70.9 9.9342e+00  14 8.39956e-01  
 71.0 9.9390e+00  14 8.40216e-01  
 71.1 9.9433e+00  14 8.40451e-01  
 71.2 9.9503e+00  14 8.40828e-01  
 71.3 9.9555e+00  14 8.41109e-01  
 71.4 9.9760e+00  14 8.42217e-01  
 71.5 9.9876e+00  14 8.42842e-01  
 71.6 9.9956e+00  14 8.43271e-01  
 71.7 9.9929e+00  14 8.43125e-01  
 71.8 1.0014e+01  14 8.44242e-01  
 71.9 1.0019e+01  14 8.44552e-01  
 72.0 9.9767e+00  14 8.42254e-01  
 72.1 9.9766e+00  14 8.42246e-01  
 72.2 9.9765e+00  14 8.42239e-01  
 72.3 1.2710e+01  14 9.85244e-01  
 72.4 1.2677e+01  14 9.83569e-01  
 72.5 1.2688e+01  14 9.84124e-01  
 72.6 1.2694e+01  14 9.84432e-01  
 72.7 1.0662e+01  14 8.79011e-01  
 72.8 1.0667e+01  14 8.79250e-01  
 72.9 1.0677e+01  14 8.79821e-01  
 73.0 1.0688e+01  14 8.80398e-01  
 73.1 1.0697e+01  14 8.80834e-01  
 73.2 1.0700e+01  14 8.81033e-01  
 73.3 1.0670e+01  14 8.79398e-01  
 73.4 1.0672e+01  14 8.79526e-01  
 73.5 1.0674e+01  14 8.79654e-01  
 73.6 1.0677e+01  14 8.79784e-01  
 73.7 1.0679e+01  14 8.79914e-01  
 73.8 1.0682e+01  14 8.80043e-01  
 73.9 1.0696e+01  14 8.80789e-01  
 74.0 1.0700e+01  14 8.81030e-01  
 74.1 1.0710e+01  14 8.81531e-01  
 74.2 1.0729e+01  14 8.82559e-01  
 74.3 1.0734e+01  14 8.82819e-01  
 74.4 1.0699e+01  14 8.80943e-01  
 74.5 1.0698e+01  14 8.80936e-01  
 74.6 1.0697e+01  14 8.80875e-01  
 74.7 1.0696e+01  14 8.80807e-01  
 74.8 1.0694e+01  14 8.80680e-01  
 74.9 1.0700e+01  14 8.81028e-01  
 75.0 1.0701e+01  14 8.81085e-01  
 75.1 1.0712e+01  14 8.81678e-01  
 75.2 1.0723e+01  14 8.82236e-01  
 75.3 1.0683e+01  14 8.80103e-01  
 75.4 1.3249e+01  14 1.00000e+00  
 75.5 1.1460e+01  14 9.21057e-01  
 75.6 1.1470e+01  14 9.21555e-01  
 75.7 1.1472e+01  14 9.21655e-01  
 75.8 1.1433e+01  14 9.19648e-01  
 75.9 1.1432e+01  14 9.19599e-01  
 76.0 1.1431e+01  14 9.19555e-01  
 76.1 1.1431e+01  14 9.19521e-01  
 76.2 1.1431e+01  14 9.19533e-01  
 76.3 1.1431e+01  14 9.19526e-01  
 76.4 1.1451e+01  14 9.20564e-01  
 76.5 1.1460e+01  14 9.21053e-01  
 76.6 1.1469e+01  14 9.21521e-01  
 76.7 1.1472e+01  14 9.21656e-01  
 76.8 1.1433e+01  14 9.19633e-01  
 76.9 1.1433e+01  14 9.19648e-01  
 77.0 1.1441e+01  14 9.20075e-01  
 77.1 1.1440e+01  14 9.19979e-01  
 77.2 1.1434e+01  14 9.19667e-01  
 77.3 1.1426e+01  14 9.19280e-01  
 77.4 1.1444e+01  14 9.20209e-01  
 77.5 1.1451e+01  14 9.20594e-01  
 77.6 1.1457e+01  14 9.20885e-01  
 77.7 1.1405e+01  14 9.18181e-01  
 77.8 1.1409e+01  14 9.18401e-01  
 77.9 1.1403e+01  14 9.18053e-01  
 78.0 1.1389e+01  14 9.17359e-01  
 78.1 1.1376e+01  14 9.16650e-01  
 78.2 1.1390e+01  14 9.17411e-01  
 78.3 1.1406e+01  14 9.18225e-01  
 78.4 1.2228e+01  14 9.60750e-01  
 78.5 1.2216e+01  14 9.60113e-01  
 78.6 1.2205e+01  14 9.59574e-01  
 78.7 1.2212e+01  14 9.59892e-01  
 78.8 1.2224e+01  14 9.60531e-01  
 78.9 1.2243e+01  14 9.61497e-01  
 79.0 1.2245e+01  14 9.61616e-01  
 79.1 1.2201e+01  14 9.59339e-01  
 79.2 1.2179e+01  14 9.58222e-01  
 79.3 1.2177e+01  14 9.58129e-01  
 79.4 1.2175e+01  14 9.58020e-01  
 79.5 1.2173e+01  14 9.57923e-01  
 79.6 1.2171e+01  14 9.57822e-01  
 79.7 1.2176e+01  14 9.58072e-01  
 79.8 1.2202e+01  14 9.59420e-01  
 79.9 1.2209e+01  14 9.59749e-01  
 80.0 1.2214e+01  14 9.60006e-01  
 80.1 1.2144e+01  14 9.56419e-01  
 80.2 1.2135e+01  14 9.55977e-01  
 80.3 1.2126e+01  14 9.55524e-01  
 80.4 1.2118e+01  14 9.55097e-01  
 80.5 1.2110e+01  14 9.54675e-01  
 80.6 1.2113e+01  14 9.54832e-01  
 80.7 1.2120e+01  14 9.55181e-01  
 80.8 1.2126e+01  14 9.55495e-01  
 80.9 1.2079e+01  14 9.53071e-01  
 81.0 1.2070e+01  14 9.52634e-01  
 81.1 1.2061e+01  14 9.52178e-01  
 81.2 1.2052e+01  14 9.51704e-01  
 81.3 1.2043e+01  14 9.51221e-01  
 81.4 1.2998e+01  14 9.99747e-01  
 81.5 1.2990e+01  14 9.99382e-01  
 81.6 1.2982e+01  14 9.98991e-01  
 81.7 1.2974e+01  14 9.98571e-01  
 81.8 1.2966e+01  14 9.98138e-01  
 81.9 1.2955e+01  14 9.97633e-01  
 82.0 1.2943e+01  14 9.97020e-01  
 82.1 1.2933e+01  14 9.96497e-01  
 82.2 1.2972e+01  14 9.98441e-01  
 82.3 1.2982e+01  14 9.98986e-01  
 82.4 1.2933e+01  14 9.96509e-01  
 82.5 1.2915e+01  14 9.95582e-01  
 82.6 1.2889e+01  14 9.94266e-01  
 82.7 1.2880e+01  14 9.93820e-01  
 82.8 1.2858e+01  14 9.92745e-01  
 82.9 1.2845e+01  14 9.92086e-01  
 83.0 1.2843e+01  14 9.91972e-01  
 83.1 1.2855e+01  14 9.92558e-01  
 83.2 1.2796e+01  14 9.89604e-01  
 83.3 1.2799e+01  14 9.89742e-01  
 83.4 1.2795e+01  14 9.89535e-01  
 83.5 1.2768e+01  14 9.88173e-01  
 83.6 1.2777e+01  14 9.88626e-01  
 83.7 1.2772e+01  14 9.88404e-01  
 83.8 1.2774e+01  14 9.88515e-01  
 83.9 1.2777e+01  14 9.88628e-01  
 84.0 1.2775e+01  14 9.88546e-01  
 84.1 1.2727e+01  14 9.86124e-01  
 84.2 1.2733e+01  14 9.86415e-01  
 84.3 1.3304e+01  14 1.00000e+00  
 84.4 1.3303e+01  14 1.00000e+00  
 84.5 1.3304e+01  14 1.00000e+00  
 84.6 1.3302e+01  14 1.00000e+00  
 84.7 1.3295e+01  14 1.00000e+00  
 84.8 1.3295e+01  14 1.00000e+00  
 84.9 1.3289e+01  14 1.00000e+00  
 85.0 1.3289e+01  14 1.00000e+00  
 85.1 1.3288e+01  14 1.00000e+00  
 85.2 1.3285e+01  14 1.00000e+00  
 85.3 1.3282e+01  14 1.00000e+00  
 85.4 1.3278e+01  14 1.00000e+00  
 85.5 1.3257e+01  14 1.00000e+00  
 85.6 1.3249e+01  14 1.00000e+00  
 85.7 1.3245e+01  14 1.00000e+00  
 85.8 1.3233e+01  14 1.00000e+00  
 85.9 1.3235e+01  14 1.00000e+00  
 86.0 1.3232e+01  14 1.00000e+00  
 86.1 1.3220e+01  14 1.00000e+00  
 86.2 1.3230e+01  14 1.00000e+00  
 86.3 1.3231e+01  14 1.00000e+00  
 86.4 1.3210e+01  14 1.00000e+00  
 86.5 1.3212e+01  14 1.00000e+00  
 86.6 1.3210e+01  14 1.00000e+00  
 86.7 1.3202e+01  14 1.00000e+00  
 86.8 1.3201e+01  14 1.00000e+00  
 86.9 1.3200e+01  14 1.00000e+00  
 87.0 1.3197e+01  14 1.00000e+00  
 87.1 1.3201e+01  14 1.00000e+00  
 87.2 1.3611e+01  14 1.00000e+00  
 87.3 1.3608e+01  14 1.00000e+00  
 87.4 1.3605e+01  14 1.00000e+00  
 87.5 1.3600e+01  14 1.00000e+00  
 87.6 1.3587e+01  14 1.00000e+00  
 87.7 1.3583e+01  14 1.00000e+00  
 87.8 1.3586e+01  14 1.00000e+00  
 87.9 1.3577e+01  14 1.00000e+00  
 88.0 1.3571e+01  14 1.00000e+00  
 88.1 1.3565e+01  14 1.00000e+00  
 88.2 1.3559e+01  14 1.00000e+00  
 88.3 1.3551e+01  14 1.00000e+00  
 88.4 1.3542e+01  14 1.00000e+00  
 88.5 1.3533e+01  14 1.00000e+00  
 88.6 1.3535e+01  14 1.00000e+00  
 88.7 1.3527e+01  14 1.00000e+00  
 88.8 1.3521e+01  14 1.00000e+00  
 88.9 1.3514e+01  14 1.00000e+00  
 89.0 1.3524e+01  14 1.00000e+00  
 89.1 1.3511e+01  14 1.00000e+00  
 89.2 1.3502e+01  14 1.00000e+00  
 89.3 1.3497e+01  14 1.00000e+00  
 89.4 1.3490e+01  14 1.00000e+00  
 89.5 1.3497e+01  14 1.00000e+00  
 89.6 1.3477e+01  14 1.00000e+00  
 89.7 1.3474e+01  14 1.00000e+00  
 89.8 1.3471e+01  14 1.00000e+00  
 89.9 1.3467e+01  14 1.00000e+00  
 90.0 1.3462e+01  14 1.00000e+00  
 90.1 1.3913e+01  14 1.00000e+00  
 90.2 1.3913e+01  14 1.00000e+00  
 90.3 1.3899e+01  14 1.00000e+00  
 90.4 1.3890e+01  14 1.00000e+00  
 90.5 1.3890e+01  14 1.00000e+00  
 90.6 1.3883e+01  14 1.00000e+00  
 90.7 1.3874e+01  14 1.00000e+00  
 90.8 1.3870e+01  14 1.00000e+00  
 90.9 1.3856e+01  14 1.00000e+00  
 91.0 1.3855e+01  14 1.00000e+00  
 91.1 1.3843e+01  14 1.00000e+00  
 91.2 1.3837e+01  14 1.00000e+00  
 91.3 1.3829e+01  14 1.00000e+00  
 91.4 1.3816e+01  14 1.00000e+00  
 91.5 1.3814e+01  14 1.00000e+00  
 91.6 1.3800e+01  14 1.00000e+00  
 91.7 1.3797e+01  14 1.00000e+00  
 91.8 1.3783e+01  14 1.00000e+00  
 91.9 1.3780e+01  14 1.00000e+00  
 92.0 1.3769e+01  14 1.00000e+00  
 92.1 1.3763e+01  14 1.00000e+00  
 92.2 1.3763e+01  14 1.00000e+00  
 92.3 1.3753e+01  14 1.00000e+00  
 92.4 1.3754e+01  14 1.00000e+00  
 92.5 1.3751e+01  14 1.00000e+00  
 92.6 1.3743e+01  14 1.00000e+00  
 92.7 1.3743e+01  14 1.00000e+00  
 92.8 1.3732e+01  14 1.00000e+00  
 92.9 1.3731e+01  14 1.00000e+00  
 93.0 1.4196e+01  14 1.00000e+00  
 93.1 1.4196e+01  14 1.00000e+00  
 93.2 1.4185e+01  14 1.00000e+00  
 93.3 1.4185e+01  14 1.00000e+00  
 93.4 1.4181e+01  14 1.00000e+00  
 93.5 1.4178e+01  14 1.00000e+00  
 93.6 1.4153e+01  14 1.00000e+00  
 93.7 1.4151e+01  14 1.00000e+00  
 93.8 1.4145e+01  14 1.00000e+00  
 93.9 1.4139e+01  14 1.00000e+00  
 94.0 1.4134e+01  14 1.00000e+00  
 94.1 1.4126e+01  14 1.00000e+00  
 94.2 1.4122e+01  14 1.00000e+00  
 94.3 1.4113e+01  14 1.00000e+00  
 94.4 1.4112e+01  14 1.00000e+00  
 94.5 1.4103e+01  14 1.00000e+00  
 94.6 1.4103e+01  14 1.00000e+00  
 94.7 1.4091e+01  14 1.00000e+00  
 94.8 1.4093e+01  14 1.00000e+00  
 94.9 1.4069e+01  14 1.00000e+00  
 95.0 1.4064e+01  14 1.00000e+00  
 95.1 1.4058e+01  14 1.00000e+00  
 95.2 1.4052e+01  14 1.00000e+00  
 95.3 1.4039e+01  14 1.00000e+00  
 95.4 1.4036e+01  14 1.00000e+00  
 95.5 1.4033e+01  14 1.00000e+00  
 95.6 1.4025e+01  14 1.00000e+00  
 95.7 1.4010e+01  14 1.00000e+00  
 95.8 1.4001e+01  14 1.00000e+00  
 95.9 1.3997e+01  14 1.00000e+00  
 96.0 1.4488e+01  14 1.00000e+00  
 96.1 1.4480e+01  14 1.00000e+00  
 96.2 1.4472e+01  14 1.00000e+00  
 96.3 1.4464e+01  14 1.00000e+00  
 96.4 1.4455e+01  14 1.00000e+00  
 96.5 1.4447e+01  14 1.00000e+00  
 96.6 1.4438e+01  14 1.00000e+00  
 96.7 1.4428e+01  14 1.00000e+00  
 96.8 1.4434e+01  14 1.00000e+00  
 96.9 1.4422e+01  14 1.00000e+00  
 97.0 1.4423e+01  14 1.00000e+00  
 97.1 1.4420e+01  14 1.00000e+00  
 97.2 1.4413e+01  14 1.00000e+00  
 97.3 1.4403e+01  14 1.00000e+00  
 97.4 1.4392e+01  14 1.00000e+00  
 97.5 1.4385e+01  14 1.00000e+00  
 97.6 1.4377e+01  14 1.00000e+00  
 97.7 1.4369e+01  14 1.00000e+00  
 97.8 1.4369e+01  14 1.00000e+00  
 97.9 1.4361e+01  14 1.00000e+00  
 98.0 1.4353e+01  14 1.00000e+00  
 98.1 1.4340e+01  14 1.00000e+00  
 98.2 1.4334e+01  14 1.00000e+00  
 98.3 1.4314e+01  14 1.00000e+00  
 98.4 1.4307e+01  14 1.00000e+00  
 98.5 1.4294e+01  14 1.00000e+00  
 98.6 1.4276e+01  14 1.00000e+00  
 98.7 1.4270e+01  14 1.00000e+00  
 98.8 1.4258e+01  14 1.00000e+00  
 98.9 1.4244e+01  14 1.00000e+00  
 99.0 1.4769e+01  14 1.00000e+00  
 99.1 1.4765e+01  14 1.00000e+00  
 99.2 1.4754e+01  14 1.00000e+00  
 99.3 1.4737e+01  14 1.00000e+00  
 99.4 1.4731e+01  14 1.00000e+00  
 99.5 1.4720e+01  14 1.00000e+00  
 99.6 1.4711e+01  14 1.00000e+00  
 99.7 1.4698e+01  14 1.00000e+00  
 99.8 1.4699e+01  14 1.00000e+00  
 99.9 1.4688e+01  14 1.00000e+00  
100.0 1.4686e+01  14 1.00000e+00  
100.1 1.4681e+01  14 1.00000e+00  
100.2 1.4677e+01  14 1.00000e+00  
100.3 1.4663e+01  14 1.00000e+00  
100.4 1.4667e+01  14 1.00000e+00  
100.5 1.4661e+01  14 1.00000e+00  
100.6 1.4656e+01  14 1.00000e+00  
100.7 1.4650e+01  14 1.00000e+00  
100.8 1.4629e+01  14 1.00000e+00  
100.9 1.4619e+01  14 1.00000e+00  
101.0 1.4612e+01  14 1.00000e+00  
101.1 1.4604e+01  14 1.00000e+00  
101.2 1.4591e+01  14 1.00000e+00  
101.3 1.4589e+01  14 1.00000e+00  
101.4 1.4582e+01  14 1.00000e+00  
101.5 1.4572e+01  14 1.00000e+00  
101.6 1.4544e+01  14 1.00000e+00  
101.7 1.4537e+01  14 1.00000e+00  
101.8 1.4528e+01  14 1.00000e+00  
101.9 1.4518e+01  14 1.00000e+00  
102.0 1.5055e+01  14 1.00000e+00  
102.1 1.5051e+01  14 1.00000e+00  
102.2 1.5044e+01  14 1.00000e+00  
102.3 1.5032e+01  14 1.00000e+00  
102.4 1.5025e+01  14 1.00000e+00  
102.5 1.5016e+01  14 1.00000e+00  
102.6 1.5007e+01  14 1.00000e+00  
102.7 1.4999e+01  14 1.00000e+00  
102.8 1.4990e+01  14 1.00000e+00  
102.9 1.4981e+01  14 1.00000e+00  
103.0 1.4972e+01  14 1.00000e+00  
103.1 1.4964e+01  14 1.00000e+00  
103.2 1.4961e+01  14 1.00000e+00  
103.3 1.4952e+01  14 1.00000e+00  
103.4 1.4944e+01  14 1.00000e+00  
103.5 1.4934e+01  14 1.00000e+00  
103.6 1.4925e+01  14 1.00000e+00  
103.7 1.4932e+01  14 1.00000e+00  
103.8 1.4919e+01  14 1.00000e+00  
103.9 1.4883e+01  14 1.00000e+00  
104.0 1.4875e+01  14 1.00000e+00  
104.1 1.4865e+01  14 1.00000e+00  
104.2 1.4853e+01  14 1.00000e+00  
104.3 1.4839e+01  14 1.00000e+00  
104.4 1.4824e+01  14 1.00000e+00  
104.5 1.4832e+01  14 1.00000e+00  
104.6 1.4827e+01  14 1.00000e+00  
104.7 1.4812e+01  14 1.00000e+00  
104.8 1.4794e+01  14 1.00000e+00  
104.9 1.4784e+01  14 1.00000e+00  
105.0 1.4771e+01  14 1.00000e+00  
105.1 1.5328e+01  14 1.00000e+00  
105.2 1.5325e+01  14 1.00000e+00  
105.3 1.5335e+01  14 1.00000e+00  
105.4 1.5318e+01  14 1.00000e+00  
105.5 1.5308e+01  14 1.00000e+00  
105.6 1.5295e+01  14 1.00000e+00  
105.7 1.5275e+01  14 1.00000e+00  
105.8 1.5270e+01  14 1.00000e+00  
105.9 1.5259e+01  14 1.00000e+00  
106.0 1.5241e+01  14 1.00000e+00  
106.1 1.5234e+01  14 1.00000e+00  
106.2 1.5218e+01  14 1.00000e+00  
106.3 1.5219e+01  14 1.00000e+00  
106.4 1.5218e+01  14 1.00000e+00  
106.5 1.5207e+01  14 1.00000e+00  
106.6 1.5192e+01  14 1.00000e+00  
106.7 1.5190e+01  14 1.00000e+00  
106.8 1.5182e+01  14 1.00000e+00  
106.9 1.5172e+01  14 1.00000e+00  
107.0 1.5140e+01  14 1.00000e+00  
107.1 1.5135e+01  14 1.00000e+00  
107.2 1.5128e+01  14 1.00000e+00  
107.3 1.5119e+01  14 1.00000e+00  
107.4 1.5108e+01  14 1.00000e+00  
107.5 1.5095e+01  14 1.00000e+00  
107.6 1.5096e+01  14 1.00000e+00  
107.7 1.5058e+01  14 1.00000e+00  
107.8 1.5053e+01  14 1.00000e+00  
107.9 1.5047e+01  14 1.00000e+00  
108.0 1.5033e+01  14 1.00000e+00  
108.1 1.5025e+01  14 1.00000e+00  
108.2 1.5459e+01  14 1.00000e+00  
108.3 1.5444e+01  14 1.00000e+00  
108.4 1.5586e+01  14 1.00000e+00  
108.5 1.5586e+01  14 1.00000e+00  
108.6 1.5574e+01  14 1.00000e+00  
108.7 1.5566e+01  14 1.00000e+00  
108.8 1.5557e+01  14 1.00000e+00  
108.9 1.5548e+01  14 1.00000e+00  
109.0 1.5536e+01  14 1.00000e+00  
109.1 1.5522e+01  14 1.00000e+00  
109.2 1.5514e+01  14 1.00000e+00  
109.3 1.5506e+01  14 1.00000e+00  
109.4 1.5493e+01  14 1.00000e+00  
109.5 1.5478e+01  14 1.00000e+00  
109.6 1.5468e+01  14 1.00000e+00  
109.7 1.5462e+01  14 1.00000e+00  
109.8 1.5444e+01  14 1.00000e+00  
109.9 1.5424e+01  14 1.00000e+00  
110.0 1.5417e+01  14 1.00000e+00  
110.1 1.5409e+01  14 1.00000e+00  
110.2 1.5391e+01  14 1.00000e+00  
110.3 1.5379e+01  14 1.00000e+00  
110.4 1.5366e+01  14 1.00000e+00  
110.5 1.5358e+01  14 1.00000e+00  
110.6 1.5342e+01  14 1.00000e+00  
110.7 1.5325e+01  14 1.00000e+00  
110.8 1.5336e+01  14 1.00000e+00  
110.9 1.5326e+01  14 1.00000e+00  
111.0 1.5310e+01  14 1.00000e+00  
111.1 1.5294e+01  14 1.00000e+00  
111.2 1.5279e+01  14 1.00000e+00  
111.3 1.5584e+01  14 1.00000e+00  
111.4 1.5576e+01  14 1.00000e+00  
111.5 1.5563e+01  14 1.00000e+00  
111.6 1.5554e+01  14 1.00000e+00  
111.7 1.5544e+01  14 1.00000e+00  
111.8 1.5529e+01  14 1.00000e+00  
111.9 1.5515e+01  14 1.00000e+00  
112.0 1.5505e+01  14 1.00000e+00  
112.1 1.5496e+01  14 1.00000e+00  
112.2 1.5487e+01  14 1.00000e+00  
112.3 1.5471e+01  14 1.00000e+00  
112.4 1.5634e+01  14 1.00000e+00  
112.5 1.5600e+01  14 1.00000e+00  
112.6 1.5584e+01  14 1.00000e+00  
112.7 1.5574e+01  14 1.00000e+00  
112.8 1.5565e+01  14 1.00000e+00  
112.9 1.5553e+01  14 1.00000e+00  
113.0 1.5540e+01  14 1.00000e+00  
113.1 1.5520e+01  14 1.00000e+00  
113.2 1.5506e+01  14 1.00000e+00  
113.3 1.5494e+01  14 1.00000e+00  
113.4 1.5480e+01  14 1.00000e+00  
113.5 1.5466e+01  14 1.00000e+00  
113.6 1.5462e+01  14 1.00000e+00  
113.7 1.5602e+01  14 1.00000e+00  
113.8 1.5584e+01  14 1.00000e+00  
113.9 1.5576e+01  14 1.00000e+00  
114.0 1.5569e+01  14 1.00000e+00  
114.1 1.5558e+01  14 1.00000e+00  
114.2 1.5547e+01  14 1.00000e+00  
114.3 1.5531e+01  14 1.00000e+00  
114.4 1.5517e+01  14 1.00000e+00  
114.5 1.5571e+01  14 1.00000e+00  
114.6 1.5564e+01  14 1.00000e+00  
114.7 1.5544e+01  14 1.00000e+00  
114.8 1.5529e+01  14 1.00000e+00  
114.9 1.5516e+01  14 1.00000e+00  
115.0 1.5509e+01  14 1.00000e+00  
115.1 1.5493e+01  14 1.00000e+00  
115.2 1.5470e+01  14 1.00000e+00  
115.3 1.5462e+01  14 1.00000e+00  
115.4 1.5444e+01  14 1.00000e+00  
115.5 1.5585e+01  14 1.00000e+00  
115.6 1.5571e+01  14 1.00000e+00  
115.7 1.5556e+01  14 1.00000e+00  
115.8 1.5543e+01  14 1.00000e+00  
115.9 1.5516e+01  14 1.00000e+00  
116.0 1.5509e+01  14 1.00000e+00  
116.1 1.5497e+01  14 1.00000e+00  
116.2 1.5484e+01  14 1.00000e+00  
116.3 1.5633e+01  14 1.00000e+00  
116.4 1.5452e+01  14 1.00000e+00  
116.5 1.5433e+01  14 1.00000e+00  
116.6 1.5584e+01  14 1.00000e+00  
116.7 1.5567e+01  14 1.00000e+00  
116.8 1.5556e+01  14 1.00000e+00  
116.9 1.5545e+01  14 1.00000e+00  
117.0 1.5527e+01  14 1.00000e+00  
117.1 1.5509e+01  14 1.00000e+00  
117.2 1.5500e+01  14 1.00000e+00  
117.3 1.5488e+01  14 1.00000e+00  
117.4 1.5475e+01  14 1.00000e+00  
117.5 1.5632e+01  14 1.00000e+00  
117.6 1.5623e+01  14 1.00000e+00  
117.7 1.5451e+01  14 1.00000e+00  
117.8 1.5584e+01  14 1.00000e+00  
117.9 1.5568e+01  14 1.00000e+00  
118.0 1.5561e+01  14 1.00000e+00  
118.1 1.5549e+01  14 1.00000e+00  
118.2 1.5515e+01  14 1.00000e+00  
118.3 1.5498e+01  14 1.00000e+00  
118.4 1.5643e+01  14 1.00000e+00  
118.5 1.5632e+01  14 1.00000e+00  
118.6 1.5584e+01  14 1.00000e+00  
118.7 1.5575e+01  14 1.00000e+00  
118.8 1.5552e+01  14 1.00000e+00  
118.9 1.5531e+01  14 1.00000e+00  
119.0 1.5512e+01  14 1.00000e+00  
119.1 1.5494e+01  14 1.00000e+00  
119.2 1.5476e+01  14 1.00000e+00  
119.3 1.5466e+01  14 1.00000e+00  
119.4 1.5458e+01  14 1.00000e+00  
119.5 1.5584e+01  14 1.00000e+00  
119.6 1.5575e+01  14 1.00000e+00  
119.7 1.5564e+01  14 1.00000e+00  
119.8 1.5550e+01  14 1.00000e+00  
119.9 1.5523e+01  14 1.00000e+00  
120.0 1.5511e+01  14 1.00000e+00  
120.1 1.5497e+01  14 1.00000e+00  
120.2 1.5476e+01  14 1.00000e+00  
120.3 1.5463e+01  14 1.00000e+00  
120.4 1.5457e+01  14 1.00000e+00  
120.5 1.5438e+01  14 1.00000e+00  
120.6 1.5586e+01  14 1.00000e+00  
120.7 1.5571e+01  14 1.00000e+00  
120.8 1.5558e+01  14 1.00000e+00  
120.9 1.5548e+01  14 1.00000e+00  
121.0 1.5501e+01  14 1.00000e+00  
121.1 1.5477e+01  14 1.00000e+00  
121.2 1.5463e+01  14 1.00000e+00  
121.3 1.5437e+01  14 1.00000e+00  
121.4 1.5571e+01  14 1.00000e+00  
121.5 1.5554e+01  14 1.00000e+00  
121.6 1.5539e+01  14 1.00000e+00  
121.7 1.5509e+01  14 1.00000e+00  
121.8 1.5491e+01  14 1.00000e+00  
121.9 1.5463e+01  14 1.00000e+00  
122.0 1.5599e+01  14 1.00000e+00  
122.1 1.5574e+01  14 1.00000e+00  
122.2 1.5563e+01  14 1.00000e+00  
122.3 1.5533e+01  14 1.00000e+00  
122.4 1.5511e+01  14 1.00000e+00  
122.5 1.5477e+01  14 1.00000e+00  
122.6 1.5470e+01  14 1.00000e+00  
122.7 1.5457e+01  14 1.00000e+00  
122.8 1.5424e+01  14 1.00000e+00  
122.9 1.5567e+01  14 1.00000e+00  
123.0 1.5550e+01  14 1.00000e+00  
123.1 1.5532e+01  14 1.00000e+00  
123.2 1.5507e+01  14 1.00000e+00  
123.3 1.5489e+01  14 1.00000e+00  
123.4 1.5468e+01  14 1.00000e+00  
123.5 1.5632e+01  14 1.00000e+00  
123.6 1.5592e+01  14 1.00000e+00  
123.7 1.5575e+01  14 1.00000e+00  
123.8 1.5568e+01  14 1.00000e+00  
123.9 1.5545e+01  14 1.00000e+00  
124.0 1.5523e+01  14 1.00000e+00  
124.1 1.5514e+01  14 1.00000e+00  
124.2 1.5563e+01  14 1.00000e+00  
124.3 1.5527e+01  14 1.00000e+00  
124.4 1.5516e+01  14 1.00000e+00  
124.5 1.5500e+01  14 1.00000e+00  
124.6 1.5644e+01  14 1.00000e+00  
124.7 1.5458e+01  14 1.00000e+00  
124.8 1.5584e+01  14 1.00000e+00  
124.9 1.5576e+01  14 1.00000e+00  
125.0 1.5553e+01  14 1.00000e+00  
125.1 1.5528e+01  14 1.00000e+00  
125.2 1.5511e+01  14 1.00000e+00  
125.3 1.5490e+01  14 1.00000e+00  
125.4 1.5465e+01  14 1.00000e+00  
125.5 1.5451e+01  14 1.00000e+00  
125.6 1.5585e+01  14 1.00000e+00  
125.7 1.5564e+01  14 1.00000e+00  
125.8 1.5551e+01  14 1.00000e+00  
125.9 1.5525e+01  14 1.00000e+00  
126.0 1.5516e+01  14 1.00000e+00  
126.1 1.5498e+01  14 1.00000e+00  
126.2 1.5641e+01  14 1.00000e+00  
126.3 1.5622e+01  14 1.00000e+00  
126.4 1.5584e+01  14 1.00000e+00  
126.5 1.5574e+01  14 1.00000e+00  
126.6 1.5550e+01  14 1.00000e+00  
126.7 1.5519e+01  14 1.00000e+00  
126.8 1.5499e+01  14 1.00000e+00  
126.9 1.5476e+01  14 1.00000e+00  
127.0 1.5462e+01  14 1.00000e+00  
127.1 1.5442e+01  14 1.00000e+00  
127.2 1.5571e+01  14 1.00000e+00  
127.3 1.5547e+01  14 1.00000e+00  
127.4 1.5502e+01  14 1.00000e+00  
127.5 1.5425e+01  14 1.00000e+00  
127.6 1.5575e+01  14 1.00000e+00  
127.7 1.5554e+01  14 1.00000e+00  
127.8 1.5538e+01  14 1.00000e+00  
127.9 1.5509e+01  14 1.00000e+00  
128.0 1.5492e+01  14 1.00000e+00  
128.1 1.5476e+01  14 1.00000e+00  
128.2 1.5462e+01  14 1.00000e+00  
128.3 1.5599e+01  14 1.00000e+00  
128.4 1.5574e+01  14 1.00000e+00  
128.5 1.5566e+01  14 1.00000e+00  
128.6 1.5536e+01  14 1.00000e+00  
128.7 1.5515e+01  14 1.00000e+00  
128.8 1.5503e+01  14 1.00000e+00  
128.9 1.5475e+01  14 1.00000e+00  
129.0 1.5463e+01  14 1.00000e+00  
129.1 1.5433e+01  14 1.00000e+00  
129.2 1.5585e+01  14 1.00000e+00  
129.3 1.5576e+01  14 1.00000e+00  
129.4 1.5553e+01  14 1.00000e+00  
129.5 1.5539e+01  14 1.00000e+00  
129.6 1.5513e+01  14 1.00000e+00  
129.7 1.5491e+01  14 1.00000e+00  
129.8 1.5473e+01  14 1.00000e+00  
129.9 1.5625e+01  14 1.00000e+00  
130.0 1.5587e+01  14 1.00000e+00  
130.1 1.5573e+01  14 1.00000e+00  
130.2 1.5565e+01  14 1.00000e+00  
130.3 1.5524e+01  14 1.00000e+00  
130.4 1.5505e+01  14 1.00000e+00  
130.5 1.5467e+01  14 1.00000e+00  
130.6 1.5450e+01  14 1.00000e+00  
130.7 1.5586e+01  14 1.00000e+00  
130.8 1.5553e+01  14 1.00000e+00  
130.9 1.5519e+01  14 1.00000e+00  
131.0 1.5489e+01  14 1.00000e+00  
131.1 1.5463e+01  14 1.00000e+00  
131.2 1.5559e+01  14 1.00000e+00  
131.3 1.5534e+01  14 1.00000e+00  
131.4 1.5515e+01  14 1.00000e+00  
131.5 1.5501e+01  14 1.00000e+00  
131.6 1.5477e+01  14 1.00000e+00  
131.7 1.5463e+01  14 1.00000e+00  
131.8 1.5444e+01  14 1.00000e+00  
131.9 1.5586e+01  14 1.00000e+00  
132.0 1.5568e+01  14 1.00000e+00  
132.1 1.5555e+01  14 1.00000e+00  
132.2 1.5542e+01  14 1.00000e+00  
132.3 1.5512e+01  14 1.00000e+00  
132.4 1.5497e+01  14 1.00000e+00  
132.5 1.5482e+01  14 1.00000e+00  
132.6 1.5632e+01  14 1.00000e+00  
132.7 1.5633e+01  14 1.00000e+00  
132.8 1.5589e+01  14 1.00000e+00  
132.9 1.5575e+01  14 1.00000e+00  
133.0 1.5562e+01  14 1.00000e+00  
133.1 1.5543e+01  14 1.00000e+00  
133.2 1.5518e+01  14 1.00000e+00  
133.3 1.5506e+01  14 1.00000e+00  
133.4 1.5477e+01  14 1.00000e+00  
133.5 1.5460e+01  14 1.00000e+00  
133.6 1.5584e+01  14 1.00000e+00  
133.7 1.5563e+01  14 1.00000e+00  
133.8 1.5548e+01  14 1.00000e+00  
133.9 1.5509e+01  14 1.00000e+00  
134.0 1.5487e+01  14 1.00000e+00  
134.1 1.5462e+01  14 1.00000e+00  
134.2 1.5588e+01  14 1.00000e+00  
134.3 1.5571e+01  14 1.00000e+00  
134.4 1.5555e+01  14 1.00000e+00  
134.5 1.5515e+01  14 1.00000e+00  
134.6 1.5489e+01  14 1.00000e+00  
134.7 1.5632e+01  14 1.00000e+00  
134.8 1.5444e+01  14 1.00000e+00  
134.9 1.5585e+01  14 1.00000e+00  
135.0 1.5501e+01  14 1.00000e+00  
135.1 1.5487e+01  14 1.00000e+00  
135.2 1.5642e+01  14 1.00000e+00  
135.3 1.5625e+01  14 1.00000e+00  
135.4 1.5589e+01  14 1.00000e+00  
135.5 1.5576e+01  14 1.00000e+00  
135.6 1.5572e+01  14 1.00000e+00  
135.7 1.5547e+01  14 1.00000e+00  
135.8 1.5526e+01  14 1.00000e+00  
135.9 1.5514e+01  14 1.00000e+00  
136.0 1.5492e+01  14 1.00000e+00  
136.1 1.5473e+01  14 1.00000e+00  
136.2 1.5463e+01  14 1.00000e+00  
136.3 1.5450e+01  14 1.00000e+00  
136.4 1.5443e+01  14 1.00000e+00  
136.5 1.5584e+01  14 1.00000e+00  
136.6 1.5560e+01  14 1.00000e+00  
136.7 1.5545e+01  14 1.00000e+00  
136.8 1.5513e+01  14 1.00000e+00  
136.9 1.5495e+01  14 1.00000e+00  
137.0 1.5638e+01  14 1.00000e+00  
137.1 1.5601e+01  14 1.00000e+00  
137.2 1.5575e+01  14 1.00000e+00  
137.3 1.5560e+01  14 1.00000e+00  
137.4 1.5533e+01  14 1.00000e+00  
137.5 1.5510e+01  14 1.00000e+00  
137.6 1.5476e+01  14 1.00000e+00  
137.7 1.5460e+01  14 1.00000e+00  
137.8 1.5429e+01  14 1.00000e+00  
137.9 1.5576e+01  14 1.00000e+00  
138.0 1.5552e+01  14 1.00000e+00  
138.1 1.5518e+01  14 1.00000e+00  
138.2 1.5492e+01  14 1.00000e+00  
138.3 1.5471e+01  14 1.00000e+00  
138.4 1.5458e+01  14 1.00000e+00  
138.5 1.5584e+01  14 1.00000e+00  
138.6 1.5568e+01  14 1.00000e+00  
138.7 1.5529e+01  14 1.00000e+00  
138.8 1.5462e+01  14 1.00000e+00  
138.9 1.5449e+01  14 1.00000e+00  
139.0 1.5584e+01  14 1.00000e+00  
139.1 1.5571e+01  14 1.00000e+00  
139.2 1.5560e+01  14 1.00000e+00  
139.3 1.5550e+01  14 1.00000e+00  
139.4 1.5518e+01  14 1.00000e+00  
139.5 1.5506e+01  14 1.00000e+00  
139.6 1.5498e+01  14 1.00000e+00  
139.7 1.5479e+01  14 1.00000e+00  
139.8 1.5636e+01  14 1.00000e+00  
139.9 1.5596e+01  14 1.00000e+00  
140.0 1.5575e+01  14 1.00000e+00  
140.1 1.5549e+01  14 1.00000e+00  
140.2 1.5526e+01  14 1.00000e+00  
140.3 1.5517e+01  14 1.00000e+00  
140.4 1.5502e+01  14 1.00000e+00  
140.5 1.5472e+01  14 1.00000e+00  
140.6 1.5461e+01  14 1.00000e+00  
140.7 1.5586e+01  14 1.00000e+00  
140.8 1.5567e+01  14 1.00000e+00  
140.9 1.5554e+01  14 1.00000e+00  
141.0 1.5537e+01  14 1.00000e+00  
141.1 1.5499e+01  14 1.00000e+00  
141.2 1.5481e+01  14 1.00000e+00  
141.3 1.5463e+01  14 1.00000e+00  
141.4 1.5600e+01  14 1.00000e+00  
141.5 1.5575e+01  14 1.00000e+00  
141.6 1.5567e+01  14 1.00000e+00  
141.7 1.5538e+01  14 1.00000e+00  
141.8 1.5511e+01  14 1.00000e+00  
141.9 1.5491e+01  14 1.00000e+00  
142.0 1.5462e+01  14 1.00000e+00  
142.1 1.5452e+01  14 1.00000e+00  
142.2 1.5585e+01  14 1.00000e+00  
142.3 1.5564e+01  14 1.00000e+00  
142.4 1.5540e+01  14 1.00000e+00  
142.5 1.5508e+01  14 1.00000e+00  
142.6 1.5484e+01  14 1.00000e+00  
142.7 1.5464e+01  14 1.00000e+00  
142.8 1.5564e+01  14 1.00000e+00  
142.9 1.5544e+01  14 1.00000e+00  
143.0 1.5518e+01  14 1.00000e+00  
143.1 1.5503e+01  14 1.00000e+00  
143.2 1.5472e+01  14 1.00000e+00  
143.3 1.5463e+01  14 1.00000e+00  
143.4 1.5441e+01  14 1.00000e+00  
143.5 1.5584e+01  14 1.00000e+00  
143.6 1.5559e+01  14 1.00000e+00  
143.7 1.5545e+01  14 1.00000e+00  
143.8 1.5513e+01  14 1.00000e+00  
143.9 1.5496e+01  14 1.00000e+00  
144.0 1.5493e+01  14 1.00000e+00  
144.1 1.5471e+01  14 1.00000e+00  
144.2 1.5627e+01  14 1.00000e+00  
144.3 1.5583e+01  14 1.00000e+00  
144.4 1.5571e+01  14 1.00000e+00  
144.5 1.5544e+01  14 1.00000e+00  
144.6 1.5523e+01  14 1.00000e+00  
144.7 1.5512e+01  14 1.00000e+00  
144.8 1.5488e+01  14 1.00000e+00  
144.9 1.5462e+01  14 1.00000e+00  
145.0 1.5442e+01  14 1.00000e+00  
145.1 1.5424e+01  14 1.00000e+00  
145.2 1.5567e+01  14 1.00000e+00  
145.3 1.5551e+01  14 1.00000e+00  
145.4 1.5528e+01  14 1.00000e+00  
145.5 1.5502e+01  14 1.00000e+00  
145.6 1.5480e+01  14 1.00000e+00  
145.7 1.5463e+01  14 1.00000e+00  
145.8 1.5602e+01  14 1.00000e+00  
145.9 1.5576e+01  14 1.00000e+00  
146.0 1.5567e+01  14 1.00000e+00  
146.1 1.5552e+01  14 1.00000e+00  
146.2 1.5507e+01  14 1.00000e+00  
146.3 1.5484e+01  14 1.00000e+00  
146.4 1.5633e+01  14 1.00000e+00  
146.5 1.5585e+01  14 1.00000e+00  
146.6 1.5498e+01  14 1.00000e+00  
146.7 1.5486e+01  14 1.00000e+00  
146.8 1.5463e+01  14 1.00000e+00  
146.9 1.5606e+01  14 1.00000e+00  
147.0 1.5584e+01  14 1.00000e+00  
147.1 1.5571e+01  14 1.00000e+00  
147.2 1.5555e+01  14 1.00000e+00  
147.3 1.5527e+01  14 1.00000e+00  
147.4 1.5511e+01  14 1.00000e+00  
147.5 1.5494e+01  14 1.00000e+00  
147.6 1.5468e+01  14 1.00000e+00  
147.7 1.5463e+01  14 1.00000e+00  
147.8 1.5429e+01  14 1.00000e+00  
147.9 1.5577e+01  14 1.00000e+00  
148.0 1.5567e+01  14 1.00000e+00  
148.1 1.5551e+01  14 1.00000e+00  
148.2 1.5534e+01  14 1.00000e+00  
148.3 1.5512e+01  14 1.00000e+00  
148.4 1.5492e+01  14 1.00000e+00  
148.5 1.5473e+01  14 1.00000e+00  
148.6 1.5460e+01  14 1.00000e+00  
148.7 1.5588e+01  14 1.00000e+00  
148.8 1.5573e+01  14 1.00000e+00  
148.9 1.5566e+01  14 1.00000e+00  
149.0 1.5536e+01  14 1.00000e+00  
149.1 1.5522e+01  14 1.00000e+00  
149.2 1.5505e+01  14 1.00000e+00  
149.3 1.5643e+01  14 1.00000e+00  
149.4 1.5460e+01  14 1.00000e+00  
149.5 1.5424e+01  14 1.00000e+00  
149.6 1.5576e+01  14 1.00000e+00  
149.7 1.5549e+01  14 1.00000e+00  
149.8 1.5516e+01  14 1.00000e+00  
149.9 1.5483e+01  14 1.00000e+00  
150.0 1.5462e+01  14 1.00000e+00  
