 15.1 1.4585e+00  13 4.49026e-02  
 15.2 1.4660e+00  13 4.52509e-02  
 15.3 1.4735e+00  13 4.55949e-02  
 15.4 1.4810e+00  13 4.59346e-02  
 15.5 1.4885e+00  13 4.62703e-02  
 15.6 1.4959e+00  13 4.66018e-02  
 15.7 1.5034e+00  13 4.69293e-02  
 15.8 1.5109e+00  13 4.72529e-02  
 15.9 1.5184e+00  13 4.75727e-02  
 16.0 1.5259e+00  13 4.78886e-02  
 16.1 1.5333e+00  13 4.82008e-02  
 16.2 1.5408e+00  13 4.85095e-02  
 16.3 1.5483e+00  13 4.88145e-02  
 16.4 1.5558e+00  13 4.91160e-02  
 16.5 1.5632e+00  13 4.94141e-02  
 16.6 1.5707e+00  13 4.97087e-02  
 16.7 1.5782e+00  13 5.00001e-02  
 16.8 1.5857e+00  13 5.02236e-02  
 16.9 1.5931e+00  13 5.05075e-02  
 17.0 1.6006e+00  13 5.07883e-02  
 17.1 1.6080e+00  13 5.10659e-02  
 17.2 1.6155e+00  13 5.13404e-02  
 17.3 1.6230e+00  13 5.16119e-02  
 17.4 1.6304e+00  13 5.18805e-02  
 17.5 1.6379e+00  13 5.21461e-02  
 17.6 1.6453e+00  13 5.24089e-02  
 17.7 1.6528e+00  13 5.26688e-02  
 17.8 1.6602e+00  13 5.29260e-02  
 17.9 1.6677e+00  13 5.31805e-02  
 18.0 1.6766e+00  13 5.35456e-02  
 18.1 1.6887e+00  13 5.41501e-02  
 18.2 1.7008e+00  13 5.47562e-02  
 18.3 1.7131e+00  13 5.53639e-02  
 18.4 1.7254e+00  13 5.59734e-02  
 18.5 1.7379e+00  13 5.65855e-02  
 18.6 1.7504e+00  13 5.71986e-02  
 18.7 1.7630e+00  13 5.78136e-02  
 18.8 1.7758e+00  13 5.84306e-02  
 18.9 1.7886e+00  13 5.90494e-02  
 19.0 1.8015e+00  13 5.96704e-02  
 19.1 1.8145e+00  13 6.02934e-02  
 19.2 1.8277e+00  13 6.09186e-02  
 19.3 1.8409e+00  13 6.15459e-02  
 19.4 1.8542e+00  13 6.21755e-02  
 19.5 1.8676e+00  13 6.28074e-02  
 19.6 1.8811e+00  13 6.34416e-02  
 19.7 1.8948e+00  13 6.40782e-02  
 19.8 1.9085e+00  13 6.47172e-02  
 19.9 1.9223e+00  13 6.53587e-02  
 20.0 1.7501e+01  14 1.00000e+00  
 20.1 1.7584e+01  14 1.00000e+00  
 20.2 1.7668e+01  14 1.00000e+00  
 20.3 1.7752e+01  14 1.00000e+00  
 20.4 1.7836e+01  14 1.00000e+00  
 20.5 1.7919e+01  14 1.00000e+00  
 20.6 1.8003e+01  14 1.00000e+00  
 20.7 1.8087e+01  14 1.00000e+00  
 20.8 1.8170e+01  14 1.00000e+00  
 20.9 1.8254e+01  14 1.00000e+00  
 21.0 1.8337e+01  14 1.00000e+00  
 21.1 1.8421e+01  14 1.00000e+00  
 21.2 1.8504e+01  14 1.00000e+00  
 21.3 1.8588e+01  14 1.00000e+00  
 21.4 1.8671e+01  14 1.00000e+00  
 21.5 1.8754e+01  14 1.00000e+00  
 21.6 1.8837e+01  14 1.00000e+00  
 21.7 1.8921e+01  14 1.00000e+00  
 21.8 1.9004e+01  14 1.00000e+00  
 21.9 1.9087e+01  14 1.00000e+00  
 22.0 1.9170e+01  14 1.00000e+00  
 22.1 1.9253e+01  14 1.00000e+00  
 22.2 1.9336e+01  14 1.00000e+00  
 22.3 1.9419e+01  14 1.00000e+00  
 22.4 1.9502e+01  14 1.00000e+00  
 22.5 1.9585e+01  14 1.00000e+00  
 22.6 1.9668e+01  14 1.00000e+00  
 22.7 1.9750e+01  14 1.00000e+00  
 22.8 5.5499e+00  14 2.45599e-01  
 22.9 5.6667e+00  14 2.50671e-01  
 23.0 5.7851e+00  14 2.55784e-01  
 23.1 5.9051e+00  14 2.60939e-01  
 23.2 6.0267e+00  14 2.66135e-01  
 23.3 6.1500e+00  14 2.71371e-01  
 23.4 6.2749e+00  14 2.76648e-01  
 23.5 6.4014e+00  14 2.81966e-01  
 23.6 6.5296e+00  14 2.87323e-01  
 23.7 6.6595e+00  14 2.92721e-01  
 23.8 6.7910e+00  14 2.98159e-01  
 23.9 6.9242e+00  14 3.03636e-01  
 24.0 7.0591e+00  14 3.09153e-01  
 24.1 7.1956e+00  14 3.14710e-01  
 24.2 7.3338e+00  14 3.20305e-01  
 24.3 7.4738e+00  14 3.25940e-01  
 24.4 7.6154e+00  14 3.31613e-01  
 24.5 7.7587e+00  14 3.37325e-01  
 24.6 7.9038e+00  14 3.43076e-01  
 24.7 8.0505e+00  14 3.48865e-01  
 24.8 8.1990e+00  14 3.54693e-01  
 24.9 8.3492e+00  14 3.60559e-01  
 25.0 8.5011e+00  14 3.66463e-01  
 25.1 8.6548e+00  14 3.72404e-01  
 25.2 8.8102e+00  14 3.78384e-01  
 25.3 8.9674e+00  14 3.84401e-01  
 25.4 9.1263e+00  14 3.90456e-01  
 25.5 9.2870e+00  14 3.96548e-01  
 25.6 9.4494e+00  14 4.02678e-01  
 25.7 9.6137e+00  14 4.08845e-01  
 25.8 9.7797e+00  14 4.15049e-01  
 25.9 9.9475e+00  14 4.21290e-01  
 26.0 1.0117e+01  14 4.27568e-01  
 26.1 1.0288e+01  14 4.33883e-01  
 26.2 1.0462e+01  14 4.40235e-01  
 26.3 1.0637e+01  14 4.46624e-01  
 26.4 1.0813e+01  14 4.53049e-01  
 26.5 1.0992e+01  14 4.59510e-01  
 26.6 1.1173e+01  14 4.66008e-01  
 26.7 1.1355e+01  14 4.72543e-01  
 26.8 1.1539e+01  14 4.79113e-01  
 26.9 1.1725e+01  14 4.85720e-01  
 27.0 1.1913e+01  14 4.92363e-01  
 27.1 1.2102e+01  14 4.99043e-01  
 27.2 1.2294e+01  14 5.05758e-01  
 27.3 1.2488e+01  14 5.12509e-01  
 27.4 1.2683e+01  14 5.19296e-01  
 27.5 1.2880e+01  14 5.26119e-01  
 27.6 1.3079e+01  14 5.32978e-01  
 27.7 1.3280e+01  14 5.39873e-01  
 27.8 1.3483e+01  14 5.46803e-01  
 27.9 1.3688e+01  14 5.53769e-01  
 28.0 1.3895e+01  14 5.60770e-01  
 28.1 1.4103e+01  14 5.67808e-01  
 28.2 1.4314e+01  14 5.74880e-01  
 28.3 1.4526e+01  14 5.81989e-01  
 28.4 1.4741e+01  14 5.89132e-01  
 28.5 1.4957e+01  14 5.96311e-01  
 28.6 1.5176e+01  14 6.03528e-01  
 28.7 1.5396e+01  14 6.10779e-01  
 28.8 1.5618e+01  14 6.18066e-01  
 28.9 1.5842e+01  14 6.25388e-01  
 29.0 1.6068e+01  14 6.32745e-01  
 29.1 1.6259e+01  14 6.40375e-01  
 29.2 1.6488e+01  14 6.47796e-01  
 29.3 1.6719e+01  14 6.55256e-01  
 29.4 1.6952e+01  14 6.62750e-01  
 29.5 1.7187e+01  14 6.70278e-01  
 29.6 1.7424e+01  14 6.77842e-01  
 29.7 1.7663e+01  14 6.85440e-01  
 29.8 1.7904e+01  14 6.93074e-01  
 29.9 1.8147e+01  14 7.00743e-01  
 30.0 1.8392e+01  14 7.08447e-01  
 30.1 1.8592e+01  14 7.16373e-01  
 30.2 1.8840e+01  14 7.24144e-01  
 30.3 1.9090e+01  14 7.31949e-01  
 30.4 1.9342e+01  14 7.39788e-01  
 30.5 1.9596e+01  14 7.47661e-01  
 30.6 1.9852e+01  14 7.55571e-01  
 30.7 2.0110e+01  14 7.63515e-01  
 30.8 2.0370e+01  14 7.71494e-01  
 30.9 2.0633e+01  14 7.79508e-01  
 31.0 2.0897e+01  14 7.87558e-01  
 31.1 2.1105e+01  14 7.95780e-01  
 31.2 2.1372e+01  14 8.03894e-01  
 31.3 2.1641e+01  14 8.12043e-01  
 31.4 2.1913e+01  14 8.20227e-01  
 31.5 2.2186e+01  14 8.28445e-01  
 31.6 2.2462e+01  14 8.36700e-01  
 31.7 2.2740e+01  14 8.44989e-01  
 31.8 2.3019e+01  14 8.53313e-01  
 31.9 2.3301e+01  14 8.61672e-01  
 32.0 2.3584e+01  14 8.70068e-01  
 32.1 2.3800e+01  14 8.78579e-01  
 32.2 2.4086e+01  14 8.87038e-01  
 32.3 2.4375e+01  14 8.95532e-01  
 32.4 2.4666e+01  14 9.04061e-01  
 32.5 2.4960e+01  14 9.12626e-01  
 32.6 2.5255e+01  14 9.21225e-01  
 32.7 2.5552e+01  14 9.29860e-01  
 32.8 2.5852e+01  14 9.38530e-01  
 32.9 2.6152e+01  14 9.47236e-01  
 33.0 2.6456e+01  14 9.55976e-01  
 33.1 2.6677e+01  14 9.64776e-01  
 33.2 2.6983e+01  14 9.73581e-01  
 33.3 2.7292e+01  14 9.82422e-01  
 33.4 2.7603e+01  14 9.91297e-01  
 33.5 2.7910e+01  14 1.00000e+00  
 33.6 2.7983e+01  14 1.00000e+00  
 33.7 2.8056e+01  14 1.00000e+00  
 33.8 2.8129e+01  14 1.00000e+00  
 33.9 2.8200e+01  14 1.00000e+00  
 34.0 2.8272e+01  14 1.00000e+00  
 34.1 2.8249e+01  14 1.00000e+00  
 34.2 2.8321e+01  14 1.00000e+00  
 34.3 2.8392e+01  14 1.00000e+00  
 34.4 2.8464e+01  14 1.00000e+00  
 34.5 2.8535e+01  14 1.00000e+00  
 34.6 2.8606e+01  14 1.00000e+00  
 34.7 2.8545e+01  14 1.00000e+00  
 34.8 2.8616e+01  14 1.00000e+00  
 34.9 2.8686e+01  14 1.00000e+00  
 35.0 2.8757e+01  14 1.00000e+00  
 35.1 2.8580e+01  14 1.00000e+00  
 35.2 2.8651e+01  14 1.00000e+00  
 35.3 2.8721e+01  14 1.00000e+00  
 35.4 2.8791e+01  14 1.00000e+00  
 35.5 2.8862e+01  14 1.00000e+00  
 35.6 2.8785e+01  14 1.00000e+00  
 35.7 2.8855e+01  14 1.00000e+00  
 35.8 2.8926e+01  14 1.00000e+00  
 35.9 2.8995e+01  14 1.00000e+00  
 36.0 2.8847e+01  14 1.00000e+00  
 36.1 2.7429e+01  14 1.00000e+00  
 36.2 2.4828e+01  14 1.00000e+00  
 36.3 2.2234e+01  14 1.00000e+00  
 36.4 2.0945e+01  14 1.00000e+00  
 36.5 1.9096e+01  14 1.00000e+00  
 36.6 1.6527e+01  14 1.00000e+00  
 36.7 1.4163e+01  14 1.00000e+00  
 36.8 1.3569e+01  14 1.00000e+00  
 36.9 1.3546e+01  14 1.00000e+00  
 37.0 1.3500e+01  14 1.00000e+00  
 37.1 1.3489e+01  14 1.00000e+00  
 37.2 1.3432e+01  14 1.00000e+00  
 37.3 1.3420e+01  14 1.00000e+00  
 37.4 1.3382e+01  14 1.00000e+00  
 37.5 1.3382e+01  14 1.00000e+00  
 37.6 1.3410e+01  14 1.00000e+00  
 37.7 1.3447e+01  14 1.00000e+00  
 37.8 1.3483e+01  14 1.00000e+00  
 37.9 1.3518e+01  14 1.00000e+00  
 38.0 1.3554e+01  14 1.00000e+00  
 38.1 1.3584e+01  14 1.00000e+00  
 38.2 1.3621e+01  14 1.00000e+00  
 38.3 1.3657e+01  14 1.00000e+00  
 38.4 1.3692e+01  14 1.00000e+00  
 38.5 1.3728e+01  14 1.00000e+00  
 38.6 1.3763e+01  14 1.00000e+00  
 38.7 1.3795e+01  14 1.00000e+00  
 38.8 1.3830e+01  14 1.00000e+00  
 38.9 1.3866e+01  14 1.00000e+00  
 39.0 1.3901e+01  14 1.00000e+00  
 39.1 1.3937e+01  14 1.00000e+00  
 39.2 1.3972e+01  14 1.00000e+00  
 39.3 1.4004e+01  14 1.00000e+00  
 39.4 1.4039e+01  14 1.00000e+00  
 39.5 1.4075e+01  14 1.00000e+00  
 39.6 1.4110e+01  14 1.00000e+00  
 39.7 1.4145e+01  14 1.00000e+00  
 39.8 1.4180e+01  14 1.00000e+00  
 39.9 1.4215e+01  14 1.00000e+00  
 40.0 1.4248e+01  14 1.00000e+00  
 40.1 1.4283e+01  14 1.00000e+00  
 40.2 1.4319e+01  14 1.00000e+00  
 40.3 1.4354e+01  14 1.00000e+00  
 40.4 1.4388e+01  14 1.00000e+00  
 40.5 1.4421e+01  14 1.00000e+00  
 40.6 1.4457e+01  14 1.00000e+00  
 40.7 1.4492e+01  14 1.00000e+00  
 40.8 1.4527e+01  14 1.00000e+00  
 40.9 1.4561e+01  14 1.00000e+00  
 41.0 1.4597e+01  14 1.00000e+00  
 41.1 1.4630e+01  14 1.00000e+00  
 41.2 1.4664e+01  14 1.00000e+00  
 41.3 1.4699e+01  14 1.00000e+00  
 41.4 1.4734e+01  14 1.00000e+00  
 41.5 1.4774e+01  14 1.00000e+00  
 41.6 1.4818e+01  14 1.00000e+00  
 41.7 1.4837e+01  14 1.00000e+00  
 41.8 1.4872e+01  14 1.00000e+00  
 41.9 1.4907e+01  14 1.00000e+00  
 42.0 1.4951e+01  14 1.00000e+00  
 42.1 1.4996e+01  14 1.00000e+00  
 42.2 1.5010e+01  14 1.00000e+00  
 42.3 1.5044e+01  14 1.00000e+00  
 42.4 1.5084e+01  14 1.00000e+00  
 42.5 1.5129e+01  14 1.00000e+00  
 42.6 1.5174e+01  14 1.00000e+00  
 42.7 1.5182e+01  14 1.00000e+00  
 42.8 1.5217e+01  14 1.00000e+00  
 42.9 1.5262e+01  14 1.00000e+00  
 43.0 1.5307e+01  14 1.00000e+00  
 43.1 1.5352e+01  14 1.00000e+00  
 43.2 1.5354e+01  14 1.00000e+00  
 43.3 1.5396e+01  14 1.00000e+00  
 43.4 1.5441e+01  14 1.00000e+00  
 43.5 1.5486e+01  14 1.00000e+00  
 43.6 1.5491e+01  14 1.00000e+00  
 43.7 1.5530e+01  14 1.00000e+00  
 43.8 1.5575e+01  14 1.00000e+00  
 43.9 1.5620e+01  14 1.00000e+00  
 44.0 1.5628e+01  14 1.00000e+00  
 44.1 1.5665e+01  14 1.00000e+00  
 44.2 1.5710e+01  14 1.00000e+00  
 44.3 1.5755e+01  14 1.00000e+00  
 44.4 1.5765e+01  14 1.00000e+00  
 44.5 1.5800e+01  14 1.00000e+00  
 44.6 1.5845e+01  14 1.00000e+00  
 44.7 1.5867e+01  14 1.00000e+00  
 44.8 1.5901e+01  14 1.00000e+00  
 44.9 1.5936e+01  14 1.00000e+00  
 45.0 1.5969e+01  14 1.00000e+00  
 45.1 1.6003e+01  14 1.00000e+00  
 45.2 1.6035e+01  14 1.00000e+00  
 45.3 1.6070e+01  14 1.00000e+00  
 45.4 1.6102e+01  14 1.00000e+00  
 45.5 1.6137e+01  14 1.00000e+00  
 45.6 1.6167e+01  14 1.00000e+00  
 45.7 1.6194e+01  14 1.00000e+00  
 45.8 1.6061e+01  14 1.00000e+00  
 45.9 1.6081e+01  14 1.00000e+00  
 46.0 1.6118e+01  14 1.00000e+00  
 46.1 1.6154e+01  14 1.00000e+00  
 46.2 1.6188e+01  14 1.00000e+00  
 46.3 1.6222e+01  14 1.00000e+00  
 46.4 1.6257e+01  14 1.00000e+00  
 46.5 1.6292e+01  14 1.00000e+00  
 46.6 1.6327e+01  14 1.00000e+00  
 46.7 1.6361e+01  14 1.00000e+00  
 46.8 1.6393e+01  14 1.00000e+00  
 46.9 1.6426e+01  14 1.00000e+00  
 47.0 1.6460e+01  14 1.00000e+00  
 47.1 1.6495e+01  14 1.00000e+00  
 47.2 1.6689e+01  14 1.00000e+00  
 47.3 1.6726e+01  14 1.00000e+00  
 47.4 1.6762e+01  14 1.00000e+00  
 47.5 1.6801e+01  14 1.00000e+00  
 47.6 1.6837e+01  14 1.00000e+00  
 47.7 1.6870e+01  14 1.00000e+00  
 47.8 1.6905e+01  14 1.00000e+00  
 47.9 1.6940e+01  14 1.00000e+00  
 48.0 1.6974e+01  14 1.00000e+00  
 48.1 1.7008e+01  14 1.00000e+00  
 48.2 1.7043e+01  14 1.00000e+00  
 48.3 1.7065e+01  14 1.00000e+00  
 48.4 1.7099e+01  14 1.00000e+00  
 48.5 1.7133e+01  14 1.00000e+00  
 48.6 1.7179e+01  14 1.00000e+00  
 48.7 1.7225e+01  14 1.00000e+00  
 48.8 1.7271e+01  14 1.00000e+00  
 48.9 1.7446e+01  14 1.00000e+00  
 49.0 1.7482e+01  14 1.00000e+00  
 49.1 1.7520e+01  14 1.00000e+00  
 49.2 1.7554e+01  14 1.00000e+00  
 49.3 1.7589e+01  14 1.00000e+00  
 49.4 1.7624e+01  14 1.00000e+00  
 49.5 1.7659e+01  14 1.00000e+00  
 49.6 1.7694e+01  14 1.00000e+00  
 49.7 1.7729e+01  14 1.00000e+00  
 49.8 1.7763e+01  14 1.00000e+00  
 49.9 1.7797e+01  14 1.00000e+00  
 50.0 1.7831e+01  14 1.00000e+00  
 50.1 1.7866e+01  14 1.00000e+00  
 50.2 1.7913e+01  14 1.00000e+00  
 50.3 1.7959e+01  14 1.00000e+00  
 50.4 1.8005e+01  14 1.00000e+00  
 50.5 1.8052e+01  14 1.00000e+00  
 50.6 1.8223e+01  14 1.00000e+00  
 50.7 1.8261e+01  14 1.00000e+00  
 50.8 1.8300e+01  14 1.00000e+00  
 50.9 1.8334e+01  14 1.00000e+00  
 51.0 1.8369e+01  14 1.00000e+00  
 51.1 1.8405e+01  14 1.00000e+00  
 51.2 1.8440e+01  14 1.00000e+00  
 51.3 1.8475e+01  14 1.00000e+00  
 51.4 1.8500e+01  14 1.00000e+00  
 51.5 1.8534e+01  14 1.00000e+00  
 51.6 1.8568e+01  14 1.00000e+00  
 51.7 1.8603e+01  14 1.00000e+00  
 51.8 1.8649e+01  14 1.00000e+00  
 51.9 1.8695e+01  14 1.00000e+00  
 52.0 1.8742e+01  14 1.00000e+00  
 52.1 1.8788e+01  14 1.00000e+00  
 52.2 1.8835e+01  14 1.00000e+00  
 52.3 1.8900e+01  14 1.00000e+00  
 52.4 1.9045e+01  14 1.00000e+00  
 52.5 1.9086e+01  14 1.00000e+00  
 52.6 1.9120e+01  14 1.00000e+00  
 52.7 1.9156e+01  14 1.00000e+00  
 52.8 1.9192e+01  14 1.00000e+00  
 52.9 1.9227e+01  14 1.00000e+00  
 53.0 1.9263e+01  14 1.00000e+00  
 53.1 1.9298e+01  14 1.00000e+00  
 53.2 1.9333e+01  14 1.00000e+00  
 53.3 1.9368e+01  14 1.00000e+00  
 53.4 1.9402e+01  14 1.00000e+00  
 53.5 1.9437e+01  14 1.00000e+00  
 53.6 1.9482e+01  14 1.00000e+00  
 53.7 1.9528e+01  14 1.00000e+00  
 53.8 1.9575e+01  14 1.00000e+00  
 53.9 1.9638e+01  14 1.00000e+00  
 54.0 1.9699e+01  14 1.00000e+00  
 54.1 1.9754e+01  14 1.00000e+00  
 54.2 1.9806e+01  14 1.00000e+00  
 54.3 1.9854e+01  14 1.00000e+00  
 54.4 1.9968e+01  14 1.00000e+00  
 54.5 2.0005e+01  14 1.00000e+00  
 54.6 2.0032e+01  14 1.00000e+00  
 54.7 2.0068e+01  14 1.00000e+00  
 54.8 2.0104e+01  14 1.00000e+00  
 54.9 2.0140e+01  14 1.00000e+00  
 55.0 2.0175e+01  14 1.00000e+00  
 55.1 2.0210e+01  14 1.00000e+00  
 55.2 2.0245e+01  14 1.00000e+00  
 55.3 2.0279e+01  14 1.00000e+00  
 55.4 2.0317e+01  14 1.00000e+00  
 55.5 2.0364e+01  14 1.00000e+00  
 55.6 2.0411e+01  14 1.00000e+00  
 55.7 2.0458e+01  14 1.00000e+00  
 55.8 2.0516e+01  14 1.00000e+00  
 55.9 2.0578e+01  14 1.00000e+00  
 56.0 2.0635e+01  14 1.00000e+00  
 56.1 2.0688e+01  14 1.00000e+00  
 56.2 2.0738e+01  14 1.00000e+00  
 56.3 2.0862e+01  14 1.00000e+00  
 56.4 2.0899e+01  14 1.00000e+00  
 56.5 2.0935e+01  14 1.00000e+00  
 56.6 2.0972e+01  14 1.00000e+00  
 56.7 2.1008e+01  14 1.00000e+00  
 56.8 2.1045e+01  14 1.00000e+00  
 56.9 2.1081e+01  14 1.00000e+00  
 57.0 2.1117e+01  14 1.00000e+00  
 57.1 2.1151e+01  14 1.00000e+00  
 57.2 2.1186e+01  14 1.00000e+00  
 57.3 2.1221e+01  14 1.00000e+00  
 57.4 2.1255e+01  14 1.00000e+00  
 57.5 2.1297e+01  14 1.00000e+00  
 57.6 2.1344e+01  14 1.00000e+00  
 57.7 2.1391e+01  14 1.00000e+00  
 57.8 2.1438e+01  14 1.00000e+00  
 57.9 2.1485e+01  14 1.00000e+00  
 58.0 2.1550e+01  14 1.00000e+00  
 58.1 2.1610e+01  14 1.00000e+00  
 58.2 2.1664e+01  14 1.00000e+00  
 58.3 2.1716e+01  14 1.00000e+00  
 58.4 2.1764e+01  14 1.00000e+00  
 58.5 2.1895e+01  14 1.00000e+00  
 58.6 2.1930e+01  14 1.00000e+00  
 58.7 2.1959e+01  14 1.00000e+00  
 58.8 2.1996e+01  14 1.00000e+00  
 58.9 2.2033e+01  14 1.00000e+00  
 59.0 2.2070e+01  14 1.00000e+00  
 59.1 2.2105e+01  14 1.00000e+00  
 59.2 2.2142e+01  14 1.00000e+00  
 59.3 2.2178e+01  14 1.00000e+00  
 59.4 2.2213e+01  14 1.00000e+00  
 59.5 2.2251e+01  14 1.00000e+00  
 59.6 2.2290e+01  14 1.00000e+00  
 59.7 2.2326e+01  14 1.00000e+00  
 59.8 2.2373e+01  14 1.00000e+00  
 59.9 2.2420e+01  14 1.00000e+00  
 60.0 2.2467e+01  14 1.00000e+00  
 60.1 2.2514e+01  14 1.00000e+00  
 60.2 2.2562e+01  14 1.00000e+00  
 60.3 2.2608e+01  14 1.00000e+00  
 60.4 2.2655e+01  14 1.00000e+00  
 60.5 2.2703e+01  14 1.00000e+00  
 60.6 2.2750e+01  14 1.00000e+00  
 60.7 2.2796e+01  14 1.00000e+00  
 60.8 2.2844e+01  14 1.00000e+00  
 60.9 2.2891e+01  14 1.00000e+00  
 61.0 2.2937e+01  14 1.00000e+00  
 61.1 2.2994e+01  14 1.00000e+00  
 61.2 2.3032e+01  14 1.00000e+00  
 61.3 2.3078e+01  14 1.00000e+00  
 61.4 2.3144e+01  14 1.00000e+00  
 61.5 2.3177e+01  14 1.00000e+00  
 61.6 2.3220e+01  14 1.00000e+00  
 61.7 2.3266e+01  14 1.00000e+00  
 61.8 2.3324e+01  14 1.00000e+00  
 61.9 2.3361e+01  14 1.00000e+00  
 62.0 2.3407e+01  14 1.00000e+00  
 62.1 2.3465e+01  14 1.00000e+00  
 62.2 2.3502e+01  14 1.00000e+00  
 62.3 2.3549e+01  14 1.00000e+00  
 62.4 2.3594e+01  14 1.00000e+00  
 62.5 2.3639e+01  14 1.00000e+00  
 62.6 2.3682e+01  14 1.00000e+00  
 62.7 2.3725e+01  14 1.00000e+00  
 62.8 2.3769e+01  14 1.00000e+00  
 62.9 2.3813e+01  14 1.00000e+00  
 63.0 2.3857e+01  14 1.00000e+00  
 63.1 2.3900e+01  14 1.00000e+00  
 63.2 2.3948e+01  14 1.00000e+00  
 63.3 2.3989e+01  14 1.00000e+00  
 63.4 2.4033e+01  14 1.00000e+00  
 63.5 2.4079e+01  14 1.00000e+00  
 63.6 2.4149e+01  14 1.00000e+00  
 63.7 2.4219e+01  14 1.00000e+00  
 63.8 2.4209e+01  14 1.00000e+00  
 63.9 2.4277e+01  14 1.00000e+00  
 64.0 2.4347e+01  14 1.00000e+00  
 64.1 2.4416e+01  14 1.00000e+00  
 64.2 2.4396e+01  14 1.00000e+00  
 64.3 2.4470e+01  14 1.00000e+00  
 64.4 2.4542e+01  14 1.00000e+00  
 64.5 2.4609e+01  14 1.00000e+00  
 64.6 2.4679e+01  14 1.00000e+00  
 64.7 2.4659e+01  14 1.00000e+00  
 64.8 2.4727e+01  14 1.00000e+00  
 64.9 2.4798e+01  14 1.00000e+00  
 65.0 2.4868e+01  14 1.00000e+00  
 65.1 2.4938e+01  14 1.00000e+00  
 65.2 2.4910e+01  14 1.00000e+00  
 65.3 2.4982e+01  14 1.00000e+00  
 65.4 2.5051e+01  14 1.00000e+00  
 65.5 2.5010e+01  14 1.00000e+00  
 65.6 2.5049e+01  14 1.00000e+00  
 65.7 2.5161e+01  14 1.00000e+00  
 65.8 2.5229e+01  14 1.00000e+00  
 65.9 2.5190e+01  14 1.00000e+00  
 66.0 2.5229e+01  14 1.00000e+00  
 66.1 2.5249e+01  14 1.00000e+00  
 66.2 2.5274e+01  14 1.00000e+00  
 66.3 2.5476e+01  14 1.00000e+00  
 66.4 2.5413e+01  14 1.00000e+00  
 66.5 2.5438e+01  14 1.00000e+00  
 66.6 2.5452e+01  14 1.00000e+00  
 66.7 2.5496e+01  14 1.00000e+00  
 66.8 2.5540e+01  14 1.00000e+00  
 66.9 2.5636e+01  14 1.00000e+00  
 67.0 2.5657e+01  14 1.00000e+00  
 67.1 2.5674e+01  14 1.00000e+00  
 67.2 2.5719e+01  14 1.00000e+00  
 67.3 2.5763e+01  14 1.00000e+00  
 67.4 2.5832e+01  14 1.00000e+00  
 67.5 2.5878e+01  14 1.00000e+00  
 67.6 2.5898e+01  14 1.00000e+00  
 67.7 2.5942e+01  14 1.00000e+00  
 67.8 2.5987e+01  14 1.00000e+00  
 67.9 2.6060e+01  14 1.00000e+00  
 68.0 2.6136e+01  14 1.00000e+00  
 68.1 2.6121e+01  14 1.00000e+00  
 68.2 2.6166e+01  14 1.00000e+00  
 68.3 2.6211e+01  14 1.00000e+00  
 68.4 2.6280e+01  14 1.00000e+00  
 68.5 2.6356e+01  14 1.00000e+00  
 68.6 2.6429e+01  14 1.00000e+00  
 68.7 2.6501e+01  14 1.00000e+00  
 68.8 2.6436e+01  14 1.00000e+00  
 68.9 2.6490e+01  14 1.00000e+00  
 69.0 2.6567e+01  14 1.00000e+00  
 69.1 2.6641e+01  14 1.00000e+00  
 69.2 2.6711e+01  14 1.00000e+00  
 69.3 2.6781e+01  14 1.00000e+00  
 69.4 2.6850e+01  14 1.00000e+00  
 69.5 2.6904e+01  14 1.00000e+00  
 69.6 2.6842e+01  14 1.00000e+00  
 69.7 2.6913e+01  14 1.00000e+00  
 69.8 2.6987e+01  14 1.00000e+00  
 69.9 2.7056e+01  14 1.00000e+00  
 70.0 2.7125e+01  14 1.00000e+00  
 70.1 2.7088e+01  14 1.00000e+00  
 70.2 2.7135e+01  14 1.00000e+00  
 70.3 2.7227e+01  14 1.00000e+00  
 70.4 2.7250e+01  14 1.00000e+00  
 70.5 2.7317e+01  14 1.00000e+00  
 70.6 2.7390e+01  14 1.00000e+00  
 70.7 2.7459e+01  14 1.00000e+00  
 70.8 2.7411e+01  14 1.00000e+00  
 70.9 2.7448e+01  14 1.00000e+00  
 71.0 2.7447e+01  14 1.00000e+00  
 71.1 2.7475e+01  14 1.00000e+00  
 71.2 2.7637e+01  14 1.00000e+00  
 71.3 2.7704e+01  14 1.00000e+00  
 71.4 2.7774e+01  14 1.00000e+00  
 71.5 2.7730e+01  14 1.00000e+00  
 71.6 2.7773e+01  14 1.00000e+00  
 71.7 2.7799e+01  14 1.00000e+00  
 71.8 2.7795e+01  14 1.00000e+00  
 71.9 2.7838e+01  14 1.00000e+00  
 72.0 2.7884e+01  14 1.00000e+00  
 72.1 2.8083e+01  14 1.00000e+00  
 72.2 2.8049e+01  14 1.00000e+00  
 72.3 2.8095e+01  14 1.00000e+00  
 72.4 2.8135e+01  14 1.00000e+00  
 72.5 2.8136e+01  14 1.00000e+00  
 72.6 2.8157e+01  14 1.00000e+00  
 72.7 2.8202e+01  14 1.00000e+00  
 72.8 2.8247e+01  14 1.00000e+00  
 72.9 2.8312e+01  14 1.00000e+00  
 73.0 2.8416e+01  14 1.00000e+00  
 73.1 2.8466e+01  14 1.00000e+00  
 73.2 2.8505e+01  14 1.00000e+00  
 73.3 2.8509e+01  14 1.00000e+00  
 73.4 2.8529e+01  14 1.00000e+00  
 73.5 2.8568e+01  14 1.00000e+00  
 73.6 2.8613e+01  14 1.00000e+00  
 73.7 2.8665e+01  14 1.00000e+00  
 73.8 2.8741e+01  14 1.00000e+00  
 73.9 2.8812e+01  14 1.00000e+00  
 74.0 2.8881e+01  14 1.00000e+00  
 74.1 2.8920e+01  14 1.00000e+00  
 74.2 2.8924e+01  14 1.00000e+00  
 74.3 2.8945e+01  14 1.00000e+00  
 74.4 2.8981e+01  14 1.00000e+00  
 74.5 2.9026e+01  14 1.00000e+00  
 74.6 2.9076e+01  14 1.00000e+00  
 74.7 2.9149e+01  14 1.00000e+00  
 74.8 2.9219e+01  14 1.00000e+00  
 74.9 2.9290e+01  14 1.00000e+00  
 75.0 2.9351e+01  14 1.00000e+00  
 75.1 2.9380e+01  14 1.00000e+00  
 75.2 2.9387e+01  14 1.00000e+00  
 75.3 2.9407e+01  14 1.00000e+00  
 75.4 2.9441e+01  14 1.00000e+00  
 75.5 2.9486e+01  14 1.00000e+00  
 75.6 2.9536e+01  14 1.00000e+00  
 75.7 2.9609e+01  14 1.00000e+00  
 75.8 2.9679e+01  14 1.00000e+00  
 75.9 2.9742e+01  14 1.00000e+00  
 76.0 2.9813e+01  14 1.00000e+00  
 76.1 2.9877e+01  14 1.00000e+00  
 76.2 2.9842e+01  14 1.00000e+00  
 76.3 2.9899e+01  14 1.00000e+00  
 76.4 2.9922e+01  14 1.00000e+00  
 76.5 2.9948e+01  14 1.00000e+00  
 76.6 2.9994e+01  14 1.00000e+00  
 76.7 3.0040e+01  14 1.00000e+00  
 76.8 3.0106e+01  14 1.00000e+00  
 76.9 3.0180e+01  14 1.00000e+00  
 77.0 3.0250e+01  14 1.00000e+00  
 77.1 3.0318e+01  14 1.00000e+00  
 77.2 3.0384e+01  14 1.00000e+00  
 77.3 3.0450e+01  14 1.00000e+00  
 77.4 3.0516e+01  14 1.00000e+00  
 77.5 3.0460e+01  14 1.00000e+00  
 77.6 3.0487e+01  14 1.00000e+00  
 77.7 3.0505e+01  14 1.00000e+00  
 77.8 3.0551e+01  14 1.00000e+00  
 77.9 3.0597e+01  14 1.00000e+00  
 78.0 3.0656e+01  14 1.00000e+00  
 78.1 3.0728e+01  14 1.00000e+00  
 78.2 3.0796e+01  14 1.00000e+00  
 78.3 3.0866e+01  14 1.00000e+00  
 78.4 3.0933e+01  14 1.00000e+00  
 78.5 3.0998e+01  14 1.00000e+00  
 78.6 3.1062e+01  14 1.00000e+00  
 78.7 3.1125e+01  14 1.00000e+00  
 78.8 3.1123e+01  14 1.00000e+00  
 78.9 3.1111e+01  14 1.00000e+00  
 79.0 3.1133e+01  14 1.00000e+00  
 79.1 3.1157e+01  14 1.00000e+00  
 79.2 3.1203e+01  14 1.00000e+00  
 79.3 3.1250e+01  14 1.00000e+00  
 79.4 3.1312e+01  14 1.00000e+00  
 79.5 3.1385e+01  14 1.00000e+00  
 79.6 3.1451e+01  14 1.00000e+00  
 79.7 3.1518e+01  14 1.00000e+00  
 79.8 3.1584e+01  14 1.00000e+00  
 79.9 3.1650e+01  14 1.00000e+00  
 80.0 3.1713e+01  14 1.00000e+00  
 80.1 3.1774e+01  14 1.00000e+00  
 80.2 3.1841e+01  14 1.00000e+00  
 80.3 3.1814e+01  14 1.00000e+00  
 80.4 3.1825e+01  14 1.00000e+00  
 80.5 3.1854e+01  14 1.00000e+00  
 80.6 3.1874e+01  14 1.00000e+00  
 80.7 3.1907e+01  14 1.00000e+00  
 80.8 3.1953e+01  14 1.00000e+00  
 80.9 3.2004e+01  14 1.00000e+00  
 81.0 3.2061e+01  14 1.00000e+00  
 81.1 3.2128e+01  14 1.00000e+00  
 81.2 3.2196e+01  14 1.00000e+00  
 81.3 3.2262e+01  14 1.00000e+00  
 81.4 3.2327e+01  14 1.00000e+00  
 81.5 3.2391e+01  14 1.00000e+00  
 81.6 3.2455e+01  14 1.00000e+00  
 81.7 3.2515e+01  14 1.00000e+00  
 81.8 3.2578e+01  14 1.00000e+00  
 81.9 3.2588e+01  14 1.00000e+00  
 82.0 3.2575e+01  14 1.00000e+00  
 82.1 3.2645e+01  14 1.00000e+00  
 82.2 3.2680e+01  14 1.00000e+00  
 82.3 3.2716e+01  14 1.00000e+00  
 82.4 3.2742e+01  14 1.00000e+00  
 82.5 3.2762e+01  14 1.00000e+00  
 82.6 3.2802e+01  14 1.00000e+00  
 82.7 3.2849e+01  14 1.00000e+00  
 82.8 3.2906e+01  14 1.00000e+00  
 82.9 3.2970e+01  14 1.00000e+00  
 83.0 3.3036e+01  14 1.00000e+00  
 83.1 3.3100e+01  14 1.00000e+00  
 83.2 3.3163e+01  14 1.00000e+00  
 83.3 3.3226e+01  14 1.00000e+00  
 83.4 3.3286e+01  14 1.00000e+00  
 83.5 3.3348e+01  14 1.00000e+00  
 83.6 3.3372e+01  14 1.00000e+00  
 83.7 3.3323e+01  14 1.00000e+00  
 83.8 3.3499e+01  14 1.00000e+00  
 83.9 3.3547e+01  14 1.00000e+00  
 84.0 3.3588e+01  14 1.00000e+00  
 84.1 3.3631e+01  14 1.00000e+00  
 84.2 3.3653e+01  14 1.00000e+00  
 84.3 3.3693e+01  14 1.00000e+00  
 84.4 3.3729e+01  14 1.00000e+00  
 84.5 3.3763e+01  14 1.00000e+00  
 84.6 3.3788e+01  14 1.00000e+00  
 84.7 3.3810e+01  14 1.00000e+00  
 84.8 3.3847e+01  14 1.00000e+00  
 84.9 3.3895e+01  14 1.00000e+00  
 85.0 3.3952e+01  14 1.00000e+00  
 85.1 3.4015e+01  14 1.00000e+00  
 85.2 3.4079e+01  14 1.00000e+00  
 85.3 3.4142e+01  14 1.00000e+00  
 85.4 3.4202e+01  14 1.00000e+00  
 85.5 3.4267e+01  14 1.00000e+00  
 85.6 3.4275e+01  14 1.00000e+00  
 85.7 3.4464e+01  14 1.00000e+00  
 85.8 3.4523e+01  14 1.00000e+00  
 85.9 3.4491e+01  14 1.00000e+00  
 86.0 3.4547e+01  14 1.00000e+00  
 86.1 3.4603e+01  14 1.00000e+00  
 86.2 3.4652e+01  14 1.00000e+00  
 86.3 3.4705e+01  14 1.00000e+00  
 86.4 3.4753e+01  14 1.00000e+00  
 86.5 3.4800e+01  14 1.00000e+00  
 86.6 3.4842e+01  14 1.00000e+00  
 86.7 3.4889e+01  14 1.00000e+00  
 86.8 3.4912e+01  14 1.00000e+00  
 86.9 3.4954e+01  14 1.00000e+00  
 87.0 3.4997e+01  14 1.00000e+00  
 87.1 3.5037e+01  14 1.00000e+00  
 87.2 3.5071e+01  14 1.00000e+00  
 87.3 3.5109e+01  14 1.00000e+00  
 87.4 3.5138e+01  14 1.00000e+00  
 87.5 3.5165e+01  14 1.00000e+00  
 87.6 3.5193e+01  14 1.00000e+00  
 87.7 3.5237e+01  14 1.00000e+00  
 87.8 3.5289e+01  14 1.00000e+00  
 87.9 3.5472e+01  14 1.00000e+00  
 88.0 3.5550e+01  14 1.00000e+00  
 88.1 3.5561e+01  14 1.00000e+00  
 88.2 3.5620e+01  14 1.00000e+00  
 88.3 3.5680e+01  14 1.00000e+00  
 88.4 3.5732e+01  14 1.00000e+00  
 88.5 3.5794e+01  14 1.00000e+00  
 88.6 3.5846e+01  14 1.00000e+00  
 88.7 3.5909e+01  14 1.00000e+00  
 88.8 3.5958e+01  14 1.00000e+00  
 88.9 3.6020e+01  14 1.00000e+00  
 89.0 3.6076e+01  14 1.00000e+00  
 89.1 3.6140e+01  14 1.00000e+00  
 89.2 3.6096e+01  14 1.00000e+00  
 89.3 3.6153e+01  14 1.00000e+00  
 89.4 3.6206e+01  14 1.00000e+00  
 89.5 3.6257e+01  14 1.00000e+00  
 89.6 3.6308e+01  14 1.00000e+00  
 89.7 3.6361e+01  14 1.00000e+00  
 89.8 3.6410e+01  14 1.00000e+00  
 89.9 3.6458e+01  14 1.00000e+00  
 90.0 3.6503e+01  14 1.00000e+00  
 90.1 3.6550e+01  14 1.00000e+00  
 90.2 3.6597e+01  14 1.00000e+00  
 90.3 3.6654e+01  14 1.00000e+00  
 90.4 3.6684e+01  14 1.00000e+00  
 90.5 3.6722e+01  14 1.00000e+00  
 90.6 3.6651e+01  14 1.00000e+00  
 90.7 3.6695e+01  14 1.00000e+00  
 90.8 3.6750e+01  14 1.00000e+00  
 90.9 3.6807e+01  14 1.00000e+00  
 91.0 3.6867e+01  14 1.00000e+00  
 91.1 3.6927e+01  14 1.00000e+00  
 91.2 3.6987e+01  14 1.00000e+00  
 91.3 3.7046e+01  14 1.00000e+00  
 91.4 3.7105e+01  14 1.00000e+00  
 91.5 3.7159e+01  14 1.00000e+00  
 91.6 3.7219e+01  14 1.00000e+00  
 91.7 3.7276e+01  14 1.00000e+00  
 91.8 3.7330e+01  14 1.00000e+00  
 91.9 3.7392e+01  14 1.00000e+00  
 92.0 3.7437e+01  14 1.00000e+00  
 92.1 3.7489e+01  14 1.00000e+00  
 92.2 3.7542e+01  14 1.00000e+00  
 92.3 3.7594e+01  14 1.00000e+00  
 92.4 3.7643e+01  14 1.00000e+00  
 92.5 3.7695e+01  14 1.00000e+00  
 92.6 3.7748e+01  14 1.00000e+00  
 92.7 3.7800e+01  14 1.00000e+00  
 92.8 3.7852e+01  14 1.00000e+00  
 92.9 3.7904e+01  14 1.00000e+00  
 93.0 3.7938e+01  14 1.00000e+00  
 93.1 3.7950e+01  14 1.00000e+00  
 93.2 3.8006e+01  14 1.00000e+00  
 93.3 3.8085e+01  14 1.00000e+00  
 93.4 3.8135e+01  14 1.00000e+00  
 93.5 3.8185e+01  14 1.00000e+00  
 93.6 3.8235e+01  14 1.00000e+00  
 93.7 3.8284e+01  14 1.00000e+00  
 93.8 3.8325e+01  14 1.00000e+00  
 93.9 3.8376e+01  14 1.00000e+00  
 94.0 3.8427e+01  14 1.00000e+00  
 94.1 3.8478e+01  14 1.00000e+00  
 94.2 3.8528e+01  14 1.00000e+00  
 94.3 3.8579e+01  14 1.00000e+00  
 94.4 3.8622e+01  14 1.00000e+00  
 94.5 3.8720e+01  14 1.00000e+00  
 94.6 3.8748e+01  14 1.00000e+00  
 94.7 3.8776e+01  14 1.00000e+00  
 94.8 3.8807e+01  14 1.00000e+00  
 94.9 3.8907e+01  14 1.00000e+00  
 95.0 3.8944e+01  14 1.00000e+00  
 95.1 3.9045e+01  14 1.00000e+00  
 95.2 3.9145e+01  14 1.00000e+00  
 95.3 3.9245e+01  14 1.00000e+00  
 95.4 3.9346e+01  14 1.00000e+00  
 95.5 3.9446e+01  14 1.00000e+00  
 95.6 3.9546e+01  14 1.00000e+00  
 95.7 3.9646e+01  14 1.00000e+00  
 95.8 3.9746e+01  14 1.00000e+00  
 95.9 3.9842e+01  14 1.00000e+00  
 96.0 3.9931e+01  14 1.00000e+00  
 96.1 4.0021e+01  14 1.00000e+00  
 96.2 4.0110e+01  14 1.00000e+00  
 96.3 4.0200e+01  14 1.00000e+00  
 96.4 4.0289e+01  14 1.00000e+00  
 96.5 4.0379e+01  14 1.00000e+00  
 96.6 4.0468e+01  14 1.00000e+00  
 96.7 4.0558e+01  14 1.00000e+00  
 96.8 4.0647e+01  14 1.00000e+00  
 96.9 4.0737e+01  14 1.00000e+00  
 97.0 4.0827e+01  14 1.00000e+00  
 97.1 4.0917e+01  14 1.00000e+00  
 97.2 4.1006e+01  14 1.00000e+00  
 97.3 4.1096e+01  14 1.00000e+00  
 97.4 4.1186e+01  14 1.00000e+00  
 97.5 4.1276e+01  14 1.00000e+00  
 97.6 4.1366e+01  14 1.00000e+00  
 97.7 4.1456e+01  14 1.00000e+00  
 97.8 4.1546e+01  14 1.00000e+00  
 97.9 4.1636e+01  14 1.00000e+00  
 98.0 4.1726e+01  14 1.00000e+00  
 98.1 4.1816e+01  14 1.00000e+00  
 98.2 4.1906e+01  14 1.00000e+00  
 98.3 4.1996e+01  14 1.00000e+00  
 98.4 4.2086e+01  14 1.00000e+00  
 98.5 4.2177e+01  14 1.00000e+00  
 98.6 4.2267e+01  14 1.00000e+00  
 98.7 4.2357e+01  14 1.00000e+00  
 98.8 4.2447e+01  14 1.00000e+00  
 98.9 4.2531e+01  14 1.00000e+00  
 99.0 4.2622e+01  14 1.00000e+00  
 99.1 4.2712e+01  14 1.00000e+00  
 99.2 4.2803e+01  14 1.00000e+00  
 99.3 4.2893e+01  14 1.00000e+00  
 99.4 4.2983e+01  14 1.00000e+00  
 99.5 4.3074e+01  14 1.00000e+00  
 99.6 4.3164e+01  14 1.00000e+00  
 99.7 4.3255e+01  14 1.00000e+00  
 99.8 4.3346e+01  14 1.00000e+00  
 99.9 4.3436e+01  14 1.00000e+00  
100.0 4.3527e+01  14 1.00000e+00  
100.1 4.3617e+01  14 1.00000e+00  
100.2 4.3708e+01  14 1.00000e+00  
100.3 4.3799e+01  14 1.00000e+00  
100.4 4.3889e+01  14 1.00000e+00  
100.5 4.3980e+01  14 1.00000e+00  
100.6 4.4071e+01  14 1.00000e+00  
100.7 4.4162e+01  14 1.00000e+00  
100.8 4.4252e+01  14 1.00000e+00  
100.9 4.4343e+01  14 1.00000e+00  
101.0 4.4434e+01  14 1.00000e+00  
101.1 4.4525e+01  14 1.00000e+00  
101.2 4.4616e+01  14 1.00000e+00  
101.3 4.4707e+01  14 1.00000e+00  
101.4 4.4798e+01  14 1.00000e+00  
101.5 4.4889e+01  14 1.00000e+00  
101.6 4.4980e+01  14 1.00000e+00  
101.7 4.5071e+01  14 1.00000e+00  
101.8 4.5162e+01  14 1.00000e+00  
101.9 4.5253e+01  14 1.00000e+00  
102.0 4.5344e+01  14 1.00000e+00  
102.1 4.5435e+01  14 1.00000e+00  
102.2 4.5526e+01  14 1.00000e+00  
102.3 4.5617e+01  14 1.00000e+00  
102.4 4.5708e+01  14 1.00000e+00  
102.5 4.5799e+01  14 1.00000e+00  
102.6 4.5890e+01  14 1.00000e+00  
102.7 4.5981e+01  14 1.00000e+00  
102.8 4.6073e+01  14 1.00000e+00  
102.9 4.6164e+01  14 1.00000e+00  
103.0 4.6255e+01  14 1.00000e+00  
103.1 4.6346e+01  14 1.00000e+00  
103.2 4.6438e+01  14 1.00000e+00  
103.3 4.6529e+01  14 1.00000e+00  
103.4 4.6620e+01  14 1.00000e+00  
103.5 4.6711e+01  14 1.00000e+00  
103.6 4.6803e+01  14 1.00000e+00  
103.7 4.6894e+01  14 1.00000e+00  
103.8 4.6985e+01  14 1.00000e+00  
103.9 4.7077e+01  14 1.00000e+00  
104.0 4.7168e+01  14 1.00000e+00  
104.1 4.7259e+01  14 1.00000e+00  
104.2 4.7351e+01  14 1.00000e+00  
104.3 4.7442e+01  14 1.00000e+00  
104.4 4.7533e+01  14 1.00000e+00  
104.5 4.7625e+01  14 1.00000e+00  
104.6 4.7716e+01  14 1.00000e+00  
104.7 4.7808e+01  14 1.00000e+00  
104.8 4.7899e+01  14 1.00000e+00  
104.9 4.7991e+01  14 1.00000e+00  
105.0 4.8082e+01  14 1.00000e+00  
105.1 4.8174e+01  14 1.00000e+00  
105.2 4.8265e+01  14 1.00000e+00  
105.3 4.8357e+01  14 1.00000e+00  
105.4 4.8448e+01  14 1.00000e+00  
105.5 4.8540e+01  14 1.00000e+00  
105.6 4.8631e+01  14 1.00000e+00  
105.7 4.8723e+01  14 1.00000e+00  
105.8 4.8814e+01  14 1.00000e+00  
105.9 4.8901e+01  14 1.00000e+00  
106.0 4.8992e+01  14 1.00000e+00  
106.1 4.9084e+01  14 1.00000e+00  
106.2 4.9175e+01  14 1.00000e+00  
106.3 4.9267e+01  14 1.00000e+00  
106.4 4.9359e+01  14 1.00000e+00  
106.5 4.9450e+01  14 1.00000e+00  
106.6 4.9542e+01  14 1.00000e+00  
106.7 4.9634e+01  14 1.00000e+00  
106.8 4.9725e+01  14 1.00000e+00  
106.9 4.9817e+01  14 1.00000e+00  
107.0 4.9909e+01  14 1.00000e+00  
107.1 5.0000e+01  14 1.00000e+00  
107.2 5.0092e+01  14 1.00000e+00  
107.3 5.0184e+01  14 1.00000e+00  
107.4 5.0275e+01  14 1.00000e+00  
107.5 5.0367e+01  14 1.00000e+00  
107.6 5.0459e+01  14 1.00000e+00  
107.7 5.0551e+01  14 1.00000e+00  
107.8 5.0642e+01  14 1.00000e+00  
107.9 5.0734e+01  14 1.00000e+00  
108.0 5.0826e+01  14 1.00000e+00  
108.1 5.0918e+01  14 1.00000e+00  
108.2 5.1010e+01  14 1.00000e+00  
108.3 5.1101e+01  14 1.00000e+00  
108.4 5.1193e+01  14 1.00000e+00  
108.5 5.1285e+01  14 1.00000e+00  
108.6 5.1377e+01  14 1.00000e+00  
108.7 5.1469e+01  14 1.00000e+00  
108.8 5.1560e+01  14 1.00000e+00  
108.9 5.1652e+01  14 1.00000e+00  
109.0 5.1744e+01  14 1.00000e+00  
109.1 5.1836e+01  14 1.00000e+00  
109.2 5.1928e+01  14 1.00000e+00  
109.3 5.2020e+01  14 1.00000e+00  
109.4 5.2111e+01  14 1.00000e+00  
109.5 5.2203e+01  14 1.00000e+00  
109.6 5.2295e+01  14 1.00000e+00  
109.7 5.2387e+01  14 1.00000e+00  
109.8 5.2479e+01  14 1.00000e+00  
109.9 5.2571e+01  14 1.00000e+00  
110.0 5.2663e+01  14 1.00000e+00  
110.1 5.2754e+01  14 1.00000e+00  
110.2 5.2846e+01  14 1.00000e+00  
110.3 5.2938e+01  14 1.00000e+00  
110.4 5.3030e+01  14 1.00000e+00  
110.5 5.3122e+01  14 1.00000e+00  
110.6 5.3214e+01  14 1.00000e+00  
110.7 5.3306e+01  14 1.00000e+00  
110.8 5.3398e+01  14 1.00000e+00  
110.9 5.3490e+01  14 1.00000e+00  
111.0 5.3581e+01  14 1.00000e+00  
111.1 5.3673e+01  14 1.00000e+00  
111.2 5.3765e+01  14 1.00000e+00  
111.3 5.3857e+01  14 1.00000e+00  
111.4 5.3949e+01  14 1.00000e+00  
111.5 5.4041e+01  14 1.00000e+00  
111.6 5.4133e+01  14 1.00000e+00  
111.7 5.4225e+01  14 1.00000e+00  
111.8 5.4317e+01  14 1.00000e+00  
111.9 5.4409e+01  14 1.00000e+00  
112.0 5.4501e+01  14 1.00000e+00  
112.1 5.4593e+01  14 1.00000e+00  
112.2 5.4685e+01  14 1.00000e+00  
112.3 5.4777e+01  14 1.00000e+00  
112.4 5.4868e+01  14 1.00000e+00  
112.5 5.4960e+01  14 1.00000e+00  
112.6 5.5052e+01  14 1.00000e+00  
112.7 5.5144e+01  14 1.00000e+00  
112.8 5.5236e+01  14 1.00000e+00  
112.9 5.5328e+01  14 1.00000e+00  
113.0 5.5420e+01  14 1.00000e+00  
113.1 5.5512e+01  14 1.00000e+00  
113.2 5.5604e+01  14 1.00000e+00  
113.3 5.5696e+01  14 1.00000e+00  
113.4 5.5788e+01  14 1.00000e+00  
113.5 5.5875e+01  14 1.00000e+00  
113.6 5.5967e+01  14 1.00000e+00  
113.7 5.6059e+01  14 1.00000e+00  
113.8 5.6151e+01  14 1.00000e+00  
113.9 5.6243e+01  14 1.00000e+00  
114.0 5.6335e+01  14 1.00000e+00  
114.1 5.6427e+01  14 1.00000e+00  
114.2 5.6519e+01  14 1.00000e+00  
114.3 5.6611e+01  14 1.00000e+00  
114.4 5.6703e+01  14 1.00000e+00  
114.5 5.6795e+01  14 1.00000e+00  
114.6 5.6887e+01  14 1.00000e+00  
114.7 5.6979e+01  14 1.00000e+00  
114.8 5.7071e+01  14 1.00000e+00  
114.9 5.7163e+01  14 1.00000e+00  
115.0 5.7255e+01  14 1.00000e+00  
115.1 5.7346e+01  14 1.00000e+00  
115.2 5.7438e+01  14 1.00000e+00  
115.3 5.7530e+01  14 1.00000e+00  
115.4 5.7622e+01  14 1.00000e+00  
115.5 5.7714e+01  14 1.00000e+00  
115.6 5.7806e+01  14 1.00000e+00  
115.7 5.7898e+01  14 1.00000e+00  
115.8 5.7990e+01  14 1.00000e+00  
115.9 5.8082e+01  14 1.00000e+00  
116.0 5.8174e+01  14 1.00000e+00  
116.1 5.8266e+01  14 1.00000e+00  
116.2 5.8358e+01  14 1.00000e+00  
116.3 5.8450e+01  14 1.00000e+00  
116.4 5.8542e+01  14 1.00000e+00  
116.5 5.8634e+01  14 1.00000e+00  
116.6 5.8726e+01  14 1.00000e+00  
116.7 5.8817e+01  14 1.00000e+00  
116.8 5.8909e+01  14 1.00000e+00  
116.9 5.9001e+01  14 1.00000e+00  
117.0 5.9093e+01  14 1.00000e+00  
117.1 5.9185e+01  14 1.00000e+00  
117.2 5.9277e+01  14 1.00000e+00  
117.3 5.9369e+01  14 1.00000e+00  
117.4 5.9461e+01  14 1.00000e+00  
117.5 5.9553e+01  14 1.00000e+00  
117.6 5.9645e+01  14 1.00000e+00  
117.7 5.9737e+01  14 1.00000e+00  
117.8 5.9828e+01  14 1.00000e+00  
117.9 5.9920e+01  14 1.00000e+00  
118.0 6.0012e+01  14 1.00000e+00  
118.1 6.0104e+01  14 1.00000e+00  
118.2 6.0196e+01  14 1.00000e+00  
118.3 6.0288e+01  14 1.00000e+00  
118.4 6.0380e+01  14 1.00000e+00  
118.5 6.0472e+01  14 1.00000e+00  
118.6 6.0564e+01  14 1.00000e+00  
118.7 6.0655e+01  14 1.00000e+00  
118.8 6.0747e+01  14 1.00000e+00  
118.9 6.0839e+01  14 1.00000e+00  
119.0 6.0931e+01  14 1.00000e+00  
119.1 6.1023e+01  14 1.00000e+00  
119.2 6.1115e+01  14 1.00000e+00  
119.3 6.1207e+01  14 1.00000e+00  
119.4 6.1298e+01  14 1.00000e+00  
119.5 6.1390e+01  14 1.00000e+00  
119.6 6.1482e+01  14 1.00000e+00  
119.7 6.1574e+01  14 1.00000e+00  
119.8 6.1666e+01  14 1.00000e+00  
119.9 6.1758e+01  14 1.00000e+00  
120.0 6.1849e+01  14 1.00000e+00  
120.1 6.1941e+01  14 1.00000e+00  
120.2 6.2033e+01  14 1.00000e+00  
120.3 6.2125e+01  14 1.00000e+00  
120.4 6.2217e+01  14 1.00000e+00  
120.5 6.2308e+01  14 1.00000e+00  
120.6 6.2400e+01  14 1.00000e+00  
120.7 6.2492e+01  14 1.00000e+00  
120.8 6.2584e+01  14 1.00000e+00  
120.9 6.2676e+01  14 1.00000e+00  
121.0 6.2767e+01  14 1.00000e+00  
121.1 6.2859e+01  14 1.00000e+00  
121.2 6.2951e+01  14 1.00000e+00  
121.3 6.3043e+01  14 1.00000e+00  
121.4 6.3134e+01  14 1.00000e+00  
121.5 6.3226e+01  14 1.00000e+00  
121.6 6.3318e+01  14 1.00000e+00  
121.7 6.3410e+01  14 1.00000e+00  
121.8 6.3497e+01  14 1.00000e+00  
121.9 6.3589e+01  14 1.00000e+00  
122.0 6.3681e+01  14 1.00000e+00  
122.1 6.3772e+01  14 1.00000e+00  
122.2 6.3864e+01  14 1.00000e+00  
122.3 6.3956e+01  14 1.00000e+00  
122.4 6.4047e+01  14 1.00000e+00  
122.5 6.4139e+01  14 1.00000e+00  
122.6 6.4231e+01  14 1.00000e+00  
122.7 6.4322e+01  14 1.00000e+00  
122.8 6.4414e+01  14 1.00000e+00  
122.9 6.4506e+01  14 1.00000e+00  
123.0 6.4597e+01  14 1.00000e+00  
123.1 6.4689e+01  14 1.00000e+00  
123.2 6.4781e+01  14 1.00000e+00  
123.3 6.4872e+01  14 1.00000e+00  
123.4 6.4964e+01  14 1.00000e+00  
123.5 6.5056e+01  14 1.00000e+00  
123.6 6.5147e+01  14 1.00000e+00  
123.7 6.5239e+01  14 1.00000e+00  
123.8 6.5331e+01  14 1.00000e+00  
123.9 6.5422e+01  14 1.00000e+00  
124.0 6.5514e+01  14 1.00000e+00  
124.1 6.5606e+01  14 1.00000e+00  
124.2 6.5697e+01  14 1.00000e+00  
124.3 6.5789e+01  14 1.00000e+00  
124.4 6.5880e+01  14 1.00000e+00  
124.5 6.5972e+01  14 1.00000e+00  
124.6 6.6064e+01  14 1.00000e+00  
124.7 6.6155e+01  14 1.00000e+00  
124.8 6.6247e+01  14 1.00000e+00  
124.9 6.6338e+01  14 1.00000e+00  
125.0 6.6430e+01  14 1.00000e+00  
125.1 6.6521e+01  14 1.00000e+00  
125.2 6.6613e+01  14 1.00000e+00  
125.3 6.6704e+01  14 1.00000e+00  
125.4 6.6796e+01  14 1.00000e+00  
125.5 6.6887e+01  14 1.00000e+00  
125.6 6.6979e+01  14 1.00000e+00  
125.7 6.7070e+01  14 1.00000e+00  
125.8 6.7162e+01  14 1.00000e+00  
125.9 6.7253e+01  14 1.00000e+00  
126.0 6.7345e+01  14 1.00000e+00  
126.1 6.7436e+01  14 1.00000e+00  
126.2 6.7528e+01  14 1.00000e+00  
126.3 6.7619e+01  14 1.00000e+00  
126.4 6.7710e+01  14 1.00000e+00  
126.5 6.7802e+01  14 1.00000e+00  
126.6 6.7893e+01  14 1.00000e+00  
126.7 6.7985e+01  14 1.00000e+00  
126.8 6.8076e+01  14 1.00000e+00  
126.9 6.8168e+01  14 1.00000e+00  
127.0 6.8259e+01  14 1.00000e+00  
127.1 6.8350e+01  14 1.00000e+00  
127.2 6.8442e+01  14 1.00000e+00  
127.3 6.8533e+01  14 1.00000e+00  
127.4 6.8624e+01  14 1.00000e+00  
127.5 6.8716e+01  14 1.00000e+00  
127.6 6.8807e+01  14 1.00000e+00  
127.7 6.8899e+01  14 1.00000e+00  
127.8 6.8990e+01  14 1.00000e+00  
127.9 6.9081e+01  14 1.00000e+00  
128.0 6.9173e+01  14 1.00000e+00  
128.1 6.9264e+01  14 1.00000e+00  
128.2 6.9355e+01  14 1.00000e+00  
128.3 6.9446e+01  14 1.00000e+00  
128.4 6.9538e+01  14 1.00000e+00  
128.5 6.9629e+01  14 1.00000e+00  
128.6 6.9720e+01  14 1.00000e+00  
128.7 6.9812e+01  14 1.00000e+00  
128.8 6.9903e+01  14 1.00000e+00  
128.9 6.9994e+01  14 1.00000e+00  
129.0 7.0085e+01  14 1.00000e+00  
129.1 7.0177e+01  14 1.00000e+00  
129.2 7.0268e+01  14 1.00000e+00  
129.3 7.0359e+01  14 1.00000e+00  
129.4 7.0450e+01  14 1.00000e+00  
129.5 7.0542e+01  14 1.00000e+00  
129.6 7.0633e+01  14 1.00000e+00  
129.7 7.0724e+01  14 1.00000e+00  
129.8 7.0815e+01  14 1.00000e+00  
129.9 7.0906e+01  14 1.00000e+00  
130.0 7.0998e+01  14 1.00000e+00  
130.1 7.1089e+01  14 1.00000e+00  
130.2 7.1180e+01  14 1.00000e+00  
130.3 7.1271e+01  14 1.00000e+00  
130.4 7.1362e+01  14 1.00000e+00  
130.5 7.1453e+01  14 1.00000e+00  
130.6 7.1545e+01  14 1.00000e+00  
130.7 7.1636e+01  14 1.00000e+00  
130.8 7.1727e+01  14 1.00000e+00  
130.9 7.1818e+01  14 1.00000e+00  
131.0 7.1909e+01  14 1.00000e+00  
131.1 7.1996e+01  14 1.00000e+00  
131.2 7.2087e+01  14 1.00000e+00  
131.3 7.2179e+01  14 1.00000e+00  
131.4 7.2270e+01  14 1.00000e+00  
131.5 7.2361e+01  14 1.00000e+00  
131.6 7.2452e+01  14 1.00000e+00  
131.7 7.2543e+01  14 1.00000e+00  
131.8 7.2634e+01  14 1.00000e+00  
131.9 7.2725e+01  14 1.00000e+00  
132.0 7.2816e+01  14 1.00000e+00  
132.1 7.2907e+01  14 1.00000e+00  
132.2 7.2998e+01  14 1.00000e+00  
132.3 7.3089e+01  14 1.00000e+00  
132.4 7.3180e+01  14 1.00000e+00  
132.5 7.3271e+01  14 1.00000e+00  
132.6 7.3362e+01  14 1.00000e+00  
132.7 7.3453e+01  14 1.00000e+00  
132.8 7.3544e+01  14 1.00000e+00  
132.9 7.3635e+01  14 1.00000e+00  
133.0 7.3726e+01  14 1.00000e+00  
133.1 7.3817e+01  14 1.00000e+00  
133.2 7.3908e+01  14 1.00000e+00  
133.3 7.3999e+01  14 1.00000e+00  
133.4 7.4090e+01  14 1.00000e+00  
133.5 7.4180e+01  14 1.00000e+00  
133.6 7.4271e+01  14 1.00000e+00  
133.7 7.4362e+01  14 1.00000e+00  
133.8 7.4453e+01  14 1.00000e+00  
133.9 7.4544e+01  14 1.00000e+00  
134.0 7.4635e+01  14 1.00000e+00  
134.1 7.4726e+01  14 1.00000e+00  
134.2 7.4817e+01  14 1.00000e+00  
134.3 7.4907e+01  14 1.00000e+00  
134.4 7.4998e+01  14 1.00000e+00  
134.5 7.5089e+01  14 1.00000e+00  
134.6 7.5180e+01  14 1.00000e+00  
134.7 7.5271e+01  14 1.00000e+00  
134.8 7.5362e+01  14 1.00000e+00  
134.9 7.5452e+01  14 1.00000e+00  
135.0 7.5543e+01  14 1.00000e+00  
135.1 7.5634e+01  14 1.00000e+00  
135.2 7.5725e+01  14 1.00000e+00  
135.3 7.5815e+01  14 1.00000e+00  
135.4 7.5906e+01  14 1.00000e+00  
135.5 7.5997e+01  14 1.00000e+00  
135.6 7.6088e+01  14 1.00000e+00  
135.7 7.6179e+01  14 1.00000e+00  
135.8 7.6269e+01  14 1.00000e+00  
135.9 7.6360e+01  14 1.00000e+00  
136.0 7.5438e+01  14 1.00000e+00  
136.1 7.5529e+01  14 1.00000e+00  
136.2 7.5620e+01  14 1.00000e+00  
136.3 7.5710e+01  14 1.00000e+00  
136.4 7.5801e+01  14 1.00000e+00  
136.5 7.5892e+01  14 1.00000e+00  
136.6 7.5982e+01  14 1.00000e+00  
136.7 7.5832e+01  14 1.00000e+00  
136.8 7.5921e+01  14 1.00000e+00  
136.9 7.6011e+01  14 1.00000e+00  
137.0 7.6101e+01  14 1.00000e+00  
137.1 7.5090e+01  14 1.00000e+00  
137.2 7.5180e+01  14 1.00000e+00  
137.3 7.5270e+01  14 1.00000e+00  
137.4 7.5360e+01  14 1.00000e+00  
137.5 7.5450e+01  14 1.00000e+00  
137.6 7.5540e+01  14 1.00000e+00  
137.7 7.5630e+01  14 1.00000e+00  
137.8 7.5720e+01  14 1.00000e+00  
137.9 7.5809e+01  14 1.00000e+00  
138.0 7.5899e+01  14 1.00000e+00  
138.1 7.5989e+01  14 1.00000e+00  
138.2 7.6079e+01  14 1.00000e+00  
138.3 7.6169e+01  14 1.00000e+00  
138.4 7.6259e+01  14 1.00000e+00  
138.5 7.6349e+01  14 1.00000e+00  
138.6 7.6439e+01  14 1.00000e+00  
138.7 7.6529e+01  14 1.00000e+00  
138.8 7.6619e+01  14 1.00000e+00  
138.9 7.6709e+01  14 1.00000e+00  
139.0 7.6799e+01  14 1.00000e+00  
139.1 7.6889e+01  14 1.00000e+00  
139.2 7.6978e+01  14 1.00000e+00  
139.3 7.7068e+01  14 1.00000e+00  
139.4 7.7158e+01  14 1.00000e+00  
139.5 7.7248e+01  14 1.00000e+00  
139.6 7.7338e+01  14 1.00000e+00  
139.7 7.7428e+01  14 1.00000e+00  
139.8 7.7517e+01  14 1.00000e+00  
139.9 7.7607e+01  14 1.00000e+00  
140.0 7.7697e+01  14 1.00000e+00  
140.1 7.7787e+01  14 1.00000e+00  
140.2 7.5303e+01  14 1.00000e+00  
140.3 7.5391e+01  14 1.00000e+00  
140.4 7.5480e+01  14 1.00000e+00  
140.5 7.5569e+01  14 1.00000e+00  
140.6 7.5658e+01  14 1.00000e+00  
140.7 7.5746e+01  14 1.00000e+00  
140.8 7.5835e+01  14 1.00000e+00  
140.9 7.5924e+01  14 1.00000e+00  
141.0 7.6012e+01  14 1.00000e+00  
141.1 7.6101e+01  14 1.00000e+00  
141.2 7.6190e+01  14 1.00000e+00  
141.3 7.6278e+01  14 1.00000e+00  
141.4 7.6367e+01  14 1.00000e+00  
141.5 7.6456e+01  14 1.00000e+00  
141.6 7.6544e+01  14 1.00000e+00  
141.7 7.6633e+01  14 1.00000e+00  
141.8 7.6722e+01  14 1.00000e+00  
141.9 7.6810e+01  14 1.00000e+00  
142.0 7.6899e+01  14 1.00000e+00  
142.1 7.6988e+01  14 1.00000e+00  
142.2 7.7076e+01  14 1.00000e+00  
142.3 7.7165e+01  14 1.00000e+00  
142.4 7.7253e+01  14 1.00000e+00  
142.5 7.7342e+01  14 1.00000e+00  
142.6 7.7431e+01  14 1.00000e+00  
142.7 7.7519e+01  14 1.00000e+00  
142.8 7.7608e+01  14 1.00000e+00  
142.9 7.7696e+01  14 1.00000e+00  
143.0 7.7785e+01  14 1.00000e+00  
143.1 7.7873e+01  14 1.00000e+00  
143.2 7.7962e+01  14 1.00000e+00  
143.3 7.8051e+01  14 1.00000e+00  
143.4 7.7325e+01  14 1.00000e+00  
143.5 7.7414e+01  14 1.00000e+00  
143.6 7.7503e+01  14 1.00000e+00  
143.7 7.7592e+01  14 1.00000e+00  
143.8 7.7681e+01  14 1.00000e+00  
143.9 7.7770e+01  14 1.00000e+00  
144.0 7.7859e+01  14 1.00000e+00  
144.1 7.7948e+01  14 1.00000e+00  
144.2 7.8037e+01  14 1.00000e+00  
144.3 7.8126e+01  14 1.00000e+00  
144.4 7.8215e+01  14 1.00000e+00  
144.5 7.8303e+01  14 1.00000e+00  
144.6 7.8392e+01  14 1.00000e+00  
144.7 7.8481e+01  14 1.00000e+00  
144.8 7.8570e+01  14 1.00000e+00  
144.9 7.8659e+01  14 1.00000e+00  
145.0 7.8748e+01  14 1.00000e+00  
145.1 7.8837e+01  14 1.00000e+00  
145.2 7.8925e+01  14 1.00000e+00  
145.3 7.9014e+01  14 1.00000e+00  
145.4 7.9103e+01  14 1.00000e+00  
145.5 7.9192e+01  14 1.00000e+00  
145.6 7.9281e+01  14 1.00000e+00  
145.7 7.9370e+01  14 1.00000e+00  
145.8 7.9458e+01  14 1.00000e+00  
145.9 7.9547e+01  14 1.00000e+00  
146.0 7.9636e+01  14 1.00000e+00  
146.1 7.9725e+01  14 1.00000e+00  
146.2 7.9813e+01  14 1.00000e+00  
146.3 7.9902e+01  14 1.00000e+00  
146.4 7.9991e+01  14 1.00000e+00  
146.5 8.0080e+01  14 1.00000e+00  
146.6 8.0169e+01  14 1.00000e+00  
146.7 8.0257e+01  14 1.00000e+00  
146.8 8.0346e+01  14 1.00000e+00  
146.9 8.0435e+01  14 1.00000e+00  
147.0 8.0523e+01  14 1.00000e+00  
147.1 8.0612e+01  14 1.00000e+00  
147.2 8.0701e+01  14 1.00000e+00  
147.3 8.0790e+01  14 1.00000e+00  
147.4 8.0878e+01  14 1.00000e+00  
147.5 8.0967e+01  14 1.00000e+00  
147.6 8.1055e+01  14 1.00000e+00  
147.7 8.1144e+01  14 1.00000e+00  
147.8 8.1233e+01  14 1.00000e+00  
147.9 8.1318e+01  14 1.00000e+00  
148.0 8.1407e+01  14 1.00000e+00  
148.1 8.1495e+01  14 1.00000e+00  
148.2 8.1584e+01  14 1.00000e+00  
148.3 8.1672e+01  14 1.00000e+00  
148.4 8.1761e+01  14 1.00000e+00  
148.5 7.6284e+01  14 1.00000e+00  
148.6 7.6370e+01  14 1.00000e+00  
148.7 7.6456e+01  14 1.00000e+00  
148.8 7.6541e+01  14 1.00000e+00  
148.9 7.6627e+01  14 1.00000e+00  
149.0 7.6713e+01  14 1.00000e+00  
149.1 7.6799e+01  14 1.00000e+00  
149.2 7.6885e+01  14 1.00000e+00  
149.3 7.6970e+01  14 1.00000e+00  
149.4 7.7056e+01  14 1.00000e+00  
149.5 7.7142e+01  14 1.00000e+00  
149.6 7.7228e+01  14 1.00000e+00  
149.7 7.7314e+01  14 1.00000e+00  
149.8 7.7399e+01  14 1.00000e+00  
149.9 7.7485e+01  14 1.00000e+00  
150.0 7.7571e+01  14 1.00000e+00  
