 15.1 1.3126e+00  13 7.89625e-02  
 15.2 1.3196e+00  13 8.21538e-02  
 15.3 1.3265e+00  13 8.40385e-02  
 15.4 1.3335e+00  13 8.76776e-02  
 15.5 1.3405e+00  13 8.96533e-02  
 15.6 1.3474e+00  13 9.33506e-02  
 15.7 1.3544e+00  13 9.58612e-02  
 15.8 1.3613e+00  13 9.90661e-02  
 15.9 1.3683e+00  13 1.02334e-01  
 16.0 1.3827e+00  13 1.09420e-01  
 16.1 1.3898e+00  13 1.11648e-01  
 16.2 1.3969e+00  13 1.16638e-01  
 16.3 1.4040e+00  13 1.18935e-01  
 16.4 1.4110e+00  13 1.24172e-01  
 16.5 1.4181e+00  13 1.27077e-01  
 16.6 1.4251e+00  13 1.31138e-01  
 16.7 1.4321e+00  13 1.31068e-01  
 16.8 1.4391e+00  13 1.32324e-01  
 16.9 1.4461e+00  13 1.33632e-01  
 17.0 1.4531e+00  13 1.33456e-01  
 17.1 1.4601e+00  13 1.34641e-01  
 17.2 1.4671e+00  13 1.35922e-01  
 17.3 1.4741e+00  13 1.35832e-01  
 17.4 1.4812e+00  13 1.37398e-01  
 17.5 1.4881e+00  13 1.38053e-01  
 17.6 1.4951e+00  13 1.38516e-01  
 17.7 1.5021e+00  13 1.39437e-01  
 17.8 1.5090e+00  13 1.39290e-01  
 17.9 1.5159e+00  13 1.40673e-01  
 18.0 1.5329e+00  13 1.42653e-01  
 18.1 1.5400e+00  13 1.43169e-01  
 18.2 1.5470e+00  13 1.43415e-01  
 18.3 1.5541e+00  13 1.44738e-01  
 18.4 1.5611e+00  13 1.44306e-01  
 18.5 1.5681e+00  13 1.45141e-01  
 18.6 1.5752e+00  13 1.45872e-01  
 18.7 1.5822e+00  13 1.45967e-01  
 18.8 1.5892e+00  13 1.47575e-01  
 18.9 1.5962e+00  13 1.47908e-01  
 19.0 1.6030e+00  13 1.48050e-01  
 19.1 1.6098e+00  13 1.48351e-01  
 19.2 1.6167e+00  13 1.48752e-01  
 19.3 1.6236e+00  13 1.49142e-01  
 19.4 1.6305e+00  13 1.49585e-01  
 19.5 1.6376e+00  13 1.50232e-01  
 19.6 1.6446e+00  13 1.50750e-01  
 19.7 1.6515e+00  13 1.51271e-01  
 19.8 1.6584e+00  13 1.51840e-01  
 19.9 1.6653e+00  13 1.51788e-01  
 20.0 1.6722e+00  13 1.52367e-01  
 20.1 1.6791e+00  13 1.52985e-01  
 20.2 1.6859e+00  13 1.53618e-01  
 20.3 1.6928e+00  13 1.53601e-01  
 20.4 1.6996e+00  13 1.53096e-01  
 20.5 1.7064e+00  13 1.53350e-01  
 20.6 1.7132e+00  13 1.53723e-01  
 20.7 1.7201e+00  13 1.54134e-01  
 20.8 1.7303e+00  13 1.55432e-01  
 20.9 1.7626e+00  13 1.59860e-01  
 21.0 1.7732e+00  13 1.60178e-01  
 21.1 1.7839e+00  13 1.61306e-01  
 21.2 1.7947e+00  13 1.62663e-01  
 21.3 1.8054e+00  13 1.64024e-01  
 21.4 1.8162e+00  13 1.65419e-01  
 21.5 1.8271e+00  13 1.67043e-01  
 21.6 1.8381e+00  13 1.68126e-01  
 21.7 1.8467e+00  13 1.68677e-01  
 21.8 1.8575e+00  13 1.69904e-01  
 21.9 1.8684e+00  13 1.70433e-01  
 22.0 1.8794e+00  13 1.72318e-01  
 22.1 1.8292e+00  13 1.62098e-01  
 22.2 1.8360e+00  13 1.62441e-01  
 22.3 1.8395e+00  13 1.70173e-01  
 22.4 1.8402e+00  13 1.70210e-01  
 22.5 1.8409e+00  13 1.70247e-01  
 22.6 1.8430e+00  13 1.70350e-01  
 22.7 1.8442e+00  13 1.70413e-01  
 22.8 1.8454e+00  13 1.70474e-01  
 22.9 1.8465e+00  13 1.70527e-01  
 23.0 1.8481e+00  13 1.70608e-01  
 23.1 1.8493e+00  13 1.70669e-01  
 23.2 1.8502e+00  13 1.70711e-01  
 23.3 1.8511e+00  13 1.70757e-01  
 23.4 1.8533e+00  13 1.70864e-01  
 23.5 1.8544e+00  13 1.70923e-01  
 23.6 1.8561e+00  13 1.71004e-01  
 23.7 1.8570e+00  13 1.71048e-01  
 23.8 1.8587e+00  13 1.71131e-01  
 23.9 1.8604e+00  13 1.71217e-01  
 24.0 1.8618e+00  13 1.71285e-01  
 24.1 1.8631e+00  13 1.71347e-01  
 24.2 1.8640e+00  13 1.71390e-01  
 24.3 1.8659e+00  13 1.71481e-01  
 24.4 1.8668e+00  13 1.71524e-01  
 24.5 1.8684e+00  13 1.71606e-01  
 24.6 1.8704e+00  13 1.71700e-01  
 24.7 1.8720e+00  13 1.71778e-01  
 24.8 1.8729e+00  13 1.71821e-01  
 24.9 1.8743e+00  13 1.71889e-01  
 25.0 1.8750e+00  13 1.71921e-01  
 25.1 1.8767e+00  13 1.72002e-01  
 25.2 1.8791e+00  13 1.72118e-01  
 25.3 1.8806e+00  13 1.72186e-01  
 25.4 1.8809e+00  13 1.72201e-01  
 25.5 1.8828e+00  13 1.72291e-01  
 25.6 1.8855e+00  13 1.72417e-01  
 25.7 1.8865e+00  13 1.72463e-01  
 25.8 1.9002e+00  13 1.73106e-01  
 25.9 1.9015e+00  13 1.73163e-01  
 26.0 1.9037e+00  13 1.73265e-01  
 26.1 1.9057e+00  13 1.73358e-01  
 26.2 1.9073e+00  13 1.73430e-01  
 26.3 1.9092e+00  13 1.73516e-01  
 26.4 1.9116e+00  13 1.73623e-01  
 26.5 1.9138e+00  13 1.73722e-01  
 26.6 1.9148e+00  13 1.73771e-01  
 26.7 1.9178e+00  13 1.73902e-01  
 26.8 1.9186e+00  13 1.73938e-01  
 26.9 1.9212e+00  13 1.74056e-01  
 27.0 1.9231e+00  13 1.74139e-01  
 27.1 7.1129e+00  14 1.00000e+00  
 27.2 7.1195e+00  14 1.00000e+00  
 27.3 7.1328e+00  14 1.00000e+00  
 27.4 7.1387e+00  14 1.00000e+00  
 27.5 7.1496e+00  14 1.00000e+00  
 27.6 7.1568e+00  14 1.00000e+00  
 27.7 7.1701e+00  14 1.00000e+00  
 27.8 7.1791e+00  14 1.00000e+00  
 27.9 7.1864e+00  14 1.00000e+00  
 28.0 7.1928e+00  14 1.00000e+00  
 28.1 7.2001e+00  14 1.00000e+00  
 28.2 7.2049e+00  14 1.00000e+00  
 28.3 7.2225e+00  14 1.00000e+00  
 28.4 7.2293e+00  14 1.00000e+00  
 28.5 7.2309e+00  14 1.00000e+00  
 28.6 7.2431e+00  14 1.00000e+00  
 28.7 7.2504e+00  14 1.00000e+00  
 28.8 7.2614e+00  14 1.00000e+00  
 28.9 7.2706e+00  14 1.00000e+00  
 29.0 7.2810e+00  14 1.00000e+00  
 29.1 7.2877e+00  14 1.00000e+00  
 29.2 7.3006e+00  14 1.00000e+00  
 29.3 7.3049e+00  14 1.00000e+00  
 29.4 7.3193e+00  14 1.00000e+00  
 29.5 7.3285e+00  14 1.00000e+00  
 29.6 7.3373e+00  14 1.00000e+00  
 29.7 7.3448e+00  14 1.00000e+00  
 29.8 7.3571e+00  14 1.00000e+00  
 29.9 7.3670e+00  14 1.00000e+00  
 30.0 7.3748e+00  14 1.00000e+00  
 30.1 7.3840e+00  14 1.00000e+00  
 30.2 7.3917e+00  14 1.00000e+00  
 30.3 7.4040e+00  14 1.00000e+00  
 30.4 7.4144e+00  14 1.00000e+00  
 30.5 7.4237e+00  14 1.00000e+00  
 30.6 7.4320e+00  14 1.00000e+00  
 30.7 7.4390e+00  14 1.00000e+00  
 30.8 7.4498e+00  14 1.00000e+00  
 30.9 7.4587e+00  14 1.00000e+00  
 31.0 7.4689e+00  14 1.00000e+00  
 31.1 7.4768e+00  14 1.00000e+00  
 31.2 7.4862e+00  14 1.00000e+00  
 31.3 7.4936e+00  14 1.00000e+00  
 31.4 7.5013e+00  14 1.00000e+00  
 31.5 7.5127e+00  14 1.00000e+00  
 31.6 7.5177e+00  14 1.00000e+00  
 31.7 7.5265e+00  14 1.00000e+00  
 31.8 7.5391e+00  14 1.00000e+00  
 31.9 7.5440e+00  14 1.00000e+00  
 32.0 7.5496e+00  14 1.00000e+00  
 32.1 7.5572e+00  14 1.00000e+00  
 32.2 7.5711e+00  14 1.00000e+00  
 32.3 7.5718e+00  14 1.00000e+00  
 32.4 7.5841e+00  14 1.00000e+00  
 32.5 7.5917e+00  14 1.00000e+00  
 32.6 7.5953e+00  14 1.00000e+00  
 32.7 7.6131e+00  14 1.00000e+00  
 32.8 7.6206e+00  14 1.00000e+00  
 32.9 7.5381e+00  14 1.00000e+00  
 33.0 7.5467e+00  14 1.00000e+00  
 33.1 7.5575e+00  14 1.00000e+00  
 33.2 7.5591e+00  14 1.00000e+00  
 33.3 7.5703e+00  14 1.00000e+00  
 33.4 7.5758e+00  14 1.00000e+00  
 33.5 7.5841e+00  14 1.00000e+00  
 33.6 7.5874e+00  14 1.00000e+00  
 33.7 7.5929e+00  14 1.00000e+00  
 33.8 7.5986e+00  14 1.00000e+00  
 33.9 7.6118e+00  14 1.00000e+00  
 34.0 7.6172e+00  14 1.00000e+00  
 34.1 7.6253e+00  14 1.00000e+00  
 34.2 7.6367e+00  14 1.00000e+00  
 34.3 7.6420e+00  14 1.00000e+00  
 34.4 7.6483e+00  14 1.00000e+00  
 34.5 7.6555e+00  14 1.00000e+00  
 34.6 7.6660e+00  14 1.00000e+00  
 34.7 7.6758e+00  14 1.00000e+00  
 34.8 7.6766e+00  14 1.00000e+00  
 34.9 7.6852e+00  14 1.00000e+00  
 35.0 7.6928e+00  14 1.00000e+00  
 35.1 7.6990e+00  14 1.00000e+00  
 35.2 7.7046e+00  14 1.00000e+00  
 35.3 7.7204e+00  14 1.00000e+00  
 35.4 7.7231e+00  14 1.00000e+00  
 35.5 7.7302e+00  14 1.00000e+00  
 35.6 7.7370e+00  14 1.00000e+00  
 35.7 7.7437e+00  14 1.00000e+00  
 35.8 7.7468e+00  14 1.00000e+00  
 35.9 7.7530e+00  14 1.00000e+00  
 36.0 7.7642e+00  14 1.00000e+00  
 36.1 7.7679e+00  14 1.00000e+00  
 36.2 7.7720e+00  14 1.00000e+00  
 36.3 7.7773e+00  14 1.00000e+00  
 36.4 7.7910e+00  14 1.00000e+00  
 36.5 7.7951e+00  14 1.00000e+00  
 36.6 7.7968e+00  14 1.00000e+00  
 36.7 7.8094e+00  14 1.00000e+00  
 36.8 7.8126e+00  14 1.00000e+00  
 36.9 7.8217e+00  14 1.00000e+00  
 37.0 7.8252e+00  14 1.00000e+00  
 37.1 7.8305e+00  14 1.00000e+00  
 37.2 7.8345e+00  14 1.00000e+00  
 37.3 7.8431e+00  14 1.00000e+00  
 37.4 7.8485e+00  14 1.00000e+00  
 37.5 7.8471e+00  14 1.00000e+00  
 37.6 7.8600e+00  14 1.00000e+00  
 37.7 7.8616e+00  14 1.00000e+00  
 37.8 7.9982e+00  14 1.00000e+00  
 37.9 8.0160e+00  14 1.00000e+00  
 38.0 8.0164e+00  14 1.00000e+00  
 38.1 8.0212e+00  14 1.00000e+00  
 38.2 8.0330e+00  14 1.00000e+00  
 38.3 8.0342e+00  14 1.00000e+00  
 38.4 8.0409e+00  14 1.00000e+00  
 38.5 8.0489e+00  14 1.00000e+00  
 38.6 8.0585e+00  14 1.00000e+00  
 38.7 8.0625e+00  14 1.00000e+00  
 38.8 8.0668e+00  14 1.00000e+00  
 38.9 8.0752e+00  14 1.00000e+00  
 39.0 8.0835e+00  14 1.00000e+00  
 39.1 8.0859e+00  14 1.00000e+00  
 39.2 8.1030e+00  14 1.00000e+00  
 39.3 8.1072e+00  14 1.00000e+00  
 39.4 8.1141e+00  14 1.00000e+00  
 39.5 8.1212e+00  14 1.00000e+00  
 39.6 8.1278e+00  14 1.00000e+00  
 39.7 8.1321e+00  14 1.00000e+00  
 39.8 8.1415e+00  14 1.00000e+00  
 39.9 8.1492e+00  14 1.00000e+00  
 40.0 8.1553e+00  14 1.00000e+00  
 40.1 8.1628e+00  14 1.00000e+00  
 40.2 8.1687e+00  14 1.00000e+00  
 40.3 8.1815e+00  14 1.00000e+00  
 40.4 8.1886e+00  14 1.00000e+00  
 40.5 8.1895e+00  14 1.00000e+00  
 40.6 8.1931e+00  14 1.00000e+00  
 40.7 8.2003e+00  14 1.00000e+00  
 40.8 8.2039e+00  14 1.00000e+00  
 40.9 8.2164e+00  14 1.00000e+00  
 41.0 8.2218e+00  14 1.00000e+00  
 41.1 8.2226e+00  14 1.00000e+00  
 41.2 5.4904e+00  14 6.25830e-01  
 41.3 8.2326e+00  14 1.00000e+00  
 41.4 5.4906e+00  14 6.25829e-01  
 41.5 5.4991e+00  14 6.25811e-01  
 41.6 5.5010e+00  14 6.25808e-01  
 41.7 5.5065e+00  14 6.25804e-01  
 41.8 5.5075e+00  14 6.25804e-01  
 41.9 5.5115e+00  14 6.25805e-01  
 42.0 5.5124e+00  14 6.25805e-01  
 42.1 5.5193e+00  14 6.25813e-01  
 42.2 5.5257e+00  14 6.25827e-01  
 42.3 5.5324e+00  14 6.25847e-01  
 42.4 5.5335e+00  14 6.25852e-01  
 42.5 5.5416e+00  14 6.25886e-01  
 42.6 5.5431e+00  14 6.25894e-01  
 42.7 5.5485e+00  14 6.25923e-01  
 42.8 5.5505e+00  14 6.25935e-01  
 42.9 5.5551e+00  14 6.25964e-01  
 43.0 5.5587e+00  14 6.25989e-01  
 43.1 5.5639e+00  14 6.26028e-01  
 43.2 5.5666e+00  14 6.26049e-01  
 43.3 5.5701e+00  14 6.26079e-01  
 43.4 5.5778e+00  14 6.26148e-01  
 43.5 5.5802e+00  14 6.26171e-01  
 43.6 5.5851e+00  14 6.26221e-01  
 43.7 5.5885e+00  14 6.26257e-01  
 43.8 5.5918e+00  14 6.26292e-01  
 43.9 5.5920e+00  14 6.26294e-01  
 44.0 5.6012e+00  14 6.26403e-01  
 44.1 5.6049e+00  14 6.26448e-01  
 44.2 5.6062e+00  14 6.26465e-01  
 44.3 5.6088e+00  14 6.26498e-01  
 44.4 5.6165e+00  14 6.26602e-01  
 44.5 5.6171e+00  14 6.26610e-01  
 44.6 5.6230e+00  14 6.26694e-01  
 44.7 5.6242e+00  14 6.26712e-01  
 44.8 5.6306e+00  14 6.26807e-01  
 44.9 5.6312e+00  14 6.26816e-01  
 45.0 5.6349e+00  14 6.26873e-01  
 45.1 5.6361e+00  14 6.26892e-01  
 45.2 5.6403e+00  14 6.26959e-01  
 45.3 5.6443e+00  14 6.27026e-01  
 45.4 5.6507e+00  14 6.27133e-01  
 45.5 5.6570e+00  14 6.27245e-01  
 45.6 5.6617e+00  14 6.27329e-01  
 45.7 5.6657e+00  14 6.27404e-01  
 45.8 5.6725e+00  14 6.27532e-01  
 45.9 5.6739e+00  14 6.27560e-01  
 46.0 5.6792e+00  14 6.27664e-01  
 46.1 5.6810e+00  14 6.27701e-01  
 46.2 5.6890e+00  14 6.27864e-01  
 46.3 5.6914e+00  14 6.27914e-01  
 46.4 5.6943e+00  14 6.27974e-01  
 46.5 5.6934e+00  14 6.27955e-01  
 46.6 5.5967e+00  14 6.26349e-01  
 46.7 5.6026e+00  14 6.26419e-01  
 46.8 5.6053e+00  14 6.26454e-01  
 46.9 5.6052e+00  14 6.26452e-01  
 47.0 5.6076e+00  14 6.26482e-01  
 47.1 5.6066e+00  14 6.26469e-01  
 47.2 5.6084e+00  14 6.26493e-01  
 47.3 5.6115e+00  14 6.26534e-01  
 47.4 5.6168e+00  14 6.26606e-01  
 47.5 5.6171e+00  14 6.26610e-01  
 47.6 5.6186e+00  14 6.26631e-01  
 47.7 5.6233e+00  14 6.26698e-01  
 47.8 5.6245e+00  14 6.26715e-01  
 47.9 5.6260e+00  14 6.26738e-01  
 48.0 5.6316e+00  14 6.26823e-01  
 48.1 5.6307e+00  14 6.26808e-01  
 48.2 5.6304e+00  14 6.26803e-01  
 48.3 5.6351e+00  14 6.26877e-01  
 48.4 5.6362e+00  14 6.26894e-01  
 48.5 5.6391e+00  14 6.26940e-01  
 48.6 5.6410e+00  14 6.26971e-01  
 48.7 5.6401e+00  14 6.26957e-01  
 48.8 5.6412e+00  14 6.26974e-01  
 48.9 5.6444e+00  14 6.27026e-01  
 49.0 5.6461e+00  14 6.27055e-01  
 49.1 5.6508e+00  14 6.27134e-01  
 49.2 5.6563e+00  14 6.27233e-01  
 49.3 5.6576e+00  14 6.27255e-01  
 49.4 5.6654e+00  14 6.27398e-01  
 49.5 5.6619e+00  14 6.27334e-01  
 49.6 5.6675e+00  14 6.27437e-01  
 49.7 5.6726e+00  14 6.27535e-01  
 49.8 5.6711e+00  14 6.27507e-01  
 49.9 5.7931e+00  14 6.30424e-01  
 50.0 5.7972e+00  14 6.30541e-01  
 50.1 5.8079e+00  14 6.30849e-01  
 50.2 5.8157e+00  14 6.31077e-01  
 50.3 5.8232e+00  14 6.31301e-01  
 50.4 5.8287e+00  14 6.31465e-01  
 50.5 5.8350e+00  14 6.31658e-01  
 50.6 5.8399e+00  14 6.31808e-01  
 50.7 5.8431e+00  14 6.31905e-01  
 50.8 5.8491e+00  14 6.32093e-01  
 50.9 5.8511e+00  14 6.32155e-01  
 51.0 5.8504e+00  14 6.32134e-01  
 51.1 5.7484e+00  14 6.29232e-01  
 51.2 5.7465e+00  14 6.29183e-01  
 51.3 5.7550e+00  14 6.29401e-01  
 51.4 5.7530e+00  14 6.29349e-01  
 51.5 5.7565e+00  14 6.29438e-01  
 51.6 5.7576e+00  14 6.29466e-01  
 51.7 5.7615e+00  14 6.29567e-01  
 51.8 5.7574e+00  14 6.29461e-01  
 51.9 5.7633e+00  14 6.29616e-01  
 52.0 5.7640e+00  14 6.29633e-01  
 52.1 5.7632e+00  14 6.29611e-01  
 52.2 5.7645e+00  14 6.29647e-01  
 52.3 5.7670e+00  14 6.29712e-01  
 52.4 5.7692e+00  14 6.29771e-01  
 52.5 5.7661e+00  14 6.29688e-01  
 52.6 5.7716e+00  14 6.29835e-01  
 52.7 5.7730e+00  14 6.29873e-01  
 52.8 5.7731e+00  14 6.29874e-01  
 52.9 5.7760e+00  14 6.29953e-01  
 53.0 5.7735e+00  14 6.29885e-01  
 53.1 5.7753e+00  14 6.29934e-01  
 53.2 5.7757e+00  14 6.29945e-01  
 53.3 5.7790e+00  14 6.30035e-01  
 53.4 5.7820e+00  14 6.30117e-01  
 53.5 5.7853e+00  14 6.30207e-01  
 53.6 5.7882e+00  14 6.30289e-01  
 53.7 5.7739e+00  14 6.29897e-01  
 53.8 5.7725e+00  14 6.29860e-01  
 53.9 5.7762e+00  14 6.29960e-01  
 54.0 5.7762e+00  14 6.29959e-01  
 54.1 6.1050e+00  14 6.41541e-01  
 54.2 6.1177e+00  14 6.42072e-01  
 54.3 6.1239e+00  14 6.42331e-01  
 54.4 6.1210e+00  14 6.42209e-01  
 54.5 5.8352e+00  14 6.31664e-01  
 54.6 5.8355e+00  14 6.31672e-01  
 54.7 5.8387e+00  14 6.31770e-01  
 54.8 5.8408e+00  14 6.31834e-01  
 54.9 5.8403e+00  14 6.31818e-01  
 55.0 5.8435e+00  14 6.31919e-01  
 55.1 5.8475e+00  14 6.32042e-01  
 55.2 5.8505e+00  14 6.32138e-01  
 55.3 5.8518e+00  14 6.32179e-01  
 55.4 5.8514e+00  14 6.32165e-01  
 55.5 5.8534e+00  14 6.32228e-01  
 55.6 5.8513e+00  14 6.32164e-01  
 55.7 5.8522e+00  14 6.32190e-01  
 55.8 5.8555e+00  14 6.32296e-01  
 55.9 5.8572e+00  14 6.32350e-01  
 56.0 5.8579e+00  14 6.32370e-01  
 56.1 5.8604e+00  14 6.32451e-01  
 56.2 5.8577e+00  14 6.32365e-01  
 56.3 5.8571e+00  14 6.32346e-01  
 56.4 5.8555e+00  14 6.32294e-01  
 56.5 5.8524e+00  14 6.32197e-01  
 56.6 5.8570e+00  14 6.32342e-01  
 56.7 5.8516e+00  14 6.32171e-01  
 56.8 5.8558e+00  14 6.32306e-01  
 56.9 5.8529e+00  14 6.32212e-01  
 57.0 5.8518e+00  14 6.32179e-01  
 57.1 5.8535e+00  14 6.32230e-01  
 57.2 5.8513e+00  14 6.32163e-01  
 57.3 5.8452e+00  14 6.31973e-01  
 57.4 5.9537e+00  14 6.35638e-01  
 57.5 5.9572e+00  14 6.35764e-01  
 57.6 5.9591e+00  14 6.35836e-01  
 57.7 5.9626e+00  14 6.35961e-01  
 57.8 5.9671e+00  14 6.36126e-01  
 57.9 5.9684e+00  14 6.36175e-01  
 58.0 5.9627e+00  14 6.35964e-01  
 58.1 5.9650e+00  14 6.36051e-01  
 58.2 5.9675e+00  14 6.36144e-01  
 58.3 5.9666e+00  14 6.36107e-01  
 58.4 5.9711e+00  14 6.36276e-01  
 58.5 5.9808e+00  14 6.36636e-01  
 58.6 5.9851e+00  14 6.36794e-01  
 58.7 5.9889e+00  14 6.36938e-01  
 58.8 5.9922e+00  14 6.37063e-01  
 58.9 5.9859e+00  14 6.36827e-01  
 59.0 5.9884e+00  14 6.36919e-01  
 59.1 5.9904e+00  14 6.36996e-01  
 59.2 5.9912e+00  14 6.37026e-01  
 59.3 5.9920e+00  14 6.37055e-01  
 59.4 6.0039e+00  14 6.37506e-01  
 59.5 6.0081e+00  14 6.37669e-01  
 59.6 6.0108e+00  14 6.37772e-01  
 59.7 6.0178e+00  14 6.38043e-01  
 59.8 6.0057e+00  14 6.37575e-01  
 59.9 6.0065e+00  14 6.37608e-01  
 60.0 6.0046e+00  14 6.37535e-01  
 60.1 6.0077e+00  14 6.37653e-01  
 60.2 6.0105e+00  14 6.37759e-01  
 60.3 6.2037e+00  14 6.45777e-01  
 60.4 6.2054e+00  14 6.45850e-01  
 60.5 6.2118e+00  14 6.46136e-01  
 60.6 6.2160e+00  14 6.46321e-01  
 60.7 6.2160e+00  14 6.46322e-01  
 60.8 6.2225e+00  14 6.46608e-01  
 60.9 6.2325e+00  14 6.47056e-01  
 61.0 6.2368e+00  14 6.47250e-01  
 61.1 6.2271e+00  14 6.46814e-01  
 61.2 6.2325e+00  14 6.47056e-01  
 61.3 6.2332e+00  14 6.47089e-01  
 61.4 6.2304e+00  14 6.46965e-01  
 61.5 6.2347e+00  14 6.47158e-01  
 61.6 6.2369e+00  14 6.47255e-01  
 61.7 6.2418e+00  14 6.47476e-01  
 61.8 6.2403e+00  14 6.47407e-01  
 61.9 6.2463e+00  14 6.47678e-01  
 62.0 6.2314e+00  14 6.47008e-01  
 62.1 6.2299e+00  14 6.46942e-01  
 62.2 6.2307e+00  14 6.46975e-01  
 62.3 6.2317e+00  14 6.47020e-01  
 62.4 6.2315e+00  14 6.47012e-01  
 62.5 6.2397e+00  14 6.47383e-01  
 62.6 6.2432e+00  14 6.47541e-01  
 62.7 6.2441e+00  14 6.47581e-01  
 62.8 6.2312e+00  14 6.46998e-01  
 62.9 6.2306e+00  14 6.46974e-01  
 63.0 6.2301e+00  14 6.46948e-01  
 63.1 6.4753e+00  14 6.57925e-01  
 63.2 6.4849e+00  14 6.58367e-01  
 63.3 6.4728e+00  14 6.57811e-01  
 63.4 6.4749e+00  14 6.57905e-01  
 63.5 6.4761e+00  14 6.57960e-01  
 63.6 6.4772e+00  14 6.58013e-01  
 63.7 6.4767e+00  14 6.57989e-01  
 63.8 6.4777e+00  14 6.58033e-01  
 63.9 6.4842e+00  14 6.58336e-01  
 64.0 6.4875e+00  14 6.58489e-01  
 64.1 6.4747e+00  14 6.57899e-01  
 64.2 6.4696e+00  14 6.57662e-01  
 64.3 6.4659e+00  14 6.57491e-01  
 64.4 6.4670e+00  14 6.57543e-01  
 64.5 6.4646e+00  14 6.57433e-01  
 64.6 6.4676e+00  14 6.57567e-01  
 64.7 6.4679e+00  14 6.57581e-01  
 64.8 6.4741e+00  14 6.57870e-01  
 64.9 6.4529e+00  14 6.56892e-01  
 65.0 6.4517e+00  14 6.56838e-01  
 65.1 6.4505e+00  14 6.56785e-01  
 65.2 6.4495e+00  14 6.56738e-01  
 65.3 6.4488e+00  14 6.56706e-01  
 65.4 6.4521e+00  14 6.56855e-01  
 65.5 6.4557e+00  14 6.57022e-01  
 65.6 6.4644e+00  14 6.57422e-01  
 65.7 6.7205e+00  14 6.69643e-01  
 65.8 6.7204e+00  14 6.69638e-01  
 65.9 6.7205e+00  14 6.69642e-01  
 66.0 6.7259e+00  14 6.69911e-01  
 66.1 6.7341e+00  14 6.70312e-01  
 66.2 6.7173e+00  14 6.69486e-01  
 66.3 6.7139e+00  14 6.69322e-01  
 66.4 6.7108e+00  14 6.69165e-01  
 66.5 6.7074e+00  14 6.68999e-01  
 66.6 6.7040e+00  14 6.68835e-01  
 66.7 6.7056e+00  14 6.68914e-01  
 66.8 6.7074e+00  14 6.69001e-01  
 66.9 6.6939e+00  14 6.68341e-01  
 67.0 6.6900e+00  14 6.68149e-01  
 67.1 6.6855e+00  14 6.67927e-01  
 67.2 6.6813e+00  14 6.67723e-01  
 67.3 6.6784e+00  14 6.67583e-01  
 67.4 6.6802e+00  14 6.67668e-01  
 67.5 6.6827e+00  14 6.67791e-01  
 67.6 6.6752e+00  14 6.67426e-01  
 67.7 6.6725e+00  14 6.67294e-01  
 67.8 6.6691e+00  14 6.67130e-01  
 67.9 6.6652e+00  14 6.66940e-01  
 68.0 6.6614e+00  14 6.66756e-01  
 68.1 6.6578e+00  14 6.66582e-01  
 68.2 6.9736e+00  14 6.82398e-01  
 68.3 6.9752e+00  14 6.82478e-01  
 68.4 6.9676e+00  14 6.82088e-01  
 68.5 6.9610e+00  14 6.81749e-01  
 68.6 6.9589e+00  14 6.81645e-01  
 68.7 6.9507e+00  14 6.81223e-01  
 68.8 6.9590e+00  14 6.81649e-01  
 68.9 6.9454e+00  14 6.80951e-01  
 69.0 6.9455e+00  14 6.80957e-01  
 69.1 6.9425e+00  14 6.80805e-01  
 69.2 6.9387e+00  14 6.80609e-01  
 69.3 6.9368e+00  14 6.80510e-01  
 69.4 6.9368e+00  14 6.80509e-01  
 69.5 6.9380e+00  14 6.80575e-01  
 69.6 6.9248e+00  14 6.79899e-01  
 69.7 6.9257e+00  14 6.79945e-01  
 69.8 6.9204e+00  14 6.79673e-01  
 69.9 6.9194e+00  14 6.79625e-01  
 70.0 6.9183e+00  14 6.79568e-01  
 70.1 6.9124e+00  14 6.79269e-01  
 70.2 6.9192e+00  14 6.79614e-01  
 70.3 6.9068e+00  14 6.78981e-01  
 70.4 6.9110e+00  14 6.79193e-01  
 70.5 7.2509e+00  14 6.96853e-01  
 70.6 7.2454e+00  14 6.96561e-01  
 70.7 7.2410e+00  14 6.96328e-01  
 70.8 7.2388e+00  14 6.96212e-01  
 70.9 7.2363e+00  14 6.96081e-01  
 71.0 7.2216e+00  14 6.95304e-01  
 71.1 7.2171e+00  14 6.95068e-01  
 71.2 7.2150e+00  14 6.94958e-01  
 71.3 7.2144e+00  14 6.94929e-01  
 71.4 7.2144e+00  14 6.94928e-01  
 71.5 7.1880e+00  14 6.93538e-01  
 71.6 7.1873e+00  14 6.93500e-01  
 71.7 7.1838e+00  14 6.93317e-01  
 71.8 7.1727e+00  14 6.92736e-01  
 71.9 7.1743e+00  14 6.92822e-01  
 72.0 7.1720e+00  14 6.92697e-01  
 72.1 7.1685e+00  14 6.92513e-01  
 72.2 7.1592e+00  14 6.92028e-01  
 72.3 7.1596e+00  14 6.92049e-01  
 72.4 7.1579e+00  14 6.91962e-01  
 72.5 7.1549e+00  14 6.91805e-01  
 72.6 7.1501e+00  14 6.91553e-01  
 72.7 7.1372e+00  14 6.90876e-01  
 72.8 7.1325e+00  14 6.90633e-01  
 72.9 7.5217e+00  14 7.11310e-01  
 73.0 7.5160e+00  14 7.11000e-01  
 73.1 7.5095e+00  14 7.10653e-01  
 73.2 7.5028e+00  14 7.10291e-01  
 73.3 7.4959e+00  14 7.09923e-01  
 73.4 7.4892e+00  14 7.09561e-01  
 73.5 7.4808e+00  14 7.09110e-01  
 73.6 7.4687e+00  14 7.08464e-01  
 73.7 7.4676e+00  14 7.08404e-01  
 73.8 7.4590e+00  14 7.07945e-01  
 73.9 7.4479e+00  14 7.07346e-01  
 74.0 7.4453e+00  14 7.07210e-01  
 74.1 7.4343e+00  14 7.06618e-01  
 74.2 7.4316e+00  14 7.06474e-01  
 74.3 7.4226e+00  14 7.05993e-01  
 74.4 7.4187e+00  14 7.05786e-01  
 74.5 7.4125e+00  14 7.05451e-01  
 74.6 7.3930e+00  14 7.04408e-01  
 74.7 7.3911e+00  14 7.04311e-01  
 74.8 7.3875e+00  14 7.04117e-01  
 74.9 7.3801e+00  14 7.03723e-01  
 75.0 7.3720e+00  14 7.03289e-01  
 75.1 7.3630e+00  14 7.02810e-01  
 75.2 7.3510e+00  14 7.02170e-01  
 75.3 7.7760e+00  14 7.25056e-01  
 75.4 7.7693e+00  14 7.24689e-01  
 75.5 7.7610e+00  14 7.24237e-01  
 75.6 7.7515e+00  14 7.23724e-01  
 75.7 7.7410e+00  14 7.23152e-01  
 75.8 7.7408e+00  14 7.23146e-01  
 75.9 7.7331e+00  14 7.22725e-01  
 76.0 7.7224e+00  14 7.22144e-01  
 76.1 7.7128e+00  14 7.21627e-01  
 76.2 7.7078e+00  14 7.21355e-01  
 76.3 7.6946e+00  14 7.20639e-01  
 76.4 7.6916e+00  14 7.20476e-01  
 76.5 7.6788e+00  14 7.19783e-01  
 76.6 7.6748e+00  14 7.19567e-01  
 76.7 7.6686e+00  14 7.19233e-01  
 76.8 7.6667e+00  14 7.19130e-01  
 76.9 7.6570e+00  14 7.18608e-01  
 77.0 7.6565e+00  14 7.18580e-01  
 77.1 7.6497e+00  14 7.18214e-01  
 77.2 7.6422e+00  14 7.17807e-01  
 77.3 7.6331e+00  14 7.17313e-01  
 77.4 7.6227e+00  14 7.16750e-01  
 77.5 7.6196e+00  14 7.16584e-01  
 77.6 7.6093e+00  14 7.16030e-01  
 77.7 8.0676e+00  14 7.40961e-01  
 77.8 8.0668e+00  14 7.40917e-01  
 77.9 8.0604e+00  14 7.40568e-01  
 78.0 8.0536e+00  14 7.40195e-01  
 78.1 8.0493e+00  14 7.39964e-01  
 78.2 8.0468e+00  14 7.39825e-01  
 78.3 8.0185e+00  14 7.38278e-01  
 78.4 8.0215e+00  14 7.38445e-01  
 78.5 8.0180e+00  14 7.38254e-01  
 78.6 8.0082e+00  14 7.37713e-01  
 78.7 7.9864e+00  14 7.36527e-01  
 78.8 7.9870e+00  14 7.36559e-01  
 78.9 7.9813e+00  14 7.36245e-01  
 79.0 7.9734e+00  14 7.35815e-01  
 79.1 7.9709e+00  14 7.35680e-01  
 79.2 7.9585e+00  14 7.34999e-01  
 79.3 7.9558e+00  14 7.34851e-01  
 79.4 7.9451e+00  14 7.34268e-01  
 79.5 7.9369e+00  14 7.33820e-01  
 79.6 7.9194e+00  14 7.32866e-01  
 79.7 7.9019e+00  14 7.31913e-01  
 79.8 7.8920e+00  14 7.31372e-01  
 79.9 7.8909e+00  14 7.31314e-01  
 80.0 7.8860e+00  14 7.31043e-01  
 80.1 7.8740e+00  14 7.30391e-01  
 80.2 8.3685e+00  14 7.57436e-01  
 80.3 8.3532e+00  14 7.56599e-01  
 80.4 8.3423e+00  14 7.56003e-01  
 80.5 8.3338e+00  14 7.55538e-01  
 80.6 8.3344e+00  14 7.55567e-01  
 80.7 8.3361e+00  14 7.55660e-01  
 80.8 8.3313e+00  14 7.55398e-01  
 80.9 8.3125e+00  14 7.54371e-01  
 81.0 8.3073e+00  14 7.54082e-01  
 81.1 8.2963e+00  14 7.53482e-01  
 81.2 8.2812e+00  14 7.52655e-01  
 81.3 8.2664e+00  14 7.51841e-01  
 81.4 8.2595e+00  14 7.51467e-01  
 81.5 8.2460e+00  14 7.50729e-01  
 81.6 8.2274e+00  14 7.49709e-01  
 81.7 8.2152e+00  14 7.49042e-01  
 81.8 8.2034e+00  14 7.48394e-01  
 81.9 8.1972e+00  14 7.48056e-01  
 82.0 8.1834e+00  14 7.47297e-01  
 82.1 8.1670e+00  14 7.46404e-01  
 82.2 8.1553e+00  14 7.45760e-01  
 82.3 8.1428e+00  14 7.45079e-01  
 82.4 8.1253e+00  14 7.44117e-01  
 82.5 8.1101e+00  14 7.43289e-01  
 82.6 8.6820e+00  14 7.74634e-01  
 82.7 8.6646e+00  14 7.73681e-01  
 82.8 8.6600e+00  14 7.73430e-01  
 82.9 8.6395e+00  14 7.72307e-01  
 83.0 8.6334e+00  14 7.71968e-01  
 83.1 8.6194e+00  14 7.71204e-01  
 83.2 8.6059e+00  14 7.70464e-01  
 83.3 8.5960e+00  14 7.69921e-01  
 83.4 8.5844e+00  14 7.69284e-01  
 83.5 8.5804e+00  14 7.69064e-01  
 83.6 8.5671e+00  14 7.68333e-01  
 83.7 8.5664e+00  14 7.68296e-01  
 83.8 8.5562e+00  14 7.67736e-01  
 83.9 8.5457e+00  14 7.67161e-01  
 84.0 8.5360e+00  14 7.66629e-01  
 84.1 8.5195e+00  14 7.65720e-01  
 84.2 8.5224e+00  14 7.65882e-01  
 84.3 8.4939e+00  14 7.64318e-01  
 84.4 8.4801e+00  14 7.63559e-01  
 84.5 8.4579e+00  14 7.62342e-01  
 84.6 8.4561e+00  14 7.62240e-01  
 84.7 8.4447e+00  14 7.61615e-01  
 84.8 8.4283e+00  14 7.60714e-01  
 84.9 8.4288e+00  14 7.60743e-01  
 85.0 8.4172e+00  14 7.60104e-01  
 85.1 8.4105e+00  14 7.59737e-01  
 85.2 9.0012e+00  14 7.92110e-01  
 85.3 8.9893e+00  14 7.91460e-01  
 85.4 8.9820e+00  14 7.91065e-01  
 85.5 8.9759e+00  14 7.90729e-01  
 85.6 8.9608e+00  14 7.89905e-01  
 85.7 8.9597e+00  14 7.89843e-01  
 85.8 8.9295e+00  14 7.88193e-01  
 85.9 8.9191e+00  14 7.87623e-01  
 86.0 8.9077e+00  14 7.86999e-01  
 86.1 8.8863e+00  14 7.85826e-01  
 86.2 8.8728e+00  14 7.85092e-01  
 86.3 8.8549e+00  14 7.84111e-01  
 86.4 8.8387e+00  14 7.83221e-01  
 86.5 8.8289e+00  14 7.82684e-01  
 86.6 8.8316e+00  14 7.82835e-01  
 86.7 8.8125e+00  14 7.81785e-01  
 86.8 8.7930e+00  14 7.80721e-01  
 86.9 8.7647e+00  14 7.79170e-01  
 87.0 8.7544e+00  14 7.78604e-01  
 87.1 8.7410e+00  14 7.77870e-01  
 87.2 8.7271e+00  14 7.77106e-01  
 87.3 8.7143e+00  14 7.76409e-01  
 87.4 8.7011e+00  14 7.75681e-01  
 87.5 8.6858e+00  14 7.74846e-01  
 87.6 8.6640e+00  14 7.73648e-01  
 87.7 9.3206e+00  14 8.09546e-01  
 87.8 9.3157e+00  14 8.09279e-01  
 87.9 9.3054e+00  14 8.08715e-01  
 88.0 9.2932e+00  14 8.08051e-01  
 88.1 9.2810e+00  14 8.07387e-01  
 88.2 9.2678e+00  14 8.06669e-01  
 88.3 9.2520e+00  14 8.05803e-01  
 88.4 9.2430e+00  14 8.05316e-01  
 88.5 9.2104e+00  14 8.03537e-01  
 88.6 9.1948e+00  14 8.02682e-01  
 88.7 9.1712e+00  14 8.01394e-01  
 88.8 9.1461e+00  14 8.00024e-01  
 88.9 9.1385e+00  14 7.99609e-01  
 89.0 9.1259e+00  14 7.98922e-01  
 89.1 9.1134e+00  14 7.98243e-01  
 89.2 9.0996e+00  14 7.97486e-01  
 89.3 9.0877e+00  14 7.96837e-01  
 89.4 9.0815e+00  14 7.96497e-01  
 89.5 9.0658e+00  14 7.95644e-01  
 89.6 9.0453e+00  14 7.94523e-01  
 89.7 9.0275e+00  14 7.93549e-01  
 89.8 9.0168e+00  14 7.92967e-01  
 89.9 9.0041e+00  14 7.92272e-01  
 90.0 8.9881e+00  14 7.91397e-01  
 90.1 8.9799e+00  14 7.90947e-01  
 90.2 8.9746e+00  14 7.90659e-01  
 90.3 9.6715e+00  14 8.28609e-01  
 90.4 9.6706e+00  14 8.28560e-01  
 90.5 9.6360e+00  14 8.26686e-01  
 90.6 9.6202e+00  14 8.25827e-01  
 90.7 9.6099e+00  14 8.25269e-01  
 90.8 9.5945e+00  14 8.24437e-01  
 90.9 9.5797e+00  14 8.23634e-01  
 91.0 9.5669e+00  14 8.22937e-01  
 91.1 9.5524e+00  14 8.22151e-01  
 91.2 9.5140e+00  14 8.20066e-01  
 91.3 9.4893e+00  14 8.18726e-01  
 91.4 9.4761e+00  14 8.18009e-01  
 91.5 9.4611e+00  14 8.17190e-01  
 91.6 9.4438e+00  14 8.16249e-01  
 91.7 9.4244e+00  14 8.15195e-01  
 91.8 9.3990e+00  14 8.13816e-01  
 91.9 9.3898e+00  14 8.13313e-01  
 92.0 9.3704e+00  14 8.12259e-01  
 92.1 9.3715e+00  14 8.12321e-01  
 92.2 9.3394e+00  14 8.10572e-01  
 92.3 9.3199e+00  14 8.09510e-01  
 92.4 9.3111e+00  14 8.09030e-01  
 92.5 9.2979e+00  14 8.08311e-01  
 92.6 9.2833e+00  14 8.07510e-01  
 92.7 9.2670e+00  14 8.06622e-01  
 92.8 9.2463e+00  14 8.05492e-01  
 92.9 1.0007e+01  14 8.46698e-01  
 93.0 9.9982e+00  14 8.46233e-01  
 93.1 9.9860e+00  14 8.45580e-01  
 93.2 9.9621e+00  14 8.44291e-01  
 93.3 9.9480e+00  14 8.43532e-01  
 93.4 9.9268e+00  14 8.42395e-01  
 93.5 9.9000e+00  14 8.40949e-01  
 93.6 9.8822e+00  14 8.39991e-01  
 93.7 9.8505e+00  14 8.38281e-01  
 93.8 9.8325e+00  14 8.37310e-01  
 93.9 9.8096e+00  14 8.36072e-01  
 94.0 9.7845e+00  14 8.34720e-01  
 94.1 9.7594e+00  14 8.33362e-01  
 94.2 9.7413e+00  14 8.32384e-01  
 94.3 9.7277e+00  14 8.31646e-01  
 94.4 9.7140e+00  14 8.30905e-01  
 94.5 9.6999e+00  14 8.30143e-01  
 94.6 9.6878e+00  14 8.29489e-01  
 94.7 9.6785e+00  14 8.28987e-01  
 94.8 9.6689e+00  14 8.28464e-01  
 94.9 9.6303e+00  14 8.26377e-01  
 95.0 9.6267e+00  14 8.26182e-01  
 95.1 9.5957e+00  14 8.24502e-01  
 95.2 9.5898e+00  14 8.24181e-01  
 95.3 9.5797e+00  14 8.23633e-01  
 95.4 9.5679e+00  14 8.22992e-01  
 95.5 9.5497e+00  14 8.22006e-01  
 95.6 1.0369e+01  14 8.66090e-01  
 95.7 1.0328e+01  14 8.63904e-01  
 95.8 1.0296e+01  14 8.62220e-01  
 95.9 1.0285e+01  14 8.61612e-01  
 96.0 1.0269e+01  14 8.60749e-01  
 96.1 1.0255e+01  14 8.60019e-01  
 96.2 1.0240e+01  14 8.59206e-01  
 96.3 1.0193e+01  14 8.56675e-01  
 96.4 1.0165e+01  14 8.55179e-01  
 96.5 1.0154e+01  14 8.54586e-01  
 96.6 1.0136e+01  14 8.53646e-01  
 96.7 1.0116e+01  14 8.52571e-01  
 96.8 1.0096e+01  14 8.51489e-01  
 96.9 1.0075e+01  14 8.50359e-01  
 97.0 1.0047e+01  14 8.48852e-01  
 97.1 1.0030e+01  14 8.47965e-01  
 97.2 1.0007e+01  14 8.46716e-01  
 97.3 9.9962e+00  14 8.46128e-01  
 97.4 9.9755e+00  14 8.45012e-01  
 97.5 9.9604e+00  14 8.44200e-01  
 97.6 9.9476e+00  14 8.43510e-01  
 97.7 9.9306e+00  14 8.42599e-01  
 97.8 9.9109e+00  14 8.41537e-01  
 97.9 9.8844e+00  14 8.40108e-01  
 98.0 9.8763e+00  14 8.39669e-01  
 98.1 9.8428e+00  14 8.37864e-01  
 98.2 1.0717e+01  14 8.84621e-01  
 98.3 1.0690e+01  14 8.83211e-01  
 98.4 1.0677e+01  14 8.82476e-01  
 98.5 1.0654e+01  14 8.81292e-01  
 98.6 1.0628e+01  14 8.79914e-01  
 98.7 1.0589e+01  14 8.77848e-01  
 98.8 1.0571e+01  14 8.76889e-01  
 98.9 1.0545e+01  14 8.75499e-01  
 99.0 1.0516e+01  14 8.73954e-01  
 99.1 1.0488e+01  14 8.72459e-01  
 99.2 1.0460e+01  14 8.70961e-01  
 99.3 1.0430e+01  14 8.69375e-01  
 99.4 1.0412e+01  14 8.68413e-01  
 99.5 1.0396e+01  14 8.67552e-01  
 99.6 1.0378e+01  14 8.66580e-01  
 99.7 1.0364e+01  14 8.65841e-01  
 99.8 1.0369e+01  14 8.66120e-01  
 99.9 1.0329e+01  14 8.63956e-01  
100.0 1.0318e+01  14 8.63417e-01  
100.1 1.0282e+01  14 8.61485e-01  
100.2 1.0278e+01  14 8.61275e-01  
100.3 1.0266e+01  14 8.60608e-01  
100.4 1.0254e+01  14 8.59987e-01  
100.5 1.0240e+01  14 8.59218e-01  
100.6 1.0192e+01  14 8.56660e-01  
100.7 1.0160e+01  14 8.54913e-01  
100.8 1.0149e+01  14 8.54337e-01  
100.9 1.1052e+01  14 9.02281e-01  
101.0 1.1039e+01  14 9.01621e-01  
101.1 1.1021e+01  14 9.00669e-01  
101.2 1.1005e+01  14 8.99807e-01  
101.3 1.0947e+01  14 8.96740e-01  
101.4 1.0932e+01  14 8.95987e-01  
101.5 1.0905e+01  14 8.94545e-01  
101.6 1.0891e+01  14 8.93824e-01  
101.7 1.0849e+01  14 8.91599e-01  
101.8 1.0827e+01  14 8.90439e-01  
101.9 1.0803e+01  14 8.89149e-01  
102.0 1.0778e+01  14 8.87844e-01  
102.1 1.0772e+01  14 8.87507e-01  
102.2 1.0738e+01  14 8.85707e-01  
102.3 1.0718e+01  14 8.84647e-01  
102.4 1.0712e+01  14 8.84338e-01  
102.5 1.0683e+01  14 8.82832e-01  
102.6 1.0675e+01  14 8.82400e-01  
102.7 1.0656e+01  14 8.81381e-01  
102.8 1.0635e+01  14 8.80250e-01  
102.9 1.0606e+01  14 8.78756e-01  
103.0 1.0589e+01  14 8.77849e-01  
103.1 1.0557e+01  14 8.76118e-01  
103.2 1.0523e+01  14 8.74319e-01  
103.3 1.0491e+01  14 8.72596e-01  
103.4 1.0457e+01  14 8.70818e-01  
103.5 1.0426e+01  14 8.69170e-01  
103.6 1.1409e+01  14 9.20946e-01  
103.7 1.1418e+01  14 9.21431e-01  
103.8 1.1393e+01  14 9.20110e-01  
103.9 1.1357e+01  14 9.18244e-01  
104.0 1.1321e+01  14 9.16367e-01  
104.1 1.1287e+01  14 9.14604e-01  
104.2 1.1255e+01  14 9.12913e-01  
104.3 1.1213e+01  14 9.10729e-01  
104.4 1.1198e+01  14 9.09951e-01  
104.5 1.1180e+01  14 9.08987e-01  
104.6 1.1160e+01  14 9.07970e-01  
104.7 1.1145e+01  14 9.07162e-01  
104.8 1.1124e+01  14 9.06059e-01  
104.9 1.1082e+01  14 9.03872e-01  
105.0 1.1074e+01  14 9.03437e-01  
105.1 1.1037e+01  14 9.01492e-01  
105.2 1.1023e+01  14 9.00743e-01  
105.3 1.1010e+01  14 9.00073e-01  
105.4 1.1001e+01  14 8.99623e-01  
105.5 1.0947e+01  14 8.96738e-01  
105.6 1.0933e+01  14 8.96023e-01  
105.7 1.0905e+01  14 8.94528e-01  
105.8 1.0883e+01  14 8.93410e-01  
105.9 1.0837e+01  14 8.90975e-01  
106.0 1.0810e+01  14 8.89539e-01  
106.1 1.0779e+01  14 8.87908e-01  
106.2 1.0770e+01  14 8.87403e-01  
106.3 1.1782e+01  14 9.40316e-01  
106.4 1.1771e+01  14 9.39712e-01  
106.5 1.1742e+01  14 9.38257e-01  
106.6 1.1704e+01  14 9.36255e-01  
106.7 1.1687e+01  14 9.35400e-01  
106.8 1.1668e+01  14 9.34403e-01  
106.9 1.1640e+01  14 9.32956e-01  
107.0 1.1608e+01  14 9.31311e-01  
107.1 1.1570e+01  14 9.29337e-01  
107.2 1.1547e+01  14 9.28157e-01  
107.3 1.1551e+01  14 9.28365e-01  
107.4 1.1517e+01  14 9.26591e-01  
107.5 1.1462e+01  14 9.23721e-01  
107.6 1.1435e+01  14 9.22296e-01  
107.7 1.1412e+01  14 9.21103e-01  
107.8 1.1395e+01  14 9.20216e-01  
107.9 1.1405e+01  14 9.20771e-01  
108.0 1.1363e+01  14 9.18546e-01  
108.1 1.1335e+01  14 9.17124e-01  
108.2 1.1295e+01  14 9.15007e-01  
108.3 1.1268e+01  14 9.13607e-01  
108.4 1.1225e+01  14 9.11336e-01  
108.5 1.1198e+01  14 9.09926e-01  
108.6 1.1176e+01  14 9.08794e-01  
108.7 1.1154e+01  14 9.07634e-01  
108.8 1.1136e+01  14 9.06709e-01  
108.9 1.1080e+01  14 9.03759e-01  
109.0 1.1074e+01  14 9.03424e-01  
109.1 1.2163e+01  14 9.59845e-01  
109.2 1.2118e+01  14 9.57565e-01  
109.3 1.2092e+01  14 9.56211e-01  
109.4 1.2059e+01  14 9.54568e-01  
109.5 1.2037e+01  14 9.53442e-01  
109.6 1.2016e+01  14 9.52339e-01  
109.7 1.1998e+01  14 9.51427e-01  
109.8 1.1986e+01  14 9.50790e-01  
109.9 1.1929e+01  14 9.47859e-01  
110.0 1.1901e+01  14 9.46452e-01  
110.1 1.1885e+01  14 9.45627e-01  
110.2 1.1867e+01  14 9.44709e-01  
110.3 1.1851e+01  14 9.43877e-01  
110.4 1.1779e+01  14 9.40167e-01  
110.5 1.1773e+01  14 9.39815e-01  
110.6 1.1741e+01  14 9.38189e-01  
110.7 1.1711e+01  14 9.36634e-01  
110.8 1.1691e+01  14 9.35625e-01  
110.9 1.1668e+01  14 9.34398e-01  
111.0 1.1634e+01  14 9.32646e-01  
111.1 1.1593e+01  14 9.30532e-01  
111.2 1.1569e+01  14 9.29261e-01  
111.3 1.1552e+01  14 9.28421e-01  
111.4 1.1517e+01  14 9.26608e-01  
111.5 1.1454e+01  14 9.23327e-01  
111.6 1.1425e+01  14 9.21784e-01  
111.7 1.1397e+01  14 9.20362e-01  
111.8 1.1410e+01  14 9.21025e-01  
111.9 1.2544e+01  14 9.79233e-01  
112.0 1.2502e+01  14 9.77103e-01  
112.1 1.2484e+01  14 9.76212e-01  
112.2 1.2482e+01  14 9.76103e-01  
112.3 1.2402e+01  14 9.72065e-01  
112.4 1.2383e+01  14 9.71082e-01  
112.5 1.2360e+01  14 9.69897e-01  
112.6 1.2332e+01  14 9.68465e-01  
112.7 1.2301e+01  14 9.66908e-01  
112.8 1.2261e+01  14 9.64856e-01  
112.9 1.2239e+01  14 9.63741e-01  
113.0 1.2240e+01  14 9.63775e-01  
113.1 1.2193e+01  14 9.61403e-01  
113.2 1.2150e+01  14 9.59214e-01  
113.3 1.2122e+01  14 9.57768e-01  
113.4 1.2092e+01  14 9.56240e-01  
113.5 1.2056e+01  14 9.54376e-01  
113.6 1.2023e+01  14 9.52710e-01  
113.7 1.2001e+01  14 9.51547e-01  
113.8 1.1984e+01  14 9.50712e-01  
113.9 1.1929e+01  14 9.47869e-01  
114.0 1.1903e+01  14 9.46515e-01  
114.1 1.1866e+01  14 9.44608e-01  
114.2 1.1856e+01  14 9.44120e-01  
114.3 1.1782e+01  14 9.40315e-01  
114.4 1.1770e+01  14 9.39682e-01  
114.5 1.1742e+01  14 9.38235e-01  
114.6 1.1701e+01  14 9.36136e-01  
114.7 1.2960e+01  14 1.00000e+00  
114.8 1.2901e+01  14 9.97258e-01  
114.9 1.2879e+01  14 9.96141e-01  
115.0 1.2848e+01  14 9.94589e-01  
115.1 1.2824e+01  14 9.93379e-01  
115.2 1.2772e+01  14 9.90749e-01  
115.3 1.2739e+01  14 9.89068e-01  
115.4 1.2721e+01  14 9.88165e-01  
115.5 1.2677e+01  14 9.85991e-01  
115.6 1.2662e+01  14 9.85206e-01  
115.7 1.2617e+01  14 9.82957e-01  
115.8 1.2596e+01  14 9.81861e-01  
115.9 1.2569e+01  14 9.80489e-01  
116.0 1.2537e+01  14 9.78887e-01  
116.1 1.2512e+01  14 9.77633e-01  
116.2 1.2455e+01  14 9.74732e-01  
116.3 1.2420e+01  14 9.72940e-01  
116.4 1.2383e+01  14 9.71069e-01  
116.5 1.2354e+01  14 9.69586e-01  
116.6 1.2318e+01  14 9.67774e-01  
116.7 1.2275e+01  14 9.65557e-01  
116.8 1.2242e+01  14 9.63892e-01  
116.9 1.2233e+01  14 9.63456e-01  
117.0 1.2189e+01  14 9.61211e-01  
117.1 1.2144e+01  14 9.58910e-01  
117.2 1.2097e+01  14 9.56479e-01  
117.3 1.2061e+01  14 9.54639e-01  
117.4 1.2040e+01  14 9.53571e-01  
117.5 1.2018e+01  14 9.52418e-01  
117.6 1.3092e+01  14 1.00000e+00  
117.7 1.3083e+01  14 1.00000e+00  
117.8 1.3065e+01  14 1.00000e+00  
117.9 1.3055e+01  14 1.00000e+00  
118.0 1.3053e+01  14 1.00000e+00  
118.1 1.3032e+01  14 1.00000e+00  
118.2 1.3013e+01  14 1.00000e+00  
118.3 1.3002e+01  14 1.00000e+00  
118.4 1.2990e+01  14 1.00000e+00  
118.5 1.2980e+01  14 1.00000e+00  
118.6 1.2971e+01  14 1.00000e+00  
118.7 1.2962e+01  14 1.00000e+00  
118.8 1.2917e+01  14 9.98052e-01  
118.9 1.2874e+01  14 9.95888e-01  
119.0 1.2854e+01  14 9.94873e-01  
119.1 1.2828e+01  14 9.93587e-01  
119.2 1.2752e+01  14 9.89727e-01  
119.3 1.2728e+01  14 9.88549e-01  
119.4 1.2678e+01  14 9.85997e-01  
119.5 1.2657e+01  14 9.84971e-01  
119.6 1.2610e+01  14 9.82590e-01  
119.7 1.2580e+01  14 9.81075e-01  
119.8 1.2543e+01  14 9.79211e-01  
119.9 1.2499e+01  14 9.76978e-01  
120.0 1.2473e+01  14 9.75645e-01  
120.1 1.2435e+01  14 9.73727e-01  
120.2 1.2391e+01  14 9.71494e-01  
120.3 1.2373e+01  14 9.70589e-01  
120.4 1.2345e+01  14 9.69126e-01  
120.5 1.3244e+01  14 1.00000e+00  
120.6 1.3234e+01  14 1.00000e+00  
120.7 1.3222e+01  14 1.00000e+00  
120.8 1.3209e+01  14 1.00000e+00  
120.9 1.3196e+01  14 1.00000e+00  
121.0 1.3182e+01  14 1.00000e+00  
121.1 1.3163e+01  14 1.00000e+00  
121.2 1.3146e+01  14 1.00000e+00  
121.3 1.3142e+01  14 1.00000e+00  
121.4 1.3130e+01  14 1.00000e+00  
121.5 1.3110e+01  14 1.00000e+00  
121.6 1.3093e+01  14 1.00000e+00  
121.7 1.3082e+01  14 1.00000e+00  
121.8 1.3061e+01  14 1.00000e+00  
121.9 1.3060e+01  14 1.00000e+00  
122.0 1.3038e+01  14 1.00000e+00  
122.1 1.3016e+01  14 1.00000e+00  
122.2 1.2996e+01  14 1.00000e+00  
122.3 1.2984e+01  14 1.00000e+00  
122.4 1.2974e+01  14 1.00000e+00  
122.5 1.2961e+01  14 1.00000e+00  
122.6 1.2918e+01  14 9.98082e-01  
122.7 1.2887e+01  14 9.96513e-01  
122.8 1.2861e+01  14 9.95215e-01  
122.9 1.2839e+01  14 9.94099e-01  
123.0 1.2776e+01  14 9.90943e-01  
123.1 1.2738e+01  14 9.89056e-01  
123.2 1.2717e+01  14 9.87974e-01  
123.3 1.2676e+01  14 9.85930e-01  
123.4 1.3274e+01  14 1.00000e+00  
123.5 1.3260e+01  14 1.00000e+00  
123.6 1.3244e+01  14 1.00000e+00  
123.7 1.3354e+01  14 1.00000e+00  
123.8 1.3345e+01  14 1.00000e+00  
123.9 1.3333e+01  14 1.00000e+00  
124.0 1.3326e+01  14 1.00000e+00  
124.1 1.3318e+01  14 1.00000e+00  
124.2 1.3289e+01  14 1.00000e+00  
124.3 1.3277e+01  14 1.00000e+00  
124.4 1.3260e+01  14 1.00000e+00  
124.5 1.3242e+01  14 1.00000e+00  
124.6 1.3228e+01  14 1.00000e+00  
124.7 1.3212e+01  14 1.00000e+00  
124.8 1.3196e+01  14 1.00000e+00  
124.9 1.3177e+01  14 1.00000e+00  
125.0 1.3157e+01  14 1.00000e+00  
125.1 1.3143e+01  14 1.00000e+00  
125.2 1.3129e+01  14 1.00000e+00  
125.3 1.3108e+01  14 1.00000e+00  
125.4 1.3093e+01  14 1.00000e+00  
125.5 1.3084e+01  14 1.00000e+00  
125.6 1.3063e+01  14 1.00000e+00  
125.7 1.3069e+01  14 1.00000e+00  
125.8 1.3046e+01  14 1.00000e+00  
125.9 1.3028e+01  14 1.00000e+00  
126.0 1.3009e+01  14 1.00000e+00  
126.1 1.2993e+01  14 1.00000e+00  
126.2 1.2983e+01  14 1.00000e+00  
126.3 1.2973e+01  14 1.00000e+00  
126.4 1.3293e+01  14 1.00000e+00  
126.5 1.3280e+01  14 1.00000e+00  
126.6 1.3264e+01  14 1.00000e+00  
126.7 1.3382e+01  14 1.00000e+00  
126.8 1.3375e+01  14 1.00000e+00  
126.9 1.3347e+01  14 1.00000e+00  
127.0 1.3340e+01  14 1.00000e+00  
127.1 1.3326e+01  14 1.00000e+00  
127.2 1.3297e+01  14 1.00000e+00  
127.3 1.3280e+01  14 1.00000e+00  
127.4 1.3262e+01  14 1.00000e+00  
127.5 1.3244e+01  14 1.00000e+00  
127.6 1.3352e+01  14 1.00000e+00  
127.7 1.3340e+01  14 1.00000e+00  
127.8 1.3325e+01  14 1.00000e+00  
127.9 1.3319e+01  14 1.00000e+00  
128.0 1.3281e+01  14 1.00000e+00  
128.1 1.3275e+01  14 1.00000e+00  
128.2 1.3260e+01  14 1.00000e+00  
128.3 1.3243e+01  14 1.00000e+00  
128.4 1.3231e+01  14 1.00000e+00  
128.5 1.3217e+01  14 1.00000e+00  
128.6 1.3202e+01  14 1.00000e+00  
128.7 1.3186e+01  14 1.00000e+00  
128.8 1.3168e+01  14 1.00000e+00  
128.9 1.3147e+01  14 1.00000e+00  
129.0 1.3141e+01  14 1.00000e+00  
129.1 1.3128e+01  14 1.00000e+00  
129.2 1.3109e+01  14 1.00000e+00  
129.3 1.3095e+01  14 1.00000e+00  
129.4 1.3333e+01  14 1.00000e+00  
129.5 1.3326e+01  14 1.00000e+00  
129.6 1.3296e+01  14 1.00000e+00  
129.7 1.3281e+01  14 1.00000e+00  
129.8 1.3264e+01  14 1.00000e+00  
129.9 1.3246e+01  14 1.00000e+00  
130.0 1.3352e+01  14 1.00000e+00  
130.1 1.3331e+01  14 1.00000e+00  
130.2 1.3325e+01  14 1.00000e+00  
130.3 1.3293e+01  14 1.00000e+00  
130.4 1.3278e+01  14 1.00000e+00  
130.5 1.3261e+01  14 1.00000e+00  
130.6 1.3378e+01  14 1.00000e+00  
130.7 1.3347e+01  14 1.00000e+00  
130.8 1.3333e+01  14 1.00000e+00  
130.9 1.3324e+01  14 1.00000e+00  
131.0 1.3296e+01  14 1.00000e+00  
131.1 1.3281e+01  14 1.00000e+00  
131.2 1.3262e+01  14 1.00000e+00  
131.3 1.3246e+01  14 1.00000e+00  
131.4 1.3356e+01  14 1.00000e+00  
131.5 1.3346e+01  14 1.00000e+00  
131.6 1.3333e+01  14 1.00000e+00  
131.7 1.3325e+01  14 1.00000e+00  
131.8 1.3298e+01  14 1.00000e+00  
131.9 1.3281e+01  14 1.00000e+00  
132.0 1.3274e+01  14 1.00000e+00  
132.1 1.3260e+01  14 1.00000e+00  
132.2 1.3244e+01  14 1.00000e+00  
132.3 1.3234e+01  14 1.00000e+00  
132.4 1.3319e+01  14 1.00000e+00  
132.5 1.3292e+01  14 1.00000e+00  
132.6 1.3274e+01  14 1.00000e+00  
132.7 1.3257e+01  14 1.00000e+00  
132.8 1.3326e+01  14 1.00000e+00  
132.9 1.3289e+01  14 1.00000e+00  
133.0 1.3268e+01  14 1.00000e+00  
133.1 1.3381e+01  14 1.00000e+00  
133.2 1.3347e+01  14 1.00000e+00  
133.3 1.3331e+01  14 1.00000e+00  
133.4 1.3320e+01  14 1.00000e+00  
133.5 1.3281e+01  14 1.00000e+00  
133.6 1.3272e+01  14 1.00000e+00  
133.7 1.3378e+01  14 1.00000e+00  
133.8 1.3353e+01  14 1.00000e+00  
133.9 1.3340e+01  14 1.00000e+00  
134.0 1.3326e+01  14 1.00000e+00  
134.1 1.3297e+01  14 1.00000e+00  
134.2 1.3281e+01  14 1.00000e+00  
134.3 1.3264e+01  14 1.00000e+00  
134.4 1.3246e+01  14 1.00000e+00  
134.5 1.3375e+01  14 1.00000e+00  
134.6 1.3341e+01  14 1.00000e+00  
134.7 1.3333e+01  14 1.00000e+00  
134.8 1.3324e+01  14 1.00000e+00  
134.9 1.3294e+01  14 1.00000e+00  
135.0 1.3281e+01  14 1.00000e+00  
135.1 1.3269e+01  14 1.00000e+00  
135.2 1.3382e+01  14 1.00000e+00  
135.3 1.3374e+01  14 1.00000e+00  
135.4 1.3343e+01  14 1.00000e+00  
135.5 1.3318e+01  14 1.00000e+00  
135.6 1.3289e+01  14 1.00000e+00  
135.7 1.3269e+01  14 1.00000e+00  
135.8 1.3381e+01  14 1.00000e+00  
135.9 1.3319e+01  14 1.00000e+00  
136.0 1.3281e+01  14 1.00000e+00  
136.1 1.3263e+01  14 1.00000e+00  
136.2 1.3374e+01  14 1.00000e+00  
136.3 1.3320e+01  14 1.00000e+00  
136.4 1.3281e+01  14 1.00000e+00  
136.5 1.3260e+01  14 1.00000e+00  
136.6 1.3376e+01  14 1.00000e+00  
136.7 1.3337e+01  14 1.00000e+00  
136.8 1.3269e+01  14 1.00000e+00  
136.9 1.3245e+01  14 1.00000e+00  
137.0 1.3353e+01  14 1.00000e+00  
137.1 1.3331e+01  14 1.00000e+00  
137.2 1.3324e+01  14 1.00000e+00  
137.3 1.3293e+01  14 1.00000e+00  
137.4 1.3280e+01  14 1.00000e+00  
137.5 1.3262e+01  14 1.00000e+00  
137.6 1.3378e+01  14 1.00000e+00  
137.7 1.3344e+01  14 1.00000e+00  
137.8 1.3340e+01  14 1.00000e+00  
137.9 1.3326e+01  14 1.00000e+00  
138.0 1.3318e+01  14 1.00000e+00  
138.1 1.3280e+01  14 1.00000e+00  
138.2 1.3276e+01  14 1.00000e+00  
138.3 1.3260e+01  14 1.00000e+00  
138.4 1.3242e+01  14 1.00000e+00  
138.5 1.3350e+01  14 1.00000e+00  
138.6 1.3317e+01  14 1.00000e+00  
138.7 1.3281e+01  14 1.00000e+00  
138.8 1.3262e+01  14 1.00000e+00  
138.9 1.3339e+01  14 1.00000e+00  
139.0 1.3317e+01  14 1.00000e+00  
139.1 1.3280e+01  14 1.00000e+00  
139.2 1.3389e+01  14 1.00000e+00  
139.3 1.3243e+01  14 1.00000e+00  
139.4 1.3324e+01  14 1.00000e+00  
139.5 1.3286e+01  14 1.00000e+00  
139.6 1.3262e+01  14 1.00000e+00  
139.7 1.3244e+01  14 1.00000e+00  
139.8 1.3347e+01  14 1.00000e+00  
139.9 1.3281e+01  14 1.00000e+00  
140.0 1.3261e+01  14 1.00000e+00  
140.1 1.3378e+01  14 1.00000e+00  
140.2 1.3347e+01  14 1.00000e+00  
140.3 1.3333e+01  14 1.00000e+00  
140.4 1.3261e+01  14 1.00000e+00  
140.5 1.3356e+01  14 1.00000e+00  
140.6 1.3347e+01  14 1.00000e+00  
140.7 1.3331e+01  14 1.00000e+00  
140.8 1.3319e+01  14 1.00000e+00  
140.9 1.3354e+01  14 1.00000e+00  
141.0 1.3340e+01  14 1.00000e+00  
141.1 1.3324e+01  14 1.00000e+00  
141.2 1.3298e+01  14 1.00000e+00  
141.3 1.3282e+01  14 1.00000e+00  
141.4 1.3269e+01  14 1.00000e+00  
141.5 1.3247e+01  14 1.00000e+00  
141.6 1.3353e+01  14 1.00000e+00  
141.7 1.3319e+01  14 1.00000e+00  
141.8 1.3281e+01  14 1.00000e+00  
141.9 1.3389e+01  14 1.00000e+00  
142.0 1.3340e+01  14 1.00000e+00  
142.1 1.3326e+01  14 1.00000e+00  
142.2 1.3291e+01  14 1.00000e+00  
142.3 1.3274e+01  14 1.00000e+00  
142.4 1.3245e+01  14 1.00000e+00  
142.5 1.3324e+01  14 1.00000e+00  
142.6 1.3296e+01  14 1.00000e+00  
142.7 1.3277e+01  14 1.00000e+00  
142.8 1.3258e+01  14 1.00000e+00  
142.9 1.3331e+01  14 1.00000e+00  
143.0 1.3296e+01  14 1.00000e+00  
143.1 1.3277e+01  14 1.00000e+00  
143.2 1.3261e+01  14 1.00000e+00  
143.3 1.3356e+01  14 1.00000e+00  
143.4 1.3347e+01  14 1.00000e+00  
143.5 1.3280e+01  14 1.00000e+00  
143.6 1.3387e+01  14 1.00000e+00  
143.7 1.3376e+01  14 1.00000e+00  
143.8 1.3347e+01  14 1.00000e+00  
143.9 1.3333e+01  14 1.00000e+00  
144.0 1.3260e+01  14 1.00000e+00  
144.1 1.3241e+01  14 1.00000e+00  
144.2 1.3347e+01  14 1.00000e+00  
144.3 1.3333e+01  14 1.00000e+00  
144.4 1.3318e+01  14 1.00000e+00  
144.5 1.3292e+01  14 1.00000e+00  
144.6 1.3331e+01  14 1.00000e+00  
144.7 1.3317e+01  14 1.00000e+00  
144.8 1.3289e+01  14 1.00000e+00  
144.9 1.3269e+01  14 1.00000e+00  
145.0 1.3263e+01  14 1.00000e+00  
145.1 1.3348e+01  14 1.00000e+00  
145.2 1.3325e+01  14 1.00000e+00  
145.3 1.3297e+01  14 1.00000e+00  
145.4 1.3280e+01  14 1.00000e+00  
145.5 1.3259e+01  14 1.00000e+00  
145.6 1.3332e+01  14 1.00000e+00  
145.7 1.3319e+01  14 1.00000e+00  
145.8 1.3283e+01  14 1.00000e+00  
145.9 1.3268e+01  14 1.00000e+00  
146.0 1.3257e+01  14 1.00000e+00  
146.1 1.3326e+01  14 1.00000e+00  
146.2 1.3294e+01  14 1.00000e+00  
146.3 1.3279e+01  14 1.00000e+00  
146.4 1.3386e+01  14 1.00000e+00  
146.5 1.3375e+01  14 1.00000e+00  
146.6 1.3318e+01  14 1.00000e+00  
146.7 1.3281e+01  14 1.00000e+00  
146.8 1.3262e+01  14 1.00000e+00  
146.9 1.3243e+01  14 1.00000e+00  
147.0 1.3353e+01  14 1.00000e+00  
147.1 1.3340e+01  14 1.00000e+00  
147.2 1.3263e+01  14 1.00000e+00  
147.3 1.3245e+01  14 1.00000e+00  
147.4 1.3355e+01  14 1.00000e+00  
147.5 1.3340e+01  14 1.00000e+00  
147.6 1.3323e+01  14 1.00000e+00  
147.7 1.3375e+01  14 1.00000e+00  
147.8 1.3338e+01  14 1.00000e+00  
147.9 1.3326e+01  14 1.00000e+00  
148.0 1.3296e+01  14 1.00000e+00  
148.1 1.3342e+01  14 1.00000e+00  
148.2 1.3325e+01  14 1.00000e+00  
148.3 1.3299e+01  14 1.00000e+00  
148.4 1.3319e+01  14 1.00000e+00  
148.5 1.3281e+01  14 1.00000e+00  
148.6 1.3263e+01  14 1.00000e+00  
148.7 1.3348e+01  14 1.00000e+00  
148.8 1.3333e+01  14 1.00000e+00  
148.9 1.3319e+01  14 1.00000e+00  
149.0 1.3282e+01  14 1.00000e+00  
149.1 1.3262e+01  14 1.00000e+00  
149.2 1.3337e+01  14 1.00000e+00  
149.3 1.3326e+01  14 1.00000e+00  
149.4 1.3297e+01  14 1.00000e+00  
149.5 1.3280e+01  14 1.00000e+00  
149.6 1.3388e+01  14 1.00000e+00  
149.7 1.3374e+01  14 1.00000e+00  
149.8 1.3322e+01  14 1.00000e+00  
149.9 1.3289e+01  14 1.00000e+00  
150.0 1.3274e+01  14 1.00000e+00  
