 15.1 1.4028e+00  13 4.25854e-02  
 15.2 1.4104e+00  13 4.30274e-02  
 15.3 1.4181e+00  13 4.34649e-02  
 15.4 1.4257e+00  13 4.38986e-02  
 15.5 1.4333e+00  13 4.43280e-02  
 15.6 1.4410e+00  13 4.47538e-02  
 15.7 1.4486e+00  13 4.51757e-02  
 15.8 1.4563e+00  13 4.55938e-02  
 15.9 1.4639e+00  13 4.60083e-02  
 16.0 1.4716e+00  13 4.64192e-02  
 16.1 1.4792e+00  13 4.68269e-02  
 16.2 1.4869e+00  13 4.72309e-02  
 16.3 1.4945e+00  13 4.76319e-02  
 16.4 1.5022e+00  13 4.80297e-02  
 16.5 1.5098e+00  13 4.84244e-02  
 16.6 1.5175e+00  13 4.88163e-02  
 16.7 1.5251e+00  13 4.92051e-02  
 16.8 1.5328e+00  13 4.95907e-02  
 16.9 1.5404e+00  13 4.99742e-02  
 17.0 1.5481e+00  13 5.03550e-02  
 17.1 1.5557e+00  13 5.07697e-02  
 17.2 1.5634e+00  13 5.11463e-02  
 17.3 1.5710e+00  13 5.15206e-02  
 17.4 1.5787e+00  13 5.18927e-02  
 17.5 1.5863e+00  13 5.22626e-02  
 17.6 1.5940e+00  13 5.26209e-02  
 17.7 1.6016e+00  13 5.29862e-02  
 17.8 1.6093e+00  13 5.33491e-02  
 17.9 1.6169e+00  13 5.37102e-02  
 18.0 1.6245e+00  13 5.41116e-02  
 18.1 1.6322e+00  13 5.44699e-02  
 18.2 1.6398e+00  13 5.48266e-02  
 18.3 1.6475e+00  13 5.51820e-02  
 18.4 1.6551e+00  13 5.55358e-02  
 18.5 1.6627e+00  13 5.58767e-02  
 18.6 1.6704e+00  13 5.62725e-02  
 18.7 1.6780e+00  13 5.66223e-02  
 18.8 1.6856e+00  13 5.69707e-02  
 18.9 1.6932e+00  13 5.73183e-02  
 19.0 1.7009e+00  13 5.76648e-02  
 19.1 1.7085e+00  13 5.80108e-02  
 19.2 1.7161e+00  13 5.83915e-02  
 19.3 1.7274e+00  13 5.90440e-02  
 19.4 1.7394e+00  13 5.97515e-02  
 19.5 1.7515e+00  13 6.04640e-02  
 19.6 1.7636e+00  13 6.12343e-02  
 19.7 1.7759e+00  13 6.19591e-02  
 19.8 1.7882e+00  13 6.26736e-02  
 19.9 1.8006e+00  13 6.34065e-02  
 20.0 1.8131e+00  13 6.42017e-02  
 20.1 1.8257e+00  13 6.49475e-02  
 20.2 1.8384e+00  13 6.57002e-02  
 20.3 1.8511e+00  13 6.64425e-02  
 20.4 1.8640e+00  13 6.72648e-02  
 20.5 1.8769e+00  13 6.80341e-02  
 20.6 1.8899e+00  13 6.88104e-02  
 20.7 1.9031e+00  13 6.96575e-02  
 20.8 1.9163e+00  13 7.04323e-02  
 20.9 1.6174e+01  14 1.00000e+00  
 21.0 1.6205e+01  14 1.00000e+00  
 21.1 1.6249e+01  14 1.00000e+00  
 21.2 1.6279e+01  14 1.00000e+00  
 21.3 1.6326e+01  14 1.00000e+00  
 21.4 1.6369e+01  14 1.00000e+00  
 21.5 1.6397e+01  14 1.00000e+00  
 21.6 1.6423e+01  14 1.00000e+00  
 21.7 1.6463e+01  14 1.00000e+00  
 21.8 1.6493e+01  14 1.00000e+00  
 21.9 1.6517e+01  14 1.00000e+00  
 22.0 1.6527e+01  14 1.00000e+00  
 22.1 1.6498e+01  14 1.00000e+00  
 22.2 1.6537e+01  14 1.00000e+00  
 22.3 1.6571e+01  14 1.00000e+00  
 22.4 1.6605e+01  14 1.00000e+00  
 22.5 1.6637e+01  14 1.00000e+00  
 22.6 1.6670e+01  14 1.00000e+00  
 22.7 1.6705e+01  14 1.00000e+00  
 22.8 1.6735e+01  14 1.00000e+00  
 22.9 1.6765e+01  14 1.00000e+00  
 23.0 1.6794e+01  14 1.00000e+00  
 23.1 1.6827e+01  14 1.00000e+00  
 23.2 1.6854e+01  14 1.00000e+00  
 23.3 1.6881e+01  14 1.00000e+00  
 23.4 1.6907e+01  14 1.00000e+00  
 23.5 1.6937e+01  14 1.00000e+00  
 23.6 1.6961e+01  14 1.00000e+00  
 23.7 1.6985e+01  14 1.00000e+00  
 23.8 1.7008e+01  14 1.00000e+00  
 23.9 1.7035e+01  14 1.00000e+00  
 24.0 1.7057e+01  14 1.00000e+00  
 24.1 5.5661e+00  14 2.88426e-01  
 24.2 5.6537e+00  14 2.93486e-01  
 24.3 5.7419e+00  14 2.98474e-01  
 24.4 5.8304e+00  14 3.03583e-01  
 24.5 5.9193e+00  14 3.08727e-01  
 24.6 6.0087e+00  14 3.13903e-01  
 24.7 6.0988e+00  14 3.19011e-01  
 24.8 6.1889e+00  14 3.24240e-01  
 24.9 6.2795e+00  14 3.29498e-01  
 25.0 6.3703e+00  14 3.34796e-01  
 25.1 6.4619e+00  14 3.40020e-01  
 25.2 6.5534e+00  14 3.45370e-01  
 25.3 6.6451e+00  14 3.50752e-01  
 25.4 6.7371e+00  14 3.56166e-01  
 25.5 6.8300e+00  14 3.61516e-01  
 25.6 6.9224e+00  14 3.66987e-01  
 25.7 7.0150e+00  14 3.72488e-01  
 25.8 7.1076e+00  14 3.78014e-01  
 25.9 7.2016e+00  14 3.83461e-01  
 26.0 7.2948e+00  14 3.89025e-01  
 26.1 7.3881e+00  14 3.94617e-01  
 26.2 7.4815e+00  14 4.00234e-01  
 26.3 7.5762e+00  14 4.05774e-01  
 26.4 7.6700e+00  14 4.11428e-01  
 26.5 7.7638e+00  14 4.17106e-01  
 26.6 7.8577e+00  14 4.22808e-01  
 26.7 7.9531e+00  14 4.28433e-01  
 26.8 8.0472e+00  14 4.34171e-01  
 26.9 8.1413e+00  14 4.39934e-01  
 27.0 8.2354e+00  14 4.45717e-01  
 27.1 8.3306e+00  14 4.51377e-01  
 27.2 8.4248e+00  14 4.57191e-01  
 27.3 8.5190e+00  14 4.63028e-01  
 27.4 8.6131e+00  14 4.68886e-01  
 27.5 8.7091e+00  14 4.74678e-01  
 27.6 8.8035e+00  14 4.80560e-01  
 27.7 8.8983e+00  14 4.86513e-01  
 27.8 8.9923e+00  14 4.92445e-01  
 27.9 9.0860e+00  14 4.98397e-01  
 28.0 9.1825e+00  14 5.04262e-01  
 28.1 9.2763e+00  14 5.10244e-01  
 28.2 9.3699e+00  14 5.16243e-01  
 28.3 9.4635e+00  14 5.22258e-01  
 28.4 9.5598e+00  14 5.28194e-01  
 28.5 9.6532e+00  14 5.34239e-01  
 28.6 9.7464e+00  14 5.40302e-01  
 28.7 9.8393e+00  14 5.46384e-01  
 28.8 9.9328e+00  14 5.52457e-01  
 28.9 1.0028e+01  14 5.58487e-01  
 29.0 1.0121e+01  14 5.64610e-01  
 29.1 1.0213e+01  14 5.70748e-01  
 29.2 1.0305e+01  14 5.76902e-01  
 29.3 1.0401e+01  14 5.82976e-01  
 29.4 1.0493e+01  14 5.89155e-01  
 29.5 1.0584e+01  14 5.95345e-01  
 29.6 1.0676e+01  14 6.01553e-01  
 29.7 1.0767e+01  14 6.07775e-01  
 29.8 1.0862e+01  14 6.13915e-01  
 29.9 1.0953e+01  14 6.20159e-01  
 30.0 1.1043e+01  14 6.26417e-01  
 30.1 1.1133e+01  14 6.32692e-01  
 30.2 1.1222e+01  14 6.38975e-01  
 30.3 1.1317e+01  14 6.45175e-01  
 30.4 1.1407e+01  14 6.51479e-01  
 30.5 1.1496e+01  14 6.57795e-01  
 30.6 1.1584e+01  14 6.64125e-01  
 30.7 1.1672e+01  14 6.70469e-01  
 30.8 1.1766e+01  14 6.76731e-01  
 30.9 1.1854e+01  14 6.83094e-01  
 31.0 1.1941e+01  14 6.89463e-01  
 31.1 1.2029e+01  14 6.95843e-01  
 31.2 1.2115e+01  14 7.02236e-01  
 31.3 1.2202e+01  14 7.08639e-01  
 31.4 1.2295e+01  14 7.14964e-01  
 31.5 1.2380e+01  14 7.21386e-01  
 31.6 1.2466e+01  14 7.27814e-01  
 31.7 1.2551e+01  14 7.34256e-01  
 31.8 1.2635e+01  14 7.40709e-01  
 31.9 1.2723e+01  14 7.47137e-01  
 32.0 1.2812e+01  14 7.53552e-01  
 32.1 1.2896e+01  14 7.60024e-01  
 32.2 1.2979e+01  14 7.66506e-01  
 32.3 1.3062e+01  14 7.72996e-01  
 32.4 1.3145e+01  14 7.79492e-01  
 32.5 1.3227e+01  14 7.86000e-01  
 32.6 1.3309e+01  14 7.92517e-01  
 32.7 1.3400e+01  14 7.98968e-01  
 32.8 1.3481e+01  14 8.05499e-01  
 32.9 1.3561e+01  14 8.12039e-01  
 33.0 1.3641e+01  14 8.18588e-01  
 33.1 1.3720e+01  14 8.25145e-01  
 33.2 1.3799e+01  14 8.31703e-01  
 33.3 1.3879e+01  14 8.38263e-01  
 33.4 1.3962e+01  14 8.44806e-01  
 33.5 1.4048e+01  14 8.51344e-01  
 33.6 1.4126e+01  14 8.57928e-01  
 33.7 1.4204e+01  14 8.64518e-01  
 33.8 1.4281e+01  14 8.71113e-01  
 33.9 1.4358e+01  14 8.77715e-01  
 34.0 1.4434e+01  14 8.84322e-01  
 34.1 1.4510e+01  14 8.90936e-01  
 34.2 1.4584e+01  14 8.97558e-01  
 34.3 1.4662e+01  14 9.04171e-01  
 34.4 1.4746e+01  14 9.10771e-01  
 34.5 1.4819e+01  14 9.17408e-01  
 34.6 1.4891e+01  14 9.24051e-01  
 34.7 1.4962e+01  14 9.30699e-01  
 34.8 1.5033e+01  14 9.37350e-01  
 34.9 1.5118e+01  14 9.43978e-01  
 35.0 1.5186e+01  14 9.50640e-01  
 35.1 1.5255e+01  14 9.57304e-01  
 35.2 1.5330e+01  14 9.63963e-01  
 35.3 1.5404e+01  14 9.70628e-01  
 35.4 1.5477e+01  14 9.77298e-01  
 35.5 1.5549e+01  14 9.83972e-01  
 35.6 1.5620e+01  14 9.90652e-01  
 35.7 1.5691e+01  14 9.97335e-01  
 35.8 1.5701e+01  14 1.00000e+00  
 35.9 1.5670e+01  14 1.00000e+00  
 36.0 1.5640e+01  14 1.00000e+00  
 36.1 1.5608e+01  14 1.00000e+00  
 36.2 1.5576e+01  14 1.00000e+00  
 36.3 1.5544e+01  14 1.00000e+00  
 36.4 1.5510e+01  14 1.00000e+00  
 36.5 1.5373e+01  14 1.00000e+00  
 36.6 1.5341e+01  14 1.00000e+00  
 36.7 1.5310e+01  14 1.00000e+00  
 36.8 1.5292e+01  14 1.00000e+00  
 36.9 1.5256e+01  14 1.00000e+00  
 37.0 1.5105e+01  14 1.00000e+00  
 37.1 1.5069e+01  14 1.00000e+00  
 37.2 1.5037e+01  14 1.00000e+00  
 37.3 1.5007e+01  14 1.00000e+00  
 37.4 1.4981e+01  14 1.00000e+00  
 37.5 1.4959e+01  14 1.00000e+00  
 37.6 1.4807e+01  14 1.00000e+00  
 37.7 1.4771e+01  14 1.00000e+00  
 37.8 1.4743e+01  14 1.00000e+00  
 37.9 1.4714e+01  14 1.00000e+00  
 38.0 1.4673e+01  14 1.00000e+00  
 38.1 1.4223e+01  14 1.00000e+00  
 38.2 1.3988e+01  14 1.00000e+00  
 38.3 1.3900e+01  14 1.00000e+00  
 38.4 1.3836e+01  14 1.00000e+00  
 38.5 1.3812e+01  14 1.00000e+00  
 38.6 1.3727e+01  14 1.00000e+00  
 38.7 1.3629e+01  14 1.00000e+00  
 38.8 1.3611e+01  14 1.00000e+00  
 38.9 1.3573e+01  14 1.00000e+00  
 39.0 1.3467e+01  14 1.00000e+00  
 39.1 1.3375e+01  14 1.00000e+00  
 39.2 1.3367e+01  14 1.00000e+00  
 39.3 1.3343e+01  14 1.00000e+00  
 39.4 1.3237e+01  14 1.00000e+00  
 39.5 1.3169e+01  14 1.00000e+00  
 39.6 1.3158e+01  14 1.00000e+00  
 39.7 1.3106e+01  14 9.97457e-01  
 39.8 1.2819e+01  14 9.82872e-01  
 39.9 1.2657e+01  14 9.74624e-01  
 40.0 1.2649e+01  14 9.74226e-01  
 40.1 1.2633e+01  14 9.73364e-01  
 40.2 1.2399e+01  14 9.61379e-01  
 40.3 1.2169e+01  14 9.49515e-01  
 40.4 1.2132e+01  14 9.47557e-01  
 40.5 1.2162e+01  14 9.49157e-01  
 40.6 1.1915e+01  14 9.36290e-01  
 40.7 1.1874e+01  14 9.34188e-01  
 40.8 1.1750e+01  14 9.27668e-01  
 40.9 1.1747e+01  14 9.27510e-01  
 41.0 1.1547e+01  14 9.17021e-01  
 41.1 1.1475e+01  14 9.13253e-01  
 41.2 1.1355e+01  14 9.06888e-01  
 41.3 1.1354e+01  14 9.06874e-01  
 41.4 1.1348e+01  14 9.06529e-01  
 41.5 1.1021e+01  14 8.89190e-01  
 41.6 1.1016e+01  14 8.88920e-01  
 41.7 1.1030e+01  14 8.89645e-01  
 41.8 1.1026e+01  14 8.89441e-01  
 41.9 1.0792e+01  14 8.76935e-01  
 42.0 1.0745e+01  14 8.74451e-01  
 42.1 1.0669e+01  14 8.70340e-01  
 42.2 1.0717e+01  14 8.72920e-01  
 42.3 1.0684e+01  14 8.71170e-01  
 42.4 1.0719e+01  14 8.73019e-01  
 42.5 1.0743e+01  14 8.74343e-01  
 42.6 1.0750e+01  14 8.74702e-01  
 42.7 1.0915e+01  14 8.83515e-01  
 42.8 1.0963e+01  14 8.86108e-01  
 42.9 1.1133e+01  14 8.95148e-01  
 43.0 1.1174e+01  14 8.97301e-01  
 43.1 1.1208e+01  14 8.99105e-01  
 43.2 1.1233e+01  14 9.00475e-01  
 43.3 1.1261e+01  14 9.01928e-01  
 43.4 1.1425e+01  14 9.10625e-01  
 43.5 1.1519e+01  14 9.15543e-01  
 43.6 1.1673e+01  14 9.23670e-01  
 43.7 1.1743e+01  14 9.27343e-01  
 43.8 1.1806e+01  14 9.30592e-01  
 43.9 1.1870e+01  14 9.33940e-01  
 44.0 1.1930e+01  14 9.37104e-01  
 44.1 1.1989e+01  14 9.40132e-01  
 44.2 1.2046e+01  14 9.43109e-01  
 44.3 1.2096e+01  14 9.45711e-01  
 44.4 1.2162e+01  14 9.49137e-01  
 44.5 1.2318e+01  14 9.57185e-01  
 44.6 1.2441e+01  14 9.63520e-01  
 44.7 1.2537e+01  14 9.68486e-01  
 44.8 1.2627e+01  14 9.73086e-01  
 44.9 1.2775e+01  14 9.80654e-01  
 45.0 1.2858e+01  14 9.84854e-01  
 45.1 1.2916e+01  14 9.87844e-01  
 45.2 1.2985e+01  14 9.91311e-01  
 45.3 1.3055e+01  14 9.94860e-01  
 45.4 1.3118e+01  14 9.98092e-01  
 45.5 1.3165e+01  14 1.00000e+00  
 45.6 1.3185e+01  14 1.00000e+00  
 45.7 1.3216e+01  14 1.00000e+00  
 45.8 1.3281e+01  14 1.00000e+00  
 45.9 1.3328e+01  14 1.00000e+00  
 46.0 1.3368e+01  14 1.00000e+00  
 46.1 1.3404e+01  14 1.00000e+00  
 46.2 1.3467e+01  14 1.00000e+00  
 46.3 1.3499e+01  14 1.00000e+00  
 46.4 1.3525e+01  14 1.00000e+00  
 46.5 1.3552e+01  14 1.00000e+00  
 46.6 1.3578e+01  14 1.00000e+00  
 46.7 1.3603e+01  14 1.00000e+00  
 46.8 1.3627e+01  14 1.00000e+00  
 46.9 1.3650e+01  14 1.00000e+00  
 47.0 1.3669e+01  14 1.00000e+00  
 47.1 1.3732e+01  14 1.00000e+00  
 47.2 1.3781e+01  14 1.00000e+00  
 47.3 1.3823e+01  14 1.00000e+00  
 47.4 1.3861e+01  14 1.00000e+00  
 47.5 1.3897e+01  14 1.00000e+00  
 47.6 1.3957e+01  14 1.00000e+00  
 47.7 1.3991e+01  14 1.00000e+00  
 47.8 1.4012e+01  14 1.00000e+00  
 47.9 1.4040e+01  14 1.00000e+00  
 48.0 1.4065e+01  14 1.00000e+00  
 48.1 1.4089e+01  14 1.00000e+00  
 48.2 1.4113e+01  14 1.00000e+00  
 48.3 1.4136e+01  14 1.00000e+00  
 48.4 1.4163e+01  14 1.00000e+00  
 48.5 1.4206e+01  14 1.00000e+00  
 48.6 1.4269e+01  14 1.00000e+00  
 48.7 1.4312e+01  14 1.00000e+00  
 48.8 1.4354e+01  14 1.00000e+00  
 48.9 1.4392e+01  14 1.00000e+00  
 49.0 1.4425e+01  14 1.00000e+00  
 49.1 1.4487e+01  14 1.00000e+00  
 49.2 1.4515e+01  14 1.00000e+00  
 49.3 1.4542e+01  14 1.00000e+00  
 49.4 1.4567e+01  14 1.00000e+00  
 49.5 1.4593e+01  14 1.00000e+00  
 49.6 1.4613e+01  14 1.00000e+00  
 49.7 1.4636e+01  14 1.00000e+00  
 49.8 1.4659e+01  14 1.00000e+00  
 49.9 1.4705e+01  14 1.00000e+00  
 50.0 1.4763e+01  14 1.00000e+00  
 50.1 1.4809e+01  14 1.00000e+00  
 50.2 1.4852e+01  14 1.00000e+00  
 50.3 1.4889e+01  14 1.00000e+00  
 50.4 1.4925e+01  14 1.00000e+00  
 50.5 1.4958e+01  14 1.00000e+00  
 50.6 1.5020e+01  14 1.00000e+00  
 50.7 1.5048e+01  14 1.00000e+00  
 50.8 1.5073e+01  14 1.00000e+00  
 50.9 1.5100e+01  14 1.00000e+00  
 51.0 1.5128e+01  14 1.00000e+00  
 51.1 1.5151e+01  14 1.00000e+00  
 51.2 1.5176e+01  14 1.00000e+00  
 51.3 1.5197e+01  14 1.00000e+00  
 51.4 1.5245e+01  14 1.00000e+00  
 51.5 1.5287e+01  14 1.00000e+00  
 51.6 1.5345e+01  14 1.00000e+00  
 51.7 1.5390e+01  14 1.00000e+00  
 51.8 1.5429e+01  14 1.00000e+00  
 51.9 1.5469e+01  14 1.00000e+00  
 52.0 1.5502e+01  14 1.00000e+00  
 52.1 1.5563e+01  14 1.00000e+00  
 52.2 1.5600e+01  14 1.00000e+00  
 52.3 1.5616e+01  14 1.00000e+00  
 52.4 1.5645e+01  14 1.00000e+00  
 52.5 1.5672e+01  14 1.00000e+00  
 52.6 1.5693e+01  14 1.00000e+00  
 52.7 1.5720e+01  14 1.00000e+00  
 52.8 1.5744e+01  14 1.00000e+00  
 52.9 1.5785e+01  14 1.00000e+00  
 53.0 1.5828e+01  14 1.00000e+00  
 53.1 1.5870e+01  14 1.00000e+00  
 53.2 1.5929e+01  14 1.00000e+00  
 53.3 1.5974e+01  14 1.00000e+00  
 53.4 1.6015e+01  14 1.00000e+00  
 53.5 1.6052e+01  14 1.00000e+00  
 53.6 1.6083e+01  14 1.00000e+00  
 53.7 1.6151e+01  14 1.00000e+00  
 53.8 1.6180e+01  14 1.00000e+00  
 53.9 1.6201e+01  14 1.00000e+00  
 54.0 1.6233e+01  14 1.00000e+00  
 54.1 1.6255e+01  14 1.00000e+00  
 54.2 1.6282e+01  14 1.00000e+00  
 54.3 1.6312e+01  14 1.00000e+00  
 54.4 1.6336e+01  14 1.00000e+00  
 54.5 1.6366e+01  14 1.00000e+00  
 54.6 1.6413e+01  14 1.00000e+00  
 54.7 1.6459e+01  14 1.00000e+00  
 54.8 1.6514e+01  14 1.00000e+00  
 54.9 1.6559e+01  14 1.00000e+00  
 55.0 1.6601e+01  14 1.00000e+00  
 55.1 1.6638e+01  14 1.00000e+00  
 55.2 1.6676e+01  14 1.00000e+00  
 55.3 1.6709e+01  14 1.00000e+00  
 55.4 1.6768e+01  14 1.00000e+00  
 55.5 1.6802e+01  14 1.00000e+00  
 55.6 1.6825e+01  14 1.00000e+00  
 55.7 1.6855e+01  14 1.00000e+00  
 55.8 1.6881e+01  14 1.00000e+00  
 55.9 1.6903e+01  14 1.00000e+00  
 56.0 1.6930e+01  14 1.00000e+00  
 56.1 1.6953e+01  14 1.00000e+00  
 56.2 1.6997e+01  14 1.00000e+00  
 56.3 1.7044e+01  14 1.00000e+00  
 56.4 1.7085e+01  14 1.00000e+00  
 56.5 1.7139e+01  14 1.00000e+00  
 56.6 1.7181e+01  14 1.00000e+00  
 56.7 1.7226e+01  14 1.00000e+00  
 56.8 1.7263e+01  14 1.00000e+00  
 56.9 1.7298e+01  14 1.00000e+00  
 57.0 1.7332e+01  14 1.00000e+00  
 57.1 1.7396e+01  14 1.00000e+00  
 57.2 1.7432e+01  14 1.00000e+00  
 57.3 1.7456e+01  14 1.00000e+00  
 57.4 1.7483e+01  14 1.00000e+00  
 57.5 1.7509e+01  14 1.00000e+00  
 57.6 1.7536e+01  14 1.00000e+00  
 57.7 1.7561e+01  14 1.00000e+00  
 57.8 1.7582e+01  14 1.00000e+00  
 57.9 1.7607e+01  14 1.00000e+00  
 58.0 1.7665e+01  14 1.00000e+00  
 58.1 1.7700e+01  14 1.00000e+00  
 58.2 1.7748e+01  14 1.00000e+00  
 58.3 1.7801e+01  14 1.00000e+00  
 58.4 1.7844e+01  14 1.00000e+00  
 58.5 1.7886e+01  14 1.00000e+00  
 58.6 1.7926e+01  14 1.00000e+00  
 58.7 1.7959e+01  14 1.00000e+00  
 58.8 1.7993e+01  14 1.00000e+00  
 58.9 1.8062e+01  14 1.00000e+00  
 59.0 1.8094e+01  14 1.00000e+00  
 59.1 1.8116e+01  14 1.00000e+00  
 59.2 1.8143e+01  14 1.00000e+00  
 59.3 1.8171e+01  14 1.00000e+00  
 59.4 1.8199e+01  14 1.00000e+00  
 59.5 1.8225e+01  14 1.00000e+00  
 59.6 1.8247e+01  14 1.00000e+00  
 59.7 1.8272e+01  14 1.00000e+00  
 59.8 1.8326e+01  14 1.00000e+00  
 59.9 1.8375e+01  14 1.00000e+00  
 60.0 1.8418e+01  14 1.00000e+00  
 60.1 1.8455e+01  14 1.00000e+00  
 60.2 1.8509e+01  14 1.00000e+00  
 60.3 1.8557e+01  14 1.00000e+00  
 60.4 1.8596e+01  14 1.00000e+00  
 60.5 1.8635e+01  14 1.00000e+00  
 60.6 1.8666e+01  14 1.00000e+00  
 60.7 1.8701e+01  14 1.00000e+00  
 60.8 1.8767e+01  14 1.00000e+00  
 60.9 1.8803e+01  14 1.00000e+00  
 61.0 1.8823e+01  14 1.00000e+00  
 61.1 1.8849e+01  14 1.00000e+00  
 61.2 1.8878e+01  14 1.00000e+00  
 61.3 1.8902e+01  14 1.00000e+00  
 61.4 1.8929e+01  14 1.00000e+00  
 61.5 1.8952e+01  14 1.00000e+00  
 61.6 1.8985e+01  14 1.00000e+00  
 61.7 1.9031e+01  14 1.00000e+00  
 61.8 1.9084e+01  14 1.00000e+00  
 61.9 1.9129e+01  14 1.00000e+00  
 62.0 1.9164e+01  14 1.00000e+00  
 62.1 1.9221e+01  14 1.00000e+00  
 62.2 1.9270e+01  14 1.00000e+00  
 62.3 1.9310e+01  14 1.00000e+00  
 62.4 1.9350e+01  14 1.00000e+00  
 62.5 1.9384e+01  14 1.00000e+00  
 62.6 1.9430e+01  14 1.00000e+00  
 62.7 1.9502e+01  14 1.00000e+00  
 62.8 1.9529e+01  14 1.00000e+00  
 62.9 1.9564e+01  14 1.00000e+00  
 63.0 1.9589e+01  14 1.00000e+00  
 63.1 1.9619e+01  14 1.00000e+00  
 63.2 1.9644e+01  14 1.00000e+00  
 63.3 1.9671e+01  14 1.00000e+00  
 63.4 1.9700e+01  14 1.00000e+00  
 63.5 1.9725e+01  14 1.00000e+00  
 63.6 1.9764e+01  14 1.00000e+00  
 63.7 1.9821e+01  14 1.00000e+00  
 63.8 1.9863e+01  14 1.00000e+00  
 63.9 1.9908e+01  14 1.00000e+00  
 64.0 1.9953e+01  14 1.00000e+00  
 64.1 2.0008e+01  14 1.00000e+00  
 64.2 2.0053e+01  14 1.00000e+00  
 64.3 2.0092e+01  14 1.00000e+00  
 64.4 2.0130e+01  14 1.00000e+00  
 64.5 2.0157e+01  14 1.00000e+00  
 64.6 2.0195e+01  14 1.00000e+00  
 64.7 2.0225e+01  14 1.00000e+00  
 64.8 2.0284e+01  14 1.00000e+00  
 64.9 2.0330e+01  14 1.00000e+00  
 65.0 2.0351e+01  14 1.00000e+00  
 65.1 2.0374e+01  14 1.00000e+00  
 65.2 2.0412e+01  14 1.00000e+00  
 65.3 2.0438e+01  14 1.00000e+00  
 65.4 2.0467e+01  14 1.00000e+00  
 65.5 2.0491e+01  14 1.00000e+00  
 65.6 2.0517e+01  14 1.00000e+00  
 65.7 2.0574e+01  14 1.00000e+00  
 65.8 2.0622e+01  14 1.00000e+00  
 65.9 2.0673e+01  14 1.00000e+00  
 66.0 2.0717e+01  14 1.00000e+00  
 66.1 2.0753e+01  14 1.00000e+00  
 66.2 2.0813e+01  14 1.00000e+00  
 66.3 2.0857e+01  14 1.00000e+00  
 66.4 2.0892e+01  14 1.00000e+00  
 66.5 2.0935e+01  14 1.00000e+00  
 66.6 2.0969e+01  14 1.00000e+00  
 66.7 2.1012e+01  14 1.00000e+00  
 66.8 2.1048e+01  14 1.00000e+00  
 66.9 2.1079e+01  14 1.00000e+00  
 67.0 2.1144e+01  14 1.00000e+00  
 67.1 2.1172e+01  14 1.00000e+00  
 67.2 2.1198e+01  14 1.00000e+00  
 67.3 2.1225e+01  14 1.00000e+00  
 67.4 2.1245e+01  14 1.00000e+00  
 67.5 2.1279e+01  14 1.00000e+00  
 67.6 2.1316e+01  14 1.00000e+00  
 67.7 2.1326e+01  14 1.00000e+00  
 67.8 2.1374e+01  14 1.00000e+00  
 67.9 2.1436e+01  14 1.00000e+00  
 68.0 2.1481e+01  14 1.00000e+00  
 68.1 2.1532e+01  14 1.00000e+00  
 68.2 2.1574e+01  14 1.00000e+00  
 68.3 2.1620e+01  14 1.00000e+00  
 68.4 2.1662e+01  14 1.00000e+00  
 68.5 2.1719e+01  14 1.00000e+00  
 68.6 2.1752e+01  14 1.00000e+00  
 68.7 2.1795e+01  14 1.00000e+00  
 68.8 2.1827e+01  14 1.00000e+00  
 68.9 2.1873e+01  14 1.00000e+00  
 69.0 2.1911e+01  14 1.00000e+00  
 69.1 2.1944e+01  14 1.00000e+00  
 69.2 2.2016e+01  14 1.00000e+00  
 69.3 2.2043e+01  14 1.00000e+00  
 69.4 2.2070e+01  14 1.00000e+00  
 69.5 2.2102e+01  14 1.00000e+00  
 69.6 2.2130e+01  14 1.00000e+00  
 69.7 2.2160e+01  14 1.00000e+00  
 69.8 2.2178e+01  14 1.00000e+00  
 69.9 2.2197e+01  14 1.00000e+00  
 70.0 2.2224e+01  14 1.00000e+00  
 70.1 2.2288e+01  14 1.00000e+00  
 70.2 2.2331e+01  14 1.00000e+00  
 70.3 2.2395e+01  14 1.00000e+00  
 70.4 2.2444e+01  14 1.00000e+00  
 70.5 2.2489e+01  14 1.00000e+00  
 70.6 2.2523e+01  14 1.00000e+00  
 70.7 2.2584e+01  14 1.00000e+00  
 70.8 2.2628e+01  14 1.00000e+00  
 70.9 2.2651e+01  14 1.00000e+00  
 71.0 2.2706e+01  14 1.00000e+00  
 71.1 2.2738e+01  14 1.00000e+00  
 71.2 2.2791e+01  14 1.00000e+00  
 71.3 2.2824e+01  14 1.00000e+00  
 71.4 2.2858e+01  14 1.00000e+00  
 71.5 2.2920e+01  14 1.00000e+00  
 71.6 2.2942e+01  14 1.00000e+00  
 71.7 2.2990e+01  14 1.00000e+00  
 71.8 2.3011e+01  14 1.00000e+00  
 71.9 2.3045e+01  14 1.00000e+00  
 72.0 2.3078e+01  14 1.00000e+00  
 72.1 2.3086e+01  14 1.00000e+00  
 72.2 2.3135e+01  14 1.00000e+00  
 72.3 2.3163e+01  14 1.00000e+00  
 72.4 2.3190e+01  14 1.00000e+00  
 72.5 2.3240e+01  14 1.00000e+00  
 72.6 2.3305e+01  14 1.00000e+00  
 72.7 2.3345e+01  14 1.00000e+00  
 72.8 2.3399e+01  14 1.00000e+00  
 72.9 2.3439e+01  14 1.00000e+00  
 73.0 2.3493e+01  14 1.00000e+00  
 73.1 2.3534e+01  14 1.00000e+00  
 73.2 2.3586e+01  14 1.00000e+00  
 73.3 2.3635e+01  14 1.00000e+00  
 73.4 2.3655e+01  14 1.00000e+00  
 73.5 2.3716e+01  14 1.00000e+00  
 73.6 2.3755e+01  14 1.00000e+00  
 73.7 2.3775e+01  14 1.00000e+00  
 73.8 2.3825e+01  14 1.00000e+00  
 73.9 2.3862e+01  14 1.00000e+00  
 74.0 2.3948e+01  14 1.00000e+00  
 74.1 2.3960e+01  14 1.00000e+00  
 74.2 2.3993e+01  14 1.00000e+00  
 74.3 2.4028e+01  14 1.00000e+00  
 74.4 2.4048e+01  14 1.00000e+00  
 74.5 2.4086e+01  14 1.00000e+00  
 74.6 2.4094e+01  14 1.00000e+00  
 74.7 2.4145e+01  14 1.00000e+00  
 74.8 2.4173e+01  14 1.00000e+00  
 74.9 2.4178e+01  14 1.00000e+00  
 75.0 2.4260e+01  14 1.00000e+00  
 75.1 2.4316e+01  14 1.00000e+00  
 75.2 2.4364e+01  14 1.00000e+00  
 75.3 2.4416e+01  14 1.00000e+00  
 75.4 2.4456e+01  14 1.00000e+00  
 75.5 2.4508e+01  14 1.00000e+00  
 75.6 2.4550e+01  14 1.00000e+00  
 75.7 2.4600e+01  14 1.00000e+00  
 75.8 2.4651e+01  14 1.00000e+00  
 75.9 2.4694e+01  14 1.00000e+00  
 76.0 2.4735e+01  14 1.00000e+00  
 76.1 2.4775e+01  14 1.00000e+00  
 76.2 2.4799e+01  14 1.00000e+00  
 76.3 2.4850e+01  14 1.00000e+00  
 76.4 2.4886e+01  14 1.00000e+00  
 76.5 2.4920e+01  14 1.00000e+00  
 76.6 2.5005e+01  14 1.00000e+00  
 76.7 2.5023e+01  14 1.00000e+00  
 76.8 2.5058e+01  14 1.00000e+00  
 76.9 2.5079e+01  14 1.00000e+00  
 77.0 2.5119e+01  14 1.00000e+00  
 77.1 2.5144e+01  14 1.00000e+00  
 77.2 2.5165e+01  14 1.00000e+00  
 77.3 2.5208e+01  14 1.00000e+00  
 77.4 2.5236e+01  14 1.00000e+00  
 77.5 2.5250e+01  14 1.00000e+00  
 77.6 2.5319e+01  14 1.00000e+00  
 77.7 2.5369e+01  14 1.00000e+00  
 77.8 2.5432e+01  14 1.00000e+00  
 77.9 2.5484e+01  14 1.00000e+00  
 78.0 2.5533e+01  14 1.00000e+00  
 78.1 2.5576e+01  14 1.00000e+00  
 78.2 2.5624e+01  14 1.00000e+00  
 78.3 2.5652e+01  14 1.00000e+00  
 78.4 2.5723e+01  14 1.00000e+00  
 78.5 2.5761e+01  14 1.00000e+00  
 78.6 2.5813e+01  14 1.00000e+00  
 78.7 2.5855e+01  14 1.00000e+00  
 78.8 2.5890e+01  14 1.00000e+00  
 78.9 2.5930e+01  14 1.00000e+00  
 79.0 2.5957e+01  14 1.00000e+00  
 79.1 2.6004e+01  14 1.00000e+00  
 79.2 2.6040e+01  14 1.00000e+00  
 79.3 2.6120e+01  14 1.00000e+00  
 79.4 2.6135e+01  14 1.00000e+00  
 79.5 2.6180e+01  14 1.00000e+00  
 79.6 2.6202e+01  14 1.00000e+00  
 79.7 2.6243e+01  14 1.00000e+00  
 79.8 2.6274e+01  14 1.00000e+00  
 79.9 2.6299e+01  14 1.00000e+00  
 80.0 2.6325e+01  14 1.00000e+00  
 80.1 2.6353e+01  14 1.00000e+00  
 80.2 2.6391e+01  14 1.00000e+00  
 80.3 2.6420e+01  14 1.00000e+00  
 80.4 2.6489e+01  14 1.00000e+00  
 80.5 2.6550e+01  14 1.00000e+00  
 80.6 2.6582e+01  14 1.00000e+00  
 80.7 2.6635e+01  14 1.00000e+00  
 80.8 2.6706e+01  14 1.00000e+00  
 80.9 2.6752e+01  14 1.00000e+00  
 81.0 2.6799e+01  14 1.00000e+00  
 81.1 2.6828e+01  14 1.00000e+00  
 81.2 2.6898e+01  14 1.00000e+00  
 81.3 2.6921e+01  14 1.00000e+00  
 81.4 2.6983e+01  14 1.00000e+00  
 81.5 2.7048e+01  14 1.00000e+00  
 81.6 2.7080e+01  14 1.00000e+00  
 81.7 2.7135e+01  14 1.00000e+00  
 81.8 2.7153e+01  14 1.00000e+00  
 81.9 2.7208e+01  14 1.00000e+00  
 82.0 2.7248e+01  14 1.00000e+00  
 82.1 2.7283e+01  14 1.00000e+00  
 82.2 2.7356e+01  14 1.00000e+00  
 82.3 2.7394e+01  14 1.00000e+00  
 82.4 2.7422e+01  14 1.00000e+00  
 82.5 2.7447e+01  14 1.00000e+00  
 82.6 2.7467e+01  14 1.00000e+00  
 82.7 2.7520e+01  14 1.00000e+00  
 82.8 2.7552e+01  14 1.00000e+00  
 82.9 2.7576e+01  14 1.00000e+00  
 83.0 2.7607e+01  14 1.00000e+00  
 83.1 2.7620e+01  14 1.00000e+00  
 83.2 2.7695e+01  14 1.00000e+00  
 83.3 2.7732e+01  14 1.00000e+00  
 83.4 2.7806e+01  14 1.00000e+00  
 83.5 2.7863e+01  14 1.00000e+00  
 83.6 2.7910e+01  14 1.00000e+00  
 83.7 2.7962e+01  14 1.00000e+00  
 83.8 2.8017e+01  14 1.00000e+00  
 83.9 2.8063e+01  14 1.00000e+00  
 84.0 2.8107e+01  14 1.00000e+00  
 84.1 2.8151e+01  14 1.00000e+00  
 84.2 2.8212e+01  14 1.00000e+00  
 84.3 2.8251e+01  14 1.00000e+00  
 84.4 2.8286e+01  14 1.00000e+00  
 84.5 2.8343e+01  14 1.00000e+00  
 84.6 2.8384e+01  14 1.00000e+00  
 84.7 2.8410e+01  14 1.00000e+00  
 84.8 2.8463e+01  14 1.00000e+00  
 84.9 2.8481e+01  14 1.00000e+00  
 85.0 2.8537e+01  14 1.00000e+00  
 85.1 2.8574e+01  14 1.00000e+00  
 85.2 2.8645e+01  14 1.00000e+00  
 85.3 2.8688e+01  14 1.00000e+00  
 85.4 2.8715e+01  14 1.00000e+00  
 85.5 2.8744e+01  14 1.00000e+00  
 85.6 2.8771e+01  14 1.00000e+00  
 85.7 2.8796e+01  14 1.00000e+00  
 85.8 2.8831e+01  14 1.00000e+00  
 85.9 2.8867e+01  14 1.00000e+00  
 86.0 2.8907e+01  14 1.00000e+00  
 86.1 2.8945e+01  14 1.00000e+00  
 86.2 2.8954e+01  14 1.00000e+00  
 86.3 2.9037e+01  14 1.00000e+00  
 86.4 2.9088e+01  14 1.00000e+00  
 86.5 2.9143e+01  14 1.00000e+00  
 86.6 2.9199e+01  14 1.00000e+00  
 86.7 2.9248e+01  14 1.00000e+00  
 86.8 2.9319e+01  14 1.00000e+00  
 86.9 2.9359e+01  14 1.00000e+00  
 87.0 2.9416e+01  14 1.00000e+00  
 87.1 2.9462e+01  14 1.00000e+00  
 87.2 2.9503e+01  14 1.00000e+00  
 87.3 2.9560e+01  14 1.00000e+00  
 87.4 2.9611e+01  14 1.00000e+00  
 87.5 2.9656e+01  14 1.00000e+00  
 87.6 2.9699e+01  14 1.00000e+00  
 87.7 2.9736e+01  14 1.00000e+00  
 87.8 2.9759e+01  14 1.00000e+00  
 87.9 2.9822e+01  14 1.00000e+00  
 88.0 2.9844e+01  14 1.00000e+00  
 88.1 2.9899e+01  14 1.00000e+00  
 88.2 2.9921e+01  14 1.00000e+00  
 88.3 2.9958e+01  14 1.00000e+00  
 88.4 3.0047e+01  14 1.00000e+00  
 88.5 3.0090e+01  14 1.00000e+00  
 88.6 3.0123e+01  14 1.00000e+00  
 88.7 3.0157e+01  14 1.00000e+00  
 88.8 3.0191e+01  14 1.00000e+00  
 88.9 3.0218e+01  14 1.00000e+00  
 89.0 3.0248e+01  14 1.00000e+00  
 89.1 3.0275e+01  14 1.00000e+00  
 89.2 3.0321e+01  14 1.00000e+00  
 89.3 3.0356e+01  14 1.00000e+00  
 89.4 3.0374e+01  14 1.00000e+00  
 89.5 3.0435e+01  14 1.00000e+00  
 89.6 3.0498e+01  14 1.00000e+00  
 89.7 3.0561e+01  14 1.00000e+00  
 89.8 3.0618e+01  14 1.00000e+00  
 89.9 3.0669e+01  14 1.00000e+00  
 90.0 3.0706e+01  14 1.00000e+00  
 90.1 3.0783e+01  14 1.00000e+00  
 90.2 3.0816e+01  14 1.00000e+00  
 90.3 3.0879e+01  14 1.00000e+00  
 90.4 3.0928e+01  14 1.00000e+00  
 90.5 3.0973e+01  14 1.00000e+00  
 90.6 3.1018e+01  14 1.00000e+00  
 90.7 3.1067e+01  14 1.00000e+00  
 90.8 3.1122e+01  14 1.00000e+00  
 90.9 3.1167e+01  14 1.00000e+00  
 91.0 3.1200e+01  14 1.00000e+00  
 91.1 3.1258e+01  14 1.00000e+00  
 91.2 3.1300e+01  14 1.00000e+00  
 91.3 3.1324e+01  14 1.00000e+00  
 91.4 3.1381e+01  14 1.00000e+00  
 91.5 3.1408e+01  14 1.00000e+00  
 91.6 3.1459e+01  14 1.00000e+00  
 91.7 3.1491e+01  14 1.00000e+00  
 91.8 3.1573e+01  14 1.00000e+00  
 91.9 3.1599e+01  14 1.00000e+00  
 92.0 3.1640e+01  14 1.00000e+00  
 92.1 3.1679e+01  14 1.00000e+00  
 92.2 3.1715e+01  14 1.00000e+00  
 92.3 3.1750e+01  14 1.00000e+00  
 92.4 3.1783e+01  14 1.00000e+00  
 92.5 3.1799e+01  14 1.00000e+00  
 92.6 3.1849e+01  14 1.00000e+00  
 92.7 3.1884e+01  14 1.00000e+00  
 92.8 3.1910e+01  14 1.00000e+00  
 92.9 3.1937e+01  14 1.00000e+00  
 93.0 3.2021e+01  14 1.00000e+00  
 93.1 3.2085e+01  14 1.00000e+00  
 93.2 3.2146e+01  14 1.00000e+00  
 93.3 3.2205e+01  14 1.00000e+00  
 93.4 3.2259e+01  14 1.00000e+00  
 93.5 3.2292e+01  14 1.00000e+00  
 93.6 3.2367e+01  14 1.00000e+00  
 93.7 3.2402e+01  14 1.00000e+00  
 93.8 3.2455e+01  14 1.00000e+00  
 93.9 3.2507e+01  14 1.00000e+00  
 94.0 3.2557e+01  14 1.00000e+00  
 94.1 3.2601e+01  14 1.00000e+00  
 94.2 3.2672e+01  14 1.00000e+00  
 94.3 3.2718e+01  14 1.00000e+00  
 94.4 3.2764e+01  14 1.00000e+00  
 94.5 3.2810e+01  14 1.00000e+00  
 94.6 3.2854e+01  14 1.00000e+00  
 94.7 3.2886e+01  14 1.00000e+00  
 94.8 3.2921e+01  14 1.00000e+00  
 94.9 3.2979e+01  14 1.00000e+00  
 95.0 3.3004e+01  14 1.00000e+00  
 95.1 3.3061e+01  14 1.00000e+00  
 95.2 3.3084e+01  14 1.00000e+00  
 95.3 3.3137e+01  14 1.00000e+00  
 95.4 3.3207e+01  14 1.00000e+00  
 95.5 3.3239e+01  14 1.00000e+00  
 95.6 3.3275e+01  14 1.00000e+00  
 95.7 3.3331e+01  14 1.00000e+00  
 95.8 3.3371e+01  14 1.00000e+00  
 95.9 3.3405e+01  14 1.00000e+00  
 96.0 3.3418e+01  14 1.00000e+00  
 96.1 3.3472e+01  14 1.00000e+00  
 96.2 3.3511e+01  14 1.00000e+00  
 96.3 3.3528e+01  14 1.00000e+00  
 96.4 3.3581e+01  14 1.00000e+00  
 96.5 3.3582e+01  14 1.00000e+00  
 96.6 3.3660e+01  14 1.00000e+00  
 96.7 3.3714e+01  14 1.00000e+00  
 96.8 3.3770e+01  14 1.00000e+00  
 96.9 3.3853e+01  14 1.00000e+00  
 97.0 3.3913e+01  14 1.00000e+00  
 97.1 3.3958e+01  14 1.00000e+00  
 97.2 3.4022e+01  14 1.00000e+00  
 97.3 3.4070e+01  14 1.00000e+00  
 97.4 3.4129e+01  14 1.00000e+00  
 97.5 3.4172e+01  14 1.00000e+00  
 97.6 3.4204e+01  14 1.00000e+00  
 97.7 3.4253e+01  14 1.00000e+00  
 97.8 3.4299e+01  14 1.00000e+00  
 97.9 3.4380e+01  14 1.00000e+00  
 98.0 3.4436e+01  14 1.00000e+00  
 98.1 3.4485e+01  14 1.00000e+00  
 98.2 3.4530e+01  14 1.00000e+00  
 98.3 3.4568e+01  14 1.00000e+00  
 98.4 3.4595e+01  14 1.00000e+00  
 98.5 3.4662e+01  14 1.00000e+00  
 98.6 3.4706e+01  14 1.00000e+00  
 98.7 3.4721e+01  14 1.00000e+00  
 98.8 3.4790e+01  14 1.00000e+00  
 98.9 3.4826e+01  14 1.00000e+00  
 99.0 3.4871e+01  14 1.00000e+00  
 99.1 3.4904e+01  14 1.00000e+00  
 99.2 3.5010e+01  14 1.00000e+00  
 99.3 3.5042e+01  14 1.00000e+00  
 99.4 3.5076e+01  14 1.00000e+00  
 99.5 3.5108e+01  14 1.00000e+00  
 99.6 3.5153e+01  14 1.00000e+00  
 99.7 3.5189e+01  14 1.00000e+00  
 99.8 3.5210e+01  14 1.00000e+00  
 99.9 3.5263e+01  14 1.00000e+00  
100.0 3.5297e+01  14 1.00000e+00  
100.1 3.5333e+01  14 1.00000e+00  
100.2 3.5368e+01  14 1.00000e+00  
100.3 3.5405e+01  14 1.00000e+00  
100.4 3.5416e+01  14 1.00000e+00  
100.5 3.5459e+01  14 1.00000e+00  
100.6 3.5556e+01  14 1.00000e+00  
100.7 3.5621e+01  14 1.00000e+00  
100.8 3.5671e+01  14 1.00000e+00  
100.9 3.5744e+01  14 1.00000e+00  
101.0 3.5805e+01  14 1.00000e+00  
101.1 3.5844e+01  14 1.00000e+00  
101.2 3.5918e+01  14 1.00000e+00  
101.3 3.6022e+01  14 1.00000e+00  
101.4 3.6074e+01  14 1.00000e+00  
101.5 3.6124e+01  14 1.00000e+00  
101.6 3.6172e+01  14 1.00000e+00  
101.7 3.6221e+01  14 1.00000e+00  
101.8 3.6269e+01  14 1.00000e+00  
101.9 3.6321e+01  14 1.00000e+00  
102.0 3.6365e+01  14 1.00000e+00  
102.1 3.6427e+01  14 1.00000e+00  
102.2 3.6481e+01  14 1.00000e+00  
102.3 3.6527e+01  14 1.00000e+00  
102.4 3.6569e+01  14 1.00000e+00  
102.5 3.6595e+01  14 1.00000e+00  
102.6 3.6658e+01  14 1.00000e+00  
102.7 3.6702e+01  14 1.00000e+00  
102.8 3.6726e+01  14 1.00000e+00  
102.9 3.6788e+01  14 1.00000e+00  
103.0 3.6821e+01  14 1.00000e+00  
103.1 3.6869e+01  14 1.00000e+00  
103.2 3.6969e+01  14 1.00000e+00  
103.3 3.6983e+01  14 1.00000e+00  
103.4 3.7040e+01  14 1.00000e+00  
103.5 3.7081e+01  14 1.00000e+00  
103.6 3.7104e+01  14 1.00000e+00  
103.7 3.7158e+01  14 1.00000e+00  
103.8 3.7190e+01  14 1.00000e+00  
103.9 3.7233e+01  14 1.00000e+00  
104.0 3.7271e+01  14 1.00000e+00  
104.1 3.7308e+01  14 1.00000e+00  
104.2 3.7340e+01  14 1.00000e+00  
104.3 3.7385e+01  14 1.00000e+00  
104.4 3.7405e+01  14 1.00000e+00  
104.5 3.7455e+01  14 1.00000e+00  
104.6 3.7514e+01  14 1.00000e+00  
104.7 3.7589e+01  14 1.00000e+00  
104.8 3.7657e+01  14 1.00000e+00  
104.9 3.7707e+01  14 1.00000e+00  
105.0 3.7782e+01  14 1.00000e+00  
105.1 3.7838e+01  14 1.00000e+00  
105.2 3.7899e+01  14 1.00000e+00  
105.3 3.7951e+01  14 1.00000e+00  
105.4 3.8015e+01  14 1.00000e+00  
105.5 3.8048e+01  14 1.00000e+00  
105.6 3.8108e+01  14 1.00000e+00  
105.7 3.8166e+01  14 1.00000e+00  
105.8 3.8223e+01  14 1.00000e+00  
105.9 3.8274e+01  14 1.00000e+00  
106.0 3.8324e+01  14 1.00000e+00  
106.1 3.8369e+01  14 1.00000e+00  
106.2 3.8444e+01  14 1.00000e+00  
106.3 3.8495e+01  14 1.00000e+00  
106.4 3.8542e+01  14 1.00000e+00  
106.5 3.8583e+01  14 1.00000e+00  
106.6 3.8610e+01  14 1.00000e+00  
106.7 3.8677e+01  14 1.00000e+00  
106.8 3.8725e+01  14 1.00000e+00  
106.9 3.8763e+01  14 1.00000e+00  
107.0 3.8788e+01  14 1.00000e+00  
107.1 3.8858e+01  14 1.00000e+00  
107.2 3.8901e+01  14 1.00000e+00  
107.3 3.8919e+01  14 1.00000e+00  
107.4 3.8989e+01  14 1.00000e+00  
107.5 3.9095e+01  14 1.00000e+00  
107.6 3.9127e+01  14 1.00000e+00  
107.7 3.9154e+01  14 1.00000e+00  
107.8 3.9209e+01  14 1.00000e+00  
107.9 3.9231e+01  14 1.00000e+00  
108.0 3.9290e+01  14 1.00000e+00  
108.1 3.9311e+01  14 1.00000e+00  
108.2 3.9370e+01  14 1.00000e+00  
108.3 3.9390e+01  14 1.00000e+00  
108.4 3.9449e+01  14 1.00000e+00  
108.5 3.9473e+01  14 1.00000e+00  
108.6 3.9524e+01  14 1.00000e+00  
108.7 3.9565e+01  14 1.00000e+00  
108.8 3.9589e+01  14 1.00000e+00  
108.9 3.9637e+01  14 1.00000e+00  
109.0 3.9655e+01  14 1.00000e+00  
109.1 3.9699e+01  14 1.00000e+00  
109.2 3.9792e+01  14 1.00000e+00  
109.3 3.9303e+01  14 1.00000e+00  
109.4 3.9336e+01  14 1.00000e+00  
109.5 3.9381e+01  14 1.00000e+00  
109.6 3.9406e+01  14 1.00000e+00  
109.7 3.9461e+01  14 1.00000e+00  
109.8 3.9473e+01  14 1.00000e+00  
109.9 3.9537e+01  14 1.00000e+00  
110.0 3.9009e+01  14 1.00000e+00  
110.1 3.9094e+01  14 1.00000e+00  
110.2 3.9153e+01  14 1.00000e+00  
110.3 3.9192e+01  14 1.00000e+00  
110.4 3.9232e+01  14 1.00000e+00  
110.5 3.9271e+01  14 1.00000e+00  
110.6 3.9306e+01  14 1.00000e+00  
110.7 3.8765e+01  14 1.00000e+00  
110.8 3.8788e+01  14 1.00000e+00  
110.9 3.8858e+01  14 1.00000e+00  
111.0 3.8899e+01  14 1.00000e+00  
111.1 3.8917e+01  14 1.00000e+00  
111.2 3.8983e+01  14 1.00000e+00  
111.3 3.9009e+01  14 1.00000e+00  
111.4 3.8512e+01  14 1.00000e+00  
111.5 3.8556e+01  14 1.00000e+00  
111.6 3.8590e+01  14 1.00000e+00  
111.7 3.8616e+01  14 1.00000e+00  
111.8 3.8685e+01  14 1.00000e+00  
111.9 3.8731e+01  14 1.00000e+00  
112.0 3.8765e+01  14 1.00000e+00  
112.1 3.8204e+01  14 1.00000e+00  
112.2 3.8254e+01  14 1.00000e+00  
112.3 3.8301e+01  14 1.00000e+00  
112.4 3.8346e+01  14 1.00000e+00  
112.5 3.8413e+01  14 1.00000e+00  
112.6 3.8462e+01  14 1.00000e+00  
112.7 3.8509e+01  14 1.00000e+00  
112.8 3.7895e+01  14 1.00000e+00  
112.9 3.7944e+01  14 1.00000e+00  
113.0 3.8003e+01  14 1.00000e+00  
113.1 3.8050e+01  14 1.00000e+00  
113.2 3.8081e+01  14 1.00000e+00  
113.3 3.8144e+01  14 1.00000e+00  
113.4 3.8194e+01  14 1.00000e+00  
113.5 3.2691e+01  14 1.00000e+00  
113.6 3.2141e+01  14 1.00000e+00  
113.7 3.2211e+01  14 1.00000e+00  
113.8 3.2252e+01  14 1.00000e+00  
113.9 3.2299e+01  14 1.00000e+00  
114.0 3.2339e+01  14 1.00000e+00  
114.1 3.2384e+01  14 1.00000e+00  
114.2 3.2402e+01  14 1.00000e+00  
114.3 3.2456e+01  14 1.00000e+00  
114.4 3.2502e+01  14 1.00000e+00  
114.5 3.2539e+01  14 1.00000e+00  
114.6 3.2576e+01  14 1.00000e+00  
114.7 3.2610e+01  14 1.00000e+00  
114.8 3.2673e+01  14 1.00000e+00  
114.9 3.2713e+01  14 1.00000e+00  
115.0 3.2188e+01  14 1.00000e+00  
115.1 3.2218e+01  14 1.00000e+00  
115.2 3.2281e+01  14 1.00000e+00  
115.3 3.2307e+01  14 1.00000e+00  
115.4 3.2364e+01  14 1.00000e+00  
115.5 3.2404e+01  14 1.00000e+00  
115.6 3.2428e+01  14 1.00000e+00  
115.7 3.2479e+01  14 1.00000e+00  
115.8 3.2518e+01  14 1.00000e+00  
115.9 3.2557e+01  14 1.00000e+00  
116.0 3.2592e+01  14 1.00000e+00  
116.1 3.2652e+01  14 1.00000e+00  
116.2 3.2689e+01  14 1.00000e+00  
116.3 3.2726e+01  14 1.00000e+00  
116.4 3.2765e+01  14 1.00000e+00  
116.5 3.2802e+01  14 1.00000e+00  
116.6 3.2838e+01  14 1.00000e+00  
116.7 3.2870e+01  14 1.00000e+00  
116.8 3.2379e+01  14 1.00000e+00  
116.9 3.2402e+01  14 1.00000e+00  
117.0 3.2443e+01  14 1.00000e+00  
117.1 3.2493e+01  14 1.00000e+00  
117.2 3.2530e+01  14 1.00000e+00  
117.3 3.2567e+01  14 1.00000e+00  
117.4 3.2601e+01  14 1.00000e+00  
117.5 3.2661e+01  14 1.00000e+00  
117.6 3.2698e+01  14 1.00000e+00  
117.7 3.2731e+01  14 1.00000e+00  
117.8 3.2775e+01  14 1.00000e+00  
117.9 3.2813e+01  14 1.00000e+00  
118.0 3.2848e+01  14 1.00000e+00  
118.1 3.2877e+01  14 1.00000e+00  
118.2 3.2899e+01  14 1.00000e+00  
118.3 3.2945e+01  14 1.00000e+00  
118.4 3.2979e+01  14 1.00000e+00  
118.5 3.3004e+01  14 1.00000e+00  
118.6 3.2541e+01  14 1.00000e+00  
118.7 3.2577e+01  14 1.00000e+00  
118.8 3.2609e+01  14 1.00000e+00  
118.9 3.2671e+01  14 1.00000e+00  
119.0 3.2707e+01  14 1.00000e+00  
119.1 3.2739e+01  14 1.00000e+00  
119.2 3.2779e+01  14 1.00000e+00  
119.3 3.2818e+01  14 1.00000e+00  
119.4 3.2853e+01  14 1.00000e+00  
119.5 3.2880e+01  14 1.00000e+00  
119.6 3.2900e+01  14 1.00000e+00  
119.7 3.2949e+01  14 1.00000e+00  
119.8 3.2982e+01  14 1.00000e+00  
119.9 3.3004e+01  14 1.00000e+00  
120.0 3.3048e+01  14 1.00000e+00  
120.1 3.3077e+01  14 1.00000e+00  
120.2 3.2610e+01  14 1.00000e+00  
120.3 3.2672e+01  14 1.00000e+00  
120.4 3.2708e+01  14 1.00000e+00  
120.5 3.2739e+01  14 1.00000e+00  
120.6 3.2779e+01  14 1.00000e+00  
120.7 3.2817e+01  14 1.00000e+00  
120.8 3.2851e+01  14 1.00000e+00  
120.9 3.2878e+01  14 1.00000e+00  
121.0 3.2900e+01  14 1.00000e+00  
121.1 3.2947e+01  14 1.00000e+00  
121.2 3.2979e+01  14 1.00000e+00  
121.3 3.2996e+01  14 1.00000e+00  
121.4 3.3039e+01  14 1.00000e+00  
121.5 3.3074e+01  14 1.00000e+00  
121.6 3.3085e+01  14 1.00000e+00  
121.7 3.2666e+01  14 1.00000e+00  
121.8 3.2702e+01  14 1.00000e+00  
121.9 3.2733e+01  14 1.00000e+00  
122.0 3.2772e+01  14 1.00000e+00  
122.1 3.2807e+01  14 1.00000e+00  
122.2 3.2841e+01  14 1.00000e+00  
122.3 3.2873e+01  14 1.00000e+00  
122.4 3.2897e+01  14 1.00000e+00  
122.5 3.2924e+01  14 1.00000e+00  
122.6 3.2971e+01  14 1.00000e+00  
122.7 3.2488e+01  14 1.00000e+00  
122.8 3.2523e+01  14 1.00000e+00  
122.9 3.2559e+01  14 1.00000e+00  
123.0 3.2592e+01  14 1.00000e+00  
123.1 4.1085e+01  14 1.00000e+00  
123.2 4.1112e+01  14 1.00000e+00  
123.3 3.2722e+01  14 1.00000e+00  
123.4 3.2756e+01  14 1.00000e+00  
123.5 3.2793e+01  14 1.00000e+00  
123.6 3.2828e+01  14 1.00000e+00  
123.7 3.2859e+01  14 1.00000e+00  
123.8 3.2362e+01  14 1.00000e+00  
123.9 3.2399e+01  14 1.00000e+00  
124.0 4.1049e+01  14 1.00000e+00  
124.1 4.1115e+01  14 1.00000e+00  
124.2 4.1160e+01  14 1.00000e+00  
124.3 4.1202e+01  14 1.00000e+00  
124.4 4.1228e+01  14 1.00000e+00  
124.5 4.1279e+01  14 1.00000e+00  
124.6 4.1322e+01  14 1.00000e+00  
124.7 4.1331e+01  14 1.00000e+00  
124.8 4.0788e+01  14 1.00000e+00  
124.9 4.0841e+01  14 1.00000e+00  
125.0 4.0886e+01  14 1.00000e+00  
125.1 4.0930e+01  14 1.00000e+00  
125.2 4.0973e+01  14 1.00000e+00  
125.3 4.1013e+01  14 1.00000e+00  
125.4 4.1041e+01  14 1.00000e+00  
125.5 4.1082e+01  14 1.00000e+00  
125.6 4.1134e+01  14 1.00000e+00  
125.7 4.0518e+01  14 1.00000e+00  
125.8 4.0557e+01  14 1.00000e+00  
125.9 4.0606e+01  14 1.00000e+00  
126.0 4.0655e+01  14 1.00000e+00  
126.1 4.0716e+01  14 1.00000e+00  
126.2 4.0756e+01  14 1.00000e+00  
126.3 4.0805e+01  14 1.00000e+00  
126.4 4.0856e+01  14 1.00000e+00  
126.5 4.0900e+01  14 1.00000e+00  
126.6 4.0256e+01  14 1.00000e+00  
126.7 4.0312e+01  14 1.00000e+00  
126.8 4.0358e+01  14 1.00000e+00  
126.9 4.0402e+01  14 1.00000e+00  
127.0 4.0438e+01  14 1.00000e+00  
127.1 4.0484e+01  14 1.00000e+00  
127.2 4.0525e+01  14 1.00000e+00  
127.3 4.0566e+01  14 1.00000e+00  
127.4 3.9910e+01  14 1.00000e+00  
127.5 3.9940e+01  14 1.00000e+00  
127.6 4.0018e+01  14 1.00000e+00  
127.7 4.0051e+01  14 1.00000e+00  
127.8 4.0117e+01  14 1.00000e+00  
127.9 4.0170e+01  14 1.00000e+00  
128.0 4.0204e+01  14 1.00000e+00  
128.1 4.0262e+01  14 1.00000e+00  
128.2 4.0316e+01  14 1.00000e+00  
128.3 3.9612e+01  14 1.00000e+00  
128.4 3.9641e+01  14 1.00000e+00  
128.5 3.9683e+01  14 1.00000e+00  
128.6 3.9741e+01  14 1.00000e+00  
128.7 3.9805e+01  14 1.00000e+00  
128.8 3.9845e+01  14 1.00000e+00  
128.9 3.9917e+01  14 1.00000e+00  
129.0 3.9946e+01  14 1.00000e+00  
129.1 4.0023e+01  14 1.00000e+00  
129.2 3.9438e+01  14 1.00000e+00  
129.3 3.9471e+01  14 1.00000e+00  
129.4 3.9482e+01  14 1.00000e+00  
129.5 3.9540e+01  14 1.00000e+00  
129.6 3.9571e+01  14 1.00000e+00  
129.7 3.9589e+01  14 1.00000e+00  
129.8 3.9621e+01  14 1.00000e+00  
129.9 3.9641e+01  14 1.00000e+00  
130.0 3.9682e+01  14 1.00000e+00  
130.1 3.9233e+01  14 1.00000e+00  
130.2 3.9274e+01  14 1.00000e+00  
130.3 3.9305e+01  14 1.00000e+00  
130.4 3.9324e+01  14 1.00000e+00  
130.5 3.9374e+01  14 1.00000e+00  
130.6 3.9380e+01  14 1.00000e+00  
130.7 3.9438e+01  14 1.00000e+00  
130.8 3.9468e+01  14 1.00000e+00  
130.9 3.9479e+01  14 1.00000e+00  
131.0 3.8978e+01  14 1.00000e+00  
131.1 3.9007e+01  14 1.00000e+00  
131.2 3.9094e+01  14 1.00000e+00  
131.3 3.9137e+01  14 1.00000e+00  
131.4 3.9154e+01  14 1.00000e+00  
131.5 3.9200e+01  14 1.00000e+00  
131.6 3.9232e+01  14 1.00000e+00  
131.7 3.9248e+01  14 1.00000e+00  
131.8 3.9302e+01  14 1.00000e+00  
131.9 3.9309e+01  14 1.00000e+00  
132.0 3.8773e+01  14 1.00000e+00  
132.1 3.8809e+01  14 1.00000e+00  
132.2 3.8861e+01  14 1.00000e+00  
132.3 3.8896e+01  14 1.00000e+00  
132.4 3.8918e+01  14 1.00000e+00  
132.5 3.8963e+01  14 1.00000e+00  
132.6 3.8998e+01  14 1.00000e+00  
132.7 3.9098e+01  14 1.00000e+00  
132.8 3.9125e+01  14 1.00000e+00  
132.9 3.9155e+01  14 1.00000e+00  
133.0 3.8587e+01  14 1.00000e+00  
133.1 3.8608e+01  14 1.00000e+00  
133.2 3.8650e+01  14 1.00000e+00  
133.3 3.8700e+01  14 1.00000e+00  
133.4 3.8737e+01  14 1.00000e+00  
133.5 3.8765e+01  14 1.00000e+00  
133.6 3.8788e+01  14 1.00000e+00  
133.7 3.8845e+01  14 1.00000e+00  
133.8 3.8883e+01  14 1.00000e+00  
133.9 3.8320e+01  14 1.00000e+00  
134.0 3.8356e+01  14 1.00000e+00  
134.1 3.8416e+01  14 1.00000e+00  
134.2 3.8457e+01  14 1.00000e+00  
134.3 3.8496e+01  14 1.00000e+00  
134.4 3.8534e+01  14 1.00000e+00  
134.5 3.8572e+01  14 1.00000e+00  
134.6 3.8597e+01  14 1.00000e+00  
134.7 3.8619e+01  14 1.00000e+00  
134.8 3.8679e+01  14 1.00000e+00  
134.9 3.8069e+01  14 1.00000e+00  
135.0 3.8124e+01  14 1.00000e+00  
135.1 3.8167e+01  14 1.00000e+00  
135.2 3.8211e+01  14 1.00000e+00  
135.3 3.8252e+01  14 1.00000e+00  
135.4 3.8296e+01  14 1.00000e+00  
135.5 3.8333e+01  14 1.00000e+00  
135.6 3.8368e+01  14 1.00000e+00  
135.7 3.8431e+01  14 1.00000e+00  
135.8 3.8470e+01  14 1.00000e+00  
135.9 3.7837e+01  14 1.00000e+00  
136.0 3.7887e+01  14 1.00000e+00  
136.1 3.7912e+01  14 1.00000e+00  
136.2 3.7972e+01  14 1.00000e+00  
136.3 3.8017e+01  14 1.00000e+00  
136.4 3.8048e+01  14 1.00000e+00  
136.5 3.8083e+01  14 1.00000e+00  
136.6 3.8136e+01  14 1.00000e+00  
136.7 3.8177e+01  14 1.00000e+00  
136.8 3.8220e+01  14 1.00000e+00  
136.9 3.8260e+01  14 1.00000e+00  
137.0 3.2156e+01  14 1.00000e+00  
137.1 3.2210e+01  14 1.00000e+00  
137.2 3.2238e+01  14 1.00000e+00  
137.3 3.2284e+01  14 1.00000e+00  
137.4 3.2309e+01  14 1.00000e+00  
137.5 3.2357e+01  14 1.00000e+00  
137.6 3.7891e+01  14 1.00000e+00  
137.7 3.7920e+01  14 1.00000e+00  
137.8 3.7976e+01  14 1.00000e+00  
137.9 3.8019e+01  14 1.00000e+00  
138.0 3.2519e+01  14 1.00000e+00  
138.1 3.2552e+01  14 1.00000e+00  
138.2 3.2582e+01  14 1.00000e+00  
138.3 3.2609e+01  14 1.00000e+00  
138.4 3.2670e+01  14 1.00000e+00  
138.5 3.2129e+01  14 1.00000e+00  
138.6 3.2148e+01  14 1.00000e+00  
138.7 3.2207e+01  14 1.00000e+00  
138.8 3.2230e+01  14 1.00000e+00  
138.9 3.2280e+01  14 1.00000e+00  
139.0 3.2294e+01  14 1.00000e+00  
139.1 3.2349e+01  14 1.00000e+00  
139.2 3.2386e+01  14 1.00000e+00  
139.3 3.2402e+01  14 1.00000e+00  
139.4 3.2441e+01  14 1.00000e+00  
139.5 3.2482e+01  14 1.00000e+00  
139.6 3.2513e+01  14 1.00000e+00  
139.7 3.2545e+01  14 1.00000e+00  
139.8 3.2576e+01  14 1.00000e+00  
139.9 3.2603e+01  14 1.00000e+00  
140.0 3.2658e+01  14 1.00000e+00  
140.1 3.2690e+01  14 1.00000e+00  
140.2 3.2721e+01  14 1.00000e+00  
140.3 3.2193e+01  14 1.00000e+00  
140.4 3.2208e+01  14 1.00000e+00  
140.5 3.2272e+01  14 1.00000e+00  
140.6 3.2291e+01  14 1.00000e+00  
140.7 3.2338e+01  14 1.00000e+00  
140.8 3.2376e+01  14 1.00000e+00  
140.9 3.2407e+01  14 1.00000e+00  
141.0 3.2418e+01  14 1.00000e+00  
141.1 3.2463e+01  14 1.00000e+00  
141.2 3.2500e+01  14 1.00000e+00  
141.3 3.2529e+01  14 1.00000e+00  
141.4 3.2563e+01  14 1.00000e+00  
141.5 3.2592e+01  14 1.00000e+00  
141.6 3.2648e+01  14 1.00000e+00  
141.7 3.2680e+01  14 1.00000e+00  
141.8 3.2710e+01  14 1.00000e+00  
141.9 3.2735e+01  14 1.00000e+00  
142.0 3.2770e+01  14 1.00000e+00  
142.1 3.2244e+01  14 1.00000e+00  
142.2 3.2286e+01  14 1.00000e+00  
142.3 3.2301e+01  14 1.00000e+00  
142.4 3.2352e+01  14 1.00000e+00  
142.5 3.2390e+01  14 1.00000e+00  
142.6 3.2402e+01  14 1.00000e+00  
142.7 3.2444e+01  14 1.00000e+00  
142.8 3.2491e+01  14 1.00000e+00  
142.9 3.2521e+01  14 1.00000e+00  
143.0 3.2552e+01  14 1.00000e+00  
143.1 3.2581e+01  14 1.00000e+00  
143.2 3.2608e+01  14 1.00000e+00  
143.3 3.2663e+01  14 1.00000e+00  
143.4 3.2694e+01  14 1.00000e+00  
143.5 3.2722e+01  14 1.00000e+00  
143.6 3.2750e+01  14 1.00000e+00  
143.7 3.2785e+01  14 1.00000e+00  
143.8 3.2815e+01  14 1.00000e+00  
143.9 3.2294e+01  14 1.00000e+00  
144.0 3.2344e+01  14 1.00000e+00  
144.1 3.2382e+01  14 1.00000e+00  
144.2 3.2404e+01  14 1.00000e+00  
144.3 3.2424e+01  14 1.00000e+00  
144.4 3.2467e+01  14 1.00000e+00  
144.5 3.2503e+01  14 1.00000e+00  
144.6 3.2531e+01  14 1.00000e+00  
144.7 3.2562e+01  14 1.00000e+00  
144.8 3.2590e+01  14 1.00000e+00  
144.9 3.2650e+01  14 1.00000e+00  
145.0 3.2685e+01  14 1.00000e+00  
145.1 3.2714e+01  14 1.00000e+00  
145.2 3.2739e+01  14 1.00000e+00  
145.3 3.2773e+01  14 1.00000e+00  
145.4 3.2803e+01  14 1.00000e+00  
145.5 3.2831e+01  14 1.00000e+00  
145.6 3.2858e+01  14 1.00000e+00  
145.7 3.2880e+01  14 1.00000e+00  
145.8 3.2387e+01  14 1.00000e+00  
145.9 3.2402e+01  14 1.00000e+00  
146.0 3.2442e+01  14 1.00000e+00  
146.1 3.2484e+01  14 1.00000e+00  
146.2 3.2517e+01  14 1.00000e+00  
146.3 3.2548e+01  14 1.00000e+00  
146.4 3.2577e+01  14 1.00000e+00  
146.5 3.2604e+01  14 1.00000e+00  
146.6 3.2657e+01  14 1.00000e+00  
146.7 3.2687e+01  14 1.00000e+00  
146.8 3.2716e+01  14 1.00000e+00  
146.9 3.2741e+01  14 1.00000e+00  
147.0 3.2781e+01  14 1.00000e+00  
147.1 3.2810e+01  14 1.00000e+00  
147.2 3.2838e+01  14 1.00000e+00  
147.3 3.2869e+01  14 1.00000e+00  
147.4 3.2886e+01  14 1.00000e+00  
147.5 3.2901e+01  14 1.00000e+00  
147.6 3.2949e+01  14 1.00000e+00  
147.7 3.2451e+01  14 1.00000e+00  
147.8 3.2488e+01  14 1.00000e+00  
147.9 3.2517e+01  14 1.00000e+00  
148.0 3.2547e+01  14 1.00000e+00  
148.1 3.2576e+01  14 1.00000e+00  
148.2 3.2608e+01  14 1.00000e+00  
148.3 3.2662e+01  14 1.00000e+00  
148.4 3.2692e+01  14 1.00000e+00  
148.5 3.2720e+01  14 1.00000e+00  
148.6 3.2751e+01  14 1.00000e+00  
148.7 3.2785e+01  14 1.00000e+00  
148.8 3.2814e+01  14 1.00000e+00  
148.9 3.2842e+01  14 1.00000e+00  
149.0 3.2867e+01  14 1.00000e+00  
149.1 3.2885e+01  14 1.00000e+00  
149.2 3.2901e+01  14 1.00000e+00  
149.3 3.2945e+01  14 1.00000e+00  
149.4 3.2973e+01  14 1.00000e+00  
149.5 3.2491e+01  14 1.00000e+00  
149.6 3.2519e+01  14 1.00000e+00  
149.7 3.2550e+01  14 1.00000e+00  
149.8 3.2578e+01  14 1.00000e+00  
149.9 3.2604e+01  14 1.00000e+00  
150.0 3.2661e+01  14 1.00000e+00  
