 15.1 1.3607e+00  13 4.48890e-02  
 15.2 1.3681e+00  13 4.54791e-02  
 15.3 1.3756e+00  13 4.60824e-02  
 15.4 1.3831e+00  13 4.66664e-02  
 15.5 1.3906e+00  13 4.72477e-02  
 15.6 1.3981e+00  13 4.78413e-02  
 15.7 1.4055e+00  13 4.84348e-02  
 15.8 1.4130e+00  13 4.90624e-02  
 15.9 1.4205e+00  13 4.96372e-02  
 16.0 1.4342e+00  13 5.06877e-02  
 16.1 1.4418e+00  13 5.12672e-02  
 16.2 1.4494e+00  13 5.18454e-02  
 16.3 1.4571e+00  13 5.24223e-02  
 16.4 1.4647e+00  13 5.29916e-02  
 16.5 1.4723e+00  13 5.35495e-02  
 16.6 1.4799e+00  13 5.41209e-02  
 16.7 1.4875e+00  13 5.46911e-02  
 16.8 1.4951e+00  13 5.52606e-02  
 16.9 1.5027e+00  13 5.58295e-02  
 17.0 1.5103e+00  13 5.63992e-02  
 17.1 1.5180e+00  13 5.69677e-02  
 17.2 1.5256e+00  13 5.75360e-02  
 17.3 1.5332e+00  13 5.81046e-02  
 17.4 1.5408e+00  13 5.86665e-02  
 17.5 1.5484e+00  13 5.92170e-02  
 17.6 1.5560e+00  13 5.97852e-02  
 17.7 1.5636e+00  13 6.03537e-02  
 17.8 1.5712e+00  13 6.09242e-02  
 17.9 1.5788e+00  13 6.14955e-02  
 18.0 1.5864e+00  13 6.20681e-02  
 18.1 1.5940e+00  13 6.26427e-02  
 18.2 1.6016e+00  13 6.31931e-02  
 18.3 1.6091e+00  13 6.37663e-02  
 18.4 1.6167e+00  13 6.43444e-02  
 18.5 1.6243e+00  13 6.49240e-02  
 18.6 1.6319e+00  13 6.55074e-02  
 18.7 1.6395e+00  13 6.60932e-02  
 18.8 1.6471e+00  13 6.66817e-02  
 18.9 1.6547e+00  13 6.72417e-02  
 19.0 1.6622e+00  13 6.78341e-02  
 19.1 1.6698e+00  13 6.84297e-02  
 19.2 1.6774e+00  13 6.90296e-02  
 19.3 1.6850e+00  13 6.96332e-02  
 19.4 1.6925e+00  13 7.02394e-02  
 19.5 1.7034e+00  13 7.11842e-02  
 19.6 1.7149e+00  13 7.22473e-02  
 19.7 1.7265e+00  13 7.33238e-02  
 19.8 1.7382e+00  13 7.44170e-02  
 19.9 1.7499e+00  13 7.55267e-02  
 20.0 1.7618e+00  13 7.66119e-02  
 20.1 1.7737e+00  13 7.77509e-02  
 20.2 1.7857e+00  13 7.89075e-02  
 20.3 1.7977e+00  13 8.00817e-02  
 20.4 1.8099e+00  13 8.12740e-02  
 20.5 1.8221e+00  13 8.24399e-02  
 20.6 1.8344e+00  13 8.36651e-02  
 20.7 1.8467e+00  13 8.49114e-02  
 20.8 1.8592e+00  13 8.61788e-02  
 20.9 1.8717e+00  13 8.74672e-02  
 21.0 1.8843e+00  13 8.87222e-02  
 21.1 1.8968e+00  13 9.00315e-02  
 21.2 1.9096e+00  13 9.13795e-02  
 21.3 1.9224e+00  13 9.27505e-02  
 21.4 1.2530e+01  14 1.00000e+00  
 21.5 1.2520e+01  14 1.00000e+00  
 21.6 1.2505e+01  14 1.00000e+00  
 21.7 1.2489e+01  14 1.00000e+00  
 21.8 1.2471e+01  14 1.00000e+00  
 21.9 1.2461e+01  14 1.00000e+00  
 22.0 1.2441e+01  14 1.00000e+00  
 22.1 1.2420e+01  14 1.00000e+00  
 22.2 1.2398e+01  14 1.00000e+00  
 22.3 1.2382e+01  14 1.00000e+00  
 22.4 1.2358e+01  14 1.00000e+00  
 22.5 1.2333e+01  14 1.00000e+00  
 22.6 1.2306e+01  14 1.00000e+00  
 22.7 1.2287e+01  14 1.00000e+00  
 22.8 1.2258e+01  14 1.00000e+00  
 22.9 1.2228e+01  14 1.00000e+00  
 23.0 1.2198e+01  14 1.00000e+00  
 23.1 1.2171e+01  14 1.00000e+00  
 23.2 1.2142e+01  14 1.00000e+00  
 23.3 1.2108e+01  14 1.00000e+00  
 23.4 1.2073e+01  14 1.00000e+00  
 23.5 1.2044e+01  14 1.00000e+00  
 23.6 1.2010e+01  14 1.00000e+00  
 23.7 1.1973e+01  14 1.00000e+00  
 23.8 1.1935e+01  14 1.00000e+00  
 23.9 1.1895e+01  14 1.00000e+00  
 24.0 1.1865e+01  14 1.00000e+00  
 24.1 1.1824e+01  14 1.00000e+00  
 24.2 1.1783e+01  14 1.00000e+00  
 24.3 1.1740e+01  14 1.00000e+00  
 24.4 1.1707e+01  14 1.00000e+00  
 24.5 1.1664e+01  14 1.00000e+00  
 24.6 1.1620e+01  14 1.00000e+00  
 24.7 5.4913e+00  14 4.30125e-01  
 24.8 5.5346e+00  14 4.35623e-01  
 24.9 5.5777e+00  14 4.41597e-01  
 25.0 5.6198e+00  14 4.47564e-01  
 25.1 5.6614e+00  14 4.53532e-01  
 25.2 5.7023e+00  14 4.59533e-01  
 25.3 5.7434e+00  14 4.65125e-01  
 25.4 5.7831e+00  14 4.71134e-01  
 25.5 5.8221e+00  14 4.77174e-01  
 25.6 5.8604e+00  14 4.83231e-01  
 25.7 5.8988e+00  14 4.88819e-01  
 25.8 5.9358e+00  14 4.94875e-01  
 25.9 5.9722e+00  14 5.00915e-01  
 26.0 6.0078e+00  14 5.06974e-01  
 26.1 6.0427e+00  14 5.13039e-01  
 26.2 6.0767e+00  14 5.19200e-01  
 26.3 6.1088e+00  14 5.25746e-01  
 26.4 6.1353e+00  14 5.33898e-01  
 26.5 6.1335e+00  14 5.50934e-01  
 26.6 6.1370e+00  14 5.65372e-01  
 26.7 6.1496e+00  14 5.76065e-01  
 26.8 6.1434e+00  14 5.92178e-01  
 26.9 6.1380e+00  14 6.07371e-01  
 27.0 6.1464e+00  14 6.17508e-01  
 27.1 6.1791e+00  14 6.19805e-01  
 27.2 6.2143e+00  14 6.21563e-01  
 27.3 6.2496e+00  14 6.23465e-01  
 27.4 6.2899e+00  14 6.24304e-01  
 27.5 6.3323e+00  14 6.24904e-01  
 27.6 6.3711e+00  14 6.26636e-01  
 27.7 6.4113e+00  14 6.28234e-01  
 27.8 6.4519e+00  14 6.29943e-01  
 27.9 6.4931e+00  14 6.31727e-01  
 28.0 6.5356e+00  14 6.33460e-01  
 28.1 6.5794e+00  14 6.35140e-01  
 28.2 6.6242e+00  14 6.36850e-01  
 28.3 6.6507e+00  14 6.41608e-01  
 28.4 6.6763e+00  14 6.46444e-01  
 28.5 6.7027e+00  14 6.51106e-01  
 28.6 6.7404e+00  14 6.54084e-01  
 28.7 6.7836e+00  14 6.56391e-01  
 28.8 6.8231e+00  14 6.59295e-01  
 28.9 6.7841e+00  14 6.53226e-01  
 29.0 6.7688e+00  14 6.61191e-01  
 29.1 6.7777e+00  14 6.61643e-01  
 29.2 6.7978e+00  14 6.62679e-01  
 29.3 6.8284e+00  14 6.64258e-01  
 29.4 6.8423e+00  14 6.64978e-01  
 29.5 6.8598e+00  14 6.65885e-01  
 29.6 6.8819e+00  14 6.67037e-01  
 29.7 6.8982e+00  14 6.67891e-01  
 29.8 6.9251e+00  14 6.69296e-01  
 29.9 6.9435e+00  14 6.70264e-01  
 30.0 6.9625e+00  14 6.71260e-01  
 30.1 6.9827e+00  14 6.72327e-01  
 30.2 7.0033e+00  14 6.73411e-01  
 30.3 7.0167e+00  14 6.74124e-01  
 30.4 7.0370e+00  14 6.75198e-01  
 30.5 7.0667e+00  14 6.76777e-01  
 30.6 7.0925e+00  14 6.78146e-01  
 30.7 7.1096e+00  14 6.79063e-01  
 30.8 7.1319e+00  14 6.80253e-01  
 30.9 7.1528e+00  14 6.81370e-01  
 31.0 7.1619e+00  14 6.81858e-01  
 31.1 7.1947e+00  14 6.83618e-01  
 31.2 7.2206e+00  14 6.85011e-01  
 31.3 7.2328e+00  14 6.85666e-01  
 31.4 7.2661e+00  14 6.87464e-01  
 31.5 7.2884e+00  14 6.88669e-01  
 31.6 7.3124e+00  14 6.89970e-01  
 31.7 7.3315e+00  14 6.91006e-01  
 31.8 7.3523e+00  14 6.92134e-01  
 31.9 7.3734e+00  14 6.93278e-01  
 32.0 7.4011e+00  14 6.94788e-01  
 32.1 7.4137e+00  14 6.95474e-01  
 32.2 7.4334e+00  14 6.96548e-01  
 32.3 7.4576e+00  14 6.97868e-01  
 32.4 7.4842e+00  14 6.99324e-01  
 32.5 7.5154e+00  14 7.01027e-01  
 32.6 7.5298e+00  14 7.01819e-01  
 32.7 7.5503e+00  14 7.02938e-01  
 32.8 7.5881e+00  14 7.05010e-01  
 32.9 7.6059e+00  14 7.05988e-01  
 33.0 7.6256e+00  14 7.07071e-01  
 33.1 7.6538e+00  14 7.08622e-01  
 33.2 7.6745e+00  14 7.09760e-01  
 33.3 7.7078e+00  14 7.11594e-01  
 33.4 7.7277e+00  14 7.12688e-01  
 33.5 7.7549e+00  14 7.14189e-01  
 33.6 7.7761e+00  14 7.15353e-01  
 33.7 7.7949e+00  14 7.16392e-01  
 33.8 7.8214e+00  14 7.17856e-01  
 33.9 7.8409e+00  14 7.18932e-01  
 34.0 7.8568e+00  14 7.19808e-01  
 34.1 7.8880e+00  14 7.21536e-01  
 34.2 7.9075e+00  14 7.22616e-01  
 34.3 7.9367e+00  14 7.24229e-01  
 34.4 7.9729e+00  14 7.26234e-01  
 34.5 7.9951e+00  14 7.27467e-01  
 34.6 8.0164e+00  14 7.28643e-01  
 34.7 8.0390e+00  14 7.29896e-01  
 34.8 8.0708e+00  14 7.31659e-01  
 34.9 8.0951e+00  14 7.33008e-01  
 35.0 8.1159e+00  14 7.34160e-01  
 35.1 8.1376e+00  14 7.35364e-01  
 35.2 8.1688e+00  14 7.37098e-01  
 35.3 8.1998e+00  14 7.38815e-01  
 35.4 8.2109e+00  14 7.39433e-01  
 35.5 8.2405e+00  14 7.41072e-01  
 35.6 8.2704e+00  14 7.42736e-01  
 35.7 8.2871e+00  14 7.43662e-01  
 35.8 8.3242e+00  14 7.45720e-01  
 35.9 8.3393e+00  14 7.46557e-01  
 36.0 8.3663e+00  14 7.48053e-01  
 36.1 8.3924e+00  14 7.49503e-01  
 36.2 8.4183e+00  14 7.50943e-01  
 36.3 8.4367e+00  14 7.51964e-01  
 36.4 8.4702e+00  14 7.53821e-01  
 36.5 8.5014e+00  14 7.55552e-01  
 36.6 8.5273e+00  14 7.56989e-01  
 36.7 8.5562e+00  14 7.58592e-01  
 36.8 8.5855e+00  14 7.60222e-01  
 36.9 8.6172e+00  14 7.61978e-01  
 37.0 8.6425e+00  14 7.63384e-01  
 37.1 8.6784e+00  14 7.65373e-01  
 37.2 8.6947e+00  14 7.66278e-01  
 37.3 8.7143e+00  14 7.67364e-01  
 37.4 8.7377e+00  14 7.68663e-01  
 37.5 8.7796e+00  14 7.70983e-01  
 37.6 8.8078e+00  14 7.72546e-01  
 37.7 8.8309e+00  14 7.73824e-01  
 37.8 8.8572e+00  14 7.75283e-01  
 37.9 8.8933e+00  14 7.77280e-01  
 38.0 8.9189e+00  14 7.78696e-01  
 38.1 8.9433e+00  14 7.80044e-01  
 38.2 8.9663e+00  14 7.81318e-01  
 38.3 8.9998e+00  14 7.83170e-01  
 38.4 9.0203e+00  14 7.84303e-01  
 38.5 9.0500e+00  14 7.85941e-01  
 38.6 9.0705e+00  14 7.87074e-01  
 38.7 9.1004e+00  14 7.88722e-01  
 38.8 9.1389e+00  14 7.90848e-01  
 38.9 9.1595e+00  14 7.91981e-01  
 39.0 9.1815e+00  14 7.93197e-01  
 39.1 9.2185e+00  14 7.95235e-01  
 39.2 9.2394e+00  14 7.96385e-01  
 39.3 9.2771e+00  14 7.98464e-01  
 39.4 9.2991e+00  14 7.99672e-01  
 39.5 9.3259e+00  14 8.01146e-01  
 39.6 9.3630e+00  14 8.03188e-01  
 39.7 9.3861e+00  14 8.04457e-01  
 39.8 9.4094e+00  14 8.05743e-01  
 39.9 9.4365e+00  14 8.07231e-01  
 40.0 9.4682e+00  14 8.08970e-01  
 40.1 9.4951e+00  14 8.10445e-01  
 40.2 9.5090e+00  14 8.11207e-01  
 40.3 9.5608e+00  14 8.14050e-01  
 40.4 9.5854e+00  14 8.15396e-01  
 40.5 9.6051e+00  14 8.16476e-01  
 40.6 9.6346e+00  14 8.18091e-01  
 40.7 9.6587e+00  14 8.19405e-01  
 40.8 9.6920e+00  14 8.21229e-01  
 40.9 9.7203e+00  14 8.22774e-01  
 41.0 9.7616e+00  14 8.25028e-01  
 41.1 9.7828e+00  14 8.26185e-01  
 41.2 9.7918e+00  14 8.26674e-01  
 41.3 9.8278e+00  14 8.28642e-01  
 41.4 9.8479e+00  14 8.29734e-01  
 41.5 9.8911e+00  14 8.32087e-01  
 41.6 9.9279e+00  14 8.34089e-01  
 41.7 9.9536e+00  14 8.35488e-01  
 41.8 9.9228e+00  14 8.33811e-01  
 41.9 9.8675e+00  14 8.30801e-01  
 42.0 9.8057e+00  14 8.27432e-01  
 42.1 9.6693e+00  14 8.19988e-01  
 42.2 9.5625e+00  14 8.14142e-01  
 42.3 9.4695e+00  14 8.09039e-01  
 42.4 9.4526e+00  14 8.08115e-01  
 42.5 9.4278e+00  14 8.06751e-01  
 42.6 9.4092e+00  14 8.05727e-01  
 42.7 9.3713e+00  14 8.03649e-01  
 42.8 9.3341e+00  14 8.01598e-01  
 42.9 9.2211e+00  14 7.95377e-01  
 43.0 9.1851e+00  14 7.93396e-01  
 43.1 9.1072e+00  14 7.89100e-01  
 43.2 9.0105e+00  14 7.83758e-01  
 43.3 9.0134e+00  14 7.83920e-01  
 43.4 8.9856e+00  14 7.82383e-01  
 43.5 8.9759e+00  14 7.81847e-01  
 43.6 8.9385e+00  14 7.79778e-01  
 43.7 8.9208e+00  14 7.78802e-01  
 43.8 8.8565e+00  14 7.75244e-01  
 43.9 8.8242e+00  14 7.73454e-01  
 44.0 8.7832e+00  14 7.71185e-01  
 44.1 8.7276e+00  14 7.68101e-01  
 44.2 8.6423e+00  14 7.63370e-01  
 44.3 8.6365e+00  14 7.63050e-01  
 44.4 8.6224e+00  14 7.62265e-01  
 44.5 8.6061e+00  14 7.61360e-01  
 44.6 8.5821e+00  14 7.60033e-01  
 44.7 8.5628e+00  14 7.58962e-01  
 44.8 8.5554e+00  14 7.58549e-01  
 44.9 8.4875e+00  14 7.54781e-01  
 45.0 8.4344e+00  14 7.51833e-01  
 45.1 8.4295e+00  14 7.51564e-01  
 45.2 8.3223e+00  14 7.45614e-01  
 45.3 8.3211e+00  14 7.45550e-01  
 45.4 8.3486e+00  14 7.47074e-01  
 45.5 8.4205e+00  14 7.51066e-01  
 45.6 8.4833e+00  14 7.54545e-01  
 45.7 8.4652e+00  14 7.53546e-01  
 45.8 8.4826e+00  14 7.54510e-01  
 45.9 8.5509e+00  14 7.58302e-01  
 46.0 8.6030e+00  14 7.61190e-01  
 46.1 8.6442e+00  14 7.63475e-01  
 46.2 8.7182e+00  14 7.67578e-01  
 46.3 8.7494e+00  14 7.69310e-01  
 46.4 8.7856e+00  14 7.71317e-01  
 46.5 8.8200e+00  14 7.73223e-01  
 46.6 8.8510e+00  14 7.74937e-01  
 46.7 8.8773e+00  14 7.76391e-01  
 46.8 8.9102e+00  14 7.78216e-01  
 46.9 8.9304e+00  14 7.79332e-01  
 47.0 8.9684e+00  14 7.81433e-01  
 47.1 9.0617e+00  14 7.86587e-01  
 47.2 9.1233e+00  14 7.89988e-01  
 47.3 9.1805e+00  14 7.93140e-01  
 47.4 9.2313e+00  14 7.95942e-01  
 47.5 9.2769e+00  14 7.98454e-01  
 47.6 9.3559e+00  14 8.02801e-01  
 47.7 9.3953e+00  14 8.04963e-01  
 47.8 9.4375e+00  14 8.07284e-01  
 47.9 9.4687e+00  14 8.08998e-01  
 48.0 9.5080e+00  14 8.11154e-01  
 48.1 9.5363e+00  14 8.12706e-01  
 48.2 9.5701e+00  14 8.14559e-01  
 48.3 9.6014e+00  14 8.16271e-01  
 48.4 9.6360e+00  14 8.18168e-01  
 48.5 9.6924e+00  14 8.21251e-01  
 48.6 9.7976e+00  14 8.26991e-01  
 48.7 9.8595e+00  14 8.30366e-01  
 48.8 9.9154e+00  14 8.33407e-01  
 48.9 9.9527e+00  14 8.35438e-01  
 49.0 1.0006e+01  14 8.38309e-01  
 49.1 1.0087e+01  14 8.42709e-01  
 49.2 1.0137e+01  14 8.45442e-01  
 49.3 1.0176e+01  14 8.47570e-01  
 49.4 1.0212e+01  14 8.49470e-01  
 49.5 1.0249e+01  14 8.51505e-01  
 49.6 1.0281e+01  14 8.53225e-01  
 49.7 1.0324e+01  14 8.55522e-01  
 49.8 1.0350e+01  14 8.56935e-01  
 49.9 1.0419e+01  14 8.60653e-01  
 50.0 1.0509e+01  14 8.65513e-01  
 50.1 1.0582e+01  14 8.69396e-01  
 50.2 1.0631e+01  14 8.72069e-01  
 50.3 1.0702e+01  14 8.75859e-01  
 50.4 1.0762e+01  14 8.79029e-01  
 50.5 1.0817e+01  14 8.81992e-01  
 50.6 1.0912e+01  14 8.87051e-01  
 50.7 1.0948e+01  14 8.88945e-01  
 50.8 1.0999e+01  14 8.91649e-01  
 50.9 1.1039e+01  14 8.93796e-01  
 51.0 1.1080e+01  14 8.95963e-01  
 51.1 1.1112e+01  14 8.97663e-01  
 51.2 1.1146e+01  14 8.99461e-01  
 51.3 1.1186e+01  14 9.01555e-01  
 51.4 1.1260e+01  14 9.05490e-01  
 51.5 1.1303e+01  14 9.07734e-01  
 51.6 1.1426e+01  14 9.14203e-01  
 51.7 1.1486e+01  14 9.17358e-01  
 51.8 1.1560e+01  14 9.21246e-01  
 51.9 1.1626e+01  14 9.24679e-01  
 52.0 1.1679e+01  14 9.27469e-01  
 52.1 1.1730e+01  14 9.30150e-01  
 52.2 1.1826e+01  14 9.35147e-01  
 52.3 1.1878e+01  14 9.37818e-01  
 52.4 1.1909e+01  14 9.39434e-01  
 52.5 1.1958e+01  14 9.42007e-01  
 52.6 1.2011e+01  14 9.44730e-01  
 52.7 1.2051e+01  14 9.46801e-01  
 52.8 1.2075e+01  14 9.48059e-01  
 52.9 1.2149e+01  14 9.51876e-01  
 53.0 1.2218e+01  14 9.55440e-01  
 53.1 1.2293e+01  14 9.59274e-01  
 53.2 1.2398e+01  14 9.64688e-01  
 53.3 1.2463e+01  14 9.67989e-01  
 53.4 1.2547e+01  14 9.72310e-01  
 53.5 1.2604e+01  14 9.75187e-01  
 53.6 1.2658e+01  14 9.77950e-01  
 53.7 1.2728e+01  14 9.81550e-01  
 53.8 1.2843e+01  14 9.87384e-01  
 53.9 1.2907e+01  14 9.90617e-01  
 54.0 1.2925e+01  14 9.91520e-01  
 54.1 1.2979e+01  14 9.94275e-01  
 54.2 1.3033e+01  14 9.96999e-01  
 54.3 1.3078e+01  14 9.99260e-01  
 54.4 1.3100e+01  14 1.00000e+00  
 54.5 1.3127e+01  14 1.00000e+00  
 54.6 1.3158e+01  14 1.00000e+00  
 54.7 1.3183e+01  14 1.00000e+00  
 54.8 1.3223e+01  14 1.00000e+00  
 54.9 1.3258e+01  14 1.00000e+00  
 55.0 1.3286e+01  14 1.00000e+00  
 55.1 1.3312e+01  14 1.00000e+00  
 55.2 1.3339e+01  14 1.00000e+00  
 55.3 1.3367e+01  14 1.00000e+00  
 55.4 1.3394e+01  14 1.00000e+00  
 55.5 1.3432e+01  14 1.00000e+00  
 55.6 1.3458e+01  14 1.00000e+00  
 55.7 1.3476e+01  14 1.00000e+00  
 55.8 1.3490e+01  14 1.00000e+00  
 55.9 1.3513e+01  14 1.00000e+00  
 56.0 1.3531e+01  14 1.00000e+00  
 56.1 1.3544e+01  14 1.00000e+00  
 56.2 1.3568e+01  14 1.00000e+00  
 56.3 1.3602e+01  14 1.00000e+00  
 56.4 1.3624e+01  14 1.00000e+00  
 56.5 1.3655e+01  14 1.00000e+00  
 56.6 1.3695e+01  14 1.00000e+00  
 56.7 1.3733e+01  14 1.00000e+00  
 56.8 1.3761e+01  14 1.00000e+00  
 56.9 1.3787e+01  14 1.00000e+00  
 57.0 1.3803e+01  14 1.00000e+00  
 57.1 1.3824e+01  14 1.00000e+00  
 57.2 1.3875e+01  14 1.00000e+00  
 57.3 1.3901e+01  14 1.00000e+00  
 57.4 1.3916e+01  14 1.00000e+00  
 57.5 1.3925e+01  14 1.00000e+00  
 57.6 1.3954e+01  14 1.00000e+00  
 57.7 1.3972e+01  14 1.00000e+00  
 57.8 1.3990e+01  14 1.00000e+00  
 57.9 1.4007e+01  14 1.00000e+00  
 58.0 1.4044e+01  14 1.00000e+00  
 58.1 1.4075e+01  14 1.00000e+00  
 58.2 1.4096e+01  14 1.00000e+00  
 58.3 1.4135e+01  14 1.00000e+00  
 58.4 1.4165e+01  14 1.00000e+00  
 58.5 1.4199e+01  14 1.00000e+00  
 58.6 1.4231e+01  14 1.00000e+00  
 58.7 1.4249e+01  14 1.00000e+00  
 58.8 1.4282e+01  14 1.00000e+00  
 58.9 1.4306e+01  14 1.00000e+00  
 59.0 1.4345e+01  14 1.00000e+00  
 59.1 1.4369e+01  14 1.00000e+00  
 59.2 1.4391e+01  14 1.00000e+00  
 59.3 1.4401e+01  14 1.00000e+00  
 59.4 1.4429e+01  14 1.00000e+00  
 59.5 1.4448e+01  14 1.00000e+00  
 59.6 1.4466e+01  14 1.00000e+00  
 59.7 1.4482e+01  14 1.00000e+00  
 59.8 1.4512e+01  14 1.00000e+00  
 59.9 1.4539e+01  14 1.00000e+00  
 60.0 1.4579e+01  14 1.00000e+00  
 60.1 1.4605e+01  14 1.00000e+00  
 60.2 1.4645e+01  14 1.00000e+00  
 60.3 1.4672e+01  14 1.00000e+00  
 60.4 1.4694e+01  14 1.00000e+00  
 60.5 1.4728e+01  14 1.00000e+00  
 60.6 1.4748e+01  14 1.00000e+00  
 60.7 1.4777e+01  14 1.00000e+00  
 60.8 1.4801e+01  14 1.00000e+00  
 60.9 1.4841e+01  14 1.00000e+00  
 61.0 1.4874e+01  14 1.00000e+00  
 61.1 1.4889e+01  14 1.00000e+00  
 61.2 1.4907e+01  14 1.00000e+00  
 61.3 1.4921e+01  14 1.00000e+00  
 61.4 1.4940e+01  14 1.00000e+00  
 61.5 1.4964e+01  14 1.00000e+00  
 61.6 1.4984e+01  14 1.00000e+00  
 61.7 1.5011e+01  14 1.00000e+00  
 61.8 1.5053e+01  14 1.00000e+00  
 61.9 1.5082e+01  14 1.00000e+00  
 62.0 1.5112e+01  14 1.00000e+00  
 62.1 1.5148e+01  14 1.00000e+00  
 62.2 1.5177e+01  14 1.00000e+00  
 62.3 1.5202e+01  14 1.00000e+00  
 62.4 1.5239e+01  14 1.00000e+00  
 62.5 1.5266e+01  14 1.00000e+00  
 62.6 1.5280e+01  14 1.00000e+00  
 62.7 1.5308e+01  14 1.00000e+00  
 62.8 1.5327e+01  14 1.00000e+00  
 62.9 1.5374e+01  14 1.00000e+00  
 63.0 1.5395e+01  14 1.00000e+00  
 63.1 1.5414e+01  14 1.00000e+00  
 63.2 1.5431e+01  14 1.00000e+00  
 63.3 1.5452e+01  14 1.00000e+00  
 63.4 1.5474e+01  14 1.00000e+00  
 63.5 1.5482e+01  14 1.00000e+00  
 63.6 1.5524e+01  14 1.00000e+00  
 63.7 1.5555e+01  14 1.00000e+00  
 63.8 1.5591e+01  14 1.00000e+00  
 63.9 1.5616e+01  14 1.00000e+00  
 64.0 1.5649e+01  14 1.00000e+00  
 64.1 1.5677e+01  14 1.00000e+00  
 64.2 1.5716e+01  14 1.00000e+00  
 64.3 1.5746e+01  14 1.00000e+00  
 64.4 1.5777e+01  14 1.00000e+00  
 64.5 1.5804e+01  14 1.00000e+00  
 64.6 1.5823e+01  14 1.00000e+00  
 64.7 1.5851e+01  14 1.00000e+00  
 64.8 1.5873e+01  14 1.00000e+00  
 64.9 1.5916e+01  14 1.00000e+00  
 65.0 1.5948e+01  14 1.00000e+00  
 65.1 1.5963e+01  14 1.00000e+00  
 65.2 1.5982e+01  14 1.00000e+00  
 65.3 1.6002e+01  14 1.00000e+00  
 65.4 1.6021e+01  14 1.00000e+00  
 65.5 1.6035e+01  14 1.00000e+00  
 65.6 1.6058e+01  14 1.00000e+00  
 65.7 1.6095e+01  14 1.00000e+00  
 65.8 1.6120e+01  14 1.00000e+00  
 65.9 1.6158e+01  14 1.00000e+00  
 66.0 1.6185e+01  14 1.00000e+00  
 66.1 1.6218e+01  14 1.00000e+00  
 66.2 1.6240e+01  14 1.00000e+00  
 66.3 1.6290e+01  14 1.00000e+00  
 66.4 1.6321e+01  14 1.00000e+00  
 66.5 1.6344e+01  14 1.00000e+00  
 66.6 1.6369e+01  14 1.00000e+00  
 66.7 1.6399e+01  14 1.00000e+00  
 66.8 1.6424e+01  14 1.00000e+00  
 66.9 1.6446e+01  14 1.00000e+00  
 67.0 1.6488e+01  14 1.00000e+00  
 67.1 1.6522e+01  14 1.00000e+00  
 67.2 1.6536e+01  14 1.00000e+00  
 67.3 1.6556e+01  14 1.00000e+00  
 67.4 1.6570e+01  14 1.00000e+00  
 67.5 1.6589e+01  14 1.00000e+00  
 67.6 1.6615e+01  14 1.00000e+00  
 67.7 1.6629e+01  14 1.00000e+00  
 67.8 1.6668e+01  14 1.00000e+00  
 67.9 1.6696e+01  14 1.00000e+00  
 68.0 1.6738e+01  14 1.00000e+00  
 68.1 1.6769e+01  14 1.00000e+00  
 68.2 1.6800e+01  14 1.00000e+00  
 68.3 1.6827e+01  14 1.00000e+00  
 68.4 1.6857e+01  14 1.00000e+00  
 68.5 1.6892e+01  14 1.00000e+00  
 68.6 1.6919e+01  14 1.00000e+00  
 68.7 1.6952e+01  14 1.00000e+00  
 68.8 1.6975e+01  14 1.00000e+00  
 68.9 1.7002e+01  14 1.00000e+00  
 69.0 1.7025e+01  14 1.00000e+00  
 69.1 1.7047e+01  14 1.00000e+00  
 69.2 1.7069e+01  14 1.00000e+00  
 69.3 1.7102e+01  14 1.00000e+00  
 69.4 1.7131e+01  14 1.00000e+00  
 69.5 1.7152e+01  14 1.00000e+00  
 69.6 1.7164e+01  14 1.00000e+00  
 69.7 1.7184e+01  14 1.00000e+00  
 69.8 1.7209e+01  14 1.00000e+00  
 69.9 1.7222e+01  14 1.00000e+00  
 70.0 1.7249e+01  14 1.00000e+00  
 70.1 1.7278e+01  14 1.00000e+00  
 70.2 1.7321e+01  14 1.00000e+00  
 70.3 1.7353e+01  14 1.00000e+00  
 70.4 1.7377e+01  14 1.00000e+00  
 70.5 1.7410e+01  14 1.00000e+00  
 70.6 1.7435e+01  14 1.00000e+00  
 70.7 1.7463e+01  14 1.00000e+00  
 70.8 1.7496e+01  14 1.00000e+00  
 70.9 1.7538e+01  14 1.00000e+00  
 71.0 1.7565e+01  14 1.00000e+00  
 71.1 1.7588e+01  14 1.00000e+00  
 71.2 1.7614e+01  14 1.00000e+00  
 71.3 1.7636e+01  14 1.00000e+00  
 71.4 1.7658e+01  14 1.00000e+00  
 71.5 1.7680e+01  14 1.00000e+00  
 71.6 1.7713e+01  14 1.00000e+00  
 71.7 1.7748e+01  14 1.00000e+00  
 71.8 1.7764e+01  14 1.00000e+00  
 71.9 1.7781e+01  14 1.00000e+00  
 72.0 1.7800e+01  14 1.00000e+00  
 72.1 1.7823e+01  14 1.00000e+00  
 72.2 1.7840e+01  14 1.00000e+00  
 72.3 1.7866e+01  14 1.00000e+00  
 72.4 1.7903e+01  14 1.00000e+00  
 72.5 1.7931e+01  14 1.00000e+00  
 72.6 1.7970e+01  14 1.00000e+00  
 72.7 1.7998e+01  14 1.00000e+00  
 72.8 1.8031e+01  14 1.00000e+00  
 72.9 1.8049e+01  14 1.00000e+00  
 73.0 1.8086e+01  14 1.00000e+00  
 73.1 1.8125e+01  14 1.00000e+00  
 73.2 1.8156e+01  14 1.00000e+00  
 73.3 1.8189e+01  14 1.00000e+00  
 73.4 1.8216e+01  14 1.00000e+00  
 73.5 1.8242e+01  14 1.00000e+00  
 73.6 1.8256e+01  14 1.00000e+00  
 73.7 1.8279e+01  14 1.00000e+00  
 73.8 1.8305e+01  14 1.00000e+00  
 73.9 1.8328e+01  14 1.00000e+00  
 74.0 1.8354e+01  14 1.00000e+00  
 74.1 1.8397e+01  14 1.00000e+00  
 74.2 1.8413e+01  14 1.00000e+00  
 74.3 1.8425e+01  14 1.00000e+00  
 74.4 1.8452e+01  14 1.00000e+00  
 74.5 1.8466e+01  14 1.00000e+00  
 74.6 1.8493e+01  14 1.00000e+00  
 74.7 1.8514e+01  14 1.00000e+00  
 74.8 1.8553e+01  14 1.00000e+00  
 74.9 1.8582e+01  14 1.00000e+00  
 75.0 1.8622e+01  14 1.00000e+00  
 75.1 1.8653e+01  14 1.00000e+00  
 75.2 1.8672e+01  14 1.00000e+00  
 75.3 1.8713e+01  14 1.00000e+00  
 75.4 1.8741e+01  14 1.00000e+00  
 75.5 1.8763e+01  14 1.00000e+00  
 75.6 1.8805e+01  14 1.00000e+00  
 75.7 1.8845e+01  14 1.00000e+00  
 75.8 1.8850e+01  14 1.00000e+00  
 75.9 1.8877e+01  14 1.00000e+00  
 76.0 1.8927e+01  14 1.00000e+00  
 76.1 1.8937e+01  14 1.00000e+00  
 76.2 1.8962e+01  14 1.00000e+00  
 76.3 1.8981e+01  14 1.00000e+00  
 76.4 1.9002e+01  14 1.00000e+00  
 76.5 1.9025e+01  14 1.00000e+00  
 76.6 1.9090e+01  14 1.00000e+00  
 76.7 1.9101e+01  14 1.00000e+00  
 76.8 1.9124e+01  14 1.00000e+00  
 76.9 1.9137e+01  14 1.00000e+00  
 77.0 1.9165e+01  14 1.00000e+00  
 77.1 1.9183e+01  14 1.00000e+00  
 77.2 1.9198e+01  14 1.00000e+00  
 77.3 1.9235e+01  14 1.00000e+00  
 77.4 1.9262e+01  14 1.00000e+00  
 77.5 1.9304e+01  14 1.00000e+00  
 77.6 1.9337e+01  14 1.00000e+00  
 77.7 1.9370e+01  14 1.00000e+00  
 77.8 1.9401e+01  14 1.00000e+00  
 77.9 1.9423e+01  14 1.00000e+00  
 78.0 1.9450e+01  14 1.00000e+00  
 78.1 1.9484e+01  14 1.00000e+00  
 78.2 1.9530e+01  14 1.00000e+00  
 78.3 1.9535e+01  14 1.00000e+00  
 78.4 1.9564e+01  14 1.00000e+00  
 78.5 1.9592e+01  14 1.00000e+00  
 78.6 1.9615e+01  14 1.00000e+00  
 78.7 1.9660e+01  14 1.00000e+00  
 78.8 1.9687e+01  14 1.00000e+00  
 78.9 1.9709e+01  14 1.00000e+00  
 79.0 1.9730e+01  14 1.00000e+00  
 79.1 1.9753e+01  14 1.00000e+00  
 79.2 1.9786e+01  14 1.00000e+00  
 79.3 1.9827e+01  14 1.00000e+00  
 79.4 1.9836e+01  14 1.00000e+00  
 79.5 1.9865e+01  14 1.00000e+00  
 79.6 1.9884e+01  14 1.00000e+00  
 79.7 1.9898e+01  14 1.00000e+00  
 79.8 1.9925e+01  14 1.00000e+00  
 79.9 1.9940e+01  14 1.00000e+00  
 80.0 1.9988e+01  14 1.00000e+00  
 80.1 2.0021e+01  14 1.00000e+00  
 80.2 2.0060e+01  14 1.00000e+00  
 80.3 2.0093e+01  14 1.00000e+00  
 80.4 2.0125e+01  14 1.00000e+00  
 80.5 2.0147e+01  14 1.00000e+00  
 80.6 2.0187e+01  14 1.00000e+00  
 80.7 2.0217e+01  14 1.00000e+00  
 80.8 2.0239e+01  14 1.00000e+00  
 80.9 2.0247e+01  14 1.00000e+00  
 81.0 2.0288e+01  14 1.00000e+00  
 81.1 2.0312e+01  14 1.00000e+00  
 81.2 2.0340e+01  14 1.00000e+00  
 81.3 2.0367e+01  14 1.00000e+00  
 81.4 2.0393e+01  14 1.00000e+00  
 81.5 2.0451e+01  14 1.00000e+00  
 81.6 2.0466e+01  14 1.00000e+00  
 81.7 2.0485e+01  14 1.00000e+00  
 81.8 2.0508e+01  14 1.00000e+00  
 81.9 2.0532e+01  14 1.00000e+00  
 82.0 2.0593e+01  14 1.00000e+00  
 82.1 2.0607e+01  14 1.00000e+00  
 82.2 2.0625e+01  14 1.00000e+00  
 82.3 2.0641e+01  14 1.00000e+00  
 82.4 2.0659e+01  14 1.00000e+00  
 82.5 2.0689e+01  14 1.00000e+00  
 82.6 2.0710e+01  14 1.00000e+00  
 82.7 2.0739e+01  14 1.00000e+00  
 82.8 2.0777e+01  14 1.00000e+00  
 82.9 2.0815e+01  14 1.00000e+00  
 83.0 2.0842e+01  14 1.00000e+00  
 83.1 2.0879e+01  14 1.00000e+00  
 83.2 2.0920e+01  14 1.00000e+00  
 83.3 2.0953e+01  14 1.00000e+00  
 83.4 2.0985e+01  14 1.00000e+00  
 83.5 2.1001e+01  14 1.00000e+00  
 83.6 2.1042e+01  14 1.00000e+00  
 83.7 2.1064e+01  14 1.00000e+00  
 83.8 2.1070e+01  14 1.00000e+00  
 83.9 2.1101e+01  14 1.00000e+00  
 84.0 2.1130e+01  14 1.00000e+00  
 84.1 2.1158e+01  14 1.00000e+00  
 84.2 2.1185e+01  14 1.00000e+00  
 84.3 2.1208e+01  14 1.00000e+00  
 84.4 2.1275e+01  14 1.00000e+00  
 84.5 2.1296e+01  14 1.00000e+00  
 84.6 2.1316e+01  14 1.00000e+00  
 84.7 2.1328e+01  14 1.00000e+00  
 84.8 2.1350e+01  14 1.00000e+00  
 84.9 2.1390e+01  14 1.00000e+00  
 85.0 2.1434e+01  14 1.00000e+00  
 85.1 2.1453e+01  14 1.00000e+00  
 85.2 2.1474e+01  14 1.00000e+00  
 85.3 2.1496e+01  14 1.00000e+00  
 85.4 2.1515e+01  14 1.00000e+00  
 85.5 2.1533e+01  14 1.00000e+00  
 85.6 2.1555e+01  14 1.00000e+00  
 85.7 2.1600e+01  14 1.00000e+00  
 85.8 2.1631e+01  14 1.00000e+00  
 85.9 2.1674e+01  14 1.00000e+00  
 86.0 2.1710e+01  14 1.00000e+00  
 86.1 2.1745e+01  14 1.00000e+00  
 86.2 2.1777e+01  14 1.00000e+00  
 86.3 2.1804e+01  14 1.00000e+00  
 86.4 2.1848e+01  14 1.00000e+00  
 86.5 2.1878e+01  14 1.00000e+00  
 86.6 2.1901e+01  14 1.00000e+00  
 86.7 2.1929e+01  14 1.00000e+00  
 86.8 2.1936e+01  14 1.00000e+00  
 86.9 2.1965e+01  14 1.00000e+00  
 87.0 2.1994e+01  14 1.00000e+00  
 87.1 2.2023e+01  14 1.00000e+00  
 87.2 2.2051e+01  14 1.00000e+00  
 87.3 2.2075e+01  14 1.00000e+00  
 87.4 2.2144e+01  14 1.00000e+00  
 87.5 2.2159e+01  14 1.00000e+00  
 87.6 2.2177e+01  14 1.00000e+00  
 87.7 2.2197e+01  14 1.00000e+00  
 87.8 2.2221e+01  14 1.00000e+00  
 87.9 2.2250e+01  14 1.00000e+00  
 88.0 2.2309e+01  14 1.00000e+00  
 88.1 2.2312e+01  14 1.00000e+00  
 88.2 2.2341e+01  14 1.00000e+00  
 88.3 2.2366e+01  14 1.00000e+00  
 88.4 2.2388e+01  14 1.00000e+00  
 88.5 2.2410e+01  14 1.00000e+00  
 88.6 2.2432e+01  14 1.00000e+00  
 88.7 2.2458e+01  14 1.00000e+00  
 88.8 2.2505e+01  14 1.00000e+00  
 88.9 2.2534e+01  14 1.00000e+00  
 89.0 2.2564e+01  14 1.00000e+00  
 89.1 2.2607e+01  14 1.00000e+00  
 89.2 2.2652e+01  14 1.00000e+00  
 89.3 2.2691e+01  14 1.00000e+00  
 89.4 2.2716e+01  14 1.00000e+00  
 89.5 2.2700e+01  14 1.00000e+00  
 89.6 2.2732e+01  14 1.00000e+00  
 89.7 2.2760e+01  14 1.00000e+00  
 89.8 2.2787e+01  14 1.00000e+00  
 89.9 2.2856e+01  14 1.00000e+00  
 90.0 2.2865e+01  14 1.00000e+00  
 90.1 2.2891e+01  14 1.00000e+00  
 90.2 2.2922e+01  14 1.00000e+00  
 90.3 2.2953e+01  14 1.00000e+00  
 90.4 2.2982e+01  14 1.00000e+00  
 90.5 2.3007e+01  14 1.00000e+00  
 90.6 2.3022e+01  14 1.00000e+00  
 90.7 2.3089e+01  14 1.00000e+00  
 90.8 2.3106e+01  14 1.00000e+00  
 90.9 2.3132e+01  14 1.00000e+00  
 91.0 2.3161e+01  14 1.00000e+00  
 91.1 2.3188e+01  14 1.00000e+00  
 91.2 2.3242e+01  14 1.00000e+00  
 91.3 2.3244e+01  14 1.00000e+00  
 91.4 2.3271e+01  14 1.00000e+00  
 91.5 2.3292e+01  14 1.00000e+00  
 91.6 2.3314e+01  14 1.00000e+00  
 91.7 2.3335e+01  14 1.00000e+00  
 91.8 2.3351e+01  14 1.00000e+00  
 91.9 2.3382e+01  14 1.00000e+00  
 92.0 2.3435e+01  14 1.00000e+00  
 92.1 2.3476e+01  14 1.00000e+00  
 92.2 2.3513e+01  14 1.00000e+00  
 92.3 2.3552e+01  14 1.00000e+00  
 92.4 2.3592e+01  14 1.00000e+00  
 92.5 2.3632e+01  14 1.00000e+00  
 92.6 2.3614e+01  14 1.00000e+00  
 92.7 2.3651e+01  14 1.00000e+00  
 92.8 2.3686e+01  14 1.00000e+00  
 92.9 2.3717e+01  14 1.00000e+00  
 93.0 2.3745e+01  14 1.00000e+00  
 93.1 2.3768e+01  14 1.00000e+00  
 93.2 2.3801e+01  14 1.00000e+00  
 93.3 2.3833e+01  14 1.00000e+00  
 93.4 2.3860e+01  14 1.00000e+00  
 93.5 2.3895e+01  14 1.00000e+00  
 93.6 2.3933e+01  14 1.00000e+00  
 93.7 2.3963e+01  14 1.00000e+00  
 93.8 2.3989e+01  14 1.00000e+00  
 93.9 2.4005e+01  14 1.00000e+00  
 94.0 2.4046e+01  14 1.00000e+00  
 94.1 2.4092e+01  14 1.00000e+00  
 94.2 2.4115e+01  14 1.00000e+00  
 94.3 2.4146e+01  14 1.00000e+00  
 94.4 2.4173e+01  14 1.00000e+00  
 94.5 2.4193e+01  14 1.00000e+00  
 94.6 2.4253e+01  14 1.00000e+00  
 94.7 2.4266e+01  14 1.00000e+00  
 94.8 2.4287e+01  14 1.00000e+00  
 94.9 2.4310e+01  14 1.00000e+00  
 95.0 2.4332e+01  14 1.00000e+00  
 95.1 2.4344e+01  14 1.00000e+00  
 95.2 2.4365e+01  14 1.00000e+00  
 95.3 2.4394e+01  14 1.00000e+00  
 95.4 2.4447e+01  14 1.00000e+00  
 95.5 2.4489e+01  14 1.00000e+00  
 95.6 2.4526e+01  14 1.00000e+00  
 95.7 2.4565e+01  14 1.00000e+00  
 95.8 2.4607e+01  14 1.00000e+00  
 95.9 2.4610e+01  14 1.00000e+00  
 96.0 2.4631e+01  14 1.00000e+00  
 96.1 2.4669e+01  14 1.00000e+00  
 96.2 2.4706e+01  14 1.00000e+00  
 96.3 2.4735e+01  14 1.00000e+00  
 96.4 2.4765e+01  14 1.00000e+00  
 96.5 2.4794e+01  14 1.00000e+00  
 96.6 2.4820e+01  14 1.00000e+00  
 96.7 2.4837e+01  14 1.00000e+00  
 96.8 2.4878e+01  14 1.00000e+00  
 96.9 2.4908e+01  14 1.00000e+00  
 97.0 2.4946e+01  14 1.00000e+00  
 97.1 2.4980e+01  14 1.00000e+00  
 97.2 2.5010e+01  14 1.00000e+00  
 97.3 2.5038e+01  14 1.00000e+00  
 97.4 2.5058e+01  14 1.00000e+00  
 97.5 2.5093e+01  14 1.00000e+00  
 97.6 2.5122e+01  14 1.00000e+00  
 97.7 2.5180e+01  14 1.00000e+00  
 97.8 2.5202e+01  14 1.00000e+00  
 97.9 2.5225e+01  14 1.00000e+00  
 98.0 2.5242e+01  14 1.00000e+00  
 98.1 2.5275e+01  14 1.00000e+00  
 98.2 2.5326e+01  14 1.00000e+00  
 98.3 2.5347e+01  14 1.00000e+00  
 98.4 2.5354e+01  14 1.00000e+00  
 98.5 2.5387e+01  14 1.00000e+00  
 98.6 2.5416e+01  14 1.00000e+00  
 98.7 2.5442e+01  14 1.00000e+00  
 98.8 2.5466e+01  14 1.00000e+00  
 98.9 2.5507e+01  14 1.00000e+00  
 99.0 2.5531e+01  14 1.00000e+00  
 99.1 2.5570e+01  14 1.00000e+00  
 99.2 2.5620e+01  14 1.00000e+00  
 99.3 2.5358e+01  14 1.00000e+00  
 99.4 2.5357e+01  14 1.00000e+00  
 99.5 2.5385e+01  14 1.00000e+00  
 99.6 2.5385e+01  14 1.00000e+00  
 99.7 2.5410e+01  14 1.00000e+00  
 99.8 2.5800e+01  14 1.00000e+00  
 99.9 2.5833e+01  14 1.00000e+00  
100.0 2.5864e+01  14 1.00000e+00  
100.1 2.5895e+01  14 1.00000e+00  
100.2 2.5925e+01  14 1.00000e+00  
100.3 2.5952e+01  14 1.00000e+00  
100.4 2.5977e+01  14 1.00000e+00  
100.5 2.6008e+01  14 1.00000e+00  
100.6 2.6038e+01  14 1.00000e+00  
100.7 2.6067e+01  14 1.00000e+00  
100.8 2.6112e+01  14 1.00000e+00  
100.9 2.6142e+01  14 1.00000e+00  
101.0 2.6170e+01  14 1.00000e+00  
101.1 2.6191e+01  14 1.00000e+00  
101.2 2.6213e+01  14 1.00000e+00  
101.3 2.6256e+01  14 1.00000e+00  
101.4 2.6279e+01  14 1.00000e+00  
101.5 2.6331e+01  14 1.00000e+00  
101.6 2.6355e+01  14 1.00000e+00  
101.7 2.6371e+01  14 1.00000e+00  
101.8 2.6406e+01  14 1.00000e+00  
101.9 2.6451e+01  14 1.00000e+00  
102.0 2.6466e+01  14 1.00000e+00  
102.1 2.6492e+01  14 1.00000e+00  
102.2 2.6528e+01  14 1.00000e+00  
102.3 2.6553e+01  14 1.00000e+00  
102.4 2.6573e+01  14 1.00000e+00  
102.5 2.6591e+01  14 1.00000e+00  
102.6 2.6628e+01  14 1.00000e+00  
102.7 2.6674e+01  14 1.00000e+00  
102.8 2.6714e+01  14 1.00000e+00  
102.9 2.6750e+01  14 1.00000e+00  
103.0 2.6789e+01  14 1.00000e+00  
103.1 2.6723e+01  14 1.00000e+00  
103.2 2.6653e+01  14 1.00000e+00  
103.3 2.6592e+01  14 1.00000e+00  
103.4 2.6586e+01  14 1.00000e+00  
103.5 2.6592e+01  14 1.00000e+00  
103.6 2.6473e+01  14 1.00000e+00  
103.7 2.6405e+01  14 1.00000e+00  
103.8 2.6363e+01  14 1.00000e+00  
103.9 2.6374e+01  14 1.00000e+00  
104.0 2.6374e+01  14 1.00000e+00  
104.1 2.6200e+01  14 1.00000e+00  
104.2 2.6161e+01  14 1.00000e+00  
104.3 2.6113e+01  14 1.00000e+00  
104.4 2.6127e+01  14 1.00000e+00  
104.5 2.6131e+01  14 1.00000e+00  
104.6 2.6135e+01  14 1.00000e+00  
104.7 2.5907e+01  14 1.00000e+00  
104.8 2.2244e+01  14 1.00000e+00  
104.9 2.2250e+01  14 1.00000e+00  
105.0 2.2303e+01  14 1.00000e+00  
105.1 2.2310e+01  14 1.00000e+00  
105.2 2.2316e+01  14 1.00000e+00  
105.3 2.2313e+01  14 1.00000e+00  
105.4 2.2331e+01  14 1.00000e+00  
105.5 2.2330e+01  14 1.00000e+00  
105.6 2.2349e+01  14 1.00000e+00  
105.7 2.2352e+01  14 1.00000e+00  
105.8 2.6781e+01  14 1.00000e+00  
105.9 2.6827e+01  14 1.00000e+00  
106.0 2.6836e+01  14 1.00000e+00  
106.1 2.6868e+01  14 1.00000e+00  
106.2 2.6893e+01  14 1.00000e+00  
106.3 2.6936e+01  14 1.00000e+00  
106.4 2.6969e+01  14 1.00000e+00  
106.5 2.7001e+01  14 1.00000e+00  
106.6 2.7031e+01  14 1.00000e+00  
106.7 2.7062e+01  14 1.00000e+00  
106.8 2.7092e+01  14 1.00000e+00  
106.9 2.7121e+01  14 1.00000e+00  
107.0 2.7119e+01  14 1.00000e+00  
107.1 2.7590e+01  14 1.00000e+00  
107.2 2.7606e+01  14 1.00000e+00  
107.3 2.7639e+01  14 1.00000e+00  
107.4 2.7653e+01  14 1.00000e+00  
107.5 2.7712e+01  14 1.00000e+00  
107.6 2.7736e+01  14 1.00000e+00  
107.7 2.7762e+01  14 1.00000e+00  
107.8 2.7741e+01  14 1.00000e+00  
107.9 2.7713e+01  14 1.00000e+00  
108.0 2.7637e+01  14 1.00000e+00  
108.1 2.7593e+01  14 1.00000e+00  
108.2 2.7547e+01  14 1.00000e+00  
108.3 2.7496e+01  14 1.00000e+00  
108.4 2.7455e+01  14 1.00000e+00  
108.5 2.7398e+01  14 1.00000e+00  
108.6 2.7357e+01  14 1.00000e+00  
108.7 2.7306e+01  14 1.00000e+00  
108.8 2.7238e+01  14 1.00000e+00  
108.9 2.7186e+01  14 1.00000e+00  
109.0 2.7143e+01  14 1.00000e+00  
109.1 2.7093e+01  14 1.00000e+00  
109.2 2.7041e+01  14 1.00000e+00  
109.3 2.6988e+01  14 1.00000e+00  
109.4 2.6932e+01  14 1.00000e+00  
109.5 2.6877e+01  14 1.00000e+00  
109.6 2.2371e+01  14 1.00000e+00  
109.7 2.2371e+01  14 1.00000e+00  
109.8 2.2391e+01  14 1.00000e+00  
109.9 2.2391e+01  14 1.00000e+00  
110.0 2.2412e+01  14 1.00000e+00  
110.1 2.2415e+01  14 1.00000e+00  
110.2 2.2430e+01  14 1.00000e+00  
110.3 2.2191e+01  14 1.00000e+00  
110.4 2.2194e+01  14 1.00000e+00  
110.5 2.2204e+01  14 1.00000e+00  
110.6 2.2219e+01  14 1.00000e+00  
110.7 2.2220e+01  14 1.00000e+00  
110.8 2.2239e+01  14 1.00000e+00  
110.9 2.2248e+01  14 1.00000e+00  
111.0 2.2238e+01  14 1.00000e+00  
111.1 2.2249e+01  14 1.00000e+00  
111.2 2.2249e+01  14 1.00000e+00  
111.3 2.2294e+01  14 1.00000e+00  
111.4 2.2305e+01  14 1.00000e+00  
111.5 2.2319e+01  14 1.00000e+00  
111.6 2.2327e+01  14 1.00000e+00  
111.7 2.2333e+01  14 1.00000e+00  
111.8 2.2295e+01  14 1.00000e+00  
111.9 2.2309e+01  14 1.00000e+00  
112.0 2.2316e+01  14 1.00000e+00  
112.1 2.2313e+01  14 1.00000e+00  
112.2 2.2330e+01  14 1.00000e+00  
112.3 2.2332e+01  14 1.00000e+00  
112.4 2.2346e+01  14 1.00000e+00  
112.5 2.2333e+01  14 1.00000e+00  
112.6 2.2343e+01  14 1.00000e+00  
112.7 2.2350e+01  14 1.00000e+00  
112.8 2.2353e+01  14 1.00000e+00  
112.9 2.2360e+01  14 1.00000e+00  
113.0 2.2373e+01  14 1.00000e+00  
113.1 2.2372e+01  14 1.00000e+00  
113.2 2.2379e+01  14 1.00000e+00  
113.3 2.2393e+01  14 1.00000e+00  
113.4 2.2390e+01  14 1.00000e+00  
113.5 2.6859e+01  14 1.00000e+00  
113.6 2.6873e+01  14 1.00000e+00  
113.7 2.6917e+01  14 1.00000e+00  
113.8 2.6951e+01  14 1.00000e+00  
113.9 2.6981e+01  14 1.00000e+00  
114.0 2.7010e+01  14 1.00000e+00  
114.1 2.7038e+01  14 1.00000e+00  
114.2 2.7066e+01  14 1.00000e+00  
114.3 2.7094e+01  14 1.00000e+00  
114.4 2.7121e+01  14 1.00000e+00  
114.5 2.7147e+01  14 1.00000e+00  
114.6 2.7144e+01  14 1.00000e+00  
114.7 2.7167e+01  14 1.00000e+00  
114.8 2.7190e+01  14 1.00000e+00  
114.9 2.7219e+01  14 1.00000e+00  
115.0 2.7245e+01  14 1.00000e+00  
115.1 2.7280e+01  14 1.00000e+00  
115.2 2.7314e+01  14 1.00000e+00  
115.3 2.7341e+01  14 1.00000e+00  
115.4 2.7367e+01  14 1.00000e+00  
115.5 2.7808e+01  14 1.00000e+00  
115.6 2.7772e+01  14 1.00000e+00  
115.7 2.7727e+01  14 1.00000e+00  
115.8 2.7649e+01  14 1.00000e+00  
115.9 2.7600e+01  14 1.00000e+00  
116.0 2.7556e+01  14 1.00000e+00  
116.1 2.7468e+01  14 1.00000e+00  
116.2 2.7401e+01  14 1.00000e+00  
116.3 2.7357e+01  14 1.00000e+00  
116.4 2.7300e+01  14 1.00000e+00  
116.5 2.7228e+01  14 1.00000e+00  
116.6 2.7172e+01  14 1.00000e+00  
116.7 2.7120e+01  14 1.00000e+00  
116.8 2.7062e+01  14 1.00000e+00  
116.9 2.7003e+01  14 1.00000e+00  
117.0 2.6794e+01  14 1.00000e+00  
117.1 2.6724e+01  14 1.00000e+00  
117.2 2.2353e+01  14 1.00000e+00  
117.3 2.2361e+01  14 1.00000e+00  
117.4 2.2373e+01  14 1.00000e+00  
117.5 2.2375e+01  14 1.00000e+00  
117.6 2.2392e+01  14 1.00000e+00  
117.7 2.2394e+01  14 1.00000e+00  
117.8 2.2404e+01  14 1.00000e+00  
117.9 2.2394e+01  14 1.00000e+00  
118.0 2.2389e+01  14 1.00000e+00  
118.1 2.2410e+01  14 1.00000e+00  
118.2 2.2414e+01  14 1.00000e+00  
118.3 2.2415e+01  14 1.00000e+00  
118.4 2.2424e+01  14 1.00000e+00  
118.5 2.2190e+01  14 1.00000e+00  
118.6 2.2194e+01  14 1.00000e+00  
118.7 2.2205e+01  14 1.00000e+00  
118.8 2.2220e+01  14 1.00000e+00  
118.9 2.2219e+01  14 1.00000e+00  
119.0 2.2242e+01  14 1.00000e+00  
119.1 2.2250e+01  14 1.00000e+00  
119.2 2.2264e+01  14 1.00000e+00  
119.3 2.2295e+01  14 1.00000e+00  
119.4 2.2306e+01  14 1.00000e+00  
119.5 2.2225e+01  14 1.00000e+00  
119.6 2.2244e+01  14 1.00000e+00  
119.7 2.2318e+01  14 1.00000e+00  
119.8 2.2241e+01  14 1.00000e+00  
119.9 2.2248e+01  14 1.00000e+00  
120.0 2.2250e+01  14 1.00000e+00  
120.1 2.2264e+01  14 1.00000e+00  
120.2 2.2302e+01  14 1.00000e+00  
120.3 2.2310e+01  14 1.00000e+00  
120.4 2.2300e+01  14 1.00000e+00  
120.5 2.2318e+01  14 1.00000e+00  
120.6 2.2315e+01  14 1.00000e+00  
120.7 2.2324e+01  14 1.00000e+00  
120.8 2.2332e+01  14 1.00000e+00  
120.9 2.2332e+01  14 1.00000e+00  
121.0 2.2330e+01  14 1.00000e+00  
121.1 2.6749e+01  14 1.00000e+00  
121.2 2.6771e+01  14 1.00000e+00  
121.3 2.6812e+01  14 1.00000e+00  
121.4 2.6820e+01  14 1.00000e+00  
121.5 2.6852e+01  14 1.00000e+00  
121.6 2.6878e+01  14 1.00000e+00  
121.7 2.6899e+01  14 1.00000e+00  
121.8 2.7343e+01  14 1.00000e+00  
121.9 2.7368e+01  14 1.00000e+00  
122.0 2.7389e+01  14 1.00000e+00  
122.1 2.7402e+01  14 1.00000e+00  
122.2 2.7439e+01  14 1.00000e+00  
122.3 2.7464e+01  14 1.00000e+00  
122.4 2.7486e+01  14 1.00000e+00  
122.5 2.7544e+01  14 1.00000e+00  
122.6 2.7566e+01  14 1.00000e+00  
122.7 2.7580e+01  14 1.00000e+00  
122.8 2.7603e+01  14 1.00000e+00  
122.9 2.7625e+01  14 1.00000e+00  
123.0 2.7646e+01  14 1.00000e+00  
123.1 2.7696e+01  14 1.00000e+00  
123.2 2.7651e+01  14 1.00000e+00  
123.3 2.7605e+01  14 1.00000e+00  
123.4 2.7389e+01  14 1.00000e+00  
123.5 2.7342e+01  14 1.00000e+00  
123.6 2.7285e+01  14 1.00000e+00  
123.7 2.7223e+01  14 1.00000e+00  
123.8 2.7171e+01  14 1.00000e+00  
123.9 2.7125e+01  14 1.00000e+00  
124.0 2.7072e+01  14 1.00000e+00  
124.1 2.7019e+01  14 1.00000e+00  
124.2 2.6965e+01  14 1.00000e+00  
124.3 2.6890e+01  14 1.00000e+00  
124.4 2.6917e+01  14 1.00000e+00  
124.5 2.6795e+01  14 1.00000e+00  
124.6 2.6714e+01  14 1.00000e+00  
124.7 2.6622e+01  14 1.00000e+00  
124.8 2.6558e+01  14 1.00000e+00  
124.9 2.2214e+01  14 1.00000e+00  
125.0 2.2220e+01  14 1.00000e+00  
125.1 2.2222e+01  14 1.00000e+00  
125.2 2.2220e+01  14 1.00000e+00  
125.3 2.2239e+01  14 1.00000e+00  
125.4 2.2246e+01  14 1.00000e+00  
125.5 2.2250e+01  14 1.00000e+00  
125.6 2.2241e+01  14 1.00000e+00  
125.7 2.2249e+01  14 1.00000e+00  
125.8 2.2249e+01  14 1.00000e+00  
125.9 2.2296e+01  14 1.00000e+00  
126.0 2.2310e+01  14 1.00000e+00  
126.1 2.2315e+01  14 1.00000e+00  
126.2 2.2317e+01  14 1.00000e+00  
126.3 2.2328e+01  14 1.00000e+00  
126.4 2.2333e+01  14 1.00000e+00  
126.5 2.2303e+01  14 1.00000e+00  
126.6 2.2299e+01  14 1.00000e+00  
126.7 2.2310e+01  14 1.00000e+00  
126.8 2.2315e+01  14 1.00000e+00  
126.9 2.2309e+01  14 1.00000e+00  
127.0 2.2310e+01  14 1.00000e+00  
127.1 2.2306e+01  14 1.00000e+00  
127.2 2.2318e+01  14 1.00000e+00  
127.3 2.2312e+01  14 1.00000e+00  
127.4 2.2321e+01  14 1.00000e+00  
127.5 2.2332e+01  14 1.00000e+00  
127.6 2.2333e+01  14 1.00000e+00  
127.7 2.2330e+01  14 1.00000e+00  
127.8 2.2349e+01  14 1.00000e+00  
127.9 2.2353e+01  14 1.00000e+00  
128.0 2.2349e+01  14 1.00000e+00  
128.1 2.6784e+01  14 1.00000e+00  
128.2 2.6817e+01  14 1.00000e+00  
128.3 2.6822e+01  14 1.00000e+00  
128.4 2.6852e+01  14 1.00000e+00  
128.5 2.6878e+01  14 1.00000e+00  
128.6 2.6897e+01  14 1.00000e+00  
128.7 2.6932e+01  14 1.00000e+00  
128.8 2.6958e+01  14 1.00000e+00  
128.9 2.7384e+01  14 1.00000e+00  
129.0 2.7400e+01  14 1.00000e+00  
129.1 2.7429e+01  14 1.00000e+00  
129.2 2.7455e+01  14 1.00000e+00  
129.3 2.7477e+01  14 1.00000e+00  
129.4 2.7494e+01  14 1.00000e+00  
129.5 2.7556e+01  14 1.00000e+00  
129.6 2.7570e+01  14 1.00000e+00  
129.7 2.7592e+01  14 1.00000e+00  
129.8 2.7606e+01  14 1.00000e+00  
129.9 2.7631e+01  14 1.00000e+00  
130.0 2.7651e+01  14 1.00000e+00  
130.1 2.7465e+01  14 1.00000e+00  
130.2 2.7399e+01  14 1.00000e+00  
130.3 2.7348e+01  14 1.00000e+00  
130.4 2.7280e+01  14 1.00000e+00  
130.5 2.7213e+01  14 1.00000e+00  
130.6 2.7156e+01  14 1.00000e+00  
130.7 2.7097e+01  14 1.00000e+00  
130.8 2.7036e+01  14 1.00000e+00  
130.9 2.6989e+01  14 1.00000e+00  
131.0 2.6921e+01  14 1.00000e+00  
131.1 2.6857e+01  14 1.00000e+00  
131.2 2.6858e+01  14 1.00000e+00  
131.3 2.6724e+01  14 1.00000e+00  
131.4 2.2412e+01  14 1.00000e+00  
131.5 2.2416e+01  14 1.00000e+00  
131.6 2.2415e+01  14 1.00000e+00  
131.7 2.2416e+01  14 1.00000e+00  
131.8 2.2183e+01  14 1.00000e+00  
131.9 2.2190e+01  14 1.00000e+00  
132.0 2.2412e+01  14 1.00000e+00  
132.1 2.2428e+01  14 1.00000e+00  
132.2 2.2170e+01  14 1.00000e+00  
132.3 2.2189e+01  14 1.00000e+00  
132.4 2.2195e+01  14 1.00000e+00  
132.5 2.2202e+01  14 1.00000e+00  
132.6 2.2216e+01  14 1.00000e+00  
132.7 2.2222e+01  14 1.00000e+00  
132.8 2.2220e+01  14 1.00000e+00  
132.9 2.2242e+01  14 1.00000e+00  
133.0 2.2249e+01  14 1.00000e+00  
133.1 2.2250e+01  14 1.00000e+00  
133.2 2.2264e+01  14 1.00000e+00  
133.3 2.2455e+01  14 1.00000e+00  
133.4 2.2445e+01  14 1.00000e+00  
133.5 2.2249e+01  14 1.00000e+00  
133.6 2.2208e+01  14 1.00000e+00  
133.7 2.2214e+01  14 1.00000e+00  
133.8 2.2219e+01  14 1.00000e+00  
133.9 2.2221e+01  14 1.00000e+00  
134.0 2.2221e+01  14 1.00000e+00  
134.1 2.2220e+01  14 1.00000e+00  
134.2 2.2216e+01  14 1.00000e+00  
134.3 2.2221e+01  14 1.00000e+00  
134.4 2.2220e+01  14 1.00000e+00  
134.5 2.2238e+01  14 1.00000e+00  
134.6 2.2246e+01  14 1.00000e+00  
134.7 2.7059e+01  14 1.00000e+00  
134.8 2.7083e+01  14 1.00000e+00  
134.9 2.7101e+01  14 1.00000e+00  
135.0 2.7124e+01  14 1.00000e+00  
135.1 2.7147e+01  14 1.00000e+00  
135.2 2.7140e+01  14 1.00000e+00  
135.3 2.7161e+01  14 1.00000e+00  
135.4 2.7178e+01  14 1.00000e+00  
135.5 2.7203e+01  14 1.00000e+00  
135.6 2.7226e+01  14 1.00000e+00  
135.7 2.7250e+01  14 1.00000e+00  
135.8 2.7277e+01  14 1.00000e+00  
135.9 2.7309e+01  14 1.00000e+00  
136.0 2.7763e+01  14 1.00000e+00  
136.1 2.7774e+01  14 1.00000e+00  
136.2 2.7771e+01  14 1.00000e+00  
136.3 2.7735e+01  14 1.00000e+00  
136.4 2.7654e+01  14 1.00000e+00  
136.5 2.7605e+01  14 1.00000e+00  
136.6 2.7562e+01  14 1.00000e+00  
136.7 2.7474e+01  14 1.00000e+00  
136.8 2.7426e+01  14 1.00000e+00  
136.9 2.7374e+01  14 1.00000e+00  
137.0 2.7317e+01  14 1.00000e+00  
137.1 2.7241e+01  14 1.00000e+00  
137.2 2.7036e+01  14 1.00000e+00  
137.3 2.7000e+01  14 1.00000e+00  
137.4 2.6863e+01  14 1.00000e+00  
137.5 2.6814e+01  14 1.00000e+00  
137.6 2.6725e+01  14 1.00000e+00  
137.7 2.6650e+01  14 1.00000e+00  
137.8 2.2244e+01  14 1.00000e+00  
137.9 2.2248e+01  14 1.00000e+00  
138.0 2.2250e+01  14 1.00000e+00  
138.1 2.2248e+01  14 1.00000e+00  
138.2 2.2302e+01  14 1.00000e+00  
138.3 2.2300e+01  14 1.00000e+00  
138.4 2.2299e+01  14 1.00000e+00  
138.5 2.2309e+01  14 1.00000e+00  
138.6 2.2302e+01  14 1.00000e+00  
138.7 2.2309e+01  14 1.00000e+00  
138.8 2.2300e+01  14 1.00000e+00  
138.9 2.2316e+01  14 1.00000e+00  
139.0 2.2317e+01  14 1.00000e+00  
139.1 2.2327e+01  14 1.00000e+00  
139.2 2.2332e+01  14 1.00000e+00  
139.3 2.2250e+01  14 1.00000e+00  
139.4 2.2303e+01  14 1.00000e+00  
139.5 2.2294e+01  14 1.00000e+00  
139.6 2.2249e+01  14 1.00000e+00  
139.7 2.2249e+01  14 1.00000e+00  
139.8 2.2302e+01  14 1.00000e+00  
139.9 2.2294e+01  14 1.00000e+00  
140.0 2.2307e+01  14 1.00000e+00  
140.1 2.2310e+01  14 1.00000e+00  
140.2 2.2301e+01  14 1.00000e+00  
140.3 2.2315e+01  14 1.00000e+00  
140.4 2.2318e+01  14 1.00000e+00  
140.5 2.2317e+01  14 1.00000e+00  
140.6 2.2319e+01  14 1.00000e+00  
140.7 2.2313e+01  14 1.00000e+00  
140.8 2.2329e+01  14 1.00000e+00  
140.9 2.6727e+01  14 1.00000e+00  
141.0 2.6754e+01  14 1.00000e+00  
141.1 2.6773e+01  14 1.00000e+00  
141.2 2.6816e+01  14 1.00000e+00  
141.3 2.7214e+01  14 1.00000e+00  
141.4 2.7235e+01  14 1.00000e+00  
141.5 2.7259e+01  14 1.00000e+00  
141.6 2.7296e+01  14 1.00000e+00  
141.7 2.7319e+01  14 1.00000e+00  
141.8 2.7341e+01  14 1.00000e+00  
141.9 2.7363e+01  14 1.00000e+00  
142.0 2.7383e+01  14 1.00000e+00  
142.1 2.7394e+01  14 1.00000e+00  
142.2 2.7403e+01  14 1.00000e+00  
142.3 2.7747e+01  14 1.00000e+00  
142.4 2.7689e+01  14 1.00000e+00  
142.5 2.7606e+01  14 1.00000e+00  
142.6 2.7560e+01  14 1.00000e+00  
142.7 2.7465e+01  14 1.00000e+00  
142.8 2.7396e+01  14 1.00000e+00  
142.9 2.7365e+01  14 1.00000e+00  
143.0 2.7299e+01  14 1.00000e+00  
143.1 2.7218e+01  14 1.00000e+00  
143.2 2.7156e+01  14 1.00000e+00  
143.3 2.6930e+01  14 1.00000e+00  
143.4 2.6858e+01  14 1.00000e+00  
143.5 2.6812e+01  14 1.00000e+00  
143.6 2.6724e+01  14 1.00000e+00  
143.7 2.6637e+01  14 1.00000e+00  
143.8 2.2264e+01  14 1.00000e+00  
143.9 2.2303e+01  14 1.00000e+00  
144.0 2.2297e+01  14 1.00000e+00  
144.1 2.2310e+01  14 1.00000e+00  
144.2 2.2307e+01  14 1.00000e+00  
144.3 2.2303e+01  14 1.00000e+00  
144.4 2.2317e+01  14 1.00000e+00  
144.5 2.2318e+01  14 1.00000e+00  
144.6 2.2311e+01  14 1.00000e+00  
144.7 2.2327e+01  14 1.00000e+00  
144.8 2.2333e+01  14 1.00000e+00  
144.9 2.2332e+01  14 1.00000e+00  
145.0 2.2333e+01  14 1.00000e+00  
145.1 2.2331e+01  14 1.00000e+00  
145.2 2.2348e+01  14 1.00000e+00  
145.3 2.2353e+01  14 1.00000e+00  
145.4 2.2300e+01  14 1.00000e+00  
145.5 2.2318e+01  14 1.00000e+00  
145.6 2.2317e+01  14 1.00000e+00  
145.7 2.2311e+01  14 1.00000e+00  
145.8 2.2325e+01  14 1.00000e+00  
145.9 2.2331e+01  14 1.00000e+00  
146.0 2.2318e+01  14 1.00000e+00  
146.1 2.2318e+01  14 1.00000e+00  
146.2 2.2313e+01  14 1.00000e+00  
146.3 2.2311e+01  14 1.00000e+00  
146.4 2.2327e+01  14 1.00000e+00  
146.5 2.2329e+01  14 1.00000e+00  
146.6 2.2332e+01  14 1.00000e+00  
146.7 2.2333e+01  14 1.00000e+00  
146.8 2.2333e+01  14 1.00000e+00  
146.9 2.6730e+01  14 1.00000e+00  
147.0 2.6759e+01  14 1.00000e+00  
147.1 2.6773e+01  14 1.00000e+00  
147.2 2.6819e+01  14 1.00000e+00  
147.3 2.7216e+01  14 1.00000e+00  
147.4 2.7236e+01  14 1.00000e+00  
147.5 2.7259e+01  14 1.00000e+00  
147.6 2.7295e+01  14 1.00000e+00  
147.7 2.7318e+01  14 1.00000e+00  
147.8 2.7339e+01  14 1.00000e+00  
147.9 2.7360e+01  14 1.00000e+00  
148.0 2.7380e+01  14 1.00000e+00  
148.1 2.7396e+01  14 1.00000e+00  
148.2 2.7401e+01  14 1.00000e+00  
148.3 2.7435e+01  14 1.00000e+00  
148.4 2.7741e+01  14 1.00000e+00  
148.5 2.7709e+01  14 1.00000e+00  
148.6 2.7609e+01  14 1.00000e+00  
148.7 2.7570e+01  14 1.00000e+00  
148.8 2.7487e+01  14 1.00000e+00  
148.9 2.7427e+01  14 1.00000e+00  
149.0 2.7373e+01  14 1.00000e+00  
149.1 2.7329e+01  14 1.00000e+00  
149.2 2.7273e+01  14 1.00000e+00  
149.3 2.7209e+01  14 1.00000e+00  
149.4 2.7153e+01  14 1.00000e+00  
149.5 2.7095e+01  14 1.00000e+00  
149.6 2.6868e+01  14 1.00000e+00  
149.7 2.6828e+01  14 1.00000e+00  
149.8 2.6739e+01  14 1.00000e+00  
149.9 2.6680e+01  14 1.00000e+00  
150.0 2.2310e+01  14 1.00000e+00  
