 15.1 1.4571e+00  13 4.47009e-02  
 15.2 1.4646e+00  13 4.50473e-02  
 15.3 1.4721e+00  13 4.53893e-02  
 15.4 1.4795e+00  13 4.57271e-02  
 15.5 1.4870e+00  13 4.60608e-02  
 15.6 1.4945e+00  13 4.63904e-02  
 15.7 1.5019e+00  13 4.67160e-02  
 15.8 1.5094e+00  13 4.70377e-02  
 15.9 1.5169e+00  13 4.73555e-02  
 16.0 1.5243e+00  13 4.76696e-02  
 16.1 1.5318e+00  13 4.79799e-02  
 16.2 1.5393e+00  13 4.82867e-02  
 16.3 1.5467e+00  13 4.85898e-02  
 16.4 1.5542e+00  13 4.88894e-02  
 16.5 1.5616e+00  13 4.91856e-02  
 16.6 1.5691e+00  13 4.94783e-02  
 16.7 1.5766e+00  13 4.97677e-02  
 16.8 1.5840e+00  13 5.00538e-02  
 16.9 1.5915e+00  13 5.03368e-02  
 17.0 1.5989e+00  13 5.06166e-02  
 17.1 1.6064e+00  13 5.08933e-02  
 17.2 1.6138e+00  13 5.11669e-02  
 17.3 1.6213e+00  13 5.14375e-02  
 17.4 1.6287e+00  13 5.17051e-02  
 17.5 1.6361e+00  13 5.19699e-02  
 17.6 1.6436e+00  13 5.22317e-02  
 17.7 1.6510e+00  13 5.24907e-02  
 17.8 1.6584e+00  13 5.27470e-02  
 17.9 1.6689e+00  13 5.32379e-02  
 18.0 1.6810e+00  13 5.38435e-02  
 18.1 1.6931e+00  13 5.44508e-02  
 18.2 1.7053e+00  13 5.50597e-02  
 18.3 1.7176e+00  13 5.56703e-02  
 18.4 1.7301e+00  13 5.62826e-02  
 18.5 1.7426e+00  13 5.68967e-02  
 18.6 1.7552e+00  13 5.75127e-02  
 18.7 1.7679e+00  13 5.81306e-02  
 18.8 1.7807e+00  13 5.87504e-02  
 18.9 1.7936e+00  13 5.93722e-02  
 19.0 1.8066e+00  13 5.99081e-02  
 19.1 1.8196e+00  13 6.05325e-02  
 19.2 1.8328e+00  13 6.11591e-02  
 19.3 1.8461e+00  13 6.17878e-02  
 19.4 1.8595e+00  13 6.24188e-02  
 19.5 1.8730e+00  13 6.30520e-02  
 19.6 1.8866e+00  13 6.36876e-02  
 19.7 1.9003e+00  13 6.43256e-02  
 19.8 1.9141e+00  13 6.49661e-02  
 19.9 1.7455e+01  14 1.00000e+00  
 20.0 1.7539e+01  14 1.00000e+00  
 20.1 1.7623e+01  14 1.00000e+00  
 20.2 1.7707e+01  14 1.00000e+00  
 20.3 1.7792e+01  14 1.00000e+00  
 20.4 1.7876e+01  14 1.00000e+00  
 20.5 1.7960e+01  14 1.00000e+00  
 20.6 1.8044e+01  14 1.00000e+00  
 20.7 1.8128e+01  14 1.00000e+00  
 20.8 1.8212e+01  14 1.00000e+00  
 20.9 1.8297e+01  14 1.00000e+00  
 21.0 1.8381e+01  14 1.00000e+00  
 21.1 1.8464e+01  14 1.00000e+00  
 21.2 1.8548e+01  14 1.00000e+00  
 21.3 1.8632e+01  14 1.00000e+00  
 21.4 1.8716e+01  14 1.00000e+00  
 21.5 1.8800e+01  14 1.00000e+00  
 21.6 1.8884e+01  14 1.00000e+00  
 21.7 1.8967e+01  14 1.00000e+00  
 21.8 1.9051e+01  14 1.00000e+00  
 21.9 1.9135e+01  14 1.00000e+00  
 22.0 1.9218e+01  14 1.00000e+00  
 22.1 1.9302e+01  14 1.00000e+00  
 22.2 1.9385e+01  14 1.00000e+00  
 22.3 1.9469e+01  14 1.00000e+00  
 22.4 1.9552e+01  14 1.00000e+00  
 22.5 1.9636e+01  14 1.00000e+00  
 22.6 1.9719e+01  14 1.00000e+00  
 22.7 1.9802e+01  14 1.00000e+00  
 22.8 5.6063e+00  14 2.47888e-01  
 22.9 5.7245e+00  14 2.53002e-01  
 23.0 5.8443e+00  14 2.58157e-01  
 23.1 5.9657e+00  14 2.63354e-01  
 23.2 6.0888e+00  14 2.68592e-01  
 23.3 6.2135e+00  14 2.73872e-01  
 23.4 6.3399e+00  14 2.79192e-01  
 23.5 6.4680e+00  14 2.84553e-01  
 23.6 6.5977e+00  14 2.89954e-01  
 23.7 6.7292e+00  14 2.95396e-01  
 23.8 6.8623e+00  14 3.00877e-01  
 23.9 6.9971e+00  14 3.06399e-01  
 24.0 7.1336e+00  14 3.11960e-01  
 24.1 7.2718e+00  14 3.17561e-01  
 24.2 7.4117e+00  14 3.23202e-01  
 24.3 7.5533e+00  14 3.28882e-01  
 24.4 7.6966e+00  14 3.34600e-01  
 24.5 7.8417e+00  14 3.40358e-01  
 24.6 7.9885e+00  14 3.46155e-01  
 24.7 8.1370e+00  14 3.51990e-01  
 24.8 8.2873e+00  14 3.57864e-01  
 24.9 8.4393e+00  14 3.63776e-01  
 25.0 8.5931e+00  14 3.69727e-01  
 25.1 8.7487e+00  14 3.75716e-01  
 25.2 8.9060e+00  14 3.81743e-01  
 25.3 9.0651e+00  14 3.87808e-01  
 25.4 9.2259e+00  14 3.93910e-01  
 25.5 9.3886e+00  14 4.00050e-01  
 25.6 9.5530e+00  14 4.06228e-01  
 25.7 9.7193e+00  14 4.12444e-01  
 25.8 9.8873e+00  14 4.18697e-01  
 25.9 1.0057e+01  14 4.24987e-01  
 26.0 1.0229e+01  14 4.31314e-01  
 26.1 1.0402e+01  14 4.37679e-01  
 26.2 1.0578e+01  14 4.44080e-01  
 26.3 1.0755e+01  14 4.50519e-01  
 26.4 1.0934e+01  14 4.56994e-01  
 26.5 1.1115e+01  14 4.63506e-01  
 26.6 1.1297e+01  14 4.70055e-01  
 26.7 1.1482e+01  14 4.76640e-01  
 26.8 1.1668e+01  14 4.83262e-01  
 26.9 1.1857e+01  14 4.89920e-01  
 27.0 1.2047e+01  14 4.96615e-01  
 27.1 1.2239e+01  14 5.03346e-01  
 27.2 1.2433e+01  14 5.10113e-01  
 27.3 1.2629e+01  14 5.16917e-01  
 27.4 1.2827e+01  14 5.23757e-01  
 27.5 1.3026e+01  14 5.30633e-01  
 27.6 1.3228e+01  14 5.37545e-01  
 27.7 1.3432e+01  14 5.44492e-01  
 27.8 1.3637e+01  14 5.51476e-01  
 27.9 1.3845e+01  14 5.58496e-01  
 28.0 1.4054e+01  14 5.65552e-01  
 28.1 1.4265e+01  14 5.72644e-01  
 28.2 1.4479e+01  14 5.79771e-01  
 28.3 1.4694e+01  14 5.86934e-01  
 28.4 1.4911e+01  14 5.94133e-01  
 28.5 1.5130e+01  14 6.01368e-01  
 28.6 1.5352e+01  14 6.08638e-01  
 28.7 1.5575e+01  14 6.15944e-01  
 28.8 1.5800e+01  14 6.23285e-01  
 28.9 1.6027e+01  14 6.30663e-01  
 29.0 1.6256e+01  14 6.38075e-01  
 29.1 1.6488e+01  14 6.45523e-01  
 29.2 1.6721e+01  14 6.53007e-01  
 29.3 1.6956e+01  14 6.60526e-01  
 29.4 1.7152e+01  14 6.68302e-01  
 29.5 1.7391e+01  14 6.75888e-01  
 29.6 1.7631e+01  14 6.83509e-01  
 29.7 1.7874e+01  14 6.91165e-01  
 29.8 1.8118e+01  14 6.98857e-01  
 29.9 1.8365e+01  14 7.06584e-01  
 30.0 1.8613e+01  14 7.14347e-01  
 30.1 1.8864e+01  14 7.22145e-01  
 30.2 1.9117e+01  14 7.29978e-01  
 30.3 1.9372e+01  14 7.37847e-01  
 30.4 1.9629e+01  14 7.45751e-01  
 30.5 1.9888e+01  14 7.53690e-01  
 30.6 2.0149e+01  14 7.61665e-01  
 30.7 2.0412e+01  14 7.69675e-01  
 30.8 2.0678e+01  14 7.77721e-01  
 30.9 2.0946e+01  14 7.85802e-01  
 31.0 2.1215e+01  14 7.93918e-01  
 31.1 2.1487e+01  14 8.02069e-01  
 31.2 2.1761e+01  14 8.10258e-01  
 31.3 2.2036e+01  14 8.18481e-01  
 31.4 2.2314e+01  14 8.26740e-01  
 31.5 2.2528e+01  14 8.35149e-01  
 31.6 2.2809e+01  14 8.43472e-01  
 31.7 2.3092e+01  14 8.51831e-01  
 31.8 2.3378e+01  14 8.60225e-01  
 31.9 2.3666e+01  14 8.68654e-01  
 32.0 2.3956e+01  14 8.77119e-01  
 32.1 2.4248e+01  14 8.85621e-01  
 32.2 2.4541e+01  14 8.94158e-01  
 32.3 2.4838e+01  14 9.02730e-01  
 32.4 2.5136e+01  14 9.11338e-01  
 32.5 2.5356e+01  14 9.20037e-01  
 32.6 2.5657e+01  14 9.28710e-01  
 32.7 2.5961e+01  14 9.37418e-01  
 32.8 2.6267e+01  14 9.46162e-01  
 32.9 2.6576e+01  14 9.54941e-01  
 33.0 2.6886e+01  14 9.63757e-01  
 33.1 2.7198e+01  14 9.72608e-01  
 33.2 2.7513e+01  14 9.81495e-01  
 33.3 2.7829e+01  14 9.90418e-01  
 33.4 2.8148e+01  14 9.99376e-01  
 33.5 2.8145e+01  14 1.00000e+00  
 33.6 2.8220e+01  14 1.00000e+00  
 33.7 2.8295e+01  14 1.00000e+00  
 33.8 2.8371e+01  14 1.00000e+00  
 33.9 2.8446e+01  14 1.00000e+00  
 34.0 2.8519e+01  14 1.00000e+00  
 34.1 2.8593e+01  14 1.00000e+00  
 34.2 2.8668e+01  14 1.00000e+00  
 34.3 2.8742e+01  14 1.00000e+00  
 34.4 2.8816e+01  14 1.00000e+00  
 34.5 2.8787e+01  14 1.00000e+00  
 34.6 2.8728e+01  14 1.00000e+00  
 34.7 2.8802e+01  14 1.00000e+00  
 34.8 2.8876e+01  14 1.00000e+00  
 34.9 2.8948e+01  14 1.00000e+00  
 35.0 2.8875e+01  14 1.00000e+00  
 35.1 2.8949e+01  14 1.00000e+00  
 35.2 2.9022e+01  14 1.00000e+00  
 35.3 2.9095e+01  14 1.00000e+00  
 35.4 2.9168e+01  14 1.00000e+00  
 35.5 2.9093e+01  14 1.00000e+00  
 35.6 2.9057e+01  14 1.00000e+00  
 35.7 2.9130e+01  14 1.00000e+00  
 35.8 2.9203e+01  14 1.00000e+00  
 35.9 2.9125e+01  14 1.00000e+00  
 36.0 2.7149e+01  14 1.00000e+00  
 36.1 2.5856e+01  14 1.00000e+00  
 36.2 2.3275e+01  14 1.00000e+00  
 36.3 2.1988e+01  14 1.00000e+00  
 36.4 1.9453e+01  14 1.00000e+00  
 36.5 1.7482e+01  14 1.00000e+00  
 36.6 1.5256e+01  14 1.00000e+00  
 36.7 1.3496e+01  14 1.00000e+00  
 36.8 1.3479e+01  14 1.00000e+00  
 36.9 1.3482e+01  14 1.00000e+00  
 37.0 1.3529e+01  14 1.00000e+00  
 37.1 1.3435e+01  14 1.00000e+00  
 37.2 1.3442e+01  14 1.00000e+00  
 37.3 1.3379e+01  14 1.00000e+00  
 37.4 1.3370e+01  14 1.00000e+00  
 37.5 1.3414e+01  14 1.00000e+00  
 37.6 1.3438e+01  14 1.00000e+00  
 37.7 1.3474e+01  14 1.00000e+00  
 37.8 1.3509e+01  14 1.00000e+00  
 37.9 1.3545e+01  14 1.00000e+00  
 38.0 1.3589e+01  14 1.00000e+00  
 38.1 1.3633e+01  14 1.00000e+00  
 38.2 1.3648e+01  14 1.00000e+00  
 38.3 1.3684e+01  14 1.00000e+00  
 38.4 1.3719e+01  14 1.00000e+00  
 38.5 1.3763e+01  14 1.00000e+00  
 38.6 1.3808e+01  14 1.00000e+00  
 38.7 1.3852e+01  14 1.00000e+00  
 38.8 1.3858e+01  14 1.00000e+00  
 38.9 1.3894e+01  14 1.00000e+00  
 39.0 1.3939e+01  14 1.00000e+00  
 39.1 1.3983e+01  14 1.00000e+00  
 39.2 1.4027e+01  14 1.00000e+00  
 39.3 1.4075e+01  14 1.00000e+00  
 39.4 1.4070e+01  14 1.00000e+00  
 39.5 1.4115e+01  14 1.00000e+00  
 39.6 1.4159e+01  14 1.00000e+00  
 39.7 1.4203e+01  14 1.00000e+00  
 39.8 1.4253e+01  14 1.00000e+00  
 39.9 1.4310e+01  14 1.00000e+00  
 40.0 1.4428e+01  14 1.00000e+00  
 40.1 1.4335e+01  14 1.00000e+00  
 40.2 1.4380e+01  14 1.00000e+00  
 40.3 1.4432e+01  14 1.00000e+00  
 40.4 1.4488e+01  14 1.00000e+00  
 40.5 1.4604e+01  14 1.00000e+00  
 40.6 1.4512e+01  14 1.00000e+00  
 40.7 1.4557e+01  14 1.00000e+00  
 40.8 1.4613e+01  14 1.00000e+00  
 40.9 1.4744e+01  14 1.00000e+00  
 41.0 1.4781e+01  14 1.00000e+00  
 41.1 1.4818e+01  14 1.00000e+00  
 41.2 1.4735e+01  14 1.00000e+00  
 41.3 1.4794e+01  14 1.00000e+00  
 41.4 1.4920e+01  14 1.00000e+00  
 41.5 1.4957e+01  14 1.00000e+00  
 41.6 1.4994e+01  14 1.00000e+00  
 41.7 1.5030e+01  14 1.00000e+00  
 41.8 1.4976e+01  14 1.00000e+00  
 41.9 1.5096e+01  14 1.00000e+00  
 42.0 1.5134e+01  14 1.00000e+00  
 42.1 1.5170e+01  14 1.00000e+00  
 42.2 1.5205e+01  14 1.00000e+00  
 42.3 1.5235e+01  14 1.00000e+00  
 42.4 1.5272e+01  14 1.00000e+00  
 42.5 1.5310e+01  14 1.00000e+00  
 42.6 1.5345e+01  14 1.00000e+00  
 42.7 1.5381e+01  14 1.00000e+00  
 42.8 1.5417e+01  14 1.00000e+00  
 42.9 1.5449e+01  14 1.00000e+00  
 43.0 1.5485e+01  14 1.00000e+00  
 43.1 1.5521e+01  14 1.00000e+00  
 43.2 1.5556e+01  14 1.00000e+00  
 43.3 1.5592e+01  14 1.00000e+00  
 43.4 1.5625e+01  14 1.00000e+00  
 43.5 1.5660e+01  14 1.00000e+00  
 43.6 1.5696e+01  14 1.00000e+00  
 43.7 1.5732e+01  14 1.00000e+00  
 43.8 1.5764e+01  14 1.00000e+00  
 43.9 1.5800e+01  14 1.00000e+00  
 44.0 1.5835e+01  14 1.00000e+00  
 44.1 1.5871e+01  14 1.00000e+00  
 44.2 1.5907e+01  14 1.00000e+00  
 44.3 1.5939e+01  14 1.00000e+00  
 44.4 1.5975e+01  14 1.00000e+00  
 44.5 1.6011e+01  14 1.00000e+00  
 44.6 1.6046e+01  14 1.00000e+00  
 44.7 1.6078e+01  14 1.00000e+00  
 44.8 1.6114e+01  14 1.00000e+00  
 44.9 1.6150e+01  14 1.00000e+00  
 45.0 1.6182e+01  14 1.00000e+00  
 45.1 1.6218e+01  14 1.00000e+00  
 45.2 1.6253e+01  14 1.00000e+00  
 45.3 1.6289e+01  14 1.00000e+00  
 45.4 1.6322e+01  14 1.00000e+00  
 45.5 1.6357e+01  14 1.00000e+00  
 45.6 1.6385e+01  14 1.00000e+00  
 45.7 1.6422e+01  14 1.00000e+00  
 45.8 1.6461e+01  14 1.00000e+00  
 45.9 1.6363e+01  14 1.00000e+00  
 46.0 1.6524e+01  14 1.00000e+00  
 46.1 1.6411e+01  14 1.00000e+00  
 46.2 1.6456e+01  14 1.00000e+00  
 46.3 1.6459e+01  14 1.00000e+00  
 46.4 1.6489e+01  14 1.00000e+00  
 46.5 1.6521e+01  14 1.00000e+00  
 46.6 1.6553e+01  14 1.00000e+00  
 46.7 1.6407e+01  14 1.00000e+00  
 46.8 1.6441e+01  14 1.00000e+00  
 46.9 1.6476e+01  14 1.00000e+00  
 47.0 1.6510e+01  14 1.00000e+00  
 47.1 1.6700e+01  14 1.00000e+00  
 47.2 1.6738e+01  14 1.00000e+00  
 47.3 1.6776e+01  14 1.00000e+00  
 47.4 1.6814e+01  14 1.00000e+00  
 47.5 1.6851e+01  14 1.00000e+00  
 47.6 1.6888e+01  14 1.00000e+00  
 47.7 1.6925e+01  14 1.00000e+00  
 47.8 1.6959e+01  14 1.00000e+00  
 47.9 1.6994e+01  14 1.00000e+00  
 48.0 1.7029e+01  14 1.00000e+00  
 48.1 1.7053e+01  14 1.00000e+00  
 48.2 1.7097e+01  14 1.00000e+00  
 48.3 1.7132e+01  14 1.00000e+00  
 48.4 1.7166e+01  14 1.00000e+00  
 48.5 1.7200e+01  14 1.00000e+00  
 48.6 1.7222e+01  14 1.00000e+00  
 48.7 1.7262e+01  14 1.00000e+00  
 48.8 1.7308e+01  14 1.00000e+00  
 48.9 1.7499e+01  14 1.00000e+00  
 49.0 1.7536e+01  14 1.00000e+00  
 49.1 1.7575e+01  14 1.00000e+00  
 49.2 1.7612e+01  14 1.00000e+00  
 49.3 1.7646e+01  14 1.00000e+00  
 49.4 1.7681e+01  14 1.00000e+00  
 49.5 1.7716e+01  14 1.00000e+00  
 49.6 1.7751e+01  14 1.00000e+00  
 49.7 1.7786e+01  14 1.00000e+00  
 49.8 1.7821e+01  14 1.00000e+00  
 49.9 1.7856e+01  14 1.00000e+00  
 50.0 1.7890e+01  14 1.00000e+00  
 50.1 1.7925e+01  14 1.00000e+00  
 50.2 1.7959e+01  14 1.00000e+00  
 50.3 1.7997e+01  14 1.00000e+00  
 50.4 1.8043e+01  14 1.00000e+00  
 50.5 1.8090e+01  14 1.00000e+00  
 50.6 1.8136e+01  14 1.00000e+00  
 50.7 1.8319e+01  14 1.00000e+00  
 50.8 1.8356e+01  14 1.00000e+00  
 50.9 1.8395e+01  14 1.00000e+00  
 51.0 1.8429e+01  14 1.00000e+00  
 51.1 1.8464e+01  14 1.00000e+00  
 51.2 1.8500e+01  14 1.00000e+00  
 51.3 1.8535e+01  14 1.00000e+00  
 51.4 1.8571e+01  14 1.00000e+00  
 51.5 1.8606e+01  14 1.00000e+00  
 51.6 1.8631e+01  14 1.00000e+00  
 51.7 1.8666e+01  14 1.00000e+00  
 51.8 1.8700e+01  14 1.00000e+00  
 51.9 1.8735e+01  14 1.00000e+00  
 52.0 1.8781e+01  14 1.00000e+00  
 52.1 1.8828e+01  14 1.00000e+00  
 52.2 1.8874e+01  14 1.00000e+00  
 52.3 1.8921e+01  14 1.00000e+00  
 52.4 1.8968e+01  14 1.00000e+00  
 52.5 1.9143e+01  14 1.00000e+00  
 52.6 1.9182e+01  14 1.00000e+00  
 52.7 1.9219e+01  14 1.00000e+00  
 52.8 1.9254e+01  14 1.00000e+00  
 52.9 1.9290e+01  14 1.00000e+00  
 53.0 1.9326e+01  14 1.00000e+00  
 53.1 1.9362e+01  14 1.00000e+00  
 53.2 1.9398e+01  14 1.00000e+00  
 53.3 1.9433e+01  14 1.00000e+00  
 53.4 1.9469e+01  14 1.00000e+00  
 53.5 1.9504e+01  14 1.00000e+00  
 53.6 1.9539e+01  14 1.00000e+00  
 53.7 1.9573e+01  14 1.00000e+00  
 53.8 1.9616e+01  14 1.00000e+00  
 53.9 1.9662e+01  14 1.00000e+00  
 54.0 1.9709e+01  14 1.00000e+00  
 54.1 1.9756e+01  14 1.00000e+00  
 54.2 1.9803e+01  14 1.00000e+00  
 54.3 1.9849e+01  14 1.00000e+00  
 54.4 1.9909e+01  14 1.00000e+00  
 54.5 1.9968e+01  14 1.00000e+00  
 54.6 2.0106e+01  14 1.00000e+00  
 54.7 2.0143e+01  14 1.00000e+00  
 54.8 2.0179e+01  14 1.00000e+00  
 54.9 2.0207e+01  14 1.00000e+00  
 55.0 2.0243e+01  14 1.00000e+00  
 55.1 2.0279e+01  14 1.00000e+00  
 55.2 2.0315e+01  14 1.00000e+00  
 55.3 2.0351e+01  14 1.00000e+00  
 55.4 2.0386e+01  14 1.00000e+00  
 55.5 2.0421e+01  14 1.00000e+00  
 55.6 2.0456e+01  14 1.00000e+00  
 55.7 2.0499e+01  14 1.00000e+00  
 55.8 2.0546e+01  14 1.00000e+00  
 55.9 2.0593e+01  14 1.00000e+00  
 56.0 2.0640e+01  14 1.00000e+00  
 56.1 2.0695e+01  14 1.00000e+00  
 56.2 2.0756e+01  14 1.00000e+00  
 56.3 2.0813e+01  14 1.00000e+00  
 56.4 2.0866e+01  14 1.00000e+00  
 56.5 2.0914e+01  14 1.00000e+00  
 56.6 2.1043e+01  14 1.00000e+00  
 56.7 2.1078e+01  14 1.00000e+00  
 56.8 2.1115e+01  14 1.00000e+00  
 56.9 2.1152e+01  14 1.00000e+00  
 57.0 2.1188e+01  14 1.00000e+00  
 57.1 2.1225e+01  14 1.00000e+00  
 57.2 2.1261e+01  14 1.00000e+00  
 57.3 2.1297e+01  14 1.00000e+00  
 57.4 2.1333e+01  14 1.00000e+00  
 57.5 2.1369e+01  14 1.00000e+00  
 57.6 2.1404e+01  14 1.00000e+00  
 57.7 2.1439e+01  14 1.00000e+00  
 57.8 2.1480e+01  14 1.00000e+00  
 57.9 2.1527e+01  14 1.00000e+00  
 58.0 2.1574e+01  14 1.00000e+00  
 58.1 2.1621e+01  14 1.00000e+00  
 58.2 2.1668e+01  14 1.00000e+00  
 58.3 2.1718e+01  14 1.00000e+00  
 58.4 2.1788e+01  14 1.00000e+00  
 58.5 2.1842e+01  14 1.00000e+00  
 58.6 2.1892e+01  14 1.00000e+00  
 58.7 2.2033e+01  14 1.00000e+00  
 58.8 2.2072e+01  14 1.00000e+00  
 58.9 2.2108e+01  14 1.00000e+00  
 59.0 2.2145e+01  14 1.00000e+00  
 59.1 2.2183e+01  14 1.00000e+00  
 59.2 2.2220e+01  14 1.00000e+00  
 59.3 2.2257e+01  14 1.00000e+00  
 59.4 2.2292e+01  14 1.00000e+00  
 59.5 2.2328e+01  14 1.00000e+00  
 59.6 2.2364e+01  14 1.00000e+00  
 59.7 2.2400e+01  14 1.00000e+00  
 59.8 2.2435e+01  14 1.00000e+00  
 59.9 2.2470e+01  14 1.00000e+00  
 60.0 2.2510e+01  14 1.00000e+00  
 60.1 2.2557e+01  14 1.00000e+00  
 60.2 2.2604e+01  14 1.00000e+00  
 60.3 2.2652e+01  14 1.00000e+00  
 60.4 2.2699e+01  14 1.00000e+00  
 60.5 2.2746e+01  14 1.00000e+00  
 60.6 2.2793e+01  14 1.00000e+00  
 60.7 2.2846e+01  14 1.00000e+00  
 60.8 2.2905e+01  14 1.00000e+00  
 60.9 2.2959e+01  14 1.00000e+00  
 61.0 2.3010e+01  14 1.00000e+00  
 61.1 2.3170e+01  14 1.00000e+00  
 61.2 2.3206e+01  14 1.00000e+00  
 61.3 2.3242e+01  14 1.00000e+00  
 61.4 2.3283e+01  14 1.00000e+00  
 61.5 2.3318e+01  14 1.00000e+00  
 61.6 2.3358e+01  14 1.00000e+00  
 61.7 2.3396e+01  14 1.00000e+00  
 61.8 2.3437e+01  14 1.00000e+00  
 61.9 2.3484e+01  14 1.00000e+00  
 62.0 2.3518e+01  14 1.00000e+00  
 62.1 2.3560e+01  14 1.00000e+00  
 62.2 2.3612e+01  14 1.00000e+00  
 62.3 2.3643e+01  14 1.00000e+00  
 62.4 2.3689e+01  14 1.00000e+00  
 62.5 2.3743e+01  14 1.00000e+00  
 62.6 2.3771e+01  14 1.00000e+00  
 62.7 2.3820e+01  14 1.00000e+00  
 62.8 2.3867e+01  14 1.00000e+00  
 62.9 2.3923e+01  14 1.00000e+00  
 63.0 2.3945e+01  14 1.00000e+00  
 63.1 2.3999e+01  14 1.00000e+00  
 63.2 2.4057e+01  14 1.00000e+00  
 63.3 2.4079e+01  14 1.00000e+00  
 63.4 2.4132e+01  14 1.00000e+00  
 63.5 2.4192e+01  14 1.00000e+00  
 63.6 2.4251e+01  14 1.00000e+00  
 63.7 2.4268e+01  14 1.00000e+00  
 63.8 2.4326e+01  14 1.00000e+00  
 63.9 2.4387e+01  14 1.00000e+00  
 64.0 2.4402e+01  14 1.00000e+00  
 64.1 2.4459e+01  14 1.00000e+00  
 64.2 2.4520e+01  14 1.00000e+00  
 64.3 2.4581e+01  14 1.00000e+00  
 64.4 2.4592e+01  14 1.00000e+00  
 64.5 2.4652e+01  14 1.00000e+00  
 64.6 2.4713e+01  14 1.00000e+00  
 64.7 2.4663e+01  14 1.00000e+00  
 64.8 2.4704e+01  14 1.00000e+00  
 64.9 2.4845e+01  14 1.00000e+00  
 65.0 2.4911e+01  14 1.00000e+00  
 65.1 2.4839e+01  14 1.00000e+00  
 65.2 2.4867e+01  14 1.00000e+00  
 65.3 2.5038e+01  14 1.00000e+00  
 65.4 2.4975e+01  14 1.00000e+00  
 65.5 2.5010e+01  14 1.00000e+00  
 65.6 2.5022e+01  14 1.00000e+00  
 65.7 2.5111e+01  14 1.00000e+00  
 65.8 2.5151e+01  14 1.00000e+00  
 65.9 2.5178e+01  14 1.00000e+00  
 66.0 2.5200e+01  14 1.00000e+00  
 66.1 2.5244e+01  14 1.00000e+00  
 66.2 2.5326e+01  14 1.00000e+00  
 66.3 2.5333e+01  14 1.00000e+00  
 66.4 2.5377e+01  14 1.00000e+00  
 66.5 2.5422e+01  14 1.00000e+00  
 66.6 2.5466e+01  14 1.00000e+00  
 66.7 2.5512e+01  14 1.00000e+00  
 66.8 2.5556e+01  14 1.00000e+00  
 66.9 2.5600e+01  14 1.00000e+00  
 67.0 2.5644e+01  14 1.00000e+00  
 67.1 2.5702e+01  14 1.00000e+00  
 67.2 2.5771e+01  14 1.00000e+00  
 67.3 2.5778e+01  14 1.00000e+00  
 67.4 2.5822e+01  14 1.00000e+00  
 67.5 2.5880e+01  14 1.00000e+00  
 67.6 2.5954e+01  14 1.00000e+00  
 67.7 2.6026e+01  14 1.00000e+00  
 67.8 2.6002e+01  14 1.00000e+00  
 67.9 2.6050e+01  14 1.00000e+00  
 68.0 2.6126e+01  14 1.00000e+00  
 68.1 2.6197e+01  14 1.00000e+00  
 68.2 2.6266e+01  14 1.00000e+00  
 68.3 2.6336e+01  14 1.00000e+00  
 68.4 2.6288e+01  14 1.00000e+00  
 68.5 2.6360e+01  14 1.00000e+00  
 68.6 2.6435e+01  14 1.00000e+00  
 68.7 2.6504e+01  14 1.00000e+00  
 68.8 2.6572e+01  14 1.00000e+00  
 68.9 2.6639e+01  14 1.00000e+00  
 69.0 2.6590e+01  14 1.00000e+00  
 69.1 2.6662e+01  14 1.00000e+00  
 69.2 2.6731e+01  14 1.00000e+00  
 69.3 2.6803e+01  14 1.00000e+00  
 69.4 2.6869e+01  14 1.00000e+00  
 69.5 2.6826e+01  14 1.00000e+00  
 69.6 2.6868e+01  14 1.00000e+00  
 69.7 2.6953e+01  14 1.00000e+00  
 69.8 2.7022e+01  14 1.00000e+00  
 69.9 2.7093e+01  14 1.00000e+00  
 70.0 2.7054e+01  14 1.00000e+00  
 70.1 2.7097e+01  14 1.00000e+00  
 70.2 2.7126e+01  14 1.00000e+00  
 70.3 2.7171e+01  14 1.00000e+00  
 70.4 2.7305e+01  14 1.00000e+00  
 70.5 2.7373e+01  14 1.00000e+00  
 70.6 2.7329e+01  14 1.00000e+00  
 70.7 2.7368e+01  14 1.00000e+00  
 70.8 2.7365e+01  14 1.00000e+00  
 70.9 2.7399e+01  14 1.00000e+00  
 71.0 2.7444e+01  14 1.00000e+00  
 71.1 2.7655e+01  14 1.00000e+00  
 71.2 2.7604e+01  14 1.00000e+00  
 71.3 2.7641e+01  14 1.00000e+00  
 71.4 2.7670e+01  14 1.00000e+00  
 71.5 2.7671e+01  14 1.00000e+00  
 71.6 2.7716e+01  14 1.00000e+00  
 71.7 2.7760e+01  14 1.00000e+00  
 71.8 2.7818e+01  14 1.00000e+00  
 71.9 2.7922e+01  14 1.00000e+00  
 72.0 2.7956e+01  14 1.00000e+00  
 72.1 2.7954e+01  14 1.00000e+00  
 72.2 2.7989e+01  14 1.00000e+00  
 72.3 2.8034e+01  14 1.00000e+00  
 72.4 2.8079e+01  14 1.00000e+00  
 72.5 2.8152e+01  14 1.00000e+00  
 72.6 2.8225e+01  14 1.00000e+00  
 72.7 2.8272e+01  14 1.00000e+00  
 72.8 2.8272e+01  14 1.00000e+00  
 72.9 2.8308e+01  14 1.00000e+00  
 73.0 2.8353e+01  14 1.00000e+00  
 73.1 2.8400e+01  14 1.00000e+00  
 73.2 2.8474e+01  14 1.00000e+00  
 73.3 2.8546e+01  14 1.00000e+00  
 73.4 2.8618e+01  14 1.00000e+00  
 73.5 2.8687e+01  14 1.00000e+00  
 73.6 2.8628e+01  14 1.00000e+00  
 73.7 2.8673e+01  14 1.00000e+00  
 73.8 2.8718e+01  14 1.00000e+00  
 73.9 2.8780e+01  14 1.00000e+00  
 74.0 2.8855e+01  14 1.00000e+00  
 74.1 2.8926e+01  14 1.00000e+00  
 74.2 2.8992e+01  14 1.00000e+00  
 74.3 2.9064e+01  14 1.00000e+00  
 74.4 2.9131e+01  14 1.00000e+00  
 74.5 2.9039e+01  14 1.00000e+00  
 74.6 2.9085e+01  14 1.00000e+00  
 74.7 2.9143e+01  14 1.00000e+00  
 74.8 2.9218e+01  14 1.00000e+00  
 74.9 2.9289e+01  14 1.00000e+00  
 75.0 2.9360e+01  14 1.00000e+00  
 75.1 2.9428e+01  14 1.00000e+00  
 75.2 2.9495e+01  14 1.00000e+00  
 75.3 2.9562e+01  14 1.00000e+00  
 75.4 2.9630e+01  14 1.00000e+00  
 75.5 2.9498e+01  14 1.00000e+00  
 75.6 2.9565e+01  14 1.00000e+00  
 75.7 2.9638e+01  14 1.00000e+00  
 75.8 2.9706e+01  14 1.00000e+00  
 75.9 2.9778e+01  14 1.00000e+00  
 76.0 2.9844e+01  14 1.00000e+00  
 76.1 2.9910e+01  14 1.00000e+00  
 76.2 2.9972e+01  14 1.00000e+00  
 76.3 3.0035e+01  14 1.00000e+00  
 76.4 3.0002e+01  14 1.00000e+00  
 76.5 3.0050e+01  14 1.00000e+00  
 76.6 3.0071e+01  14 1.00000e+00  
 76.7 3.0103e+01  14 1.00000e+00  
 76.8 3.0171e+01  14 1.00000e+00  
 76.9 3.0241e+01  14 1.00000e+00  
 77.0 3.0308e+01  14 1.00000e+00  
 77.1 3.0375e+01  14 1.00000e+00  
 77.2 3.0437e+01  14 1.00000e+00  
 77.3 3.0506e+01  14 1.00000e+00  
 77.4 3.0466e+01  14 1.00000e+00  
 77.5 3.0519e+01  14 1.00000e+00  
 77.6 3.0559e+01  14 1.00000e+00  
 77.7 3.0606e+01  14 1.00000e+00  
 77.8 3.0620e+01  14 1.00000e+00  
 77.9 3.0691e+01  14 1.00000e+00  
 78.0 3.0759e+01  14 1.00000e+00  
 78.1 3.0826e+01  14 1.00000e+00  
 78.2 3.0892e+01  14 1.00000e+00  
 78.3 3.0956e+01  14 1.00000e+00  
 78.4 3.1021e+01  14 1.00000e+00  
 78.5 3.0984e+01  14 1.00000e+00  
 78.6 3.1033e+01  14 1.00000e+00  
 78.7 3.1080e+01  14 1.00000e+00  
 78.8 3.1119e+01  14 1.00000e+00  
 78.9 3.1129e+01  14 1.00000e+00  
 79.0 3.1214e+01  14 1.00000e+00  
 79.1 3.1255e+01  14 1.00000e+00  
 79.2 3.1321e+01  14 1.00000e+00  
 79.3 3.1388e+01  14 1.00000e+00  
 79.4 3.1452e+01  14 1.00000e+00  
 79.5 3.1514e+01  14 1.00000e+00  
 79.6 3.1580e+01  14 1.00000e+00  
 79.7 3.1547e+01  14 1.00000e+00  
 79.8 3.1597e+01  14 1.00000e+00  
 79.9 3.1646e+01  14 1.00000e+00  
 80.0 3.1689e+01  14 1.00000e+00  
 80.1 3.1726e+01  14 1.00000e+00  
 80.2 3.1738e+01  14 1.00000e+00  
 80.3 3.1767e+01  14 1.00000e+00  
 80.4 3.1889e+01  14 1.00000e+00  
 80.5 3.1925e+01  14 1.00000e+00  
 80.6 3.1990e+01  14 1.00000e+00  
 80.7 3.2057e+01  14 1.00000e+00  
 80.8 3.2119e+01  14 1.00000e+00  
 80.9 3.2184e+01  14 1.00000e+00  
 81.0 3.2246e+01  14 1.00000e+00  
 81.1 3.2207e+01  14 1.00000e+00  
 81.2 3.2262e+01  14 1.00000e+00  
 81.3 3.2309e+01  14 1.00000e+00  
 81.4 3.2353e+01  14 1.00000e+00  
 81.5 3.2393e+01  14 1.00000e+00  
 81.6 3.2411e+01  14 1.00000e+00  
 81.7 3.2444e+01  14 1.00000e+00  
 81.8 3.2538e+01  14 1.00000e+00  
 81.9 3.2564e+01  14 1.00000e+00  
 82.0 3.2628e+01  14 1.00000e+00  
 82.1 3.2693e+01  14 1.00000e+00  
 82.2 3.2758e+01  14 1.00000e+00  
 82.3 3.2818e+01  14 1.00000e+00  
 82.4 3.2882e+01  14 1.00000e+00  
 82.5 3.2944e+01  14 1.00000e+00  
 82.6 3.3009e+01  14 1.00000e+00  
 82.7 3.2970e+01  14 1.00000e+00  
 82.8 3.3019e+01  14 1.00000e+00  
 82.9 3.3069e+01  14 1.00000e+00  
 83.0 3.3114e+01  14 1.00000e+00  
 83.1 3.3154e+01  14 1.00000e+00  
 83.2 3.3173e+01  14 1.00000e+00  
 83.3 3.3214e+01  14 1.00000e+00  
 83.4 3.3303e+01  14 1.00000e+00  
 83.5 3.3298e+01  14 1.00000e+00  
 83.6 3.3362e+01  14 1.00000e+00  
 83.7 3.3429e+01  14 1.00000e+00  
 83.8 3.3492e+01  14 1.00000e+00  
 83.9 3.3555e+01  14 1.00000e+00  
 84.0 3.3618e+01  14 1.00000e+00  
 84.1 3.3679e+01  14 1.00000e+00  
 84.2 3.3742e+01  14 1.00000e+00  
 84.3 3.3801e+01  14 1.00000e+00  
 84.4 3.3866e+01  14 1.00000e+00  
 84.5 3.3828e+01  14 1.00000e+00  
 84.6 3.3882e+01  14 1.00000e+00  
 84.7 3.3930e+01  14 1.00000e+00  
 84.8 3.3978e+01  14 1.00000e+00  
 84.9 3.4023e+01  14 1.00000e+00  
 85.0 3.4065e+01  14 1.00000e+00  
 85.1 3.4088e+01  14 1.00000e+00  
 85.2 3.4162e+01  14 1.00000e+00  
 85.3 3.4173e+01  14 1.00000e+00  
 85.4 3.4192e+01  14 1.00000e+00  
 85.5 3.4252e+01  14 1.00000e+00  
 85.6 3.4316e+01  14 1.00000e+00  
 85.7 3.4377e+01  14 1.00000e+00  
 85.8 3.4435e+01  14 1.00000e+00  
 85.9 3.4498e+01  14 1.00000e+00  
 86.0 3.4559e+01  14 1.00000e+00  
 86.1 3.4622e+01  14 1.00000e+00  
 86.2 3.4682e+01  14 1.00000e+00  
 86.3 3.4747e+01  14 1.00000e+00  
 86.4 3.4803e+01  14 1.00000e+00  
 86.5 3.4868e+01  14 1.00000e+00  
 86.6 3.4836e+01  14 1.00000e+00  
 86.7 3.4890e+01  14 1.00000e+00  
 86.8 3.4937e+01  14 1.00000e+00  
 86.9 3.4991e+01  14 1.00000e+00  
 87.0 3.5040e+01  14 1.00000e+00  
 87.1 3.5087e+01  14 1.00000e+00  
 87.2 3.5130e+01  14 1.00000e+00  
 87.3 3.5167e+01  14 1.00000e+00  
 87.4 3.5094e+01  14 1.00000e+00  
 87.5 3.5149e+01  14 1.00000e+00  
 87.6 3.5209e+01  14 1.00000e+00  
 87.7 3.5273e+01  14 1.00000e+00  
 87.8 3.5335e+01  14 1.00000e+00  
 87.9 3.5397e+01  14 1.00000e+00  
 88.0 3.5454e+01  14 1.00000e+00  
 88.1 3.5517e+01  14 1.00000e+00  
 88.2 3.5579e+01  14 1.00000e+00  
 88.3 3.5638e+01  14 1.00000e+00  
 88.4 3.5696e+01  14 1.00000e+00  
 88.5 3.5755e+01  14 1.00000e+00  
 88.6 3.5813e+01  14 1.00000e+00  
 88.7 3.5873e+01  14 1.00000e+00  
 88.8 3.5934e+01  14 1.00000e+00  
 88.9 3.5993e+01  14 1.00000e+00  
 89.0 3.6046e+01  14 1.00000e+00  
 89.1 3.6101e+01  14 1.00000e+00  
 89.2 3.6156e+01  14 1.00000e+00  
 89.3 3.6140e+01  14 1.00000e+00  
 89.4 3.6222e+01  14 1.00000e+00  
 89.5 3.6186e+01  14 1.00000e+00  
 89.6 3.6267e+01  14 1.00000e+00  
 89.7 3.6307e+01  14 1.00000e+00  
 89.8 3.6347e+01  14 1.00000e+00  
 89.9 3.6388e+01  14 1.00000e+00  
 90.0 3.6421e+01  14 1.00000e+00  
 90.1 3.6459e+01  14 1.00000e+00  
 90.2 3.6490e+01  14 1.00000e+00  
 90.3 3.6517e+01  14 1.00000e+00  
 90.4 3.6546e+01  14 1.00000e+00  
 90.5 3.6596e+01  14 1.00000e+00  
 90.6 3.6653e+01  14 1.00000e+00  
 90.7 3.6713e+01  14 1.00000e+00  
 90.8 3.6774e+01  14 1.00000e+00  
 90.9 3.6835e+01  14 1.00000e+00  
 91.0 3.6897e+01  14 1.00000e+00  
 91.1 3.6954e+01  14 1.00000e+00  
 91.2 3.7013e+01  14 1.00000e+00  
 91.3 3.7071e+01  14 1.00000e+00  
 91.4 3.7121e+01  14 1.00000e+00  
 91.5 3.7175e+01  14 1.00000e+00  
 91.6 3.7229e+01  14 1.00000e+00  
 91.7 3.7250e+01  14 1.00000e+00  
 91.8 3.7323e+01  14 1.00000e+00  
 91.9 3.7445e+01  14 1.00000e+00  
 92.0 3.7499e+01  14 1.00000e+00  
 92.1 3.7483e+01  14 1.00000e+00  
 92.2 3.7534e+01  14 1.00000e+00  
 92.3 3.7586e+01  14 1.00000e+00  
 92.4 3.7636e+01  14 1.00000e+00  
 92.5 3.7686e+01  14 1.00000e+00  
 92.6 3.7736e+01  14 1.00000e+00  
 92.7 3.7776e+01  14 1.00000e+00  
 92.8 3.7826e+01  14 1.00000e+00  
 92.9 3.7876e+01  14 1.00000e+00  
 93.0 3.7925e+01  14 1.00000e+00  
 93.1 3.7974e+01  14 1.00000e+00  
 93.2 3.8021e+01  14 1.00000e+00  
 93.3 3.8069e+01  14 1.00000e+00  
 93.4 3.8132e+01  14 1.00000e+00  
 93.5 3.8159e+01  14 1.00000e+00  
 93.6 3.8259e+01  14 1.00000e+00  
 93.7 3.8288e+01  14 1.00000e+00  
 93.8 3.8318e+01  14 1.00000e+00  
 93.9 3.8356e+01  14 1.00000e+00  
 94.0 3.8457e+01  14 1.00000e+00  
 94.1 3.8558e+01  14 1.00000e+00  
 94.2 3.8659e+01  14 1.00000e+00  
 94.3 3.8760e+01  14 1.00000e+00  
 94.4 3.8861e+01  14 1.00000e+00  
 94.5 3.8962e+01  14 1.00000e+00  
 94.6 3.9063e+01  14 1.00000e+00  
 94.7 3.9164e+01  14 1.00000e+00  
 94.8 3.9265e+01  14 1.00000e+00  
 94.9 3.9366e+01  14 1.00000e+00  
 95.0 3.9466e+01  14 1.00000e+00  
 95.1 3.9567e+01  14 1.00000e+00  
 95.2 3.9668e+01  14 1.00000e+00  
 95.3 3.9768e+01  14 1.00000e+00  
 95.4 3.9869e+01  14 1.00000e+00  
 95.5 3.9970e+01  14 1.00000e+00  
 95.6 4.0070e+01  14 1.00000e+00  
 95.7 4.0171e+01  14 1.00000e+00  
 95.8 4.0271e+01  14 1.00000e+00  
 95.9 4.0372e+01  14 1.00000e+00  
 96.0 4.0472e+01  14 1.00000e+00  
 96.1 4.0572e+01  14 1.00000e+00  
 96.2 4.0673e+01  14 1.00000e+00  
 96.3 4.0773e+01  14 1.00000e+00  
 96.4 4.0869e+01  14 1.00000e+00  
 96.5 4.0959e+01  14 1.00000e+00  
 96.6 4.1048e+01  14 1.00000e+00  
 96.7 4.1138e+01  14 1.00000e+00  
 96.8 4.1228e+01  14 1.00000e+00  
 96.9 4.1318e+01  14 1.00000e+00  
 97.0 4.1408e+01  14 1.00000e+00  
 97.1 4.1498e+01  14 1.00000e+00  
 97.2 4.1588e+01  14 1.00000e+00  
 97.3 4.1678e+01  14 1.00000e+00  
 97.4 4.1768e+01  14 1.00000e+00  
 97.5 4.1858e+01  14 1.00000e+00  
 97.6 4.1948e+01  14 1.00000e+00  
 97.7 4.2038e+01  14 1.00000e+00  
 97.8 4.2129e+01  14 1.00000e+00  
 97.9 4.2219e+01  14 1.00000e+00  
 98.0 4.2309e+01  14 1.00000e+00  
 98.1 4.2399e+01  14 1.00000e+00  
 98.2 4.2490e+01  14 1.00000e+00  
 98.3 4.2580e+01  14 1.00000e+00  
 98.4 4.2670e+01  14 1.00000e+00  
 98.5 4.2761e+01  14 1.00000e+00  
 98.6 4.2851e+01  14 1.00000e+00  
 98.7 4.2942e+01  14 1.00000e+00  
 98.8 4.3032e+01  14 1.00000e+00  
 98.9 4.3123e+01  14 1.00000e+00  
 99.0 4.3214e+01  14 1.00000e+00  
 99.1 4.3304e+01  14 1.00000e+00  
 99.2 4.3388e+01  14 1.00000e+00  
 99.3 4.3479e+01  14 1.00000e+00  
 99.4 4.3570e+01  14 1.00000e+00  
 99.5 4.3661e+01  14 1.00000e+00  
 99.6 4.3751e+01  14 1.00000e+00  
 99.7 4.3842e+01  14 1.00000e+00  
 99.8 4.3933e+01  14 1.00000e+00  
 99.9 4.4024e+01  14 1.00000e+00  
100.0 4.4115e+01  14 1.00000e+00  
100.1 4.4205e+01  14 1.00000e+00  
100.2 4.4296e+01  14 1.00000e+00  
100.3 4.4387e+01  14 1.00000e+00  
100.4 4.4478e+01  14 1.00000e+00  
100.5 4.4569e+01  14 1.00000e+00  
100.6 4.4660e+01  14 1.00000e+00  
100.7 4.4751e+01  14 1.00000e+00  
100.8 4.4842e+01  14 1.00000e+00  
100.9 4.4933e+01  14 1.00000e+00  
101.0 4.5025e+01  14 1.00000e+00  
101.1 4.5116e+01  14 1.00000e+00  
101.2 4.5207e+01  14 1.00000e+00  
101.3 4.5298e+01  14 1.00000e+00  
101.4 4.5389e+01  14 1.00000e+00  
101.5 4.5480e+01  14 1.00000e+00  
101.6 4.5572e+01  14 1.00000e+00  
101.7 4.5663e+01  14 1.00000e+00  
101.8 4.5754e+01  14 1.00000e+00  
101.9 4.5845e+01  14 1.00000e+00  
102.0 4.5937e+01  14 1.00000e+00  
102.1 4.6028e+01  14 1.00000e+00  
102.2 4.6119e+01  14 1.00000e+00  
102.3 4.6211e+01  14 1.00000e+00  
102.4 4.6302e+01  14 1.00000e+00  
102.5 4.6393e+01  14 1.00000e+00  
102.6 4.6485e+01  14 1.00000e+00  
102.7 4.6576e+01  14 1.00000e+00  
102.8 4.6668e+01  14 1.00000e+00  
102.9 4.6759e+01  14 1.00000e+00  
103.0 4.6851e+01  14 1.00000e+00  
103.1 4.6942e+01  14 1.00000e+00  
103.2 4.7034e+01  14 1.00000e+00  
103.3 4.7125e+01  14 1.00000e+00  
103.4 4.7217e+01  14 1.00000e+00  
103.5 4.7308e+01  14 1.00000e+00  
103.6 4.7400e+01  14 1.00000e+00  
103.7 4.7492e+01  14 1.00000e+00  
103.8 4.7583e+01  14 1.00000e+00  
103.9 4.7675e+01  14 1.00000e+00  
104.0 4.7766e+01  14 1.00000e+00  
104.1 4.7858e+01  14 1.00000e+00  
104.2 4.7950e+01  14 1.00000e+00  
104.3 4.8041e+01  14 1.00000e+00  
104.4 4.8133e+01  14 1.00000e+00  
104.5 4.8225e+01  14 1.00000e+00  
104.6 4.8317e+01  14 1.00000e+00  
104.7 4.8408e+01  14 1.00000e+00  
104.8 4.8500e+01  14 1.00000e+00  
104.9 4.8592e+01  14 1.00000e+00  
105.0 4.8684e+01  14 1.00000e+00  
105.1 4.8775e+01  14 1.00000e+00  
105.2 4.8867e+01  14 1.00000e+00  
105.3 4.8959e+01  14 1.00000e+00  
105.4 4.9051e+01  14 1.00000e+00  
105.5 4.9143e+01  14 1.00000e+00  
105.6 4.9235e+01  14 1.00000e+00  
105.7 4.9326e+01  14 1.00000e+00  
105.8 4.9418e+01  14 1.00000e+00  
105.9 4.9510e+01  14 1.00000e+00  
106.0 4.9602e+01  14 1.00000e+00  
106.1 4.9694e+01  14 1.00000e+00  
106.2 4.9781e+01  14 1.00000e+00  
106.3 4.9872e+01  14 1.00000e+00  
106.4 4.9964e+01  14 1.00000e+00  
106.5 5.0056e+01  14 1.00000e+00  
106.6 5.0148e+01  14 1.00000e+00  
106.7 5.0240e+01  14 1.00000e+00  
106.8 5.0332e+01  14 1.00000e+00  
106.9 5.0424e+01  14 1.00000e+00  
107.0 5.0516e+01  14 1.00000e+00  
107.1 5.0608e+01  14 1.00000e+00  
107.2 5.0700e+01  14 1.00000e+00  
107.3 5.0792e+01  14 1.00000e+00  
107.4 5.0885e+01  14 1.00000e+00  
107.5 5.0977e+01  14 1.00000e+00  
107.6 5.1069e+01  14 1.00000e+00  
107.7 5.1161e+01  14 1.00000e+00  
107.8 5.1253e+01  14 1.00000e+00  
107.9 5.1345e+01  14 1.00000e+00  
108.0 5.1437e+01  14 1.00000e+00  
108.1 5.1529e+01  14 1.00000e+00  
108.2 5.1621e+01  14 1.00000e+00  
108.3 5.1713e+01  14 1.00000e+00  
108.4 5.1806e+01  14 1.00000e+00  
108.5 5.1898e+01  14 1.00000e+00  
108.6 5.1990e+01  14 1.00000e+00  
108.7 5.2082e+01  14 1.00000e+00  
108.8 5.2174e+01  14 1.00000e+00  
108.9 5.2266e+01  14 1.00000e+00  
109.0 5.2358e+01  14 1.00000e+00  
109.1 5.2451e+01  14 1.00000e+00  
109.2 5.2543e+01  14 1.00000e+00  
109.3 5.2635e+01  14 1.00000e+00  
109.4 5.2727e+01  14 1.00000e+00  
109.5 5.2819e+01  14 1.00000e+00  
109.6 5.2912e+01  14 1.00000e+00  
109.7 5.3004e+01  14 1.00000e+00  
109.8 5.3096e+01  14 1.00000e+00  
109.9 5.3188e+01  14 1.00000e+00  
110.0 5.3281e+01  14 1.00000e+00  
110.1 5.3373e+01  14 1.00000e+00  
110.2 5.3465e+01  14 1.00000e+00  
110.3 5.3557e+01  14 1.00000e+00  
110.4 5.3649e+01  14 1.00000e+00  
110.5 5.3742e+01  14 1.00000e+00  
110.6 5.3834e+01  14 1.00000e+00  
110.7 5.3926e+01  14 1.00000e+00  
110.8 5.4019e+01  14 1.00000e+00  
110.9 5.4111e+01  14 1.00000e+00  
111.0 5.4203e+01  14 1.00000e+00  
111.1 5.4295e+01  14 1.00000e+00  
111.2 5.4388e+01  14 1.00000e+00  
111.3 5.4480e+01  14 1.00000e+00  
111.4 5.4572e+01  14 1.00000e+00  
111.5 5.4664e+01  14 1.00000e+00  
111.6 5.4757e+01  14 1.00000e+00  
111.7 5.4849e+01  14 1.00000e+00  
111.8 5.4941e+01  14 1.00000e+00  
111.9 5.5034e+01  14 1.00000e+00  
112.0 5.5126e+01  14 1.00000e+00  
112.1 5.5218e+01  14 1.00000e+00  
112.2 5.5311e+01  14 1.00000e+00  
112.3 5.5403e+01  14 1.00000e+00  
112.4 5.5495e+01  14 1.00000e+00  
112.5 5.5588e+01  14 1.00000e+00  
112.6 5.5680e+01  14 1.00000e+00  
112.7 5.5772e+01  14 1.00000e+00  
112.8 5.5865e+01  14 1.00000e+00  
112.9 5.5957e+01  14 1.00000e+00  
113.0 5.6049e+01  14 1.00000e+00  
113.1 5.6142e+01  14 1.00000e+00  
113.2 5.6234e+01  14 1.00000e+00  
113.3 5.6326e+01  14 1.00000e+00  
113.4 5.6419e+01  14 1.00000e+00  
113.5 5.6511e+01  14 1.00000e+00  
113.6 5.6603e+01  14 1.00000e+00  
113.7 5.6696e+01  14 1.00000e+00  
113.8 5.6788e+01  14 1.00000e+00  
113.9 5.6875e+01  14 1.00000e+00  
114.0 5.6968e+01  14 1.00000e+00  
114.1 5.7060e+01  14 1.00000e+00  
114.2 5.7152e+01  14 1.00000e+00  
114.3 5.7245e+01  14 1.00000e+00  
114.4 5.7337e+01  14 1.00000e+00  
114.5 5.7429e+01  14 1.00000e+00  
114.6 5.7522e+01  14 1.00000e+00  
114.7 5.7614e+01  14 1.00000e+00  
114.8 5.7706e+01  14 1.00000e+00  
114.9 5.7799e+01  14 1.00000e+00  
115.0 5.7891e+01  14 1.00000e+00  
115.1 5.7983e+01  14 1.00000e+00  
115.2 5.8076e+01  14 1.00000e+00  
115.3 5.8168e+01  14 1.00000e+00  
115.4 5.8260e+01  14 1.00000e+00  
115.5 5.8353e+01  14 1.00000e+00  
115.6 5.8445e+01  14 1.00000e+00  
115.7 5.8538e+01  14 1.00000e+00  
115.8 5.8630e+01  14 1.00000e+00  
115.9 5.8722e+01  14 1.00000e+00  
116.0 5.8815e+01  14 1.00000e+00  
116.1 5.8907e+01  14 1.00000e+00  
116.2 5.8999e+01  14 1.00000e+00  
116.3 5.9092e+01  14 1.00000e+00  
116.4 5.9184e+01  14 1.00000e+00  
116.5 5.9276e+01  14 1.00000e+00  
116.6 5.9369e+01  14 1.00000e+00  
116.7 5.9461e+01  14 1.00000e+00  
116.8 5.9553e+01  14 1.00000e+00  
116.9 5.9646e+01  14 1.00000e+00  
117.0 5.9738e+01  14 1.00000e+00  
117.1 5.9830e+01  14 1.00000e+00  
117.2 5.9923e+01  14 1.00000e+00  
117.3 6.0015e+01  14 1.00000e+00  
117.4 6.0107e+01  14 1.00000e+00  
117.5 6.0200e+01  14 1.00000e+00  
117.6 6.0292e+01  14 1.00000e+00  
117.7 6.0384e+01  14 1.00000e+00  
117.8 6.0477e+01  14 1.00000e+00  
117.9 6.0569e+01  14 1.00000e+00  
118.0 6.0661e+01  14 1.00000e+00  
118.1 6.0754e+01  14 1.00000e+00  
118.2 6.0846e+01  14 1.00000e+00  
118.3 6.0938e+01  14 1.00000e+00  
118.4 6.1030e+01  14 1.00000e+00  
118.5 6.1123e+01  14 1.00000e+00  
118.6 6.1215e+01  14 1.00000e+00  
118.7 6.1307e+01  14 1.00000e+00  
118.8 6.1400e+01  14 1.00000e+00  
118.9 6.1492e+01  14 1.00000e+00  
119.0 6.1584e+01  14 1.00000e+00  
119.1 6.1676e+01  14 1.00000e+00  
119.2 6.1769e+01  14 1.00000e+00  
119.3 6.1861e+01  14 1.00000e+00  
119.4 6.1953e+01  14 1.00000e+00  
119.5 6.2046e+01  14 1.00000e+00  
119.6 6.2138e+01  14 1.00000e+00  
119.7 6.2230e+01  14 1.00000e+00  
119.8 6.2322e+01  14 1.00000e+00  
119.9 6.2415e+01  14 1.00000e+00  
120.0 6.2507e+01  14 1.00000e+00  
120.1 6.2599e+01  14 1.00000e+00  
120.2 6.2691e+01  14 1.00000e+00  
120.3 6.2784e+01  14 1.00000e+00  
120.4 6.2876e+01  14 1.00000e+00  
120.5 6.2968e+01  14 1.00000e+00  
120.6 6.3060e+01  14 1.00000e+00  
120.7 6.3152e+01  14 1.00000e+00  
120.8 6.3245e+01  14 1.00000e+00  
120.9 6.3337e+01  14 1.00000e+00  
121.0 6.3429e+01  14 1.00000e+00  
121.1 6.3521e+01  14 1.00000e+00  
121.2 6.3614e+01  14 1.00000e+00  
121.3 6.3706e+01  14 1.00000e+00  
121.4 6.3798e+01  14 1.00000e+00  
121.5 6.3890e+01  14 1.00000e+00  
121.6 6.3982e+01  14 1.00000e+00  
121.7 6.4075e+01  14 1.00000e+00  
121.8 6.4167e+01  14 1.00000e+00  
121.9 6.4259e+01  14 1.00000e+00  
122.0 6.4351e+01  14 1.00000e+00  
122.1 6.4443e+01  14 1.00000e+00  
122.2 6.4535e+01  14 1.00000e+00  
122.3 6.4623e+01  14 1.00000e+00  
122.4 6.4715e+01  14 1.00000e+00  
122.5 6.4808e+01  14 1.00000e+00  
122.6 6.4900e+01  14 1.00000e+00  
122.7 6.4992e+01  14 1.00000e+00  
122.8 6.5084e+01  14 1.00000e+00  
122.9 6.5176e+01  14 1.00000e+00  
123.0 6.5268e+01  14 1.00000e+00  
123.1 6.5360e+01  14 1.00000e+00  
123.2 6.5453e+01  14 1.00000e+00  
123.3 6.5545e+01  14 1.00000e+00  
123.4 6.5637e+01  14 1.00000e+00  
123.5 6.5729e+01  14 1.00000e+00  
123.6 6.5821e+01  14 1.00000e+00  
123.7 6.5913e+01  14 1.00000e+00  
123.8 6.6005e+01  14 1.00000e+00  
123.9 6.6097e+01  14 1.00000e+00  
124.0 6.6189e+01  14 1.00000e+00  
124.1 6.6281e+01  14 1.00000e+00  
124.2 6.6373e+01  14 1.00000e+00  
124.3 6.6465e+01  14 1.00000e+00  
124.4 6.6557e+01  14 1.00000e+00  
124.5 6.6649e+01  14 1.00000e+00  
124.6 6.6742e+01  14 1.00000e+00  
124.7 6.6834e+01  14 1.00000e+00  
124.8 6.6926e+01  14 1.00000e+00  
124.9 6.7018e+01  14 1.00000e+00  
125.0 6.7110e+01  14 1.00000e+00  
125.1 6.7202e+01  14 1.00000e+00  
125.2 6.7294e+01  14 1.00000e+00  
125.3 6.7386e+01  14 1.00000e+00  
125.4 6.7478e+01  14 1.00000e+00  
125.5 6.7570e+01  14 1.00000e+00  
125.6 6.7661e+01  14 1.00000e+00  
125.7 6.7753e+01  14 1.00000e+00  
125.8 6.7845e+01  14 1.00000e+00  
125.9 6.7937e+01  14 1.00000e+00  
126.0 6.8029e+01  14 1.00000e+00  
126.1 6.8121e+01  14 1.00000e+00  
126.2 6.8213e+01  14 1.00000e+00  
126.3 6.8305e+01  14 1.00000e+00  
126.4 6.8397e+01  14 1.00000e+00  
126.5 6.8489e+01  14 1.00000e+00  
126.6 6.8581e+01  14 1.00000e+00  
126.7 6.8673e+01  14 1.00000e+00  
126.8 6.8765e+01  14 1.00000e+00  
126.9 6.8857e+01  14 1.00000e+00  
127.0 6.8949e+01  14 1.00000e+00  
127.1 6.9040e+01  14 1.00000e+00  
127.2 6.9132e+01  14 1.00000e+00  
127.3 6.9224e+01  14 1.00000e+00  
127.4 6.9316e+01  14 1.00000e+00  
127.5 6.9408e+01  14 1.00000e+00  
127.6 6.9500e+01  14 1.00000e+00  
127.7 6.9592e+01  14 1.00000e+00  
127.8 6.9683e+01  14 1.00000e+00  
127.9 6.9775e+01  14 1.00000e+00  
128.0 6.9867e+01  14 1.00000e+00  
128.1 6.9959e+01  14 1.00000e+00  
128.2 7.0051e+01  14 1.00000e+00  
128.3 7.0142e+01  14 1.00000e+00  
128.4 7.0234e+01  14 1.00000e+00  
128.5 7.0326e+01  14 1.00000e+00  
128.6 7.0418e+01  14 1.00000e+00  
128.7 7.0510e+01  14 1.00000e+00  
128.8 7.0601e+01  14 1.00000e+00  
128.9 7.0693e+01  14 1.00000e+00  
129.0 7.0785e+01  14 1.00000e+00  
129.1 7.0877e+01  14 1.00000e+00  
129.2 7.0968e+01  14 1.00000e+00  
129.3 7.1060e+01  14 1.00000e+00  
129.4 7.1152e+01  14 1.00000e+00  
129.5 7.1244e+01  14 1.00000e+00  
129.6 7.1335e+01  14 1.00000e+00  
129.7 7.1427e+01  14 1.00000e+00  
129.8 7.1519e+01  14 1.00000e+00  
129.9 7.1610e+01  14 1.00000e+00  
130.0 7.1702e+01  14 1.00000e+00  
130.1 7.1794e+01  14 1.00000e+00  
130.2 7.1886e+01  14 1.00000e+00  
130.3 7.1977e+01  14 1.00000e+00  
130.4 7.2069e+01  14 1.00000e+00  
130.5 7.2160e+01  14 1.00000e+00  
130.6 7.2252e+01  14 1.00000e+00  
130.7 7.2344e+01  14 1.00000e+00  
130.8 7.2435e+01  14 1.00000e+00  
130.9 7.2527e+01  14 1.00000e+00  
131.0 7.2619e+01  14 1.00000e+00  
131.1 7.2710e+01  14 1.00000e+00  
131.2 7.2802e+01  14 1.00000e+00  
131.3 7.2894e+01  14 1.00000e+00  
131.4 7.2985e+01  14 1.00000e+00  
131.5 7.3077e+01  14 1.00000e+00  
131.6 7.3164e+01  14 1.00000e+00  
131.7 7.3256e+01  14 1.00000e+00  
131.8 7.3348e+01  14 1.00000e+00  
131.9 7.3439e+01  14 1.00000e+00  
132.0 7.3531e+01  14 1.00000e+00  
132.1 7.3622e+01  14 1.00000e+00  
132.2 7.3714e+01  14 1.00000e+00  
132.3 7.3805e+01  14 1.00000e+00  
132.4 7.3897e+01  14 1.00000e+00  
132.5 7.3988e+01  14 1.00000e+00  
132.6 7.4080e+01  14 1.00000e+00  
132.7 7.4171e+01  14 1.00000e+00  
132.8 7.4263e+01  14 1.00000e+00  
132.9 7.4354e+01  14 1.00000e+00  
133.0 7.4446e+01  14 1.00000e+00  
133.1 7.4537e+01  14 1.00000e+00  
133.2 7.4629e+01  14 1.00000e+00  
133.3 7.4720e+01  14 1.00000e+00  
133.4 7.4812e+01  14 1.00000e+00  
133.5 7.4903e+01  14 1.00000e+00  
133.6 7.4995e+01  14 1.00000e+00  
133.7 7.5086e+01  14 1.00000e+00  
133.8 7.5177e+01  14 1.00000e+00  
133.9 7.5269e+01  14 1.00000e+00  
134.0 7.5360e+01  14 1.00000e+00  
134.1 7.5452e+01  14 1.00000e+00  
134.2 7.5543e+01  14 1.00000e+00  
134.3 7.5635e+01  14 1.00000e+00  
134.4 7.5726e+01  14 1.00000e+00  
134.5 7.5817e+01  14 1.00000e+00  
134.6 7.5909e+01  14 1.00000e+00  
134.7 7.6000e+01  14 1.00000e+00  
134.8 7.6091e+01  14 1.00000e+00  
134.9 7.6183e+01  14 1.00000e+00  
135.0 7.6274e+01  14 1.00000e+00  
135.1 7.6365e+01  14 1.00000e+00  
135.2 7.6457e+01  14 1.00000e+00  
135.3 7.6548e+01  14 1.00000e+00  
135.4 7.6639e+01  14 1.00000e+00  
135.5 7.6731e+01  14 1.00000e+00  
135.6 7.6822e+01  14 1.00000e+00  
135.7 7.6913e+01  14 1.00000e+00  
135.8 7.7004e+01  14 1.00000e+00  
135.9 7.7096e+01  14 1.00000e+00  
136.0 7.7187e+01  14 1.00000e+00  
136.1 7.7278e+01  14 1.00000e+00  
136.2 7.7369e+01  14 1.00000e+00  
136.3 7.7461e+01  14 1.00000e+00  
136.4 7.7552e+01  14 1.00000e+00  
136.5 7.7643e+01  14 1.00000e+00  
136.6 7.7734e+01  14 1.00000e+00  
136.7 7.7825e+01  14 1.00000e+00  
136.8 7.7917e+01  14 1.00000e+00  
136.9 7.8008e+01  14 1.00000e+00  
137.0 7.7123e+01  14 1.00000e+00  
137.1 7.7214e+01  14 1.00000e+00  
137.2 7.7018e+01  14 1.00000e+00  
137.3 7.7108e+01  14 1.00000e+00  
137.4 7.7199e+01  14 1.00000e+00  
137.5 7.7289e+01  14 1.00000e+00  
137.6 7.7379e+01  14 1.00000e+00  
137.7 7.7470e+01  14 1.00000e+00  
137.8 7.7560e+01  14 1.00000e+00  
137.9 7.7650e+01  14 1.00000e+00  
138.0 7.7741e+01  14 1.00000e+00  
138.1 7.6796e+01  14 1.00000e+00  
138.2 7.6887e+01  14 1.00000e+00  
138.3 7.6978e+01  14 1.00000e+00  
138.4 7.7068e+01  14 1.00000e+00  
138.5 7.7159e+01  14 1.00000e+00  
138.6 7.7249e+01  14 1.00000e+00  
138.7 7.7340e+01  14 1.00000e+00  
138.8 7.7430e+01  14 1.00000e+00  
138.9 7.7521e+01  14 1.00000e+00  
139.0 7.7611e+01  14 1.00000e+00  
139.1 7.7701e+01  14 1.00000e+00  
139.2 7.7792e+01  14 1.00000e+00  
139.3 7.7882e+01  14 1.00000e+00  
139.4 7.7973e+01  14 1.00000e+00  
139.5 7.8063e+01  14 1.00000e+00  
139.6 7.8154e+01  14 1.00000e+00  
139.7 7.8244e+01  14 1.00000e+00  
139.8 7.8335e+01  14 1.00000e+00  
139.9 7.8425e+01  14 1.00000e+00  
140.0 7.8515e+01  14 1.00000e+00  
140.1 7.8606e+01  14 1.00000e+00  
140.2 7.8696e+01  14 1.00000e+00  
140.3 7.8787e+01  14 1.00000e+00  
140.4 7.7362e+01  14 1.00000e+00  
140.5 7.7451e+01  14 1.00000e+00  
140.6 7.7539e+01  14 1.00000e+00  
140.7 7.7628e+01  14 1.00000e+00  
140.8 7.7716e+01  14 1.00000e+00  
140.9 7.7805e+01  14 1.00000e+00  
141.0 7.6881e+01  14 1.00000e+00  
141.1 7.6971e+01  14 1.00000e+00  
141.2 7.7060e+01  14 1.00000e+00  
141.3 7.7149e+01  14 1.00000e+00  
141.4 7.7238e+01  14 1.00000e+00  
141.5 7.7328e+01  14 1.00000e+00  
141.6 7.7417e+01  14 1.00000e+00  
141.7 7.7506e+01  14 1.00000e+00  
141.8 7.7595e+01  14 1.00000e+00  
141.9 7.7685e+01  14 1.00000e+00  
142.0 7.7774e+01  14 1.00000e+00  
142.1 7.7863e+01  14 1.00000e+00  
142.2 7.7952e+01  14 1.00000e+00  
142.3 7.8041e+01  14 1.00000e+00  
142.4 7.8131e+01  14 1.00000e+00  
142.5 7.8220e+01  14 1.00000e+00  
142.6 7.8309e+01  14 1.00000e+00  
142.7 7.8398e+01  14 1.00000e+00  
142.8 7.8487e+01  14 1.00000e+00  
142.9 7.8576e+01  14 1.00000e+00  
143.0 7.8666e+01  14 1.00000e+00  
143.1 7.8755e+01  14 1.00000e+00  
143.2 7.8844e+01  14 1.00000e+00  
143.3 7.8933e+01  14 1.00000e+00  
143.4 7.9022e+01  14 1.00000e+00  
143.5 7.9111e+01  14 1.00000e+00  
143.6 7.9200e+01  14 1.00000e+00  
143.7 7.9289e+01  14 1.00000e+00  
143.8 7.9379e+01  14 1.00000e+00  
143.9 7.9468e+01  14 1.00000e+00  
144.0 7.9557e+01  14 1.00000e+00  
144.1 7.9646e+01  14 1.00000e+00  
144.2 7.9735e+01  14 1.00000e+00  
144.3 7.9824e+01  14 1.00000e+00  
144.4 7.9913e+01  14 1.00000e+00  
144.5 8.0002e+01  14 1.00000e+00  
144.6 8.0091e+01  14 1.00000e+00  
144.7 8.0180e+01  14 1.00000e+00  
144.8 8.0269e+01  14 1.00000e+00  
144.9 8.0358e+01  14 1.00000e+00  
145.0 8.0447e+01  14 1.00000e+00  
145.1 8.0536e+01  14 1.00000e+00  
145.2 8.0625e+01  14 1.00000e+00  
145.3 8.0714e+01  14 1.00000e+00  
145.4 8.0803e+01  14 1.00000e+00  
145.5 8.0892e+01  14 1.00000e+00  
145.6 8.0981e+01  14 1.00000e+00  
145.7 8.1070e+01  14 1.00000e+00  
145.8 8.1159e+01  14 1.00000e+00  
145.9 8.0513e+01  14 1.00000e+00  
146.0 8.0603e+01  14 1.00000e+00  
146.1 8.0692e+01  14 1.00000e+00  
146.2 8.0781e+01  14 1.00000e+00  
146.3 8.0871e+01  14 1.00000e+00  
146.4 8.0960e+01  14 1.00000e+00  
146.5 8.1050e+01  14 1.00000e+00  
146.6 8.1139e+01  14 1.00000e+00  
146.7 8.1229e+01  14 1.00000e+00  
146.8 8.1318e+01  14 1.00000e+00  
146.9 8.1407e+01  14 1.00000e+00  
147.0 8.1497e+01  14 1.00000e+00  
147.1 8.1586e+01  14 1.00000e+00  
147.2 8.1675e+01  14 1.00000e+00  
147.3 7.7301e+01  14 1.00000e+00  
147.4 7.7388e+01  14 1.00000e+00  
147.5 7.7475e+01  14 1.00000e+00  
147.6 7.7562e+01  14 1.00000e+00  
147.7 7.7650e+01  14 1.00000e+00  
147.8 7.7737e+01  14 1.00000e+00  
147.9 7.7824e+01  14 1.00000e+00  
148.0 7.7911e+01  14 1.00000e+00  
148.1 7.7998e+01  14 1.00000e+00  
148.2 7.8085e+01  14 1.00000e+00  
148.3 7.8172e+01  14 1.00000e+00  
148.4 7.8259e+01  14 1.00000e+00  
148.5 7.8346e+01  14 1.00000e+00  
148.6 7.8433e+01  14 1.00000e+00  
148.7 7.8520e+01  14 1.00000e+00  
148.8 7.8608e+01  14 1.00000e+00  
148.9 7.8695e+01  14 1.00000e+00  
149.0 7.8782e+01  14 1.00000e+00  
149.1 7.8869e+01  14 1.00000e+00  
149.2 7.8956e+01  14 1.00000e+00  
149.3 7.9043e+01  14 1.00000e+00  
149.4 7.9130e+01  14 1.00000e+00  
149.5 7.9217e+01  14 1.00000e+00  
149.6 7.9304e+01  14 1.00000e+00  
149.7 7.9391e+01  14 1.00000e+00  
149.8 7.9478e+01  14 1.00000e+00  
149.9 7.9565e+01  14 1.00000e+00  
150.0 7.9652e+01  14 1.00000e+00  
