 15.1 1.3860e+00  13 4.23358e-02  
 15.2 1.3936e+00  13 4.28121e-02  
 15.3 1.4012e+00  13 4.32847e-02  
 15.4 1.4089e+00  13 4.37530e-02  
 15.5 1.4165e+00  13 4.42178e-02  
 15.6 1.4241e+00  13 4.46787e-02  
 15.7 1.4318e+00  13 4.51363e-02  
 15.8 1.4394e+00  13 4.55904e-02  
 15.9 1.4470e+00  13 4.60414e-02  
 16.0 1.4547e+00  13 4.65090e-02  
 16.1 1.4623e+00  13 4.69542e-02  
 16.2 1.4700e+00  13 4.73945e-02  
 16.3 1.4776e+00  13 4.78267e-02  
 16.4 1.4852e+00  13 4.82628e-02  
 16.5 1.4929e+00  13 4.86961e-02  
 16.6 1.5005e+00  13 4.91272e-02  
 16.7 1.5082e+00  13 4.95557e-02  
 16.8 1.5158e+00  13 5.00054e-02  
 16.9 1.5234e+00  13 5.04305e-02  
 17.0 1.5311e+00  13 5.08533e-02  
 17.1 1.5387e+00  13 5.12746e-02  
 17.2 1.5463e+00  13 5.16939e-02  
 17.3 1.5540e+00  13 5.21344e-02  
 17.4 1.5616e+00  13 5.25420e-02  
 17.5 1.5692e+00  13 5.29559e-02  
 17.6 1.5769e+00  13 5.33690e-02  
 17.7 1.5845e+00  13 5.38075e-02  
 17.8 1.5921e+00  13 5.42187e-02  
 17.9 1.5998e+00  13 5.46291e-02  
 18.0 1.6074e+00  13 5.50661e-02  
 18.1 1.6150e+00  13 5.54625e-02  
 18.2 1.6226e+00  13 5.58701e-02  
 18.3 1.6303e+00  13 5.63056e-02  
 18.4 1.6379e+00  13 5.67128e-02  
 18.5 1.6455e+00  13 5.71492e-02  
 18.6 1.6531e+00  13 5.75857e-02  
 18.7 1.6608e+00  13 5.80080e-02  
 18.8 1.6684e+00  13 5.85762e-02  
 18.9 1.6760e+00  13 5.89898e-02  
 19.0 1.6836e+00  13 5.94039e-02  
 19.1 1.6912e+00  13 5.98195e-02  
 19.2 1.6988e+00  13 6.02210e-02  
 19.3 1.7068e+00  13 6.06680e-02  
 19.4 1.7185e+00  13 6.14546e-02  
 19.5 1.7303e+00  13 6.22491e-02  
 19.6 1.7422e+00  13 6.30502e-02  
 19.7 1.7542e+00  13 6.38417e-02  
 19.8 1.7662e+00  13 6.46562e-02  
 19.9 1.7784e+00  13 6.54789e-02  
 20.0 1.7906e+00  13 6.63103e-02  
 20.1 1.8029e+00  13 6.71311e-02  
 20.2 1.8153e+00  13 6.79764e-02  
 20.3 1.8277e+00  13 6.88308e-02  
 20.4 1.8403e+00  13 6.96941e-02  
 20.5 1.8529e+00  13 7.05471e-02  
 20.6 1.8656e+00  13 7.14239e-02  
 20.7 1.8784e+00  13 7.23125e-02  
 20.8 1.8913e+00  13 7.32113e-02  
 20.9 1.9042e+00  13 7.40981e-02  
 21.0 1.9173e+00  13 7.50122e-02  
 21.1 1.5240e+01  14 1.00000e+00  
 21.2 1.5265e+01  14 1.00000e+00  
 21.3 1.5293e+01  14 1.00000e+00  
 21.4 1.5318e+01  14 1.00000e+00  
 21.5 1.5341e+01  14 1.00000e+00  
 21.6 1.5363e+01  14 1.00000e+00  
 21.7 1.5389e+01  14 1.00000e+00  
 21.8 1.5410e+01  14 1.00000e+00  
 21.9 1.5430e+01  14 1.00000e+00  
 22.0 1.5449e+01  14 1.00000e+00  
 22.1 1.5473e+01  14 1.00000e+00  
 22.2 1.5491e+01  14 1.00000e+00  
 22.3 1.5507e+01  14 1.00000e+00  
 22.4 1.5528e+01  14 1.00000e+00  
 22.5 1.5544e+01  14 1.00000e+00  
 22.6 1.5559e+01  14 1.00000e+00  
 22.7 1.5573e+01  14 1.00000e+00  
 22.8 1.5591e+01  14 1.00000e+00  
 22.9 1.5604e+01  14 1.00000e+00  
 23.0 1.5616e+01  14 1.00000e+00  
 23.1 1.5628e+01  14 1.00000e+00  
 23.2 1.5643e+01  14 1.00000e+00  
 23.3 1.5653e+01  14 1.00000e+00  
 23.4 1.5662e+01  14 1.00000e+00  
 23.5 1.5676e+01  14 1.00000e+00  
 23.6 1.5684e+01  14 1.00000e+00  
 23.7 1.5692e+01  14 1.00000e+00  
 23.8 1.5698e+01  14 1.00000e+00  
 23.9 1.5710e+01  14 1.00000e+00  
 24.0 1.5716e+01  14 1.00000e+00  
 24.1 1.5721e+01  14 1.00000e+00  
 24.2 1.5726e+01  14 1.00000e+00  
 24.3 5.4918e+00  14 3.09523e-01  
 24.4 5.5674e+00  14 3.14552e-01  
 24.5 5.6433e+00  14 3.19607e-01  
 24.6 5.7195e+00  14 3.24556e-01  
 24.7 5.7957e+00  14 3.29643e-01  
 24.8 5.8720e+00  14 3.34750e-01  
 24.9 5.9485e+00  14 3.39884e-01  
 25.0 6.0255e+00  14 3.44909e-01  
 25.1 6.1022e+00  14 3.50077e-01  
 25.2 6.1791e+00  14 3.55259e-01  
 25.3 6.2561e+00  14 3.60467e-01  
 25.4 6.3338e+00  14 3.65556e-01  
 25.5 6.4110e+00  14 3.70791e-01  
 25.6 6.4883e+00  14 3.76049e-01  
 25.7 6.5656e+00  14 3.81328e-01  
 25.8 6.6438e+00  14 3.86474e-01  
 25.9 6.7214e+00  14 3.91773e-01  
 26.0 6.7990e+00  14 3.97090e-01  
 26.1 6.8762e+00  14 4.02399e-01  
 26.2 6.9540e+00  14 4.07728e-01  
 26.3 7.0326e+00  14 4.12970e-01  
 26.4 7.1104e+00  14 4.18340e-01  
 26.5 7.1888e+00  14 4.23764e-01  
 26.6 7.2666e+00  14 4.29165e-01  
 26.7 7.3455e+00  14 4.34472e-01  
 26.8 7.4238e+00  14 4.39859e-01  
 26.9 7.5016e+00  14 4.45299e-01  
 27.0 7.5795e+00  14 4.50753e-01  
 27.1 7.6572e+00  14 4.56221e-01  
 27.2 7.7371e+00  14 4.61546e-01  
 27.3 7.8152e+00  14 4.67023e-01  
 27.4 7.8932e+00  14 4.72514e-01  
 27.5 7.9711e+00  14 4.78020e-01  
 27.6 8.0491e+00  14 4.83537e-01  
 27.7 8.1269e+00  14 4.89069e-01  
 27.8 8.2072e+00  14 4.94469e-01  
 27.9 8.2851e+00  14 5.00021e-01  
 28.0 8.3630e+00  14 5.05588e-01  
 28.1 8.4407e+00  14 5.11167e-01  
 28.2 8.5188e+00  14 5.16736e-01  
 28.3 8.5967e+00  14 5.22326e-01  
 28.4 8.6764e+00  14 5.27839e-01  
 28.5 8.7562e+00  14 5.33358e-01  
 28.6 8.8343e+00  14 5.38970e-01  
 28.7 8.9121e+00  14 5.44604e-01  
 28.8 8.9897e+00  14 5.50251e-01  
 28.9 9.0675e+00  14 5.55899e-01  
 29.0 9.1450e+00  14 5.61565e-01  
 29.1 9.2263e+00  14 5.67101e-01  
 29.2 9.3035e+00  14 5.72795e-01  
 29.3 9.3808e+00  14 5.78493e-01  
 29.4 9.4596e+00  14 5.84152e-01  
 29.5 9.5386e+00  14 5.89810e-01  
 29.6 9.6165e+00  14 5.95514e-01  
 29.7 9.6953e+00  14 6.01200e-01  
 29.8 9.7741e+00  14 6.06893e-01  
 29.9 9.8478e+00  14 6.12741e-01  
 30.0 9.9248e+00  14 6.18499e-01  
 30.1 1.0002e+01  14 6.24245e-01  
 30.2 1.0081e+01  14 6.29989e-01  
 30.3 1.0160e+01  14 6.35716e-01  
 30.4 1.0241e+01  14 6.41396e-01  
 30.5 1.0318e+01  14 6.47195e-01  
 30.6 1.0395e+01  14 6.53006e-01  
 30.7 1.0471e+01  14 6.58836e-01  
 30.8 1.0547e+01  14 6.64676e-01  
 30.9 1.0628e+01  14 6.70419e-01  
 31.0 1.0703e+01  14 6.76279e-01  
 31.1 1.0780e+01  14 6.82119e-01  
 31.2 1.0856e+01  14 6.87979e-01  
 31.3 1.0931e+01  14 6.93871e-01  
 31.4 1.1009e+01  14 6.99721e-01  
 31.5 1.1086e+01  14 7.05574e-01  
 31.6 1.1166e+01  14 7.11411e-01  
 31.7 1.1242e+01  14 7.17311e-01  
 31.8 1.1312e+01  14 7.23300e-01  
 31.9 1.1390e+01  14 7.29169e-01  
 32.0 1.1467e+01  14 7.35077e-01  
 32.1 1.1542e+01  14 7.41006e-01  
 32.2 1.1611e+01  14 7.47029e-01  
 32.3 1.1685e+01  14 7.52995e-01  
 32.4 1.1759e+01  14 7.58948e-01  
 32.5 1.1837e+01  14 7.64872e-01  
 32.6 1.1906e+01  14 7.70898e-01  
 32.7 1.1979e+01  14 7.76888e-01  
 32.8 1.2056e+01  14 7.82840e-01  
 32.9 1.2129e+01  14 7.88842e-01  
 33.0 1.2202e+01  14 7.94843e-01  
 33.1 1.2280e+01  14 8.00803e-01  
 33.2 1.2346e+01  14 8.06887e-01  
 33.3 1.2425e+01  14 8.12854e-01  
 33.4 1.2491e+01  14 8.18938e-01  
 33.5 1.2562e+01  14 8.24980e-01  
 33.6 1.2635e+01  14 8.31014e-01  
 33.7 1.2704e+01  14 8.37084e-01  
 33.8 1.2776e+01  14 8.43139e-01  
 33.9 1.2841e+01  14 8.49237e-01  
 34.0 1.2914e+01  14 8.55294e-01  
 34.1 1.2983e+01  14 8.61376e-01  
 34.2 1.3037e+01  14 8.67544e-01  
 34.3 1.3107e+01  14 8.73626e-01  
 34.4 1.3184e+01  14 8.79674e-01  
 34.5 1.3237e+01  14 8.85848e-01  
 34.6 1.3315e+01  14 8.91904e-01  
 34.7 1.3371e+01  14 8.98058e-01  
 34.8 1.3443e+01  14 9.04148e-01  
 34.9 1.3496e+01  14 9.10316e-01  
 35.0 1.3560e+01  14 9.16442e-01  
 35.1 1.3624e+01  14 9.22569e-01  
 35.2 1.3690e+01  14 9.28692e-01  
 35.3 1.3764e+01  14 9.34799e-01  
 35.4 1.3823e+01  14 9.40945e-01  
 35.5 1.3883e+01  14 9.47093e-01  
 35.6 1.3941e+01  14 9.53243e-01  
 35.7 1.3999e+01  14 9.59394e-01  
 35.8 1.4057e+01  14 9.65545e-01  
 35.9 1.4113e+01  14 9.71697e-01  
 36.0 1.4169e+01  14 9.77849e-01  
 36.1 1.4225e+01  14 9.84000e-01  
 36.2 1.4277e+01  14 9.90152e-01  
 36.3 1.4334e+01  14 9.96302e-01  
 36.4 1.4356e+01  14 1.00000e+00  
 36.5 1.4329e+01  14 1.00000e+00  
 36.6 1.4302e+01  14 1.00000e+00  
 36.7 1.4274e+01  14 1.00000e+00  
 36.8 1.4246e+01  14 1.00000e+00  
 36.9 1.4218e+01  14 1.00000e+00  
 37.0 1.4191e+01  14 1.00000e+00  
 37.1 1.4060e+01  14 1.00000e+00  
 37.2 1.4033e+01  14 1.00000e+00  
 37.3 1.4004e+01  14 1.00000e+00  
 37.4 1.3975e+01  14 1.00000e+00  
 37.5 1.3945e+01  14 1.00000e+00  
 37.6 1.3915e+01  14 1.00000e+00  
 37.7 1.3772e+01  14 1.00000e+00  
 37.8 1.3763e+01  14 1.00000e+00  
 37.9 1.3746e+01  14 1.00000e+00  
 38.0 1.3832e+01  14 1.00000e+00  
 38.1 1.3828e+01  14 1.00000e+00  
 38.2 1.3920e+01  14 1.00000e+00  
 38.3 1.3952e+01  14 1.00000e+00  
 38.4 1.3967e+01  14 1.00000e+00  
 38.5 1.3994e+01  14 1.00000e+00  
 38.6 1.4032e+01  14 1.00000e+00  
 38.7 1.4001e+01  14 1.00000e+00  
 38.8 1.4035e+01  14 1.00000e+00  
 38.9 1.3970e+01  14 1.00000e+00  
 39.0 1.3817e+01  14 1.00000e+00  
 39.1 1.3690e+01  14 1.00000e+00  
 39.2 1.3664e+01  14 1.00000e+00  
 39.3 1.3637e+01  14 1.00000e+00  
 39.4 1.3526e+01  14 1.00000e+00  
 39.5 1.3388e+01  14 1.00000e+00  
 39.6 1.3362e+01  14 1.00000e+00  
 39.7 1.3326e+01  14 1.00000e+00  
 39.8 1.3301e+01  14 1.00000e+00  
 39.9 1.3204e+01  14 1.00000e+00  
 40.0 1.2959e+01  14 9.91220e-01  
 40.1 1.2926e+01  14 9.89523e-01  
 40.2 1.2875e+01  14 9.86956e-01  
 40.3 1.2784e+01  14 9.82297e-01  
 40.4 1.2503e+01  14 9.67974e-01  
 40.5 1.2283e+01  14 9.56664e-01  
 40.6 1.2253e+01  14 9.55109e-01  
 40.7 1.2193e+01  14 9.51981e-01  
 40.8 1.1973e+01  14 9.40576e-01  
 40.9 1.1715e+01  14 9.27144e-01  
 41.0 1.1671e+01  14 9.24860e-01  
 41.1 1.1660e+01  14 9.24287e-01  
 41.2 1.1592e+01  14 9.20697e-01  
 41.3 1.1339e+01  14 9.07410e-01  
 41.4 1.1222e+01  14 9.01211e-01  
 41.5 1.1153e+01  14 8.97563e-01  
 41.6 1.1147e+01  14 8.97245e-01  
 41.7 1.1056e+01  14 8.92415e-01  
 41.8 1.0939e+01  14 8.86166e-01  
 41.9 1.0701e+01  14 8.73469e-01  
 42.0 1.0707e+01  14 8.73757e-01  
 42.1 1.0647e+01  14 8.70579e-01  
 42.2 1.0627e+01  14 8.69479e-01  
 42.3 1.0496e+01  14 8.62440e-01  
 42.4 1.0286e+01  14 8.51077e-01  
 42.5 1.0286e+01  14 8.51091e-01  
 42.6 1.0274e+01  14 8.50436e-01  
 42.7 1.0264e+01  14 8.49917e-01  
 42.8 1.0030e+01  14 8.37223e-01  
 42.9 9.9259e+00  14 8.31534e-01  
 43.0 9.9254e+00  14 8.31507e-01  
 43.1 9.9193e+00  14 8.31172e-01  
 43.2 9.9028e+00  14 8.30272e-01  
 43.3 9.8728e+00  14 8.28636e-01  
 43.4 9.5848e+00  14 8.12864e-01  
 43.5 9.6838e+00  14 8.18297e-01  
 43.6 9.7713e+00  14 8.23091e-01  
 43.7 9.8704e+00  14 8.28504e-01  
 43.8 9.9039e+00  14 8.30332e-01  
 43.9 9.9168e+00  14 8.31037e-01  
 44.0 9.9215e+00  14 8.31292e-01  
 44.1 1.0040e+01  14 8.37759e-01  
 44.2 1.0116e+01  14 8.41870e-01  
 44.3 1.0211e+01  14 8.47016e-01  
 44.4 1.0244e+01  14 8.48845e-01  
 44.5 1.0289e+01  14 8.51256e-01  
 44.6 1.0334e+01  14 8.53689e-01  
 44.7 1.0378e+01  14 8.56076e-01  
 44.8 1.0414e+01  14 8.57993e-01  
 44.9 1.0459e+01  14 8.60448e-01  
 45.0 1.0574e+01  14 8.66633e-01  
 45.1 1.0673e+01  14 8.71976e-01  
 45.2 1.0753e+01  14 8.76252e-01  
 45.3 1.0827e+01  14 8.80193e-01  
 45.4 1.0960e+01  14 8.87275e-01  
 45.5 1.1006e+01  14 8.89727e-01  
 45.6 1.1052e+01  14 8.92205e-01  
 45.7 1.1099e+01  14 8.94684e-01  
 45.8 1.1153e+01  14 8.97558e-01  
 45.9 1.1204e+01  14 9.00229e-01  
 46.0 1.1251e+01  14 9.02765e-01  
 46.1 1.1289e+01  14 9.04761e-01  
 46.2 1.1341e+01  14 9.07486e-01  
 46.3 1.1472e+01  14 9.14378e-01  
 46.4 1.1568e+01  14 9.19460e-01  
 46.5 1.1663e+01  14 9.24416e-01  
 46.6 1.1743e+01  14 9.28622e-01  
 46.7 1.1816e+01  14 9.32432e-01  
 46.8 1.1950e+01  14 9.39418e-01  
 46.9 1.2005e+01  14 9.42241e-01  
 47.0 1.2062e+01  14 9.45202e-01  
 47.1 1.2117e+01  14 9.48064e-01  
 47.2 1.2172e+01  14 9.50926e-01  
 47.3 1.2221e+01  14 9.53464e-01  
 47.4 1.2274e+01  14 9.56195e-01  
 47.5 1.2315e+01  14 9.58287e-01  
 47.6 1.2381e+01  14 9.61705e-01  
 47.7 1.2519e+01  14 9.68763e-01  
 47.8 1.2627e+01  14 9.74298e-01  
 47.9 1.2726e+01  14 9.79343e-01  
 48.0 1.2810e+01  14 9.83620e-01  
 48.1 1.2962e+01  14 9.91370e-01  
 48.2 1.3025e+01  14 9.94546e-01  
 48.3 1.3093e+01  14 9.97985e-01  
 48.4 1.3140e+01  14 1.00000e+00  
 48.5 1.3162e+01  14 1.00000e+00  
 48.6 1.3184e+01  14 1.00000e+00  
 48.7 1.3203e+01  14 1.00000e+00  
 48.8 1.3226e+01  14 1.00000e+00  
 48.9 1.3242e+01  14 1.00000e+00  
 49.0 1.3276e+01  14 1.00000e+00  
 49.1 1.3328e+01  14 1.00000e+00  
 49.2 1.3371e+01  14 1.00000e+00  
 49.3 1.3408e+01  14 1.00000e+00  
 49.4 1.3444e+01  14 1.00000e+00  
 49.5 1.3476e+01  14 1.00000e+00  
 49.6 1.3531e+01  14 1.00000e+00  
 49.7 1.3556e+01  14 1.00000e+00  
 49.8 1.3584e+01  14 1.00000e+00  
 49.9 1.3602e+01  14 1.00000e+00  
 50.0 1.3628e+01  14 1.00000e+00  
 50.1 1.3650e+01  14 1.00000e+00  
 50.2 1.3668e+01  14 1.00000e+00  
 50.3 1.3693e+01  14 1.00000e+00  
 50.4 1.3709e+01  14 1.00000e+00  
 50.5 1.3751e+01  14 1.00000e+00  
 50.6 1.3802e+01  14 1.00000e+00  
 50.7 1.3843e+01  14 1.00000e+00  
 50.8 1.3879e+01  14 1.00000e+00  
 50.9 1.3913e+01  14 1.00000e+00  
 51.0 1.3943e+01  14 1.00000e+00  
 51.1 1.3996e+01  14 1.00000e+00  
 51.2 1.4024e+01  14 1.00000e+00  
 51.3 1.4046e+01  14 1.00000e+00  
 51.4 1.4075e+01  14 1.00000e+00  
 51.5 1.4095e+01  14 1.00000e+00  
 51.6 1.4118e+01  14 1.00000e+00  
 51.7 1.4136e+01  14 1.00000e+00  
 51.8 1.4163e+01  14 1.00000e+00  
 51.9 1.4182e+01  14 1.00000e+00  
 52.0 1.4225e+01  14 1.00000e+00  
 52.1 1.4254e+01  14 1.00000e+00  
 52.2 1.4308e+01  14 1.00000e+00  
 52.3 1.4352e+01  14 1.00000e+00  
 52.4 1.4385e+01  14 1.00000e+00  
 52.5 1.4422e+01  14 1.00000e+00  
 52.6 1.4451e+01  14 1.00000e+00  
 52.7 1.4500e+01  14 1.00000e+00  
 52.8 1.4539e+01  14 1.00000e+00  
 52.9 1.4558e+01  14 1.00000e+00  
 53.0 1.4579e+01  14 1.00000e+00  
 53.1 1.4598e+01  14 1.00000e+00  
 53.2 1.4617e+01  14 1.00000e+00  
 53.3 1.4642e+01  14 1.00000e+00  
 53.4 1.4662e+01  14 1.00000e+00  
 53.5 1.4699e+01  14 1.00000e+00  
 53.6 1.4736e+01  14 1.00000e+00  
 53.7 1.4772e+01  14 1.00000e+00  
 53.8 1.4823e+01  14 1.00000e+00  
 53.9 1.4863e+01  14 1.00000e+00  
 54.0 1.4899e+01  14 1.00000e+00  
 54.1 1.4925e+01  14 1.00000e+00  
 54.2 1.4962e+01  14 1.00000e+00  
 54.3 1.5020e+01  14 1.00000e+00  
 54.4 1.5048e+01  14 1.00000e+00  
 54.5 1.5068e+01  14 1.00000e+00  
 54.6 1.5091e+01  14 1.00000e+00  
 54.7 1.5113e+01  14 1.00000e+00  
 54.8 1.5139e+01  14 1.00000e+00  
 54.9 1.5160e+01  14 1.00000e+00  
 55.0 1.5174e+01  14 1.00000e+00  
 55.1 1.5206e+01  14 1.00000e+00  
 55.2 1.5248e+01  14 1.00000e+00  
 55.3 1.5281e+01  14 1.00000e+00  
 55.4 1.5320e+01  14 1.00000e+00  
 55.5 1.5373e+01  14 1.00000e+00  
 55.6 1.5408e+01  14 1.00000e+00  
 55.7 1.5443e+01  14 1.00000e+00  
 55.8 1.5479e+01  14 1.00000e+00  
 55.9 1.5513e+01  14 1.00000e+00  
 56.0 1.5559e+01  14 1.00000e+00  
 56.1 1.5593e+01  14 1.00000e+00  
 56.2 1.5607e+01  14 1.00000e+00  
 56.3 1.5635e+01  14 1.00000e+00  
 56.4 1.5660e+01  14 1.00000e+00  
 56.5 1.5687e+01  14 1.00000e+00  
 56.6 1.5700e+01  14 1.00000e+00  
 56.7 1.5730e+01  14 1.00000e+00  
 56.8 1.5762e+01  14 1.00000e+00  
 56.9 1.5805e+01  14 1.00000e+00  
 57.0 1.5843e+01  14 1.00000e+00  
 57.1 1.5868e+01  14 1.00000e+00  
 57.2 1.5928e+01  14 1.00000e+00  
 57.3 1.5964e+01  14 1.00000e+00  
 57.4 1.5999e+01  14 1.00000e+00  
 57.5 1.6034e+01  14 1.00000e+00  
 57.6 1.6057e+01  14 1.00000e+00  
 57.7 1.6085e+01  14 1.00000e+00  
 57.8 1.6149e+01  14 1.00000e+00  
 57.9 1.6176e+01  14 1.00000e+00  
 58.0 1.6199e+01  14 1.00000e+00  
 58.1 1.6225e+01  14 1.00000e+00  
 58.2 1.6250e+01  14 1.00000e+00  
 58.3 1.6272e+01  14 1.00000e+00  
 58.4 1.6296e+01  14 1.00000e+00  
 58.5 1.6317e+01  14 1.00000e+00  
 58.6 1.6350e+01  14 1.00000e+00  
 58.7 1.6395e+01  14 1.00000e+00  
 58.8 1.6452e+01  14 1.00000e+00  
 58.9 1.6498e+01  14 1.00000e+00  
 59.0 1.6537e+01  14 1.00000e+00  
 59.1 1.6573e+01  14 1.00000e+00  
 59.2 1.6611e+01  14 1.00000e+00  
 59.3 1.6640e+01  14 1.00000e+00  
 59.4 1.6673e+01  14 1.00000e+00  
 59.5 1.6727e+01  14 1.00000e+00  
 59.6 1.6753e+01  14 1.00000e+00  
 59.7 1.6782e+01  14 1.00000e+00  
 59.8 1.6799e+01  14 1.00000e+00  
 59.9 1.6828e+01  14 1.00000e+00  
 60.0 1.6847e+01  14 1.00000e+00  
 60.1 1.6870e+01  14 1.00000e+00  
 60.2 1.6897e+01  14 1.00000e+00  
 60.3 1.6918e+01  14 1.00000e+00  
 60.4 1.6963e+01  14 1.00000e+00  
 60.5 1.6997e+01  14 1.00000e+00  
 60.6 1.7034e+01  14 1.00000e+00  
 60.7 1.7075e+01  14 1.00000e+00  
 60.8 1.7118e+01  14 1.00000e+00  
 60.9 1.7162e+01  14 1.00000e+00  
 61.0 1.7196e+01  14 1.00000e+00  
 61.1 1.7232e+01  14 1.00000e+00  
 61.2 1.7262e+01  14 1.00000e+00  
 61.3 1.7294e+01  14 1.00000e+00  
 61.4 1.7322e+01  14 1.00000e+00  
 61.5 1.7375e+01  14 1.00000e+00  
 61.6 1.7405e+01  14 1.00000e+00  
 61.7 1.7424e+01  14 1.00000e+00  
 61.8 1.7438e+01  14 1.00000e+00  
 61.9 1.7474e+01  14 1.00000e+00  
 62.0 1.7497e+01  14 1.00000e+00  
 62.1 1.7512e+01  14 1.00000e+00  
 62.2 1.7526e+01  14 1.00000e+00  
 62.3 1.7580e+01  14 1.00000e+00  
 62.4 1.7627e+01  14 1.00000e+00  
 62.5 1.7665e+01  14 1.00000e+00  
 62.6 1.7695e+01  14 1.00000e+00  
 62.7 1.7740e+01  14 1.00000e+00  
 62.8 1.7785e+01  14 1.00000e+00  
 62.9 1.7820e+01  14 1.00000e+00  
 63.0 1.7856e+01  14 1.00000e+00  
 63.1 1.7888e+01  14 1.00000e+00  
 63.2 1.7912e+01  14 1.00000e+00  
 63.3 1.7942e+01  14 1.00000e+00  
 63.4 1.8001e+01  14 1.00000e+00  
 63.5 1.8024e+01  14 1.00000e+00  
 63.6 1.8053e+01  14 1.00000e+00  
 63.7 1.8073e+01  14 1.00000e+00  
 63.8 1.8100e+01  14 1.00000e+00  
 63.9 1.8129e+01  14 1.00000e+00  
 64.0 1.8140e+01  14 1.00000e+00  
 64.1 1.8174e+01  14 1.00000e+00  
 64.2 1.8188e+01  14 1.00000e+00  
 64.3 1.8245e+01  14 1.00000e+00  
 64.4 1.8274e+01  14 1.00000e+00  
 64.5 1.8319e+01  14 1.00000e+00  
 64.6 1.8366e+01  14 1.00000e+00  
 64.7 1.8385e+01  14 1.00000e+00  
 64.8 1.8446e+01  14 1.00000e+00  
 64.9 1.8483e+01  14 1.00000e+00  
 65.0 1.8520e+01  14 1.00000e+00  
 65.1 1.8540e+01  14 1.00000e+00  
 65.2 1.8586e+01  14 1.00000e+00  
 65.3 1.8613e+01  14 1.00000e+00  
 65.4 1.8657e+01  14 1.00000e+00  
 65.5 1.8706e+01  14 1.00000e+00  
 65.6 1.8724e+01  14 1.00000e+00  
 65.7 1.8749e+01  14 1.00000e+00  
 65.8 1.8773e+01  14 1.00000e+00  
 65.9 1.8797e+01  14 1.00000e+00  
 66.0 1.8821e+01  14 1.00000e+00  
 66.1 1.8840e+01  14 1.00000e+00  
 66.2 1.8861e+01  14 1.00000e+00  
 66.3 1.8891e+01  14 1.00000e+00  
 66.4 1.8953e+01  14 1.00000e+00  
 66.5 1.8982e+01  14 1.00000e+00  
 66.6 1.9019e+01  14 1.00000e+00  
 66.7 1.9069e+01  14 1.00000e+00  
 66.8 1.9104e+01  14 1.00000e+00  
 66.9 1.9152e+01  14 1.00000e+00  
 67.0 1.9190e+01  14 1.00000e+00  
 67.1 1.9218e+01  14 1.00000e+00  
 67.2 1.9259e+01  14 1.00000e+00  
 67.3 1.9291e+01  14 1.00000e+00  
 67.4 1.9307e+01  14 1.00000e+00  
 67.5 1.9339e+01  14 1.00000e+00  
 67.6 1.9402e+01  14 1.00000e+00  
 67.7 1.9430e+01  14 1.00000e+00  
 67.8 1.9462e+01  14 1.00000e+00  
 67.9 1.9473e+01  14 1.00000e+00  
 68.0 1.9496e+01  14 1.00000e+00  
 68.1 1.9526e+01  14 1.00000e+00  
 68.2 1.9559e+01  14 1.00000e+00  
 68.3 1.9576e+01  14 1.00000e+00  
 68.4 1.9600e+01  14 1.00000e+00  
 68.5 1.9654e+01  14 1.00000e+00  
 68.6 1.9690e+01  14 1.00000e+00  
 68.7 1.9736e+01  14 1.00000e+00  
 68.8 1.9781e+01  14 1.00000e+00  
 68.9 1.9808e+01  14 1.00000e+00  
 69.0 1.9840e+01  14 1.00000e+00  
 69.1 1.9889e+01  14 1.00000e+00  
 69.2 1.9938e+01  14 1.00000e+00  
 69.3 1.9957e+01  14 1.00000e+00  
 69.4 1.9995e+01  14 1.00000e+00  
 69.5 2.0039e+01  14 1.00000e+00  
 69.6 2.0055e+01  14 1.00000e+00  
 69.7 2.0089e+01  14 1.00000e+00  
 69.8 2.0146e+01  14 1.00000e+00  
 69.9 2.0183e+01  14 1.00000e+00  
 70.0 2.0213e+01  14 1.00000e+00  
 70.1 2.0231e+01  14 1.00000e+00  
 70.2 2.0260e+01  14 1.00000e+00  
 70.3 2.0288e+01  14 1.00000e+00  
 70.4 2.0299e+01  14 1.00000e+00  
 70.5 2.0336e+01  14 1.00000e+00  
 70.6 2.0360e+01  14 1.00000e+00  
 70.7 2.0394e+01  14 1.00000e+00  
 70.8 2.0448e+01  14 1.00000e+00  
 70.9 2.0486e+01  14 1.00000e+00  
 71.0 2.0532e+01  14 1.00000e+00  
 71.1 2.0565e+01  14 1.00000e+00  
 71.2 2.0609e+01  14 1.00000e+00  
 71.3 2.0644e+01  14 1.00000e+00  
 71.4 2.0680e+01  14 1.00000e+00  
 71.5 2.0730e+01  14 1.00000e+00  
 71.6 2.0756e+01  14 1.00000e+00  
 71.7 2.0798e+01  14 1.00000e+00  
 71.8 2.0834e+01  14 1.00000e+00  
 71.9 2.0855e+01  14 1.00000e+00  
 72.0 2.0893e+01  14 1.00000e+00  
 72.1 2.0926e+01  14 1.00000e+00  
 72.2 2.0991e+01  14 1.00000e+00  
 72.3 2.0997e+01  14 1.00000e+00  
 72.4 2.1026e+01  14 1.00000e+00  
 72.5 2.1059e+01  14 1.00000e+00  
 72.6 2.1070e+01  14 1.00000e+00  
 72.7 2.1108e+01  14 1.00000e+00  
 72.8 2.1120e+01  14 1.00000e+00  
 72.9 2.1145e+01  14 1.00000e+00  
 73.0 2.1191e+01  14 1.00000e+00  
 73.1 2.1237e+01  14 1.00000e+00  
 73.2 2.1286e+01  14 1.00000e+00  
 73.3 2.1323e+01  14 1.00000e+00  
 73.4 2.1364e+01  14 1.00000e+00  
 73.5 2.1410e+01  14 1.00000e+00  
 73.6 2.1432e+01  14 1.00000e+00  
 73.7 2.1463e+01  14 1.00000e+00  
 73.8 2.1522e+01  14 1.00000e+00  
 73.9 2.1569e+01  14 1.00000e+00  
 74.0 2.1605e+01  14 1.00000e+00  
 74.1 2.1640e+01  14 1.00000e+00  
 74.2 2.1673e+01  14 1.00000e+00  
 74.3 2.1692e+01  14 1.00000e+00  
 74.4 2.1733e+01  14 1.00000e+00  
 74.5 2.1767e+01  14 1.00000e+00  
 74.6 2.1812e+01  14 1.00000e+00  
 74.7 2.1860e+01  14 1.00000e+00  
 74.8 2.1864e+01  14 1.00000e+00  
 74.9 2.1908e+01  14 1.00000e+00  
 75.0 2.1918e+01  14 1.00000e+00  
 75.1 2.1959e+01  14 1.00000e+00  
 75.2 2.1972e+01  14 1.00000e+00  
 75.3 2.2010e+01  14 1.00000e+00  
 75.4 2.2034e+01  14 1.00000e+00  
 75.5 2.2066e+01  14 1.00000e+00  
 75.6 2.2124e+01  14 1.00000e+00  
 75.7 2.2163e+01  14 1.00000e+00  
 75.8 2.2213e+01  14 1.00000e+00  
 75.9 2.2254e+01  14 1.00000e+00  
 76.0 2.2279e+01  14 1.00000e+00  
 76.1 2.2326e+01  14 1.00000e+00  
 76.2 2.2359e+01  14 1.00000e+00  
 76.3 2.2412e+01  14 1.00000e+00  
 76.4 2.2455e+01  14 1.00000e+00  
 76.5 2.2491e+01  14 1.00000e+00  
 76.6 2.2527e+01  14 1.00000e+00  
 76.7 2.2559e+01  14 1.00000e+00  
 76.8 2.2574e+01  14 1.00000e+00  
 76.9 2.2621e+01  14 1.00000e+00  
 77.0 2.2655e+01  14 1.00000e+00  
 77.1 2.2684e+01  14 1.00000e+00  
 77.2 2.2754e+01  14 1.00000e+00  
 77.3 2.2790e+01  14 1.00000e+00  
 77.4 2.2801e+01  14 1.00000e+00  
 77.5 2.2846e+01  14 1.00000e+00  
 77.6 2.2864e+01  14 1.00000e+00  
 77.7 2.2897e+01  14 1.00000e+00  
 77.8 2.2923e+01  14 1.00000e+00  
 77.9 2.2948e+01  14 1.00000e+00  
 78.0 2.2988e+01  14 1.00000e+00  
 78.1 2.3041e+01  14 1.00000e+00  
 78.2 2.3085e+01  14 1.00000e+00  
 78.3 2.3134e+01  14 1.00000e+00  
 78.4 2.3176e+01  14 1.00000e+00  
 78.5 2.3203e+01  14 1.00000e+00  
 78.6 2.3254e+01  14 1.00000e+00  
 78.7 2.3293e+01  14 1.00000e+00  
 78.8 2.3328e+01  14 1.00000e+00  
 78.9 2.3377e+01  14 1.00000e+00  
 79.0 2.3420e+01  14 1.00000e+00  
 79.1 2.3457e+01  14 1.00000e+00  
 79.2 2.3493e+01  14 1.00000e+00  
 79.3 2.3524e+01  14 1.00000e+00  
 79.4 2.3558e+01  14 1.00000e+00  
 79.5 2.3585e+01  14 1.00000e+00  
 79.6 2.3622e+01  14 1.00000e+00  
 79.7 2.3653e+01  14 1.00000e+00  
 79.8 2.3726e+01  14 1.00000e+00  
 79.9 2.3746e+01  14 1.00000e+00  
 80.0 2.3766e+01  14 1.00000e+00  
 80.1 2.3792e+01  14 1.00000e+00  
 80.2 2.3806e+01  14 1.00000e+00  
 80.3 2.3847e+01  14 1.00000e+00  
 80.4 2.3874e+01  14 1.00000e+00  
 80.5 2.3900e+01  14 1.00000e+00  
 80.6 2.3926e+01  14 1.00000e+00  
 80.7 2.3975e+01  14 1.00000e+00  
 80.8 2.4015e+01  14 1.00000e+00  
 80.9 2.4073e+01  14 1.00000e+00  
 81.0 2.4119e+01  14 1.00000e+00  
 81.1 2.4162e+01  14 1.00000e+00  
 81.2 2.4191e+01  14 1.00000e+00  
 81.3 2.4242e+01  14 1.00000e+00  
 81.4 2.4282e+01  14 1.00000e+00  
 81.5 2.4318e+01  14 1.00000e+00  
 81.6 2.4355e+01  14 1.00000e+00  
 81.7 2.4409e+01  14 1.00000e+00  
 81.8 2.4448e+01  14 1.00000e+00  
 81.9 2.4485e+01  14 1.00000e+00  
 82.0 2.4519e+01  14 1.00000e+00  
 82.1 2.4536e+01  14 1.00000e+00  
 82.2 2.4585e+01  14 1.00000e+00  
 82.3 2.4607e+01  14 1.00000e+00  
 82.4 2.4640e+01  14 1.00000e+00  
 82.5 2.4680e+01  14 1.00000e+00  
 82.6 2.4757e+01  14 1.00000e+00  
 82.7 2.4767e+01  14 1.00000e+00  
 82.8 2.4802e+01  14 1.00000e+00  
 82.9 2.4830e+01  14 1.00000e+00  
 83.0 2.4856e+01  14 1.00000e+00  
 83.1 2.4872e+01  14 1.00000e+00  
 83.2 2.4896e+01  14 1.00000e+00  
 83.3 2.4924e+01  14 1.00000e+00  
 83.4 2.4952e+01  14 1.00000e+00  
 83.5 2.4994e+01  14 1.00000e+00  
 83.6 2.5056e+01  14 1.00000e+00  
 83.7 2.5100e+01  14 1.00000e+00  
 83.8 2.5142e+01  14 1.00000e+00  
 83.9 2.5185e+01  14 1.00000e+00  
 84.0 2.5243e+01  14 1.00000e+00  
 84.1 2.5278e+01  14 1.00000e+00  
 84.2 2.5323e+01  14 1.00000e+00  
 84.3 2.5362e+01  14 1.00000e+00  
 84.4 2.5399e+01  14 1.00000e+00  
 84.5 2.5446e+01  14 1.00000e+00  
 84.6 2.5493e+01  14 1.00000e+00  
 84.7 2.5532e+01  14 1.00000e+00  
 84.8 2.5568e+01  14 1.00000e+00  
 84.9 2.5600e+01  14 1.00000e+00  
 85.0 2.5636e+01  14 1.00000e+00  
 85.1 2.5667e+01  14 1.00000e+00  
 85.2 2.5701e+01  14 1.00000e+00  
 85.3 2.5721e+01  14 1.00000e+00  
 85.4 2.5764e+01  14 1.00000e+00  
 85.5 2.5846e+01  14 1.00000e+00  
 85.6 2.5851e+01  14 1.00000e+00  
 85.7 2.5890e+01  14 1.00000e+00  
 85.8 2.5918e+01  14 1.00000e+00  
 85.9 2.5947e+01  14 1.00000e+00  
 86.0 2.5975e+01  14 1.00000e+00  
 86.1 2.6002e+01  14 1.00000e+00  
 86.2 2.6030e+01  14 1.00000e+00  
 86.3 2.6058e+01  14 1.00000e+00  
 86.4 2.6084e+01  14 1.00000e+00  
 86.5 2.6135e+01  14 1.00000e+00  
 86.6 2.6169e+01  14 1.00000e+00  
 86.7 2.6230e+01  14 1.00000e+00  
 86.8 2.6279e+01  14 1.00000e+00  
 86.9 2.6318e+01  14 1.00000e+00  
 87.0 2.6374e+01  14 1.00000e+00  
 87.1 2.6408e+01  14 1.00000e+00  
 87.2 2.6458e+01  14 1.00000e+00  
 87.3 2.6498e+01  14 1.00000e+00  
 87.4 2.6536e+01  14 1.00000e+00  
 87.5 2.6573e+01  14 1.00000e+00  
 87.6 2.6625e+01  14 1.00000e+00  
 87.7 2.6671e+01  14 1.00000e+00  
 87.8 2.6710e+01  14 1.00000e+00  
 87.9 2.6745e+01  14 1.00000e+00  
 88.0 2.6768e+01  14 1.00000e+00  
 88.1 2.6814e+01  14 1.00000e+00  
 88.2 2.6834e+01  14 1.00000e+00  
 88.3 2.6880e+01  14 1.00000e+00  
 88.4 2.6895e+01  14 1.00000e+00  
 88.5 2.6943e+01  14 1.00000e+00  
 88.6 2.7016e+01  14 1.00000e+00  
 88.7 2.7042e+01  14 1.00000e+00  
 88.8 2.7066e+01  14 1.00000e+00  
 88.9 2.7096e+01  14 1.00000e+00  
 89.0 2.7126e+01  14 1.00000e+00  
 89.1 2.7155e+01  14 1.00000e+00  
 89.2 2.7184e+01  14 1.00000e+00  
 89.3 2.7212e+01  14 1.00000e+00  
 89.4 2.7240e+01  14 1.00000e+00  
 89.5 2.7252e+01  14 1.00000e+00  
 89.6 2.7310e+01  14 1.00000e+00  
 89.7 2.7366e+01  14 1.00000e+00  
 89.8 2.7417e+01  14 1.00000e+00  
 89.9 2.7467e+01  14 1.00000e+00  
 90.0 2.7515e+01  14 1.00000e+00  
 90.1 2.7558e+01  14 1.00000e+00  
 90.2 2.7600e+01  14 1.00000e+00  
 90.3 2.7644e+01  14 1.00000e+00  
 90.4 2.7689e+01  14 1.00000e+00  
 90.5 2.7729e+01  14 1.00000e+00  
 90.6 2.7768e+01  14 1.00000e+00  
 90.7 2.7806e+01  14 1.00000e+00  
 90.8 2.7858e+01  14 1.00000e+00  
 90.9 2.7903e+01  14 1.00000e+00  
 91.0 2.7944e+01  14 1.00000e+00  
 91.1 2.7980e+01  14 1.00000e+00  
 91.2 2.8003e+01  14 1.00000e+00  
 91.3 2.8052e+01  14 1.00000e+00  
 91.4 2.8074e+01  14 1.00000e+00  
 91.5 2.8117e+01  14 1.00000e+00  
 91.6 2.8134e+01  14 1.00000e+00  
 91.7 2.8183e+01  14 1.00000e+00  
 91.8 2.8199e+01  14 1.00000e+00  
 91.9 2.8241e+01  14 1.00000e+00  
 92.0 2.8315e+01  14 1.00000e+00  
 92.1 2.8332e+01  14 1.00000e+00  
 92.2 2.8368e+01  14 1.00000e+00  
 92.3 2.8405e+01  14 1.00000e+00  
 92.4 2.8436e+01  14 1.00000e+00  
 92.5 2.8468e+01  14 1.00000e+00  
 92.6 2.8508e+01  14 1.00000e+00  
 92.7 2.8546e+01  14 1.00000e+00  
 92.8 2.8576e+01  14 1.00000e+00  
 92.9 2.8631e+01  14 1.00000e+00  
 93.0 2.8666e+01  14 1.00000e+00  
 93.1 2.8739e+01  14 1.00000e+00  
 93.2 2.8785e+01  14 1.00000e+00  
 93.3 2.8816e+01  14 1.00000e+00  
 93.4 2.8882e+01  14 1.00000e+00  
 93.5 2.8906e+01  14 1.00000e+00  
 93.6 2.8970e+01  14 1.00000e+00  
 93.7 2.9015e+01  14 1.00000e+00  
 93.8 2.9055e+01  14 1.00000e+00  
 93.9 2.9095e+01  14 1.00000e+00  
 94.0 2.9134e+01  14 1.00000e+00  
 94.1 2.9182e+01  14 1.00000e+00  
 94.2 2.9167e+01  14 1.00000e+00  
 94.3 2.9207e+01  14 1.00000e+00  
 94.4 2.9302e+01  14 1.00000e+00  
 94.5 2.9351e+01  14 1.00000e+00  
 94.6 2.9386e+01  14 1.00000e+00  
 94.7 2.9406e+01  14 1.00000e+00  
 94.8 2.9454e+01  14 1.00000e+00  
 94.9 2.9480e+01  14 1.00000e+00  
 95.0 2.9521e+01  14 1.00000e+00  
 95.1 2.9555e+01  14 1.00000e+00  
 95.2 2.9586e+01  14 1.00000e+00  
 95.3 2.9667e+01  14 1.00000e+00  
 95.4 2.9687e+01  14 1.00000e+00  
 95.5 2.9720e+01  14 1.00000e+00  
 95.6 2.9755e+01  14 1.00000e+00  
 95.7 2.9785e+01  14 1.00000e+00  
 95.8 2.9802e+01  14 1.00000e+00  
 95.9 2.9838e+01  14 1.00000e+00  
 96.0 2.9876e+01  14 1.00000e+00  
 96.1 2.9908e+01  14 1.00000e+00  
 96.2 2.9918e+01  14 1.00000e+00  
 96.3 2.9979e+01  14 1.00000e+00  
 96.4 3.0037e+01  14 1.00000e+00  
 96.5 3.0093e+01  14 1.00000e+00  
 96.6 3.0143e+01  14 1.00000e+00  
 96.7 3.0184e+01  14 1.00000e+00  
 96.8 3.0242e+01  14 1.00000e+00  
 96.9 3.0287e+01  14 1.00000e+00  
 97.0 3.0335e+01  14 1.00000e+00  
 97.1 3.0374e+01  14 1.00000e+00  
 97.2 3.0426e+01  14 1.00000e+00  
 97.3 3.0469e+01  14 1.00000e+00  
 97.4 3.0509e+01  14 1.00000e+00  
 97.5 3.0550e+01  14 1.00000e+00  
 97.6 3.0588e+01  14 1.00000e+00  
 97.7 3.0577e+01  14 1.00000e+00  
 97.8 3.0617e+01  14 1.00000e+00  
 97.9 3.0655e+01  14 1.00000e+00  
 98.0 3.0710e+01  14 1.00000e+00  
 98.1 3.0802e+01  14 1.00000e+00  
 98.2 3.0824e+01  14 1.00000e+00  
 98.3 3.0870e+01  14 1.00000e+00  
 98.4 3.0896e+01  14 1.00000e+00  
 98.5 3.0938e+01  14 1.00000e+00  
 98.6 3.0966e+01  14 1.00000e+00  
 98.7 3.1007e+01  14 1.00000e+00  
 98.8 3.1035e+01  14 1.00000e+00  
 98.9 3.1120e+01  14 1.00000e+00  
 99.0 3.1142e+01  14 1.00000e+00  
 99.1 3.1174e+01  14 1.00000e+00  
 99.2 3.1209e+01  14 1.00000e+00  
 99.3 3.1231e+01  14 1.00000e+00  
 99.4 3.1265e+01  14 1.00000e+00  
 99.5 3.1303e+01  14 1.00000e+00  
 99.6 3.1335e+01  14 1.00000e+00  
 99.7 3.1350e+01  14 1.00000e+00  
 99.8 3.1397e+01  14 1.00000e+00  
 99.9 3.1415e+01  14 1.00000e+00  
100.0 3.1480e+01  14 1.00000e+00  
100.1 3.1536e+01  14 1.00000e+00  
100.2 3.1589e+01  14 1.00000e+00  
100.3 3.1634e+01  14 1.00000e+00  
100.4 3.1669e+01  14 1.00000e+00  
100.5 3.1742e+01  14 1.00000e+00  
100.6 3.1770e+01  14 1.00000e+00  
100.7 3.1837e+01  14 1.00000e+00  
100.8 3.1862e+01  14 1.00000e+00  
100.9 3.1928e+01  14 1.00000e+00  
101.0 3.1976e+01  14 1.00000e+00  
101.1 3.2019e+01  14 1.00000e+00  
101.2 3.2060e+01  14 1.00000e+00  
101.3 3.2100e+01  14 1.00000e+00  
101.4 3.2138e+01  14 1.00000e+00  
101.5 3.2130e+01  14 1.00000e+00  
101.6 3.2167e+01  14 1.00000e+00  
101.7 3.2213e+01  14 1.00000e+00  
101.8 3.2265e+01  14 1.00000e+00  
101.9 3.2306e+01  14 1.00000e+00  
102.0 3.2345e+01  14 1.00000e+00  
102.1 3.2432e+01  14 1.00000e+00  
102.2 3.2460e+01  14 1.00000e+00  
102.3 3.2499e+01  14 1.00000e+00  
102.4 3.2531e+01  14 1.00000e+00  
102.5 3.2568e+01  14 1.00000e+00  
102.6 3.2395e+01  14 1.00000e+00  
102.7 3.2654e+01  14 1.00000e+00  
102.8 3.2736e+01  14 1.00000e+00  
102.9 3.2764e+01  14 1.00000e+00  
103.0 3.2794e+01  14 1.00000e+00  
103.1 3.2820e+01  14 1.00000e+00  
103.2 3.2845e+01  14 1.00000e+00  
103.3 3.2887e+01  14 1.00000e+00  
103.4 3.2917e+01  14 1.00000e+00  
103.5 3.2949e+01  14 1.00000e+00  
103.6 3.2984e+01  14 1.00000e+00  
103.7 3.3006e+01  14 1.00000e+00  
103.8 3.3035e+01  14 1.00000e+00  
103.9 3.3109e+01  14 1.00000e+00  
104.0 3.3170e+01  14 1.00000e+00  
104.1 3.3226e+01  14 1.00000e+00  
104.2 3.3276e+01  14 1.00000e+00  
104.3 3.3307e+01  14 1.00000e+00  
104.4 3.3379e+01  14 1.00000e+00  
104.5 3.3407e+01  14 1.00000e+00  
104.6 3.3478e+01  14 1.00000e+00  
104.7 3.3526e+01  14 1.00000e+00  
104.8 3.3569e+01  14 1.00000e+00  
104.9 3.3624e+01  14 1.00000e+00  
105.0 3.3615e+01  14 1.00000e+00  
105.1 3.3659e+01  14 1.00000e+00  
105.2 3.3700e+01  14 1.00000e+00  
105.3 3.3738e+01  14 1.00000e+00  
105.4 3.3828e+01  14 1.00000e+00  
105.5 3.3837e+01  14 1.00000e+00  
105.6 3.3851e+01  14 1.00000e+00  
105.7 3.3893e+01  14 1.00000e+00  
105.8 3.3935e+01  14 1.00000e+00  
105.9 3.3977e+01  14 1.00000e+00  
106.0 3.4017e+01  14 1.00000e+00  
106.1 3.4054e+01  14 1.00000e+00  
106.2 3.4135e+01  14 1.00000e+00  
106.3 3.4180e+01  14 1.00000e+00  
106.4 3.4212e+01  14 1.00000e+00  
106.5 3.4244e+01  14 1.00000e+00  
106.6 3.3735e+01  14 1.00000e+00  
106.7 3.3825e+01  14 1.00000e+00  
106.8 3.3832e+01  14 1.00000e+00  
106.9 3.3845e+01  14 1.00000e+00  
107.0 3.3887e+01  14 1.00000e+00  
107.1 3.3929e+01  14 1.00000e+00  
107.2 3.3970e+01  14 1.00000e+00  
107.3 3.4010e+01  14 1.00000e+00  
107.4 3.4047e+01  14 1.00000e+00  
107.5 3.4133e+01  14 1.00000e+00  
107.6 3.4171e+01  14 1.00000e+00  
107.7 3.4206e+01  14 1.00000e+00  
107.8 3.4220e+01  14 1.00000e+00  
107.9 3.4278e+01  14 1.00000e+00  
108.0 3.4304e+01  14 1.00000e+00  
108.1 3.4351e+01  14 1.00000e+00  
108.2 3.4383e+01  14 1.00000e+00  
108.3 3.3873e+01  14 1.00000e+00  
108.4 3.3915e+01  14 1.00000e+00  
108.5 3.3955e+01  14 1.00000e+00  
108.6 3.3995e+01  14 1.00000e+00  
108.7 3.4034e+01  14 1.00000e+00  
108.8 3.4065e+01  14 1.00000e+00  
108.9 3.4134e+01  14 1.00000e+00  
109.0 3.4192e+01  14 1.00000e+00  
109.1 3.4217e+01  14 1.00000e+00  
109.2 3.4262e+01  14 1.00000e+00  
109.3 3.4296e+01  14 1.00000e+00  
109.4 3.4312e+01  14 1.00000e+00  
109.5 3.4369e+01  14 1.00000e+00  
109.6 3.4435e+01  14 1.00000e+00  
109.7 3.4475e+01  14 1.00000e+00  
109.8 3.4511e+01  14 1.00000e+00  
109.9 3.4521e+01  14 1.00000e+00  
110.0 3.4577e+01  14 1.00000e+00  
110.1 3.4607e+01  14 1.00000e+00  
110.2 3.4134e+01  14 1.00000e+00  
110.3 3.4171e+01  14 1.00000e+00  
110.4 3.4205e+01  14 1.00000e+00  
110.5 3.4216e+01  14 1.00000e+00  
110.6 3.4276e+01  14 1.00000e+00  
110.7 3.4303e+01  14 1.00000e+00  
110.8 3.4345e+01  14 1.00000e+00  
110.9 3.4380e+01  14 1.00000e+00  
111.0 3.4459e+01  14 1.00000e+00  
111.1 3.4468e+01  14 1.00000e+00  
111.2 3.4520e+01  14 1.00000e+00  
111.3 3.4546e+01  14 1.00000e+00  
111.4 3.4585e+01  14 1.00000e+00  
111.5 3.4619e+01  14 1.00000e+00  
111.6 3.4643e+01  14 1.00000e+00  
111.7 3.4685e+01  14 1.00000e+00  
111.8 3.4704e+01  14 1.00000e+00  
111.9 3.4749e+01  14 1.00000e+00  
112.0 3.4769e+01  14 1.00000e+00  
112.1 3.4305e+01  14 1.00000e+00  
112.2 3.4352e+01  14 1.00000e+00  
112.3 3.4383e+01  14 1.00000e+00  
112.4 3.4464e+01  14 1.00000e+00  
112.5 3.4474e+01  14 1.00000e+00  
112.6 3.4522e+01  14 1.00000e+00  
112.7 3.4556e+01  14 1.00000e+00  
112.8 3.4586e+01  14 1.00000e+00  
112.9 3.4622e+01  14 1.00000e+00  
113.0 3.4642e+01  14 1.00000e+00  
113.1 3.4686e+01  14 1.00000e+00  
113.2 3.4703e+01  14 1.00000e+00  
113.3 3.4750e+01  14 1.00000e+00  
113.4 3.4769e+01  14 1.00000e+00  
113.5 3.4810e+01  14 1.00000e+00  
113.6 3.4873e+01  14 1.00000e+00  
113.7 3.4925e+01  14 1.00000e+00  
113.8 3.4968e+01  14 1.00000e+00  
113.9 3.5031e+01  14 1.00000e+00  
114.0 3.4521e+01  14 1.00000e+00  
114.1 3.4547e+01  14 1.00000e+00  
114.2 3.4584e+01  14 1.00000e+00  
114.3 3.4617e+01  14 1.00000e+00  
114.4 3.4643e+01  14 1.00000e+00  
114.5 3.4681e+01  14 1.00000e+00  
114.6 3.4705e+01  14 1.00000e+00  
114.7 3.4744e+01  14 1.00000e+00  
114.8 3.4768e+01  14 1.00000e+00  
114.9 3.4805e+01  14 1.00000e+00  
115.0 3.4861e+01  14 1.00000e+00  
115.1 3.4910e+01  14 1.00000e+00  
115.2 3.4948e+01  14 1.00000e+00  
115.3 3.5019e+01  14 1.00000e+00  
115.4 3.5065e+01  14 1.00000e+00  
115.5 3.5116e+01  14 1.00000e+00  
115.6 3.4576e+01  14 1.00000e+00  
115.7 3.4590e+01  14 1.00000e+00  
115.8 3.4639e+01  14 1.00000e+00  
115.9 3.4668e+01  14 1.00000e+00  
116.0 3.4701e+01  14 1.00000e+00  
116.1 3.4727e+01  14 1.00000e+00  
116.2 3.4763e+01  14 1.00000e+00  
116.3 3.4777e+01  14 1.00000e+00  
116.4 3.4828e+01  14 1.00000e+00  
116.5 3.4876e+01  14 1.00000e+00  
116.6 3.4946e+01  14 1.00000e+00  
116.7 3.4995e+01  14 1.00000e+00  
116.8 3.5026e+01  14 1.00000e+00  
116.9 3.5096e+01  14 1.00000e+00  
117.0 3.5135e+01  14 1.00000e+00  
117.1 3.5186e+01  14 1.00000e+00  
117.2 3.5213e+01  14 1.00000e+00  
117.3 3.5276e+01  14 1.00000e+00  
117.4 3.5322e+01  14 1.00000e+00  
117.5 3.5297e+01  14 1.00000e+00  
117.6 3.5349e+01  14 1.00000e+00  
117.7 3.5394e+01  14 1.00000e+00  
117.8 3.5435e+01  14 1.00000e+00  
117.9 3.5470e+01  14 1.00000e+00  
118.0 3.5512e+01  14 1.00000e+00  
118.1 3.5545e+01  14 1.00000e+00  
118.2 3.5530e+01  14 1.00000e+00  
118.3 3.5514e+01  14 1.00000e+00  
118.4 3.5493e+01  14 1.00000e+00  
118.5 3.5147e+01  14 1.00000e+00  
118.6 3.5194e+01  14 1.00000e+00  
118.7 3.5227e+01  14 1.00000e+00  
118.8 3.5285e+01  14 1.00000e+00  
118.9 3.5328e+01  14 1.00000e+00  
119.0 3.5305e+01  14 1.00000e+00  
119.1 3.5355e+01  14 1.00000e+00  
119.2 3.5386e+01  14 1.00000e+00  
119.3 3.5368e+01  14 1.00000e+00  
119.4 3.5349e+01  14 1.00000e+00  
119.5 3.5330e+01  14 1.00000e+00  
119.6 2.8007e+01  14 1.00000e+00  
119.7 2.8051e+01  14 1.00000e+00  
119.8 2.8072e+01  14 1.00000e+00  
119.9 2.8088e+01  14 1.00000e+00  
120.0 2.8123e+01  14 1.00000e+00  
120.1 2.8135e+01  14 1.00000e+00  
120.2 2.8173e+01  14 1.00000e+00  
120.3 2.8115e+01  14 1.00000e+00  
120.4 2.8129e+01  14 1.00000e+00  
120.5 2.8151e+01  14 1.00000e+00  
120.6 2.8183e+01  14 1.00000e+00  
120.7 2.7913e+01  14 1.00000e+00  
120.8 2.7942e+01  14 1.00000e+00  
120.9 2.7967e+01  14 1.00000e+00  
121.0 2.7991e+01  14 1.00000e+00  
121.1 2.8003e+01  14 1.00000e+00  
121.2 2.8050e+01  14 1.00000e+00  
121.3 2.8067e+01  14 1.00000e+00  
121.4 2.8083e+01  14 1.00000e+00  
121.5 2.8039e+01  14 1.00000e+00  
121.6 2.8061e+01  14 1.00000e+00  
121.7 2.8074e+01  14 1.00000e+00  
121.8 2.8107e+01  14 1.00000e+00  
121.9 2.8127e+01  14 1.00000e+00  
122.0 2.7829e+01  14 1.00000e+00  
122.1 2.7878e+01  14 1.00000e+00  
122.2 2.7908e+01  14 1.00000e+00  
122.3 2.7937e+01  14 1.00000e+00  
122.4 2.7963e+01  14 1.00000e+00  
122.5 2.7988e+01  14 1.00000e+00  
122.6 2.8003e+01  14 1.00000e+00  
122.7 2.7952e+01  14 1.00000e+00  
122.8 2.7974e+01  14 1.00000e+00  
122.9 2.7994e+01  14 1.00000e+00  
123.0 2.8009e+01  14 1.00000e+00  
123.1 2.8050e+01  14 1.00000e+00  
123.2 2.8066e+01  14 1.00000e+00  
123.3 2.8075e+01  14 1.00000e+00  
123.4 2.7793e+01  14 1.00000e+00  
123.5 2.7819e+01  14 1.00000e+00  
123.6 2.7862e+01  14 1.00000e+00  
123.7 2.7894e+01  14 1.00000e+00  
123.8 2.7924e+01  14 1.00000e+00  
123.9 2.7830e+01  14 1.00000e+00  
124.0 2.7877e+01  14 1.00000e+00  
124.1 2.7908e+01  14 1.00000e+00  
124.2 2.7935e+01  14 1.00000e+00  
124.3 2.7959e+01  14 1.00000e+00  
124.4 2.7983e+01  14 1.00000e+00  
124.5 2.7997e+01  14 1.00000e+00  
124.6 2.8032e+01  14 1.00000e+00  
124.7 2.7726e+01  14 1.00000e+00  
124.8 2.7754e+01  14 1.00000e+00  
124.9 2.7781e+01  14 1.00000e+00  
125.0 2.7710e+01  14 1.00000e+00  
125.1 2.7736e+01  14 1.00000e+00  
125.2 2.7762e+01  14 1.00000e+00  
125.3 2.7788e+01  14 1.00000e+00  
125.4 2.7812e+01  14 1.00000e+00  
125.5 2.7847e+01  14 1.00000e+00  
125.6 2.7882e+01  14 1.00000e+00  
125.7 2.7910e+01  14 1.00000e+00  
125.8 2.7936e+01  14 1.00000e+00  
125.9 2.7960e+01  14 1.00000e+00  
126.0 2.7983e+01  14 1.00000e+00  
126.1 2.7676e+01  14 1.00000e+00  
126.2 2.7598e+01  14 1.00000e+00  
126.3 2.7616e+01  14 1.00000e+00  
126.4 2.7654e+01  14 1.00000e+00  
126.5 2.7681e+01  14 1.00000e+00  
126.6 2.7708e+01  14 1.00000e+00  
126.7 2.7734e+01  14 1.00000e+00  
126.8 2.7759e+01  14 1.00000e+00  
126.9 2.7784e+01  14 1.00000e+00  
127.0 2.7808e+01  14 1.00000e+00  
127.1 2.7830e+01  14 1.00000e+00  
127.2 2.7876e+01  14 1.00000e+00  
127.3 2.7905e+01  14 1.00000e+00  
127.4 2.7931e+01  14 1.00000e+00  
127.5 2.7506e+01  14 1.00000e+00  
127.6 2.7521e+01  14 1.00000e+00  
127.7 2.7562e+01  14 1.00000e+00  
127.8 2.7594e+01  14 1.00000e+00  
127.9 2.7607e+01  14 1.00000e+00  
128.0 2.7647e+01  14 1.00000e+00  
128.1 2.7676e+01  14 1.00000e+00  
128.2 2.7703e+01  14 1.00000e+00  
128.3 2.7728e+01  14 1.00000e+00  
128.4 2.7753e+01  14 1.00000e+00  
128.5 2.7779e+01  14 1.00000e+00  
128.6 2.7803e+01  14 1.00000e+00  
128.7 2.7825e+01  14 1.00000e+00  
128.8 2.7867e+01  14 1.00000e+00  
128.9 2.7895e+01  14 1.00000e+00  
129.0 2.7922e+01  14 1.00000e+00  
129.1 2.7496e+01  14 1.00000e+00  
129.2 2.7524e+01  14 1.00000e+00  
129.3 2.7552e+01  14 1.00000e+00  
129.4 2.7583e+01  14 1.00000e+00  
129.5 2.7591e+01  14 1.00000e+00  
129.6 2.7632e+01  14 1.00000e+00  
129.7 2.7664e+01  14 1.00000e+00  
129.8 2.7691e+01  14 1.00000e+00  
129.9 2.7716e+01  14 1.00000e+00  
130.0 2.7741e+01  14 1.00000e+00  
130.1 2.7765e+01  14 1.00000e+00  
130.2 2.7789e+01  14 1.00000e+00  
130.3 2.7812e+01  14 1.00000e+00  
130.4 2.7740e+01  14 1.00000e+00  
130.5 2.7763e+01  14 1.00000e+00  
130.6 2.7785e+01  14 1.00000e+00  
130.7 2.7806e+01  14 1.00000e+00  
130.8 2.7826e+01  14 1.00000e+00  
130.9 2.7518e+01  14 1.00000e+00  
131.0 2.7562e+01  14 1.00000e+00  
131.1 2.7590e+01  14 1.00000e+00  
131.2 2.7601e+01  14 1.00000e+00  
131.3 2.7639e+01  14 1.00000e+00  
131.4 2.7668e+01  14 1.00000e+00  
131.5 2.7587e+01  14 1.00000e+00  
131.6 2.7592e+01  14 1.00000e+00  
131.7 2.7632e+01  14 1.00000e+00  
131.8 2.7662e+01  14 1.00000e+00  
131.9 3.2165e+01  14 1.00000e+00  
132.0 3.2199e+01  14 1.00000e+00  
132.1 3.2239e+01  14 1.00000e+00  
132.2 3.2275e+01  14 1.00000e+00  
132.3 3.2306e+01  14 1.00000e+00  
132.4 3.2337e+01  14 1.00000e+00  
132.5 3.2401e+01  14 1.00000e+00  
132.6 3.2443e+01  14 1.00000e+00  
132.7 3.2461e+01  14 1.00000e+00  
132.8 3.2497e+01  14 1.00000e+00  
132.9 3.2525e+01  14 1.00000e+00  
133.0 3.2535e+01  14 1.00000e+00  
133.1 3.2579e+01  14 1.00000e+00  
133.2 3.2606e+01  14 1.00000e+00  
133.3 3.2612e+01  14 1.00000e+00  
133.4 3.2661e+01  14 1.00000e+00  
133.5 3.2735e+01  14 1.00000e+00  
133.6 3.2753e+01  14 1.00000e+00  
133.7 3.2768e+01  14 1.00000e+00  
133.8 3.2802e+01  14 1.00000e+00  
133.9 3.2818e+01  14 1.00000e+00  
134.0 3.2844e+01  14 1.00000e+00  
134.1 3.2868e+01  14 1.00000e+00  
134.2 3.2894e+01  14 1.00000e+00  
134.3 3.2918e+01  14 1.00000e+00  
134.4 3.2944e+01  14 1.00000e+00  
134.5 3.2949e+01  14 1.00000e+00  
134.6 3.2994e+01  14 1.00000e+00  
134.7 3.3006e+01  14 1.00000e+00  
134.8 3.3042e+01  14 1.00000e+00  
134.9 3.3089e+01  14 1.00000e+00  
135.0 3.3123e+01  14 1.00000e+00  
135.1 3.3175e+01  14 1.00000e+00  
135.2 3.3217e+01  14 1.00000e+00  
135.3 3.3234e+01  14 1.00000e+00  
135.4 3.3298e+01  14 1.00000e+00  
135.5 3.3317e+01  14 1.00000e+00  
135.6 3.3374e+01  14 1.00000e+00  
135.7 3.3411e+01  14 1.00000e+00  
135.8 3.3441e+01  14 1.00000e+00  
135.9 3.2895e+01  14 1.00000e+00  
136.0 3.2922e+01  14 1.00000e+00  
136.1 3.2947e+01  14 1.00000e+00  
136.2 3.2954e+01  14 1.00000e+00  
136.3 3.2997e+01  14 1.00000e+00  
136.4 3.3006e+01  14 1.00000e+00  
136.5 3.3042e+01  14 1.00000e+00  
136.6 3.3092e+01  14 1.00000e+00  
136.7 3.3129e+01  14 1.00000e+00  
136.8 3.3176e+01  14 1.00000e+00  
136.9 3.3219e+01  14 1.00000e+00  
137.0 3.3239e+01  14 1.00000e+00  
137.1 3.3299e+01  14 1.00000e+00  
137.2 3.3320e+01  14 1.00000e+00  
137.3 3.3375e+01  14 1.00000e+00  
137.4 3.3412e+01  14 1.00000e+00  
137.5 3.3442e+01  14 1.00000e+00  
137.6 3.3488e+01  14 1.00000e+00  
137.7 3.3524e+01  14 1.00000e+00  
137.8 3.3549e+01  14 1.00000e+00  
137.9 3.3597e+01  14 1.00000e+00  
138.0 3.3635e+01  14 1.00000e+00  
138.1 3.3615e+01  14 1.00000e+00  
138.2 3.3648e+01  14 1.00000e+00  
138.3 3.3680e+01  14 1.00000e+00  
138.4 3.3711e+01  14 1.00000e+00  
138.5 3.3740e+01  14 1.00000e+00  
138.6 3.3822e+01  14 1.00000e+00  
138.7 3.3818e+01  14 1.00000e+00  
138.8 3.3850e+01  14 1.00000e+00  
138.9 3.3854e+01  14 1.00000e+00  
139.0 3.3886e+01  14 1.00000e+00  
139.1 3.3918e+01  14 1.00000e+00  
139.2 3.3950e+01  14 1.00000e+00  
139.3 3.3981e+01  14 1.00000e+00  
139.4 3.4012e+01  14 1.00000e+00  
139.5 3.4041e+01  14 1.00000e+00  
139.6 3.4065e+01  14 1.00000e+00  
139.7 3.4136e+01  14 1.00000e+00  
139.8 3.4176e+01  14 1.00000e+00  
139.9 3.4203e+01  14 1.00000e+00  
140.0 3.4217e+01  14 1.00000e+00  
140.1 3.4257e+01  14 1.00000e+00  
140.2 3.4286e+01  14 1.00000e+00  
140.3 3.4304e+01  14 1.00000e+00  
140.4 3.4340e+01  14 1.00000e+00  
140.5 3.4370e+01  14 1.00000e+00  
140.6 3.4384e+01  14 1.00000e+00  
140.7 3.4467e+01  14 1.00000e+00  
140.8 3.4466e+01  14 1.00000e+00  
140.9 3.4515e+01  14 1.00000e+00  
141.0 3.4523e+01  14 1.00000e+00  
141.1 3.4568e+01  14 1.00000e+00  
141.2 3.4586e+01  14 1.00000e+00  
141.3 3.4619e+01  14 1.00000e+00  
141.4 3.4642e+01  14 1.00000e+00  
141.5 3.4669e+01  14 1.00000e+00  
141.6 3.4695e+01  14 1.00000e+00  
141.7 3.4701e+01  14 1.00000e+00  
141.8 3.4748e+01  14 1.00000e+00  
141.9 3.4768e+01  14 1.00000e+00  
142.0 3.4786e+01  14 1.00000e+00  
142.1 3.4824e+01  14 1.00000e+00  
142.2 3.4880e+01  14 1.00000e+00  
142.3 3.4924e+01  14 1.00000e+00  
142.4 3.4948e+01  14 1.00000e+00  
142.5 3.5010e+01  14 1.00000e+00  
142.6 3.5030e+01  14 1.00000e+00  
142.7 3.5091e+01  14 1.00000e+00  
142.8 3.5112e+01  14 1.00000e+00  
142.9 3.5166e+01  14 1.00000e+00  
143.0 3.5202e+01  14 1.00000e+00  
143.1 3.5231e+01  14 1.00000e+00  
143.2 3.5278e+01  14 1.00000e+00  
143.3 3.5316e+01  14 1.00000e+00  
143.4 3.5281e+01  14 1.00000e+00  
143.5 3.5324e+01  14 1.00000e+00  
143.6 3.5364e+01  14 1.00000e+00  
143.7 3.5400e+01  14 1.00000e+00  
143.8 3.5434e+01  14 1.00000e+00  
143.9 3.5462e+01  14 1.00000e+00  
144.0 3.5476e+01  14 1.00000e+00  
144.1 3.5447e+01  14 1.00000e+00  
144.2 3.5420e+01  14 1.00000e+00  
144.3 3.5389e+01  14 1.00000e+00  
144.4 2.8066e+01  14 1.00000e+00  
144.5 2.8076e+01  14 1.00000e+00  
144.6 2.8112e+01  14 1.00000e+00  
144.7 2.8128e+01  14 1.00000e+00  
144.8 2.8137e+01  14 1.00000e+00  
144.9 2.8174e+01  14 1.00000e+00  
145.0 2.8111e+01  14 1.00000e+00  
145.1 2.8127e+01  14 1.00000e+00  
145.2 2.8134e+01  14 1.00000e+00  
145.3 2.7861e+01  14 1.00000e+00  
145.4 2.7889e+01  14 1.00000e+00  
145.5 2.7916e+01  14 1.00000e+00  
145.6 2.7941e+01  14 1.00000e+00  
145.7 2.7963e+01  14 1.00000e+00  
145.8 2.7985e+01  14 1.00000e+00  
145.9 2.7997e+01  14 1.00000e+00  
146.0 2.7940e+01  14 1.00000e+00  
146.1 2.7960e+01  14 1.00000e+00  
146.2 2.7981e+01  14 1.00000e+00  
146.3 2.7995e+01  14 1.00000e+00  
146.4 2.8003e+01  14 1.00000e+00  
146.5 2.8043e+01  14 1.00000e+00  
146.6 2.7730e+01  14 1.00000e+00  
146.7 2.7754e+01  14 1.00000e+00  
146.8 2.7777e+01  14 1.00000e+00  
146.9 2.7801e+01  14 1.00000e+00  
147.0 2.7822e+01  14 1.00000e+00  
147.1 2.7751e+01  14 1.00000e+00  
147.2 2.7772e+01  14 1.00000e+00  
147.3 2.7794e+01  14 1.00000e+00  
147.4 2.7815e+01  14 1.00000e+00  
147.5 2.7845e+01  14 1.00000e+00  
147.6 2.7877e+01  14 1.00000e+00  
147.7 2.7900e+01  14 1.00000e+00  
147.8 2.7924e+01  14 1.00000e+00  
147.9 2.7945e+01  14 1.00000e+00  
148.0 2.7965e+01  14 1.00000e+00  
148.1 2.7650e+01  14 1.00000e+00  
148.2 2.7568e+01  14 1.00000e+00  
148.3 2.7593e+01  14 1.00000e+00  
148.4 2.7600e+01  14 1.00000e+00  
148.5 2.7636e+01  14 1.00000e+00  
148.6 2.7664e+01  14 1.00000e+00  
148.7 2.7688e+01  14 1.00000e+00  
148.8 2.7711e+01  14 1.00000e+00  
148.9 2.7733e+01  14 1.00000e+00  
149.0 2.7754e+01  14 1.00000e+00  
149.1 2.7776e+01  14 1.00000e+00  
149.2 2.7796e+01  14 1.00000e+00  
149.3 2.7816e+01  14 1.00000e+00  
149.4 2.7841e+01  14 1.00000e+00  
149.5 2.7872e+01  14 1.00000e+00  
149.6 2.7895e+01  14 1.00000e+00  
149.7 2.7919e+01  14 1.00000e+00  
149.8 2.7484e+01  14 1.00000e+00  
149.9 2.7515e+01  14 1.00000e+00  
150.0 2.7526e+01  14 1.00000e+00  
