 15.1 1.4591e+00  13 4.50286e-02  
 15.2 1.4666e+00  13 4.53790e-02  
 15.3 1.4741e+00  13 4.57252e-02  
 15.4 1.4816e+00  13 4.60157e-02  
 15.5 1.4891e+00  13 4.63524e-02  
 15.6 1.4966e+00  13 4.66853e-02  
 15.7 1.5041e+00  13 4.70140e-02  
 15.8 1.5116e+00  13 4.73389e-02  
 15.9 1.5191e+00  13 4.76599e-02  
 16.0 1.5266e+00  13 4.79771e-02  
 16.1 1.5341e+00  13 4.82906e-02  
 16.2 1.5416e+00  13 4.86004e-02  
 16.3 1.5490e+00  13 4.89067e-02  
 16.4 1.5565e+00  13 4.92094e-02  
 16.5 1.5640e+00  13 4.95086e-02  
 16.6 1.5715e+00  13 4.98044e-02  
 16.7 1.5790e+00  13 5.00969e-02  
 16.8 1.5865e+00  13 5.03862e-02  
 16.9 1.5939e+00  13 5.06721e-02  
 17.0 1.6014e+00  13 5.09550e-02  
 17.1 1.6089e+00  13 5.12347e-02  
 17.2 1.6164e+00  13 5.15113e-02  
 17.3 1.6238e+00  13 5.17849e-02  
 17.4 1.6313e+00  13 5.20556e-02  
 17.5 1.6388e+00  13 5.23234e-02  
 17.6 1.6463e+00  13 5.25882e-02  
 17.7 1.6537e+00  13 5.28503e-02  
 17.8 1.6612e+00  13 5.31095e-02  
 17.9 1.6686e+00  13 5.33661e-02  
 18.0 1.6761e+00  13 5.36198e-02  
 18.1 1.6845e+00  13 5.39454e-02  
 18.2 1.6966e+00  13 5.45506e-02  
 18.3 1.7088e+00  13 5.51575e-02  
 18.4 1.7211e+00  13 5.57660e-02  
 18.5 1.7335e+00  13 5.63764e-02  
 18.6 1.7460e+00  13 5.69885e-02  
 18.7 1.7585e+00  13 5.76026e-02  
 18.8 1.7712e+00  13 5.82185e-02  
 18.9 1.7840e+00  13 5.87488e-02  
 19.0 1.7968e+00  13 5.93672e-02  
 19.1 1.8098e+00  13 5.99877e-02  
 19.2 1.8229e+00  13 6.06102e-02  
 19.3 1.8360e+00  13 6.12350e-02  
 19.4 1.8493e+00  13 6.18619e-02  
 19.5 1.8626e+00  13 6.24911e-02  
 19.6 1.8761e+00  13 6.31226e-02  
 19.7 1.8896e+00  13 6.37565e-02  
 19.8 1.9033e+00  13 6.43926e-02  
 19.9 1.9171e+00  13 6.50314e-02  
 20.0 1.7490e+01  14 1.00000e+00  
 20.1 1.7574e+01  14 1.00000e+00  
 20.2 1.7657e+01  14 1.00000e+00  
 20.3 1.7741e+01  14 1.00000e+00  
 20.4 1.7824e+01  14 1.00000e+00  
 20.5 1.7908e+01  14 1.00000e+00  
 20.6 1.7992e+01  14 1.00000e+00  
 20.7 1.8075e+01  14 1.00000e+00  
 20.8 1.8158e+01  14 1.00000e+00  
 20.9 1.8242e+01  14 1.00000e+00  
 21.0 1.8325e+01  14 1.00000e+00  
 21.1 1.8409e+01  14 1.00000e+00  
 21.2 1.8492e+01  14 1.00000e+00  
 21.3 1.8575e+01  14 1.00000e+00  
 21.4 1.8658e+01  14 1.00000e+00  
 21.5 1.8741e+01  14 1.00000e+00  
 21.6 1.8825e+01  14 1.00000e+00  
 21.7 1.8908e+01  14 1.00000e+00  
 21.8 1.8991e+01  14 1.00000e+00  
 21.9 1.9074e+01  14 1.00000e+00  
 22.0 1.9157e+01  14 1.00000e+00  
 22.1 1.9239e+01  14 1.00000e+00  
 22.2 1.9322e+01  14 1.00000e+00  
 22.3 1.9405e+01  14 1.00000e+00  
 22.4 1.9488e+01  14 1.00000e+00  
 22.5 1.9570e+01  14 1.00000e+00  
 22.6 1.9653e+01  14 1.00000e+00  
 22.7 1.9736e+01  14 1.00000e+00  
 22.8 5.4971e+00  14 2.42995e-01  
 22.9 5.6129e+00  14 2.48033e-01  
 23.0 5.7302e+00  14 2.53112e-01  
 23.1 5.8492e+00  14 2.58232e-01  
 23.2 5.9699e+00  14 2.63393e-01  
 23.3 6.0921e+00  14 2.68595e-01  
 23.4 6.2160e+00  14 2.73837e-01  
 23.5 6.3415e+00  14 2.79119e-01  
 23.6 6.4686e+00  14 2.84442e-01  
 23.7 6.5974e+00  14 2.89804e-01  
 23.8 6.7279e+00  14 2.95206e-01  
 23.9 6.8600e+00  14 3.00648e-01  
 24.0 6.9938e+00  14 3.06128e-01  
 24.1 7.1292e+00  14 3.11649e-01  
 24.2 7.2663e+00  14 3.17208e-01  
 24.3 7.4051e+00  14 3.22806e-01  
 24.4 7.5456e+00  14 3.28442e-01  
 24.5 7.6877e+00  14 3.34118e-01  
 24.6 7.8316e+00  14 3.39831e-01  
 24.7 7.9772e+00  14 3.45583e-01  
 24.8 8.1244e+00  14 3.51373e-01  
 24.9 8.2734e+00  14 3.57201e-01  
 25.0 8.4241e+00  14 3.63067e-01  
 25.1 8.5766e+00  14 3.68971e-01  
 25.2 8.7307e+00  14 3.74912e-01  
 25.3 8.8866e+00  14 3.80891e-01  
 25.4 9.0443e+00  14 3.86907e-01  
 25.5 9.2037e+00  14 3.92961e-01  
 25.6 9.3648e+00  14 3.99051e-01  
 25.7 9.5277e+00  14 4.05179e-01  
 25.8 9.6924e+00  14 4.11344e-01  
 25.9 9.8589e+00  14 4.17545e-01  
 26.0 1.0027e+01  14 4.23784e-01  
 26.1 1.0197e+01  14 4.30059e-01  
 26.2 1.0369e+01  14 4.36370e-01  
 26.3 1.0543e+01  14 4.42718e-01  
 26.4 1.0718e+01  14 4.49103e-01  
 26.5 1.0895e+01  14 4.55524e-01  
 26.6 1.1074e+01  14 4.61981e-01  
 26.7 1.1255e+01  14 4.68474e-01  
 26.8 1.1438e+01  14 4.75003e-01  
 26.9 1.1622e+01  14 4.81569e-01  
 27.0 1.1808e+01  14 4.88173e-01  
 27.1 1.1996e+01  14 4.94812e-01  
 27.2 1.2165e+01  14 5.01806e-01  
 27.3 1.2356e+01  14 5.08516e-01  
 27.4 1.2549e+01  14 5.15258e-01  
 27.5 1.2744e+01  14 5.22036e-01  
 27.6 1.2941e+01  14 5.28850e-01  
 27.7 1.3139e+01  14 5.35699e-01  
 27.8 1.3339e+01  14 5.42584e-01  
 27.9 1.3542e+01  14 5.49504e-01  
 28.0 1.3746e+01  14 5.56459e-01  
 28.1 1.3951e+01  14 5.63454e-01  
 28.2 1.4131e+01  14 5.70754e-01  
 28.3 1.4340e+01  14 5.77811e-01  
 28.4 1.4551e+01  14 5.84903e-01  
 28.5 1.4763e+01  14 5.92030e-01  
 28.6 1.4978e+01  14 5.99193e-01  
 28.7 1.5195e+01  14 6.06390e-01  
 28.8 1.5413e+01  14 6.13622e-01  
 28.9 1.5633e+01  14 6.20893e-01  
 29.0 1.5855e+01  14 6.28197e-01  
 29.1 1.6044e+01  14 6.35768e-01  
 29.2 1.6269e+01  14 6.43136e-01  
 29.3 1.6496e+01  14 6.50539e-01  
 29.4 1.6725e+01  14 6.57976e-01  
 29.5 1.6956e+01  14 6.65447e-01  
 29.6 1.7189e+01  14 6.72954e-01  
 29.7 1.7424e+01  14 6.80499e-01  
 29.8 1.7660e+01  14 6.88077e-01  
 29.9 1.7899e+01  14 6.95690e-01  
 30.0 1.8139e+01  14 7.03337e-01  
 30.1 1.8338e+01  14 7.11203e-01  
 30.2 1.8581e+01  14 7.18914e-01  
 30.3 1.8827e+01  14 7.26660e-01  
 30.4 1.9075e+01  14 7.34439e-01  
 30.5 1.9324e+01  14 7.42254e-01  
 30.6 1.9575e+01  14 7.50106e-01  
 30.7 1.9828e+01  14 7.57991e-01  
 30.8 2.0084e+01  14 7.65911e-01  
 30.9 2.0341e+01  14 7.73866e-01  
 31.0 2.0600e+01  14 7.81855e-01  
 31.1 2.0807e+01  14 7.90014e-01  
 31.2 2.1069e+01  14 7.98066e-01  
 31.3 2.1334e+01  14 8.06153e-01  
 31.4 2.1601e+01  14 8.14275e-01  
 31.5 2.1868e+01  14 8.22433e-01  
 31.6 2.2138e+01  14 8.30625e-01  
 31.7 2.2410e+01  14 8.38852e-01  
 31.8 2.2684e+01  14 8.47113e-01  
 31.9 2.2961e+01  14 8.55409e-01  
 32.0 2.3239e+01  14 8.63740e-01  
 32.1 2.3453e+01  14 8.72189e-01  
 32.2 2.3734e+01  14 8.80583e-01  
 32.3 2.4018e+01  14 8.89012e-01  
 32.4 2.4303e+01  14 8.97476e-01  
 32.5 2.4590e+01  14 9.05976e-01  
 32.6 2.4879e+01  14 9.14509e-01  
 32.7 2.5170e+01  14 9.23078e-01  
 32.8 2.5463e+01  14 9.31681e-01  
 32.9 2.5759e+01  14 9.40320e-01  
 33.0 2.6056e+01  14 9.48993e-01  
 33.1 2.6276e+01  14 9.57729e-01  
 33.2 2.6577e+01  14 9.66466e-01  
 33.3 2.6879e+01  14 9.75238e-01  
 33.4 2.7183e+01  14 9.84045e-01  
 33.5 2.7489e+01  14 9.92887e-01  
 33.6 2.7750e+01  14 1.00000e+00  
 33.7 2.7820e+01  14 1.00000e+00  
 33.8 2.7891e+01  14 1.00000e+00  
 33.9 2.7961e+01  14 1.00000e+00  
 34.0 2.8031e+01  14 1.00000e+00  
 34.1 2.8011e+01  14 1.00000e+00  
 34.2 2.8080e+01  14 1.00000e+00  
 34.3 2.8150e+01  14 1.00000e+00  
 34.4 2.8219e+01  14 1.00000e+00  
 34.5 2.8287e+01  14 1.00000e+00  
 34.6 2.8356e+01  14 1.00000e+00  
 34.7 2.8292e+01  14 1.00000e+00  
 34.8 2.8361e+01  14 1.00000e+00  
 34.9 2.8430e+01  14 1.00000e+00  
 35.0 2.8498e+01  14 1.00000e+00  
 35.1 2.8470e+01  14 1.00000e+00  
 35.2 2.8393e+01  14 1.00000e+00  
 35.3 2.8461e+01  14 1.00000e+00  
 35.4 2.8530e+01  14 1.00000e+00  
 35.5 2.8597e+01  14 1.00000e+00  
 35.6 2.8518e+01  14 1.00000e+00  
 35.7 2.8585e+01  14 1.00000e+00  
 35.8 2.8653e+01  14 1.00000e+00  
 35.9 2.8720e+01  14 1.00000e+00  
 36.0 2.8788e+01  14 1.00000e+00  
 36.1 2.8334e+01  14 1.00000e+00  
 36.2 2.5614e+01  14 1.00000e+00  
 36.3 2.4307e+01  14 1.00000e+00  
 36.4 2.1706e+01  14 1.00000e+00  
 36.5 1.9885e+01  14 1.00000e+00  
 36.6 1.7288e+01  14 1.00000e+00  
 36.7 1.6005e+01  14 1.00000e+00  
 36.8 1.3638e+01  14 1.00000e+00  
 36.9 1.3582e+01  14 1.00000e+00  
 37.0 1.3619e+01  14 1.00000e+00  
 37.1 1.3590e+01  14 1.00000e+00  
 37.2 1.3524e+01  14 1.00000e+00  
 37.3 1.3506e+01  14 1.00000e+00  
 37.4 1.3464e+01  14 1.00000e+00  
 37.5 1.3426e+01  14 1.00000e+00  
 37.6 1.3394e+01  14 1.00000e+00  
 37.7 1.3346e+01  14 1.00000e+00  
 37.8 1.3319e+01  14 1.00000e+00  
 37.9 1.3363e+01  14 1.00000e+00  
 38.0 1.3407e+01  14 1.00000e+00  
 38.1 1.3454e+01  14 1.00000e+00  
 38.2 1.3452e+01  14 1.00000e+00  
 38.3 1.3491e+01  14 1.00000e+00  
 38.4 1.3536e+01  14 1.00000e+00  
 38.5 1.3580e+01  14 1.00000e+00  
 38.6 1.3629e+01  14 1.00000e+00  
 38.7 1.3688e+01  14 1.00000e+00  
 38.8 1.3665e+01  14 1.00000e+00  
 38.9 1.3709e+01  14 1.00000e+00  
 39.0 1.3753e+01  14 1.00000e+00  
 39.1 1.3807e+01  14 1.00000e+00  
 39.2 1.3864e+01  14 1.00000e+00  
 39.3 1.3973e+01  14 1.00000e+00  
 39.4 1.4010e+01  14 1.00000e+00  
 39.5 1.3927e+01  14 1.00000e+00  
 39.6 1.3985e+01  14 1.00000e+00  
 39.7 1.4040e+01  14 1.00000e+00  
 39.8 1.4145e+01  14 1.00000e+00  
 39.9 1.4182e+01  14 1.00000e+00  
 40.0 1.4218e+01  14 1.00000e+00  
 40.1 1.4164e+01  14 1.00000e+00  
 40.2 1.4217e+01  14 1.00000e+00  
 40.3 1.4318e+01  14 1.00000e+00  
 40.4 1.4356e+01  14 1.00000e+00  
 40.5 1.4390e+01  14 1.00000e+00  
 40.6 1.4426e+01  14 1.00000e+00  
 40.7 1.4454e+01  14 1.00000e+00  
 40.8 1.4491e+01  14 1.00000e+00  
 40.9 1.4527e+01  14 1.00000e+00  
 41.0 1.4562e+01  14 1.00000e+00  
 41.1 1.4598e+01  14 1.00000e+00  
 41.2 1.4627e+01  14 1.00000e+00  
 41.3 1.4664e+01  14 1.00000e+00  
 41.4 1.4699e+01  14 1.00000e+00  
 41.5 1.4734e+01  14 1.00000e+00  
 41.6 1.4769e+01  14 1.00000e+00  
 41.7 1.4804e+01  14 1.00000e+00  
 41.8 1.4835e+01  14 1.00000e+00  
 41.9 1.4870e+01  14 1.00000e+00  
 42.0 1.4906e+01  14 1.00000e+00  
 42.1 1.4941e+01  14 1.00000e+00  
 42.2 1.4976e+01  14 1.00000e+00  
 42.3 1.5007e+01  14 1.00000e+00  
 42.4 1.5042e+01  14 1.00000e+00  
 42.5 1.5077e+01  14 1.00000e+00  
 42.6 1.5112e+01  14 1.00000e+00  
 42.7 1.5147e+01  14 1.00000e+00  
 42.8 1.5178e+01  14 1.00000e+00  
 42.9 1.5213e+01  14 1.00000e+00  
 43.0 1.5248e+01  14 1.00000e+00  
 43.1 1.5283e+01  14 1.00000e+00  
 43.2 1.5314e+01  14 1.00000e+00  
 43.3 1.5349e+01  14 1.00000e+00  
 43.4 1.5384e+01  14 1.00000e+00  
 43.5 1.5419e+01  14 1.00000e+00  
 43.6 1.5450e+01  14 1.00000e+00  
 43.7 1.5485e+01  14 1.00000e+00  
 43.8 1.5520e+01  14 1.00000e+00  
 43.9 1.5551e+01  14 1.00000e+00  
 44.0 1.5585e+01  14 1.00000e+00  
 44.1 1.5621e+01  14 1.00000e+00  
 44.2 1.5650e+01  14 1.00000e+00  
 44.3 1.5686e+01  14 1.00000e+00  
 44.4 1.5721e+01  14 1.00000e+00  
 44.5 1.5748e+01  14 1.00000e+00  
 44.6 1.5786e+01  14 1.00000e+00  
 44.7 1.5689e+01  14 1.00000e+00  
 44.8 1.5741e+01  14 1.00000e+00  
 44.9 1.5733e+01  14 1.00000e+00  
 45.0 1.5751e+01  14 1.00000e+00  
 45.1 1.5777e+01  14 1.00000e+00  
 45.2 1.5640e+01  14 1.00000e+00  
 45.3 1.5674e+01  14 1.00000e+00  
 45.4 1.5707e+01  14 1.00000e+00  
 45.5 1.5740e+01  14 1.00000e+00  
 45.6 1.5924e+01  14 1.00000e+00  
 45.7 1.5961e+01  14 1.00000e+00  
 45.8 1.5997e+01  14 1.00000e+00  
 45.9 1.6033e+01  14 1.00000e+00  
 46.0 1.6070e+01  14 1.00000e+00  
 46.1 1.6103e+01  14 1.00000e+00  
 46.2 1.6137e+01  14 1.00000e+00  
 46.3 1.6171e+01  14 1.00000e+00  
 46.4 1.6206e+01  14 1.00000e+00  
 46.5 1.6240e+01  14 1.00000e+00  
 46.6 1.6273e+01  14 1.00000e+00  
 46.7 1.6307e+01  14 1.00000e+00  
 46.8 1.6340e+01  14 1.00000e+00  
 46.9 1.6373e+01  14 1.00000e+00  
 47.0 1.6412e+01  14 1.00000e+00  
 47.1 1.6458e+01  14 1.00000e+00  
 47.2 1.6637e+01  14 1.00000e+00  
 47.3 1.6675e+01  14 1.00000e+00  
 47.4 1.6711e+01  14 1.00000e+00  
 47.5 1.6749e+01  14 1.00000e+00  
 47.6 1.6782e+01  14 1.00000e+00  
 47.7 1.6817e+01  14 1.00000e+00  
 47.8 1.6851e+01  14 1.00000e+00  
 47.9 1.6886e+01  14 1.00000e+00  
 48.0 1.6920e+01  14 1.00000e+00  
 48.1 1.6943e+01  14 1.00000e+00  
 48.2 1.6976e+01  14 1.00000e+00  
 48.3 1.7009e+01  14 1.00000e+00  
 48.4 1.7049e+01  14 1.00000e+00  
 48.5 1.7095e+01  14 1.00000e+00  
 48.6 1.7141e+01  14 1.00000e+00  
 48.7 1.7187e+01  14 1.00000e+00  
 48.8 1.7354e+01  14 1.00000e+00  
 48.9 1.7392e+01  14 1.00000e+00  
 49.0 1.7430e+01  14 1.00000e+00  
 49.1 1.7463e+01  14 1.00000e+00  
 49.2 1.7498e+01  14 1.00000e+00  
 49.3 1.7533e+01  14 1.00000e+00  
 49.4 1.7568e+01  14 1.00000e+00  
 49.5 1.7603e+01  14 1.00000e+00  
 49.6 1.7637e+01  14 1.00000e+00  
 49.7 1.7671e+01  14 1.00000e+00  
 49.8 1.7704e+01  14 1.00000e+00  
 49.9 1.7738e+01  14 1.00000e+00  
 50.0 1.7780e+01  14 1.00000e+00  
 50.1 1.7827e+01  14 1.00000e+00  
 50.2 1.7873e+01  14 1.00000e+00  
 50.3 1.7919e+01  14 1.00000e+00  
 50.4 1.7973e+01  14 1.00000e+00  
 50.5 1.8036e+01  14 1.00000e+00  
 50.6 1.8167e+01  14 1.00000e+00  
 50.7 1.8205e+01  14 1.00000e+00  
 50.8 1.8239e+01  14 1.00000e+00  
 50.9 1.8275e+01  14 1.00000e+00  
 51.0 1.8310e+01  14 1.00000e+00  
 51.1 1.8345e+01  14 1.00000e+00  
 51.2 1.8370e+01  14 1.00000e+00  
 51.3 1.8404e+01  14 1.00000e+00  
 51.4 1.8438e+01  14 1.00000e+00  
 51.5 1.8472e+01  14 1.00000e+00  
 51.6 1.8515e+01  14 1.00000e+00  
 51.7 1.8561e+01  14 1.00000e+00  
 51.8 1.8607e+01  14 1.00000e+00  
 51.9 1.8654e+01  14 1.00000e+00  
 52.0 1.8700e+01  14 1.00000e+00  
 52.1 1.8773e+01  14 1.00000e+00  
 52.2 1.8830e+01  14 1.00000e+00  
 52.3 1.8950e+01  14 1.00000e+00  
 52.4 1.8987e+01  14 1.00000e+00  
 52.5 1.9022e+01  14 1.00000e+00  
 52.6 1.9057e+01  14 1.00000e+00  
 52.7 1.9093e+01  14 1.00000e+00  
 52.8 1.9129e+01  14 1.00000e+00  
 52.9 1.9164e+01  14 1.00000e+00  
 53.0 1.9199e+01  14 1.00000e+00  
 53.1 1.9233e+01  14 1.00000e+00  
 53.2 1.9267e+01  14 1.00000e+00  
 53.3 1.9301e+01  14 1.00000e+00  
 53.4 1.9346e+01  14 1.00000e+00  
 53.5 1.9392e+01  14 1.00000e+00  
 53.6 1.9439e+01  14 1.00000e+00  
 53.7 1.9510e+01  14 1.00000e+00  
 53.8 1.9570e+01  14 1.00000e+00  
 53.9 1.9624e+01  14 1.00000e+00  
 54.0 1.9675e+01  14 1.00000e+00  
 54.1 1.9722e+01  14 1.00000e+00  
 54.2 1.9830e+01  14 1.00000e+00  
 54.3 1.9866e+01  14 1.00000e+00  
 54.4 1.9893e+01  14 1.00000e+00  
 54.5 1.9930e+01  14 1.00000e+00  
 54.6 1.9965e+01  14 1.00000e+00  
 54.7 2.0001e+01  14 1.00000e+00  
 54.8 2.0036e+01  14 1.00000e+00  
 54.9 2.0071e+01  14 1.00000e+00  
 55.0 2.0105e+01  14 1.00000e+00  
 55.1 2.0139e+01  14 1.00000e+00  
 55.2 2.0180e+01  14 1.00000e+00  
 55.3 2.0227e+01  14 1.00000e+00  
 55.4 2.0273e+01  14 1.00000e+00  
 55.5 2.0320e+01  14 1.00000e+00  
 55.6 2.0395e+01  14 1.00000e+00  
 55.7 2.0454e+01  14 1.00000e+00  
 55.8 2.0507e+01  14 1.00000e+00  
 55.9 2.0558e+01  14 1.00000e+00  
 56.0 2.0605e+01  14 1.00000e+00  
 56.1 2.0720e+01  14 1.00000e+00  
 56.2 2.0755e+01  14 1.00000e+00  
 56.3 2.0791e+01  14 1.00000e+00  
 56.4 2.0827e+01  14 1.00000e+00  
 56.5 2.0863e+01  14 1.00000e+00  
 56.6 2.0899e+01  14 1.00000e+00  
 56.7 2.0935e+01  14 1.00000e+00  
 56.8 2.0971e+01  14 1.00000e+00  
 56.9 2.1006e+01  14 1.00000e+00  
 57.0 2.1041e+01  14 1.00000e+00  
 57.1 2.1075e+01  14 1.00000e+00  
 57.2 2.1112e+01  14 1.00000e+00  
 57.3 2.1159e+01  14 1.00000e+00  
 57.4 2.1206e+01  14 1.00000e+00  
 57.5 2.1253e+01  14 1.00000e+00  
 57.6 2.1300e+01  14 1.00000e+00  
 57.7 2.1372e+01  14 1.00000e+00  
 57.8 2.1428e+01  14 1.00000e+00  
 57.9 2.1484e+01  14 1.00000e+00  
 58.0 2.1534e+01  14 1.00000e+00  
 58.1 2.1582e+01  14 1.00000e+00  
 58.2 2.1631e+01  14 1.00000e+00  
 58.3 2.1678e+01  14 1.00000e+00  
 58.4 2.1800e+01  14 1.00000e+00  
 58.5 2.1850e+01  14 1.00000e+00  
 58.6 2.1889e+01  14 1.00000e+00  
 58.7 2.1919e+01  14 1.00000e+00  
 58.8 2.1970e+01  14 1.00000e+00  
 58.9 2.2024e+01  14 1.00000e+00  
 59.0 2.2052e+01  14 1.00000e+00  
 59.1 2.2105e+01  14 1.00000e+00  
 59.2 2.2161e+01  14 1.00000e+00  
 59.3 2.2187e+01  14 1.00000e+00  
 59.4 2.2243e+01  14 1.00000e+00  
 59.5 2.2300e+01  14 1.00000e+00  
 59.6 2.2325e+01  14 1.00000e+00  
 59.7 2.2382e+01  14 1.00000e+00  
 59.8 2.2442e+01  14 1.00000e+00  
 59.9 2.2463e+01  14 1.00000e+00  
 60.0 2.2523e+01  14 1.00000e+00  
 60.1 2.2582e+01  14 1.00000e+00  
 60.2 2.2600e+01  14 1.00000e+00  
 60.3 2.2662e+01  14 1.00000e+00  
 60.4 2.2724e+01  14 1.00000e+00  
 60.5 2.2787e+01  14 1.00000e+00  
 60.6 2.2800e+01  14 1.00000e+00  
 60.7 2.2862e+01  14 1.00000e+00  
 60.8 2.2927e+01  14 1.00000e+00  
 60.9 2.2936e+01  14 1.00000e+00  
 61.0 2.3002e+01  14 1.00000e+00  
 61.1 2.3064e+01  14 1.00000e+00  
 61.2 2.3130e+01  14 1.00000e+00  
 61.3 2.3137e+01  14 1.00000e+00  
 61.4 2.3202e+01  14 1.00000e+00  
 61.5 2.3270e+01  14 1.00000e+00  
 61.6 2.3219e+01  14 1.00000e+00  
 61.7 2.3335e+01  14 1.00000e+00  
 61.8 2.3403e+01  14 1.00000e+00  
 61.9 2.3361e+01  14 1.00000e+00  
 62.0 2.3402e+01  14 1.00000e+00  
 62.1 2.3533e+01  14 1.00000e+00  
 62.2 2.3600e+01  14 1.00000e+00  
 62.3 2.3545e+01  14 1.00000e+00  
 62.4 2.3579e+01  14 1.00000e+00  
 62.5 2.3605e+01  14 1.00000e+00  
 62.6 2.3787e+01  14 1.00000e+00  
 62.7 2.3732e+01  14 1.00000e+00  
 62.8 2.3766e+01  14 1.00000e+00  
 62.9 2.3785e+01  14 1.00000e+00  
 63.0 2.3981e+01  14 1.00000e+00  
 63.1 2.3919e+01  14 1.00000e+00  
 63.2 2.3949e+01  14 1.00000e+00  
 63.3 2.3972e+01  14 1.00000e+00  
 63.4 2.4015e+01  14 1.00000e+00  
 63.5 2.4098e+01  14 1.00000e+00  
 63.6 2.4114e+01  14 1.00000e+00  
 63.7 2.4148e+01  14 1.00000e+00  
 63.8 2.4191e+01  14 1.00000e+00  
 63.9 2.4238e+01  14 1.00000e+00  
 64.0 2.4281e+01  14 1.00000e+00  
 64.1 2.4324e+01  14 1.00000e+00  
 64.2 2.4368e+01  14 1.00000e+00  
 64.3 2.4421e+01  14 1.00000e+00  
 64.4 2.4498e+01  14 1.00000e+00  
 64.5 2.4501e+01  14 1.00000e+00  
 64.6 2.4545e+01  14 1.00000e+00  
 64.7 2.4599e+01  14 1.00000e+00  
 64.8 2.4674e+01  14 1.00000e+00  
 64.9 2.4750e+01  14 1.00000e+00  
 65.0 2.4823e+01  14 1.00000e+00  
 65.1 2.4769e+01  14 1.00000e+00  
 65.2 2.4844e+01  14 1.00000e+00  
 65.3 2.4920e+01  14 1.00000e+00  
 65.4 2.4994e+01  14 1.00000e+00  
 65.5 2.5064e+01  14 1.00000e+00  
 65.6 2.5137e+01  14 1.00000e+00  
 65.7 2.5081e+01  14 1.00000e+00  
 65.8 2.5155e+01  14 1.00000e+00  
 65.9 2.5227e+01  14 1.00000e+00  
 66.0 2.5298e+01  14 1.00000e+00  
 66.1 2.5374e+01  14 1.00000e+00  
 66.2 2.5307e+01  14 1.00000e+00  
 66.3 2.5384e+01  14 1.00000e+00  
 66.4 2.5455e+01  14 1.00000e+00  
 66.5 2.5527e+01  14 1.00000e+00  
 66.6 2.5594e+01  14 1.00000e+00  
 66.7 2.5535e+01  14 1.00000e+00  
 66.8 2.5563e+01  14 1.00000e+00  
 66.9 2.5568e+01  14 1.00000e+00  
 67.0 2.5740e+01  14 1.00000e+00  
 67.1 2.5810e+01  14 1.00000e+00  
 67.2 2.5760e+01  14 1.00000e+00  
 67.3 2.5793e+01  14 1.00000e+00  
 67.4 2.5792e+01  14 1.00000e+00  
 67.5 2.5836e+01  14 1.00000e+00  
 67.6 2.5880e+01  14 1.00000e+00  
 67.7 2.5985e+01  14 1.00000e+00  
 67.8 2.6030e+01  14 1.00000e+00  
 67.9 2.6057e+01  14 1.00000e+00  
 68.0 2.6060e+01  14 1.00000e+00  
 68.1 2.6105e+01  14 1.00000e+00  
 68.2 2.6149e+01  14 1.00000e+00  
 68.3 2.6216e+01  14 1.00000e+00  
 68.4 2.6300e+01  14 1.00000e+00  
 68.5 2.6330e+01  14 1.00000e+00  
 68.6 2.6330e+01  14 1.00000e+00  
 68.7 2.6374e+01  14 1.00000e+00  
 68.8 2.6418e+01  14 1.00000e+00  
 68.9 2.6482e+01  14 1.00000e+00  
 69.0 2.6559e+01  14 1.00000e+00  
 69.1 2.6633e+01  14 1.00000e+00  
 69.2 2.6602e+01  14 1.00000e+00  
 69.3 2.6645e+01  14 1.00000e+00  
 69.4 2.6689e+01  14 1.00000e+00  
 69.5 2.6736e+01  14 1.00000e+00  
 69.6 2.6813e+01  14 1.00000e+00  
 69.7 2.6887e+01  14 1.00000e+00  
 69.8 2.6959e+01  14 1.00000e+00  
 69.9 2.7030e+01  14 1.00000e+00  
 70.0 2.6961e+01  14 1.00000e+00  
 70.1 2.7005e+01  14 1.00000e+00  
 70.2 2.7054e+01  14 1.00000e+00  
 70.3 2.7130e+01  14 1.00000e+00  
 70.4 2.7202e+01  14 1.00000e+00  
 70.5 2.7273e+01  14 1.00000e+00  
 70.6 2.7343e+01  14 1.00000e+00  
 70.7 2.7413e+01  14 1.00000e+00  
 70.8 2.7482e+01  14 1.00000e+00  
 70.9 2.7367e+01  14 1.00000e+00  
 71.0 2.7429e+01  14 1.00000e+00  
 71.1 2.7498e+01  14 1.00000e+00  
 71.2 2.7569e+01  14 1.00000e+00  
 71.3 2.7640e+01  14 1.00000e+00  
 71.4 2.7707e+01  14 1.00000e+00  
 71.5 2.7778e+01  14 1.00000e+00  
 71.6 2.7844e+01  14 1.00000e+00  
 71.7 2.7807e+01  14 1.00000e+00  
 71.8 2.7943e+01  14 1.00000e+00  
 71.9 2.7854e+01  14 1.00000e+00  
 72.0 2.7928e+01  14 1.00000e+00  
 72.1 2.7999e+01  14 1.00000e+00  
 72.2 2.8068e+01  14 1.00000e+00  
 72.3 2.8132e+01  14 1.00000e+00  
 72.4 2.8203e+01  14 1.00000e+00  
 72.5 2.8271e+01  14 1.00000e+00  
 72.6 2.8224e+01  14 1.00000e+00  
 72.7 2.8265e+01  14 1.00000e+00  
 72.8 2.8300e+01  14 1.00000e+00  
 72.9 2.8340e+01  14 1.00000e+00  
 73.0 2.8411e+01  14 1.00000e+00  
 73.1 2.8476e+01  14 1.00000e+00  
 73.2 2.8545e+01  14 1.00000e+00  
 73.3 2.8607e+01  14 1.00000e+00  
 73.4 2.8679e+01  14 1.00000e+00  
 73.5 2.8638e+01  14 1.00000e+00  
 73.6 2.8686e+01  14 1.00000e+00  
 73.7 2.8723e+01  14 1.00000e+00  
 73.8 2.8726e+01  14 1.00000e+00  
 73.9 2.8771e+01  14 1.00000e+00  
 74.0 2.8871e+01  14 1.00000e+00  
 74.1 2.8939e+01  14 1.00000e+00  
 74.2 2.9006e+01  14 1.00000e+00  
 74.3 2.9070e+01  14 1.00000e+00  
 74.4 2.9135e+01  14 1.00000e+00  
 74.5 2.9101e+01  14 1.00000e+00  
 74.6 2.9148e+01  14 1.00000e+00  
 74.7 2.9193e+01  14 1.00000e+00  
 74.8 2.9226e+01  14 1.00000e+00  
 74.9 2.9230e+01  14 1.00000e+00  
 75.0 2.9247e+01  14 1.00000e+00  
 75.1 2.9379e+01  14 1.00000e+00  
 75.2 2.9445e+01  14 1.00000e+00  
 75.3 2.9511e+01  14 1.00000e+00  
 75.4 2.9577e+01  14 1.00000e+00  
 75.5 2.9642e+01  14 1.00000e+00  
 75.6 2.9610e+01  14 1.00000e+00  
 75.7 2.9660e+01  14 1.00000e+00  
 75.8 2.9707e+01  14 1.00000e+00  
 75.9 2.9750e+01  14 1.00000e+00  
 76.0 2.9785e+01  14 1.00000e+00  
 76.1 2.9791e+01  14 1.00000e+00  
 76.2 2.9809e+01  14 1.00000e+00  
 76.3 2.9842e+01  14 1.00000e+00  
 76.4 3.0027e+01  14 1.00000e+00  
 76.5 3.0058e+01  14 1.00000e+00  
 76.6 3.0120e+01  14 1.00000e+00  
 76.7 3.0185e+01  14 1.00000e+00  
 76.8 3.0250e+01  14 1.00000e+00  
 76.9 3.0215e+01  14 1.00000e+00  
 77.0 3.0269e+01  14 1.00000e+00  
 77.1 3.0316e+01  14 1.00000e+00  
 77.2 3.0354e+01  14 1.00000e+00  
 77.3 3.0392e+01  14 1.00000e+00  
 77.4 3.0405e+01  14 1.00000e+00  
 77.5 3.0431e+01  14 1.00000e+00  
 77.6 3.0448e+01  14 1.00000e+00  
 77.7 3.0543e+01  14 1.00000e+00  
 77.8 3.0649e+01  14 1.00000e+00  
 77.9 3.0713e+01  14 1.00000e+00  
 78.0 3.0775e+01  14 1.00000e+00  
 78.1 3.0842e+01  14 1.00000e+00  
 78.2 3.0901e+01  14 1.00000e+00  
 78.3 3.0869e+01  14 1.00000e+00  
 78.4 3.0924e+01  14 1.00000e+00  
 78.5 3.0974e+01  14 1.00000e+00  
 78.6 3.1017e+01  14 1.00000e+00  
 78.7 3.1060e+01  14 1.00000e+00  
 78.8 3.1074e+01  14 1.00000e+00  
 78.9 3.1111e+01  14 1.00000e+00  
 79.0 3.1142e+01  14 1.00000e+00  
 79.1 3.1163e+01  14 1.00000e+00  
 79.2 3.1300e+01  14 1.00000e+00  
 79.3 3.1335e+01  14 1.00000e+00  
 79.4 3.1401e+01  14 1.00000e+00  
 79.5 3.1465e+01  14 1.00000e+00  
 79.6 3.1528e+01  14 1.00000e+00  
 79.7 3.1590e+01  14 1.00000e+00  
 79.8 3.1652e+01  14 1.00000e+00  
 79.9 3.1714e+01  14 1.00000e+00  
 80.0 3.1677e+01  14 1.00000e+00  
 80.1 3.1730e+01  14 1.00000e+00  
 80.2 3.1779e+01  14 1.00000e+00  
 80.3 3.1825e+01  14 1.00000e+00  
 80.4 3.1866e+01  14 1.00000e+00  
 80.5 3.1905e+01  14 1.00000e+00  
 80.6 3.1921e+01  14 1.00000e+00  
 80.7 3.1957e+01  14 1.00000e+00  
 80.8 3.1998e+01  14 1.00000e+00  
 80.9 3.2149e+01  14 1.00000e+00  
 81.0 3.2112e+01  14 1.00000e+00  
 81.1 3.2174e+01  14 1.00000e+00  
 81.2 3.2236e+01  14 1.00000e+00  
 81.3 3.2297e+01  14 1.00000e+00  
 81.4 3.2359e+01  14 1.00000e+00  
 81.5 3.2418e+01  14 1.00000e+00  
 81.6 3.2479e+01  14 1.00000e+00  
 81.7 3.2543e+01  14 1.00000e+00  
 81.8 3.2604e+01  14 1.00000e+00  
 81.9 3.2665e+01  14 1.00000e+00  
 82.0 3.2628e+01  14 1.00000e+00  
 82.1 3.2678e+01  14 1.00000e+00  
 82.2 3.2731e+01  14 1.00000e+00  
 82.3 3.2778e+01  14 1.00000e+00  
 82.4 3.2821e+01  14 1.00000e+00  
 82.5 3.2864e+01  14 1.00000e+00  
 82.6 3.2881e+01  14 1.00000e+00  
 82.7 3.2971e+01  14 1.00000e+00  
 82.8 3.2963e+01  14 1.00000e+00  
 82.9 3.2971e+01  14 1.00000e+00  
 83.0 3.3036e+01  14 1.00000e+00  
 83.1 3.3097e+01  14 1.00000e+00  
 83.2 3.3159e+01  14 1.00000e+00  
 83.3 3.3218e+01  14 1.00000e+00  
 83.4 3.3281e+01  14 1.00000e+00  
 83.5 3.3339e+01  14 1.00000e+00  
 83.6 3.3399e+01  14 1.00000e+00  
 83.7 3.3456e+01  14 1.00000e+00  
 83.8 3.3514e+01  14 1.00000e+00  
 83.9 3.3572e+01  14 1.00000e+00  
 84.0 3.3635e+01  14 1.00000e+00  
 84.1 3.3697e+01  14 1.00000e+00  
 84.2 3.3755e+01  14 1.00000e+00  
 84.3 3.3722e+01  14 1.00000e+00  
 84.4 3.3777e+01  14 1.00000e+00  
 84.5 3.3833e+01  14 1.00000e+00  
 84.6 3.3881e+01  14 1.00000e+00  
 84.7 3.3957e+01  14 1.00000e+00  
 84.8 3.3842e+01  14 1.00000e+00  
 84.9 3.3946e+01  14 1.00000e+00  
 85.0 3.3973e+01  14 1.00000e+00  
 85.1 3.3997e+01  14 1.00000e+00  
 85.2 3.4034e+01  14 1.00000e+00  
 85.3 3.4081e+01  14 1.00000e+00  
 85.4 3.4137e+01  14 1.00000e+00  
 85.5 3.4198e+01  14 1.00000e+00  
 85.6 3.4261e+01  14 1.00000e+00  
 85.7 3.4323e+01  14 1.00000e+00  
 85.8 3.4385e+01  14 1.00000e+00  
 85.9 3.4441e+01  14 1.00000e+00  
 86.0 3.4506e+01  14 1.00000e+00  
 86.1 3.4562e+01  14 1.00000e+00  
 86.2 3.4621e+01  14 1.00000e+00  
 86.3 3.4677e+01  14 1.00000e+00  
 86.4 3.4740e+01  14 1.00000e+00  
 86.5 3.4793e+01  14 1.00000e+00  
 86.6 3.4853e+01  14 1.00000e+00  
 86.7 3.4904e+01  14 1.00000e+00  
 86.8 3.4875e+01  14 1.00000e+00  
 86.9 3.4998e+01  14 1.00000e+00  
 87.0 3.5040e+01  14 1.00000e+00  
 87.1 3.5094e+01  14 1.00000e+00  
 87.2 3.5143e+01  14 1.00000e+00  
 87.3 3.5190e+01  14 1.00000e+00  
 87.4 3.5239e+01  14 1.00000e+00  
 87.5 3.5289e+01  14 1.00000e+00  
 87.6 3.5335e+01  14 1.00000e+00  
 87.7 3.5379e+01  14 1.00000e+00  
 87.8 3.5403e+01  14 1.00000e+00  
 87.9 3.5451e+01  14 1.00000e+00  
 88.0 3.5490e+01  14 1.00000e+00  
 88.1 3.5538e+01  14 1.00000e+00  
 88.2 3.5576e+01  14 1.00000e+00  
 88.3 3.5620e+01  14 1.00000e+00  
 88.4 3.5652e+01  14 1.00000e+00  
 88.5 3.5694e+01  14 1.00000e+00  
 88.6 3.5728e+01  14 1.00000e+00  
 88.7 3.5758e+01  14 1.00000e+00  
 88.8 3.5784e+01  14 1.00000e+00  
 88.9 3.5818e+01  14 1.00000e+00  
 89.0 3.5871e+01  14 1.00000e+00  
 89.1 3.5926e+01  14 1.00000e+00  
 89.2 3.5985e+01  14 1.00000e+00  
 89.3 3.6046e+01  14 1.00000e+00  
 89.4 3.6107e+01  14 1.00000e+00  
 89.5 3.6112e+01  14 1.00000e+00  
 89.6 3.6280e+01  14 1.00000e+00  
 89.7 3.6394e+01  14 1.00000e+00  
 89.8 3.6400e+01  14 1.00000e+00  
 89.9 3.6459e+01  14 1.00000e+00  
 90.0 3.6515e+01  14 1.00000e+00  
 90.1 3.6570e+01  14 1.00000e+00  
 90.2 3.6622e+01  14 1.00000e+00  
 90.3 3.6678e+01  14 1.00000e+00  
 90.4 3.6733e+01  14 1.00000e+00  
 90.5 3.6791e+01  14 1.00000e+00  
 90.6 3.6844e+01  14 1.00000e+00  
 90.7 3.6909e+01  14 1.00000e+00  
 90.8 3.6954e+01  14 1.00000e+00  
 90.9 3.7002e+01  14 1.00000e+00  
 91.0 3.7054e+01  14 1.00000e+00  
 91.1 3.7035e+01  14 1.00000e+00  
 91.2 3.7090e+01  14 1.00000e+00  
 91.3 3.7141e+01  14 1.00000e+00  
 91.4 3.7193e+01  14 1.00000e+00  
 91.5 3.7249e+01  14 1.00000e+00  
 91.6 3.7295e+01  14 1.00000e+00  
 91.7 3.7349e+01  14 1.00000e+00  
 91.8 3.7380e+01  14 1.00000e+00  
 91.9 3.7399e+01  14 1.00000e+00  
 92.0 3.7491e+01  14 1.00000e+00  
 92.1 3.7536e+01  14 1.00000e+00  
 92.2 3.7573e+01  14 1.00000e+00  
 92.3 3.7617e+01  14 1.00000e+00  
 92.4 3.7671e+01  14 1.00000e+00  
 92.5 3.7715e+01  14 1.00000e+00  
 92.6 3.7760e+01  14 1.00000e+00  
 92.7 3.7805e+01  14 1.00000e+00  
 92.8 3.7850e+01  14 1.00000e+00  
 92.9 3.7895e+01  14 1.00000e+00  
 93.0 3.7939e+01  14 1.00000e+00  
 93.1 3.7984e+01  14 1.00000e+00  
 93.2 3.8026e+01  14 1.00000e+00  
 93.3 3.8074e+01  14 1.00000e+00  
 93.4 3.8119e+01  14 1.00000e+00  
 93.5 3.8155e+01  14 1.00000e+00  
 93.6 3.8208e+01  14 1.00000e+00  
 93.7 3.8253e+01  14 1.00000e+00  
 93.8 3.8285e+01  14 1.00000e+00  
 93.9 3.8324e+01  14 1.00000e+00  
 94.0 3.8362e+01  14 1.00000e+00  
 94.1 3.8397e+01  14 1.00000e+00  
 94.2 3.8433e+01  14 1.00000e+00  
 94.3 3.8477e+01  14 1.00000e+00  
 94.4 3.8530e+01  14 1.00000e+00  
 94.5 3.8583e+01  14 1.00000e+00  
 94.6 3.8642e+01  14 1.00000e+00  
 94.7 3.8698e+01  14 1.00000e+00  
 94.8 3.8747e+01  14 1.00000e+00  
 94.9 3.8798e+01  14 1.00000e+00  
 95.0 3.8850e+01  14 1.00000e+00  
 95.1 3.8901e+01  14 1.00000e+00  
 95.2 3.8968e+01  14 1.00000e+00  
 95.3 3.9062e+01  14 1.00000e+00  
 95.4 3.9159e+01  14 1.00000e+00  
 95.5 3.9186e+01  14 1.00000e+00  
 95.6 3.9215e+01  14 1.00000e+00  
 95.7 3.9312e+01  14 1.00000e+00  
 95.8 3.9342e+01  14 1.00000e+00  
 95.9 3.9374e+01  14 1.00000e+00  
 96.0 3.9416e+01  14 1.00000e+00  
 96.1 3.9507e+01  14 1.00000e+00  
 96.2 3.9594e+01  14 1.00000e+00  
 96.3 3.9684e+01  14 1.00000e+00  
 96.4 3.9773e+01  14 1.00000e+00  
 96.5 3.9862e+01  14 1.00000e+00  
 96.6 3.9952e+01  14 1.00000e+00  
 96.7 4.0041e+01  14 1.00000e+00  
 96.8 4.0131e+01  14 1.00000e+00  
 96.9 4.0220e+01  14 1.00000e+00  
 97.0 4.0309e+01  14 1.00000e+00  
 97.1 4.0399e+01  14 1.00000e+00  
 97.2 4.0489e+01  14 1.00000e+00  
 97.3 4.0578e+01  14 1.00000e+00  
 97.4 4.0668e+01  14 1.00000e+00  
 97.5 4.0757e+01  14 1.00000e+00  
 97.6 4.0847e+01  14 1.00000e+00  
 97.7 4.0937e+01  14 1.00000e+00  
 97.8 4.1027e+01  14 1.00000e+00  
 97.9 4.1116e+01  14 1.00000e+00  
 98.0 4.1206e+01  14 1.00000e+00  
 98.1 4.1296e+01  14 1.00000e+00  
 98.2 4.1386e+01  14 1.00000e+00  
 98.3 4.1476e+01  14 1.00000e+00  
 98.4 4.1566e+01  14 1.00000e+00  
 98.5 4.1656e+01  14 1.00000e+00  
 98.6 4.1746e+01  14 1.00000e+00  
 98.7 4.1836e+01  14 1.00000e+00  
 98.8 4.1926e+01  14 1.00000e+00  
 98.9 4.2010e+01  14 1.00000e+00  
 99.0 4.2100e+01  14 1.00000e+00  
 99.1 4.2190e+01  14 1.00000e+00  
 99.2 4.2280e+01  14 1.00000e+00  
 99.3 4.2370e+01  14 1.00000e+00  
 99.4 4.2461e+01  14 1.00000e+00  
 99.5 4.2551e+01  14 1.00000e+00  
 99.6 4.2641e+01  14 1.00000e+00  
 99.7 4.2731e+01  14 1.00000e+00  
 99.8 4.2822e+01  14 1.00000e+00  
 99.9 4.2912e+01  14 1.00000e+00  
100.0 4.3002e+01  14 1.00000e+00  
100.1 4.3093e+01  14 1.00000e+00  
100.2 4.3183e+01  14 1.00000e+00  
100.3 4.3274e+01  14 1.00000e+00  
100.4 4.3364e+01  14 1.00000e+00  
100.5 4.3454e+01  14 1.00000e+00  
100.6 4.3545e+01  14 1.00000e+00  
100.7 4.3635e+01  14 1.00000e+00  
100.8 4.3726e+01  14 1.00000e+00  
100.9 4.3817e+01  14 1.00000e+00  
101.0 4.3907e+01  14 1.00000e+00  
101.1 4.3998e+01  14 1.00000e+00  
101.2 4.4088e+01  14 1.00000e+00  
101.3 4.4179e+01  14 1.00000e+00  
101.4 4.4270e+01  14 1.00000e+00  
101.5 4.4360e+01  14 1.00000e+00  
101.6 4.4451e+01  14 1.00000e+00  
101.7 4.4542e+01  14 1.00000e+00  
101.8 4.4632e+01  14 1.00000e+00  
101.9 4.4723e+01  14 1.00000e+00  
102.0 4.4814e+01  14 1.00000e+00  
102.1 4.4905e+01  14 1.00000e+00  
102.2 4.4996e+01  14 1.00000e+00  
102.3 4.5086e+01  14 1.00000e+00  
102.4 4.5177e+01  14 1.00000e+00  
102.5 4.5268e+01  14 1.00000e+00  
102.6 4.5359e+01  14 1.00000e+00  
102.7 4.5450e+01  14 1.00000e+00  
102.8 4.5541e+01  14 1.00000e+00  
102.9 4.5632e+01  14 1.00000e+00  
103.0 4.5723e+01  14 1.00000e+00  
103.1 4.5814e+01  14 1.00000e+00  
103.2 4.5904e+01  14 1.00000e+00  
103.3 4.5995e+01  14 1.00000e+00  
103.4 4.6086e+01  14 1.00000e+00  
103.5 4.6177e+01  14 1.00000e+00  
103.6 4.6268e+01  14 1.00000e+00  
103.7 4.6359e+01  14 1.00000e+00  
103.8 4.6450e+01  14 1.00000e+00  
103.9 4.6541e+01  14 1.00000e+00  
104.0 4.6633e+01  14 1.00000e+00  
104.1 4.6724e+01  14 1.00000e+00  
104.2 4.6815e+01  14 1.00000e+00  
104.3 4.6906e+01  14 1.00000e+00  
104.4 4.6997e+01  14 1.00000e+00  
104.5 4.7088e+01  14 1.00000e+00  
104.6 4.7179e+01  14 1.00000e+00  
104.7 4.7270e+01  14 1.00000e+00  
104.8 4.7361e+01  14 1.00000e+00  
104.9 4.7452e+01  14 1.00000e+00  
105.0 4.7544e+01  14 1.00000e+00  
105.1 4.7635e+01  14 1.00000e+00  
105.2 4.7726e+01  14 1.00000e+00  
105.3 4.7817e+01  14 1.00000e+00  
105.4 4.7908e+01  14 1.00000e+00  
105.5 4.8000e+01  14 1.00000e+00  
105.6 4.8091e+01  14 1.00000e+00  
105.7 4.8182e+01  14 1.00000e+00  
105.8 4.8273e+01  14 1.00000e+00  
105.9 4.8359e+01  14 1.00000e+00  
106.0 4.8451e+01  14 1.00000e+00  
106.1 4.8542e+01  14 1.00000e+00  
106.2 4.8633e+01  14 1.00000e+00  
106.3 4.8725e+01  14 1.00000e+00  
106.4 4.8816e+01  14 1.00000e+00  
106.5 4.8907e+01  14 1.00000e+00  
106.6 4.8998e+01  14 1.00000e+00  
106.7 4.9090e+01  14 1.00000e+00  
106.8 4.9181e+01  14 1.00000e+00  
106.9 4.9272e+01  14 1.00000e+00  
107.0 4.9364e+01  14 1.00000e+00  
107.1 4.9455e+01  14 1.00000e+00  
107.2 4.9547e+01  14 1.00000e+00  
107.3 4.9638e+01  14 1.00000e+00  
107.4 4.9729e+01  14 1.00000e+00  
107.5 4.9821e+01  14 1.00000e+00  
107.6 4.9912e+01  14 1.00000e+00  
107.7 5.0004e+01  14 1.00000e+00  
107.8 5.0095e+01  14 1.00000e+00  
107.9 5.0186e+01  14 1.00000e+00  
108.0 5.0278e+01  14 1.00000e+00  
108.1 5.0369e+01  14 1.00000e+00  
108.2 5.0461e+01  14 1.00000e+00  
108.3 5.0552e+01  14 1.00000e+00  
108.4 5.0644e+01  14 1.00000e+00  
108.5 5.0735e+01  14 1.00000e+00  
108.6 5.0827e+01  14 1.00000e+00  
108.7 5.0918e+01  14 1.00000e+00  
108.8 5.1009e+01  14 1.00000e+00  
108.9 5.1101e+01  14 1.00000e+00  
109.0 5.1192e+01  14 1.00000e+00  
109.1 5.1284e+01  14 1.00000e+00  
109.2 5.1375e+01  14 1.00000e+00  
109.3 5.1467e+01  14 1.00000e+00  
109.4 5.1558e+01  14 1.00000e+00  
109.5 5.1650e+01  14 1.00000e+00  
109.6 5.1741e+01  14 1.00000e+00  
109.7 5.1833e+01  14 1.00000e+00  
109.8 5.1924e+01  14 1.00000e+00  
109.9 5.2016e+01  14 1.00000e+00  
110.0 5.2108e+01  14 1.00000e+00  
110.1 5.2199e+01  14 1.00000e+00  
110.2 5.2291e+01  14 1.00000e+00  
110.3 5.2382e+01  14 1.00000e+00  
110.4 5.2474e+01  14 1.00000e+00  
110.5 5.2565e+01  14 1.00000e+00  
110.6 5.2657e+01  14 1.00000e+00  
110.7 5.2748e+01  14 1.00000e+00  
110.8 5.2840e+01  14 1.00000e+00  
110.9 5.2931e+01  14 1.00000e+00  
111.0 5.3023e+01  14 1.00000e+00  
111.1 5.3114e+01  14 1.00000e+00  
111.2 5.3206e+01  14 1.00000e+00  
111.3 5.3298e+01  14 1.00000e+00  
111.4 5.3389e+01  14 1.00000e+00  
111.5 5.3481e+01  14 1.00000e+00  
111.6 5.3572e+01  14 1.00000e+00  
111.7 5.3664e+01  14 1.00000e+00  
111.8 5.3755e+01  14 1.00000e+00  
111.9 5.3847e+01  14 1.00000e+00  
112.0 5.3938e+01  14 1.00000e+00  
112.1 5.4030e+01  14 1.00000e+00  
112.2 5.4122e+01  14 1.00000e+00  
112.3 5.4213e+01  14 1.00000e+00  
112.4 5.4305e+01  14 1.00000e+00  
112.5 5.4396e+01  14 1.00000e+00  
112.6 5.4488e+01  14 1.00000e+00  
112.7 5.4579e+01  14 1.00000e+00  
112.8 5.4671e+01  14 1.00000e+00  
112.9 5.4763e+01  14 1.00000e+00  
113.0 5.4854e+01  14 1.00000e+00  
113.1 5.4946e+01  14 1.00000e+00  
113.2 5.5037e+01  14 1.00000e+00  
113.3 5.5129e+01  14 1.00000e+00  
113.4 5.5220e+01  14 1.00000e+00  
113.5 5.5312e+01  14 1.00000e+00  
113.6 5.5399e+01  14 1.00000e+00  
113.7 5.5490e+01  14 1.00000e+00  
113.8 5.5582e+01  14 1.00000e+00  
113.9 5.5673e+01  14 1.00000e+00  
114.0 5.5765e+01  14 1.00000e+00  
114.1 5.5857e+01  14 1.00000e+00  
114.2 5.5948e+01  14 1.00000e+00  
114.3 5.6040e+01  14 1.00000e+00  
114.4 5.6131e+01  14 1.00000e+00  
114.5 5.6223e+01  14 1.00000e+00  
114.6 5.6314e+01  14 1.00000e+00  
114.7 5.6406e+01  14 1.00000e+00  
114.8 5.6498e+01  14 1.00000e+00  
114.9 5.6589e+01  14 1.00000e+00  
115.0 5.6681e+01  14 1.00000e+00  
115.1 5.6772e+01  14 1.00000e+00  
115.2 5.6864e+01  14 1.00000e+00  
115.3 5.6955e+01  14 1.00000e+00  
115.4 5.7047e+01  14 1.00000e+00  
115.5 5.7138e+01  14 1.00000e+00  
115.6 5.7230e+01  14 1.00000e+00  
115.7 5.7321e+01  14 1.00000e+00  
115.8 5.7413e+01  14 1.00000e+00  
115.9 5.7505e+01  14 1.00000e+00  
116.0 5.7596e+01  14 1.00000e+00  
116.1 5.7688e+01  14 1.00000e+00  
116.2 5.7779e+01  14 1.00000e+00  
116.3 5.7871e+01  14 1.00000e+00  
116.4 5.7962e+01  14 1.00000e+00  
116.5 5.8054e+01  14 1.00000e+00  
116.6 5.8145e+01  14 1.00000e+00  
116.7 5.8237e+01  14 1.00000e+00  
116.8 5.8328e+01  14 1.00000e+00  
116.9 5.8420e+01  14 1.00000e+00  
117.0 5.8511e+01  14 1.00000e+00  
117.1 5.8603e+01  14 1.00000e+00  
117.2 5.8694e+01  14 1.00000e+00  
117.3 5.8786e+01  14 1.00000e+00  
117.4 5.8877e+01  14 1.00000e+00  
117.5 5.8969e+01  14 1.00000e+00  
117.6 5.9060e+01  14 1.00000e+00  
117.7 5.9152e+01  14 1.00000e+00  
117.8 5.9243e+01  14 1.00000e+00  
117.9 5.9335e+01  14 1.00000e+00  
118.0 5.9426e+01  14 1.00000e+00  
118.1 5.9518e+01  14 1.00000e+00  
118.2 5.9609e+01  14 1.00000e+00  
118.3 5.9701e+01  14 1.00000e+00  
118.4 5.9792e+01  14 1.00000e+00  
118.5 5.9883e+01  14 1.00000e+00  
118.6 5.9975e+01  14 1.00000e+00  
118.7 6.0066e+01  14 1.00000e+00  
118.8 6.0158e+01  14 1.00000e+00  
118.9 6.0249e+01  14 1.00000e+00  
119.0 6.0341e+01  14 1.00000e+00  
119.1 6.0432e+01  14 1.00000e+00  
119.2 6.0523e+01  14 1.00000e+00  
119.3 6.0615e+01  14 1.00000e+00  
119.4 6.0706e+01  14 1.00000e+00  
119.5 6.0798e+01  14 1.00000e+00  
119.6 6.0889e+01  14 1.00000e+00  
119.7 6.0980e+01  14 1.00000e+00  
119.8 6.1072e+01  14 1.00000e+00  
119.9 6.1163e+01  14 1.00000e+00  
120.0 6.1255e+01  14 1.00000e+00  
120.1 6.1346e+01  14 1.00000e+00  
120.2 6.1437e+01  14 1.00000e+00  
120.3 6.1529e+01  14 1.00000e+00  
120.4 6.1620e+01  14 1.00000e+00  
120.5 6.1711e+01  14 1.00000e+00  
120.6 6.1803e+01  14 1.00000e+00  
120.7 6.1894e+01  14 1.00000e+00  
120.8 6.1986e+01  14 1.00000e+00  
120.9 6.2077e+01  14 1.00000e+00  
121.0 6.2168e+01  14 1.00000e+00  
121.1 6.2259e+01  14 1.00000e+00  
121.2 6.2351e+01  14 1.00000e+00  
121.3 6.2442e+01  14 1.00000e+00  
121.4 6.2533e+01  14 1.00000e+00  
121.5 6.2625e+01  14 1.00000e+00  
121.6 6.2716e+01  14 1.00000e+00  
121.7 6.2807e+01  14 1.00000e+00  
121.8 6.2899e+01  14 1.00000e+00  
121.9 6.2990e+01  14 1.00000e+00  
122.0 6.3077e+01  14 1.00000e+00  
122.1 6.3168e+01  14 1.00000e+00  
122.2 6.3260e+01  14 1.00000e+00  
122.3 6.3351e+01  14 1.00000e+00  
122.4 6.3442e+01  14 1.00000e+00  
122.5 6.3533e+01  14 1.00000e+00  
122.6 6.3625e+01  14 1.00000e+00  
122.7 6.3716e+01  14 1.00000e+00  
122.8 6.3807e+01  14 1.00000e+00  
122.9 6.3898e+01  14 1.00000e+00  
123.0 6.3989e+01  14 1.00000e+00  
123.1 6.4081e+01  14 1.00000e+00  
123.2 6.4172e+01  14 1.00000e+00  
123.3 6.4263e+01  14 1.00000e+00  
123.4 6.4354e+01  14 1.00000e+00  
123.5 6.4446e+01  14 1.00000e+00  
123.6 6.4537e+01  14 1.00000e+00  
123.7 6.4628e+01  14 1.00000e+00  
123.8 6.4731e+01  14 1.00000e+00  
123.9 6.4823e+01  14 1.00000e+00  
124.0 6.4914e+01  14 1.00000e+00  
124.1 6.5005e+01  14 1.00000e+00  
124.2 6.5096e+01  14 1.00000e+00  
124.3 6.5187e+01  14 1.00000e+00  
124.4 6.5278e+01  14 1.00000e+00  
124.5 6.5369e+01  14 1.00000e+00  
124.6 6.5461e+01  14 1.00000e+00  
124.7 6.5552e+01  14 1.00000e+00  
124.8 6.5643e+01  14 1.00000e+00  
124.9 6.5734e+01  14 1.00000e+00  
125.0 6.5825e+01  14 1.00000e+00  
125.1 6.5916e+01  14 1.00000e+00  
125.2 6.6007e+01  14 1.00000e+00  
125.3 6.6098e+01  14 1.00000e+00  
125.4 6.6189e+01  14 1.00000e+00  
125.5 6.6280e+01  14 1.00000e+00  
125.6 6.6371e+01  14 1.00000e+00  
125.7 6.6462e+01  14 1.00000e+00  
125.8 6.6553e+01  14 1.00000e+00  
125.9 6.6644e+01  14 1.00000e+00  
126.0 6.6735e+01  14 1.00000e+00  
126.1 6.6827e+01  14 1.00000e+00  
126.2 6.6918e+01  14 1.00000e+00  
126.3 6.7009e+01  14 1.00000e+00  
126.4 6.7100e+01  14 1.00000e+00  
126.5 6.7190e+01  14 1.00000e+00  
126.6 6.7281e+01  14 1.00000e+00  
126.7 6.7372e+01  14 1.00000e+00  
126.8 6.7463e+01  14 1.00000e+00  
126.9 6.7554e+01  14 1.00000e+00  
127.0 6.7645e+01  14 1.00000e+00  
127.1 6.7736e+01  14 1.00000e+00  
127.2 6.7827e+01  14 1.00000e+00  
127.3 6.7918e+01  14 1.00000e+00  
127.4 6.8009e+01  14 1.00000e+00  
127.5 6.8100e+01  14 1.00000e+00  
127.6 6.8191e+01  14 1.00000e+00  
127.7 6.8282e+01  14 1.00000e+00  
127.8 6.8373e+01  14 1.00000e+00  
127.9 6.8463e+01  14 1.00000e+00  
128.0 6.8554e+01  14 1.00000e+00  
128.1 6.8645e+01  14 1.00000e+00  
128.2 6.8736e+01  14 1.00000e+00  
128.3 6.8827e+01  14 1.00000e+00  
128.4 6.8918e+01  14 1.00000e+00  
128.5 6.9009e+01  14 1.00000e+00  
128.6 6.9099e+01  14 1.00000e+00  
128.7 6.9190e+01  14 1.00000e+00  
128.8 6.9281e+01  14 1.00000e+00  
128.9 6.9372e+01  14 1.00000e+00  
129.0 6.9463e+01  14 1.00000e+00  
129.1 6.9553e+01  14 1.00000e+00  
129.2 6.9644e+01  14 1.00000e+00  
129.3 6.9735e+01  14 1.00000e+00  
129.4 6.9826e+01  14 1.00000e+00  
129.5 6.9917e+01  14 1.00000e+00  
129.6 7.0007e+01  14 1.00000e+00  
129.7 7.0098e+01  14 1.00000e+00  
129.8 7.0189e+01  14 1.00000e+00  
129.9 7.0279e+01  14 1.00000e+00  
130.0 7.0370e+01  14 1.00000e+00  
130.1 7.0461e+01  14 1.00000e+00  
130.2 7.0552e+01  14 1.00000e+00  
130.3 7.0642e+01  14 1.00000e+00  
130.4 7.0733e+01  14 1.00000e+00  
130.5 7.0824e+01  14 1.00000e+00  
130.6 7.0914e+01  14 1.00000e+00  
130.7 7.1005e+01  14 1.00000e+00  
130.8 7.1096e+01  14 1.00000e+00  
130.9 7.1186e+01  14 1.00000e+00  
131.0 7.1277e+01  14 1.00000e+00  
131.1 7.1368e+01  14 1.00000e+00  
131.2 7.1454e+01  14 1.00000e+00  
131.3 7.1545e+01  14 1.00000e+00  
131.4 7.1636e+01  14 1.00000e+00  
131.5 7.1726e+01  14 1.00000e+00  
131.6 7.1817e+01  14 1.00000e+00  
131.7 7.1907e+01  14 1.00000e+00  
131.8 7.1998e+01  14 1.00000e+00  
131.9 7.2089e+01  14 1.00000e+00  
132.0 7.2179e+01  14 1.00000e+00  
132.1 7.2270e+01  14 1.00000e+00  
132.2 7.2360e+01  14 1.00000e+00  
132.3 7.2451e+01  14 1.00000e+00  
132.4 7.2541e+01  14 1.00000e+00  
132.5 7.2632e+01  14 1.00000e+00  
132.6 7.2722e+01  14 1.00000e+00  
132.7 7.2813e+01  14 1.00000e+00  
132.8 7.2903e+01  14 1.00000e+00  
132.9 7.2994e+01  14 1.00000e+00  
133.0 7.3084e+01  14 1.00000e+00  
133.1 7.3175e+01  14 1.00000e+00  
133.2 7.3265e+01  14 1.00000e+00  
133.3 7.3356e+01  14 1.00000e+00  
133.4 7.3446e+01  14 1.00000e+00  
133.5 7.3536e+01  14 1.00000e+00  
133.6 7.3627e+01  14 1.00000e+00  
133.7 7.3717e+01  14 1.00000e+00  
133.8 7.3808e+01  14 1.00000e+00  
133.9 7.3898e+01  14 1.00000e+00  
134.0 7.3989e+01  14 1.00000e+00  
134.1 7.4079e+01  14 1.00000e+00  
134.2 7.4169e+01  14 1.00000e+00  
134.3 7.4260e+01  14 1.00000e+00  
134.4 7.4350e+01  14 1.00000e+00  
134.5 7.4440e+01  14 1.00000e+00  
134.6 7.4531e+01  14 1.00000e+00  
134.7 7.4621e+01  14 1.00000e+00  
134.8 7.4711e+01  14 1.00000e+00  
134.9 7.4802e+01  14 1.00000e+00  
135.0 7.4892e+01  14 1.00000e+00  
135.1 7.4982e+01  14 1.00000e+00  
135.2 7.5072e+01  14 1.00000e+00  
135.3 7.5163e+01  14 1.00000e+00  
135.4 7.5253e+01  14 1.00000e+00  
135.5 7.5343e+01  14 1.00000e+00  
135.6 7.5433e+01  14 1.00000e+00  
135.7 7.5524e+01  14 1.00000e+00  
135.8 7.5614e+01  14 1.00000e+00  
135.9 7.5704e+01  14 1.00000e+00  
136.0 7.5794e+01  14 1.00000e+00  
136.1 7.5885e+01  14 1.00000e+00  
136.2 7.5975e+01  14 1.00000e+00  
136.3 7.6065e+01  14 1.00000e+00  
136.4 7.6155e+01  14 1.00000e+00  
136.5 7.6245e+01  14 1.00000e+00  
136.6 7.6335e+01  14 1.00000e+00  
136.7 7.6426e+01  14 1.00000e+00  
136.8 7.6516e+01  14 1.00000e+00  
136.9 7.6606e+01  14 1.00000e+00  
137.0 7.6696e+01  14 1.00000e+00  
137.1 7.6786e+01  14 1.00000e+00  
137.2 7.6876e+01  14 1.00000e+00  
137.3 7.6966e+01  14 1.00000e+00  
137.4 7.7056e+01  14 1.00000e+00  
137.5 7.7147e+01  14 1.00000e+00  
137.6 7.7237e+01  14 1.00000e+00  
137.7 7.7327e+01  14 1.00000e+00  
137.8 7.7417e+01  14 1.00000e+00  
137.9 7.7507e+01  14 1.00000e+00  
138.0 7.7597e+01  14 1.00000e+00  
138.1 7.7687e+01  14 1.00000e+00  
138.2 7.7777e+01  14 1.00000e+00  
138.3 7.7867e+01  14 1.00000e+00  
138.4 7.7957e+01  14 1.00000e+00  
138.5 7.8047e+01  14 1.00000e+00  
138.6 7.8137e+01  14 1.00000e+00  
138.7 7.8227e+01  14 1.00000e+00  
138.8 7.8317e+01  14 1.00000e+00  
138.9 7.8407e+01  14 1.00000e+00  
139.0 7.8497e+01  14 1.00000e+00  
139.1 7.8587e+01  14 1.00000e+00  
139.2 7.8677e+01  14 1.00000e+00  
139.3 7.8766e+01  14 1.00000e+00  
139.4 7.8856e+01  14 1.00000e+00  
139.5 7.8946e+01  14 1.00000e+00  
139.6 7.9036e+01  14 1.00000e+00  
139.7 7.9126e+01  14 1.00000e+00  
139.8 7.9216e+01  14 1.00000e+00  
139.9 7.9306e+01  14 1.00000e+00  
140.0 7.9396e+01  14 1.00000e+00  
140.1 7.9485e+01  14 1.00000e+00  
140.2 7.9575e+01  14 1.00000e+00  
140.3 7.9665e+01  14 1.00000e+00  
140.4 7.9755e+01  14 1.00000e+00  
140.5 7.9845e+01  14 1.00000e+00  
140.6 7.9935e+01  14 1.00000e+00  
140.7 8.0024e+01  14 1.00000e+00  
140.8 8.0114e+01  14 1.00000e+00  
140.9 8.0204e+01  14 1.00000e+00  
141.0 8.0294e+01  14 1.00000e+00  
141.1 8.0383e+01  14 1.00000e+00  
141.2 8.0473e+01  14 1.00000e+00  
141.3 8.0563e+01  14 1.00000e+00  
141.4 8.0653e+01  14 1.00000e+00  
141.5 8.0742e+01  14 1.00000e+00  
141.6 8.0829e+01  14 1.00000e+00  
141.7 8.0919e+01  14 1.00000e+00  
141.8 8.1008e+01  14 1.00000e+00  
141.9 8.1098e+01  14 1.00000e+00  
142.0 8.1188e+01  14 1.00000e+00  
142.1 8.1277e+01  14 1.00000e+00  
142.2 8.1367e+01  14 1.00000e+00  
142.3 8.1457e+01  14 1.00000e+00  
142.4 8.1546e+01  14 1.00000e+00  
142.5 8.1636e+01  14 1.00000e+00  
142.6 8.1726e+01  14 1.00000e+00  
142.7 8.1815e+01  14 1.00000e+00  
142.8 8.1905e+01  14 1.00000e+00  
142.9 8.1994e+01  14 1.00000e+00  
143.0 8.2084e+01  14 1.00000e+00  
143.1 8.2173e+01  14 1.00000e+00  
143.2 8.2263e+01  14 1.00000e+00  
143.3 8.2353e+01  14 1.00000e+00  
143.4 8.2442e+01  14 1.00000e+00  
143.5 8.2532e+01  14 1.00000e+00  
143.6 8.2621e+01  14 1.00000e+00  
143.7 8.2711e+01  14 1.00000e+00  
143.8 8.2800e+01  14 1.00000e+00  
143.9 8.2890e+01  14 1.00000e+00  
144.0 8.2979e+01  14 1.00000e+00  
144.1 8.3069e+01  14 1.00000e+00  
144.2 8.3158e+01  14 1.00000e+00  
144.3 8.3248e+01  14 1.00000e+00  
144.4 8.3337e+01  14 1.00000e+00  
144.5 8.3427e+01  14 1.00000e+00  
144.6 8.3516e+01  14 1.00000e+00  
144.7 8.3606e+01  14 1.00000e+00  
144.8 8.3695e+01  14 1.00000e+00  
144.9 8.3784e+01  14 1.00000e+00  
145.0 8.3874e+01  14 1.00000e+00  
145.1 8.3963e+01  14 1.00000e+00  
145.2 8.4053e+01  14 1.00000e+00  
145.3 8.4142e+01  14 1.00000e+00  
145.4 8.4231e+01  14 1.00000e+00  
145.5 8.4321e+01  14 1.00000e+00  
145.6 8.4410e+01  14 1.00000e+00  
145.7 8.4499e+01  14 1.00000e+00  
145.8 8.4589e+01  14 1.00000e+00  
145.9 8.4678e+01  14 1.00000e+00  
146.0 8.4767e+01  14 1.00000e+00  
146.1 8.4857e+01  14 1.00000e+00  
146.2 8.4946e+01  14 1.00000e+00  
146.3 8.5035e+01  14 1.00000e+00  
146.4 8.5124e+01  14 1.00000e+00  
146.5 8.5213e+01  14 1.00000e+00  
146.6 8.5303e+01  14 1.00000e+00  
146.7 8.5392e+01  14 1.00000e+00  
146.8 8.5481e+01  14 1.00000e+00  
146.9 8.5570e+01  14 1.00000e+00  
147.0 8.5660e+01  14 1.00000e+00  
147.1 8.5749e+01  14 1.00000e+00  
147.2 8.5838e+01  14 1.00000e+00  
147.3 8.5927e+01  14 1.00000e+00  
147.4 8.6016e+01  14 1.00000e+00  
147.5 8.6105e+01  14 1.00000e+00  
147.6 8.6194e+01  14 1.00000e+00  
147.7 8.6284e+01  14 1.00000e+00  
147.8 8.6373e+01  14 1.00000e+00  
147.9 8.6462e+01  14 1.00000e+00  
148.0 8.6551e+01  14 1.00000e+00  
148.1 8.6640e+01  14 1.00000e+00  
148.2 8.6729e+01  14 1.00000e+00  
148.3 8.6818e+01  14 1.00000e+00  
148.4 8.6907e+01  14 1.00000e+00  
148.5 8.6996e+01  14 1.00000e+00  
148.6 8.7085e+01  14 1.00000e+00  
148.7 8.7174e+01  14 1.00000e+00  
148.8 8.7263e+01  14 1.00000e+00  
148.9 8.7352e+01  14 1.00000e+00  
149.0 8.7441e+01  14 1.00000e+00  
149.1 8.7530e+01  14 1.00000e+00  
149.2 8.7619e+01  14 1.00000e+00  
149.3 8.7708e+01  14 1.00000e+00  
149.4 8.7797e+01  14 1.00000e+00  
149.5 8.7886e+01  14 1.00000e+00  
149.6 8.7975e+01  14 1.00000e+00  
149.7 8.8064e+01  14 1.00000e+00  
149.8 8.8153e+01  14 1.00000e+00  
149.9 8.8242e+01  14 1.00000e+00  
150.0 8.8331e+01  14 1.00000e+00  
