 15.1 1.4313e+00  13 4.78963e-02  
 15.2 1.4389e+00  13 4.79589e-02  
 15.3 1.4465e+00  13 4.77923e-02  
 15.4 1.4542e+00  13 4.76784e-02  
 15.5 1.4618e+00  13 4.77367e-02  
 15.6 1.4694e+00  13 4.79281e-02  
 15.7 1.4771e+00  13 4.78027e-02  
 15.8 1.4847e+00  13 4.75798e-02  
 15.9 1.4924e+00  13 4.77616e-02  
 16.0 1.5000e+00  13 4.79802e-02  
 16.1 1.5076e+00  13 4.83641e-02  
 16.2 1.5153e+00  13 4.87291e-02  
 16.3 1.5229e+00  13 4.91135e-02  
 16.4 1.5305e+00  13 4.94952e-02  
 16.5 1.5382e+00  13 4.98739e-02  
 16.6 1.5458e+00  13 5.02496e-02  
 16.7 1.5534e+00  13 5.06227e-02  
 16.8 1.5611e+00  13 5.09929e-02  
 16.9 1.5687e+00  13 5.13601e-02  
 17.0 1.5763e+00  13 5.17254e-02  
 17.1 1.5840e+00  13 5.20880e-02  
 17.2 1.5916e+00  13 5.24479e-02  
 17.3 1.5992e+00  13 5.28470e-02  
 17.4 1.6069e+00  13 5.32023e-02  
 17.5 1.6145e+00  13 5.35557e-02  
 17.6 1.6221e+00  13 5.39073e-02  
 17.7 1.6297e+00  13 5.42564e-02  
 17.8 1.6374e+00  13 5.46034e-02  
 17.9 1.6450e+00  13 5.49483e-02  
 18.0 1.6526e+00  13 5.52913e-02  
 18.1 1.6602e+00  13 5.56322e-02  
 18.2 1.6678e+00  13 5.59710e-02  
 18.3 1.6755e+00  13 5.63084e-02  
 18.4 1.6831e+00  13 5.66446e-02  
 18.5 1.6907e+00  13 5.69793e-02  
 18.6 1.6983e+00  13 5.73604e-02  
 18.7 1.7059e+00  13 5.76912e-02  
 18.8 1.7135e+00  13 5.80206e-02  
 18.9 1.7212e+00  13 5.83484e-02  
 19.0 1.7288e+00  13 5.86745e-02  
 19.1 1.7404e+00  13 5.93336e-02  
 19.2 1.7526e+00  13 6.00447e-02  
 19.3 1.7650e+00  13 6.07623e-02  
 19.4 1.7774e+00  13 6.14839e-02  
 19.5 1.7899e+00  13 6.22102e-02  
 19.6 1.8025e+00  13 6.30157e-02  
 19.7 1.8152e+00  13 6.37334e-02  
 19.8 1.8280e+00  13 6.44742e-02  
 19.9 1.8409e+00  13 6.52200e-02  
 20.0 1.8539e+00  13 6.59720e-02  
 20.1 1.8670e+00  13 6.67297e-02  
 20.2 1.8801e+00  13 6.74929e-02  
 20.3 1.8934e+00  13 6.82619e-02  
 20.4 1.9068e+00  13 6.90365e-02  
 20.5 1.9202e+00  13 6.98169e-02  
 20.6 1.6359e+01  14 1.00000e+00  
 20.7 1.6415e+01  14 1.00000e+00  
 20.8 1.6465e+01  14 1.00000e+00  
 20.9 1.6515e+01  14 1.00000e+00  
 21.0 1.6564e+01  14 1.00000e+00  
 21.1 1.6612e+01  14 1.00000e+00  
 21.2 1.6661e+01  14 1.00000e+00  
 21.3 1.6708e+01  14 1.00000e+00  
 21.4 1.6734e+01  14 1.00000e+00  
 21.5 1.6781e+01  14 1.00000e+00  
 21.6 1.6833e+01  14 1.00000e+00  
 21.7 1.6878e+01  14 1.00000e+00  
 21.8 1.6923e+01  14 1.00000e+00  
 21.9 1.6968e+01  14 1.00000e+00  
 22.0 1.7012e+01  14 1.00000e+00  
 22.1 1.7055e+01  14 1.00000e+00  
 22.2 1.7098e+01  14 1.00000e+00  
 22.3 1.7117e+01  14 1.00000e+00  
 22.4 1.7161e+01  14 1.00000e+00  
 22.5 1.7206e+01  14 1.00000e+00  
 22.6 1.7247e+01  14 1.00000e+00  
 22.7 1.7287e+01  14 1.00000e+00  
 22.8 1.7327e+01  14 1.00000e+00  
 22.9 1.7366e+01  14 1.00000e+00  
 23.0 1.7404e+01  14 1.00000e+00  
 23.1 1.7416e+01  14 1.00000e+00  
 23.2 1.7453e+01  14 1.00000e+00  
 23.3 1.7497e+01  14 1.00000e+00  
 23.4 1.7533e+01  14 1.00000e+00  
 23.5 1.7569e+01  14 1.00000e+00  
 23.6 5.5382e+00  14 2.77675e-01  
 23.7 5.6322e+00  14 2.82726e-01  
 23.8 5.7264e+00  14 2.88253e-01  
 23.9 5.8216e+00  14 2.93364e-01  
 24.0 5.9175e+00  14 2.98505e-01  
 24.1 6.0144e+00  14 3.03557e-01  
 24.2 6.1118e+00  14 3.08757e-01  
 24.3 6.2098e+00  14 3.13990e-01  
 24.4 6.3085e+00  14 3.19257e-01  
 24.5 6.4078e+00  14 3.24559e-01  
 24.6 6.5052e+00  14 3.30340e-01  
 24.7 6.6055e+00  14 3.35703e-01  
 24.8 6.7069e+00  14 3.41012e-01  
 24.9 6.8095e+00  14 3.46421e-01  
 25.0 6.9117e+00  14 3.51869e-01  
 25.1 7.0145e+00  14 3.57350e-01  
 25.2 7.1178e+00  14 3.62862e-01  
 25.3 7.2171e+00  14 3.68844e-01  
 25.4 7.3211e+00  14 3.74415e-01  
 25.5 7.4256e+00  14 3.80016e-01  
 25.6 7.5322e+00  14 3.85517e-01  
 25.7 7.6379e+00  14 3.91170e-01  
 25.8 7.7440e+00  14 3.96851e-01  
 25.9 7.8506e+00  14 4.02560e-01  
 26.0 7.9509e+00  14 4.08728e-01  
 26.1 8.0579e+00  14 4.14493e-01  
 26.2 8.1653e+00  14 4.20289e-01  
 26.3 8.2743e+00  14 4.26050e-01  
 26.4 8.3837e+00  14 4.31836e-01  
 26.5 8.4925e+00  14 4.37707e-01  
 26.6 8.6015e+00  14 4.43607e-01  
 26.7 8.7016e+00  14 4.49957e-01  
 26.8 8.8108e+00  14 4.55909e-01  
 26.9 8.9204e+00  14 4.61888e-01  
 27.0 9.0301e+00  14 4.67896e-01  
 27.1 9.1434e+00  14 4.73804e-01  
 27.2 9.2539e+00  14 4.79857e-01  
 27.3 9.3529e+00  14 4.86344e-01  
 27.4 9.4634e+00  14 4.92449e-01  
 27.5 9.5739e+00  14 4.98579e-01  
 27.6 9.6846e+00  14 5.04735e-01  
 27.7 9.7954e+00  14 5.10916e-01  
 27.8 9.9104e+00  14 5.17005e-01  
 27.9 1.0007e+01  14 5.23626e-01  
 28.0 1.0118e+01  14 5.29873e-01  
 28.1 1.0229e+01  14 5.36145e-01  
 28.2 1.0340e+01  14 5.42442e-01  
 28.3 1.0451e+01  14 5.48763e-01  
 28.4 1.0562e+01  14 5.55105e-01  
 28.5 1.0657e+01  14 5.61843e-01  
 28.6 1.0772e+01  14 5.68130e-01  
 28.7 1.0882e+01  14 5.74538e-01  
 28.8 1.0993e+01  14 5.80968e-01  
 28.9 1.1103e+01  14 5.87421e-01  
 29.0 1.1193e+01  14 5.94266e-01  
 29.1 1.1303e+01  14 6.00766e-01  
 29.2 1.1411e+01  14 6.07292e-01  
 29.3 1.1527e+01  14 6.13710e-01  
 29.4 1.1636e+01  14 6.20263e-01  
 29.5 1.1723e+01  14 6.27194e-01  
 29.6 1.1831e+01  14 6.33788e-01  
 29.7 1.1938e+01  14 6.40405e-01  
 29.8 1.2045e+01  14 6.47043e-01  
 29.9 1.2127e+01  14 6.54043e-01  
 30.0 1.2235e+01  14 6.60688e-01  
 30.1 1.2347e+01  14 6.67302e-01  
 30.2 1.2426e+01  14 6.74343e-01  
 30.3 1.2530e+01  14 6.81066e-01  
 30.4 1.2606e+01  14 6.88133e-01  
 30.5 1.2708e+01  14 6.94894e-01  
 30.6 1.2781e+01  14 7.01985e-01  
 30.7 1.2882e+01  14 7.08776e-01  
 30.8 1.2905e+01  14 7.16377e-01  
 30.9 1.2944e+01  14 7.23783e-01  
 31.0 1.3040e+01  14 7.30604e-01  
 31.1 1.3134e+01  14 7.37441e-01  
 31.2 1.3227e+01  14 7.44295e-01  
 31.3 1.3319e+01  14 7.51119e-01  
 31.4 1.3411e+01  14 7.58001e-01  
 31.5 1.3502e+01  14 7.64896e-01  
 31.6 1.3603e+01  14 7.71713e-01  
 31.7 1.3693e+01  14 7.78635e-01  
 31.8 1.3781e+01  14 7.85568e-01  
 31.9 1.3869e+01  14 7.92514e-01  
 32.0 1.3955e+01  14 7.99471e-01  
 32.1 1.4041e+01  14 8.06485e-01  
 32.2 1.4126e+01  14 8.13465e-01  
 32.3 1.4216e+01  14 8.20416e-01  
 32.4 1.4305e+01  14 8.27380e-01  
 32.5 1.4386e+01  14 8.34390e-01  
 32.6 1.4467e+01  14 8.41409e-01  
 32.7 1.4546e+01  14 8.48438e-01  
 32.8 1.4623e+01  14 8.55474e-01  
 32.9 1.4699e+01  14 8.62520e-01  
 33.0 1.4775e+01  14 8.69570e-01  
 33.1 1.4863e+01  14 8.76572e-01  
 33.2 1.4936e+01  14 8.83637e-01  
 33.3 1.5008e+01  14 8.90706e-01  
 33.4 1.5078e+01  14 8.97780e-01  
 33.5 1.5146e+01  14 9.04859e-01  
 33.6 1.5214e+01  14 9.11942e-01  
 33.7 1.5279e+01  14 9.19027e-01  
 33.8 1.5343e+01  14 9.26115e-01  
 33.9 1.5423e+01  14 9.33170e-01  
 34.0 1.5484e+01  14 9.40262e-01  
 34.1 1.5544e+01  14 9.47355e-01  
 34.2 1.5602e+01  14 9.54448e-01  
 34.3 1.5659e+01  14 9.61540e-01  
 34.4 1.5714e+01  14 9.68629e-01  
 34.5 1.5767e+01  14 9.75716e-01  
 34.6 1.5822e+01  14 9.82796e-01  
 34.7 1.5886e+01  14 9.89872e-01  
 34.8 1.5934e+01  14 9.96949e-01  
 34.9 1.5920e+01  14 1.00000e+00  
 35.0 1.5859e+01  14 1.00000e+00  
 35.1 1.5797e+01  14 1.00000e+00  
 35.2 1.5734e+01  14 1.00000e+00  
 35.3 1.5671e+01  14 1.00000e+00  
 35.4 1.5611e+01  14 1.00000e+00  
 35.5 1.5560e+01  14 1.00000e+00  
 35.6 1.5494e+01  14 1.00000e+00  
 35.7 1.5336e+01  14 1.00000e+00  
 35.8 1.5268e+01  14 1.00000e+00  
 35.9 1.5201e+01  14 1.00000e+00  
 36.0 1.5132e+01  14 1.00000e+00  
 36.1 1.5063e+01  14 1.00000e+00  
 36.2 1.4896e+01  14 1.00000e+00  
 36.3 1.4840e+01  14 1.00000e+00  
 36.4 1.4769e+01  14 1.00000e+00  
 36.5 1.4684e+01  14 1.00000e+00  
 36.6 1.4575e+01  14 1.00000e+00  
 36.7 1.4414e+01  14 1.00000e+00  
 36.8 1.4318e+01  14 1.00000e+00  
 36.9 1.4214e+01  14 1.00000e+00  
 37.0 1.4107e+01  14 1.00000e+00  
 37.1 1.4031e+01  14 1.00000e+00  
 37.2 1.3815e+01  14 1.00000e+00  
 37.3 1.3763e+01  14 1.00000e+00  
 37.4 1.3772e+01  14 1.00000e+00  
 37.5 1.3778e+01  14 1.00000e+00  
 37.6 1.3700e+01  14 1.00000e+00  
 37.7 1.3621e+01  14 1.00000e+00  
 37.8 1.3629e+01  14 1.00000e+00  
 37.9 1.3583e+01  14 1.00000e+00  
 38.0 1.3525e+01  14 1.00000e+00  
 38.1 1.3533e+01  14 1.00000e+00  
 38.2 1.3491e+01  14 1.00000e+00  
 38.3 1.3439e+01  14 1.00000e+00  
 38.4 1.3399e+01  14 1.00000e+00  
 38.5 1.3405e+01  14 1.00000e+00  
 38.6 1.3352e+01  14 1.00000e+00  
 38.7 1.3317e+01  14 1.00000e+00  
 38.8 1.3324e+01  14 1.00000e+00  
 38.9 1.3273e+01  14 1.00000e+00  
 39.0 1.3236e+01  14 1.00000e+00  
 39.1 1.3194e+01  14 1.00000e+00  
 39.2 1.3203e+01  14 1.00000e+00  
 39.3 1.3131e+01  14 9.97297e-01  
 39.4 1.3028e+01  14 9.92045e-01  
 39.5 1.2925e+01  14 9.86825e-01  
 39.6 1.2851e+01  14 9.83041e-01  
 39.7 1.2729e+01  14 9.76800e-01  
 39.8 1.2748e+01  14 9.77759e-01  
 39.9 1.2654e+01  14 9.72942e-01  
 40.0 1.2509e+01  14 9.65539e-01  
 40.1 1.2362e+01  14 9.57937e-01  
 40.2 1.2349e+01  14 9.57276e-01  
 40.3 1.2127e+01  14 9.45785e-01  
 40.4 1.2128e+01  14 9.45841e-01  
 40.5 1.1999e+01  14 9.39106e-01  
 40.6 1.1783e+01  14 9.27842e-01  
 40.7 1.1884e+01  14 9.33123e-01  
 40.8 1.1943e+01  14 9.36189e-01  
 40.9 1.1995e+01  14 9.38895e-01  
 41.0 1.2041e+01  14 9.41279e-01  
 41.1 1.2098e+01  14 9.44281e-01  
 41.2 1.2272e+01  14 9.53296e-01  
 41.3 1.2392e+01  14 9.59508e-01  
 41.4 1.2553e+01  14 9.67755e-01  
 41.5 1.2614e+01  14 9.70898e-01  
 41.6 1.2665e+01  14 9.73529e-01  
 41.7 1.2714e+01  14 9.76039e-01  
 41.8 1.2781e+01  14 9.79444e-01  
 41.9 1.2915e+01  14 9.86302e-01  
 42.0 1.3065e+01  14 9.93904e-01  
 42.1 1.3189e+01  14 1.00000e+00  
 42.2 1.3232e+01  14 1.00000e+00  
 42.3 1.3271e+01  14 1.00000e+00  
 42.4 1.3335e+01  14 1.00000e+00  
 42.5 1.3359e+01  14 1.00000e+00  
 42.6 1.3388e+01  14 1.00000e+00  
 42.7 1.3417e+01  14 1.00000e+00  
 42.8 1.3445e+01  14 1.00000e+00  
 42.9 1.3472e+01  14 1.00000e+00  
 43.0 1.3502e+01  14 1.00000e+00  
 43.1 1.3573e+01  14 1.00000e+00  
 43.2 1.3624e+01  14 1.00000e+00  
 43.3 1.3671e+01  14 1.00000e+00  
 43.4 1.3713e+01  14 1.00000e+00  
 43.5 1.3753e+01  14 1.00000e+00  
 43.6 1.3793e+01  14 1.00000e+00  
 43.7 1.3858e+01  14 1.00000e+00  
 43.8 1.3872e+01  14 1.00000e+00  
 43.9 1.3935e+01  14 1.00000e+00  
 44.0 1.3968e+01  14 1.00000e+00  
 44.1 1.4015e+01  14 1.00000e+00  
 44.2 1.4046e+01  14 1.00000e+00  
 44.3 1.4096e+01  14 1.00000e+00  
 44.4 1.4126e+01  14 1.00000e+00  
 44.5 1.4153e+01  14 1.00000e+00  
 44.6 1.4206e+01  14 1.00000e+00  
 44.7 1.4233e+01  14 1.00000e+00  
 44.8 1.4287e+01  14 1.00000e+00  
 44.9 1.4313e+01  14 1.00000e+00  
 45.0 1.4360e+01  14 1.00000e+00  
 45.1 1.4383e+01  14 1.00000e+00  
 45.2 1.4441e+01  14 1.00000e+00  
 45.3 1.4462e+01  14 1.00000e+00  
 45.4 1.4520e+01  14 1.00000e+00  
 45.5 1.4581e+01  14 1.00000e+00  
 45.6 1.4600e+01  14 1.00000e+00  
 45.7 1.4658e+01  14 1.00000e+00  
 45.8 1.4677e+01  14 1.00000e+00  
 45.9 1.4735e+01  14 1.00000e+00  
 46.0 1.4751e+01  14 1.00000e+00  
 46.1 1.4812e+01  14 1.00000e+00  
 46.2 1.4871e+01  14 1.00000e+00  
 46.3 1.4886e+01  14 1.00000e+00  
 46.4 1.4946e+01  14 1.00000e+00  
 46.5 1.4957e+01  14 1.00000e+00  
 46.6 1.5019e+01  14 1.00000e+00  
 46.7 1.5078e+01  14 1.00000e+00  
 46.8 1.5088e+01  14 1.00000e+00  
 46.9 1.5149e+01  14 1.00000e+00  
 47.0 1.5176e+01  14 1.00000e+00  
 47.1 1.5215e+01  14 1.00000e+00  
 47.2 1.5278e+01  14 1.00000e+00  
 47.3 1.5301e+01  14 1.00000e+00  
 47.4 1.5341e+01  14 1.00000e+00  
 47.5 1.5403e+01  14 1.00000e+00  
 47.6 1.5426e+01  14 1.00000e+00  
 47.7 1.5455e+01  14 1.00000e+00  
 47.8 1.5517e+01  14 1.00000e+00  
 47.9 1.5545e+01  14 1.00000e+00  
 48.0 1.5573e+01  14 1.00000e+00  
 48.1 1.5636e+01  14 1.00000e+00  
 48.2 1.5696e+01  14 1.00000e+00  
 48.3 1.5717e+01  14 1.00000e+00  
 48.4 1.5749e+01  14 1.00000e+00  
 48.5 1.5812e+01  14 1.00000e+00  
 48.6 1.5837e+01  14 1.00000e+00  
 48.7 1.5901e+01  14 1.00000e+00  
 48.8 1.5921e+01  14 1.00000e+00  
 48.9 1.5987e+01  14 1.00000e+00  
 49.0 1.6005e+01  14 1.00000e+00  
 49.1 1.6026e+01  14 1.00000e+00  
 49.2 1.6089e+01  14 1.00000e+00  
 49.3 1.6151e+01  14 1.00000e+00  
 49.4 1.6173e+01  14 1.00000e+00  
 49.5 1.6233e+01  14 1.00000e+00  
 49.6 1.6251e+01  14 1.00000e+00  
 49.7 1.6312e+01  14 1.00000e+00  
 49.8 1.6338e+01  14 1.00000e+00  
 49.9 1.6385e+01  14 1.00000e+00  
 50.0 1.6407e+01  14 1.00000e+00  
 50.1 1.6469e+01  14 1.00000e+00  
 50.2 1.6529e+01  14 1.00000e+00  
 50.3 1.6551e+01  14 1.00000e+00  
 50.4 1.6612e+01  14 1.00000e+00  
 50.5 1.6610e+01  14 1.00000e+00  
 50.6 1.6672e+01  14 1.00000e+00  
 50.7 1.6733e+01  14 1.00000e+00  
 50.8 1.6757e+01  14 1.00000e+00  
 50.9 1.6826e+01  14 1.00000e+00  
 51.0 1.6811e+01  14 1.00000e+00  
 51.1 1.6873e+01  14 1.00000e+00  
 51.2 1.6933e+01  14 1.00000e+00  
 51.3 1.6993e+01  14 1.00000e+00  
 51.4 1.7012e+01  14 1.00000e+00  
 51.5 1.7000e+01  14 1.00000e+00  
 51.6 1.7064e+01  14 1.00000e+00  
 51.7 1.7124e+01  14 1.00000e+00  
 51.8 1.7185e+01  14 1.00000e+00  
 51.9 1.7245e+01  14 1.00000e+00  
 52.0 1.7262e+01  14 1.00000e+00  
 52.1 1.7251e+01  14 1.00000e+00  
 52.2 1.7303e+01  14 1.00000e+00  
 52.3 1.7362e+01  14 1.00000e+00  
 52.4 1.7430e+01  14 1.00000e+00  
 52.5 1.7489e+01  14 1.00000e+00  
 52.6 1.7544e+01  14 1.00000e+00  
 52.7 1.7523e+01  14 1.00000e+00  
 52.8 1.7555e+01  14 1.00000e+00  
 52.9 1.7593e+01  14 1.00000e+00  
 53.0 1.7656e+01  14 1.00000e+00  
 53.1 1.7715e+01  14 1.00000e+00  
 53.2 1.7772e+01  14 1.00000e+00  
 53.3 1.7832e+01  14 1.00000e+00  
 53.4 1.7855e+01  14 1.00000e+00  
 53.5 1.7886e+01  14 1.00000e+00  
 53.6 1.7901e+01  14 1.00000e+00  
 53.7 1.7929e+01  14 1.00000e+00  
 53.8 1.7974e+01  14 1.00000e+00  
 53.9 1.8035e+01  14 1.00000e+00  
 54.0 1.8093e+01  14 1.00000e+00  
 54.1 1.8105e+01  14 1.00000e+00  
 54.2 1.8199e+01  14 1.00000e+00  
 54.3 1.8239e+01  14 1.00000e+00  
 54.4 1.8276e+01  14 1.00000e+00  
 54.5 1.8304e+01  14 1.00000e+00  
 54.6 1.8325e+01  14 1.00000e+00  
 54.7 1.8353e+01  14 1.00000e+00  
 54.8 1.8395e+01  14 1.00000e+00  
 54.9 1.8453e+01  14 1.00000e+00  
 55.0 1.8557e+01  14 1.00000e+00  
 55.1 1.8572e+01  14 1.00000e+00  
 55.2 1.8620e+01  14 1.00000e+00  
 55.3 1.8667e+01  14 1.00000e+00  
 55.4 1.8711e+01  14 1.00000e+00  
 55.5 1.8750e+01  14 1.00000e+00  
 55.6 1.8785e+01  14 1.00000e+00  
 55.7 1.8818e+01  14 1.00000e+00  
 55.8 1.8839e+01  14 1.00000e+00  
 55.9 1.8887e+01  14 1.00000e+00  
 56.0 1.8948e+01  14 1.00000e+00  
 56.1 1.8999e+01  14 1.00000e+00  
 56.2 1.9053e+01  14 1.00000e+00  
 56.3 1.9105e+01  14 1.00000e+00  
 56.4 1.9152e+01  14 1.00000e+00  
 56.5 1.9202e+01  14 1.00000e+00  
 56.6 1.9215e+01  14 1.00000e+00  
 56.7 1.9263e+01  14 1.00000e+00  
 56.8 1.9309e+01  14 1.00000e+00  
 56.9 1.9354e+01  14 1.00000e+00  
 57.0 1.9393e+01  14 1.00000e+00  
 57.1 1.9394e+01  14 1.00000e+00  
 57.2 1.9431e+01  14 1.00000e+00  
 57.3 1.9464e+01  14 1.00000e+00  
 57.4 1.9499e+01  14 1.00000e+00  
 57.5 1.9554e+01  14 1.00000e+00  
 57.6 1.9606e+01  14 1.00000e+00  
 57.7 1.9658e+01  14 1.00000e+00  
 57.8 1.9708e+01  14 1.00000e+00  
 57.9 1.9759e+01  14 1.00000e+00  
 58.0 1.9808e+01  14 1.00000e+00  
 58.1 1.9829e+01  14 1.00000e+00  
 58.2 1.9903e+01  14 1.00000e+00  
 58.3 1.9950e+01  14 1.00000e+00  
 58.4 1.9997e+01  14 1.00000e+00  
 58.5 2.0044e+01  14 1.00000e+00  
 58.6 2.0088e+01  14 1.00000e+00  
 58.7 2.0134e+01  14 1.00000e+00  
 58.8 2.0178e+01  14 1.00000e+00  
 58.9 2.0221e+01  14 1.00000e+00  
 59.0 2.0262e+01  14 1.00000e+00  
 59.1 2.0306e+01  14 1.00000e+00  
 59.2 2.0343e+01  14 1.00000e+00  
 59.3 2.0386e+01  14 1.00000e+00  
 59.4 2.0426e+01  14 1.00000e+00  
 59.5 2.0466e+01  14 1.00000e+00  
 59.6 2.0506e+01  14 1.00000e+00  
 59.7 2.0557e+01  14 1.00000e+00  
 59.8 2.0583e+01  14 1.00000e+00  
 59.9 2.0596e+01  14 1.00000e+00  
 60.0 2.0634e+01  14 1.00000e+00  
 60.1 2.0670e+01  14 1.00000e+00  
 60.2 2.0708e+01  14 1.00000e+00  
 60.3 2.0750e+01  14 1.00000e+00  
 60.4 2.0797e+01  14 1.00000e+00  
 60.5 2.0844e+01  14 1.00000e+00  
 60.6 2.0891e+01  14 1.00000e+00  
 60.7 2.0940e+01  14 1.00000e+00  
 60.8 2.0984e+01  14 1.00000e+00  
 60.9 2.1035e+01  14 1.00000e+00  
 61.0 2.1083e+01  14 1.00000e+00  
 61.1 2.1127e+01  14 1.00000e+00  
 61.2 2.1176e+01  14 1.00000e+00  
 61.3 2.1224e+01  14 1.00000e+00  
 61.4 2.1268e+01  14 1.00000e+00  
 61.5 2.1301e+01  14 1.00000e+00  
 61.6 2.1322e+01  14 1.00000e+00  
 61.7 2.1432e+01  14 1.00000e+00  
 61.8 2.1491e+01  14 1.00000e+00  
 61.9 2.1523e+01  14 1.00000e+00  
 62.0 2.1561e+01  14 1.00000e+00  
 62.1 2.1605e+01  14 1.00000e+00  
 62.2 2.1651e+01  14 1.00000e+00  
 62.3 2.1700e+01  14 1.00000e+00  
 62.4 2.1743e+01  14 1.00000e+00  
 62.5 2.1787e+01  14 1.00000e+00  
 62.6 2.1830e+01  14 1.00000e+00  
 62.7 2.1873e+01  14 1.00000e+00  
 62.8 2.1912e+01  14 1.00000e+00  
 62.9 2.1962e+01  14 1.00000e+00  
 63.0 2.2004e+01  14 1.00000e+00  
 63.1 2.2036e+01  14 1.00000e+00  
 63.2 2.2086e+01  14 1.00000e+00  
 63.3 2.2126e+01  14 1.00000e+00  
 63.4 2.2146e+01  14 1.00000e+00  
 63.5 2.2232e+01  14 1.00000e+00  
 63.6 2.2273e+01  14 1.00000e+00  
 63.7 2.2314e+01  14 1.00000e+00  
 63.8 2.2347e+01  14 1.00000e+00  
 63.9 2.2391e+01  14 1.00000e+00  
 64.0 2.2437e+01  14 1.00000e+00  
 64.1 2.2471e+01  14 1.00000e+00  
 64.2 2.2519e+01  14 1.00000e+00  
 64.3 2.2562e+01  14 1.00000e+00  
 64.4 2.2586e+01  14 1.00000e+00  
 64.5 2.2639e+01  14 1.00000e+00  
 64.6 2.2707e+01  14 1.00000e+00  
 64.7 2.2737e+01  14 1.00000e+00  
 64.8 2.2780e+01  14 1.00000e+00  
 64.9 2.2822e+01  14 1.00000e+00  
 65.0 2.2863e+01  14 1.00000e+00  
 65.1 2.2896e+01  14 1.00000e+00  
 65.2 2.2937e+01  14 1.00000e+00  
 65.3 2.2967e+01  14 1.00000e+00  
 65.4 2.3031e+01  14 1.00000e+00  
 65.5 2.3075e+01  14 1.00000e+00  
 65.6 2.3125e+01  14 1.00000e+00  
 65.7 2.3182e+01  14 1.00000e+00  
 65.8 2.3239e+01  14 1.00000e+00  
 65.9 2.3311e+01  14 1.00000e+00  
 66.0 2.3364e+01  14 1.00000e+00  
 66.1 2.3423e+01  14 1.00000e+00  
 66.2 2.3379e+01  14 1.00000e+00  
 66.3 2.3431e+01  14 1.00000e+00  
 66.4 2.3482e+01  14 1.00000e+00  
 66.5 2.3529e+01  14 1.00000e+00  
 66.6 2.3586e+01  14 1.00000e+00  
 66.7 2.3641e+01  14 1.00000e+00  
 66.8 2.3686e+01  14 1.00000e+00  
 66.9 2.3736e+01  14 1.00000e+00  
 67.0 2.3800e+01  14 1.00000e+00  
 67.1 2.3850e+01  14 1.00000e+00  
 67.2 2.3904e+01  14 1.00000e+00  
 67.3 2.3935e+01  14 1.00000e+00  
 67.4 2.3993e+01  14 1.00000e+00  
 67.5 2.4037e+01  14 1.00000e+00  
 67.6 2.4087e+01  14 1.00000e+00  
 67.7 2.4133e+01  14 1.00000e+00  
 67.8 2.4155e+01  14 1.00000e+00  
 67.9 2.4224e+01  14 1.00000e+00  
 68.0 2.4250e+01  14 1.00000e+00  
 68.1 2.4312e+01  14 1.00000e+00  
 68.2 2.4351e+01  14 1.00000e+00  
 68.3 2.4398e+01  14 1.00000e+00  
 68.4 2.4429e+01  14 1.00000e+00  
 68.5 2.4478e+01  14 1.00000e+00  
 68.6 2.4520e+01  14 1.00000e+00  
 68.7 2.4606e+01  14 1.00000e+00  
 68.8 2.4650e+01  14 1.00000e+00  
 68.9 2.4686e+01  14 1.00000e+00  
 69.0 2.4726e+01  14 1.00000e+00  
 69.1 2.4757e+01  14 1.00000e+00  
 69.2 2.4802e+01  14 1.00000e+00  
 69.3 2.4831e+01  14 1.00000e+00  
 69.4 2.4879e+01  14 1.00000e+00  
 69.5 2.4912e+01  14 1.00000e+00  
 69.6 2.4939e+01  14 1.00000e+00  
 69.7 2.4991e+01  14 1.00000e+00  
 69.8 2.5015e+01  14 1.00000e+00  
 69.9 2.5057e+01  14 1.00000e+00  
 70.0 2.5097e+01  14 1.00000e+00  
 70.1 2.5126e+01  14 1.00000e+00  
 70.2 2.5184e+01  14 1.00000e+00  
 70.3 2.5310e+01  14 1.00000e+00  
 70.4 2.5285e+01  14 1.00000e+00  
 70.5 2.5348e+01  14 1.00000e+00  
 70.6 2.5403e+01  14 1.00000e+00  
 70.7 2.5455e+01  14 1.00000e+00  
 70.8 2.5516e+01  14 1.00000e+00  
 70.9 2.5553e+01  14 1.00000e+00  
 71.0 2.5636e+01  14 1.00000e+00  
 71.1 2.5686e+01  14 1.00000e+00  
 71.2 2.5732e+01  14 1.00000e+00  
 71.3 2.5785e+01  14 1.00000e+00  
 71.4 2.5824e+01  14 1.00000e+00  
 71.5 2.5844e+01  14 1.00000e+00  
 71.6 2.5917e+01  14 1.00000e+00  
 71.7 2.5967e+01  14 1.00000e+00  
 71.8 2.5991e+01  14 1.00000e+00  
 71.9 2.6035e+01  14 1.00000e+00  
 72.0 2.6106e+01  14 1.00000e+00  
 72.1 2.6147e+01  14 1.00000e+00  
 72.2 2.6214e+01  14 1.00000e+00  
 72.3 2.6256e+01  14 1.00000e+00  
 72.4 2.6283e+01  14 1.00000e+00  
 72.5 2.6331e+01  14 1.00000e+00  
 72.6 2.6356e+01  14 1.00000e+00  
 72.7 2.6427e+01  14 1.00000e+00  
 72.8 2.6428e+01  14 1.00000e+00  
 72.9 2.6439e+01  14 1.00000e+00  
 73.0 2.6485e+01  14 1.00000e+00  
 73.1 2.6567e+01  14 1.00000e+00  
 73.2 2.6580e+01  14 1.00000e+00  
 73.3 2.6606e+01  14 1.00000e+00  
 73.4 2.6636e+01  14 1.00000e+00  
 73.5 2.6714e+01  14 1.00000e+00  
 73.6 2.6777e+01  14 1.00000e+00  
 73.7 2.6839e+01  14 1.00000e+00  
 73.8 2.6897e+01  14 1.00000e+00  
 73.9 2.6951e+01  14 1.00000e+00  
 74.0 2.6998e+01  14 1.00000e+00  
 74.1 2.7056e+01  14 1.00000e+00  
 74.2 2.7120e+01  14 1.00000e+00  
 74.3 2.7171e+01  14 1.00000e+00  
 74.4 2.7227e+01  14 1.00000e+00  
 74.5 2.7277e+01  14 1.00000e+00  
 74.6 2.7324e+01  14 1.00000e+00  
 74.7 2.7365e+01  14 1.00000e+00  
 74.8 2.7397e+01  14 1.00000e+00  
 74.9 2.7448e+01  14 1.00000e+00  
 75.0 2.7494e+01  14 1.00000e+00  
 75.1 2.7534e+01  14 1.00000e+00  
 75.2 2.7570e+01  14 1.00000e+00  
 75.3 2.7675e+01  14 1.00000e+00  
 75.4 2.7706e+01  14 1.00000e+00  
 75.5 2.7692e+01  14 1.00000e+00  
 75.6 2.7718e+01  14 1.00000e+00  
 75.7 2.7816e+01  14 1.00000e+00  
 75.8 2.7840e+01  14 1.00000e+00  
 75.9 2.7888e+01  14 1.00000e+00  
 76.0 2.7922e+01  14 1.00000e+00  
 76.1 2.7927e+01  14 1.00000e+00  
 76.2 2.7958e+01  14 1.00000e+00  
 76.3 2.7985e+01  14 1.00000e+00  
 76.4 2.8049e+01  14 1.00000e+00  
 76.5 2.8119e+01  14 1.00000e+00  
 76.6 2.8180e+01  14 1.00000e+00  
 76.7 2.8244e+01  14 1.00000e+00  
 76.8 2.8365e+01  14 1.00000e+00  
 76.9 2.8375e+01  14 1.00000e+00  
 77.0 2.8433e+01  14 1.00000e+00  
 77.1 2.8385e+01  14 1.00000e+00  
 77.2 2.8548e+01  14 1.00000e+00  
 77.3 2.8595e+01  14 1.00000e+00  
 77.4 2.8660e+01  14 1.00000e+00  
 77.5 2.8573e+01  14 1.00000e+00  
 77.6 2.8736e+01  14 1.00000e+00  
 77.7 2.8805e+01  14 1.00000e+00  
 77.8 2.8847e+01  14 1.00000e+00  
 77.9 2.8893e+01  14 1.00000e+00  
 78.0 2.8890e+01  14 1.00000e+00  
 78.1 2.8970e+01  14 1.00000e+00  
 78.2 2.9021e+01  14 1.00000e+00  
 78.3 2.9118e+01  14 1.00000e+00  
 78.4 2.9139e+01  14 1.00000e+00  
 78.5 2.9187e+01  14 1.00000e+00  
 78.6 2.9209e+01  14 1.00000e+00  
 78.7 2.9227e+01  14 1.00000e+00  
 78.8 2.9285e+01  14 1.00000e+00  
 78.9 2.9249e+01  14 1.00000e+00  
 79.0 2.9339e+01  14 1.00000e+00  
 79.1 2.9378e+01  14 1.00000e+00  
 79.2 2.9421e+01  14 1.00000e+00  
 79.3 2.9468e+01  14 1.00000e+00  
 79.4 2.9583e+01  14 1.00000e+00  
 79.5 2.9517e+01  14 1.00000e+00  
 79.6 2.9587e+01  14 1.00000e+00  
 79.7 2.9644e+01  14 1.00000e+00  
 79.8 2.9793e+01  14 1.00000e+00  
 79.9 2.9794e+01  14 1.00000e+00  
 80.0 2.9860e+01  14 1.00000e+00  
 80.1 2.9899e+01  14 1.00000e+00  
 80.2 2.9992e+01  14 1.00000e+00  
 80.3 3.0049e+01  14 1.00000e+00  
 80.4 3.0064e+01  14 1.00000e+00  
 80.5 3.0144e+01  14 1.00000e+00  
 80.6 3.0176e+01  14 1.00000e+00  
 80.7 3.0221e+01  14 1.00000e+00  
 80.8 3.0292e+01  14 1.00000e+00  
 80.9 3.0339e+01  14 1.00000e+00  
 81.0 3.0370e+01  14 1.00000e+00  
 81.1 3.0426e+01  14 1.00000e+00  
 81.2 3.0466e+01  14 1.00000e+00  
 81.3 3.0488e+01  14 1.00000e+00  
 81.4 3.0583e+01  14 1.00000e+00  
 81.5 3.0613e+01  14 1.00000e+00  
 81.6 3.0610e+01  14 1.00000e+00  
 81.7 3.0604e+01  14 1.00000e+00  
 81.8 3.0777e+01  14 1.00000e+00  
 81.9 3.0807e+01  14 1.00000e+00  
 82.0 3.0839e+01  14 1.00000e+00  
 82.1 3.0869e+01  14 1.00000e+00  
 82.2 3.0906e+01  14 1.00000e+00  
 82.3 3.0949e+01  14 1.00000e+00  
 82.4 3.0987e+01  14 1.00000e+00  
 82.5 3.1002e+01  14 1.00000e+00  
 82.6 3.1048e+01  14 1.00000e+00  
 82.7 3.1078e+01  14 1.00000e+00  
 82.8 3.1092e+01  14 1.00000e+00  
 82.9 3.1153e+01  14 1.00000e+00  
 83.0 3.1238e+01  14 1.00000e+00  
 83.1 3.1298e+01  14 1.00000e+00  
 83.2 3.1348e+01  14 1.00000e+00  
 83.3 3.1435e+01  14 1.00000e+00  
 83.4 3.1490e+01  14 1.00000e+00  
 83.5 3.1543e+01  14 1.00000e+00  
 83.6 3.1602e+01  14 1.00000e+00  
 83.7 3.1679e+01  14 1.00000e+00  
 83.8 3.1724e+01  14 1.00000e+00  
 83.9 3.1786e+01  14 1.00000e+00  
 84.0 3.1837e+01  14 1.00000e+00  
 84.1 3.1869e+01  14 1.00000e+00  
 84.2 3.1936e+01  14 1.00000e+00  
 84.3 3.1984e+01  14 1.00000e+00  
 84.4 3.2023e+01  14 1.00000e+00  
 84.5 3.2074e+01  14 1.00000e+00  
 84.6 3.2112e+01  14 1.00000e+00  
 84.7 3.2161e+01  14 1.00000e+00  
 84.8 3.2175e+01  14 1.00000e+00  
 84.9 3.2304e+01  14 1.00000e+00  
 85.0 3.2346e+01  14 1.00000e+00  
 85.1 3.2370e+01  14 1.00000e+00  
 85.2 3.2430e+01  14 1.00000e+00  
 85.3 3.2468e+01  14 1.00000e+00  
 85.4 3.2506e+01  14 1.00000e+00  
 85.5 3.2543e+01  14 1.00000e+00  
 85.6 3.2581e+01  14 1.00000e+00  
 85.7 3.2616e+01  14 1.00000e+00  
 85.8 3.2636e+01  14 1.00000e+00  
 85.9 3.2690e+01  14 1.00000e+00  
 86.0 3.2702e+01  14 1.00000e+00  
 86.1 3.2759e+01  14 1.00000e+00  
 86.2 3.2790e+01  14 1.00000e+00  
 86.3 3.2815e+01  14 1.00000e+00  
 86.4 3.2836e+01  14 1.00000e+00  
 86.5 3.2892e+01  14 1.00000e+00  
 86.6 3.2986e+01  14 1.00000e+00  
 86.7 3.3060e+01  14 1.00000e+00  
 86.8 3.3126e+01  14 1.00000e+00  
 86.9 3.3173e+01  14 1.00000e+00  
 87.0 3.3255e+01  14 1.00000e+00  
 87.1 3.3294e+01  14 1.00000e+00  
 87.2 3.3370e+01  14 1.00000e+00  
 87.3 3.3425e+01  14 1.00000e+00  
 87.4 3.3501e+01  14 1.00000e+00  
 87.5 3.3552e+01  14 1.00000e+00  
 87.6 3.3611e+01  14 1.00000e+00  
 87.7 3.3662e+01  14 1.00000e+00  
 87.8 3.3712e+01  14 1.00000e+00  
 87.9 3.3762e+01  14 1.00000e+00  
 88.0 3.3808e+01  14 1.00000e+00  
 88.1 3.3838e+01  14 1.00000e+00  
 88.2 3.3901e+01  14 1.00000e+00  
 88.3 3.3940e+01  14 1.00000e+00  
 88.4 3.3988e+01  14 1.00000e+00  
 88.5 3.4018e+01  14 1.00000e+00  
 88.6 3.4072e+01  14 1.00000e+00  
 88.7 3.4191e+01  14 1.00000e+00  
 88.8 3.4223e+01  14 1.00000e+00  
 88.9 3.4268e+01  14 1.00000e+00  
 89.0 3.4309e+01  14 1.00000e+00  
 89.1 3.4350e+01  14 1.00000e+00  
 89.2 3.4389e+01  14 1.00000e+00  
 89.3 3.4427e+01  14 1.00000e+00  
 89.4 3.4442e+01  14 1.00000e+00  
 89.5 3.4502e+01  14 1.00000e+00  
 89.6 3.4539e+01  14 1.00000e+00  
 89.7 3.4576e+01  14 1.00000e+00  
 89.8 3.4586e+01  14 1.00000e+00  
 89.9 3.4648e+01  14 1.00000e+00  
 90.0 3.4681e+01  14 1.00000e+00  
 90.1 3.4709e+01  14 1.00000e+00  
 90.2 3.4732e+01  14 1.00000e+00  
 90.3 3.4755e+01  14 1.00000e+00  
 90.4 3.4803e+01  14 1.00000e+00  
 90.5 3.4895e+01  14 1.00000e+00  
 90.6 3.4980e+01  14 1.00000e+00  
 90.7 3.5052e+01  14 1.00000e+00  
 90.8 3.5106e+01  14 1.00000e+00  
 90.9 3.5184e+01  14 1.00000e+00  
 91.0 3.5219e+01  14 1.00000e+00  
 91.1 3.5303e+01  14 1.00000e+00  
 91.2 3.5361e+01  14 1.00000e+00  
 91.3 3.5402e+01  14 1.00000e+00  
 91.4 3.5472e+01  14 1.00000e+00  
 91.5 3.5532e+01  14 1.00000e+00  
 91.6 3.5605e+01  14 1.00000e+00  
 91.7 3.5659e+01  14 1.00000e+00  
 91.8 3.5705e+01  14 1.00000e+00  
 91.9 3.5736e+01  14 1.00000e+00  
 92.0 3.5793e+01  14 1.00000e+00  
 92.1 3.5839e+01  14 1.00000e+00  
 92.2 3.5907e+01  14 1.00000e+00  
 92.3 3.5959e+01  14 1.00000e+00  
 92.4 3.6006e+01  14 1.00000e+00  
 92.5 3.6042e+01  14 1.00000e+00  
 92.6 3.6096e+01  14 1.00000e+00  
 92.7 3.6142e+01  14 1.00000e+00  
 92.8 3.6162e+01  14 1.00000e+00  
 92.9 3.6228e+01  14 1.00000e+00  
 93.0 3.6357e+01  14 1.00000e+00  
 93.1 3.6396e+01  14 1.00000e+00  
 93.2 3.6438e+01  14 1.00000e+00  
 93.3 3.6466e+01  14 1.00000e+00  
 93.4 3.6513e+01  14 1.00000e+00  
 93.5 3.6562e+01  14 1.00000e+00  
 93.6 3.6600e+01  14 1.00000e+00  
 93.7 3.6633e+01  14 1.00000e+00  
 93.8 3.6683e+01  14 1.00000e+00  
 93.9 3.6696e+01  14 1.00000e+00  
 94.0 3.6763e+01  14 1.00000e+00  
 94.1 3.6779e+01  14 1.00000e+00  
 94.2 3.6842e+01  14 1.00000e+00  
 94.3 3.6876e+01  14 1.00000e+00  
 94.4 3.6892e+01  14 1.00000e+00  
 94.5 3.6956e+01  14 1.00000e+00  
 94.6 3.6993e+01  14 1.00000e+00  
 94.7 3.7026e+01  14 1.00000e+00  
 94.8 3.7055e+01  14 1.00000e+00  
 94.9 3.7082e+01  14 1.00000e+00  
 95.0 3.7118e+01  14 1.00000e+00  
 95.1 3.7215e+01  14 1.00000e+00  
 95.2 3.7299e+01  14 1.00000e+00  
 95.3 3.7366e+01  14 1.00000e+00  
 95.4 3.7438e+01  14 1.00000e+00  
 95.5 3.7507e+01  14 1.00000e+00  
 95.6 3.7564e+01  14 1.00000e+00  
 95.7 3.7633e+01  14 1.00000e+00  
 95.8 3.7677e+01  14 1.00000e+00  
 95.9 3.7753e+01  14 1.00000e+00  
 96.0 3.7808e+01  14 1.00000e+00  
 96.1 3.7847e+01  14 1.00000e+00  
 96.2 3.7916e+01  14 1.00000e+00  
 96.3 3.7984e+01  14 1.00000e+00  
 96.4 3.8042e+01  14 1.00000e+00  
 96.5 3.8106e+01  14 1.00000e+00  
 96.6 3.8161e+01  14 1.00000e+00  
 96.7 3.8213e+01  14 1.00000e+00  
 96.8 3.8265e+01  14 1.00000e+00  
 96.9 3.8316e+01  14 1.00000e+00  
 97.0 3.8364e+01  14 1.00000e+00  
 97.1 3.8404e+01  14 1.00000e+00  
 97.2 3.8458e+01  14 1.00000e+00  
 97.3 3.8508e+01  14 1.00000e+00  
 97.4 3.8550e+01  14 1.00000e+00  
 97.5 3.8592e+01  14 1.00000e+00  
 97.6 3.8647e+01  14 1.00000e+00  
 97.7 3.8670e+01  14 1.00000e+00  
 97.8 3.8734e+01  14 1.00000e+00  
 97.9 3.8865e+01  14 1.00000e+00  
 98.0 3.8903e+01  14 1.00000e+00  
 98.1 3.8931e+01  14 1.00000e+00  
 98.2 3.8989e+01  14 1.00000e+00  
 98.3 3.9029e+01  14 1.00000e+00  
 98.4 3.9067e+01  14 1.00000e+00  
 98.5 3.9116e+01  14 1.00000e+00  
 98.6 3.9131e+01  14 1.00000e+00  
 98.7 3.9200e+01  14 1.00000e+00  
 98.8 3.9218e+01  14 1.00000e+00  
 98.9 3.9282e+01  14 1.00000e+00  
 99.0 3.9299e+01  14 1.00000e+00  
 99.1 3.9364e+01  14 1.00000e+00  
 99.2 3.9401e+01  14 1.00000e+00  
 99.3 3.9418e+01  14 1.00000e+00  
 99.4 3.9482e+01  14 1.00000e+00  
 99.5 3.9522e+01  14 1.00000e+00  
 99.6 3.9581e+01  14 1.00000e+00  
 99.7 3.9610e+01  14 1.00000e+00  
 99.8 3.9663e+01  14 1.00000e+00  
 99.9 3.9756e+01  14 1.00000e+00  
100.0 3.9834e+01  14 1.00000e+00  
100.1 3.9898e+01  14 1.00000e+00  
100.2 3.9979e+01  14 1.00000e+00  
100.3 4.0032e+01  14 1.00000e+00  
100.4 4.0113e+01  14 1.00000e+00  
100.5 4.0160e+01  14 1.00000e+00  
100.6 4.0239e+01  14 1.00000e+00  
100.7 4.0275e+01  14 1.00000e+00  
100.8 4.0357e+01  14 1.00000e+00  
100.9 4.0419e+01  14 1.00000e+00  
101.0 4.0474e+01  14 1.00000e+00  
101.1 4.0504e+01  14 1.00000e+00  
101.2 4.0573e+01  14 1.00000e+00  
101.3 4.0666e+01  14 1.00000e+00  
101.4 4.0720e+01  14 1.00000e+00  
101.5 4.0774e+01  14 1.00000e+00  
101.6 4.0821e+01  14 1.00000e+00  
101.7 4.0878e+01  14 1.00000e+00  
101.8 4.0934e+01  14 1.00000e+00  
101.9 4.0988e+01  14 1.00000e+00  
102.0 4.1040e+01  14 1.00000e+00  
102.1 4.1091e+01  14 1.00000e+00  
102.2 4.1131e+01  14 1.00000e+00  
102.3 4.1176e+01  14 1.00000e+00  
102.4 4.1235e+01  14 1.00000e+00  
102.5 4.1270e+01  14 1.00000e+00  
102.6 4.1329e+01  14 1.00000e+00  
102.7 4.1375e+01  14 1.00000e+00  
102.8 4.1410e+01  14 1.00000e+00  
102.9 4.1451e+01  14 1.00000e+00  
103.0 4.1555e+01  14 1.00000e+00  
103.1 4.1619e+01  14 1.00000e+00  
103.2 4.1666e+01  14 1.00000e+00  
103.3 4.1697e+01  14 1.00000e+00  
103.4 4.1755e+01  14 1.00000e+00  
103.5 4.1774e+01  14 1.00000e+00  
103.6 4.1843e+01  14 1.00000e+00  
103.7 4.1884e+01  14 1.00000e+00  
103.8 4.1929e+01  14 1.00000e+00  
103.9 4.1971e+01  14 1.00000e+00  
104.0 4.2017e+01  14 1.00000e+00  
104.1 4.2032e+01  14 1.00000e+00  
104.2 4.2102e+01  14 1.00000e+00  
104.3 4.2142e+01  14 1.00000e+00  
104.4 4.2164e+01  14 1.00000e+00  
104.5 4.2224e+01  14 1.00000e+00  
104.6 4.2267e+01  14 1.00000e+00  
104.7 4.2306e+01  14 1.00000e+00  
104.8 4.2341e+01  14 1.00000e+00  
104.9 4.2386e+01  14 1.00000e+00  
105.0 4.2478e+01  14 1.00000e+00  
105.1 4.2546e+01  14 1.00000e+00  
105.2 4.2630e+01  14 1.00000e+00  
105.3 4.2703e+01  14 1.00000e+00  
105.4 4.2772e+01  14 1.00000e+00  
105.5 4.2841e+01  14 1.00000e+00  
105.6 4.2907e+01  14 1.00000e+00  
105.7 4.2972e+01  14 1.00000e+00  
105.8 4.3030e+01  14 1.00000e+00  
105.9 4.3100e+01  14 1.00000e+00  
106.0 4.3139e+01  14 1.00000e+00  
106.1 4.3213e+01  14 1.00000e+00  
106.2 4.3280e+01  14 1.00000e+00  
106.3 4.3338e+01  14 1.00000e+00  
106.4 4.3394e+01  14 1.00000e+00  
106.5 4.3450e+01  14 1.00000e+00  
106.6 4.3508e+01  14 1.00000e+00  
106.7 4.3576e+01  14 1.00000e+00  
106.8 4.3636e+01  14 1.00000e+00  
106.9 4.3693e+01  14 1.00000e+00  
107.0 4.3745e+01  14 1.00000e+00  
107.1 4.3792e+01  14 1.00000e+00  
107.2 4.3831e+01  14 1.00000e+00  
107.3 4.3908e+01  14 1.00000e+00  
107.4 4.3964e+01  14 1.00000e+00  
107.5 4.4015e+01  14 1.00000e+00  
107.6 4.4063e+01  14 1.00000e+00  
107.7 4.4087e+01  14 1.00000e+00  
107.8 4.4168e+01  14 1.00000e+00  
107.9 4.4205e+01  14 1.00000e+00  
108.0 4.4259e+01  14 1.00000e+00  
108.1 4.4308e+01  14 1.00000e+00  
108.2 4.4328e+01  14 1.00000e+00  
108.3 4.4404e+01  14 1.00000e+00  
108.4 4.4532e+01  14 1.00000e+00  
108.5 4.4574e+01  14 1.00000e+00  
108.6 4.4622e+01  14 1.00000e+00  
108.7 4.4668e+01  14 1.00000e+00  
108.8 4.4710e+01  14 1.00000e+00  
108.9 4.4761e+01  14 1.00000e+00  
109.0 4.4799e+01  14 1.00000e+00  
109.1 4.4852e+01  14 1.00000e+00  
109.2 4.4892e+01  14 1.00000e+00  
109.3 4.4941e+01  14 1.00000e+00  
109.4 4.4988e+01  14 1.00000e+00  
109.5 4.5005e+01  14 1.00000e+00  
109.6 4.5077e+01  14 1.00000e+00  
109.7 4.5121e+01  14 1.00000e+00  
109.8 4.5149e+01  14 1.00000e+00  
109.9 4.5201e+01  14 1.00000e+00  
110.0 4.5250e+01  14 1.00000e+00  
110.1 4.5293e+01  14 1.00000e+00  
110.2 4.5331e+01  14 1.00000e+00  
110.3 4.5409e+01  14 1.00000e+00  
110.4 4.5476e+01  14 1.00000e+00  
110.5 4.5567e+01  14 1.00000e+00  
110.6 4.5642e+01  14 1.00000e+00  
110.7 4.5715e+01  14 1.00000e+00  
110.8 4.5786e+01  14 1.00000e+00  
110.9 4.5857e+01  14 1.00000e+00  
111.0 4.5923e+01  14 1.00000e+00  
111.1 4.5989e+01  14 1.00000e+00  
111.2 4.6057e+01  14 1.00000e+00  
111.3 4.6096e+01  14 1.00000e+00  
111.4 4.6183e+01  14 1.00000e+00  
111.5 4.6246e+01  14 1.00000e+00  
111.6 4.6285e+01  14 1.00000e+00  
111.7 4.6349e+01  14 1.00000e+00  
111.8 4.6420e+01  14 1.00000e+00  
111.9 4.6491e+01  14 1.00000e+00  
112.0 4.6535e+01  14 1.00000e+00  
112.1 4.6578e+01  14 1.00000e+00  
112.2 4.6600e+01  14 1.00000e+00  
112.3 4.6665e+01  14 1.00000e+00  
112.4 4.6709e+01  14 1.00000e+00  
112.5 4.6752e+01  14 1.00000e+00  
112.6 4.6796e+01  14 1.00000e+00  
112.7 4.6839e+01  14 1.00000e+00  
112.8 4.6883e+01  14 1.00000e+00  
112.9 4.6929e+01  14 1.00000e+00  
113.0 4.6975e+01  14 1.00000e+00  
113.1 4.7021e+01  14 1.00000e+00  
113.2 4.7067e+01  14 1.00000e+00  
113.3 4.7113e+01  14 1.00000e+00  
113.4 4.7158e+01  14 1.00000e+00  
113.5 4.7203e+01  14 1.00000e+00  
113.6 4.7248e+01  14 1.00000e+00  
113.7 4.7292e+01  14 1.00000e+00  
113.8 4.7336e+01  14 1.00000e+00  
113.9 4.7381e+01  14 1.00000e+00  
114.0 4.7424e+01  14 1.00000e+00  
114.1 4.7468e+01  14 1.00000e+00  
114.2 4.7518e+01  14 1.00000e+00  
114.3 4.7562e+01  14 1.00000e+00  
114.4 4.7605e+01  14 1.00000e+00  
114.5 4.7649e+01  14 1.00000e+00  
114.6 4.7691e+01  14 1.00000e+00  
114.7 4.7737e+01  14 1.00000e+00  
114.8 4.7780e+01  14 1.00000e+00  
114.9 4.7825e+01  14 1.00000e+00  
115.0 4.7868e+01  14 1.00000e+00  
115.1 4.7913e+01  14 1.00000e+00  
115.2 4.7956e+01  14 1.00000e+00  
115.3 4.7999e+01  14 1.00000e+00  
115.4 4.8044e+01  14 1.00000e+00  
115.5 4.8087e+01  14 1.00000e+00  
115.6 4.8130e+01  14 1.00000e+00  
115.7 4.8175e+01  14 1.00000e+00  
115.8 4.8218e+01  14 1.00000e+00  
115.9 4.8261e+01  14 1.00000e+00  
116.0 4.8306e+01  14 1.00000e+00  
116.1 4.8349e+01  14 1.00000e+00  
116.2 4.8392e+01  14 1.00000e+00  
116.3 4.8437e+01  14 1.00000e+00  
116.4 4.8480e+01  14 1.00000e+00  
116.5 4.8524e+01  14 1.00000e+00  
116.6 4.8567e+01  14 1.00000e+00  
116.7 4.8612e+01  14 1.00000e+00  
116.8 4.8655e+01  14 1.00000e+00  
116.9 4.8699e+01  14 1.00000e+00  
117.0 4.8743e+01  14 1.00000e+00  
117.1 4.8787e+01  14 1.00000e+00  
117.2 4.8831e+01  14 1.00000e+00  
117.3 4.8875e+01  14 1.00000e+00  
117.4 4.8918e+01  14 1.00000e+00  
117.5 4.8962e+01  14 1.00000e+00  
117.6 4.9006e+01  14 1.00000e+00  
117.7 4.9050e+01  14 1.00000e+00  
117.8 4.9094e+01  14 1.00000e+00  
117.9 4.9138e+01  14 1.00000e+00  
118.0 4.9182e+01  14 1.00000e+00  
118.1 4.9226e+01  14 1.00000e+00  
118.2 4.9271e+01  14 1.00000e+00  
118.3 4.9315e+01  14 1.00000e+00  
118.4 4.9360e+01  14 1.00000e+00  
118.5 4.9404e+01  14 1.00000e+00  
118.6 4.9449e+01  14 1.00000e+00  
118.7 4.9495e+01  14 1.00000e+00  
118.8 4.9540e+01  14 1.00000e+00  
118.9 4.9586e+01  14 1.00000e+00  
119.0 4.9632e+01  14 1.00000e+00  
119.1 4.9679e+01  14 1.00000e+00  
119.2 4.9727e+01  14 1.00000e+00  
119.3 4.9780e+01  14 1.00000e+00  
119.4 4.9837e+01  14 1.00000e+00  
119.5 4.9907e+01  14 1.00000e+00  
119.6 5.0008e+01  14 1.00000e+00  
119.7 5.0081e+01  14 1.00000e+00  
119.8 5.0160e+01  14 1.00000e+00  
119.9 5.0238e+01  14 1.00000e+00  
120.0 5.0317e+01  14 1.00000e+00  
120.1 5.0395e+01  14 1.00000e+00  
120.2 5.0473e+01  14 1.00000e+00  
120.3 5.0552e+01  14 1.00000e+00  
120.4 5.0630e+01  14 1.00000e+00  
120.5 5.0708e+01  14 1.00000e+00  
120.6 5.0786e+01  14 1.00000e+00  
120.7 5.0865e+01  14 1.00000e+00  
120.8 5.0943e+01  14 1.00000e+00  
120.9 5.1021e+01  14 1.00000e+00  
121.0 5.1099e+01  14 1.00000e+00  
121.1 5.1177e+01  14 1.00000e+00  
121.2 5.1255e+01  14 1.00000e+00  
121.3 5.1197e+01  14 1.00000e+00  
121.4 5.1244e+01  14 1.00000e+00  
121.5 5.1292e+01  14 1.00000e+00  
121.6 5.1339e+01  14 1.00000e+00  
121.7 5.1386e+01  14 1.00000e+00  
121.8 5.1433e+01  14 1.00000e+00  
121.9 5.1480e+01  14 1.00000e+00  
122.0 5.1527e+01  14 1.00000e+00  
122.1 5.1574e+01  14 1.00000e+00  
122.2 5.1621e+01  14 1.00000e+00  
122.3 5.1668e+01  14 1.00000e+00  
122.4 5.1716e+01  14 1.00000e+00  
122.5 5.1763e+01  14 1.00000e+00  
122.6 5.1809e+01  14 1.00000e+00  
122.7 5.1857e+01  14 1.00000e+00  
122.8 4.2142e+01  14 1.00000e+00  
122.9 4.2162e+01  14 1.00000e+00  
123.0 4.2201e+01  14 1.00000e+00  
123.1 4.2247e+01  14 1.00000e+00  
123.2 4.2282e+01  14 1.00000e+00  
123.3 4.2314e+01  14 1.00000e+00  
123.4 4.1847e+01  14 1.00000e+00  
123.5 4.1908e+01  14 1.00000e+00  
123.6 4.1934e+01  14 1.00000e+00  
123.7 4.1979e+01  14 1.00000e+00  
123.8 4.2016e+01  14 1.00000e+00  
123.9 4.2033e+01  14 1.00000e+00  
124.0 4.2086e+01  14 1.00000e+00  
124.1 4.2122e+01  14 1.00000e+00  
124.2 4.2152e+01  14 1.00000e+00  
124.3 4.2165e+01  14 1.00000e+00  
124.4 4.2224e+01  14 1.00000e+00  
124.5 4.2261e+01  14 1.00000e+00  
124.6 4.2294e+01  14 1.00000e+00  
124.7 4.2325e+01  14 1.00000e+00  
124.8 4.2353e+01  14 1.00000e+00  
124.9 4.2405e+01  14 1.00000e+00  
125.0 4.1933e+01  14 1.00000e+00  
125.1 4.1991e+01  14 1.00000e+00  
125.2 4.2025e+01  14 1.00000e+00  
125.3 4.2031e+01  14 1.00000e+00  
125.4 4.2097e+01  14 1.00000e+00  
125.5 5.3220e+01  14 1.00000e+00  
125.6 5.3268e+01  14 1.00000e+00  
125.7 5.3315e+01  14 1.00000e+00  
125.8 5.3363e+01  14 1.00000e+00  
125.9 5.2783e+01  14 1.00000e+00  
126.0 5.2859e+01  14 1.00000e+00  
126.1 5.2935e+01  14 1.00000e+00  
126.2 5.3011e+01  14 1.00000e+00  
126.3 5.2099e+01  14 1.00000e+00  
126.4 5.2175e+01  14 1.00000e+00  
126.5 5.2210e+01  14 1.00000e+00  
126.6 5.2285e+01  14 1.00000e+00  
126.7 5.1374e+01  14 1.00000e+00  
126.8 5.1448e+01  14 1.00000e+00  
126.9 5.1523e+01  14 1.00000e+00  
127.0 5.1598e+01  14 1.00000e+00  
127.1 5.0650e+01  14 1.00000e+00  
127.2 5.0724e+01  14 1.00000e+00  
127.3 5.0798e+01  14 1.00000e+00  
127.4 5.0873e+01  14 1.00000e+00  
127.5 4.9910e+01  14 1.00000e+00  
127.6 5.0006e+01  14 1.00000e+00  
127.7 5.0075e+01  14 1.00000e+00  
127.8 5.0149e+01  14 1.00000e+00  
127.9 5.0222e+01  14 1.00000e+00  
128.0 4.9486e+01  14 1.00000e+00  
128.1 4.9528e+01  14 1.00000e+00  
128.2 4.9571e+01  14 1.00000e+00  
128.3 4.9613e+01  14 1.00000e+00  
128.4 4.2877e+01  14 1.00000e+00  
128.5 4.2942e+01  14 1.00000e+00  
128.6 4.2973e+01  14 1.00000e+00  
128.7 4.3043e+01  14 1.00000e+00  
128.8 4.3102e+01  14 1.00000e+00  
128.9 4.3143e+01  14 1.00000e+00  
129.0 4.3186e+01  14 1.00000e+00  
129.1 4.3248e+01  14 1.00000e+00  
129.2 4.2626e+01  14 1.00000e+00  
129.3 4.2692e+01  14 1.00000e+00  
129.4 4.2730e+01  14 1.00000e+00  
129.5 4.2801e+01  14 1.00000e+00  
129.6 4.2841e+01  14 1.00000e+00  
129.7 4.2892e+01  14 1.00000e+00  
129.8 4.2949e+01  14 1.00000e+00  
129.9 4.2971e+01  14 1.00000e+00  
130.0 4.3045e+01  14 1.00000e+00  
130.1 4.3090e+01  14 1.00000e+00  
130.2 4.3136e+01  14 1.00000e+00  
130.3 4.3162e+01  14 1.00000e+00  
130.4 4.3226e+01  14 1.00000e+00  
130.5 4.3277e+01  14 1.00000e+00  
130.6 4.3317e+01  14 1.00000e+00  
130.7 4.3361e+01  14 1.00000e+00  
130.8 4.3404e+01  14 1.00000e+00  
130.9 4.3447e+01  14 1.00000e+00  
131.0 4.3480e+01  14 1.00000e+00  
131.1 4.3540e+01  14 1.00000e+00  
131.2 4.3592e+01  14 1.00000e+00  
131.3 4.3640e+01  14 1.00000e+00  
131.4 4.3686e+01  14 1.00000e+00  
131.5 4.3130e+01  14 1.00000e+00  
131.6 4.3156e+01  14 1.00000e+00  
131.7 4.3223e+01  14 1.00000e+00  
131.8 4.3277e+01  14 1.00000e+00  
131.9 4.3325e+01  14 1.00000e+00  
132.0 4.3290e+01  14 1.00000e+00  
132.1 4.3337e+01  14 1.00000e+00  
132.2 4.3383e+01  14 1.00000e+00  
132.3 4.3427e+01  14 1.00000e+00  
132.4 4.3461e+01  14 1.00000e+00  
132.5 4.2819e+01  14 1.00000e+00  
132.6 4.2847e+01  14 1.00000e+00  
132.7 4.2924e+01  14 1.00000e+00  
132.8 4.2974e+01  14 1.00000e+00  
132.9 4.2291e+01  14 1.00000e+00  
133.0 4.2320e+01  14 1.00000e+00  
133.1 4.2347e+01  14 1.00000e+00  
133.2 4.2383e+01  14 1.00000e+00  
133.3 4.2457e+01  14 1.00000e+00  
133.4 4.2502e+01  14 1.00000e+00  
133.5 4.2543e+01  14 1.00000e+00  
133.6 4.2617e+01  14 1.00000e+00  
133.7 4.2680e+01  14 1.00000e+00  
133.8 4.2102e+01  14 1.00000e+00  
133.9 4.2134e+01  14 1.00000e+00  
134.0 4.2157e+01  14 1.00000e+00  
134.1 4.2167e+01  14 1.00000e+00  
134.2 4.2229e+01  14 1.00000e+00  
134.3 4.2263e+01  14 1.00000e+00  
134.4 4.2294e+01  14 1.00000e+00  
134.5 4.2322e+01  14 1.00000e+00  
134.6 4.2348e+01  14 1.00000e+00  
134.7 4.2386e+01  14 1.00000e+00  
134.8 4.2461e+01  14 1.00000e+00  
134.9 4.2523e+01  14 1.00000e+00  
135.0 4.2558e+01  14 1.00000e+00  
135.1 4.2033e+01  14 1.00000e+00  
135.2 4.2075e+01  14 1.00000e+00  
135.3 4.2111e+01  14 1.00000e+00  
135.4 4.2141e+01  14 1.00000e+00  
135.5 4.2161e+01  14 1.00000e+00  
135.6 4.2184e+01  14 1.00000e+00  
135.7 4.2237e+01  14 1.00000e+00  
135.8 4.2273e+01  14 1.00000e+00  
135.9 4.2303e+01  14 1.00000e+00  
136.0 4.2330e+01  14 1.00000e+00  
136.1 4.2358e+01  14 1.00000e+00  
136.2 4.2415e+01  14 1.00000e+00  
136.3 4.1933e+01  14 1.00000e+00  
136.4 4.1989e+01  14 1.00000e+00  
136.5 4.2024e+01  14 1.00000e+00  
136.6 4.2033e+01  14 1.00000e+00  
136.7 4.2090e+01  14 1.00000e+00  
136.8 4.2122e+01  14 1.00000e+00  
136.9 4.2152e+01  14 1.00000e+00  
137.0 4.2165e+01  14 1.00000e+00  
137.1 4.2218e+01  14 1.00000e+00  
137.2 4.2255e+01  14 1.00000e+00  
137.3 4.2286e+01  14 1.00000e+00  
137.4 4.2314e+01  14 1.00000e+00  
137.5 4.1849e+01  14 1.00000e+00  
137.6 4.1904e+01  14 1.00000e+00  
137.7 4.1932e+01  14 1.00000e+00  
137.8 4.1953e+01  14 1.00000e+00  
137.9 4.2002e+01  14 1.00000e+00  
138.0 4.2030e+01  14 1.00000e+00  
138.1 4.2047e+01  14 1.00000e+00  
138.2 4.2101e+01  14 1.00000e+00  
138.3 4.2133e+01  14 1.00000e+00  
138.4 4.2157e+01  14 1.00000e+00  
138.5 4.2166e+01  14 1.00000e+00  
138.6 4.2227e+01  14 1.00000e+00  
138.7 4.2263e+01  14 1.00000e+00  
138.8 4.2293e+01  14 1.00000e+00  
138.9 4.2320e+01  14 1.00000e+00  
139.0 4.2346e+01  14 1.00000e+00  
139.1 4.2383e+01  14 1.00000e+00  
139.2 4.2454e+01  14 1.00000e+00  
139.3 4.2515e+01  14 1.00000e+00  
139.4 4.2006e+01  14 1.00000e+00  
139.5 5.3246e+01  14 1.00000e+00  
139.6 5.3297e+01  14 1.00000e+00  
139.7 5.3349e+01  14 1.00000e+00  
139.8 5.3401e+01  14 1.00000e+00  
139.9 5.2553e+01  14 1.00000e+00  
140.0 5.2621e+01  14 1.00000e+00  
140.1 5.2690e+01  14 1.00000e+00  
140.2 5.2758e+01  14 1.00000e+00  
140.3 5.1839e+01  14 1.00000e+00  
140.4 5.1907e+01  14 1.00000e+00  
140.5 5.1975e+01  14 1.00000e+00  
140.6 5.2043e+01  14 1.00000e+00  
140.7 5.1085e+01  14 1.00000e+00  
140.8 5.1153e+01  14 1.00000e+00  
140.9 5.1220e+01  14 1.00000e+00  
141.0 5.1288e+01  14 1.00000e+00  
141.1 5.0334e+01  14 1.00000e+00  
141.2 5.0401e+01  14 1.00000e+00  
141.3 5.0468e+01  14 1.00000e+00  
141.4 5.0534e+01  14 1.00000e+00  
141.5 5.0601e+01  14 1.00000e+00  
141.6 4.9705e+01  14 1.00000e+00  
141.7 4.9747e+01  14 1.00000e+00  
141.8 4.9791e+01  14 1.00000e+00  
141.9 4.9840e+01  14 1.00000e+00  
142.0 4.9272e+01  14 1.00000e+00  
142.1 4.9309e+01  14 1.00000e+00  
142.2 4.9346e+01  14 1.00000e+00  
142.3 4.9383e+01  14 1.00000e+00  
142.4 4.2569e+01  14 1.00000e+00  
142.5 4.2644e+01  14 1.00000e+00  
142.6 4.2696e+01  14 1.00000e+00  
142.7 4.2732e+01  14 1.00000e+00  
142.8 4.2794e+01  14 1.00000e+00  
142.9 4.2841e+01  14 1.00000e+00  
143.0 4.2881e+01  14 1.00000e+00  
143.1 4.2939e+01  14 1.00000e+00  
143.2 4.2978e+01  14 1.00000e+00  
143.3 4.3028e+01  14 1.00000e+00  
143.4 4.3081e+01  14 1.00000e+00  
143.5 4.3125e+01  14 1.00000e+00  
143.6 4.3138e+01  14 1.00000e+00  
143.7 4.3199e+01  14 1.00000e+00  
143.8 4.3252e+01  14 1.00000e+00  
143.9 4.3297e+01  14 1.00000e+00  
144.0 4.3340e+01  14 1.00000e+00  
144.1 4.3385e+01  14 1.00000e+00  
144.2 4.3425e+01  14 1.00000e+00  
144.3 4.3466e+01  14 1.00000e+00  
144.4 4.3510e+01  14 1.00000e+00  
144.5 4.3565e+01  14 1.00000e+00  
144.6 4.3611e+01  14 1.00000e+00  
144.7 4.3654e+01  14 1.00000e+00  
144.8 4.3695e+01  14 1.00000e+00  
144.9 4.3734e+01  14 1.00000e+00  
145.0 4.3154e+01  14 1.00000e+00  
145.1 4.3218e+01  14 1.00000e+00  
145.2 4.3268e+01  14 1.00000e+00  
145.3 4.3312e+01  14 1.00000e+00  
145.4 4.3274e+01  14 1.00000e+00  
145.5 4.3316e+01  14 1.00000e+00  
145.6 4.3358e+01  14 1.00000e+00  
145.7 4.3399e+01  14 1.00000e+00  
145.8 4.3439e+01  14 1.00000e+00  
145.9 4.2771e+01  14 1.00000e+00  
146.0 4.2823e+01  14 1.00000e+00  
146.1 4.2846e+01  14 1.00000e+00  
146.2 4.2918e+01  14 1.00000e+00  
146.3 4.2258e+01  14 1.00000e+00  
146.4 4.2287e+01  14 1.00000e+00  
146.5 4.2315e+01  14 1.00000e+00  
146.6 4.2339e+01  14 1.00000e+00  
146.7 4.2363e+01  14 1.00000e+00  
146.8 4.2386e+01  14 1.00000e+00  
146.9 4.2461e+01  14 1.00000e+00  
147.0 4.2519e+01  14 1.00000e+00  
147.1 4.2542e+01  14 1.00000e+00  
147.2 4.2633e+01  14 1.00000e+00  
147.3 4.2689e+01  14 1.00000e+00  
147.4 4.2103e+01  14 1.00000e+00  
147.5 4.2136e+01  14 1.00000e+00  
147.6 4.2157e+01  14 1.00000e+00  
147.7 4.2166e+01  14 1.00000e+00  
147.8 4.2226e+01  14 1.00000e+00  
147.9 4.2257e+01  14 1.00000e+00  
148.0 4.2286e+01  14 1.00000e+00  
148.1 4.2316e+01  14 1.00000e+00  
148.2 4.2340e+01  14 1.00000e+00  
148.3 4.2362e+01  14 1.00000e+00  
148.4 4.2431e+01  14 1.00000e+00  
148.5 4.2494e+01  14 1.00000e+00  
148.6 4.2546e+01  14 1.00000e+00  
148.7 4.2025e+01  14 1.00000e+00  
148.8 4.2033e+01  14 1.00000e+00  
148.9 4.2085e+01  14 1.00000e+00  
149.0 4.2120e+01  14 1.00000e+00  
149.1 4.2146e+01  14 1.00000e+00  
149.2 4.2162e+01  14 1.00000e+00  
149.3 4.2195e+01  14 1.00000e+00  
149.4 4.2238e+01  14 1.00000e+00  
149.5 4.2268e+01  14 1.00000e+00  
149.6 4.2296e+01  14 1.00000e+00  
149.7 4.2324e+01  14 1.00000e+00  
149.8 4.2348e+01  14 1.00000e+00  
149.9 4.2377e+01  14 1.00000e+00  
150.0 4.2452e+01  14 1.00000e+00  
