 15.1 1.4517e+00  13 4.41577e-02  
 15.2 1.4591e+00  13 4.45033e-02  
 15.3 1.4666e+00  13 4.48446e-02  
 15.4 1.4740e+00  13 4.51816e-02  
 15.5 1.4815e+00  13 4.55144e-02  
 15.6 1.4889e+00  13 4.58433e-02  
 15.7 1.4964e+00  13 4.61681e-02  
 15.8 1.5038e+00  13 4.64895e-02  
 15.9 1.5112e+00  13 4.68067e-02  
 16.0 1.5187e+00  13 4.71201e-02  
 16.1 1.5261e+00  13 4.74297e-02  
 16.2 1.5335e+00  13 4.77358e-02  
 16.3 1.5410e+00  13 4.80383e-02  
 16.4 1.5484e+00  13 4.83372e-02  
 16.5 1.5558e+00  13 4.86327e-02  
 16.6 1.5632e+00  13 4.89249e-02  
 16.7 1.5707e+00  13 4.92137e-02  
 16.8 1.5781e+00  13 4.94993e-02  
 16.9 1.5855e+00  13 4.97816e-02  
 17.0 1.5929e+00  13 5.00608e-02  
 17.1 1.6003e+00  13 5.03369e-02  
 17.2 1.6078e+00  13 5.06099e-02  
 17.3 1.6152e+00  13 5.08800e-02  
 17.4 1.6226e+00  13 5.11470e-02  
 17.5 1.6300e+00  13 5.14111e-02  
 17.6 1.6407e+00  13 5.18665e-02  
 17.7 1.6526e+00  13 5.24721e-02  
 17.8 1.6645e+00  13 5.30792e-02  
 17.9 1.6766e+00  13 5.36877e-02  
 18.0 1.6888e+00  13 5.42978e-02  
 18.1 1.7010e+00  13 5.49095e-02  
 18.2 1.7134e+00  13 5.55229e-02  
 18.3 1.7258e+00  13 5.61380e-02  
 18.4 1.7384e+00  13 5.67548e-02  
 18.5 1.7510e+00  13 5.73735e-02  
 18.6 1.7637e+00  13 5.79940e-02  
 18.7 1.7766e+00  13 5.86165e-02  
 18.8 1.7895e+00  13 5.92410e-02  
 18.9 1.8025e+00  13 5.98675e-02  
 19.0 1.8157e+00  13 6.04960e-02  
 19.1 1.8289e+00  13 6.11267e-02  
 19.2 1.8422e+00  13 6.17596e-02  
 19.3 1.8556e+00  13 6.23947e-02  
 19.4 1.8692e+00  13 6.30321e-02  
 19.5 1.8828e+00  13 6.36719e-02  
 19.6 1.8966e+00  13 6.43140e-02  
 19.7 1.9104e+00  13 6.49586e-02  
 19.8 1.7391e+01  14 1.00000e+00  
 19.9 1.7475e+01  14 1.00000e+00  
 20.0 1.7560e+01  14 1.00000e+00  
 20.1 1.7644e+01  14 1.00000e+00  
 20.2 1.7729e+01  14 1.00000e+00  
 20.3 1.7813e+01  14 1.00000e+00  
 20.4 1.7897e+01  14 1.00000e+00  
 20.5 1.7982e+01  14 1.00000e+00  
 20.6 1.8066e+01  14 1.00000e+00  
 20.7 1.8151e+01  14 1.00000e+00  
 20.8 1.8235e+01  14 1.00000e+00  
 20.9 1.8319e+01  14 1.00000e+00  
 21.0 1.8403e+01  14 1.00000e+00  
 21.1 1.8487e+01  14 1.00000e+00  
 21.2 1.8572e+01  14 1.00000e+00  
 21.3 1.8656e+01  14 1.00000e+00  
 21.4 1.8740e+01  14 1.00000e+00  
 21.5 1.8824e+01  14 1.00000e+00  
 21.6 1.8908e+01  14 1.00000e+00  
 21.7 1.8992e+01  14 1.00000e+00  
 21.8 1.9076e+01  14 1.00000e+00  
 21.9 1.9159e+01  14 1.00000e+00  
 22.0 1.9243e+01  14 1.00000e+00  
 22.1 1.9327e+01  14 1.00000e+00  
 22.2 1.9411e+01  14 1.00000e+00  
 22.3 1.9494e+01  14 1.00000e+00  
 22.4 1.9578e+01  14 1.00000e+00  
 22.5 1.9662e+01  14 1.00000e+00  
 22.6 1.9745e+01  14 1.00000e+00  
 22.7 5.5849e+00  14 2.47498e-01  
 22.8 5.7034e+00  14 2.52648e-01  
 22.9 5.8237e+00  14 2.57840e-01  
 23.0 5.9456e+00  14 2.63075e-01  
 23.1 6.0691e+00  14 2.68351e-01  
 23.2 6.1944e+00  14 2.73669e-01  
 23.3 6.3213e+00  14 2.79028e-01  
 23.4 6.4499e+00  14 2.84428e-01  
 23.5 6.5802e+00  14 2.89870e-01  
 23.6 6.7122e+00  14 2.95353e-01  
 23.7 6.8459e+00  14 3.00876e-01  
 23.8 6.9813e+00  14 3.06440e-01  
 23.9 7.1185e+00  14 3.12044e-01  
 24.0 7.2573e+00  14 3.17688e-01  
 24.1 7.3979e+00  14 3.23372e-01  
 24.2 7.5402e+00  14 3.29097e-01  
 24.3 7.6843e+00  14 3.34860e-01  
 24.4 7.8301e+00  14 3.40664e-01  
 24.5 7.9776e+00  14 3.46506e-01  
 24.6 8.1269e+00  14 3.52388e-01  
 24.7 8.2780e+00  14 3.58310e-01  
 24.8 8.4309e+00  14 3.64270e-01  
 24.9 8.5855e+00  14 3.70269e-01  
 25.0 8.7419e+00  14 3.76306e-01  
 25.1 8.9001e+00  14 3.82382e-01  
 25.2 9.0600e+00  14 3.88497e-01  
 25.3 9.2218e+00  14 3.94650e-01  
 25.4 9.3854e+00  14 4.00841e-01  
 25.5 9.5508e+00  14 4.07070e-01  
 25.6 9.7181e+00  14 4.13338e-01  
 25.7 9.8871e+00  14 4.19643e-01  
 25.8 1.0058e+01  14 4.25986e-01  
 25.9 1.0231e+01  14 4.32367e-01  
 26.0 1.0405e+01  14 4.38785e-01  
 26.1 1.0582e+01  14 4.45241e-01  
 26.2 1.0760e+01  14 4.51734e-01  
 26.3 1.0940e+01  14 4.58265e-01  
 26.4 1.1122e+01  14 4.64832e-01  
 26.5 1.1306e+01  14 4.71438e-01  
 26.6 1.1492e+01  14 4.78080e-01  
 26.7 1.1679e+01  14 4.84759e-01  
 26.8 1.1869e+01  14 4.91475e-01  
 26.9 1.2060e+01  14 4.98228e-01  
 27.0 1.2254e+01  14 5.05018e-01  
 27.1 1.2449e+01  14 5.11845e-01  
 27.2 1.2646e+01  14 5.18708e-01  
 27.3 1.2845e+01  14 5.25608e-01  
 27.4 1.3047e+01  14 5.32545e-01  
 27.5 1.3250e+01  14 5.39518e-01  
 27.6 1.3455e+01  14 5.46528e-01  
 27.7 1.3662e+01  14 5.53574e-01  
 27.8 1.3870e+01  14 5.60656e-01  
 27.9 1.4081e+01  14 5.67775e-01  
 28.0 1.4294e+01  14 5.74930e-01  
 28.1 1.4509e+01  14 5.82122e-01  
 28.2 1.4726e+01  14 5.89349e-01  
 28.3 1.4945e+01  14 5.96613e-01  
 28.4 1.5165e+01  14 6.03913e-01  
 28.5 1.5388e+01  14 6.11249e-01  
 28.6 1.5613e+01  14 6.18622e-01  
 28.7 1.5840e+01  14 6.26030e-01  
 28.8 1.6069e+01  14 6.33474e-01  
 28.9 1.6300e+01  14 6.40955e-01  
 29.0 1.6533e+01  14 6.48471e-01  
 29.1 1.6768e+01  14 6.56024e-01  
 29.2 1.7005e+01  14 6.63612e-01  
 29.3 1.7244e+01  14 6.71236e-01  
 29.4 1.7486e+01  14 6.78896e-01  
 29.5 1.7729e+01  14 6.86593e-01  
 29.6 1.7975e+01  14 6.94325e-01  
 29.7 1.8222e+01  14 7.02093e-01  
 29.8 1.8472e+01  14 7.09897e-01  
 29.9 1.8724e+01  14 7.17736e-01  
 30.0 1.8978e+01  14 7.25612e-01  
 30.1 1.9234e+01  14 7.33523e-01  
 30.2 1.9492e+01  14 7.41471e-01  
 30.3 1.9703e+01  14 7.49613e-01  
 30.4 1.9964e+01  14 7.57628e-01  
 30.5 2.0227e+01  14 7.65678e-01  
 30.6 2.0493e+01  14 7.73764e-01  
 30.7 2.0761e+01  14 7.81886e-01  
 30.8 2.1030e+01  14 7.90044e-01  
 30.9 2.1303e+01  14 7.98237e-01  
 31.0 2.1577e+01  14 8.06467e-01  
 31.1 2.1853e+01  14 8.14732e-01  
 31.2 2.2132e+01  14 8.23033e-01  
 31.3 2.2413e+01  14 8.31371e-01  
 31.4 2.2696e+01  14 8.39744e-01  
 31.5 2.2981e+01  14 8.48153e-01  
 31.6 2.3268e+01  14 8.56598e-01  
 31.7 2.3558e+01  14 8.65079e-01  
 31.8 2.3850e+01  14 8.73596e-01  
 31.9 2.4144e+01  14 8.82149e-01  
 32.0 2.4441e+01  14 8.90738e-01  
 32.1 2.4739e+01  14 8.99363e-01  
 32.2 2.5040e+01  14 9.08025e-01  
 32.3 2.5344e+01  14 9.16722e-01  
 32.4 2.5649e+01  14 9.25455e-01  
 32.5 2.5957e+01  14 9.34225e-01  
 32.6 2.6267e+01  14 9.43031e-01  
 32.7 2.6579e+01  14 9.51873e-01  
 32.8 2.6894e+01  14 9.60752e-01  
 32.9 2.7211e+01  14 9.69666e-01  
 33.0 2.7531e+01  14 9.78617e-01  
 33.1 2.7852e+01  14 9.87605e-01  
 33.2 2.8176e+01  14 9.96628e-01  
 33.3 2.8347e+01  14 1.00000e+00  
 33.4 2.8425e+01  14 1.00000e+00  
 33.5 2.8503e+01  14 1.00000e+00  
 33.6 2.8580e+01  14 1.00000e+00  
 33.7 2.8658e+01  14 1.00000e+00  
 33.8 2.8736e+01  14 1.00000e+00  
 33.9 2.8814e+01  14 1.00000e+00  
 34.0 2.8892e+01  14 1.00000e+00  
 34.1 2.8968e+01  14 1.00000e+00  
 34.2 2.9045e+01  14 1.00000e+00  
 34.3 2.9122e+01  14 1.00000e+00  
 34.4 2.9199e+01  14 1.00000e+00  
 34.5 2.9142e+01  14 1.00000e+00  
 34.6 2.9114e+01  14 1.00000e+00  
 34.7 2.9191e+01  14 1.00000e+00  
 34.8 2.9268e+01  14 1.00000e+00  
 34.9 2.9197e+01  14 1.00000e+00  
 35.0 2.9274e+01  14 1.00000e+00  
 35.1 2.9351e+01  14 1.00000e+00  
 35.2 2.9426e+01  14 1.00000e+00  
 35.3 2.9503e+01  14 1.00000e+00  
 35.4 2.9430e+01  14 1.00000e+00  
 35.5 2.9507e+01  14 1.00000e+00  
 35.6 2.9583e+01  14 1.00000e+00  
 35.7 2.9659e+01  14 1.00000e+00  
 35.8 2.9472e+01  14 1.00000e+00  
 35.9 2.6972e+01  14 1.00000e+00  
 36.0 2.5043e+01  14 1.00000e+00  
 36.1 2.2999e+01  14 1.00000e+00  
 36.2 2.0814e+01  14 1.00000e+00  
 36.3 1.9274e+01  14 1.00000e+00  
 36.4 1.7658e+01  14 1.00000e+00  
 36.5 1.5943e+01  14 1.00000e+00  
 36.6 1.4092e+01  14 1.00000e+00  
 36.7 1.3491e+01  14 1.00000e+00  
 36.8 1.3404e+01  14 1.00000e+00  
 36.9 1.3368e+01  14 1.00000e+00  
 37.0 1.3403e+01  14 1.00000e+00  
 37.1 1.3435e+01  14 1.00000e+00  
 37.2 1.3472e+01  14 1.00000e+00  
 37.3 1.3509e+01  14 1.00000e+00  
 37.4 1.3545e+01  14 1.00000e+00  
 37.5 1.3581e+01  14 1.00000e+00  
 37.6 1.3617e+01  14 1.00000e+00  
 37.7 1.3653e+01  14 1.00000e+00  
 37.8 1.3687e+01  14 1.00000e+00  
 37.9 1.3724e+01  14 1.00000e+00  
 38.0 1.3760e+01  14 1.00000e+00  
 38.1 1.3796e+01  14 1.00000e+00  
 38.2 1.3832e+01  14 1.00000e+00  
 38.3 1.3868e+01  14 1.00000e+00  
 38.4 1.3902e+01  14 1.00000e+00  
 38.5 1.3938e+01  14 1.00000e+00  
 38.6 1.3974e+01  14 1.00000e+00  
 38.7 1.4010e+01  14 1.00000e+00  
 38.8 1.4046e+01  14 1.00000e+00  
 38.9 1.4082e+01  14 1.00000e+00  
 39.0 1.4118e+01  14 1.00000e+00  
 39.1 1.4152e+01  14 1.00000e+00  
 39.2 1.4188e+01  14 1.00000e+00  
 39.3 1.4224e+01  14 1.00000e+00  
 39.4 1.4260e+01  14 1.00000e+00  
 39.5 1.4296e+01  14 1.00000e+00  
 39.6 1.4332e+01  14 1.00000e+00  
 39.7 1.4368e+01  14 1.00000e+00  
 39.8 1.4403e+01  14 1.00000e+00  
 39.9 1.4439e+01  14 1.00000e+00  
 40.0 1.4474e+01  14 1.00000e+00  
 40.1 1.4510e+01  14 1.00000e+00  
 40.2 1.4546e+01  14 1.00000e+00  
 40.3 1.4582e+01  14 1.00000e+00  
 40.4 1.4621e+01  14 1.00000e+00  
 40.5 1.4652e+01  14 1.00000e+00  
 40.6 1.4688e+01  14 1.00000e+00  
 40.7 1.4724e+01  14 1.00000e+00  
 40.8 1.4760e+01  14 1.00000e+00  
 40.9 1.4800e+01  14 1.00000e+00  
 41.0 1.4844e+01  14 1.00000e+00  
 41.1 1.4866e+01  14 1.00000e+00  
 41.2 1.4902e+01  14 1.00000e+00  
 41.3 1.4937e+01  14 1.00000e+00  
 41.4 1.4979e+01  14 1.00000e+00  
 41.5 1.5024e+01  14 1.00000e+00  
 41.6 1.5068e+01  14 1.00000e+00  
 41.7 1.5113e+01  14 1.00000e+00  
 41.8 1.5115e+01  14 1.00000e+00  
 41.9 1.5159e+01  14 1.00000e+00  
 42.0 1.5204e+01  14 1.00000e+00  
 42.1 1.5249e+01  14 1.00000e+00  
 42.2 1.5293e+01  14 1.00000e+00  
 42.3 1.5345e+01  14 1.00000e+00  
 42.4 1.5340e+01  14 1.00000e+00  
 42.5 1.5385e+01  14 1.00000e+00  
 42.6 1.5430e+01  14 1.00000e+00  
 42.7 1.5474e+01  14 1.00000e+00  
 42.8 1.5530e+01  14 1.00000e+00  
 42.9 1.5667e+01  14 1.00000e+00  
 43.0 1.5566e+01  14 1.00000e+00  
 43.1 1.5611e+01  14 1.00000e+00  
 43.2 1.5657e+01  14 1.00000e+00  
 43.3 1.5716e+01  14 1.00000e+00  
 43.4 1.5847e+01  14 1.00000e+00  
 43.5 1.5885e+01  14 1.00000e+00  
 43.6 1.5793e+01  14 1.00000e+00  
 43.7 1.5846e+01  14 1.00000e+00  
 43.8 1.5989e+01  14 1.00000e+00  
 43.9 1.6027e+01  14 1.00000e+00  
 44.0 1.6065e+01  14 1.00000e+00  
 44.1 1.6101e+01  14 1.00000e+00  
 44.2 1.6035e+01  14 1.00000e+00  
 44.3 1.6169e+01  14 1.00000e+00  
 44.4 1.6207e+01  14 1.00000e+00  
 44.5 1.6244e+01  14 1.00000e+00  
 44.6 1.6280e+01  14 1.00000e+00  
 44.7 1.6311e+01  14 1.00000e+00  
 44.8 1.6349e+01  14 1.00000e+00  
 44.9 1.6386e+01  14 1.00000e+00  
 45.0 1.6422e+01  14 1.00000e+00  
 45.1 1.6459e+01  14 1.00000e+00  
 45.2 1.6495e+01  14 1.00000e+00  
 45.3 1.6529e+01  14 1.00000e+00  
 45.4 1.6565e+01  14 1.00000e+00  
 45.5 1.6601e+01  14 1.00000e+00  
 45.6 1.6637e+01  14 1.00000e+00  
 45.7 1.6671e+01  14 1.00000e+00  
 45.8 1.6707e+01  14 1.00000e+00  
 45.9 1.6743e+01  14 1.00000e+00  
 46.0 1.6780e+01  14 1.00000e+00  
 46.1 1.6816e+01  14 1.00000e+00  
 46.2 1.6850e+01  14 1.00000e+00  
 46.3 1.6886e+01  14 1.00000e+00  
 46.4 1.6922e+01  14 1.00000e+00  
 46.5 1.6958e+01  14 1.00000e+00  
 46.6 1.6992e+01  14 1.00000e+00  
 46.7 1.7028e+01  14 1.00000e+00  
 46.8 1.7064e+01  14 1.00000e+00  
 46.9 1.7100e+01  14 1.00000e+00  
 47.0 1.7133e+01  14 1.00000e+00  
 47.1 1.7170e+01  14 1.00000e+00  
 47.2 1.7206e+01  14 1.00000e+00  
 47.3 1.7240e+01  14 1.00000e+00  
 47.4 1.7275e+01  14 1.00000e+00  
 47.5 1.7312e+01  14 1.00000e+00  
 47.6 1.7345e+01  14 1.00000e+00  
 47.7 1.7381e+01  14 1.00000e+00  
 47.8 1.7417e+01  14 1.00000e+00  
 47.9 1.7449e+01  14 1.00000e+00  
 48.0 1.7487e+01  14 1.00000e+00  
 48.1 1.7516e+01  14 1.00000e+00  
 48.2 1.7553e+01  14 1.00000e+00  
 48.3 1.7437e+01  14 1.00000e+00  
 48.4 1.7483e+01  14 1.00000e+00  
 48.5 1.7490e+01  14 1.00000e+00  
 48.6 1.7510e+01  14 1.00000e+00  
 48.7 1.7544e+01  14 1.00000e+00  
 48.8 1.7574e+01  14 1.00000e+00  
 48.9 1.7589e+01  14 1.00000e+00  
 49.0 1.7628e+01  14 1.00000e+00  
 49.1 1.7667e+01  14 1.00000e+00  
 49.2 1.7703e+01  14 1.00000e+00  
 49.3 1.7741e+01  14 1.00000e+00  
 49.4 1.7781e+01  14 1.00000e+00  
 49.5 1.7816e+01  14 1.00000e+00  
 49.6 1.7851e+01  14 1.00000e+00  
 49.7 1.7887e+01  14 1.00000e+00  
 49.8 1.7922e+01  14 1.00000e+00  
 49.9 1.7958e+01  14 1.00000e+00  
 50.0 1.7994e+01  14 1.00000e+00  
 50.1 1.8029e+01  14 1.00000e+00  
 50.2 1.8065e+01  14 1.00000e+00  
 50.3 1.8101e+01  14 1.00000e+00  
 50.4 1.8125e+01  14 1.00000e+00  
 50.5 1.8160e+01  14 1.00000e+00  
 50.6 1.8195e+01  14 1.00000e+00  
 50.7 1.8411e+01  14 1.00000e+00  
 50.8 1.8447e+01  14 1.00000e+00  
 50.9 1.8486e+01  14 1.00000e+00  
 51.0 1.8524e+01  14 1.00000e+00  
 51.1 1.8565e+01  14 1.00000e+00  
 51.2 1.8600e+01  14 1.00000e+00  
 51.3 1.8636e+01  14 1.00000e+00  
 51.4 1.8671e+01  14 1.00000e+00  
 51.5 1.8707e+01  14 1.00000e+00  
 51.6 1.8744e+01  14 1.00000e+00  
 51.7 1.8780e+01  14 1.00000e+00  
 51.8 1.8816e+01  14 1.00000e+00  
 51.9 1.8850e+01  14 1.00000e+00  
 52.0 1.8885e+01  14 1.00000e+00  
 52.1 1.8920e+01  14 1.00000e+00  
 52.2 1.8956e+01  14 1.00000e+00  
 52.3 1.8990e+01  14 1.00000e+00  
 52.4 1.9026e+01  14 1.00000e+00  
 52.5 1.9073e+01  14 1.00000e+00  
 52.6 1.9120e+01  14 1.00000e+00  
 52.7 1.9316e+01  14 1.00000e+00  
 52.8 1.9355e+01  14 1.00000e+00  
 52.9 1.9396e+01  14 1.00000e+00  
 53.0 1.9431e+01  14 1.00000e+00  
 53.1 1.9466e+01  14 1.00000e+00  
 53.2 1.9503e+01  14 1.00000e+00  
 53.3 1.9539e+01  14 1.00000e+00  
 53.4 1.9575e+01  14 1.00000e+00  
 53.5 1.9611e+01  14 1.00000e+00  
 53.6 1.9648e+01  14 1.00000e+00  
 53.7 1.9683e+01  14 1.00000e+00  
 53.8 1.9719e+01  14 1.00000e+00  
 53.9 1.9755e+01  14 1.00000e+00  
 54.0 1.9790e+01  14 1.00000e+00  
 54.1 1.9825e+01  14 1.00000e+00  
 54.2 1.9862e+01  14 1.00000e+00  
 54.3 1.9909e+01  14 1.00000e+00  
 54.4 1.9956e+01  14 1.00000e+00  
 54.5 2.0003e+01  14 1.00000e+00  
 54.6 2.0050e+01  14 1.00000e+00  
 54.7 2.0097e+01  14 1.00000e+00  
 54.8 2.0286e+01  14 1.00000e+00  
 54.9 2.0327e+01  14 1.00000e+00  
 55.0 2.0363e+01  14 1.00000e+00  
 55.1 2.0399e+01  14 1.00000e+00  
 55.2 2.0435e+01  14 1.00000e+00  
 55.3 2.0472e+01  14 1.00000e+00  
 55.4 2.0508e+01  14 1.00000e+00  
 55.5 2.0545e+01  14 1.00000e+00  
 55.6 2.0581e+01  14 1.00000e+00  
 55.7 2.0618e+01  14 1.00000e+00  
 55.8 2.0654e+01  14 1.00000e+00  
 55.9 2.0689e+01  14 1.00000e+00  
 56.0 2.0725e+01  14 1.00000e+00  
 56.1 2.0751e+01  14 1.00000e+00  
 56.2 2.0795e+01  14 1.00000e+00  
 56.3 2.0842e+01  14 1.00000e+00  
 56.4 2.0889e+01  14 1.00000e+00  
 56.5 2.0936e+01  14 1.00000e+00  
 56.6 2.0983e+01  14 1.00000e+00  
 56.7 2.1030e+01  14 1.00000e+00  
 56.8 2.1077e+01  14 1.00000e+00  
 56.9 2.1264e+01  14 1.00000e+00  
 57.0 2.1306e+01  14 1.00000e+00  
 57.1 2.1341e+01  14 1.00000e+00  
 57.2 2.1377e+01  14 1.00000e+00  
 57.3 2.1415e+01  14 1.00000e+00  
 57.4 2.1452e+01  14 1.00000e+00  
 57.5 2.1489e+01  14 1.00000e+00  
 57.6 2.1526e+01  14 1.00000e+00  
 57.7 2.1562e+01  14 1.00000e+00  
 57.8 2.1599e+01  14 1.00000e+00  
 57.9 2.1635e+01  14 1.00000e+00  
 58.0 2.1671e+01  14 1.00000e+00  
 58.1 2.1707e+01  14 1.00000e+00  
 58.2 2.1743e+01  14 1.00000e+00  
 58.3 2.1779e+01  14 1.00000e+00  
 58.4 2.1824e+01  14 1.00000e+00  
 58.5 2.1871e+01  14 1.00000e+00  
 58.6 2.1919e+01  14 1.00000e+00  
 58.7 2.1966e+01  14 1.00000e+00  
 58.8 2.2013e+01  14 1.00000e+00  
 58.9 2.2060e+01  14 1.00000e+00  
 59.0 2.2107e+01  14 1.00000e+00  
 59.1 2.2154e+01  14 1.00000e+00  
 59.2 2.2201e+01  14 1.00000e+00  
 59.3 2.2384e+01  14 1.00000e+00  
 59.4 2.2426e+01  14 1.00000e+00  
 59.5 2.2462e+01  14 1.00000e+00  
 59.6 2.2499e+01  14 1.00000e+00  
 59.7 2.2528e+01  14 1.00000e+00  
 59.8 2.2566e+01  14 1.00000e+00  
 59.9 2.2603e+01  14 1.00000e+00  
 60.0 2.2639e+01  14 1.00000e+00  
 60.1 2.2677e+01  14 1.00000e+00  
 60.2 2.2714e+01  14 1.00000e+00  
 60.3 2.2751e+01  14 1.00000e+00  
 60.4 2.2788e+01  14 1.00000e+00  
 60.5 2.2825e+01  14 1.00000e+00  
 60.6 2.2862e+01  14 1.00000e+00  
 60.7 2.2898e+01  14 1.00000e+00  
 60.8 2.2935e+01  14 1.00000e+00  
 60.9 2.2971e+01  14 1.00000e+00  
 61.0 2.3009e+01  14 1.00000e+00  
 61.1 2.3053e+01  14 1.00000e+00  
 61.2 2.3097e+01  14 1.00000e+00  
 61.3 2.3141e+01  14 1.00000e+00  
 61.4 2.3185e+01  14 1.00000e+00  
 61.5 2.3229e+01  14 1.00000e+00  
 61.6 2.3273e+01  14 1.00000e+00  
 61.7 2.3317e+01  14 1.00000e+00  
 61.8 2.3361e+01  14 1.00000e+00  
 61.9 2.3405e+01  14 1.00000e+00  
 62.0 2.3449e+01  14 1.00000e+00  
 62.1 2.3495e+01  14 1.00000e+00  
 62.2 2.3548e+01  14 1.00000e+00  
 62.3 2.3600e+01  14 1.00000e+00  
 62.4 2.3651e+01  14 1.00000e+00  
 62.5 2.3699e+01  14 1.00000e+00  
 62.6 2.3746e+01  14 1.00000e+00  
 62.7 2.3791e+01  14 1.00000e+00  
 62.8 2.3942e+01  14 1.00000e+00  
 62.9 2.3981e+01  14 1.00000e+00  
 63.0 2.4018e+01  14 1.00000e+00  
 63.1 2.4055e+01  14 1.00000e+00  
 63.2 2.4094e+01  14 1.00000e+00  
 63.3 2.4132e+01  14 1.00000e+00  
 63.4 2.4170e+01  14 1.00000e+00  
 63.5 2.4207e+01  14 1.00000e+00  
 63.6 2.4239e+01  14 1.00000e+00  
 63.7 2.4277e+01  14 1.00000e+00  
 63.8 2.4313e+01  14 1.00000e+00  
 63.9 2.4352e+01  14 1.00000e+00  
 64.0 2.4390e+01  14 1.00000e+00  
 64.1 2.4427e+01  14 1.00000e+00  
 64.2 2.4465e+01  14 1.00000e+00  
 64.3 2.4501e+01  14 1.00000e+00  
 64.4 2.4539e+01  14 1.00000e+00  
 64.5 2.4576e+01  14 1.00000e+00  
 64.6 2.4613e+01  14 1.00000e+00  
 64.7 2.4649e+01  14 1.00000e+00  
 64.8 2.4687e+01  14 1.00000e+00  
 64.9 2.4728e+01  14 1.00000e+00  
 65.0 2.4772e+01  14 1.00000e+00  
 65.1 2.4817e+01  14 1.00000e+00  
 65.2 2.4861e+01  14 1.00000e+00  
 65.3 2.4906e+01  14 1.00000e+00  
 65.4 2.4951e+01  14 1.00000e+00  
 65.5 2.4995e+01  14 1.00000e+00  
 65.6 2.5040e+01  14 1.00000e+00  
 65.7 2.5085e+01  14 1.00000e+00  
 65.8 2.5129e+01  14 1.00000e+00  
 65.9 2.5174e+01  14 1.00000e+00  
 66.0 2.5241e+01  14 1.00000e+00  
 66.1 2.5294e+01  14 1.00000e+00  
 66.2 2.5345e+01  14 1.00000e+00  
 66.3 2.5394e+01  14 1.00000e+00  
 66.4 2.5443e+01  14 1.00000e+00  
 66.5 2.5491e+01  14 1.00000e+00  
 66.6 2.5536e+01  14 1.00000e+00  
 66.7 2.5581e+01  14 1.00000e+00  
 66.8 2.5731e+01  14 1.00000e+00  
 66.9 2.5765e+01  14 1.00000e+00  
 67.0 2.5804e+01  14 1.00000e+00  
 67.1 2.5851e+01  14 1.00000e+00  
 67.2 2.5885e+01  14 1.00000e+00  
 67.3 2.5929e+01  14 1.00000e+00  
 67.4 2.5972e+01  14 1.00000e+00  
 67.5 2.6023e+01  14 1.00000e+00  
 67.6 2.6056e+01  14 1.00000e+00  
 67.7 2.6100e+01  14 1.00000e+00  
 67.8 2.6152e+01  14 1.00000e+00  
 67.9 2.6182e+01  14 1.00000e+00  
 68.0 2.6230e+01  14 1.00000e+00  
 68.1 2.6281e+01  14 1.00000e+00  
 68.2 2.6335e+01  14 1.00000e+00  
 68.3 2.6359e+01  14 1.00000e+00  
 68.4 2.6404e+01  14 1.00000e+00  
 68.5 2.6457e+01  14 1.00000e+00  
 68.6 2.6512e+01  14 1.00000e+00  
 68.7 2.6535e+01  14 1.00000e+00  
 68.8 2.6588e+01  14 1.00000e+00  
 68.9 2.6643e+01  14 1.00000e+00  
 69.0 2.6697e+01  14 1.00000e+00  
 69.1 2.6717e+01  14 1.00000e+00  
 69.2 2.6773e+01  14 1.00000e+00  
 69.3 2.6827e+01  14 1.00000e+00  
 69.4 2.6885e+01  14 1.00000e+00  
 69.5 2.6948e+01  14 1.00000e+00  
 69.6 2.6960e+01  14 1.00000e+00  
 69.7 2.7016e+01  14 1.00000e+00  
 69.8 2.7075e+01  14 1.00000e+00  
 69.9 2.7031e+01  14 1.00000e+00  
 70.0 2.7159e+01  14 1.00000e+00  
 70.1 2.7204e+01  14 1.00000e+00  
 70.2 2.7263e+01  14 1.00000e+00  
 70.3 2.7213e+01  14 1.00000e+00  
 70.4 2.7257e+01  14 1.00000e+00  
 70.5 2.7389e+01  14 1.00000e+00  
 70.6 2.7349e+01  14 1.00000e+00  
 70.7 2.7395e+01  14 1.00000e+00  
 70.8 2.7438e+01  14 1.00000e+00  
 70.9 2.7471e+01  14 1.00000e+00  
 71.0 2.7529e+01  14 1.00000e+00  
 71.1 2.7578e+01  14 1.00000e+00  
 71.2 2.7621e+01  14 1.00000e+00  
 71.3 2.7654e+01  14 1.00000e+00  
 71.4 2.7659e+01  14 1.00000e+00  
 71.5 2.7693e+01  14 1.00000e+00  
 71.6 2.7804e+01  14 1.00000e+00  
 71.7 2.7839e+01  14 1.00000e+00  
 71.8 2.7847e+01  14 1.00000e+00  
 71.9 2.7875e+01  14 1.00000e+00  
 72.0 2.7920e+01  14 1.00000e+00  
 72.1 2.7965e+01  14 1.00000e+00  
 72.2 2.8033e+01  14 1.00000e+00  
 72.3 2.8059e+01  14 1.00000e+00  
 72.4 2.8102e+01  14 1.00000e+00  
 72.5 2.8147e+01  14 1.00000e+00  
 72.6 2.8196e+01  14 1.00000e+00  
 72.7 2.8266e+01  14 1.00000e+00  
 72.8 2.8285e+01  14 1.00000e+00  
 72.9 2.8330e+01  14 1.00000e+00  
 73.0 2.8375e+01  14 1.00000e+00  
 73.1 2.8425e+01  14 1.00000e+00  
 73.2 2.8496e+01  14 1.00000e+00  
 73.3 2.8566e+01  14 1.00000e+00  
 73.4 2.8558e+01  14 1.00000e+00  
 73.5 2.8603e+01  14 1.00000e+00  
 73.6 2.8660e+01  14 1.00000e+00  
 73.7 2.8730e+01  14 1.00000e+00  
 73.8 2.8800e+01  14 1.00000e+00  
 73.9 2.8871e+01  14 1.00000e+00  
 74.0 2.8922e+01  14 1.00000e+00  
 74.1 2.8891e+01  14 1.00000e+00  
 74.2 2.8961e+01  14 1.00000e+00  
 74.3 2.9029e+01  14 1.00000e+00  
 74.4 2.9098e+01  14 1.00000e+00  
 74.5 2.9166e+01  14 1.00000e+00  
 74.6 2.9232e+01  14 1.00000e+00  
 74.7 2.9263e+01  14 1.00000e+00  
 74.8 2.9254e+01  14 1.00000e+00  
 74.9 2.9323e+01  14 1.00000e+00  
 75.0 2.9388e+01  14 1.00000e+00  
 75.1 2.9456e+01  14 1.00000e+00  
 75.2 2.9523e+01  14 1.00000e+00  
 75.3 2.9592e+01  14 1.00000e+00  
 75.4 2.9560e+01  14 1.00000e+00  
 75.5 2.9609e+01  14 1.00000e+00  
 75.6 2.9675e+01  14 1.00000e+00  
 75.7 2.9740e+01  14 1.00000e+00  
 75.8 2.9805e+01  14 1.00000e+00  
 75.9 2.9874e+01  14 1.00000e+00  
 76.0 2.9840e+01  14 1.00000e+00  
 76.1 2.9886e+01  14 1.00000e+00  
 76.2 2.9924e+01  14 1.00000e+00  
 76.3 3.0019e+01  14 1.00000e+00  
 76.4 3.0084e+01  14 1.00000e+00  
 76.5 3.0151e+01  14 1.00000e+00  
 76.6 3.0118e+01  14 1.00000e+00  
 76.7 3.0165e+01  14 1.00000e+00  
 76.8 3.0204e+01  14 1.00000e+00  
 76.9 3.0217e+01  14 1.00000e+00  
 77.0 3.0244e+01  14 1.00000e+00  
 77.1 3.0423e+01  14 1.00000e+00  
 77.2 3.0396e+01  14 1.00000e+00  
 77.3 3.0447e+01  14 1.00000e+00  
 77.4 3.0490e+01  14 1.00000e+00  
 77.5 3.0529e+01  14 1.00000e+00  
 77.6 3.0541e+01  14 1.00000e+00  
 77.7 3.0559e+01  14 1.00000e+00  
 77.8 3.0585e+01  14 1.00000e+00  
 77.9 3.0631e+01  14 1.00000e+00  
 78.0 3.0775e+01  14 1.00000e+00  
 78.1 3.0820e+01  14 1.00000e+00  
 78.2 3.0860e+01  14 1.00000e+00  
 78.3 3.0872e+01  14 1.00000e+00  
 78.4 3.0900e+01  14 1.00000e+00  
 78.5 3.0913e+01  14 1.00000e+00  
 78.6 3.0956e+01  14 1.00000e+00  
 78.7 3.1009e+01  14 1.00000e+00  
 78.8 3.1083e+01  14 1.00000e+00  
 78.9 3.1191e+01  14 1.00000e+00  
 79.0 3.1207e+01  14 1.00000e+00  
 79.1 3.1240e+01  14 1.00000e+00  
 79.2 3.1262e+01  14 1.00000e+00  
 79.3 3.1283e+01  14 1.00000e+00  
 79.4 3.1329e+01  14 1.00000e+00  
 79.5 3.1391e+01  14 1.00000e+00  
 79.6 3.1464e+01  14 1.00000e+00  
 79.7 3.1533e+01  14 1.00000e+00  
 79.8 3.1603e+01  14 1.00000e+00  
 79.9 3.1615e+01  14 1.00000e+00  
 80.0 3.1638e+01  14 1.00000e+00  
 80.1 3.1656e+01  14 1.00000e+00  
 80.2 3.1703e+01  14 1.00000e+00  
 80.3 3.1763e+01  14 1.00000e+00  
 80.4 3.1836e+01  14 1.00000e+00  
 80.5 3.1902e+01  14 1.00000e+00  
 80.6 3.1971e+01  14 1.00000e+00  
 80.7 3.2042e+01  14 1.00000e+00  
 80.8 3.2111e+01  14 1.00000e+00  
 80.9 3.2031e+01  14 1.00000e+00  
 81.0 3.2078e+01  14 1.00000e+00  
 81.1 3.2124e+01  14 1.00000e+00  
 81.2 3.2192e+01  14 1.00000e+00  
 81.3 3.2262e+01  14 1.00000e+00  
 81.4 3.2332e+01  14 1.00000e+00  
 81.5 3.2401e+01  14 1.00000e+00  
 81.6 3.2469e+01  14 1.00000e+00  
 81.7 3.2536e+01  14 1.00000e+00  
 81.8 3.2605e+01  14 1.00000e+00  
 81.9 3.2668e+01  14 1.00000e+00  
 82.0 3.2667e+01  14 1.00000e+00  
 82.1 3.2606e+01  14 1.00000e+00  
 82.2 3.2676e+01  14 1.00000e+00  
 82.3 3.2744e+01  14 1.00000e+00  
 82.4 3.2809e+01  14 1.00000e+00  
 82.5 3.2883e+01  14 1.00000e+00  
 82.6 3.2952e+01  14 1.00000e+00  
 82.7 3.3018e+01  14 1.00000e+00  
 82.8 3.3085e+01  14 1.00000e+00  
 82.9 3.3150e+01  14 1.00000e+00  
 83.0 3.3126e+01  14 1.00000e+00  
 83.1 3.3180e+01  14 1.00000e+00  
 83.2 3.3246e+01  14 1.00000e+00  
 83.3 3.3215e+01  14 1.00000e+00  
 83.4 3.3281e+01  14 1.00000e+00  
 83.5 3.3341e+01  14 1.00000e+00  
 83.6 3.3409e+01  14 1.00000e+00  
 83.7 3.3476e+01  14 1.00000e+00  
 83.8 3.3545e+01  14 1.00000e+00  
 83.9 3.3609e+01  14 1.00000e+00  
 84.0 3.3674e+01  14 1.00000e+00  
 84.1 3.3652e+01  14 1.00000e+00  
 84.2 3.3707e+01  14 1.00000e+00  
 84.3 3.3755e+01  14 1.00000e+00  
 84.4 3.3803e+01  14 1.00000e+00  
 84.5 3.3795e+01  14 1.00000e+00  
 84.6 3.3863e+01  14 1.00000e+00  
 84.7 3.3928e+01  14 1.00000e+00  
 84.8 3.3993e+01  14 1.00000e+00  
 84.9 3.4061e+01  14 1.00000e+00  
 85.0 3.4126e+01  14 1.00000e+00  
 85.1 3.4194e+01  14 1.00000e+00  
 85.2 3.4173e+01  14 1.00000e+00  
 85.3 3.4229e+01  14 1.00000e+00  
 85.4 3.4283e+01  14 1.00000e+00  
 85.5 3.4332e+01  14 1.00000e+00  
 85.6 3.4375e+01  14 1.00000e+00  
 85.7 3.4398e+01  14 1.00000e+00  
 85.8 3.4467e+01  14 1.00000e+00  
 85.9 3.4498e+01  14 1.00000e+00  
 86.0 3.4561e+01  14 1.00000e+00  
 86.1 3.4629e+01  14 1.00000e+00  
 86.2 3.4692e+01  14 1.00000e+00  
 86.3 3.4758e+01  14 1.00000e+00  
 86.4 3.4817e+01  14 1.00000e+00  
 86.5 3.4802e+01  14 1.00000e+00  
 86.6 3.4855e+01  14 1.00000e+00  
 86.7 3.4908e+01  14 1.00000e+00  
 86.8 3.4956e+01  14 1.00000e+00  
 86.9 3.5004e+01  14 1.00000e+00  
 87.0 3.5026e+01  14 1.00000e+00  
 87.1 3.5069e+01  14 1.00000e+00  
 87.2 3.5106e+01  14 1.00000e+00  
 87.3 3.5197e+01  14 1.00000e+00  
 87.4 3.5241e+01  14 1.00000e+00  
 87.5 3.5303e+01  14 1.00000e+00  
 87.6 3.5362e+01  14 1.00000e+00  
 87.7 3.5421e+01  14 1.00000e+00  
 87.8 3.5480e+01  14 1.00000e+00  
 87.9 3.5477e+01  14 1.00000e+00  
 88.0 3.5528e+01  14 1.00000e+00  
 88.1 3.5578e+01  14 1.00000e+00  
 88.2 3.5627e+01  14 1.00000e+00  
 88.3 3.5672e+01  14 1.00000e+00  
 88.4 3.5717e+01  14 1.00000e+00  
 88.5 3.5749e+01  14 1.00000e+00  
 88.6 3.5794e+01  14 1.00000e+00  
 88.7 3.5826e+01  14 1.00000e+00  
 88.8 3.5851e+01  14 1.00000e+00  
 88.9 3.5956e+01  14 1.00000e+00  
 89.0 3.6012e+01  14 1.00000e+00  
 89.1 3.6071e+01  14 1.00000e+00  
 89.2 3.6130e+01  14 1.00000e+00  
 89.3 3.6190e+01  14 1.00000e+00  
 89.4 3.6248e+01  14 1.00000e+00  
 89.5 3.6236e+01  14 1.00000e+00  
 89.6 3.6289e+01  14 1.00000e+00  
 89.7 3.6340e+01  14 1.00000e+00  
 89.8 3.6389e+01  14 1.00000e+00  
 89.9 3.6436e+01  14 1.00000e+00  
 90.0 3.6480e+01  14 1.00000e+00  
 90.1 3.6511e+01  14 1.00000e+00  
 90.2 3.6554e+01  14 1.00000e+00  
 90.3 3.6595e+01  14 1.00000e+00  
 90.4 3.6632e+01  14 1.00000e+00  
 90.5 3.6663e+01  14 1.00000e+00  
 90.6 3.6773e+01  14 1.00000e+00  
 90.7 3.6820e+01  14 1.00000e+00  
 90.8 3.6881e+01  14 1.00000e+00  
 90.9 3.6942e+01  14 1.00000e+00  
 91.0 3.7004e+01  14 1.00000e+00  
 91.1 3.7065e+01  14 1.00000e+00  
 91.2 3.7046e+01  14 1.00000e+00  
 91.3 3.7103e+01  14 1.00000e+00  
 91.4 3.7157e+01  14 1.00000e+00  
 91.5 3.7245e+01  14 1.00000e+00  
 91.6 3.7273e+01  14 1.00000e+00  
 91.7 3.7302e+01  14 1.00000e+00  
 91.8 3.7332e+01  14 1.00000e+00  
 91.9 3.7434e+01  14 1.00000e+00  
 92.0 3.7472e+01  14 1.00000e+00  
 92.1 3.7575e+01  14 1.00000e+00  
 92.2 3.7677e+01  14 1.00000e+00  
 92.3 3.7779e+01  14 1.00000e+00  
 92.4 3.7882e+01  14 1.00000e+00  
 92.5 3.7984e+01  14 1.00000e+00  
 92.6 3.8086e+01  14 1.00000e+00  
 92.7 3.8189e+01  14 1.00000e+00  
 92.8 3.8291e+01  14 1.00000e+00  
 92.9 3.8393e+01  14 1.00000e+00  
 93.0 3.8495e+01  14 1.00000e+00  
 93.1 3.8597e+01  14 1.00000e+00  
 93.2 3.8699e+01  14 1.00000e+00  
 93.3 3.8801e+01  14 1.00000e+00  
 93.4 3.8903e+01  14 1.00000e+00  
 93.5 3.9005e+01  14 1.00000e+00  
 93.6 3.9107e+01  14 1.00000e+00  
 93.7 3.9209e+01  14 1.00000e+00  
 93.8 3.9310e+01  14 1.00000e+00  
 93.9 3.9412e+01  14 1.00000e+00  
 94.0 3.9514e+01  14 1.00000e+00  
 94.1 3.9616e+01  14 1.00000e+00  
 94.2 3.9717e+01  14 1.00000e+00  
 94.3 3.9819e+01  14 1.00000e+00  
 94.4 3.9920e+01  14 1.00000e+00  
 94.5 4.0022e+01  14 1.00000e+00  
 94.6 4.0123e+01  14 1.00000e+00  
 94.7 4.0225e+01  14 1.00000e+00  
 94.8 4.0326e+01  14 1.00000e+00  
 94.9 4.0428e+01  14 1.00000e+00  
 95.0 4.0529e+01  14 1.00000e+00  
 95.1 4.0630e+01  14 1.00000e+00  
 95.2 4.0732e+01  14 1.00000e+00  
 95.3 4.0833e+01  14 1.00000e+00  
 95.4 4.0934e+01  14 1.00000e+00  
 95.5 4.1035e+01  14 1.00000e+00  
 95.6 4.1136e+01  14 1.00000e+00  
 95.7 4.1237e+01  14 1.00000e+00  
 95.8 4.1331e+01  14 1.00000e+00  
 95.9 4.1432e+01  14 1.00000e+00  
 96.0 4.1533e+01  14 1.00000e+00  
 96.1 4.1634e+01  14 1.00000e+00  
 96.2 4.1735e+01  14 1.00000e+00  
 96.3 4.1836e+01  14 1.00000e+00  
 96.4 4.1936e+01  14 1.00000e+00  
 96.5 4.2037e+01  14 1.00000e+00  
 96.6 4.2138e+01  14 1.00000e+00  
 96.7 4.2239e+01  14 1.00000e+00  
 96.8 4.2339e+01  14 1.00000e+00  
 96.9 4.2440e+01  14 1.00000e+00  
 97.0 4.2541e+01  14 1.00000e+00  
 97.1 4.2641e+01  14 1.00000e+00  
 97.2 4.2742e+01  14 1.00000e+00  
 97.3 4.2838e+01  14 1.00000e+00  
 97.4 4.2929e+01  14 1.00000e+00  
 97.5 4.3019e+01  14 1.00000e+00  
 97.6 4.3110e+01  14 1.00000e+00  
 97.7 4.3200e+01  14 1.00000e+00  
 97.8 4.3291e+01  14 1.00000e+00  
 97.9 4.3382e+01  14 1.00000e+00  
 98.0 4.3472e+01  14 1.00000e+00  
 98.1 4.3563e+01  14 1.00000e+00  
 98.2 4.3654e+01  14 1.00000e+00  
 98.3 4.3744e+01  14 1.00000e+00  
 98.4 4.3835e+01  14 1.00000e+00  
 98.5 4.3926e+01  14 1.00000e+00  
 98.6 4.4017e+01  14 1.00000e+00  
 98.7 4.4108e+01  14 1.00000e+00  
 98.8 4.4199e+01  14 1.00000e+00  
 98.9 4.4290e+01  14 1.00000e+00  
 99.0 4.4381e+01  14 1.00000e+00  
 99.1 4.4472e+01  14 1.00000e+00  
 99.2 4.4563e+01  14 1.00000e+00  
 99.3 4.4654e+01  14 1.00000e+00  
 99.4 4.4745e+01  14 1.00000e+00  
 99.5 4.4836e+01  14 1.00000e+00  
 99.6 4.4927e+01  14 1.00000e+00  
 99.7 4.5018e+01  14 1.00000e+00  
 99.8 4.5110e+01  14 1.00000e+00  
 99.9 4.5201e+01  14 1.00000e+00  
100.0 4.5292e+01  14 1.00000e+00  
100.1 4.5383e+01  14 1.00000e+00  
100.2 4.5475e+01  14 1.00000e+00  
100.3 4.5566e+01  14 1.00000e+00  
100.4 4.5658e+01  14 1.00000e+00  
100.5 4.5749e+01  14 1.00000e+00  
100.6 4.5840e+01  14 1.00000e+00  
100.7 4.5932e+01  14 1.00000e+00  
100.8 4.6023e+01  14 1.00000e+00  
100.9 4.6115e+01  14 1.00000e+00  
101.0 4.6206e+01  14 1.00000e+00  
101.1 4.6298e+01  14 1.00000e+00  
101.2 4.6390e+01  14 1.00000e+00  
101.3 4.6481e+01  14 1.00000e+00  
101.4 4.6573e+01  14 1.00000e+00  
101.5 4.6665e+01  14 1.00000e+00  
101.6 4.6756e+01  14 1.00000e+00  
101.7 4.6848e+01  14 1.00000e+00  
101.8 4.6940e+01  14 1.00000e+00  
101.9 4.7031e+01  14 1.00000e+00  
102.0 4.7123e+01  14 1.00000e+00  
102.1 4.7215e+01  14 1.00000e+00  
102.2 4.7307e+01  14 1.00000e+00  
102.3 4.7399e+01  14 1.00000e+00  
102.4 4.7490e+01  14 1.00000e+00  
102.5 4.7582e+01  14 1.00000e+00  
102.6 4.7674e+01  14 1.00000e+00  
102.7 4.7766e+01  14 1.00000e+00  
102.8 4.7858e+01  14 1.00000e+00  
102.9 4.7944e+01  14 1.00000e+00  
103.0 4.8036e+01  14 1.00000e+00  
103.1 4.8128e+01  14 1.00000e+00  
103.2 4.8220e+01  14 1.00000e+00  
103.3 4.8312e+01  14 1.00000e+00  
103.4 4.8404e+01  14 1.00000e+00  
103.5 4.8496e+01  14 1.00000e+00  
103.6 4.8588e+01  14 1.00000e+00  
103.7 4.8680e+01  14 1.00000e+00  
103.8 4.8772e+01  14 1.00000e+00  
103.9 4.8864e+01  14 1.00000e+00  
104.0 4.8957e+01  14 1.00000e+00  
104.1 4.9049e+01  14 1.00000e+00  
104.2 4.9141e+01  14 1.00000e+00  
104.3 4.9233e+01  14 1.00000e+00  
104.4 4.9325e+01  14 1.00000e+00  
104.5 4.9418e+01  14 1.00000e+00  
104.6 4.9510e+01  14 1.00000e+00  
104.7 4.9602e+01  14 1.00000e+00  
104.8 4.9695e+01  14 1.00000e+00  
104.9 4.9787e+01  14 1.00000e+00  
105.0 4.9879e+01  14 1.00000e+00  
105.1 4.9972e+01  14 1.00000e+00  
105.2 5.0064e+01  14 1.00000e+00  
105.3 5.0156e+01  14 1.00000e+00  
105.4 5.0249e+01  14 1.00000e+00  
105.5 5.0341e+01  14 1.00000e+00  
105.6 5.0433e+01  14 1.00000e+00  
105.7 5.0526e+01  14 1.00000e+00  
105.8 5.0618e+01  14 1.00000e+00  
105.9 5.0711e+01  14 1.00000e+00  
106.0 5.0803e+01  14 1.00000e+00  
106.1 5.0896e+01  14 1.00000e+00  
106.2 5.0988e+01  14 1.00000e+00  
106.3 5.1081e+01  14 1.00000e+00  
106.4 5.1173e+01  14 1.00000e+00  
106.5 5.1266e+01  14 1.00000e+00  
106.6 5.1358e+01  14 1.00000e+00  
106.7 5.1451e+01  14 1.00000e+00  
106.8 5.1543e+01  14 1.00000e+00  
106.9 5.1636e+01  14 1.00000e+00  
107.0 5.1729e+01  14 1.00000e+00  
107.1 5.1821e+01  14 1.00000e+00  
107.2 5.1914e+01  14 1.00000e+00  
107.3 5.2006e+01  14 1.00000e+00  
107.4 5.2099e+01  14 1.00000e+00  
107.5 5.2192e+01  14 1.00000e+00  
107.6 5.2284e+01  14 1.00000e+00  
107.7 5.2377e+01  14 1.00000e+00  
107.8 5.2470e+01  14 1.00000e+00  
107.9 5.2562e+01  14 1.00000e+00  
108.0 5.2655e+01  14 1.00000e+00  
108.1 5.2748e+01  14 1.00000e+00  
108.2 5.2840e+01  14 1.00000e+00  
108.3 5.2933e+01  14 1.00000e+00  
108.4 5.3026e+01  14 1.00000e+00  
108.5 5.3118e+01  14 1.00000e+00  
108.6 5.3211e+01  14 1.00000e+00  
108.7 5.3304e+01  14 1.00000e+00  
108.8 5.3397e+01  14 1.00000e+00  
108.9 5.3489e+01  14 1.00000e+00  
109.0 5.3582e+01  14 1.00000e+00  
109.1 5.3675e+01  14 1.00000e+00  
109.2 5.3768e+01  14 1.00000e+00  
109.3 5.3861e+01  14 1.00000e+00  
109.4 5.3953e+01  14 1.00000e+00  
109.5 5.4046e+01  14 1.00000e+00  
109.6 5.4139e+01  14 1.00000e+00  
109.7 5.4232e+01  14 1.00000e+00  
109.8 5.4325e+01  14 1.00000e+00  
109.9 5.4418e+01  14 1.00000e+00  
110.0 5.4510e+01  14 1.00000e+00  
110.1 5.4603e+01  14 1.00000e+00  
110.2 5.4696e+01  14 1.00000e+00  
110.3 5.4789e+01  14 1.00000e+00  
110.4 5.4882e+01  14 1.00000e+00  
110.5 5.4975e+01  14 1.00000e+00  
110.6 5.5062e+01  14 1.00000e+00  
110.7 5.5155e+01  14 1.00000e+00  
110.8 5.5248e+01  14 1.00000e+00  
110.9 5.5341e+01  14 1.00000e+00  
111.0 5.5434e+01  14 1.00000e+00  
111.1 5.5527e+01  14 1.00000e+00  
111.2 5.5619e+01  14 1.00000e+00  
111.3 5.5712e+01  14 1.00000e+00  
111.4 5.5805e+01  14 1.00000e+00  
111.5 5.5898e+01  14 1.00000e+00  
111.6 5.5991e+01  14 1.00000e+00  
111.7 5.6084e+01  14 1.00000e+00  
111.8 5.6177e+01  14 1.00000e+00  
111.9 5.6270e+01  14 1.00000e+00  
112.0 5.6363e+01  14 1.00000e+00  
112.1 5.6456e+01  14 1.00000e+00  
112.2 5.6549e+01  14 1.00000e+00  
112.3 5.6642e+01  14 1.00000e+00  
112.4 5.6735e+01  14 1.00000e+00  
112.5 5.6828e+01  14 1.00000e+00  
112.6 5.6921e+01  14 1.00000e+00  
112.7 5.7014e+01  14 1.00000e+00  
112.8 5.7107e+01  14 1.00000e+00  
112.9 5.7200e+01  14 1.00000e+00  
113.0 5.7293e+01  14 1.00000e+00  
113.1 5.7386e+01  14 1.00000e+00  
113.2 5.7479e+01  14 1.00000e+00  
113.3 5.7571e+01  14 1.00000e+00  
113.4 5.7665e+01  14 1.00000e+00  
113.5 5.7757e+01  14 1.00000e+00  
113.6 5.7850e+01  14 1.00000e+00  
113.7 5.7943e+01  14 1.00000e+00  
113.8 5.8036e+01  14 1.00000e+00  
113.9 5.8129e+01  14 1.00000e+00  
114.0 5.8223e+01  14 1.00000e+00  
114.1 5.8315e+01  14 1.00000e+00  
114.2 5.8409e+01  14 1.00000e+00  
114.3 5.8501e+01  14 1.00000e+00  
114.4 5.8594e+01  14 1.00000e+00  
114.5 5.8688e+01  14 1.00000e+00  
114.6 5.8781e+01  14 1.00000e+00  
114.7 5.8874e+01  14 1.00000e+00  
114.8 5.8967e+01  14 1.00000e+00  
114.9 5.9060e+01  14 1.00000e+00  
115.0 5.9153e+01  14 1.00000e+00  
115.1 5.9246e+01  14 1.00000e+00  
115.2 5.9339e+01  14 1.00000e+00  
115.3 5.9432e+01  14 1.00000e+00  
115.4 5.9525e+01  14 1.00000e+00  
115.5 5.9618e+01  14 1.00000e+00  
115.6 5.9711e+01  14 1.00000e+00  
115.7 5.9804e+01  14 1.00000e+00  
115.8 5.9897e+01  14 1.00000e+00  
115.9 5.9990e+01  14 1.00000e+00  
116.0 6.0083e+01  14 1.00000e+00  
116.1 6.0176e+01  14 1.00000e+00  
116.2 6.0269e+01  14 1.00000e+00  
116.3 6.0362e+01  14 1.00000e+00  
116.4 6.0455e+01  14 1.00000e+00  
116.5 6.0548e+01  14 1.00000e+00  
116.6 6.0641e+01  14 1.00000e+00  
116.7 6.0734e+01  14 1.00000e+00  
116.8 6.0827e+01  14 1.00000e+00  
116.9 6.0920e+01  14 1.00000e+00  
117.0 6.1013e+01  14 1.00000e+00  
117.1 6.1106e+01  14 1.00000e+00  
117.2 6.1199e+01  14 1.00000e+00  
117.3 6.1292e+01  14 1.00000e+00  
117.4 6.1385e+01  14 1.00000e+00  
117.5 6.1478e+01  14 1.00000e+00  
117.6 6.1571e+01  14 1.00000e+00  
117.7 6.1664e+01  14 1.00000e+00  
117.8 6.1757e+01  14 1.00000e+00  
117.9 6.1850e+01  14 1.00000e+00  
118.0 6.1943e+01  14 1.00000e+00  
118.1 6.2036e+01  14 1.00000e+00  
118.2 6.2130e+01  14 1.00000e+00  
118.3 6.2222e+01  14 1.00000e+00  
118.4 6.2316e+01  14 1.00000e+00  
118.5 6.2409e+01  14 1.00000e+00  
118.6 6.2502e+01  14 1.00000e+00  
118.7 6.2595e+01  14 1.00000e+00  
118.8 6.2688e+01  14 1.00000e+00  
118.9 6.2781e+01  14 1.00000e+00  
119.0 6.2874e+01  14 1.00000e+00  
119.1 6.2967e+01  14 1.00000e+00  
119.2 6.3060e+01  14 1.00000e+00  
119.3 6.3148e+01  14 1.00000e+00  
119.4 6.3241e+01  14 1.00000e+00  
119.5 6.3334e+01  14 1.00000e+00  
119.6 6.3427e+01  14 1.00000e+00  
119.7 6.3520e+01  14 1.00000e+00  
119.8 6.3613e+01  14 1.00000e+00  
119.9 6.3706e+01  14 1.00000e+00  
120.0 6.3799e+01  14 1.00000e+00  
120.1 6.3892e+01  14 1.00000e+00  
120.2 6.3985e+01  14 1.00000e+00  
120.3 6.4078e+01  14 1.00000e+00  
120.4 6.4171e+01  14 1.00000e+00  
120.5 6.4264e+01  14 1.00000e+00  
120.6 6.4357e+01  14 1.00000e+00  
120.7 6.4450e+01  14 1.00000e+00  
120.8 6.4543e+01  14 1.00000e+00  
120.9 6.4636e+01  14 1.00000e+00  
121.0 6.4729e+01  14 1.00000e+00  
121.1 6.4822e+01  14 1.00000e+00  
121.2 6.4915e+01  14 1.00000e+00  
121.3 6.5008e+01  14 1.00000e+00  
121.4 6.5100e+01  14 1.00000e+00  
121.5 6.5193e+01  14 1.00000e+00  
121.6 6.5286e+01  14 1.00000e+00  
121.7 6.5379e+01  14 1.00000e+00  
121.8 6.5472e+01  14 1.00000e+00  
121.9 6.5565e+01  14 1.00000e+00  
122.0 6.5658e+01  14 1.00000e+00  
122.1 6.5751e+01  14 1.00000e+00  
122.2 6.5844e+01  14 1.00000e+00  
122.3 6.5937e+01  14 1.00000e+00  
122.4 6.6030e+01  14 1.00000e+00  
122.5 6.6123e+01  14 1.00000e+00  
122.6 6.6216e+01  14 1.00000e+00  
122.7 6.6309e+01  14 1.00000e+00  
122.8 6.6402e+01  14 1.00000e+00  
122.9 6.6494e+01  14 1.00000e+00  
123.0 6.6587e+01  14 1.00000e+00  
123.1 6.6680e+01  14 1.00000e+00  
123.2 6.6773e+01  14 1.00000e+00  
123.3 6.6866e+01  14 1.00000e+00  
123.4 6.6959e+01  14 1.00000e+00  
123.5 6.7052e+01  14 1.00000e+00  
123.6 6.7145e+01  14 1.00000e+00  
123.7 6.7238e+01  14 1.00000e+00  
123.8 6.7331e+01  14 1.00000e+00  
123.9 6.7423e+01  14 1.00000e+00  
124.0 6.7516e+01  14 1.00000e+00  
124.1 6.7609e+01  14 1.00000e+00  
124.2 6.7702e+01  14 1.00000e+00  
124.3 6.7795e+01  14 1.00000e+00  
124.4 6.7888e+01  14 1.00000e+00  
124.5 6.7981e+01  14 1.00000e+00  
124.6 6.8073e+01  14 1.00000e+00  
124.7 6.8166e+01  14 1.00000e+00  
124.8 6.8259e+01  14 1.00000e+00  
124.9 6.8352e+01  14 1.00000e+00  
125.0 6.8445e+01  14 1.00000e+00  
125.1 6.8538e+01  14 1.00000e+00  
125.2 6.8630e+01  14 1.00000e+00  
125.3 6.8723e+01  14 1.00000e+00  
125.4 6.8816e+01  14 1.00000e+00  
125.5 6.8909e+01  14 1.00000e+00  
125.6 6.9002e+01  14 1.00000e+00  
125.7 6.9094e+01  14 1.00000e+00  
125.8 6.9187e+01  14 1.00000e+00  
125.9 6.9280e+01  14 1.00000e+00  
126.0 6.9373e+01  14 1.00000e+00  
126.1 6.9466e+01  14 1.00000e+00  
126.2 6.9558e+01  14 1.00000e+00  
126.3 6.9651e+01  14 1.00000e+00  
126.4 6.9744e+01  14 1.00000e+00  
126.5 6.9837e+01  14 1.00000e+00  
126.6 6.9929e+01  14 1.00000e+00  
126.7 7.0022e+01  14 1.00000e+00  
126.8 7.0115e+01  14 1.00000e+00  
126.9 7.0208e+01  14 1.00000e+00  
127.0 7.0300e+01  14 1.00000e+00  
127.1 7.0393e+01  14 1.00000e+00  
127.2 7.0486e+01  14 1.00000e+00  
127.3 7.0579e+01  14 1.00000e+00  
127.4 7.0671e+01  14 1.00000e+00  
127.5 7.0764e+01  14 1.00000e+00  
127.6 7.0857e+01  14 1.00000e+00  
127.7 7.0949e+01  14 1.00000e+00  
127.8 7.1042e+01  14 1.00000e+00  
127.9 7.1135e+01  14 1.00000e+00  
128.0 7.1227e+01  14 1.00000e+00  
128.1 7.1320e+01  14 1.00000e+00  
128.2 7.1413e+01  14 1.00000e+00  
128.3 7.1505e+01  14 1.00000e+00  
128.4 7.1598e+01  14 1.00000e+00  
128.5 7.1691e+01  14 1.00000e+00  
128.6 7.1783e+01  14 1.00000e+00  
128.7 7.1876e+01  14 1.00000e+00  
128.8 7.1969e+01  14 1.00000e+00  
128.9 7.2061e+01  14 1.00000e+00  
129.0 7.2150e+01  14 1.00000e+00  
129.1 7.2242e+01  14 1.00000e+00  
129.2 7.2335e+01  14 1.00000e+00  
129.3 7.2428e+01  14 1.00000e+00  
129.4 7.2520e+01  14 1.00000e+00  
129.5 7.2613e+01  14 1.00000e+00  
129.6 7.2705e+01  14 1.00000e+00  
129.7 7.2798e+01  14 1.00000e+00  
129.8 7.2891e+01  14 1.00000e+00  
129.9 7.2983e+01  14 1.00000e+00  
130.0 7.3076e+01  14 1.00000e+00  
130.1 7.3168e+01  14 1.00000e+00  
130.2 7.3261e+01  14 1.00000e+00  
130.3 7.3354e+01  14 1.00000e+00  
130.4 7.3446e+01  14 1.00000e+00  
130.5 7.3539e+01  14 1.00000e+00  
130.6 7.3631e+01  14 1.00000e+00  
130.7 7.3724e+01  14 1.00000e+00  
130.8 7.3816e+01  14 1.00000e+00  
130.9 7.3909e+01  14 1.00000e+00  
131.0 7.4001e+01  14 1.00000e+00  
131.1 7.4094e+01  14 1.00000e+00  
131.2 7.4186e+01  14 1.00000e+00  
131.3 7.4279e+01  14 1.00000e+00  
131.4 7.4371e+01  14 1.00000e+00  
131.5 7.4464e+01  14 1.00000e+00  
131.6 7.4556e+01  14 1.00000e+00  
131.7 7.4649e+01  14 1.00000e+00  
131.8 7.4741e+01  14 1.00000e+00  
131.9 7.4834e+01  14 1.00000e+00  
132.0 7.4926e+01  14 1.00000e+00  
132.1 7.5018e+01  14 1.00000e+00  
132.2 7.5111e+01  14 1.00000e+00  
132.3 7.5203e+01  14 1.00000e+00  
132.4 7.5296e+01  14 1.00000e+00  
132.5 7.5388e+01  14 1.00000e+00  
132.6 7.5481e+01  14 1.00000e+00  
132.7 7.5573e+01  14 1.00000e+00  
132.8 7.5665e+01  14 1.00000e+00  
132.9 7.5758e+01  14 1.00000e+00  
133.0 7.5850e+01  14 1.00000e+00  
133.1 7.5942e+01  14 1.00000e+00  
133.2 7.6035e+01  14 1.00000e+00  
133.3 7.6127e+01  14 1.00000e+00  
133.4 7.6220e+01  14 1.00000e+00  
133.5 7.6312e+01  14 1.00000e+00  
133.6 7.6404e+01  14 1.00000e+00  
133.7 7.6497e+01  14 1.00000e+00  
133.8 7.6589e+01  14 1.00000e+00  
133.9 7.6681e+01  14 1.00000e+00  
134.0 7.6774e+01  14 1.00000e+00  
134.1 7.6866e+01  14 1.00000e+00  
134.2 7.6958e+01  14 1.00000e+00  
134.3 7.7050e+01  14 1.00000e+00  
134.4 7.7143e+01  14 1.00000e+00  
134.5 7.7235e+01  14 1.00000e+00  
134.6 7.7327e+01  14 1.00000e+00  
134.7 7.7420e+01  14 1.00000e+00  
134.8 7.7512e+01  14 1.00000e+00  
134.9 7.7604e+01  14 1.00000e+00  
135.0 7.7696e+01  14 1.00000e+00  
135.1 7.7789e+01  14 1.00000e+00  
135.2 7.7881e+01  14 1.00000e+00  
135.3 7.7973e+01  14 1.00000e+00  
135.4 7.8065e+01  14 1.00000e+00  
135.5 7.8158e+01  14 1.00000e+00  
135.6 7.8250e+01  14 1.00000e+00  
135.7 7.8342e+01  14 1.00000e+00  
135.8 7.8434e+01  14 1.00000e+00  
135.9 7.8526e+01  14 1.00000e+00  
136.0 7.8618e+01  14 1.00000e+00  
136.1 7.8711e+01  14 1.00000e+00  
136.2 7.8803e+01  14 1.00000e+00  
136.3 7.8895e+01  14 1.00000e+00  
136.4 7.8987e+01  14 1.00000e+00  
136.5 7.9079e+01  14 1.00000e+00  
136.6 7.9171e+01  14 1.00000e+00  
136.7 7.9264e+01  14 1.00000e+00  
136.8 7.9356e+01  14 1.00000e+00  
136.9 7.9448e+01  14 1.00000e+00  
137.0 7.9540e+01  14 1.00000e+00  
137.1 7.9632e+01  14 1.00000e+00  
137.2 7.9724e+01  14 1.00000e+00  
137.3 7.9816e+01  14 1.00000e+00  
137.4 7.9908e+01  14 1.00000e+00  
137.5 8.0000e+01  14 1.00000e+00  
137.6 8.0093e+01  14 1.00000e+00  
137.7 8.0185e+01  14 1.00000e+00  
137.8 8.0277e+01  14 1.00000e+00  
137.9 8.0369e+01  14 1.00000e+00  
138.0 8.0461e+01  14 1.00000e+00  
138.1 8.0553e+01  14 1.00000e+00  
138.2 8.0645e+01  14 1.00000e+00  
138.3 8.0737e+01  14 1.00000e+00  
138.4 8.0829e+01  14 1.00000e+00  
138.5 8.0921e+01  14 1.00000e+00  
138.6 8.1013e+01  14 1.00000e+00  
138.7 8.1105e+01  14 1.00000e+00  
138.8 8.1197e+01  14 1.00000e+00  
138.9 8.1289e+01  14 1.00000e+00  
139.0 8.1381e+01  14 1.00000e+00  
139.1 8.1473e+01  14 1.00000e+00  
139.2 8.1565e+01  14 1.00000e+00  
139.3 8.1657e+01  14 1.00000e+00  
139.4 8.1749e+01  14 1.00000e+00  
139.5 8.1841e+01  14 1.00000e+00  
139.6 8.1933e+01  14 1.00000e+00  
139.7 8.2025e+01  14 1.00000e+00  
139.8 8.2117e+01  14 1.00000e+00  
139.9 8.2208e+01  14 1.00000e+00  
140.0 8.2300e+01  14 1.00000e+00  
140.1 8.2389e+01  14 1.00000e+00  
140.2 8.2480e+01  14 1.00000e+00  
140.3 8.2572e+01  14 1.00000e+00  
140.4 8.2664e+01  14 1.00000e+00  
140.5 8.2756e+01  14 1.00000e+00  
140.6 8.2848e+01  14 1.00000e+00  
140.7 8.2940e+01  14 1.00000e+00  
140.8 8.3032e+01  14 1.00000e+00  
140.9 8.3124e+01  14 1.00000e+00  
141.0 8.3216e+01  14 1.00000e+00  
141.1 8.3307e+01  14 1.00000e+00  
141.2 8.3399e+01  14 1.00000e+00  
141.3 8.3491e+01  14 1.00000e+00  
141.4 8.3583e+01  14 1.00000e+00  
141.5 8.3675e+01  14 1.00000e+00  
141.6 8.3766e+01  14 1.00000e+00  
141.7 8.3858e+01  14 1.00000e+00  
141.8 8.3950e+01  14 1.00000e+00  
141.9 8.4042e+01  14 1.00000e+00  
142.0 8.4134e+01  14 1.00000e+00  
142.1 8.4225e+01  14 1.00000e+00  
142.2 8.4317e+01  14 1.00000e+00  
142.3 8.4409e+01  14 1.00000e+00  
142.4 8.4501e+01  14 1.00000e+00  
142.5 8.4592e+01  14 1.00000e+00  
142.6 8.4684e+01  14 1.00000e+00  
142.7 8.4776e+01  14 1.00000e+00  
142.8 8.4868e+01  14 1.00000e+00  
142.9 8.4959e+01  14 1.00000e+00  
143.0 8.5051e+01  14 1.00000e+00  
143.1 8.5143e+01  14 1.00000e+00  
143.2 8.5234e+01  14 1.00000e+00  
143.3 8.5326e+01  14 1.00000e+00  
143.4 8.5418e+01  14 1.00000e+00  
143.5 8.5509e+01  14 1.00000e+00  
143.6 8.5601e+01  14 1.00000e+00  
143.7 8.5693e+01  14 1.00000e+00  
143.8 8.5784e+01  14 1.00000e+00  
143.9 8.5876e+01  14 1.00000e+00  
144.0 8.5968e+01  14 1.00000e+00  
144.1 8.6059e+01  14 1.00000e+00  
144.2 8.6151e+01  14 1.00000e+00  
144.3 8.6243e+01  14 1.00000e+00  
144.4 8.6334e+01  14 1.00000e+00  
144.5 8.6426e+01  14 1.00000e+00  
144.6 8.6517e+01  14 1.00000e+00  
144.7 8.6609e+01  14 1.00000e+00  
144.8 8.6701e+01  14 1.00000e+00  
144.9 8.6792e+01  14 1.00000e+00  
145.0 8.6884e+01  14 1.00000e+00  
145.1 8.6975e+01  14 1.00000e+00  
145.2 8.7067e+01  14 1.00000e+00  
145.3 8.7158e+01  14 1.00000e+00  
145.4 8.7250e+01  14 1.00000e+00  
145.5 8.7342e+01  14 1.00000e+00  
145.6 8.7433e+01  14 1.00000e+00  
145.7 8.6405e+01  14 1.00000e+00  
145.8 8.6497e+01  14 1.00000e+00  
145.9 8.6588e+01  14 1.00000e+00  
146.0 8.6680e+01  14 1.00000e+00  
146.1 8.6771e+01  14 1.00000e+00  
146.2 8.6862e+01  14 1.00000e+00  
146.3 8.6954e+01  14 1.00000e+00  
146.4 8.7045e+01  14 1.00000e+00  
146.5 8.7137e+01  14 1.00000e+00  
146.6 8.7228e+01  14 1.00000e+00  
146.7 8.7319e+01  14 1.00000e+00  
146.8 8.7411e+01  14 1.00000e+00  
146.9 8.7502e+01  14 1.00000e+00  
147.0 8.7593e+01  14 1.00000e+00  
147.1 8.7685e+01  14 1.00000e+00  
147.2 8.7776e+01  14 1.00000e+00  
147.3 8.7867e+01  14 1.00000e+00  
147.4 8.7959e+01  14 1.00000e+00  
147.5 8.8050e+01  14 1.00000e+00  
147.6 8.8141e+01  14 1.00000e+00  
147.7 8.8233e+01  14 1.00000e+00  
147.8 8.8324e+01  14 1.00000e+00  
147.9 8.6918e+01  14 1.00000e+00  
148.0 8.7009e+01  14 1.00000e+00  
148.1 8.7100e+01  14 1.00000e+00  
148.2 8.7190e+01  14 1.00000e+00  
148.3 8.7281e+01  14 1.00000e+00  
148.4 8.7372e+01  14 1.00000e+00  
148.5 8.7462e+01  14 1.00000e+00  
148.6 8.7553e+01  14 1.00000e+00  
148.7 8.7644e+01  14 1.00000e+00  
148.8 8.7734e+01  14 1.00000e+00  
148.9 8.7825e+01  14 1.00000e+00  
149.0 8.7916e+01  14 1.00000e+00  
149.1 8.8006e+01  14 1.00000e+00  
149.2 8.8097e+01  14 1.00000e+00  
149.3 8.8188e+01  14 1.00000e+00  
149.4 8.8278e+01  14 1.00000e+00  
149.5 8.8369e+01  14 1.00000e+00  
149.6 8.8459e+01  14 1.00000e+00  
149.7 8.8550e+01  14 1.00000e+00  
149.8 8.8641e+01  14 1.00000e+00  
149.9 8.7849e+01  14 1.00000e+00  
150.0 8.7939e+01  14 1.00000e+00  
