 15.1 1.4592e+00  13 4.50531e-02  
 15.2 1.4667e+00  13 4.54036e-02  
 15.3 1.4742e+00  13 4.57498e-02  
 15.4 1.4817e+00  13 4.60921e-02  
 15.5 1.4892e+00  13 4.64304e-02  
 15.6 1.4967e+00  13 4.67648e-02  
 15.7 1.5042e+00  13 4.70954e-02  
 15.8 1.5117e+00  13 4.74219e-02  
 15.9 1.5192e+00  13 4.77446e-02  
 16.0 1.5267e+00  13 4.80636e-02  
 16.1 1.5342e+00  13 4.83788e-02  
 16.2 1.5417e+00  13 4.86316e-02  
 16.3 1.5492e+00  13 4.89387e-02  
 16.4 1.5567e+00  13 4.92423e-02  
 16.5 1.5642e+00  13 4.95424e-02  
 16.6 1.5717e+00  13 4.98390e-02  
 16.7 1.5792e+00  13 5.01323e-02  
 16.8 1.5867e+00  13 5.04224e-02  
 16.9 1.5942e+00  13 5.07092e-02  
 17.0 1.6017e+00  13 5.09928e-02  
 17.1 1.6091e+00  13 5.12733e-02  
 17.2 1.6166e+00  13 5.15507e-02  
 17.3 1.6241e+00  13 5.18252e-02  
 17.4 1.6316e+00  13 5.20966e-02  
 17.5 1.6391e+00  13 5.23651e-02  
 17.6 1.6465e+00  13 5.26308e-02  
 17.7 1.6540e+00  13 5.28936e-02  
 17.8 1.6615e+00  13 5.31537e-02  
 17.9 1.6690e+00  13 5.34109e-02  
 18.0 1.6764e+00  13 5.36655e-02  
 18.1 1.6839e+00  13 5.39175e-02  
 18.2 1.6941e+00  13 5.43806e-02  
 18.3 1.7063e+00  13 5.49861e-02  
 18.4 1.7186e+00  13 5.55932e-02  
 18.5 1.7309e+00  13 5.62021e-02  
 18.6 1.7433e+00  13 5.68128e-02  
 18.7 1.7559e+00  13 5.74254e-02  
 18.8 1.7685e+00  13 5.80400e-02  
 18.9 1.7812e+00  13 5.86564e-02  
 19.0 1.7941e+00  13 5.92750e-02  
 19.1 1.8070e+00  13 5.98955e-02  
 19.2 1.8200e+00  13 6.05182e-02  
 19.3 1.8331e+00  13 6.11431e-02  
 19.4 1.8464e+00  13 6.17701e-02  
 19.5 1.8597e+00  13 6.23994e-02  
 19.6 1.8731e+00  13 6.30311e-02  
 19.7 1.8866e+00  13 6.36651e-02  
 19.8 1.9002e+00  13 6.43015e-02  
 19.9 1.9140e+00  13 6.49404e-02  
 20.0 1.7457e+01  14 1.00000e+00  
 20.1 1.7541e+01  14 1.00000e+00  
 20.2 1.7624e+01  14 1.00000e+00  
 20.3 1.7707e+01  14 1.00000e+00  
 20.4 1.7790e+01  14 1.00000e+00  
 20.5 1.7873e+01  14 1.00000e+00  
 20.6 1.7985e+01  14 1.00000e+00  
 20.7 1.8068e+01  14 1.00000e+00  
 20.8 1.8152e+01  14 1.00000e+00  
 20.9 1.8235e+01  14 1.00000e+00  
 21.0 1.8318e+01  14 1.00000e+00  
 21.1 1.8401e+01  14 1.00000e+00  
 21.2 1.8485e+01  14 1.00000e+00  
 21.3 1.8568e+01  14 1.00000e+00  
 21.4 1.8651e+01  14 1.00000e+00  
 21.5 1.8734e+01  14 1.00000e+00  
 21.6 1.8817e+01  14 1.00000e+00  
 21.7 1.8900e+01  14 1.00000e+00  
 21.8 1.8983e+01  14 1.00000e+00  
 21.9 1.9066e+01  14 1.00000e+00  
 22.0 1.9149e+01  14 1.00000e+00  
 22.1 1.9231e+01  14 1.00000e+00  
 22.2 1.9314e+01  14 1.00000e+00  
 22.3 1.9397e+01  14 1.00000e+00  
 22.4 1.9480e+01  14 1.00000e+00  
 22.5 1.9562e+01  14 1.00000e+00  
 22.6 1.9645e+01  14 1.00000e+00  
 22.7 1.9727e+01  14 1.00000e+00  
 22.8 1.9810e+01  14 1.00000e+00  
 22.9 5.5806e+00  14 2.46448e-01  
 23.0 5.6974e+00  14 2.51508e-01  
 23.1 5.8158e+00  14 2.56609e-01  
 23.2 5.9359e+00  14 2.61750e-01  
 23.3 6.0575e+00  14 2.66932e-01  
 23.4 6.1808e+00  14 2.72154e-01  
 23.5 6.3057e+00  14 2.77416e-01  
 23.6 6.4323e+00  14 2.82719e-01  
 23.7 6.5604e+00  14 2.88061e-01  
 23.8 6.6903e+00  14 2.93443e-01  
 23.9 6.8217e+00  14 2.98864e-01  
 24.0 6.9549e+00  14 3.04324e-01  
 24.1 7.0897e+00  14 3.09824e-01  
 24.2 7.2261e+00  14 3.15361e-01  
 24.3 7.3643e+00  14 3.20938e-01  
 24.4 7.5041e+00  14 3.26554e-01  
 24.5 7.6456e+00  14 3.32208e-01  
 24.6 7.7888e+00  14 3.37901e-01  
 24.7 7.9336e+00  14 3.43632e-01  
 24.8 8.0802e+00  14 3.49400e-01  
 24.9 8.2285e+00  14 3.55207e-01  
 25.0 8.3785e+00  14 3.61051e-01  
 25.1 8.5302e+00  14 3.66933e-01  
 25.2 8.6837e+00  14 3.72853e-01  
 25.3 8.8388e+00  14 3.78809e-01  
 25.4 8.9958e+00  14 3.84804e-01  
 25.5 9.1544e+00  14 3.90835e-01  
 25.6 9.3148e+00  14 3.96903e-01  
 25.7 9.4769e+00  14 4.03009e-01  
 25.8 9.6409e+00  14 4.09151e-01  
 25.9 9.8065e+00  14 4.15330e-01  
 26.0 9.9740e+00  14 4.21545e-01  
 26.1 1.0143e+01  14 4.27797e-01  
 26.2 1.0314e+01  14 4.34086e-01  
 26.3 1.0487e+01  14 4.40411e-01  
 26.4 1.0646e+01  14 4.47127e-01  
 26.5 1.0821e+01  14 4.53525e-01  
 26.6 1.0999e+01  14 4.59957e-01  
 26.7 1.1178e+01  14 4.66426e-01  
 26.8 1.1359e+01  14 4.72929e-01  
 26.9 1.1542e+01  14 4.79470e-01  
 27.0 1.1727e+01  14 4.86046e-01  
 27.1 1.1913e+01  14 4.92657e-01  
 27.2 1.2101e+01  14 4.99304e-01  
 27.3 1.2270e+01  14 5.06304e-01  
 27.4 1.2461e+01  14 5.13019e-01  
 27.5 1.2655e+01  14 5.19768e-01  
 27.6 1.2849e+01  14 5.26553e-01  
 27.7 1.3046e+01  14 5.33374e-01  
 27.8 1.3245e+01  14 5.40230e-01  
 27.9 1.3445e+01  14 5.47121e-01  
 28.0 1.3647e+01  14 5.54051e-01  
 28.1 1.3851e+01  14 5.61013e-01  
 28.2 1.4057e+01  14 5.68011e-01  
 28.3 1.4237e+01  14 5.75311e-01  
 28.4 1.4446e+01  14 5.82374e-01  
 28.5 1.4657e+01  14 5.89471e-01  
 28.6 1.4869e+01  14 5.96603e-01  
 28.7 1.5084e+01  14 6.03770e-01  
 28.8 1.5300e+01  14 6.10975e-01  
 28.9 1.5518e+01  14 6.18214e-01  
 29.0 1.5738e+01  14 6.25487e-01  
 29.1 1.5960e+01  14 6.32794e-01  
 29.2 1.6184e+01  14 6.40136e-01  
 29.3 1.6374e+01  14 6.47735e-01  
 29.4 1.6601e+01  14 6.55141e-01  
 29.5 1.6830e+01  14 6.62581e-01  
 29.6 1.7061e+01  14 6.70057e-01  
 29.7 1.7293e+01  14 6.77570e-01  
 29.8 1.7527e+01  14 6.85116e-01  
 29.9 1.7764e+01  14 6.92696e-01  
 30.0 1.8002e+01  14 7.00311e-01  
 30.1 1.8242e+01  14 7.07960e-01  
 30.2 1.8441e+01  14 7.15824e-01  
 30.3 1.8684e+01  14 7.23536e-01  
 30.4 1.8929e+01  14 7.31283e-01  
 30.5 1.9176e+01  14 7.39067e-01  
 30.6 1.9425e+01  14 7.46884e-01  
 30.7 1.9676e+01  14 7.54736e-01  
 30.8 1.9929e+01  14 7.62622e-01  
 30.9 2.0183e+01  14 7.70543e-01  
 31.0 2.0440e+01  14 7.78497e-01  
 31.1 2.0699e+01  14 7.86487e-01  
 31.2 2.0906e+01  14 7.94642e-01  
 31.3 2.1167e+01  14 8.02694e-01  
 31.4 2.1431e+01  14 8.10783e-01  
 31.5 2.1696e+01  14 8.18905e-01  
 31.6 2.1964e+01  14 8.27062e-01  
 31.7 2.2233e+01  14 8.35254e-01  
 31.8 2.2504e+01  14 8.43480e-01  
 31.9 2.2778e+01  14 8.51740e-01  
 32.0 2.3053e+01  14 8.60035e-01  
 32.1 2.3331e+01  14 8.68364e-01  
 32.2 2.3545e+01  14 8.76807e-01  
 32.3 2.3825e+01  14 8.85200e-01  
 32.4 2.4107e+01  14 8.93628e-01  
 32.5 2.4391e+01  14 9.02091e-01  
 32.6 2.4677e+01  14 9.10588e-01  
 32.7 2.4965e+01  14 9.19119e-01  
 32.8 2.5255e+01  14 9.27685e-01  
 32.9 2.5548e+01  14 9.36286e-01  
 33.0 2.5842e+01  14 9.44921e-01  
 33.1 2.6139e+01  14 9.53591e-01  
 33.2 2.6358e+01  14 9.62321e-01  
 33.3 2.6657e+01  14 9.71055e-01  
 33.4 2.6957e+01  14 9.79824e-01  
 33.5 2.7260e+01  14 9.88626e-01  
 33.6 2.7565e+01  14 9.97464e-01  
 33.7 2.7702e+01  14 1.00000e+00  
 33.8 2.7772e+01  14 1.00000e+00  
 33.9 2.7841e+01  14 1.00000e+00  
 34.0 2.7910e+01  14 1.00000e+00  
 34.1 2.7979e+01  14 1.00000e+00  
 34.2 2.7959e+01  14 1.00000e+00  
 34.3 2.8028e+01  14 1.00000e+00  
 34.4 2.8095e+01  14 1.00000e+00  
 34.5 2.8163e+01  14 1.00000e+00  
 34.6 2.8231e+01  14 1.00000e+00  
 34.7 2.8298e+01  14 1.00000e+00  
 34.8 2.8234e+01  14 1.00000e+00  
 34.9 2.8301e+01  14 1.00000e+00  
 35.0 2.8369e+01  14 1.00000e+00  
 35.1 2.8437e+01  14 1.00000e+00  
 35.2 2.8263e+01  14 1.00000e+00  
 35.3 2.8331e+01  14 1.00000e+00  
 35.4 2.8398e+01  14 1.00000e+00  
 35.5 2.8464e+01  14 1.00000e+00  
 35.6 2.8530e+01  14 1.00000e+00  
 35.7 2.8450e+01  14 1.00000e+00  
 35.8 2.8516e+01  14 1.00000e+00  
 35.9 2.8583e+01  14 1.00000e+00  
 36.0 2.8649e+01  14 1.00000e+00  
 36.1 2.8567e+01  14 1.00000e+00  
 36.2 2.6512e+01  14 1.00000e+00  
 36.3 2.5199e+01  14 1.00000e+00  
 36.4 2.2592e+01  14 1.00000e+00  
 36.5 1.9992e+01  14 1.00000e+00  
 36.6 1.8693e+01  14 1.00000e+00  
 36.7 1.6099e+01  14 1.00000e+00  
 36.8 1.4818e+01  14 1.00000e+00  
 36.9 1.3581e+01  14 1.00000e+00  
 37.0 1.3592e+01  14 1.00000e+00  
 37.1 1.3527e+01  14 1.00000e+00  
 37.2 1.3508e+01  14 1.00000e+00  
 37.3 1.3551e+01  14 1.00000e+00  
 37.4 1.3459e+01  14 1.00000e+00  
 37.5 1.3486e+01  14 1.00000e+00  
 37.6 1.3446e+01  14 1.00000e+00  
 37.7 1.3412e+01  14 1.00000e+00  
 37.8 1.3316e+01  14 1.00000e+00  
 37.9 1.3333e+01  14 1.00000e+00  
 38.0 1.3368e+01  14 1.00000e+00  
 38.1 1.3402e+01  14 1.00000e+00  
 38.2 1.3443e+01  14 1.00000e+00  
 38.3 1.3469e+01  14 1.00000e+00  
 38.4 1.3503e+01  14 1.00000e+00  
 38.5 1.3538e+01  14 1.00000e+00  
 38.6 1.3572e+01  14 1.00000e+00  
 38.7 1.3616e+01  14 1.00000e+00  
 38.8 1.3660e+01  14 1.00000e+00  
 38.9 1.3673e+01  14 1.00000e+00  
 39.0 1.3708e+01  14 1.00000e+00  
 39.1 1.3744e+01  14 1.00000e+00  
 39.2 1.3788e+01  14 1.00000e+00  
 39.3 1.3833e+01  14 1.00000e+00  
 39.4 1.3894e+01  14 1.00000e+00  
 39.5 1.3877e+01  14 1.00000e+00  
 39.6 1.3917e+01  14 1.00000e+00  
 39.7 1.3962e+01  14 1.00000e+00  
 39.8 1.4006e+01  14 1.00000e+00  
 39.9 1.4059e+01  14 1.00000e+00  
 40.0 1.4125e+01  14 1.00000e+00  
 40.1 1.4091e+01  14 1.00000e+00  
 40.2 1.4135e+01  14 1.00000e+00  
 40.3 1.4180e+01  14 1.00000e+00  
 40.4 1.4239e+01  14 1.00000e+00  
 40.5 1.4295e+01  14 1.00000e+00  
 40.6 1.4401e+01  14 1.00000e+00  
 40.7 1.4309e+01  14 1.00000e+00  
 40.8 1.4358e+01  14 1.00000e+00  
 40.9 1.4419e+01  14 1.00000e+00  
 41.0 1.4473e+01  14 1.00000e+00  
 41.1 1.4573e+01  14 1.00000e+00  
 41.2 1.4611e+01  14 1.00000e+00  
 41.3 1.4542e+01  14 1.00000e+00  
 41.4 1.4599e+01  14 1.00000e+00  
 41.5 1.4708e+01  14 1.00000e+00  
 41.6 1.4745e+01  14 1.00000e+00  
 41.7 1.4781e+01  14 1.00000e+00  
 41.8 1.4725e+01  14 1.00000e+00  
 41.9 1.4778e+01  14 1.00000e+00  
 42.0 1.4880e+01  14 1.00000e+00  
 42.1 1.4917e+01  14 1.00000e+00  
 42.2 1.4952e+01  14 1.00000e+00  
 42.3 1.4906e+01  14 1.00000e+00  
 42.4 1.5015e+01  14 1.00000e+00  
 42.5 1.5052e+01  14 1.00000e+00  
 42.6 1.5087e+01  14 1.00000e+00  
 42.7 1.5034e+01  14 1.00000e+00  
 42.8 1.5150e+01  14 1.00000e+00  
 42.9 1.5187e+01  14 1.00000e+00  
 43.0 1.5223e+01  14 1.00000e+00  
 43.1 1.5162e+01  14 1.00000e+00  
 43.2 1.5284e+01  14 1.00000e+00  
 43.3 1.5322e+01  14 1.00000e+00  
 43.4 1.5358e+01  14 1.00000e+00  
 43.5 1.5290e+01  14 1.00000e+00  
 43.6 1.5419e+01  14 1.00000e+00  
 43.7 1.5456e+01  14 1.00000e+00  
 43.8 1.5362e+01  14 1.00000e+00  
 43.9 1.5419e+01  14 1.00000e+00  
 44.0 1.5553e+01  14 1.00000e+00  
 44.1 1.5449e+01  14 1.00000e+00  
 44.2 1.5494e+01  14 1.00000e+00  
 44.3 1.5492e+01  14 1.00000e+00  
 44.4 1.5524e+01  14 1.00000e+00  
 44.5 1.5558e+01  14 1.00000e+00  
 44.6 1.5588e+01  14 1.00000e+00  
 44.7 1.5608e+01  14 1.00000e+00  
 44.8 1.5476e+01  14 1.00000e+00  
 44.9 1.5511e+01  14 1.00000e+00  
 45.0 1.5545e+01  14 1.00000e+00  
 45.1 1.5579e+01  14 1.00000e+00  
 45.2 1.5608e+01  14 1.00000e+00  
 45.3 1.5641e+01  14 1.00000e+00  
 45.4 1.5674e+01  14 1.00000e+00  
 45.5 1.5709e+01  14 1.00000e+00  
 45.6 1.5893e+01  14 1.00000e+00  
 45.7 1.5929e+01  14 1.00000e+00  
 45.8 1.5965e+01  14 1.00000e+00  
 45.9 1.6003e+01  14 1.00000e+00  
 46.0 1.6038e+01  14 1.00000e+00  
 46.1 1.6071e+01  14 1.00000e+00  
 46.2 1.6105e+01  14 1.00000e+00  
 46.3 1.6139e+01  14 1.00000e+00  
 46.4 1.6173e+01  14 1.00000e+00  
 46.5 1.6207e+01  14 1.00000e+00  
 46.6 1.6240e+01  14 1.00000e+00  
 46.7 1.6274e+01  14 1.00000e+00  
 46.8 1.6306e+01  14 1.00000e+00  
 46.9 1.6343e+01  14 1.00000e+00  
 47.0 1.6388e+01  14 1.00000e+00  
 47.1 1.6434e+01  14 1.00000e+00  
 47.2 1.6606e+01  14 1.00000e+00  
 47.3 1.6642e+01  14 1.00000e+00  
 47.4 1.6680e+01  14 1.00000e+00  
 47.5 1.6715e+01  14 1.00000e+00  
 47.6 1.6749e+01  14 1.00000e+00  
 47.7 1.6783e+01  14 1.00000e+00  
 47.8 1.6818e+01  14 1.00000e+00  
 47.9 1.6852e+01  14 1.00000e+00  
 48.0 1.6886e+01  14 1.00000e+00  
 48.1 1.6908e+01  14 1.00000e+00  
 48.2 1.6941e+01  14 1.00000e+00  
 48.3 1.6978e+01  14 1.00000e+00  
 48.4 1.7024e+01  14 1.00000e+00  
 48.5 1.7070e+01  14 1.00000e+00  
 48.6 1.7116e+01  14 1.00000e+00  
 48.7 1.7167e+01  14 1.00000e+00  
 48.8 1.7321e+01  14 1.00000e+00  
 48.9 1.7360e+01  14 1.00000e+00  
 49.0 1.7394e+01  14 1.00000e+00  
 49.1 1.7428e+01  14 1.00000e+00  
 49.2 1.7463e+01  14 1.00000e+00  
 49.3 1.7498e+01  14 1.00000e+00  
 49.4 1.7532e+01  14 1.00000e+00  
 49.5 1.7566e+01  14 1.00000e+00  
 49.6 1.7600e+01  14 1.00000e+00  
 49.7 1.7634e+01  14 1.00000e+00  
 49.8 1.7667e+01  14 1.00000e+00  
 49.9 1.7708e+01  14 1.00000e+00  
 50.0 1.7754e+01  14 1.00000e+00  
 50.1 1.7801e+01  14 1.00000e+00  
 50.2 1.7847e+01  14 1.00000e+00  
 50.3 1.7905e+01  14 1.00000e+00  
 50.4 1.7967e+01  14 1.00000e+00  
 50.5 1.8094e+01  14 1.00000e+00  
 50.6 1.8133e+01  14 1.00000e+00  
 50.7 1.8167e+01  14 1.00000e+00  
 50.8 1.8202e+01  14 1.00000e+00  
 50.9 1.8237e+01  14 1.00000e+00  
 51.0 1.8272e+01  14 1.00000e+00  
 51.1 1.8297e+01  14 1.00000e+00  
 51.2 1.8331e+01  14 1.00000e+00  
 51.3 1.8365e+01  14 1.00000e+00  
 51.4 1.8398e+01  14 1.00000e+00  
 51.5 1.8441e+01  14 1.00000e+00  
 51.6 1.8488e+01  14 1.00000e+00  
 51.7 1.8534e+01  14 1.00000e+00  
 51.8 1.8613e+01  14 1.00000e+00  
 51.9 1.8669e+01  14 1.00000e+00  
 52.0 1.8722e+01  14 1.00000e+00  
 52.1 1.8770e+01  14 1.00000e+00  
 52.2 1.8875e+01  14 1.00000e+00  
 52.3 1.8912e+01  14 1.00000e+00  
 52.4 1.8947e+01  14 1.00000e+00  
 52.5 1.8983e+01  14 1.00000e+00  
 52.6 1.9018e+01  14 1.00000e+00  
 52.7 1.9053e+01  14 1.00000e+00  
 52.8 1.9088e+01  14 1.00000e+00  
 52.9 1.9123e+01  14 1.00000e+00  
 53.0 1.9157e+01  14 1.00000e+00  
 53.1 1.9191e+01  14 1.00000e+00  
 53.2 1.9225e+01  14 1.00000e+00  
 53.3 1.9272e+01  14 1.00000e+00  
 53.4 1.9318e+01  14 1.00000e+00  
 53.5 1.9365e+01  14 1.00000e+00  
 53.6 1.9443e+01  14 1.00000e+00  
 53.7 1.9501e+01  14 1.00000e+00  
 53.8 1.9554e+01  14 1.00000e+00  
 53.9 1.9603e+01  14 1.00000e+00  
 54.0 1.9714e+01  14 1.00000e+00  
 54.1 1.9754e+01  14 1.00000e+00  
 54.2 1.9787e+01  14 1.00000e+00  
 54.3 1.9823e+01  14 1.00000e+00  
 54.4 1.9859e+01  14 1.00000e+00  
 54.5 1.9894e+01  14 1.00000e+00  
 54.6 1.9930e+01  14 1.00000e+00  
 54.7 1.9965e+01  14 1.00000e+00  
 54.8 2.0000e+01  14 1.00000e+00  
 54.9 2.0024e+01  14 1.00000e+00  
 55.0 2.0059e+01  14 1.00000e+00  
 55.1 2.0105e+01  14 1.00000e+00  
 55.2 2.0151e+01  14 1.00000e+00  
 55.3 2.0198e+01  14 1.00000e+00  
 55.4 2.0269e+01  14 1.00000e+00  
 55.5 2.0329e+01  14 1.00000e+00  
 55.6 2.0385e+01  14 1.00000e+00  
 55.7 2.0437e+01  14 1.00000e+00  
 55.8 2.0485e+01  14 1.00000e+00  
 55.9 2.0600e+01  14 1.00000e+00  
 56.0 2.0639e+01  14 1.00000e+00  
 56.1 2.0674e+01  14 1.00000e+00  
 56.2 2.0710e+01  14 1.00000e+00  
 56.3 2.0746e+01  14 1.00000e+00  
 56.4 2.0783e+01  14 1.00000e+00  
 56.5 2.0819e+01  14 1.00000e+00  
 56.6 2.0853e+01  14 1.00000e+00  
 56.7 2.0889e+01  14 1.00000e+00  
 56.8 2.0924e+01  14 1.00000e+00  
 56.9 2.0958e+01  14 1.00000e+00  
 57.0 2.0995e+01  14 1.00000e+00  
 57.1 2.1036e+01  14 1.00000e+00  
 57.2 2.1082e+01  14 1.00000e+00  
 57.3 2.1129e+01  14 1.00000e+00  
 57.4 2.1176e+01  14 1.00000e+00  
 57.5 2.1223e+01  14 1.00000e+00  
 57.6 2.1270e+01  14 1.00000e+00  
 57.7 2.1317e+01  14 1.00000e+00  
 57.8 2.1390e+01  14 1.00000e+00  
 57.9 2.1431e+01  14 1.00000e+00  
 58.0 2.1457e+01  14 1.00000e+00  
 58.1 2.1541e+01  14 1.00000e+00  
 58.2 2.1582e+01  14 1.00000e+00  
 58.3 2.1615e+01  14 1.00000e+00  
 58.4 2.1687e+01  14 1.00000e+00  
 58.5 2.1722e+01  14 1.00000e+00  
 58.6 2.1767e+01  14 1.00000e+00  
 58.7 2.1834e+01  14 1.00000e+00  
 58.8 2.1872e+01  14 1.00000e+00  
 58.9 2.1905e+01  14 1.00000e+00  
 59.0 2.1975e+01  14 1.00000e+00  
 59.1 2.2013e+01  14 1.00000e+00  
 59.2 2.2042e+01  14 1.00000e+00  
 59.3 2.2115e+01  14 1.00000e+00  
 59.4 2.2152e+01  14 1.00000e+00  
 59.5 2.2180e+01  14 1.00000e+00  
 59.6 2.2256e+01  14 1.00000e+00  
 59.7 2.2291e+01  14 1.00000e+00  
 59.8 2.2320e+01  14 1.00000e+00  
 59.9 2.2345e+01  14 1.00000e+00  
 60.0 2.2436e+01  14 1.00000e+00  
 60.1 2.2461e+01  14 1.00000e+00  
 60.2 2.2486e+01  14 1.00000e+00  
 60.3 2.2578e+01  14 1.00000e+00  
 60.4 2.2604e+01  14 1.00000e+00  
 60.5 2.2627e+01  14 1.00000e+00  
 60.6 2.2673e+01  14 1.00000e+00  
 60.7 2.2754e+01  14 1.00000e+00  
 60.8 2.2768e+01  14 1.00000e+00  
 60.9 2.2814e+01  14 1.00000e+00  
 61.0 2.2861e+01  14 1.00000e+00  
 61.1 2.2921e+01  14 1.00000e+00  
 61.2 2.2956e+01  14 1.00000e+00  
 61.3 2.3002e+01  14 1.00000e+00  
 61.4 2.3053e+01  14 1.00000e+00  
 61.5 2.3097e+01  14 1.00000e+00  
 61.6 2.3143e+01  14 1.00000e+00  
 61.7 2.3190e+01  14 1.00000e+00  
 61.8 2.3251e+01  14 1.00000e+00  
 61.9 2.3328e+01  14 1.00000e+00  
 62.0 2.3331e+01  14 1.00000e+00  
 62.1 2.3378e+01  14 1.00000e+00  
 62.2 2.3448e+01  14 1.00000e+00  
 62.3 2.3524e+01  14 1.00000e+00  
 62.4 2.3520e+01  14 1.00000e+00  
 62.5 2.3566e+01  14 1.00000e+00  
 62.6 2.3629e+01  14 1.00000e+00  
 62.7 2.3703e+01  14 1.00000e+00  
 62.8 2.3780e+01  14 1.00000e+00  
 62.9 2.3754e+01  14 1.00000e+00  
 63.0 2.3816e+01  14 1.00000e+00  
 63.1 2.3891e+01  14 1.00000e+00  
 63.2 2.3963e+01  14 1.00000e+00  
 63.3 2.4038e+01  14 1.00000e+00  
 63.4 2.3994e+01  14 1.00000e+00  
 63.5 2.4072e+01  14 1.00000e+00  
 63.6 2.4144e+01  14 1.00000e+00  
 63.7 2.4218e+01  14 1.00000e+00  
 63.8 2.4292e+01  14 1.00000e+00  
 63.9 2.4250e+01  14 1.00000e+00  
 64.0 2.4320e+01  14 1.00000e+00  
 64.1 2.4394e+01  14 1.00000e+00  
 64.2 2.4466e+01  14 1.00000e+00  
 64.3 2.4538e+01  14 1.00000e+00  
 64.4 2.4492e+01  14 1.00000e+00  
 64.5 2.4566e+01  14 1.00000e+00  
 64.6 2.4637e+01  14 1.00000e+00  
 64.7 2.4709e+01  14 1.00000e+00  
 64.8 2.4671e+01  14 1.00000e+00  
 64.9 2.4710e+01  14 1.00000e+00  
 65.0 2.4725e+01  14 1.00000e+00  
 65.1 2.4871e+01  14 1.00000e+00  
 65.2 2.4946e+01  14 1.00000e+00  
 65.3 2.4896e+01  14 1.00000e+00  
 65.4 2.4928e+01  14 1.00000e+00  
 65.5 2.4932e+01  14 1.00000e+00  
 65.6 2.4976e+01  14 1.00000e+00  
 65.7 2.5174e+01  14 1.00000e+00  
 65.8 2.5120e+01  14 1.00000e+00  
 65.9 2.5150e+01  14 1.00000e+00  
 66.0 2.5155e+01  14 1.00000e+00  
 66.1 2.5199e+01  14 1.00000e+00  
 66.2 2.5242e+01  14 1.00000e+00  
 66.3 2.5312e+01  14 1.00000e+00  
 66.4 2.5378e+01  14 1.00000e+00  
 66.5 2.5378e+01  14 1.00000e+00  
 66.6 2.5421e+01  14 1.00000e+00  
 66.7 2.5465e+01  14 1.00000e+00  
 66.8 2.5514e+01  14 1.00000e+00  
 66.9 2.5595e+01  14 1.00000e+00  
 67.0 2.5660e+01  14 1.00000e+00  
 67.1 2.5645e+01  14 1.00000e+00  
 67.2 2.5689e+01  14 1.00000e+00  
 67.3 2.5733e+01  14 1.00000e+00  
 67.4 2.5792e+01  14 1.00000e+00  
 67.5 2.5871e+01  14 1.00000e+00  
 67.6 2.5946e+01  14 1.00000e+00  
 67.7 2.6018e+01  14 1.00000e+00  
 67.8 2.5958e+01  14 1.00000e+00  
 67.9 2.6002e+01  14 1.00000e+00  
 68.0 2.6064e+01  14 1.00000e+00  
 68.1 2.6139e+01  14 1.00000e+00  
 68.2 2.6213e+01  14 1.00000e+00  
 68.3 2.6283e+01  14 1.00000e+00  
 68.4 2.6356e+01  14 1.00000e+00  
 68.5 2.6427e+01  14 1.00000e+00  
 68.6 2.6319e+01  14 1.00000e+00  
 68.7 2.6397e+01  14 1.00000e+00  
 68.8 2.6470e+01  14 1.00000e+00  
 68.9 2.6542e+01  14 1.00000e+00  
 69.0 2.6614e+01  14 1.00000e+00  
 69.1 2.6682e+01  14 1.00000e+00  
 69.2 2.6757e+01  14 1.00000e+00  
 69.3 2.6703e+01  14 1.00000e+00  
 69.4 2.6715e+01  14 1.00000e+00  
 69.5 2.6787e+01  14 1.00000e+00  
 69.6 2.6858e+01  14 1.00000e+00  
 69.7 2.6927e+01  14 1.00000e+00  
 69.8 2.6996e+01  14 1.00000e+00  
 69.9 2.7070e+01  14 1.00000e+00  
 70.0 2.7023e+01  14 1.00000e+00  
 70.1 2.7058e+01  14 1.00000e+00  
 70.2 2.7087e+01  14 1.00000e+00  
 70.3 2.7162e+01  14 1.00000e+00  
 70.4 2.7231e+01  14 1.00000e+00  
 70.5 2.7299e+01  14 1.00000e+00  
 70.6 2.7368e+01  14 1.00000e+00  
 70.7 2.7441e+01  14 1.00000e+00  
 70.8 2.7387e+01  14 1.00000e+00  
 70.9 2.7426e+01  14 1.00000e+00  
 71.0 2.7451e+01  14 1.00000e+00  
 71.1 2.7450e+01  14 1.00000e+00  
 71.2 2.7492e+01  14 1.00000e+00  
 71.3 2.7653e+01  14 1.00000e+00  
 71.4 2.7722e+01  14 1.00000e+00  
 71.5 2.7789e+01  14 1.00000e+00  
 71.6 2.7751e+01  14 1.00000e+00  
 71.7 2.7798e+01  14 1.00000e+00  
 71.8 2.7836e+01  14 1.00000e+00  
 71.9 2.7834e+01  14 1.00000e+00  
 72.0 2.7856e+01  14 1.00000e+00  
 72.1 2.7901e+01  14 1.00000e+00  
 72.2 2.7947e+01  14 1.00000e+00  
 72.3 2.8131e+01  14 1.00000e+00  
 72.4 2.8198e+01  14 1.00000e+00  
 72.5 2.8163e+01  14 1.00000e+00  
 72.6 2.8216e+01  14 1.00000e+00  
 72.7 2.8255e+01  14 1.00000e+00  
 72.8 2.8287e+01  14 1.00000e+00  
 72.9 2.8283e+01  14 1.00000e+00  
 73.0 2.8313e+01  14 1.00000e+00  
 73.1 2.8358e+01  14 1.00000e+00  
 73.2 2.8403e+01  14 1.00000e+00  
 73.3 2.8451e+01  14 1.00000e+00  
 73.4 2.8659e+01  14 1.00000e+00  
 73.5 2.8624e+01  14 1.00000e+00  
 73.6 2.8678e+01  14 1.00000e+00  
 73.7 2.8722e+01  14 1.00000e+00  
 73.8 2.8758e+01  14 1.00000e+00  
 73.9 2.8759e+01  14 1.00000e+00  
 74.0 2.8778e+01  14 1.00000e+00  
 74.1 2.8817e+01  14 1.00000e+00  
 74.2 2.8863e+01  14 1.00000e+00  
 74.3 2.8914e+01  14 1.00000e+00  
 74.4 2.8987e+01  14 1.00000e+00  
 74.5 2.9001e+01  14 1.00000e+00  
 74.6 2.9134e+01  14 1.00000e+00  
 74.7 2.9185e+01  14 1.00000e+00  
 74.8 2.9231e+01  14 1.00000e+00  
 74.9 2.9273e+01  14 1.00000e+00  
 75.0 2.9304e+01  14 1.00000e+00  
 75.1 2.9309e+01  14 1.00000e+00  
 75.2 2.9327e+01  14 1.00000e+00  
 75.3 2.9370e+01  14 1.00000e+00  
 75.4 2.9416e+01  14 1.00000e+00  
 75.5 2.9470e+01  14 1.00000e+00  
 75.6 2.9543e+01  14 1.00000e+00  
 75.7 2.9612e+01  14 1.00000e+00  
 75.8 2.9621e+01  14 1.00000e+00  
 75.9 2.9742e+01  14 1.00000e+00  
 76.0 2.9794e+01  14 1.00000e+00  
 76.1 2.9840e+01  14 1.00000e+00  
 76.2 2.9881e+01  14 1.00000e+00  
 76.3 2.9916e+01  14 1.00000e+00  
 76.4 2.9923e+01  14 1.00000e+00  
 76.5 2.9947e+01  14 1.00000e+00  
 76.6 2.9971e+01  14 1.00000e+00  
 76.7 3.0017e+01  14 1.00000e+00  
 76.8 3.0063e+01  14 1.00000e+00  
 76.9 3.0128e+01  14 1.00000e+00  
 77.0 3.0200e+01  14 1.00000e+00  
 77.1 3.0262e+01  14 1.00000e+00  
 77.2 3.0336e+01  14 1.00000e+00  
 77.3 3.0395e+01  14 1.00000e+00  
 77.4 3.0449e+01  14 1.00000e+00  
 77.5 3.0495e+01  14 1.00000e+00  
 77.6 3.0541e+01  14 1.00000e+00  
 77.7 3.0581e+01  14 1.00000e+00  
 77.8 3.0590e+01  14 1.00000e+00  
 77.9 3.0626e+01  14 1.00000e+00  
 78.0 3.0651e+01  14 1.00000e+00  
 78.1 3.0671e+01  14 1.00000e+00  
 78.2 3.0716e+01  14 1.00000e+00  
 78.3 3.0762e+01  14 1.00000e+00  
 78.4 3.0820e+01  14 1.00000e+00  
 78.5 3.0891e+01  14 1.00000e+00  
 78.6 3.0961e+01  14 1.00000e+00  
 78.7 3.1010e+01  14 1.00000e+00  
 78.8 3.1181e+01  14 1.00000e+00  
 78.9 3.1147e+01  14 1.00000e+00  
 79.0 3.1198e+01  14 1.00000e+00  
 79.1 3.1252e+01  14 1.00000e+00  
 79.2 3.1299e+01  14 1.00000e+00  
 79.3 3.1340e+01  14 1.00000e+00  
 79.4 3.1380e+01  14 1.00000e+00  
 79.5 3.1394e+01  14 1.00000e+00  
 79.6 3.1432e+01  14 1.00000e+00  
 79.7 3.1461e+01  14 1.00000e+00  
 79.8 3.1482e+01  14 1.00000e+00  
 79.9 3.1513e+01  14 1.00000e+00  
 80.0 3.1559e+01  14 1.00000e+00  
 80.1 3.1608e+01  14 1.00000e+00  
 80.2 3.1654e+01  14 1.00000e+00  
 80.3 3.1883e+01  14 1.00000e+00  
 80.4 3.1897e+01  14 1.00000e+00  
 80.5 3.1956e+01  14 1.00000e+00  
 80.6 3.2016e+01  14 1.00000e+00  
 80.7 3.2081e+01  14 1.00000e+00  
 80.8 3.2047e+01  14 1.00000e+00  
 80.9 3.2100e+01  14 1.00000e+00  
 81.0 3.2152e+01  14 1.00000e+00  
 81.1 3.2199e+01  14 1.00000e+00  
 81.2 3.2245e+01  14 1.00000e+00  
 81.3 3.2295e+01  14 1.00000e+00  
 81.4 3.2334e+01  14 1.00000e+00  
 81.5 3.2351e+01  14 1.00000e+00  
 81.6 3.2393e+01  14 1.00000e+00  
 81.7 3.2427e+01  14 1.00000e+00  
 81.8 3.2460e+01  14 1.00000e+00  
 81.9 3.2483e+01  14 1.00000e+00  
 82.0 3.2506e+01  14 1.00000e+00  
 82.1 3.2633e+01  14 1.00000e+00  
 82.2 3.2706e+01  14 1.00000e+00  
 82.3 3.2755e+01  14 1.00000e+00  
 82.4 3.2809e+01  14 1.00000e+00  
 82.5 3.2873e+01  14 1.00000e+00  
 82.6 3.2931e+01  14 1.00000e+00  
 82.7 3.2991e+01  14 1.00000e+00  
 82.8 3.3050e+01  14 1.00000e+00  
 82.9 3.3109e+01  14 1.00000e+00  
 83.0 3.3166e+01  14 1.00000e+00  
 83.1 3.3227e+01  14 1.00000e+00  
 83.2 3.3191e+01  14 1.00000e+00  
 83.3 3.3248e+01  14 1.00000e+00  
 83.4 3.3302e+01  14 1.00000e+00  
 83.5 3.3351e+01  14 1.00000e+00  
 83.6 3.3398e+01  14 1.00000e+00  
 83.7 3.3448e+01  14 1.00000e+00  
 83.8 3.3488e+01  14 1.00000e+00  
 83.9 3.3534e+01  14 1.00000e+00  
 84.0 3.3556e+01  14 1.00000e+00  
 84.1 3.3633e+01  14 1.00000e+00  
 84.2 3.3741e+01  14 1.00000e+00  
 84.3 3.3611e+01  14 1.00000e+00  
 84.4 3.3675e+01  14 1.00000e+00  
 84.5 3.3738e+01  14 1.00000e+00  
 84.6 3.3801e+01  14 1.00000e+00  
 84.7 3.3859e+01  14 1.00000e+00  
 84.8 3.3921e+01  14 1.00000e+00  
 84.9 3.3978e+01  14 1.00000e+00  
 85.0 3.4037e+01  14 1.00000e+00  
 85.1 3.4096e+01  14 1.00000e+00  
 85.2 3.4153e+01  14 1.00000e+00  
 85.3 3.4213e+01  14 1.00000e+00  
 85.4 3.4272e+01  14 1.00000e+00  
 85.5 3.4328e+01  14 1.00000e+00  
 85.6 3.4387e+01  14 1.00000e+00  
 85.7 3.4445e+01  14 1.00000e+00  
 85.8 3.4500e+01  14 1.00000e+00  
 85.9 3.4558e+01  14 1.00000e+00  
 86.0 3.4614e+01  14 1.00000e+00  
 86.1 3.4622e+01  14 1.00000e+00  
 86.2 3.4604e+01  14 1.00000e+00  
 86.3 3.4597e+01  14 1.00000e+00  
 86.4 3.4749e+01  14 1.00000e+00  
 86.5 3.4797e+01  14 1.00000e+00  
 86.6 3.4820e+01  14 1.00000e+00  
 86.7 3.4862e+01  14 1.00000e+00  
 86.8 3.4907e+01  14 1.00000e+00  
 86.9 3.4950e+01  14 1.00000e+00  
 87.0 3.4990e+01  14 1.00000e+00  
 87.1 3.5029e+01  14 1.00000e+00  
 87.2 3.5066e+01  14 1.00000e+00  
 87.3 3.5104e+01  14 1.00000e+00  
 87.4 3.5135e+01  14 1.00000e+00  
 87.5 3.5164e+01  14 1.00000e+00  
 87.6 3.5194e+01  14 1.00000e+00  
 87.7 3.5234e+01  14 1.00000e+00  
 87.8 3.5289e+01  14 1.00000e+00  
 87.9 3.5344e+01  14 1.00000e+00  
 88.0 3.5405e+01  14 1.00000e+00  
 88.1 3.5465e+01  14 1.00000e+00  
 88.2 3.5526e+01  14 1.00000e+00  
 88.3 3.5587e+01  14 1.00000e+00  
 88.4 3.5646e+01  14 1.00000e+00  
 88.5 3.5700e+01  14 1.00000e+00  
 88.6 3.5760e+01  14 1.00000e+00  
 88.7 3.5817e+01  14 1.00000e+00  
 88.8 3.5874e+01  14 1.00000e+00  
 88.9 3.5890e+01  14 1.00000e+00  
 89.0 3.5937e+01  14 1.00000e+00  
 89.1 3.6137e+01  14 1.00000e+00  
 89.2 3.6159e+01  14 1.00000e+00  
 89.3 3.6214e+01  14 1.00000e+00  
 89.4 3.6269e+01  14 1.00000e+00  
 89.5 3.6325e+01  14 1.00000e+00  
 89.6 3.6379e+01  14 1.00000e+00  
 89.7 3.6435e+01  14 1.00000e+00  
 89.8 3.6401e+01  14 1.00000e+00  
 89.9 3.6449e+01  14 1.00000e+00  
 90.0 3.6507e+01  14 1.00000e+00  
 90.1 3.6551e+01  14 1.00000e+00  
 90.2 3.6610e+01  14 1.00000e+00  
 90.3 3.6661e+01  14 1.00000e+00  
 90.4 3.6709e+01  14 1.00000e+00  
 90.5 3.6763e+01  14 1.00000e+00  
 90.6 3.6816e+01  14 1.00000e+00  
 90.7 3.6866e+01  14 1.00000e+00  
 90.8 3.6914e+01  14 1.00000e+00  
 90.9 3.6962e+01  14 1.00000e+00  
 91.0 3.7008e+01  14 1.00000e+00  
 91.1 3.7058e+01  14 1.00000e+00  
 91.2 3.7111e+01  14 1.00000e+00  
 91.3 3.7161e+01  14 1.00000e+00  
 91.4 3.7209e+01  14 1.00000e+00  
 91.5 3.7259e+01  14 1.00000e+00  
 91.6 3.7307e+01  14 1.00000e+00  
 91.7 3.7336e+01  14 1.00000e+00  
 91.8 3.7436e+01  14 1.00000e+00  
 91.9 3.7405e+01  14 1.00000e+00  
 92.0 3.7394e+01  14 1.00000e+00  
 92.1 3.7465e+01  14 1.00000e+00  
 92.2 3.7508e+01  14 1.00000e+00  
 92.3 3.7547e+01  14 1.00000e+00  
 92.4 3.7592e+01  14 1.00000e+00  
 92.5 3.7630e+01  14 1.00000e+00  
 92.6 3.7665e+01  14 1.00000e+00  
 92.7 3.7700e+01  14 1.00000e+00  
 92.8 3.7740e+01  14 1.00000e+00  
 92.9 3.7789e+01  14 1.00000e+00  
 93.0 3.7842e+01  14 1.00000e+00  
 93.1 3.7897e+01  14 1.00000e+00  
 93.2 3.7954e+01  14 1.00000e+00  
 93.3 3.8009e+01  14 1.00000e+00  
 93.4 3.8065e+01  14 1.00000e+00  
 93.5 3.8122e+01  14 1.00000e+00  
 93.6 3.8178e+01  14 1.00000e+00  
 93.7 3.8235e+01  14 1.00000e+00  
 93.8 3.8291e+01  14 1.00000e+00  
 93.9 3.8346e+01  14 1.00000e+00  
 94.0 3.8402e+01  14 1.00000e+00  
 94.1 3.8467e+01  14 1.00000e+00  
 94.2 3.8512e+01  14 1.00000e+00  
 94.3 3.8557e+01  14 1.00000e+00  
 94.4 3.8605e+01  14 1.00000e+00  
 94.5 3.8656e+01  14 1.00000e+00  
 94.6 3.8706e+01  14 1.00000e+00  
 94.7 3.8757e+01  14 1.00000e+00  
 94.8 3.8807e+01  14 1.00000e+00  
 94.9 3.8858e+01  14 1.00000e+00  
 95.0 3.8908e+01  14 1.00000e+00  
 95.1 3.8958e+01  14 1.00000e+00  
 95.2 3.9009e+01  14 1.00000e+00  
 95.3 3.9058e+01  14 1.00000e+00  
 95.4 3.9108e+01  14 1.00000e+00  
 95.5 3.9129e+01  14 1.00000e+00  
 95.6 3.9165e+01  14 1.00000e+00  
 95.7 3.9292e+01  14 1.00000e+00  
 95.8 3.9338e+01  14 1.00000e+00  
 95.9 3.9389e+01  14 1.00000e+00  
 96.0 3.9479e+01  14 1.00000e+00  
 96.1 3.9507e+01  14 1.00000e+00  
 96.2 3.9536e+01  14 1.00000e+00  
 96.3 3.9567e+01  14 1.00000e+00  
 96.4 3.9663e+01  14 1.00000e+00  
 96.5 3.9695e+01  14 1.00000e+00  
 96.6 3.9729e+01  14 1.00000e+00  
 96.7 3.9764e+01  14 1.00000e+00  
 96.8 3.9829e+01  14 1.00000e+00  
 96.9 3.9919e+01  14 1.00000e+00  
 97.0 4.0008e+01  14 1.00000e+00  
 97.1 4.0097e+01  14 1.00000e+00  
 97.2 4.0187e+01  14 1.00000e+00  
 97.3 4.0276e+01  14 1.00000e+00  
 97.4 4.0366e+01  14 1.00000e+00  
 97.5 4.0455e+01  14 1.00000e+00  
 97.6 4.0545e+01  14 1.00000e+00  
 97.7 4.0634e+01  14 1.00000e+00  
 97.8 4.0724e+01  14 1.00000e+00  
 97.9 4.0814e+01  14 1.00000e+00  
 98.0 4.0903e+01  14 1.00000e+00  
 98.1 4.0993e+01  14 1.00000e+00  
 98.2 4.1083e+01  14 1.00000e+00  
 98.3 4.1172e+01  14 1.00000e+00  
 98.4 4.1262e+01  14 1.00000e+00  
 98.5 4.1352e+01  14 1.00000e+00  
 98.6 4.1442e+01  14 1.00000e+00  
 98.7 4.1532e+01  14 1.00000e+00  
 98.8 4.1622e+01  14 1.00000e+00  
 98.9 4.1706e+01  14 1.00000e+00  
 99.0 4.1796e+01  14 1.00000e+00  
 99.1 4.1886e+01  14 1.00000e+00  
 99.2 4.1976e+01  14 1.00000e+00  
 99.3 4.2066e+01  14 1.00000e+00  
 99.4 4.2156e+01  14 1.00000e+00  
 99.5 4.2246e+01  14 1.00000e+00  
 99.6 4.2336e+01  14 1.00000e+00  
 99.7 4.2426e+01  14 1.00000e+00  
 99.8 4.2516e+01  14 1.00000e+00  
 99.9 4.2606e+01  14 1.00000e+00  
100.0 4.2696e+01  14 1.00000e+00  
100.1 4.2787e+01  14 1.00000e+00  
100.2 4.2877e+01  14 1.00000e+00  
100.3 4.2967e+01  14 1.00000e+00  
100.4 4.3057e+01  14 1.00000e+00  
100.5 4.3148e+01  14 1.00000e+00  
100.6 4.3238e+01  14 1.00000e+00  
100.7 4.3328e+01  14 1.00000e+00  
100.8 4.3419e+01  14 1.00000e+00  
100.9 4.3509e+01  14 1.00000e+00  
101.0 4.3600e+01  14 1.00000e+00  
101.1 4.3690e+01  14 1.00000e+00  
101.2 4.3780e+01  14 1.00000e+00  
101.3 4.3871e+01  14 1.00000e+00  
101.4 4.3961e+01  14 1.00000e+00  
101.5 4.4052e+01  14 1.00000e+00  
101.6 4.4142e+01  14 1.00000e+00  
101.7 4.4233e+01  14 1.00000e+00  
101.8 4.4323e+01  14 1.00000e+00  
101.9 4.4414e+01  14 1.00000e+00  
102.0 4.4505e+01  14 1.00000e+00  
102.1 4.4595e+01  14 1.00000e+00  
102.2 4.4686e+01  14 1.00000e+00  
102.3 4.4776e+01  14 1.00000e+00  
102.4 4.4867e+01  14 1.00000e+00  
102.5 4.4958e+01  14 1.00000e+00  
102.6 4.5048e+01  14 1.00000e+00  
102.7 4.5139e+01  14 1.00000e+00  
102.8 4.5230e+01  14 1.00000e+00  
102.9 4.5321e+01  14 1.00000e+00  
103.0 4.5411e+01  14 1.00000e+00  
103.1 4.5502e+01  14 1.00000e+00  
103.2 4.5593e+01  14 1.00000e+00  
103.3 4.5684e+01  14 1.00000e+00  
103.4 4.5774e+01  14 1.00000e+00  
103.5 4.5865e+01  14 1.00000e+00  
103.6 4.5956e+01  14 1.00000e+00  
103.7 4.6047e+01  14 1.00000e+00  
103.8 4.6138e+01  14 1.00000e+00  
103.9 4.6228e+01  14 1.00000e+00  
104.0 4.6319e+01  14 1.00000e+00  
104.1 4.6410e+01  14 1.00000e+00  
104.2 4.6501e+01  14 1.00000e+00  
104.3 4.6592e+01  14 1.00000e+00  
104.4 4.6683e+01  14 1.00000e+00  
104.5 4.6774e+01  14 1.00000e+00  
104.6 4.6865e+01  14 1.00000e+00  
104.7 4.6956e+01  14 1.00000e+00  
104.8 4.7047e+01  14 1.00000e+00  
104.9 4.7138e+01  14 1.00000e+00  
105.0 4.7228e+01  14 1.00000e+00  
105.1 4.7319e+01  14 1.00000e+00  
105.2 4.7410e+01  14 1.00000e+00  
105.3 4.7501e+01  14 1.00000e+00  
105.4 4.7592e+01  14 1.00000e+00  
105.5 4.7683e+01  14 1.00000e+00  
105.6 4.7774e+01  14 1.00000e+00  
105.7 4.7866e+01  14 1.00000e+00  
105.8 4.7957e+01  14 1.00000e+00  
105.9 4.8042e+01  14 1.00000e+00  
106.0 4.8133e+01  14 1.00000e+00  
106.1 4.8225e+01  14 1.00000e+00  
106.2 4.8316e+01  14 1.00000e+00  
106.3 4.8407e+01  14 1.00000e+00  
106.4 4.8498e+01  14 1.00000e+00  
106.5 4.8589e+01  14 1.00000e+00  
106.6 4.8680e+01  14 1.00000e+00  
106.7 4.8771e+01  14 1.00000e+00  
106.8 4.8862e+01  14 1.00000e+00  
106.9 4.8953e+01  14 1.00000e+00  
107.0 4.9045e+01  14 1.00000e+00  
107.1 4.9136e+01  14 1.00000e+00  
107.2 4.9227e+01  14 1.00000e+00  
107.3 4.9318e+01  14 1.00000e+00  
107.4 4.9409e+01  14 1.00000e+00  
107.5 4.9500e+01  14 1.00000e+00  
107.6 4.9592e+01  14 1.00000e+00  
107.7 4.9683e+01  14 1.00000e+00  
107.8 4.9774e+01  14 1.00000e+00  
107.9 4.9865e+01  14 1.00000e+00  
108.0 4.9956e+01  14 1.00000e+00  
108.1 5.0048e+01  14 1.00000e+00  
108.2 5.0139e+01  14 1.00000e+00  
108.3 5.0230e+01  14 1.00000e+00  
108.4 5.0321e+01  14 1.00000e+00  
108.5 5.0413e+01  14 1.00000e+00  
108.6 5.0504e+01  14 1.00000e+00  
108.7 5.0595e+01  14 1.00000e+00  
108.8 5.0686e+01  14 1.00000e+00  
108.9 5.0778e+01  14 1.00000e+00  
109.0 5.0869e+01  14 1.00000e+00  
109.1 5.0960e+01  14 1.00000e+00  
109.2 5.1051e+01  14 1.00000e+00  
109.3 5.1143e+01  14 1.00000e+00  
109.4 5.1234e+01  14 1.00000e+00  
109.5 5.1325e+01  14 1.00000e+00  
109.6 5.1416e+01  14 1.00000e+00  
109.7 5.1508e+01  14 1.00000e+00  
109.8 5.1599e+01  14 1.00000e+00  
109.9 5.1690e+01  14 1.00000e+00  
110.0 5.1782e+01  14 1.00000e+00  
110.1 5.1873e+01  14 1.00000e+00  
110.2 5.1964e+01  14 1.00000e+00  
110.3 5.2056e+01  14 1.00000e+00  
110.4 5.2147e+01  14 1.00000e+00  
110.5 5.2238e+01  14 1.00000e+00  
110.6 5.2329e+01  14 1.00000e+00  
110.7 5.2421e+01  14 1.00000e+00  
110.8 5.2512e+01  14 1.00000e+00  
110.9 5.2603e+01  14 1.00000e+00  
111.0 5.2695e+01  14 1.00000e+00  
111.1 5.2786e+01  14 1.00000e+00  
111.2 5.2877e+01  14 1.00000e+00  
111.3 5.2969e+01  14 1.00000e+00  
111.4 5.3060e+01  14 1.00000e+00  
111.5 5.3151e+01  14 1.00000e+00  
111.6 5.3243e+01  14 1.00000e+00  
111.7 5.3334e+01  14 1.00000e+00  
111.8 5.3425e+01  14 1.00000e+00  
111.9 5.3516e+01  14 1.00000e+00  
112.0 5.3608e+01  14 1.00000e+00  
112.1 5.3699e+01  14 1.00000e+00  
112.2 5.3790e+01  14 1.00000e+00  
112.3 5.3882e+01  14 1.00000e+00  
112.4 5.3973e+01  14 1.00000e+00  
112.5 5.4064e+01  14 1.00000e+00  
112.6 5.4156e+01  14 1.00000e+00  
112.7 5.4247e+01  14 1.00000e+00  
112.8 5.4338e+01  14 1.00000e+00  
112.9 5.4430e+01  14 1.00000e+00  
113.0 5.4521e+01  14 1.00000e+00  
113.1 5.4612e+01  14 1.00000e+00  
113.2 5.4704e+01  14 1.00000e+00  
113.3 5.4795e+01  14 1.00000e+00  
113.4 5.4886e+01  14 1.00000e+00  
113.5 5.4978e+01  14 1.00000e+00  
113.6 5.5064e+01  14 1.00000e+00  
113.7 5.5156e+01  14 1.00000e+00  
113.8 5.5247e+01  14 1.00000e+00  
113.9 5.5338e+01  14 1.00000e+00  
114.0 5.5430e+01  14 1.00000e+00  
114.1 5.5521e+01  14 1.00000e+00  
114.2 5.5612e+01  14 1.00000e+00  
114.3 5.5704e+01  14 1.00000e+00  
114.4 5.5795e+01  14 1.00000e+00  
114.5 5.5886e+01  14 1.00000e+00  
114.6 5.5978e+01  14 1.00000e+00  
114.7 5.6069e+01  14 1.00000e+00  
114.8 5.6160e+01  14 1.00000e+00  
114.9 5.6251e+01  14 1.00000e+00  
115.0 5.6343e+01  14 1.00000e+00  
115.1 5.6434e+01  14 1.00000e+00  
115.2 5.6525e+01  14 1.00000e+00  
115.3 5.6626e+01  14 1.00000e+00  
115.4 5.6718e+01  14 1.00000e+00  
115.5 5.6809e+01  14 1.00000e+00  
115.6 5.6900e+01  14 1.00000e+00  
115.7 5.6992e+01  14 1.00000e+00  
115.8 5.7083e+01  14 1.00000e+00  
115.9 5.7174e+01  14 1.00000e+00  
116.0 5.7265e+01  14 1.00000e+00  
116.1 5.7357e+01  14 1.00000e+00  
116.2 5.7448e+01  14 1.00000e+00  
116.3 5.7539e+01  14 1.00000e+00  
116.4 5.7631e+01  14 1.00000e+00  
116.5 5.7722e+01  14 1.00000e+00  
116.6 5.7813e+01  14 1.00000e+00  
116.7 5.7904e+01  14 1.00000e+00  
116.8 5.7996e+01  14 1.00000e+00  
116.9 5.8087e+01  14 1.00000e+00  
117.0 5.8178e+01  14 1.00000e+00  
117.1 5.8270e+01  14 1.00000e+00  
117.2 5.8361e+01  14 1.00000e+00  
117.3 5.8452e+01  14 1.00000e+00  
117.4 5.8543e+01  14 1.00000e+00  
117.5 5.8635e+01  14 1.00000e+00  
117.6 5.8726e+01  14 1.00000e+00  
117.7 5.8817e+01  14 1.00000e+00  
117.8 5.8908e+01  14 1.00000e+00  
117.9 5.9000e+01  14 1.00000e+00  
118.0 5.9091e+01  14 1.00000e+00  
118.1 5.9182e+01  14 1.00000e+00  
118.2 5.9273e+01  14 1.00000e+00  
118.3 5.9364e+01  14 1.00000e+00  
118.4 5.9456e+01  14 1.00000e+00  
118.5 5.9547e+01  14 1.00000e+00  
118.6 5.9638e+01  14 1.00000e+00  
118.7 5.9729e+01  14 1.00000e+00  
118.8 5.9820e+01  14 1.00000e+00  
118.9 5.9912e+01  14 1.00000e+00  
119.0 6.0003e+01  14 1.00000e+00  
119.1 6.0094e+01  14 1.00000e+00  
119.2 6.0185e+01  14 1.00000e+00  
119.3 6.0276e+01  14 1.00000e+00  
119.4 6.0367e+01  14 1.00000e+00  
119.5 6.0459e+01  14 1.00000e+00  
119.6 6.0550e+01  14 1.00000e+00  
119.7 6.0641e+01  14 1.00000e+00  
119.8 6.0732e+01  14 1.00000e+00  
119.9 6.0823e+01  14 1.00000e+00  
120.0 6.0914e+01  14 1.00000e+00  
120.1 6.1005e+01  14 1.00000e+00  
120.2 6.1097e+01  14 1.00000e+00  
120.3 6.1188e+01  14 1.00000e+00  
120.4 6.1279e+01  14 1.00000e+00  
120.5 6.1370e+01  14 1.00000e+00  
120.6 6.1461e+01  14 1.00000e+00  
120.7 6.1552e+01  14 1.00000e+00  
120.8 6.1643e+01  14 1.00000e+00  
120.9 6.1734e+01  14 1.00000e+00  
121.0 6.1825e+01  14 1.00000e+00  
121.1 6.1916e+01  14 1.00000e+00  
121.2 6.2007e+01  14 1.00000e+00  
121.3 6.2099e+01  14 1.00000e+00  
121.4 6.2190e+01  14 1.00000e+00  
121.5 6.2281e+01  14 1.00000e+00  
121.6 6.2372e+01  14 1.00000e+00  
121.7 6.2463e+01  14 1.00000e+00  
121.8 6.2554e+01  14 1.00000e+00  
121.9 6.2645e+01  14 1.00000e+00  
122.0 6.2736e+01  14 1.00000e+00  
122.1 6.2823e+01  14 1.00000e+00  
122.2 6.2914e+01  14 1.00000e+00  
122.3 6.3005e+01  14 1.00000e+00  
122.4 6.3096e+01  14 1.00000e+00  
122.5 6.3187e+01  14 1.00000e+00  
122.6 6.3278e+01  14 1.00000e+00  
122.7 6.3369e+01  14 1.00000e+00  
122.8 6.3460e+01  14 1.00000e+00  
122.9 6.3551e+01  14 1.00000e+00  
123.0 6.3642e+01  14 1.00000e+00  
123.1 6.3733e+01  14 1.00000e+00  
123.2 6.3824e+01  14 1.00000e+00  
123.3 6.3914e+01  14 1.00000e+00  
123.4 6.4005e+01  14 1.00000e+00  
123.5 6.4096e+01  14 1.00000e+00  
123.6 6.4187e+01  14 1.00000e+00  
123.7 6.4278e+01  14 1.00000e+00  
123.8 6.4369e+01  14 1.00000e+00  
123.9 6.4460e+01  14 1.00000e+00  
124.0 6.4551e+01  14 1.00000e+00  
124.1 6.4641e+01  14 1.00000e+00  
124.2 6.4732e+01  14 1.00000e+00  
124.3 6.4823e+01  14 1.00000e+00  
124.4 6.4914e+01  14 1.00000e+00  
124.5 6.5005e+01  14 1.00000e+00  
124.6 6.5096e+01  14 1.00000e+00  
124.7 6.5186e+01  14 1.00000e+00  
124.8 6.5277e+01  14 1.00000e+00  
124.9 6.5368e+01  14 1.00000e+00  
125.0 6.5459e+01  14 1.00000e+00  
125.1 6.5550e+01  14 1.00000e+00  
125.2 6.5640e+01  14 1.00000e+00  
125.3 6.5731e+01  14 1.00000e+00  
125.4 6.5822e+01  14 1.00000e+00  
125.5 6.5913e+01  14 1.00000e+00  
125.6 6.6003e+01  14 1.00000e+00  
125.7 6.6094e+01  14 1.00000e+00  
125.8 6.6185e+01  14 1.00000e+00  
125.9 6.6276e+01  14 1.00000e+00  
126.0 6.6366e+01  14 1.00000e+00  
126.1 6.6457e+01  14 1.00000e+00  
126.2 6.6548e+01  14 1.00000e+00  
126.3 6.6638e+01  14 1.00000e+00  
126.4 6.6729e+01  14 1.00000e+00  
126.5 6.6820e+01  14 1.00000e+00  
126.6 6.6910e+01  14 1.00000e+00  
126.7 6.7001e+01  14 1.00000e+00  
126.8 6.7092e+01  14 1.00000e+00  
126.9 6.7182e+01  14 1.00000e+00  
127.0 6.7273e+01  14 1.00000e+00  
127.1 6.7364e+01  14 1.00000e+00  
127.2 6.7454e+01  14 1.00000e+00  
127.3 6.7545e+01  14 1.00000e+00  
127.4 6.7636e+01  14 1.00000e+00  
127.5 6.7726e+01  14 1.00000e+00  
127.6 6.7817e+01  14 1.00000e+00  
127.7 6.7907e+01  14 1.00000e+00  
127.8 6.7998e+01  14 1.00000e+00  
127.9 6.8088e+01  14 1.00000e+00  
128.0 6.8179e+01  14 1.00000e+00  
128.1 6.8270e+01  14 1.00000e+00  
128.2 6.8360e+01  14 1.00000e+00  
128.3 6.8451e+01  14 1.00000e+00  
128.4 6.8541e+01  14 1.00000e+00  
128.5 6.8632e+01  14 1.00000e+00  
128.6 6.8722e+01  14 1.00000e+00  
128.7 6.8813e+01  14 1.00000e+00  
128.8 6.8903e+01  14 1.00000e+00  
128.9 6.8994e+01  14 1.00000e+00  
129.0 6.9084e+01  14 1.00000e+00  
129.1 6.9175e+01  14 1.00000e+00  
129.2 6.9265e+01  14 1.00000e+00  
129.3 6.9356e+01  14 1.00000e+00  
129.4 6.9446e+01  14 1.00000e+00  
129.5 6.9536e+01  14 1.00000e+00  
129.6 6.9627e+01  14 1.00000e+00  
129.7 6.9717e+01  14 1.00000e+00  
129.8 6.9808e+01  14 1.00000e+00  
129.9 6.9898e+01  14 1.00000e+00  
130.0 6.9989e+01  14 1.00000e+00  
130.1 7.0079e+01  14 1.00000e+00  
130.2 7.0169e+01  14 1.00000e+00  
130.3 7.0260e+01  14 1.00000e+00  
130.4 7.0350e+01  14 1.00000e+00  
130.5 7.0440e+01  14 1.00000e+00  
130.6 7.0531e+01  14 1.00000e+00  
130.7 7.0621e+01  14 1.00000e+00  
130.8 7.0711e+01  14 1.00000e+00  
130.9 7.0802e+01  14 1.00000e+00  
131.0 7.0892e+01  14 1.00000e+00  
131.1 7.0982e+01  14 1.00000e+00  
131.2 7.1073e+01  14 1.00000e+00  
131.3 7.1163e+01  14 1.00000e+00  
131.4 7.1249e+01  14 1.00000e+00  
131.5 7.1340e+01  14 1.00000e+00  
131.6 7.1430e+01  14 1.00000e+00  
131.7 7.1520e+01  14 1.00000e+00  
131.8 7.1611e+01  14 1.00000e+00  
131.9 7.1701e+01  14 1.00000e+00  
132.0 7.1791e+01  14 1.00000e+00  
132.1 7.1881e+01  14 1.00000e+00  
132.2 7.1971e+01  14 1.00000e+00  
132.3 7.2062e+01  14 1.00000e+00  
132.4 7.2152e+01  14 1.00000e+00  
132.5 7.2242e+01  14 1.00000e+00  
132.6 7.2332e+01  14 1.00000e+00  
132.7 7.2422e+01  14 1.00000e+00  
132.8 7.2512e+01  14 1.00000e+00  
132.9 7.2603e+01  14 1.00000e+00  
133.0 7.2693e+01  14 1.00000e+00  
133.1 7.2783e+01  14 1.00000e+00  
133.2 7.2873e+01  14 1.00000e+00  
133.3 7.2963e+01  14 1.00000e+00  
133.4 7.3053e+01  14 1.00000e+00  
133.5 7.3143e+01  14 1.00000e+00  
133.6 7.3233e+01  14 1.00000e+00  
133.7 7.3323e+01  14 1.00000e+00  
133.8 7.3414e+01  14 1.00000e+00  
133.9 7.3504e+01  14 1.00000e+00  
134.0 7.3594e+01  14 1.00000e+00  
134.1 7.3684e+01  14 1.00000e+00  
134.2 7.3774e+01  14 1.00000e+00  
134.3 7.3864e+01  14 1.00000e+00  
134.4 7.3954e+01  14 1.00000e+00  
134.5 7.4044e+01  14 1.00000e+00  
134.6 7.4134e+01  14 1.00000e+00  
134.7 7.4224e+01  14 1.00000e+00  
134.8 7.4314e+01  14 1.00000e+00  
134.9 7.4404e+01  14 1.00000e+00  
135.0 7.4494e+01  14 1.00000e+00  
135.1 7.4584e+01  14 1.00000e+00  
135.2 7.4674e+01  14 1.00000e+00  
135.3 7.4764e+01  14 1.00000e+00  
135.4 7.4853e+01  14 1.00000e+00  
135.5 7.4943e+01  14 1.00000e+00  
135.6 7.5033e+01  14 1.00000e+00  
135.7 7.5123e+01  14 1.00000e+00  
135.8 7.5213e+01  14 1.00000e+00  
135.9 7.5303e+01  14 1.00000e+00  
136.0 7.5393e+01  14 1.00000e+00  
136.1 7.5483e+01  14 1.00000e+00  
136.2 7.5573e+01  14 1.00000e+00  
136.3 7.5662e+01  14 1.00000e+00  
136.4 7.5752e+01  14 1.00000e+00  
136.5 7.5842e+01  14 1.00000e+00  
136.6 7.5932e+01  14 1.00000e+00  
136.7 7.6022e+01  14 1.00000e+00  
136.8 7.5052e+01  14 1.00000e+00  
136.9 7.4937e+01  14 1.00000e+00  
137.0 7.3870e+01  14 1.00000e+00  
137.1 7.3959e+01  14 1.00000e+00  
137.2 7.4049e+01  14 1.00000e+00  
137.3 7.4138e+01  14 1.00000e+00  
137.4 7.4227e+01  14 1.00000e+00  
137.5 7.4316e+01  14 1.00000e+00  
137.6 7.4406e+01  14 1.00000e+00  
137.7 7.4495e+01  14 1.00000e+00  
137.8 7.4584e+01  14 1.00000e+00  
137.9 7.4673e+01  14 1.00000e+00  
138.0 7.4762e+01  14 1.00000e+00  
138.1 7.4851e+01  14 1.00000e+00  
138.2 7.4940e+01  14 1.00000e+00  
138.3 7.5029e+01  14 1.00000e+00  
138.4 7.5118e+01  14 1.00000e+00  
138.5 7.5207e+01  14 1.00000e+00  
138.6 7.5296e+01  14 1.00000e+00  
138.7 7.5386e+01  14 1.00000e+00  
138.8 7.5474e+01  14 1.00000e+00  
138.9 7.5565e+01  14 1.00000e+00  
139.0 7.5653e+01  14 1.00000e+00  
139.1 7.5741e+01  14 1.00000e+00  
139.2 7.5830e+01  14 1.00000e+00  
139.3 7.5918e+01  14 1.00000e+00  
139.4 7.6007e+01  14 1.00000e+00  
139.5 7.6095e+01  14 1.00000e+00  
139.6 7.6184e+01  14 1.00000e+00  
139.7 7.6273e+01  14 1.00000e+00  
139.8 7.6362e+01  14 1.00000e+00  
139.9 7.6451e+01  14 1.00000e+00  
140.0 7.6540e+01  14 1.00000e+00  
140.1 7.5798e+01  14 1.00000e+00  
140.2 7.5887e+01  14 1.00000e+00  
140.3 7.5976e+01  14 1.00000e+00  
140.4 7.6065e+01  14 1.00000e+00  
140.5 7.6154e+01  14 1.00000e+00  
140.6 7.6243e+01  14 1.00000e+00  
140.7 7.6332e+01  14 1.00000e+00  
140.8 7.4638e+01  14 1.00000e+00  
140.9 7.4725e+01  14 1.00000e+00  
141.0 7.4811e+01  14 1.00000e+00  
141.1 7.4898e+01  14 1.00000e+00  
141.2 7.4986e+01  14 1.00000e+00  
141.3 7.5074e+01  14 1.00000e+00  
141.4 7.5162e+01  14 1.00000e+00  
141.5 7.5249e+01  14 1.00000e+00  
141.6 7.5337e+01  14 1.00000e+00  
141.7 7.5425e+01  14 1.00000e+00  
141.8 7.5513e+01  14 1.00000e+00  
141.9 7.5601e+01  14 1.00000e+00  
142.0 7.5688e+01  14 1.00000e+00  
142.1 7.5776e+01  14 1.00000e+00  
142.2 7.5864e+01  14 1.00000e+00  
142.3 7.5952e+01  14 1.00000e+00  
142.4 7.6039e+01  14 1.00000e+00  
142.5 7.5253e+01  14 1.00000e+00  
142.6 7.5341e+01  14 1.00000e+00  
142.7 7.5430e+01  14 1.00000e+00  
142.8 7.5518e+01  14 1.00000e+00  
142.9 7.5606e+01  14 1.00000e+00  
143.0 7.5694e+01  14 1.00000e+00  
143.1 7.5782e+01  14 1.00000e+00  
143.2 7.5870e+01  14 1.00000e+00  
143.3 7.5958e+01  14 1.00000e+00  
143.4 7.6046e+01  14 1.00000e+00  
143.5 7.6134e+01  14 1.00000e+00  
143.6 7.6222e+01  14 1.00000e+00  
143.7 7.6311e+01  14 1.00000e+00  
143.8 7.6399e+01  14 1.00000e+00  
143.9 7.6487e+01  14 1.00000e+00  
144.0 7.6575e+01  14 1.00000e+00  
144.1 7.6663e+01  14 1.00000e+00  
144.2 7.6751e+01  14 1.00000e+00  
144.3 7.6839e+01  14 1.00000e+00  
144.4 7.6927e+01  14 1.00000e+00  
144.5 7.7015e+01  14 1.00000e+00  
144.6 7.7103e+01  14 1.00000e+00  
144.7 7.7191e+01  14 1.00000e+00  
144.8 7.7279e+01  14 1.00000e+00  
144.9 7.7366e+01  14 1.00000e+00  
145.0 7.7454e+01  14 1.00000e+00  
145.1 7.7542e+01  14 1.00000e+00  
145.2 7.7630e+01  14 1.00000e+00  
145.3 7.7718e+01  14 1.00000e+00  
145.4 7.7806e+01  14 1.00000e+00  
145.5 7.7894e+01  14 1.00000e+00  
145.6 7.7982e+01  14 1.00000e+00  
145.7 7.8069e+01  14 1.00000e+00  
145.8 7.8157e+01  14 1.00000e+00  
145.9 7.8245e+01  14 1.00000e+00  
146.0 7.8333e+01  14 1.00000e+00  
146.1 7.8421e+01  14 1.00000e+00  
146.2 7.8508e+01  14 1.00000e+00  
146.3 7.8596e+01  14 1.00000e+00  
146.4 7.8684e+01  14 1.00000e+00  
146.5 7.8772e+01  14 1.00000e+00  
146.6 7.8859e+01  14 1.00000e+00  
146.7 7.8947e+01  14 1.00000e+00  
146.8 7.9035e+01  14 1.00000e+00  
146.9 7.9123e+01  14 1.00000e+00  
147.0 7.9210e+01  14 1.00000e+00  
147.1 7.9298e+01  14 1.00000e+00  
147.2 7.9386e+01  14 1.00000e+00  
147.3 7.9473e+01  14 1.00000e+00  
147.4 7.9561e+01  14 1.00000e+00  
147.5 7.9649e+01  14 1.00000e+00  
147.6 7.9736e+01  14 1.00000e+00  
147.7 7.9824e+01  14 1.00000e+00  
147.8 7.9912e+01  14 1.00000e+00  
147.9 7.9999e+01  14 1.00000e+00  
148.0 8.0087e+01  14 1.00000e+00  
148.1 8.0175e+01  14 1.00000e+00  
148.2 8.0262e+01  14 1.00000e+00  
148.3 8.0350e+01  14 1.00000e+00  
148.4 7.9777e+01  14 1.00000e+00  
148.5 7.9865e+01  14 1.00000e+00  
148.6 7.9953e+01  14 1.00000e+00  
148.7 8.0041e+01  14 1.00000e+00  
148.8 8.0129e+01  14 1.00000e+00  
148.9 8.0217e+01  14 1.00000e+00  
149.0 8.0304e+01  14 1.00000e+00  
149.1 8.0392e+01  14 1.00000e+00  
149.2 8.0480e+01  14 1.00000e+00  
149.3 8.0565e+01  14 1.00000e+00  
149.4 8.0652e+01  14 1.00000e+00  
149.5 8.0740e+01  14 1.00000e+00  
149.6 8.0828e+01  14 1.00000e+00  
149.7 8.0916e+01  14 1.00000e+00  
149.8 8.1004e+01  14 1.00000e+00  
149.9 8.1091e+01  14 1.00000e+00  
150.0 8.1179e+01  14 1.00000e+00  
