 15.1 1.2859e+00  13 3.18810e-02  
 15.2 1.2925e+00  13 3.23002e-02  
 15.3 1.2990e+00  13 3.27141e-02  
 15.4 1.3055e+00  13 3.31232e-02  
 15.5 1.3120e+00  13 3.35279e-02  
 15.6 1.3185e+00  13 3.39265e-02  
 15.7 1.3249e+00  13 3.43201e-02  
 15.8 1.3313e+00  13 3.47092e-02  
 15.9 1.3377e+00  13 3.50940e-02  
 16.0 1.3441e+00  13 3.54740e-02  
 16.1 1.3505e+00  13 3.58517e-02  
 16.2 1.3569e+00  13 3.62232e-02  
 16.3 1.3632e+00  13 3.65920e-02  
 16.4 1.3696e+00  13 3.69577e-02  
 16.5 1.3759e+00  13 3.73198e-02  
 16.6 1.3823e+00  13 3.76780e-02  
 16.7 1.4019e+00  13 3.87682e-02  
 16.8 1.4084e+00  13 3.91242e-02  
 16.9 1.4149e+00  13 3.94764e-02  
 17.0 1.4214e+00  13 3.98249e-02  
 17.1 1.4279e+00  13 4.01684e-02  
 17.2 1.4343e+00  13 4.05091e-02  
 17.3 1.4408e+00  13 4.08460e-02  
 17.4 1.4472e+00  13 4.11795e-02  
 17.5 1.4536e+00  13 4.15094e-02  
 17.6 1.4599e+00  13 4.18357e-02  
 17.7 1.4663e+00  13 4.21580e-02  
 17.8 1.4726e+00  13 4.24768e-02  
 17.9 1.4789e+00  13 4.27939e-02  
 18.0 1.4853e+00  13 4.31077e-02  
 18.1 1.4916e+00  13 4.34188e-02  
 18.2 1.4979e+00  13 4.37277e-02  
 18.3 1.5042e+00  13 4.40332e-02  
 18.4 1.5104e+00  13 4.43359e-02  
 18.5 1.5167e+00  13 4.46358e-02  
 18.6 1.5230e+00  13 4.49327e-02  
 18.7 1.5292e+00  13 4.52259e-02  
 18.8 1.5354e+00  13 4.55165e-02  
 18.9 1.5595e+00  13 4.66283e-02  
 19.0 1.5659e+00  13 4.69187e-02  
 19.1 1.5722e+00  13 4.72063e-02  
 19.2 1.5786e+00  13 4.74914e-02  
 19.3 1.5850e+00  13 4.77737e-02  
 19.4 1.5913e+00  13 4.80536e-02  
 19.5 1.5976e+00  13 4.83296e-02  
 19.6 1.6039e+00  13 4.86039e-02  
 19.7 1.6101e+00  13 4.88756e-02  
 19.8 1.6164e+00  13 4.91449e-02  
 19.9 1.6226e+00  13 4.94116e-02  
 20.0 1.6289e+00  13 4.96768e-02  
 20.1 1.6351e+00  13 4.99399e-02  
 20.2 1.6413e+00  13 5.02005e-02  
 20.3 1.6475e+00  13 5.04589e-02  
 20.4 1.6537e+00  13 5.07147e-02  
 20.5 1.6598e+00  13 5.09683e-02  
 20.6 1.6659e+00  13 5.12196e-02  
 20.7 1.6720e+00  13 5.14685e-02  
 20.8 1.6782e+00  13 5.17164e-02  
 20.9 1.6843e+00  13 5.19619e-02  
 21.0 1.6903e+00  13 5.22052e-02  
 21.1 1.6964e+00  13 5.24466e-02  
 21.2 1.7024e+00  13 5.26864e-02  
 21.3 1.7085e+00  13 5.29239e-02  
 21.4 1.7144e+00  13 5.31582e-02  
 21.5 1.7204e+00  13 5.33910e-02  
 21.6 1.7264e+00  13 5.36218e-02  
 21.7 1.7323e+00  13 5.38509e-02  
 21.8 1.7383e+00  13 5.40789e-02  
 21.9 1.7442e+00  13 5.43050e-02  
 22.0 1.7501e+00  13 5.45291e-02  
 22.1 1.7560e+00  13 5.47514e-02  
 22.2 1.7618e+00  13 5.49718e-02  
 22.3 1.7677e+00  13 5.51904e-02  
 22.4 1.7735e+00  13 5.54071e-02  
 22.5 1.8052e+00  13 5.65683e-02  
 22.6 1.8113e+00  13 5.67860e-02  
 22.7 1.8173e+00  13 5.70023e-02  
 22.8 1.8233e+00  13 5.72158e-02  
 22.9 1.8320e+00  13 5.76149e-02  
 23.0 1.8411e+00  13 5.80422e-02  
 23.1 1.8502e+00  13 5.84705e-02  
 23.2 1.8594e+00  13 5.88988e-02  
 23.3 1.8685e+00  13 5.93267e-02  
 23.4 1.8777e+00  13 5.97545e-02  
 23.5 1.8870e+00  13 6.01818e-02  
 23.6 1.8962e+00  13 6.06089e-02  
 23.7 1.9054e+00  13 6.10356e-02  
 23.8 1.9147e+00  13 6.14620e-02  
 23.9 1.9227e+00  13 6.18052e-02  
 24.0 1.8427e+01  14 1.00000e+00  
 24.1 1.8480e+01  14 1.00000e+00  
 24.2 1.8533e+01  14 1.00000e+00  
 24.3 1.8586e+01  14 1.00000e+00  
 24.4 1.8639e+01  14 1.00000e+00  
 24.5 1.8691e+01  14 1.00000e+00  
 24.6 1.8744e+01  14 1.00000e+00  
 24.7 1.8796e+01  14 1.00000e+00  
 24.8 1.8848e+01  14 1.00000e+00  
 24.9 1.8900e+01  14 1.00000e+00  
 25.0 1.8951e+01  14 1.00000e+00  
 25.1 1.9002e+01  14 1.00000e+00  
 25.2 1.9053e+01  14 1.00000e+00  
 25.3 1.9104e+01  14 1.00000e+00  
 25.4 1.9155e+01  14 1.00000e+00  
 25.5 1.9206e+01  14 1.00000e+00  
 25.6 1.9256e+01  14 1.00000e+00  
 25.7 1.9307e+01  14 1.00000e+00  
 25.8 1.9357e+01  14 1.00000e+00  
 25.9 1.9406e+01  14 1.00000e+00  
 26.0 1.9456e+01  14 1.00000e+00  
 26.1 1.9505e+01  14 1.00000e+00  
 26.2 1.9555e+01  14 1.00000e+00  
 26.3 1.9604e+01  14 1.00000e+00  
 26.4 1.9652e+01  14 1.00000e+00  
 26.5 1.9700e+01  14 1.00000e+00  
 26.6 1.9748e+01  14 1.00000e+00  
 26.7 1.9795e+01  14 1.00000e+00  
 26.8 1.9843e+01  14 1.00000e+00  
 26.9 1.9890e+01  14 1.00000e+00  
 27.0 1.9937e+01  14 1.00000e+00  
 27.1 1.9984e+01  14 1.00000e+00  
 27.2 2.0031e+01  14 1.00000e+00  
 27.3 2.0077e+01  14 1.00000e+00  
 27.4 2.0123e+01  14 1.00000e+00  
 27.5 2.0169e+01  14 1.00000e+00  
 27.6 2.0215e+01  14 1.00000e+00  
 27.7 2.0261e+01  14 1.00000e+00  
 27.8 2.0306e+01  14 1.00000e+00  
 27.9 2.0352e+01  14 1.00000e+00  
 28.0 2.0397e+01  14 1.00000e+00  
 28.1 2.0442e+01  14 1.00000e+00  
 28.2 2.0487e+01  14 1.00000e+00  
 28.3 2.0532e+01  14 1.00000e+00  
 28.4 2.0576e+01  14 1.00000e+00  
 28.5 2.0621e+01  14 1.00000e+00  
 28.6 2.0661e+01  14 1.00000e+00  
 28.7 5.5783e+00  14 2.36223e-01  
 28.8 5.6672e+00  14 2.40182e-01  
 28.9 5.7563e+00  14 2.44137e-01  
 29.0 5.8455e+00  14 2.48085e-01  
 29.1 5.9349e+00  14 2.52025e-01  
 29.2 6.0245e+00  14 2.55961e-01  
 29.3 6.1144e+00  14 2.59896e-01  
 29.4 6.2045e+00  14 2.63830e-01  
 29.5 7.0871e+00  14 3.01698e-01  
 29.6 7.1866e+00  14 3.05901e-01  
 29.7 7.2865e+00  14 3.10103e-01  
 29.8 7.3867e+00  14 3.14302e-01  
 29.9 7.4860e+00  14 3.18457e-01  
 30.0 7.5867e+00  14 3.22650e-01  
 30.1 7.6876e+00  14 3.26840e-01  
 30.2 7.7887e+00  14 3.31027e-01  
 30.3 7.8900e+00  14 3.35211e-01  
 30.4 7.9916e+00  14 3.39391e-01  
 30.5 8.0934e+00  14 3.43568e-01  
 30.6 8.1954e+00  14 3.47741e-01  
 30.7 8.2976e+00  14 3.51909e-01  
 30.8 8.4000e+00  14 3.56074e-01  
 30.9 8.5026e+00  14 3.60233e-01  
 31.0 8.6054e+00  14 3.64388e-01  
 31.1 8.7084e+00  14 3.68538e-01  
 31.2 8.8115e+00  14 3.72683e-01  
 31.3 8.9149e+00  14 3.76828e-01  
 31.4 9.0194e+00  14 3.81003e-01  
 31.5 9.1240e+00  14 3.85173e-01  
 31.6 9.2288e+00  14 3.89336e-01  
 31.7 9.3337e+00  14 3.93492e-01  
 31.8 9.4387e+00  14 3.97640e-01  
 31.9 9.5437e+00  14 4.01779e-01  
 32.0 9.6488e+00  14 4.05910e-01  
 32.1 9.7541e+00  14 4.10036e-01  
 32.2 9.8595e+00  14 4.14158e-01  
 32.3 9.9642e+00  14 4.18239e-01  
 32.4 1.0070e+01  14 4.22352e-01  
 32.5 1.0176e+01  14 4.26461e-01  
 32.6 1.0282e+01  14 4.30564e-01  
 32.7 1.0388e+01  14 4.34662e-01  
 32.8 1.0495e+01  14 4.38755e-01  
 32.9 1.0601e+01  14 4.42842e-01  
 33.0 1.0708e+01  14 4.46924e-01  
 33.1 1.0815e+01  14 4.51000e-01  
 33.2 1.0921e+01  14 4.55070e-01  
 33.3 1.1028e+01  14 4.59134e-01  
 33.4 1.1135e+01  14 4.63192e-01  
 33.5 1.1243e+01  14 4.67243e-01  
 33.6 1.1350e+01  14 4.71288e-01  
 33.7 1.1457e+01  14 4.75332e-01  
 33.8 1.1565e+01  14 4.79392e-01  
 33.9 1.1674e+01  14 4.83446e-01  
 34.0 1.1782e+01  14 4.87492e-01  
 34.1 1.1890e+01  14 4.91530e-01  
 34.2 1.1999e+01  14 4.95560e-01  
 34.3 1.2107e+01  14 4.99579e-01  
 34.4 1.2215e+01  14 5.03579e-01  
 34.5 1.2324e+01  14 5.07578e-01  
 34.6 1.2432e+01  14 5.11584e-01  
 34.7 1.2540e+01  14 5.15548e-01  
 34.8 1.2649e+01  14 5.19540e-01  
 34.9 1.2758e+01  14 5.23521e-01  
 35.0 1.2867e+01  14 5.27496e-01  
 35.1 1.2976e+01  14 5.31464e-01  
 35.2 1.3085e+01  14 5.35427e-01  
 35.3 1.3194e+01  14 5.39382e-01  
 35.4 1.3303e+01  14 5.43331e-01  
 35.5 1.3412e+01  14 5.47274e-01  
 35.6 1.3522e+01  14 5.51209e-01  
 35.7 1.3631e+01  14 5.55138e-01  
 35.8 1.3740e+01  14 5.59059e-01  
 35.9 1.3849e+01  14 5.62973e-01  
 36.0 1.3959e+01  14 5.66880e-01  
 36.1 1.4068e+01  14 5.70790e-01  
 36.2 1.4179e+01  14 5.74709e-01  
 36.3 1.4289e+01  14 5.78622e-01  
 36.4 1.4399e+01  14 5.82527e-01  
 36.5 1.4509e+01  14 5.86423e-01  
 36.6 1.4619e+01  14 5.90311e-01  
 36.7 1.4730e+01  14 5.94188e-01  
 36.8 1.4840e+01  14 5.98059e-01  
 36.9 1.4950e+01  14 6.01930e-01  
 37.0 1.5060e+01  14 6.05791e-01  
 37.1 1.5170e+01  14 6.09606e-01  
 37.2 1.5280e+01  14 6.13442e-01  
 37.3 1.5390e+01  14 6.17271e-01  
 37.4 1.5500e+01  14 6.21093e-01  
 37.5 1.5610e+01  14 6.24910e-01  
 37.6 1.5720e+01  14 6.28719e-01  
 37.7 1.5830e+01  14 6.32521e-01  
 37.8 1.5940e+01  14 6.36317e-01  
 37.9 1.6050e+01  14 6.40105e-01  
 38.0 1.6161e+01  14 6.43886e-01  
 38.1 1.6271e+01  14 6.47660e-01  
 38.2 1.6381e+01  14 6.51426e-01  
 38.3 1.6491e+01  14 6.55184e-01  
 38.4 1.6601e+01  14 6.58938e-01  
 38.5 1.6712e+01  14 6.62704e-01  
 38.6 1.6823e+01  14 6.66477e-01  
 38.7 1.6934e+01  14 6.70243e-01  
 38.8 1.7045e+01  14 6.74002e-01  
 38.9 1.7156e+01  14 6.77752e-01  
 39.0 1.7267e+01  14 6.81494e-01  
 39.1 1.7378e+01  14 6.85234e-01  
 39.2 1.7481e+01  14 6.88683e-01  
 39.3 1.7576e+01  14 6.91894e-01  
 39.4 1.7671e+01  14 6.95046e-01  
 39.5 1.7765e+01  14 6.98213e-01  
 39.6 1.7852e+01  14 7.01124e-01  
 39.7 1.7939e+01  14 7.04005e-01  
 39.8 1.8025e+01  14 7.06878e-01  
 39.9 1.8111e+01  14 7.09742e-01  
 40.0 1.8197e+01  14 7.12598e-01  
 40.1 1.8281e+01  14 7.15379e-01  
 40.2 1.8359e+01  14 7.17973e-01  
 40.3 1.8438e+01  14 7.20582e-01  
 40.4 1.8517e+01  14 7.23180e-01  
 40.5 1.8597e+01  14 7.25823e-01  
 40.6 1.8676e+01  14 7.28449e-01  
 40.7 1.8754e+01  14 7.31001e-01  
 40.8 1.8831e+01  14 7.33552e-01  
 40.9 1.8901e+01  14 7.35854e-01  
 41.0 1.8971e+01  14 7.38149e-01  
 41.1 2.1065e+01  14 8.05843e-01  
 41.2 2.1130e+01  14 8.07929e-01  
 41.3 2.1196e+01  14 8.10024e-01  
 41.4 2.1261e+01  14 8.12085e-01  
 41.5 2.1323e+01  14 8.14050e-01  
 41.6 2.1386e+01  14 8.16055e-01  
 41.7 2.1443e+01  14 8.17865e-01  
 41.8 2.1498e+01  14 8.19596e-01  
 41.9 2.1552e+01  14 8.21328e-01  
 42.0 2.1609e+01  14 8.23118e-01  
 42.1 2.1667e+01  14 8.24947e-01  
 42.2 2.1724e+01  14 8.26773e-01  
 42.3 2.1780e+01  14 8.28516e-01  
 42.4 2.1833e+01  14 8.30197e-01  
 42.5 2.1886e+01  14 8.31877e-01  
 42.6 2.1935e+01  14 8.33430e-01  
 42.7 2.1981e+01  14 8.34857e-01  
 42.8 2.2027e+01  14 8.36315e-01  
 42.9 2.2075e+01  14 8.37822e-01  
 43.0 2.2124e+01  14 8.39369e-01  
 43.1 2.2172e+01  14 8.40883e-01  
 43.2 2.2217e+01  14 8.42292e-01  
 43.3 2.2263e+01  14 8.43729e-01  
 43.4 2.2309e+01  14 8.45167e-01  
 43.5 2.2356e+01  14 8.46646e-01  
 43.6 2.2384e+01  14 8.47519e-01  
 43.7 2.2402e+01  14 8.48096e-01  
 43.8 2.2422e+01  14 8.48717e-01  
 43.9 2.2439e+01  14 8.49229e-01  
 44.0 2.2455e+01  14 8.49737e-01  
 44.1 2.4848e+01  14 9.23528e-01  
 44.2 2.4874e+01  14 9.24313e-01  
 44.3 2.4904e+01  14 9.25244e-01  
 44.4 2.4935e+01  14 9.26181e-01  
 44.5 2.4962e+01  14 9.27011e-01  
 44.6 2.4990e+01  14 9.27845e-01  
 44.7 2.5008e+01  14 9.28394e-01  
 44.8 2.5026e+01  14 9.28944e-01  
 44.9 2.5047e+01  14 9.29568e-01  
 45.0 2.5071e+01  14 9.30309e-01  
 45.1 2.5094e+01  14 9.30999e-01  
 45.2 2.5113e+01  14 9.31574e-01  
 45.3 2.5132e+01  14 9.32163e-01  
 45.4 2.5152e+01  14 9.32761e-01  
 45.5 2.5172e+01  14 9.33363e-01  
 45.6 2.5187e+01  14 9.33827e-01  
 45.7 2.5186e+01  14 9.33774e-01  
 45.8 2.5175e+01  14 9.33447e-01  
 45.9 2.5158e+01  14 9.32928e-01  
 46.0 2.5143e+01  14 9.32477e-01  
 46.1 2.5129e+01  14 9.32048e-01  
 46.2 2.5120e+01  14 9.31778e-01  
 46.3 2.5115e+01  14 9.31623e-01  
 46.4 2.7477e+01  14 1.00000e+00  
 46.5 2.7476e+01  14 1.00000e+00  
 46.6 2.7475e+01  14 1.00000e+00  
 46.7 2.7476e+01  14 1.00000e+00  
 46.8 2.7477e+01  14 1.00000e+00  
 46.9 2.7477e+01  14 1.00000e+00  
 47.0 2.7475e+01  14 1.00000e+00  
 47.1 2.7474e+01  14 1.00000e+00  
 47.2 2.7472e+01  14 1.00000e+00  
 47.3 2.7471e+01  14 1.00000e+00  
 47.4 2.7471e+01  14 1.00000e+00  
 47.5 2.7463e+01  14 1.00000e+00  
 47.6 2.7454e+01  14 1.00000e+00  
 47.7 2.7445e+01  14 1.00000e+00  
 47.8 2.7437e+01  14 1.00000e+00  
 47.9 2.7431e+01  14 1.00000e+00  
 48.0 2.7425e+01  14 1.00000e+00  
 48.1 2.7417e+01  14 1.00000e+00  
 48.2 2.7408e+01  14 1.00000e+00  
 48.3 2.7399e+01  14 9.99972e-01  
 48.4 2.8002e+01  14 1.00000e+00  
 48.5 2.7997e+01  14 1.00000e+00  
 48.6 2.7991e+01  14 1.00000e+00  
 48.7 2.7985e+01  14 1.00000e+00  
 48.8 2.7980e+01  14 1.00000e+00  
 48.9 2.7974e+01  14 1.00000e+00  
 49.0 2.7971e+01  14 1.00000e+00  
 49.1 2.7967e+01  14 1.00000e+00  
 49.2 2.7953e+01  14 1.00000e+00  
 49.3 2.7939e+01  14 1.00000e+00  
 49.4 2.7924e+01  14 1.00000e+00  
 49.5 2.7911e+01  14 1.00000e+00  
 49.6 2.7898e+01  14 1.00000e+00  
 49.7 2.7884e+01  14 1.00000e+00  
 49.8 2.7871e+01  14 1.00000e+00  
 49.9 2.7859e+01  14 1.00000e+00  
 50.0 2.7848e+01  14 1.00000e+00  
 50.1 2.7837e+01  14 1.00000e+00  
 50.2 2.7825e+01  14 1.00000e+00  
 50.3 2.8445e+01  14 1.00000e+00  
 50.4 2.8436e+01  14 1.00000e+00  
 50.5 2.8428e+01  14 1.00000e+00  
 50.6 2.8418e+01  14 1.00000e+00  
 50.7 2.8405e+01  14 1.00000e+00  
 50.8 2.8386e+01  14 1.00000e+00  
 50.9 2.8367e+01  14 1.00000e+00  
 51.0 2.8349e+01  14 1.00000e+00  
 51.1 2.8331e+01  14 1.00000e+00  
 51.2 2.8313e+01  14 1.00000e+00  
 51.3 2.8296e+01  14 1.00000e+00  
 51.4 2.8280e+01  14 1.00000e+00  
 51.5 2.8266e+01  14 1.00000e+00  
 51.6 2.8250e+01  14 1.00000e+00  
 51.7 2.8235e+01  14 1.00000e+00  
 51.8 2.8219e+01  14 1.00000e+00  
 51.9 2.8851e+01  14 1.00000e+00  
 52.0 2.8837e+01  14 1.00000e+00  
 52.1 2.8823e+01  14 1.00000e+00  
 52.2 2.8805e+01  14 1.00000e+00  
 52.3 2.8782e+01  14 1.00000e+00  
 52.4 2.8761e+01  14 1.00000e+00  
 52.5 2.8740e+01  14 1.00000e+00  
 52.6 2.8717e+01  14 1.00000e+00  
 52.7 2.8695e+01  14 1.00000e+00  
 52.8 2.8676e+01  14 1.00000e+00  
 52.9 2.8657e+01  14 1.00000e+00  
 53.0 2.8637e+01  14 1.00000e+00  
 53.1 2.8618e+01  14 1.00000e+00  
 53.2 2.8600e+01  14 1.00000e+00  
 53.3 2.8583e+01  14 1.00000e+00  
 53.4 2.8566e+01  14 1.00000e+00  
 53.5 2.8549e+01  14 1.00000e+00  
 53.6 2.9197e+01  14 1.00000e+00  
 53.7 2.9173e+01  14 1.00000e+00  
 53.8 2.9151e+01  14 1.00000e+00  
 53.9 2.9128e+01  14 1.00000e+00  
 54.0 2.9104e+01  14 1.00000e+00  
 54.1 2.9081e+01  14 1.00000e+00  
 54.2 2.9060e+01  14 1.00000e+00  
 54.3 2.9039e+01  14 1.00000e+00  
 54.4 2.9017e+01  14 1.00000e+00  
 54.5 2.8995e+01  14 1.00000e+00  
 54.6 2.8976e+01  14 1.00000e+00  
 54.7 2.8958e+01  14 1.00000e+00  
 54.8 2.8939e+01  14 1.00000e+00  
 54.9 2.8920e+01  14 1.00000e+00  
 55.0 2.8902e+01  14 1.00000e+00  
 55.1 2.8884e+01  14 1.00000e+00  
 55.2 2.9536e+01  14 1.00000e+00  
 55.3 2.9512e+01  14 1.00000e+00  
 55.4 2.9486e+01  14 1.00000e+00  
 55.5 2.9462e+01  14 1.00000e+00  
 55.6 2.9439e+01  14 1.00000e+00  
 55.7 2.9417e+01  14 1.00000e+00  
 55.8 2.9393e+01  14 1.00000e+00  
 55.9 2.9370e+01  14 1.00000e+00  
 56.0 2.9349e+01  14 1.00000e+00  
 56.1 2.9329e+01  14 1.00000e+00  
 56.2 2.9308e+01  14 1.00000e+00  
 56.3 2.9287e+01  14 1.00000e+00  
 56.4 2.9267e+01  14 1.00000e+00  
 56.5 2.9249e+01  14 1.00000e+00  
 56.6 2.9228e+01  14 1.00000e+00  
 56.7 2.9199e+01  14 1.00000e+00  
 56.8 2.9866e+01  14 1.00000e+00  
 56.9 2.9840e+01  14 1.00000e+00  
 57.0 2.9815e+01  14 1.00000e+00  
 57.1 2.9791e+01  14 1.00000e+00  
 57.2 2.9767e+01  14 1.00000e+00  
 57.3 2.9743e+01  14 1.00000e+00  
 57.4 2.9719e+01  14 1.00000e+00  
 57.5 2.9697e+01  14 1.00000e+00  
 57.6 2.9674e+01  14 1.00000e+00  
 57.7 2.9652e+01  14 1.00000e+00  
 57.8 2.9631e+01  14 1.00000e+00  
 57.9 2.9611e+01  14 1.00000e+00  
 58.0 2.9591e+01  14 1.00000e+00  
 58.1 2.9567e+01  14 1.00000e+00  
 58.2 2.9537e+01  14 1.00000e+00  
 58.3 2.9508e+01  14 1.00000e+00  
 58.4 3.0190e+01  14 1.00000e+00  
 58.5 3.0164e+01  14 1.00000e+00  
 58.6 3.0138e+01  14 1.00000e+00  
 58.7 3.0112e+01  14 1.00000e+00  
 58.8 3.0088e+01  14 1.00000e+00  
 58.9 3.0064e+01  14 1.00000e+00  
 59.0 3.0040e+01  14 1.00000e+00  
 59.1 3.0016e+01  14 1.00000e+00  
 59.2 2.9992e+01  14 1.00000e+00  
 59.3 2.9970e+01  14 1.00000e+00  
 59.4 2.9949e+01  14 1.00000e+00  
 59.5 2.9927e+01  14 1.00000e+00  
 59.6 2.9904e+01  14 1.00000e+00  
 59.7 2.9873e+01  14 1.00000e+00  
 59.8 2.9843e+01  14 1.00000e+00  
 59.9 2.9813e+01  14 1.00000e+00  
 60.0 3.0509e+01  14 1.00000e+00  
 60.1 3.0481e+01  14 1.00000e+00  
 60.2 3.0454e+01  14 1.00000e+00  
 60.3 3.0428e+01  14 1.00000e+00  
 60.4 3.0404e+01  14 1.00000e+00  
 60.5 3.0379e+01  14 1.00000e+00  
 60.6 3.0354e+01  14 1.00000e+00  
 60.7 3.0329e+01  14 1.00000e+00  
 60.8 3.0306e+01  14 1.00000e+00  
 60.9 3.0283e+01  14 1.00000e+00  
 61.0 3.0260e+01  14 1.00000e+00  
 61.1 3.0237e+01  14 1.00000e+00  
 61.2 3.0206e+01  14 1.00000e+00  
 61.3 3.0175e+01  14 1.00000e+00  
 61.4 3.0143e+01  14 1.00000e+00  
 61.5 3.0113e+01  14 1.00000e+00  
 61.6 3.0822e+01  14 1.00000e+00  
 61.7 3.0794e+01  14 1.00000e+00  
 61.8 3.0767e+01  14 1.00000e+00  
 61.9 3.0741e+01  14 1.00000e+00  
 62.0 3.0715e+01  14 1.00000e+00  
 62.1 3.0689e+01  14 1.00000e+00  
 62.2 3.0664e+01  14 1.00000e+00  
 62.3 3.0639e+01  14 1.00000e+00  
 62.4 3.0615e+01  14 1.00000e+00  
 62.5 3.0590e+01  14 1.00000e+00  
 62.6 3.0567e+01  14 1.00000e+00  
 62.7 3.0539e+01  14 1.00000e+00  
 62.8 3.0506e+01  14 1.00000e+00  
 62.9 3.0473e+01  14 1.00000e+00  
 63.0 3.0441e+01  14 1.00000e+00  
 63.1 3.0411e+01  14 1.00000e+00  
 63.2 3.0381e+01  14 1.00000e+00  
 63.3 3.1104e+01  14 1.00000e+00  
 63.4 3.1076e+01  14 1.00000e+00  
 63.5 3.1048e+01  14 1.00000e+00  
 63.6 3.1021e+01  14 1.00000e+00  
 63.7 3.0996e+01  14 1.00000e+00  
 63.8 3.0971e+01  14 1.00000e+00  
 63.9 3.0944e+01  14 1.00000e+00  
 64.0 3.0919e+01  14 1.00000e+00  
 64.1 3.0894e+01  14 1.00000e+00  
 64.2 3.0870e+01  14 1.00000e+00  
 64.3 3.0837e+01  14 1.00000e+00  
 64.4 3.0803e+01  14 1.00000e+00  
 64.5 3.0769e+01  14 1.00000e+00  
 64.6 3.0737e+01  14 1.00000e+00  
 64.7 3.0705e+01  14 1.00000e+00  
 64.8 3.0674e+01  14 1.00000e+00  
 64.9 3.0644e+01  14 1.00000e+00  
 65.0 3.1382e+01  14 1.00000e+00  
 65.1 3.1353e+01  14 1.00000e+00  
 65.2 3.1326e+01  14 1.00000e+00  
 65.3 3.1299e+01  14 1.00000e+00  
 65.4 3.1273e+01  14 1.00000e+00  
 65.5 3.1246e+01  14 1.00000e+00  
 65.6 3.1220e+01  14 1.00000e+00  
 65.7 3.1195e+01  14 1.00000e+00  
 65.8 3.1170e+01  14 1.00000e+00  
 65.9 3.1134e+01  14 1.00000e+00  
 66.0 3.1098e+01  14 1.00000e+00  
 66.1 3.1065e+01  14 1.00000e+00  
 66.2 3.1031e+01  14 1.00000e+00  
 66.3 3.0998e+01  14 1.00000e+00  
 66.4 3.0966e+01  14 1.00000e+00  
 66.5 3.0936e+01  14 1.00000e+00  
 66.6 3.0905e+01  14 1.00000e+00  
 66.7 3.1656e+01  14 1.00000e+00  
 66.8 3.1628e+01  14 1.00000e+00  
 66.9 3.1600e+01  14 1.00000e+00  
 67.0 3.1573e+01  14 1.00000e+00  
 67.1 3.1546e+01  14 1.00000e+00  
 67.2 3.1520e+01  14 1.00000e+00  
 67.3 3.1494e+01  14 1.00000e+00  
 67.4 3.1467e+01  14 1.00000e+00  
 67.5 3.1430e+01  14 1.00000e+00  
 67.6 3.1394e+01  14 1.00000e+00  
 67.7 3.1359e+01  14 1.00000e+00  
 67.8 3.1325e+01  14 1.00000e+00  
 67.9 3.1290e+01  14 1.00000e+00  
 68.0 3.1258e+01  14 1.00000e+00  
 68.1 3.1227e+01  14 1.00000e+00  
 68.2 3.1195e+01  14 1.00000e+00  
 68.3 3.1163e+01  14 1.00000e+00  
 68.4 3.1929e+01  14 1.00000e+00  
 68.5 3.1899e+01  14 1.00000e+00  
 68.6 3.1871e+01  14 1.00000e+00  
 68.7 3.1844e+01  14 1.00000e+00  
 68.8 3.1817e+01  14 1.00000e+00  
 68.9 3.1790e+01  14 1.00000e+00  
 69.0 3.1764e+01  14 1.00000e+00  
 69.1 3.1727e+01  14 1.00000e+00  
 69.2 3.1690e+01  14 1.00000e+00  
 69.3 3.1654e+01  14 1.00000e+00  
 69.4 3.1618e+01  14 1.00000e+00  
 69.5 3.1583e+01  14 1.00000e+00  
 69.6 3.1550e+01  14 1.00000e+00  
 69.7 3.1517e+01  14 1.00000e+00  
 69.8 3.1484e+01  14 1.00000e+00  
 69.9 3.1452e+01  14 1.00000e+00  
 70.0 3.1421e+01  14 1.00000e+00  
 70.1 3.2198e+01  14 1.00000e+00  
 70.2 3.2168e+01  14 1.00000e+00  
 70.3 3.2141e+01  14 1.00000e+00  
 70.4 3.2113e+01  14 1.00000e+00  
 70.5 3.2085e+01  14 1.00000e+00  
 70.6 3.2058e+01  14 1.00000e+00  
 70.7 3.2024e+01  14 1.00000e+00  
 70.8 3.1986e+01  14 1.00000e+00  
 70.9 3.1948e+01  14 1.00000e+00  
 71.0 3.1912e+01  14 1.00000e+00  
 71.1 3.1876e+01  14 1.00000e+00  
 71.2 3.1842e+01  14 1.00000e+00  
 71.3 3.1807e+01  14 1.00000e+00  
 71.4 3.1773e+01  14 1.00000e+00  
 71.5 3.1741e+01  14 1.00000e+00  
 71.6 3.1709e+01  14 1.00000e+00  
 71.7 3.1678e+01  14 1.00000e+00  
 71.8 3.1647e+01  14 1.00000e+00  
 71.9 3.2437e+01  14 1.00000e+00  
 72.0 3.2408e+01  14 1.00000e+00  
 72.1 3.2379e+01  14 1.00000e+00  
 72.2 3.2351e+01  14 1.00000e+00  
 72.3 3.2322e+01  14 1.00000e+00  
 72.4 3.2284e+01  14 1.00000e+00  
 72.5 3.2245e+01  14 1.00000e+00  
 72.6 3.2207e+01  14 1.00000e+00  
 72.7 3.2171e+01  14 1.00000e+00  
 72.8 3.2135e+01  14 1.00000e+00  
 72.9 3.2099e+01  14 1.00000e+00  
 73.0 3.2064e+01  14 1.00000e+00  
 73.1 3.2031e+01  14 1.00000e+00  
 73.2 3.1998e+01  14 1.00000e+00  
 73.3 3.1965e+01  14 1.00000e+00  
 73.4 3.1933e+01  14 1.00000e+00  
 73.5 3.1902e+01  14 1.00000e+00  
 73.6 3.1872e+01  14 1.00000e+00  
 73.7 3.2674e+01  14 1.00000e+00  
 73.8 3.2645e+01  14 1.00000e+00  
 73.9 3.2618e+01  14 1.00000e+00  
 74.0 3.2584e+01  14 1.00000e+00  
 74.1 3.2544e+01  14 1.00000e+00  
 74.2 3.2506e+01  14 1.00000e+00  
 74.3 3.2468e+01  14 1.00000e+00  
 74.4 3.2431e+01  14 1.00000e+00  
 74.5 3.2393e+01  14 1.00000e+00  
 74.6 3.2357e+01  14 1.00000e+00  
 74.7 3.2323e+01  14 1.00000e+00  
 74.8 3.2288e+01  14 1.00000e+00  
 74.9 3.2254e+01  14 1.00000e+00  
 75.0 3.2221e+01  14 1.00000e+00  
 75.1 3.2189e+01  14 1.00000e+00  
 75.2 3.2158e+01  14 1.00000e+00  
 75.3 3.2126e+01  14 1.00000e+00  
 75.4 3.2940e+01  14 1.00000e+00  
 75.5 3.2912e+01  14 1.00000e+00  
 75.6 3.2882e+01  14 1.00000e+00  
 75.7 3.2845e+01  14 1.00000e+00  
 75.8 3.2805e+01  14 1.00000e+00  
 75.9 3.2768e+01  14 1.00000e+00  
 76.0 3.2730e+01  14 1.00000e+00  
 76.1 3.2691e+01  14 1.00000e+00  
 76.2 3.2653e+01  14 1.00000e+00  
 76.3 3.2618e+01  14 1.00000e+00  
 76.4 3.2582e+01  14 1.00000e+00  
 76.5 3.2546e+01  14 1.00000e+00  
 76.6 3.2511e+01  14 1.00000e+00  
 76.7 3.2478e+01  14 1.00000e+00  
 76.8 3.2446e+01  14 1.00000e+00  
 76.9 3.2413e+01  14 1.00000e+00  
 77.0 3.2381e+01  14 1.00000e+00  
 77.1 3.2349e+01  14 1.00000e+00  
 77.2 3.2320e+01  14 1.00000e+00  
 77.3 3.3147e+01  14 1.00000e+00  
 77.4 3.3109e+01  14 1.00000e+00  
 77.5 3.3070e+01  14 1.00000e+00  
 77.6 3.3031e+01  14 1.00000e+00  
 77.7 3.2992e+01  14 1.00000e+00  
 77.8 3.2953e+01  14 1.00000e+00  
 77.9 3.2916e+01  14 1.00000e+00  
 78.0 3.2879e+01  14 1.00000e+00  
 78.1 3.2842e+01  14 1.00000e+00  
 78.2 3.2805e+01  14 1.00000e+00  
 78.3 3.2771e+01  14 1.00000e+00  
 78.4 3.2737e+01  14 1.00000e+00  
 78.5 3.2703e+01  14 1.00000e+00  
 78.6 3.2669e+01  14 1.00000e+00  
 78.7 3.2637e+01  14 1.00000e+00  
 78.8 3.2606e+01  14 1.00000e+00  
 78.9 3.2575e+01  14 1.00000e+00  
 79.0 3.2544e+01  14 1.00000e+00  
 79.1 3.3377e+01  14 1.00000e+00  
 79.2 3.3336e+01  14 1.00000e+00  
 79.3 3.3296e+01  14 1.00000e+00  
 79.4 3.3256e+01  14 1.00000e+00  
 79.5 3.3218e+01  14 1.00000e+00  
 79.6 3.3181e+01  14 1.00000e+00  
 79.7 3.3142e+01  14 1.00000e+00  
 79.8 3.3104e+01  14 1.00000e+00  
 79.9 3.3067e+01  14 1.00000e+00  
 80.0 3.3032e+01  14 1.00000e+00  
 80.1 3.2997e+01  14 1.00000e+00  
 80.2 3.2962e+01  14 1.00000e+00  
 80.3 3.2927e+01  14 1.00000e+00  
 80.4 3.2895e+01  14 1.00000e+00  
 80.5 3.2863e+01  14 1.00000e+00  
 80.6 3.2830e+01  14 1.00000e+00  
 80.7 3.2798e+01  14 1.00000e+00  
 80.8 3.2767e+01  14 1.00000e+00  
 80.9 3.3606e+01  14 1.00000e+00  
 81.0 3.3564e+01  14 1.00000e+00  
 81.1 3.3523e+01  14 1.00000e+00  
 81.2 3.3485e+01  14 1.00000e+00  
 81.3 3.3447e+01  14 1.00000e+00  
 81.4 3.3408e+01  14 1.00000e+00  
 81.5 3.3369e+01  14 1.00000e+00  
 81.6 3.3332e+01  14 1.00000e+00  
 81.7 3.3296e+01  14 1.00000e+00  
 81.8 3.3259e+01  14 1.00000e+00  
 81.9 3.3223e+01  14 1.00000e+00  
 82.0 3.3188e+01  14 1.00000e+00  
 82.1 3.3155e+01  14 1.00000e+00  
 82.2 3.3122e+01  14 1.00000e+00  
 82.3 3.3088e+01  14 1.00000e+00  
 82.4 3.3055e+01  14 1.00000e+00  
 82.5 3.3024e+01  14 1.00000e+00  
 82.6 3.2988e+01  14 1.00000e+00  
 82.7 3.2946e+01  14 1.00000e+00  
 82.8 3.3795e+01  14 1.00000e+00  
 82.9 3.3756e+01  14 1.00000e+00  
 83.0 3.3716e+01  14 1.00000e+00  
 83.1 3.3676e+01  14 1.00000e+00  
 83.2 3.3637e+01  14 1.00000e+00  
 83.3 3.3601e+01  14 1.00000e+00  
 83.4 3.3563e+01  14 1.00000e+00  
 83.5 3.3525e+01  14 1.00000e+00  
 83.6 3.3488e+01  14 1.00000e+00  
 83.7 3.3453e+01  14 1.00000e+00  
 83.8 3.3418e+01  14 1.00000e+00  
 83.9 3.3383e+01  14 1.00000e+00  
 84.0 3.3349e+01  14 1.00000e+00  
 84.1 3.3315e+01  14 1.00000e+00  
 84.2 3.3284e+01  14 1.00000e+00  
 84.3 3.3252e+01  14 1.00000e+00  
 84.4 3.3212e+01  14 1.00000e+00  
 84.5 3.3168e+01  14 1.00000e+00  
 84.6 3.4031e+01  14 1.00000e+00  
 84.7 3.3989e+01  14 1.00000e+00  
 84.8 3.3948e+01  14 1.00000e+00  
 84.9 3.3909e+01  14 1.00000e+00  
 85.0 3.3871e+01  14 1.00000e+00  
 85.1 3.3833e+01  14 1.00000e+00  
 85.2 3.3795e+01  14 1.00000e+00  
 85.3 3.3756e+01  14 1.00000e+00  
 85.4 3.3720e+01  14 1.00000e+00  
 85.5 3.3685e+01  14 1.00000e+00  
 85.6 3.3649e+01  14 1.00000e+00  
 85.7 3.3613e+01  14 1.00000e+00  
 85.8 3.3579e+01  14 1.00000e+00  
 85.9 3.3546e+01  14 1.00000e+00  
 86.0 3.3513e+01  14 1.00000e+00  
 86.1 3.3480e+01  14 1.00000e+00  
 86.2 3.3439e+01  14 1.00000e+00  
 86.3 3.3397e+01  14 1.00000e+00  
 86.4 3.3355e+01  14 1.00000e+00  
 86.5 3.4226e+01  14 1.00000e+00  
 86.6 3.4185e+01  14 1.00000e+00  
 86.7 3.4146e+01  14 1.00000e+00  
 86.8 3.4107e+01  14 1.00000e+00  
 86.9 3.4068e+01  14 1.00000e+00  
 87.0 3.4029e+01  14 1.00000e+00  
 87.1 3.3993e+01  14 1.00000e+00  
 87.2 3.3956e+01  14 1.00000e+00  
 87.3 3.3919e+01  14 1.00000e+00  
 87.4 3.3882e+01  14 1.00000e+00  
 87.5 3.3846e+01  14 1.00000e+00  
 87.6 3.3812e+01  14 1.00000e+00  
 87.7 3.3778e+01  14 1.00000e+00  
 87.8 3.3744e+01  14 1.00000e+00  
 87.9 3.3710e+01  14 1.00000e+00  
 88.0 3.3672e+01  14 1.00000e+00  
 88.1 3.3630e+01  14 1.00000e+00  
 88.2 3.3586e+01  14 1.00000e+00  
 88.3 3.3543e+01  14 1.00000e+00  
 88.4 3.4426e+01  14 1.00000e+00  
 88.5 3.4387e+01  14 1.00000e+00  
 88.6 3.4346e+01  14 1.00000e+00  
 88.7 3.4306e+01  14 1.00000e+00  
 88.8 3.4268e+01  14 1.00000e+00  
 88.9 3.4232e+01  14 1.00000e+00  
 89.0 3.4194e+01  14 1.00000e+00  
 89.1 3.4156e+01  14 1.00000e+00  
 89.2 3.4118e+01  14 1.00000e+00  
 89.3 3.4083e+01  14 1.00000e+00  
 89.4 3.4048e+01  14 1.00000e+00  
 89.5 3.4013e+01  14 1.00000e+00  
 89.6 3.3978e+01  14 1.00000e+00  
 89.7 3.3944e+01  14 1.00000e+00  
 89.8 3.3910e+01  14 1.00000e+00  
 89.9 3.3865e+01  14 1.00000e+00  
 90.0 3.3821e+01  14 1.00000e+00  
 90.1 3.3778e+01  14 1.00000e+00  
 90.2 3.3737e+01  14 1.00000e+00  
 90.3 3.4630e+01  14 1.00000e+00  
 90.4 3.4589e+01  14 1.00000e+00  
 90.5 3.4548e+01  14 1.00000e+00  
 90.6 3.4510e+01  14 1.00000e+00  
 90.7 3.4472e+01  14 1.00000e+00  
 90.8 3.4434e+01  14 1.00000e+00  
 90.9 3.4396e+01  14 1.00000e+00  
 91.0 3.4359e+01  14 1.00000e+00  
 91.1 3.4324e+01  14 1.00000e+00  
 91.2 3.4287e+01  14 1.00000e+00  
 91.3 3.4251e+01  14 1.00000e+00  
 91.4 3.4215e+01  14 1.00000e+00  
 91.5 3.4182e+01  14 1.00000e+00  
 91.6 3.4149e+01  14 1.00000e+00  
 91.7 3.4107e+01  14 1.00000e+00  
 91.8 3.4062e+01  14 1.00000e+00  
 91.9 3.4019e+01  14 1.00000e+00  
 92.0 3.3977e+01  14 1.00000e+00  
 92.1 3.3934e+01  14 1.00000e+00  
 92.2 3.3892e+01  14 1.00000e+00  
 92.3 3.4796e+01  14 1.00000e+00  
 92.4 3.4757e+01  14 1.00000e+00  
 92.5 3.4718e+01  14 1.00000e+00  
 92.6 3.4679e+01  14 1.00000e+00  
 92.7 3.4640e+01  14 1.00000e+00  
 92.8 3.4604e+01  14 1.00000e+00  
 92.9 3.4568e+01  14 1.00000e+00  
 93.0 3.4530e+01  14 1.00000e+00  
 93.1 3.4492e+01  14 1.00000e+00  
 93.2 3.4457e+01  14 1.00000e+00  
 93.3 3.4422e+01  14 1.00000e+00  
 93.4 3.4388e+01  14 1.00000e+00  
 93.5 3.4354e+01  14 1.00000e+00  
 93.6 3.4309e+01  14 1.00000e+00  
 93.7 3.4265e+01  14 1.00000e+00  
 93.8 3.4223e+01  14 1.00000e+00  
 93.9 3.4179e+01  14 1.00000e+00  
 94.0 3.4135e+01  14 1.00000e+00  
 94.1 3.4095e+01  14 1.00000e+00  
 94.2 3.4055e+01  14 1.00000e+00  
 94.3 3.4968e+01  14 1.00000e+00  
 94.4 3.4928e+01  14 1.00000e+00  
 94.5 3.4889e+01  14 1.00000e+00  
 94.6 3.4852e+01  14 1.00000e+00  
 94.7 3.4814e+01  14 1.00000e+00  
 94.8 3.4777e+01  14 1.00000e+00  
 94.9 3.4739e+01  14 1.00000e+00  
 95.0 3.4703e+01  14 1.00000e+00  
 95.1 3.4668e+01  14 1.00000e+00  
 95.2 3.4632e+01  14 1.00000e+00  
 95.3 3.4597e+01  14 1.00000e+00  
 95.4 3.4561e+01  14 1.00000e+00  
 95.5 3.4518e+01  14 1.00000e+00  
 95.6 3.4474e+01  14 1.00000e+00  
 95.7 3.4429e+01  14 1.00000e+00  
 95.8 3.4385e+01  14 1.00000e+00  
 95.9 3.4343e+01  14 1.00000e+00  
 96.0 3.4302e+01  14 1.00000e+00  
 96.1 3.4261e+01  14 1.00000e+00  
 96.2 3.4219e+01  14 1.00000e+00  
 96.3 3.5143e+01  14 1.00000e+00  
 96.4 3.5104e+01  14 1.00000e+00  
 96.5 3.5067e+01  14 1.00000e+00  
 96.6 3.5028e+01  14 1.00000e+00  
 96.7 3.4990e+01  14 1.00000e+00  
 96.8 3.4953e+01  14 1.00000e+00  
 96.9 3.4918e+01  14 1.00000e+00  
 97.0 3.4881e+01  14 1.00000e+00  
 97.1 3.4845e+01  14 1.00000e+00  
 97.2 3.4809e+01  14 1.00000e+00  
 97.3 3.4774e+01  14 1.00000e+00  
 97.4 3.4733e+01  14 1.00000e+00  
 97.5 3.4687e+01  14 1.00000e+00  
 97.6 3.4642e+01  14 1.00000e+00  
 97.7 3.4598e+01  14 1.00000e+00  
 97.8 3.4555e+01  14 1.00000e+00  
 97.9 3.4513e+01  14 1.00000e+00  
 98.0 3.4471e+01  14 1.00000e+00  
 98.1 3.4429e+01  14 1.00000e+00  
 98.2 3.4390e+01  14 1.00000e+00  
 98.3 3.5325e+01  14 1.00000e+00  
 98.4 3.5285e+01  14 1.00000e+00  
 98.5 3.5246e+01  14 1.00000e+00  
 98.6 3.5208e+01  14 1.00000e+00  
 98.7 3.5171e+01  14 1.00000e+00  
 98.8 3.5136e+01  14 1.00000e+00  
 98.9 3.5099e+01  14 1.00000e+00  
 99.0 3.5061e+01  14 1.00000e+00  
 99.1 3.5025e+01  14 1.00000e+00  
 99.2 3.4991e+01  14 1.00000e+00  
 99.3 3.4953e+01  14 1.00000e+00  
 99.4 3.4907e+01  14 1.00000e+00  
 99.5 3.4860e+01  14 1.00000e+00  
 99.6 3.4817e+01  14 1.00000e+00  
 99.7 3.4774e+01  14 1.00000e+00  
 99.8 3.4730e+01  14 1.00000e+00  
 99.9 3.4687e+01  14 1.00000e+00  
100.0 3.4646e+01  14 1.00000e+00  
100.1 3.4606e+01  14 1.00000e+00  
100.2 3.4566e+01  14 1.00000e+00  
100.3 3.5509e+01  14 1.00000e+00  
100.4 3.5469e+01  14 1.00000e+00  
100.5 3.5431e+01  14 1.00000e+00  
100.6 3.5394e+01  14 1.00000e+00  
100.7 3.5356e+01  14 1.00000e+00  
100.8 3.5319e+01  14 1.00000e+00  
100.9 3.5283e+01  14 1.00000e+00  
101.0 3.5247e+01  14 1.00000e+00  
101.1 3.5212e+01  14 1.00000e+00  
101.2 3.5176e+01  14 1.00000e+00  
101.3 3.5133e+01  14 1.00000e+00  
101.4 3.5086e+01  14 1.00000e+00  
101.5 3.5042e+01  14 1.00000e+00  
101.6 3.4998e+01  14 1.00000e+00  
101.7 3.4953e+01  14 1.00000e+00  
101.8 3.4910e+01  14 1.00000e+00  
101.9 3.4868e+01  14 1.00000e+00  
102.0 3.4828e+01  14 1.00000e+00  
102.1 3.4786e+01  14 1.00000e+00  
102.2 3.4745e+01  14 1.00000e+00  
102.3 3.4706e+01  14 1.00000e+00  
102.4 3.5659e+01  14 1.00000e+00  
102.5 3.5621e+01  14 1.00000e+00  
102.6 3.5583e+01  14 1.00000e+00  
102.7 3.5544e+01  14 1.00000e+00  
102.8 3.5508e+01  14 1.00000e+00  
102.9 3.5472e+01  14 1.00000e+00  
103.0 3.5438e+01  14 1.00000e+00  
103.1 3.5401e+01  14 1.00000e+00  
103.2 3.5365e+01  14 1.00000e+00  
103.3 3.5320e+01  14 1.00000e+00  
103.4 3.5274e+01  14 1.00000e+00  
103.5 3.5229e+01  14 1.00000e+00  
103.6 3.5183e+01  14 1.00000e+00  
103.7 3.5139e+01  14 1.00000e+00  
103.8 3.5097e+01  14 1.00000e+00  
103.9 3.5055e+01  14 1.00000e+00  
104.0 3.5013e+01  14 1.00000e+00  
104.1 3.4971e+01  14 1.00000e+00  
104.2 3.4931e+01  14 1.00000e+00  
104.3 3.4893e+01  14 1.00000e+00  
104.4 3.5854e+01  14 1.00000e+00  
104.5 3.5815e+01  14 1.00000e+00  
104.6 3.5776e+01  14 1.00000e+00  
104.7 3.5738e+01  14 1.00000e+00  
104.8 3.5702e+01  14 1.00000e+00  
104.9 3.5666e+01  14 1.00000e+00  
105.0 3.5629e+01  14 1.00000e+00  
105.1 3.5593e+01  14 1.00000e+00  
105.2 3.5558e+01  14 1.00000e+00  
105.3 3.5514e+01  14 1.00000e+00  
105.4 3.5467e+01  14 1.00000e+00  
105.5 3.5421e+01  14 1.00000e+00  
105.6 3.5376e+01  14 1.00000e+00  
105.7 3.5332e+01  14 1.00000e+00  
105.8 3.5290e+01  14 1.00000e+00  
105.9 3.5246e+01  14 1.00000e+00  
106.0 3.5203e+01  14 1.00000e+00  
106.1 3.5162e+01  14 1.00000e+00  
106.2 3.5123e+01  14 1.00000e+00  
106.3 3.5083e+01  14 1.00000e+00  
106.4 3.5043e+01  14 1.00000e+00  
106.5 3.6013e+01  14 1.00000e+00  
106.6 3.5974e+01  14 1.00000e+00  
106.7 3.5937e+01  14 1.00000e+00  
106.8 3.5901e+01  14 1.00000e+00  
106.9 3.5863e+01  14 1.00000e+00  
107.0 3.5826e+01  14 1.00000e+00  
107.1 3.5790e+01  14 1.00000e+00  
107.2 3.5756e+01  14 1.00000e+00  
107.3 3.5715e+01  14 1.00000e+00  
107.4 3.5667e+01  14 1.00000e+00  
107.5 3.5620e+01  14 1.00000e+00  
107.6 3.5575e+01  14 1.00000e+00  
107.7 3.5532e+01  14 1.00000e+00  
107.8 3.5487e+01  14 1.00000e+00  
107.9 3.5443e+01  14 1.00000e+00  
108.0 3.5401e+01  14 1.00000e+00  
108.1 3.5361e+01  14 1.00000e+00  
108.2 3.5319e+01  14 1.00000e+00  
108.3 3.5279e+01  14 1.00000e+00  
108.4 3.5238e+01  14 1.00000e+00  
108.5 3.5200e+01  14 1.00000e+00  
108.6 3.5162e+01  14 1.00000e+00  
108.7 3.6141e+01  14 1.00000e+00  
108.8 3.6103e+01  14 1.00000e+00  
108.9 3.6065e+01  14 1.00000e+00  
109.0 3.6028e+01  14 1.00000e+00  
109.1 3.5992e+01  14 1.00000e+00  
109.2 3.5958e+01  14 1.00000e+00  
109.3 3.5922e+01  14 1.00000e+00  
109.4 3.5875e+01  14 1.00000e+00  
109.5 3.5827e+01  14 1.00000e+00  
109.6 3.5782e+01  14 1.00000e+00  
109.7 3.5738e+01  14 1.00000e+00  
109.8 3.5692e+01  14 1.00000e+00  
109.9 3.5648e+01  14 1.00000e+00  
110.0 3.5605e+01  14 1.00000e+00  
110.1 3.5564e+01  14 1.00000e+00  
110.2 3.5522e+01  14 1.00000e+00  
110.3 3.5480e+01  14 1.00000e+00  
110.4 3.5440e+01  14 1.00000e+00  
110.5 3.5402e+01  14 1.00000e+00  
110.6 3.5364e+01  14 1.00000e+00  
110.7 3.5324e+01  14 1.00000e+00  
110.8 3.6312e+01  14 1.00000e+00  
110.9 3.6273e+01  14 1.00000e+00  
111.0 3.6236e+01  14 1.00000e+00  
111.1 3.6200e+01  14 1.00000e+00  
111.2 3.6165e+01  14 1.00000e+00  
111.3 3.6128e+01  14 1.00000e+00  
111.4 3.6088e+01  14 1.00000e+00  
111.5 3.6042e+01  14 1.00000e+00  
111.6 3.5996e+01  14 1.00000e+00  
111.7 3.5950e+01  14 1.00000e+00  
111.8 3.5905e+01  14 1.00000e+00  
111.9 3.5860e+01  14 1.00000e+00  
112.0 3.5817e+01  14 1.00000e+00  
112.1 3.5775e+01  14 1.00000e+00  
112.2 3.5732e+01  14 1.00000e+00  
112.3 3.5689e+01  14 1.00000e+00  
112.4 3.5648e+01  14 1.00000e+00  
112.5 3.5609e+01  14 1.00000e+00  
112.6 3.5570e+01  14 1.00000e+00  
112.7 3.5530e+01  14 1.00000e+00  
112.8 3.5491e+01  14 1.00000e+00  
112.9 3.5453e+01  14 1.00000e+00  
113.0 3.6449e+01  14 1.00000e+00  
113.1 3.6413e+01  14 1.00000e+00  
113.2 3.6377e+01  14 1.00000e+00  
113.3 3.6340e+01  14 1.00000e+00  
113.4 3.6303e+01  14 1.00000e+00  
113.5 3.6263e+01  14 1.00000e+00  
113.6 3.6218e+01  14 1.00000e+00  
113.7 3.6172e+01  14 1.00000e+00  
113.8 3.6125e+01  14 1.00000e+00  
113.9 3.6079e+01  14 1.00000e+00  
114.0 3.6035e+01  14 1.00000e+00  
114.1 3.5993e+01  14 1.00000e+00  
114.2 3.5948e+01  14 1.00000e+00  
114.3 3.5906e+01  14 1.00000e+00  
114.4 3.5864e+01  14 1.00000e+00  
114.5 3.5824e+01  14 1.00000e+00  
114.6 3.5783e+01  14 1.00000e+00  
114.7 3.5743e+01  14 1.00000e+00  
114.8 3.5703e+01  14 1.00000e+00  
114.9 3.5665e+01  14 1.00000e+00  
115.0 3.5628e+01  14 1.00000e+00  
115.1 3.5590e+01  14 1.00000e+00  
115.2 3.6595e+01  14 1.00000e+00  
115.3 3.6557e+01  14 1.00000e+00  
115.4 3.6520e+01  14 1.00000e+00  
115.5 3.6484e+01  14 1.00000e+00  
115.6 3.6446e+01  14 1.00000e+00  
115.7 3.6400e+01  14 1.00000e+00  
115.8 3.6354e+01  14 1.00000e+00  
115.9 3.6307e+01  14 1.00000e+00  
116.0 3.6262e+01  14 1.00000e+00  
116.1 3.6218e+01  14 1.00000e+00  
116.2 3.6174e+01  14 1.00000e+00  
116.3 3.6129e+01  14 1.00000e+00  
116.4 3.6087e+01  14 1.00000e+00  
116.5 3.6046e+01  14 1.00000e+00  
116.6 3.6005e+01  14 1.00000e+00  
116.7 3.5963e+01  14 1.00000e+00  
116.8 3.5923e+01  14 1.00000e+00  
116.9 3.5883e+01  14 1.00000e+00  
117.0 3.5845e+01  14 1.00000e+00  
117.1 3.5807e+01  14 1.00000e+00  
117.2 3.5768e+01  14 1.00000e+00  
117.3 3.5731e+01  14 1.00000e+00  
117.4 3.6743e+01  14 1.00000e+00  
117.5 3.6706e+01  14 1.00000e+00  
117.6 3.6670e+01  14 1.00000e+00  
117.7 3.6635e+01  14 1.00000e+00  
117.8 3.6589e+01  14 1.00000e+00  
117.9 3.6542e+01  14 1.00000e+00  
118.0 3.6497e+01  14 1.00000e+00  
118.1 3.6453e+01  14 1.00000e+00  
118.2 3.6407e+01  14 1.00000e+00  
118.3 3.6363e+01  14 1.00000e+00  
118.4 3.6318e+01  14 1.00000e+00  
118.5 3.6275e+01  14 1.00000e+00  
118.6 3.6234e+01  14 1.00000e+00  
118.7 3.6192e+01  14 1.00000e+00  
118.8 3.6150e+01  14 1.00000e+00  
118.9 3.6109e+01  14 1.00000e+00  
119.0 3.6070e+01  14 1.00000e+00  
119.1 3.6031e+01  14 1.00000e+00  
119.2 3.5992e+01  14 1.00000e+00  
119.3 3.5953e+01  14 1.00000e+00  
119.4 3.5915e+01  14 1.00000e+00  
119.5 3.5879e+01  14 1.00000e+00  
119.6 3.5843e+01  14 1.00000e+00  
119.7 3.6862e+01  14 1.00000e+00  
119.8 3.6827e+01  14 1.00000e+00  
119.9 3.6787e+01  14 1.00000e+00  
120.0 3.6740e+01  14 1.00000e+00  
120.1 3.6694e+01  14 1.00000e+00  
120.2 3.6650e+01  14 1.00000e+00  
120.3 3.6605e+01  14 1.00000e+00  
120.4 3.6559e+01  14 1.00000e+00  
120.5 3.6514e+01  14 1.00000e+00  
120.6 3.6471e+01  14 1.00000e+00  
120.7 3.6429e+01  14 1.00000e+00  
120.8 3.6386e+01  14 1.00000e+00  
120.9 3.6344e+01  14 1.00000e+00  
121.0 3.6303e+01  14 1.00000e+00  
121.1 3.6263e+01  14 1.00000e+00  
121.2 3.6224e+01  14 1.00000e+00  
121.3 3.6183e+01  14 1.00000e+00  
121.4 3.6144e+01  14 1.00000e+00  
121.5 3.6106e+01  14 1.00000e+00  
121.6 3.6069e+01  14 1.00000e+00  
121.7 3.6032e+01  14 1.00000e+00  
121.8 3.5995e+01  14 1.00000e+00  
121.9 3.7024e+01  14 1.00000e+00  
122.0 3.6987e+01  14 1.00000e+00  
122.1 3.6946e+01  14 1.00000e+00  
122.2 3.6899e+01  14 1.00000e+00  
122.3 3.6854e+01  14 1.00000e+00  
122.4 3.6809e+01  14 1.00000e+00  
122.5 3.6763e+01  14 1.00000e+00  
122.6 3.6719e+01  14 1.00000e+00  
122.7 3.6675e+01  14 1.00000e+00  
122.8 3.6633e+01  14 1.00000e+00  
122.9 3.6588e+01  14 1.00000e+00  
123.0 3.6545e+01  14 1.00000e+00  
123.1 3.6504e+01  14 1.00000e+00  
123.2 3.6464e+01  14 1.00000e+00  
123.3 3.6423e+01  14 1.00000e+00  
123.4 3.6383e+01  14 1.00000e+00  
123.5 3.6343e+01  14 1.00000e+00  
123.6 3.6304e+01  14 1.00000e+00  
123.7 3.6267e+01  14 1.00000e+00  
123.8 3.6229e+01  14 1.00000e+00  
123.9 3.6191e+01  14 1.00000e+00  
124.0 3.6154e+01  14 1.00000e+00  
124.1 3.6118e+01  14 1.00000e+00  
124.2 3.7153e+01  14 1.00000e+00  
124.3 3.7114e+01  14 1.00000e+00  
124.4 3.7067e+01  14 1.00000e+00  
124.5 3.7021e+01  14 1.00000e+00  
124.6 3.6975e+01  14 1.00000e+00  
124.7 3.6930e+01  14 1.00000e+00  
124.8 3.6887e+01  14 1.00000e+00  
124.9 3.6844e+01  14 1.00000e+00  
125.0 3.6799e+01  14 1.00000e+00  
125.1 3.6755e+01  14 1.00000e+00  
125.2 3.6713e+01  14 1.00000e+00  
125.3 3.6672e+01  14 1.00000e+00  
125.4 3.6631e+01  14 1.00000e+00  
125.5 3.6589e+01  14 1.00000e+00  
125.6 3.6549e+01  14 1.00000e+00  
125.7 3.6509e+01  14 1.00000e+00  
125.8 3.6471e+01  14 1.00000e+00  
125.9 3.6433e+01  14 1.00000e+00  
126.0 3.6394e+01  14 1.00000e+00  
126.1 3.6357e+01  14 1.00000e+00  
126.2 3.6320e+01  14 1.00000e+00  
126.3 3.6284e+01  14 1.00000e+00  
126.4 3.6249e+01  14 1.00000e+00  
126.5 3.6212e+01  14 1.00000e+00  
126.6 3.7244e+01  14 1.00000e+00  
126.7 3.7197e+01  14 1.00000e+00  
126.8 3.7150e+01  14 1.00000e+00  
126.9 3.7105e+01  14 1.00000e+00  
127.0 3.7062e+01  14 1.00000e+00  
127.1 3.7018e+01  14 1.00000e+00  
127.2 3.6974e+01  14 1.00000e+00  
127.3 3.6930e+01  14 1.00000e+00  
127.4 3.6888e+01  14 1.00000e+00  
127.5 3.6847e+01  14 1.00000e+00  
127.6 3.6805e+01  14 1.00000e+00  
127.7 3.6763e+01  14 1.00000e+00  
127.8 3.6722e+01  14 1.00000e+00  
127.9 3.6683e+01  14 1.00000e+00  
128.0 3.6644e+01  14 1.00000e+00  
128.1 3.6605e+01  14 1.00000e+00  
128.2 3.6566e+01  14 1.00000e+00  
128.3 3.6528e+01  14 1.00000e+00  
128.4 3.6491e+01  14 1.00000e+00  
128.5 3.6456e+01  14 1.00000e+00  
128.6 3.6419e+01  14 1.00000e+00  
128.7 3.6383e+01  14 1.00000e+00  
128.8 3.6342e+01  14 1.00000e+00  
128.9 3.7381e+01  14 1.00000e+00  
129.0 3.7334e+01  14 1.00000e+00  
129.1 3.7289e+01  14 1.00000e+00  
129.2 3.7245e+01  14 1.00000e+00  
129.3 3.7200e+01  14 1.00000e+00  
129.4 3.7156e+01  14 1.00000e+00  
129.5 3.7113e+01  14 1.00000e+00  
129.6 3.7071e+01  14 1.00000e+00  
129.7 3.7029e+01  14 1.00000e+00  
129.8 3.6986e+01  14 1.00000e+00  
129.9 3.6944e+01  14 1.00000e+00  
130.0 3.6903e+01  14 1.00000e+00  
130.1 3.6864e+01  14 1.00000e+00  
130.2 3.6825e+01  14 1.00000e+00  
130.3 3.6785e+01  14 1.00000e+00  
130.4 3.6745e+01  14 1.00000e+00  
130.5 3.6707e+01  14 1.00000e+00  
130.6 3.6670e+01  14 1.00000e+00  
130.7 3.6634e+01  14 1.00000e+00  
130.8 3.6596e+01  14 1.00000e+00  
130.9 3.6560e+01  14 1.00000e+00  
131.0 3.6524e+01  14 1.00000e+00  
131.1 3.6482e+01  14 1.00000e+00  
131.2 3.7527e+01  14 1.00000e+00  
131.3 3.7481e+01  14 1.00000e+00  
131.4 3.7436e+01  14 1.00000e+00  
131.5 3.7391e+01  14 1.00000e+00  
131.6 3.7347e+01  14 1.00000e+00  
131.7 3.7303e+01  14 1.00000e+00  
131.8 3.7261e+01  14 1.00000e+00  
131.9 3.7220e+01  14 1.00000e+00  
132.0 3.7176e+01  14 1.00000e+00  
132.1 3.7133e+01  14 1.00000e+00  
132.2 3.7092e+01  14 1.00000e+00  
132.3 3.7052e+01  14 1.00000e+00  
132.4 3.7013e+01  14 1.00000e+00  
132.5 3.6971e+01  14 1.00000e+00  
132.6 3.6932e+01  14 1.00000e+00  
132.7 3.6893e+01  14 1.00000e+00  
132.8 3.6856e+01  14 1.00000e+00  
132.9 3.6819e+01  14 1.00000e+00  
133.0 3.6781e+01  14 1.00000e+00  
133.1 3.6744e+01  14 1.00000e+00  
133.2 3.6707e+01  14 1.00000e+00  
133.3 3.6672e+01  14 1.00000e+00  
133.4 3.6632e+01  14 1.00000e+00  
133.5 3.6584e+01  14 1.00000e+00  
133.6 3.7637e+01  14 1.00000e+00  
133.7 3.7591e+01  14 1.00000e+00  
133.8 3.7546e+01  14 1.00000e+00  
133.9 3.7502e+01  14 1.00000e+00  
134.0 3.7459e+01  14 1.00000e+00  
134.1 3.7417e+01  14 1.00000e+00  
134.2 3.7374e+01  14 1.00000e+00  
134.3 3.7331e+01  14 1.00000e+00  
134.4 3.7289e+01  14 1.00000e+00  
134.5 3.7248e+01  14 1.00000e+00  
134.6 3.7208e+01  14 1.00000e+00  
134.7 3.7167e+01  14 1.00000e+00  
134.8 3.7126e+01  14 1.00000e+00  
134.9 3.7087e+01  14 1.00000e+00  
135.0 3.7049e+01  14 1.00000e+00  
135.1 3.7011e+01  14 1.00000e+00  
135.2 3.6973e+01  14 1.00000e+00  
135.3 3.6935e+01  14 1.00000e+00  
135.4 3.6898e+01  14 1.00000e+00  
135.5 3.6862e+01  14 1.00000e+00  
135.6 3.6827e+01  14 1.00000e+00  
135.7 3.6788e+01  14 1.00000e+00  
135.8 3.6742e+01  14 1.00000e+00  
135.9 3.6696e+01  14 1.00000e+00  
136.0 3.7755e+01  14 1.00000e+00  
136.1 3.7710e+01  14 1.00000e+00  
136.2 3.7666e+01  14 1.00000e+00  
136.3 3.7623e+01  14 1.00000e+00  
136.4 3.7579e+01  14 1.00000e+00  
136.5 3.7536e+01  14 1.00000e+00  
136.6 3.7494e+01  14 1.00000e+00  
136.7 3.7453e+01  14 1.00000e+00  
136.8 3.7412e+01  14 1.00000e+00  
136.9 3.7370e+01  14 1.00000e+00  
137.0 3.7329e+01  14 1.00000e+00  
137.1 3.7289e+01  14 1.00000e+00  
137.2 3.7250e+01  14 1.00000e+00  
137.3 3.7212e+01  14 1.00000e+00  
137.4 3.7173e+01  14 1.00000e+00  
137.5 3.7134e+01  14 1.00000e+00  
137.6 3.7096e+01  14 1.00000e+00  
137.7 3.7059e+01  14 1.00000e+00  
137.8 3.7024e+01  14 1.00000e+00  
137.9 3.6988e+01  14 1.00000e+00  
138.0 3.6951e+01  14 1.00000e+00  
138.1 3.6908e+01  14 1.00000e+00  
138.2 3.6862e+01  14 1.00000e+00  
138.3 3.6818e+01  14 1.00000e+00  
138.4 3.7882e+01  14 1.00000e+00  
138.5 3.7838e+01  14 1.00000e+00  
138.6 3.7795e+01  14 1.00000e+00  
138.7 3.7751e+01  14 1.00000e+00  
138.8 3.7707e+01  14 1.00000e+00  
138.9 3.7665e+01  14 1.00000e+00  
139.0 3.7624e+01  14 1.00000e+00  
139.1 3.7584e+01  14 1.00000e+00  
139.2 3.7541e+01  14 1.00000e+00  
139.3 3.7500e+01  14 1.00000e+00  
139.4 3.7460e+01  14 1.00000e+00  
139.5 3.7420e+01  14 1.00000e+00  
139.6 3.7382e+01  14 1.00000e+00  
139.7 3.7342e+01  14 1.00000e+00  
139.8 3.7303e+01  14 1.00000e+00  
139.9 3.7265e+01  14 1.00000e+00  
140.0 3.7228e+01  14 1.00000e+00  
140.1 3.7192e+01  14 1.00000e+00  
140.2 3.7155e+01  14 1.00000e+00  
140.3 3.7119e+01  14 1.00000e+00  
140.4 3.7083e+01  14 1.00000e+00  
140.5 3.7038e+01  14 1.00000e+00  
140.6 3.6993e+01  14 1.00000e+00  
140.7 3.6948e+01  14 1.00000e+00  
140.8 3.6903e+01  14 1.00000e+00  
140.9 3.7976e+01  14 1.00000e+00  
141.0 3.7931e+01  14 1.00000e+00  
141.1 3.7887e+01  14 1.00000e+00  
141.2 3.7844e+01  14 1.00000e+00  
141.3 3.7803e+01  14 1.00000e+00  
141.4 3.7763e+01  14 1.00000e+00  
141.5 3.7720e+01  14 1.00000e+00  
141.6 3.7679e+01  14 1.00000e+00  
141.7 3.7639e+01  14 1.00000e+00  
141.8 3.7599e+01  14 1.00000e+00  
141.9 3.7560e+01  14 1.00000e+00  
142.0 3.7519e+01  14 1.00000e+00  
142.1 3.7480e+01  14 1.00000e+00  
142.2 3.7442e+01  14 1.00000e+00  
142.3 3.7404e+01  14 1.00000e+00  
142.4 3.7368e+01  14 1.00000e+00  
142.5 3.7330e+01  14 1.00000e+00  
142.6 3.7293e+01  14 1.00000e+00  
142.7 3.7257e+01  14 1.00000e+00  
142.8 3.7222e+01  14 1.00000e+00  
142.9 3.7178e+01  14 1.00000e+00  
143.0 3.7132e+01  14 1.00000e+00  
143.1 3.7086e+01  14 1.00000e+00  
143.2 3.7042e+01  14 1.00000e+00  
143.3 3.6999e+01  14 1.00000e+00  
143.4 3.8076e+01  14 1.00000e+00  
143.5 3.8033e+01  14 1.00000e+00  
143.6 3.7991e+01  14 1.00000e+00  
143.7 3.7949e+01  14 1.00000e+00  
143.8 3.7907e+01  14 1.00000e+00  
143.9 3.7865e+01  14 1.00000e+00  
144.0 3.7825e+01  14 1.00000e+00  
144.1 3.7785e+01  14 1.00000e+00  
144.2 3.7746e+01  14 1.00000e+00  
144.3 3.7705e+01  14 1.00000e+00  
144.4 3.7665e+01  14 1.00000e+00  
144.5 3.7626e+01  14 1.00000e+00  
144.6 3.7588e+01  14 1.00000e+00  
144.7 3.7551e+01  14 1.00000e+00  
144.8 3.7513e+01  14 1.00000e+00  
144.9 3.7475e+01  14 1.00000e+00  
145.0 3.7439e+01  14 1.00000e+00  
145.1 3.7403e+01  14 1.00000e+00  
145.2 3.7367e+01  14 1.00000e+00  
145.3 3.7327e+01  14 1.00000e+00  
145.4 3.7280e+01  14 1.00000e+00  
145.5 3.7235e+01  14 1.00000e+00  
145.6 3.7191e+01  14 1.00000e+00  
145.7 3.7148e+01  14 1.00000e+00  
145.8 3.7104e+01  14 1.00000e+00  
145.9 3.8188e+01  14 1.00000e+00  
146.0 3.8146e+01  14 1.00000e+00  
146.1 3.8103e+01  14 1.00000e+00  
146.2 3.8061e+01  14 1.00000e+00  
146.3 3.8019e+01  14 1.00000e+00  
146.4 3.7979e+01  14 1.00000e+00  
146.5 3.7939e+01  14 1.00000e+00  
146.6 3.7899e+01  14 1.00000e+00  
146.7 3.7859e+01  14 1.00000e+00  
146.8 3.7819e+01  14 1.00000e+00  
146.9 3.7780e+01  14 1.00000e+00  
147.0 3.7742e+01  14 1.00000e+00  
147.1 3.7705e+01  14 1.00000e+00  
147.2 3.7666e+01  14 1.00000e+00  
147.3 3.7628e+01  14 1.00000e+00  
147.4 3.7592e+01  14 1.00000e+00  
147.5 3.7556e+01  14 1.00000e+00  
147.6 3.7521e+01  14 1.00000e+00  
147.7 3.7485e+01  14 1.00000e+00  
147.8 3.7439e+01  14 1.00000e+00  
147.9 3.7393e+01  14 1.00000e+00  
148.0 3.7348e+01  14 1.00000e+00  
148.1 3.7306e+01  14 1.00000e+00  
148.2 3.7261e+01  14 1.00000e+00  
148.3 3.7218e+01  14 1.00000e+00  
148.4 3.8309e+01  14 1.00000e+00  
148.5 3.8266e+01  14 1.00000e+00  
148.6 3.8223e+01  14 1.00000e+00  
148.7 3.8181e+01  14 1.00000e+00  
148.8 3.8141e+01  14 1.00000e+00  
148.9 3.8102e+01  14 1.00000e+00  
149.0 3.8061e+01  14 1.00000e+00  
149.1 3.8021e+01  14 1.00000e+00  
149.2 3.7982e+01  14 1.00000e+00  
149.3 3.7942e+01  14 1.00000e+00  
149.4 3.7904e+01  14 1.00000e+00  
149.5 3.7865e+01  14 1.00000e+00  
149.6 3.7827e+01  14 1.00000e+00  
149.7 3.7789e+01  14 1.00000e+00  
149.8 3.7752e+01  14 1.00000e+00  
149.9 3.7716e+01  14 1.00000e+00  
150.0 3.7681e+01  14 1.00000e+00  
