 15.1 1.3809e+00  13 4.29671e-02  
 15.2 1.3885e+00  13 4.34683e-02  
 15.3 1.3961e+00  13 4.39659e-02  
 15.4 1.4038e+00  13 4.44746e-02  
 15.5 1.4114e+00  13 4.49644e-02  
 15.6 1.4190e+00  13 4.54511e-02  
 15.7 1.4267e+00  13 4.59346e-02  
 15.8 1.4343e+00  13 4.64147e-02  
 15.9 1.4419e+00  13 4.68917e-02  
 16.0 1.4496e+00  13 4.73638e-02  
 16.1 1.4572e+00  13 4.78254e-02  
 16.2 1.4648e+00  13 4.82931e-02  
 16.3 1.4724e+00  13 4.87580e-02  
 16.4 1.4801e+00  13 4.92395e-02  
 16.5 1.4877e+00  13 4.96999e-02  
 16.6 1.4953e+00  13 5.01583e-02  
 16.7 1.5030e+00  13 5.06144e-02  
 16.8 1.5106e+00  13 5.10685e-02  
 16.9 1.5182e+00  13 5.15417e-02  
 17.0 1.5259e+00  13 5.19927e-02  
 17.1 1.5335e+00  13 5.24425e-02  
 17.2 1.5411e+00  13 5.28907e-02  
 17.3 1.5488e+00  13 5.33464e-02  
 17.4 1.5564e+00  13 5.37921e-02  
 17.5 1.5640e+00  13 5.42590e-02  
 17.6 1.5717e+00  13 5.47040e-02  
 17.7 1.5793e+00  13 5.51711e-02  
 17.8 1.5869e+00  13 5.56386e-02  
 17.9 1.5945e+00  13 5.61075e-02  
 18.0 1.6021e+00  13 5.66744e-02  
 18.1 1.6098e+00  13 5.71092e-02  
 18.2 1.6174e+00  13 5.75588e-02  
 18.3 1.6250e+00  13 5.80085e-02  
 18.4 1.6326e+00  13 5.84585e-02  
 18.5 1.6402e+00  13 5.89092e-02  
 18.6 1.6478e+00  13 5.93605e-02  
 18.7 1.6555e+00  13 5.97961e-02  
 18.8 1.6631e+00  13 6.02469e-02  
 18.9 1.6707e+00  13 6.06988e-02  
 19.0 1.6783e+00  13 6.11516e-02  
 19.1 1.6859e+00  13 6.16059e-02  
 19.2 1.6935e+00  13 6.20612e-02  
 19.3 1.7011e+00  13 6.24972e-02  
 19.4 1.7121e+00  13 6.32713e-02  
 19.5 1.7238e+00  13 6.41174e-02  
 19.6 1.7356e+00  13 6.49725e-02  
 19.7 1.7475e+00  13 6.58370e-02  
 19.8 1.7595e+00  13 6.66883e-02  
 19.9 1.7715e+00  13 6.75686e-02  
 20.0 1.7837e+00  13 6.84591e-02  
 20.1 1.7959e+00  13 6.93597e-02  
 20.2 1.8082e+00  13 7.02618e-02  
 20.3 1.8205e+00  13 7.11646e-02  
 20.4 1.8330e+00  13 7.20928e-02  
 20.5 1.8455e+00  13 7.30322e-02  
 20.6 1.8581e+00  13 7.39831e-02  
 20.7 1.8708e+00  13 7.49182e-02  
 20.8 1.8836e+00  13 7.58887e-02  
 20.9 1.8964e+00  13 7.68714e-02  
 21.0 1.9094e+00  13 7.78662e-02  
 21.1 1.9224e+00  13 7.88434e-02  
 21.2 1.4609e+01  14 1.00000e+00  
 21.3 1.4624e+01  14 1.00000e+00  
 21.4 1.4639e+01  14 1.00000e+00  
 21.5 1.4658e+01  14 1.00000e+00  
 21.6 1.4671e+01  14 1.00000e+00  
 21.7 1.4682e+01  14 1.00000e+00  
 21.8 1.4693e+01  14 1.00000e+00  
 21.9 1.4708e+01  14 1.00000e+00  
 22.0 1.4717e+01  14 1.00000e+00  
 22.1 1.4725e+01  14 1.00000e+00  
 22.2 1.4732e+01  14 1.00000e+00  
 22.3 1.4744e+01  14 1.00000e+00  
 22.4 1.4750e+01  14 1.00000e+00  
 22.5 1.4754e+01  14 1.00000e+00  
 22.6 1.4758e+01  14 1.00000e+00  
 22.7 1.4766e+01  14 1.00000e+00  
 22.8 1.4768e+01  14 1.00000e+00  
 22.9 1.4769e+01  14 1.00000e+00  
 23.0 1.4770e+01  14 1.00000e+00  
 23.1 1.4775e+01  14 1.00000e+00  
 23.2 1.4774e+01  14 1.00000e+00  
 23.3 1.4771e+01  14 1.00000e+00  
 23.4 1.4775e+01  14 1.00000e+00  
 23.5 1.4771e+01  14 1.00000e+00  
 23.6 1.4767e+01  14 1.00000e+00  
 23.7 1.4761e+01  14 1.00000e+00  
 23.8 1.4762e+01  14 1.00000e+00  
 23.9 1.4755e+01  14 1.00000e+00  
 24.0 1.4748e+01  14 1.00000e+00  
 24.1 1.4739e+01  14 1.00000e+00  
 24.2 1.4737e+01  14 1.00000e+00  
 24.3 1.4728e+01  14 1.00000e+00  
 24.4 5.4967e+00  14 3.32674e-01  
 24.5 5.5643e+00  14 3.37839e-01  
 24.6 5.6320e+00  14 3.42834e-01  
 24.7 5.6996e+00  14 3.48031e-01  
 24.8 5.7670e+00  14 3.53251e-01  
 24.9 5.8344e+00  14 3.58496e-01  
 25.0 5.9020e+00  14 3.63566e-01  
 25.1 5.9692e+00  14 3.68832e-01  
 25.2 6.0363e+00  14 3.74123e-01  
 25.3 6.1032e+00  14 3.79430e-01  
 25.4 6.1706e+00  14 3.84562e-01  
 25.5 6.2373e+00  14 3.89892e-01  
 25.6 6.3038e+00  14 3.95248e-01  
 25.7 6.3701e+00  14 4.00618e-01  
 25.8 6.4371e+00  14 4.05791e-01  
 25.9 6.5031e+00  14 4.11176e-01  
 26.0 6.5689e+00  14 4.16574e-01  
 26.1 6.6344e+00  14 4.21996e-01  
 26.2 6.7015e+00  14 4.27272e-01  
 26.3 6.7666e+00  14 4.32710e-01  
 26.4 6.8316e+00  14 4.38150e-01  
 26.5 6.8963e+00  14 4.43601e-01  
 26.6 6.9607e+00  14 4.49069e-01  
 26.7 7.0266e+00  14 4.54339e-01  
 26.8 7.0906e+00  14 4.59820e-01  
 26.9 7.1543e+00  14 4.65313e-01  
 27.0 7.2177e+00  14 4.70821e-01  
 27.1 7.2824e+00  14 4.76183e-01  
 27.2 7.3460e+00  14 4.81635e-01  
 27.3 7.4088e+00  14 4.87144e-01  
 27.4 7.4713e+00  14 4.92669e-01  
 27.5 7.5335e+00  14 4.98198e-01  
 27.6 7.5953e+00  14 5.03740e-01  
 27.7 7.6570e+00  14 5.09274e-01  
 27.8 7.7208e+00  14 5.14632e-01  
 27.9 7.7818e+00  14 5.20193e-01  
 28.0 7.8423e+00  14 5.25766e-01  
 28.1 7.9025e+00  14 5.31347e-01  
 28.2 7.9628e+00  14 5.36903e-01  
 28.3 8.0243e+00  14 5.42366e-01  
 28.4 8.0862e+00  14 5.47800e-01  
 28.5 8.1457e+00  14 5.53366e-01  
 28.6 8.2049e+00  14 5.58940e-01  
 28.7 8.2634e+00  14 5.64533e-01  
 28.8 8.3216e+00  14 5.70134e-01  
 28.9 8.3796e+00  14 5.75727e-01  
 29.0 8.4366e+00  14 5.81355e-01  
 29.1 8.4985e+00  14 5.86728e-01  
 29.2 8.5550e+00  14 5.92355e-01  
 29.3 8.6112e+00  14 5.97984e-01  
 29.4 8.6716e+00  14 6.03411e-01  
 29.5 8.7266e+00  14 6.09065e-01  
 29.6 8.7825e+00  14 6.14671e-01  
 29.7 8.8395e+00  14 6.20219e-01  
 29.8 8.8960e+00  14 6.25776e-01  
 29.9 8.9521e+00  14 6.31338e-01  
 30.0 9.0039e+00  14 6.37051e-01  
 30.1 9.0580e+00  14 6.42666e-01  
 30.2 9.1135e+00  14 6.48216e-01  
 30.3 9.1705e+00  14 6.53712e-01  
 30.4 9.2236e+00  14 6.59329e-01  
 30.5 9.2760e+00  14 6.64958e-01  
 30.6 9.3282e+00  14 6.70578e-01  
 30.7 9.3794e+00  14 6.76222e-01  
 30.8 9.4299e+00  14 6.81871e-01  
 30.9 9.4860e+00  14 6.87348e-01  
 31.0 9.5359e+00  14 6.92993e-01  
 31.1 9.5867e+00  14 6.98602e-01  
 31.2 9.6365e+00  14 7.04228e-01  
 31.3 9.6838e+00  14 7.09907e-01  
 31.4 9.7399e+00  14 7.15352e-01  
 31.5 9.7861e+00  14 7.21035e-01  
 31.6 9.8387e+00  14 7.26553e-01  
 31.7 9.8874e+00  14 7.32154e-01  
 31.8 9.9291e+00  14 7.37900e-01  
 31.9 9.9801e+00  14 7.43430e-01  
 32.0 1.0028e+01  14 7.49011e-01  
 32.1 1.0074e+01  14 7.54628e-01  
 32.2 1.0115e+01  14 7.60330e-01  
 32.3 1.0160e+01  14 7.65956e-01  
 32.4 1.0206e+01  14 7.71534e-01  
 32.5 1.0247e+01  14 7.77183e-01  
 32.6 1.0303e+01  14 7.82587e-01  
 32.7 1.0335e+01  14 7.88372e-01  
 32.8 1.0382e+01  14 7.93899e-01  
 32.9 1.0425e+01  14 7.99477e-01  
 33.0 1.0467e+01  14 8.05060e-01  
 33.1 1.0514e+01  14 8.10560e-01  
 33.2 1.0546e+01  14 8.16269e-01  
 33.3 1.0599e+01  14 8.21673e-01  
 33.4 1.0637e+01  14 8.27267e-01  
 33.5 1.0666e+01  14 8.32974e-01  
 33.6 1.0706e+01  14 8.38523e-01  
 33.7 1.0750e+01  14 8.44005e-01  
 33.8 1.0792e+01  14 8.49515e-01  
 33.9 1.0822e+01  14 8.55133e-01  
 34.0 1.0861e+01  14 8.60648e-01  
 34.1 1.0910e+01  14 8.66050e-01  
 34.2 1.0950e+01  14 8.71542e-01  
 34.3 1.0989e+01  14 8.77033e-01  
 34.4 1.1017e+01  14 8.82610e-01  
 34.5 1.1068e+01  14 8.87981e-01  
 34.6 1.1159e+01  14 8.93058e-01  
 34.7 1.1244e+01  14 8.98206e-01  
 34.8 1.1331e+01  14 9.03386e-01  
 34.9 1.1417e+01  14 9.08598e-01  
 35.0 1.1435e+01  14 9.08464e-01  
 35.1 1.1501e+01  14 9.13695e-01  
 35.2 1.1521e+01  14 9.17432e-01  
 35.3 1.1553e+01  14 9.19157e-01  
 35.4 1.1585e+01  14 9.20810e-01  
 35.5 1.1632e+01  14 9.23287e-01  
 35.6 1.1671e+01  14 9.25341e-01  
 35.7 1.1703e+01  14 9.27008e-01  
 35.8 1.1736e+01  14 9.28720e-01  
 35.9 1.1779e+01  14 9.30963e-01  
 36.0 1.1816e+01  14 9.32874e-01  
 36.1 1.1876e+01  14 9.36023e-01  
 36.2 1.1934e+01  14 9.39063e-01  
 36.3 1.1963e+01  14 9.40560e-01  
 36.4 1.2005e+01  14 9.42714e-01  
 36.5 1.2049e+01  14 9.45014e-01  
 36.6 1.2096e+01  14 9.47462e-01  
 36.7 1.2143e+01  14 9.49888e-01  
 36.8 1.2191e+01  14 9.52333e-01  
 36.9 1.2228e+01  14 9.54254e-01  
 37.0 1.2279e+01  14 9.56897e-01  
 37.1 1.2329e+01  14 9.59480e-01  
 37.2 1.2363e+01  14 9.61220e-01  
 37.3 1.2418e+01  14 9.64061e-01  
 37.4 1.2470e+01  14 9.66722e-01  
 37.5 1.2500e+01  14 9.68255e-01  
 37.6 1.2545e+01  14 9.70535e-01  
 37.7 1.2576e+01  14 9.72144e-01  
 37.8 1.2638e+01  14 9.75289e-01  
 37.9 1.2676e+01  14 9.77275e-01  
 38.0 1.2730e+01  14 9.79986e-01  
 38.1 1.2782e+01  14 9.82646e-01  
 38.2 1.2822e+01  14 9.84683e-01  
 38.3 1.2877e+01  14 9.87507e-01  
 38.4 1.2907e+01  14 9.89027e-01  
 38.5 1.2970e+01  14 9.92186e-01  
 38.6 1.3024e+01  14 9.94925e-01  
 38.7 1.3046e+01  14 9.96059e-01  
 38.8 1.3098e+01  14 9.98691e-01  
 38.9 1.3134e+01  14 1.00000e+00  
 39.0 1.3151e+01  14 1.00000e+00  
 39.1 1.3170e+01  14 1.00000e+00  
 39.2 1.3183e+01  14 1.00000e+00  
 39.3 1.3204e+01  14 1.00000e+00  
 39.4 1.3224e+01  14 1.00000e+00  
 39.5 1.3243e+01  14 1.00000e+00  
 39.6 1.3262e+01  14 1.00000e+00  
 39.7 1.3186e+01  14 1.00000e+00  
 39.8 1.3159e+01  14 1.00000e+00  
 39.9 1.3086e+01  14 9.98053e-01  
 40.0 1.2730e+01  14 9.80028e-01  
 40.1 1.2572e+01  14 9.71930e-01  
 40.2 1.2486e+01  14 9.67516e-01  
 40.3 1.2422e+01  14 9.64249e-01  
 40.4 1.2174e+01  14 9.51469e-01  
 40.5 1.2031e+01  14 9.44052e-01  
 40.6 1.1885e+01  14 9.36512e-01  
 40.7 1.1827e+01  14 9.33451e-01  
 40.8 1.1786e+01  14 9.31345e-01  
 40.9 1.1576e+01  14 9.20327e-01  
 41.0 1.1444e+01  14 9.13429e-01  
 41.1 1.1297e+01  14 9.05636e-01  
 41.2 1.1247e+01  14 9.02991e-01  
 41.3 1.1211e+01  14 9.01133e-01  
 41.4 1.1149e+01  14 8.97817e-01  
 41.5 1.0963e+01  14 8.87962e-01  
 41.6 1.0784e+01  14 8.78420e-01  
 41.7 1.0755e+01  14 8.76845e-01  
 41.8 1.0725e+01  14 8.75215e-01  
 41.9 1.0679e+01  14 8.72755e-01  
 42.0 1.0512e+01  14 8.63820e-01  
 42.1 1.0475e+01  14 8.61812e-01  
 42.2 1.0307e+01  14 8.52731e-01  
 42.3 1.0286e+01  14 8.51632e-01  
 42.4 1.0285e+01  14 8.51575e-01  
 42.5 1.0237e+01  14 8.48971e-01  
 42.6 1.0061e+01  14 8.39436e-01  
 42.7 1.0014e+01  14 8.36855e-01  
 42.8 9.8956e+00  14 8.30409e-01  
 42.9 9.8963e+00  14 8.30445e-01  
 43.0 9.8497e+00  14 8.27900e-01  
 43.1 9.8328e+00  14 8.26977e-01  
 43.2 9.7641e+00  14 8.23227e-01  
 43.3 9.6015e+00  14 8.14316e-01  
 43.4 9.5462e+00  14 8.11283e-01  
 43.5 9.5545e+00  14 8.11735e-01  
 43.6 9.5038e+00  14 8.08952e-01  
 43.7 9.4941e+00  14 8.08418e-01  
 43.8 9.4242e+00  14 8.04573e-01  
 43.9 9.3923e+00  14 8.02816e-01  
 44.0 9.4869e+00  14 8.08021e-01  
 44.1 9.5082e+00  14 8.09191e-01  
 44.2 9.5183e+00  14 8.09747e-01  
 44.3 9.5145e+00  14 8.09540e-01  
 44.4 9.6418e+00  14 8.16528e-01  
 44.5 9.7060e+00  14 8.20047e-01  
 44.6 9.7849e+00  14 8.24360e-01  
 44.7 9.7888e+00  14 8.24577e-01  
 44.8 9.8342e+00  14 8.27056e-01  
 44.9 9.8707e+00  14 8.29049e-01  
 45.0 9.9008e+00  14 8.30693e-01  
 45.1 1.0002e+01  14 8.36202e-01  
 45.2 1.0083e+01  14 8.40583e-01  
 45.3 1.0162e+01  14 8.44888e-01  
 45.4 1.0229e+01  14 8.48504e-01  
 45.5 1.0289e+01  14 8.51753e-01  
 45.6 1.0390e+01  14 8.57242e-01  
 45.7 1.0446e+01  14 8.60268e-01  
 45.8 1.0493e+01  14 8.62774e-01  
 45.9 1.0539e+01  14 8.65258e-01  
 46.0 1.0579e+01  14 8.67432e-01  
 46.1 1.0627e+01  14 8.70009e-01  
 46.2 1.0667e+01  14 8.72141e-01  
 46.3 1.0699e+01  14 8.73835e-01  
 46.4 1.0758e+01  14 8.77002e-01  
 46.5 1.0891e+01  14 8.84090e-01  
 46.6 1.0977e+01  14 8.88687e-01  
 46.7 1.1055e+01  14 8.92851e-01  
 46.8 1.1124e+01  14 8.96506e-01  
 46.9 1.1191e+01  14 9.00052e-01  
 47.0 1.1300e+01  14 9.05811e-01  
 47.1 1.1362e+01  14 9.09102e-01  
 47.2 1.1409e+01  14 9.11584e-01  
 47.3 1.1460e+01  14 9.14254e-01  
 47.4 1.1506e+01  14 9.16692e-01  
 47.5 1.1532e+01  14 9.18020e-01  
 47.6 1.1580e+01  14 9.20533e-01  
 47.7 1.1629e+01  14 9.23113e-01  
 47.8 1.1745e+01  14 9.29189e-01  
 47.9 1.1853e+01  14 9.34830e-01  
 48.0 1.1942e+01  14 9.39440e-01  
 48.1 1.2020e+01  14 9.43520e-01  
 48.2 1.2097e+01  14 9.47496e-01  
 48.3 1.2230e+01  14 9.54393e-01  
 48.4 1.2277e+01  14 9.56782e-01  
 48.5 1.2342e+01  14 9.60135e-01  
 48.6 1.2396e+01  14 9.62899e-01  
 48.7 1.2454e+01  14 9.65877e-01  
 48.8 1.2505e+01  14 9.68505e-01  
 48.9 1.2560e+01  14 9.71332e-01  
 49.0 1.2607e+01  14 9.73744e-01  
 49.1 1.2644e+01  14 9.75618e-01  
 49.2 1.2738e+01  14 9.80420e-01  
 49.3 1.2865e+01  14 9.86869e-01  
 49.4 1.2968e+01  14 9.92119e-01  
 49.5 1.3064e+01  14 9.96971e-01  
 49.6 1.3130e+01  14 1.00000e+00  
 49.7 1.3161e+01  14 1.00000e+00  
 49.8 1.3215e+01  14 1.00000e+00  
 49.9 1.3238e+01  14 1.00000e+00  
 50.0 1.3260e+01  14 1.00000e+00  
 50.1 1.3279e+01  14 1.00000e+00  
 50.2 1.3304e+01  14 1.00000e+00  
 50.3 1.3321e+01  14 1.00000e+00  
 50.4 1.3343e+01  14 1.00000e+00  
 50.5 1.3361e+01  14 1.00000e+00  
 50.6 1.3391e+01  14 1.00000e+00  
 50.7 1.3427e+01  14 1.00000e+00  
 50.8 1.3477e+01  14 1.00000e+00  
 50.9 1.3515e+01  14 1.00000e+00  
 51.0 1.3550e+01  14 1.00000e+00  
 51.1 1.3582e+01  14 1.00000e+00  
 51.2 1.3611e+01  14 1.00000e+00  
 51.3 1.3662e+01  14 1.00000e+00  
 51.4 1.3687e+01  14 1.00000e+00  
 51.5 1.3712e+01  14 1.00000e+00  
 51.6 1.3736e+01  14 1.00000e+00  
 51.7 1.3756e+01  14 1.00000e+00  
 51.8 1.3778e+01  14 1.00000e+00  
 51.9 1.3797e+01  14 1.00000e+00  
 52.0 1.3819e+01  14 1.00000e+00  
 52.1 1.3837e+01  14 1.00000e+00  
 52.2 1.3879e+01  14 1.00000e+00  
 52.3 1.3909e+01  14 1.00000e+00  
 52.4 1.3959e+01  14 1.00000e+00  
 52.5 1.4000e+01  14 1.00000e+00  
 52.6 1.4033e+01  14 1.00000e+00  
 52.7 1.4059e+01  14 1.00000e+00  
 52.8 1.4091e+01  14 1.00000e+00  
 52.9 1.4147e+01  14 1.00000e+00  
 53.0 1.4173e+01  14 1.00000e+00  
 53.1 1.4191e+01  14 1.00000e+00  
 53.2 1.4212e+01  14 1.00000e+00  
 53.3 1.4234e+01  14 1.00000e+00  
 53.4 1.4258e+01  14 1.00000e+00  
 53.5 1.4279e+01  14 1.00000e+00  
 53.6 1.4298e+01  14 1.00000e+00  
 53.7 1.4330e+01  14 1.00000e+00  
 53.8 1.4366e+01  14 1.00000e+00  
 53.9 1.4401e+01  14 1.00000e+00  
 54.0 1.4446e+01  14 1.00000e+00  
 54.1 1.4486e+01  14 1.00000e+00  
 54.2 1.4522e+01  14 1.00000e+00  
 54.3 1.4550e+01  14 1.00000e+00  
 54.4 1.4574e+01  14 1.00000e+00  
 54.5 1.4605e+01  14 1.00000e+00  
 54.6 1.4657e+01  14 1.00000e+00  
 54.7 1.4687e+01  14 1.00000e+00  
 54.8 1.4704e+01  14 1.00000e+00  
 54.9 1.4727e+01  14 1.00000e+00  
 55.0 1.4751e+01  14 1.00000e+00  
 55.1 1.4768e+01  14 1.00000e+00  
 55.2 1.4793e+01  14 1.00000e+00  
 55.3 1.4813e+01  14 1.00000e+00  
 55.4 1.4851e+01  14 1.00000e+00  
 55.5 1.4889e+01  14 1.00000e+00  
 55.6 1.4934e+01  14 1.00000e+00  
 55.7 1.4968e+01  14 1.00000e+00  
 55.8 1.5010e+01  14 1.00000e+00  
 55.9 1.5042e+01  14 1.00000e+00  
 56.0 1.5074e+01  14 1.00000e+00  
 56.1 1.5105e+01  14 1.00000e+00  
 56.2 1.5145e+01  14 1.00000e+00  
 56.3 1.5173e+01  14 1.00000e+00  
 56.4 1.5206e+01  14 1.00000e+00  
 56.5 1.5228e+01  14 1.00000e+00  
 56.6 1.5252e+01  14 1.00000e+00  
 56.7 1.5266e+01  14 1.00000e+00  
 56.8 1.5296e+01  14 1.00000e+00  
 56.9 1.5314e+01  14 1.00000e+00  
 57.0 1.5339e+01  14 1.00000e+00  
 57.1 1.5381e+01  14 1.00000e+00  
 57.2 1.5419e+01  14 1.00000e+00  
 57.3 1.5448e+01  14 1.00000e+00  
 57.4 1.5491e+01  14 1.00000e+00  
 57.5 1.5529e+01  14 1.00000e+00  
 57.6 1.5567e+01  14 1.00000e+00  
 57.7 1.5604e+01  14 1.00000e+00  
 57.8 1.5634e+01  14 1.00000e+00  
 57.9 1.5673e+01  14 1.00000e+00  
 58.0 1.5723e+01  14 1.00000e+00  
 58.1 1.5757e+01  14 1.00000e+00  
 58.2 1.5776e+01  14 1.00000e+00  
 58.3 1.5791e+01  14 1.00000e+00  
 58.4 1.5813e+01  14 1.00000e+00  
 58.5 1.5833e+01  14 1.00000e+00  
 58.6 1.5858e+01  14 1.00000e+00  
 58.7 1.5879e+01  14 1.00000e+00  
 58.8 1.5915e+01  14 1.00000e+00  
 58.9 1.5955e+01  14 1.00000e+00  
 59.0 1.5990e+01  14 1.00000e+00  
 59.1 1.6023e+01  14 1.00000e+00  
 59.2 1.6079e+01  14 1.00000e+00  
 59.3 1.6108e+01  14 1.00000e+00  
 59.4 1.6150e+01  14 1.00000e+00  
 59.5 1.6174e+01  14 1.00000e+00  
 59.6 1.6210e+01  14 1.00000e+00  
 59.7 1.6239e+01  14 1.00000e+00  
 59.8 1.6289e+01  14 1.00000e+00  
 59.9 1.6315e+01  14 1.00000e+00  
 60.0 1.6344e+01  14 1.00000e+00  
 60.1 1.6363e+01  14 1.00000e+00  
 60.2 1.6390e+01  14 1.00000e+00  
 60.3 1.6411e+01  14 1.00000e+00  
 60.4 1.6434e+01  14 1.00000e+00  
 60.5 1.6452e+01  14 1.00000e+00  
 60.6 1.6484e+01  14 1.00000e+00  
 60.7 1.6530e+01  14 1.00000e+00  
 60.8 1.6556e+01  14 1.00000e+00  
 60.9 1.6604e+01  14 1.00000e+00  
 61.0 1.6628e+01  14 1.00000e+00  
 61.1 1.6679e+01  14 1.00000e+00  
 61.2 1.6718e+01  14 1.00000e+00  
 61.3 1.6742e+01  14 1.00000e+00  
 61.4 1.6779e+01  14 1.00000e+00  
 61.5 1.6813e+01  14 1.00000e+00  
 61.6 1.6841e+01  14 1.00000e+00  
 61.7 1.6882e+01  14 1.00000e+00  
 61.8 1.6917e+01  14 1.00000e+00  
 61.9 1.6939e+01  14 1.00000e+00  
 62.0 1.6952e+01  14 1.00000e+00  
 62.1 1.6989e+01  14 1.00000e+00  
 62.2 1.7010e+01  14 1.00000e+00  
 62.3 1.7033e+01  14 1.00000e+00  
 62.4 1.7051e+01  14 1.00000e+00  
 62.5 1.7087e+01  14 1.00000e+00  
 62.6 1.7122e+01  14 1.00000e+00  
 62.7 1.7166e+01  14 1.00000e+00  
 62.8 1.7199e+01  14 1.00000e+00  
 62.9 1.7235e+01  14 1.00000e+00  
 63.0 1.7270e+01  14 1.00000e+00  
 63.1 1.7311e+01  14 1.00000e+00  
 63.2 1.7338e+01  14 1.00000e+00  
 63.3 1.7376e+01  14 1.00000e+00  
 63.4 1.7399e+01  14 1.00000e+00  
 63.5 1.7438e+01  14 1.00000e+00  
 63.6 1.7467e+01  14 1.00000e+00  
 63.7 1.7518e+01  14 1.00000e+00  
 63.8 1.7537e+01  14 1.00000e+00  
 63.9 1.7565e+01  14 1.00000e+00  
 64.0 1.7582e+01  14 1.00000e+00  
 64.1 1.7616e+01  14 1.00000e+00  
 64.2 1.7638e+01  14 1.00000e+00  
 64.3 1.7650e+01  14 1.00000e+00  
 64.4 1.7682e+01  14 1.00000e+00  
 64.5 1.7713e+01  14 1.00000e+00  
 64.6 1.7752e+01  14 1.00000e+00  
 64.7 1.7790e+01  14 1.00000e+00  
 64.8 1.7821e+01  14 1.00000e+00  
 64.9 1.7863e+01  14 1.00000e+00  
 65.0 1.7903e+01  14 1.00000e+00  
 65.1 1.7943e+01  14 1.00000e+00  
 65.2 1.7972e+01  14 1.00000e+00  
 65.3 1.8010e+01  14 1.00000e+00  
 65.4 1.8037e+01  14 1.00000e+00  
 65.5 1.8073e+01  14 1.00000e+00  
 65.6 1.8101e+01  14 1.00000e+00  
 65.7 1.8128e+01  14 1.00000e+00  
 65.8 1.8176e+01  14 1.00000e+00  
 65.9 1.8198e+01  14 1.00000e+00  
 66.0 1.8217e+01  14 1.00000e+00  
 66.1 1.8251e+01  14 1.00000e+00  
 66.2 1.8274e+01  14 1.00000e+00  
 66.3 1.8285e+01  14 1.00000e+00  
 66.4 1.8319e+01  14 1.00000e+00  
 66.5 1.8339e+01  14 1.00000e+00  
 66.6 1.8383e+01  14 1.00000e+00  
 66.7 1.8420e+01  14 1.00000e+00  
 66.8 1.8465e+01  14 1.00000e+00  
 66.9 1.8501e+01  14 1.00000e+00  
 67.0 1.8521e+01  14 1.00000e+00  
 67.1 1.8553e+01  14 1.00000e+00  
 67.2 1.8609e+01  14 1.00000e+00  
 67.3 1.8639e+01  14 1.00000e+00  
 67.4 1.8682e+01  14 1.00000e+00  
 67.5 1.8714e+01  14 1.00000e+00  
 67.6 1.8734e+01  14 1.00000e+00  
 67.7 1.8773e+01  14 1.00000e+00  
 67.8 1.8802e+01  14 1.00000e+00  
 67.9 1.8844e+01  14 1.00000e+00  
 68.0 1.8890e+01  14 1.00000e+00  
 68.1 1.8902e+01  14 1.00000e+00  
 68.2 1.8926e+01  14 1.00000e+00  
 68.3 1.8949e+01  14 1.00000e+00  
 68.4 1.8972e+01  14 1.00000e+00  
 68.5 1.8990e+01  14 1.00000e+00  
 68.6 1.9001e+01  14 1.00000e+00  
 68.7 1.9038e+01  14 1.00000e+00  
 68.8 1.9094e+01  14 1.00000e+00  
 68.9 1.9131e+01  14 1.00000e+00  
 69.0 1.9174e+01  14 1.00000e+00  
 69.1 1.9206e+01  14 1.00000e+00  
 69.2 1.9244e+01  14 1.00000e+00  
 69.3 1.9276e+01  14 1.00000e+00  
 69.4 1.9323e+01  14 1.00000e+00  
 69.5 1.9353e+01  14 1.00000e+00  
 69.6 1.9393e+01  14 1.00000e+00  
 69.7 1.9425e+01  14 1.00000e+00  
 69.8 1.9443e+01  14 1.00000e+00  
 69.9 1.9484e+01  14 1.00000e+00  
 70.0 1.9514e+01  14 1.00000e+00  
 70.1 1.9541e+01  14 1.00000e+00  
 70.2 1.9600e+01  14 1.00000e+00  
 70.3 1.9623e+01  14 1.00000e+00  
 70.4 1.9645e+01  14 1.00000e+00  
 70.5 1.9654e+01  14 1.00000e+00  
 70.6 1.9686e+01  14 1.00000e+00  
 70.7 1.9715e+01  14 1.00000e+00  
 70.8 1.9727e+01  14 1.00000e+00  
 70.9 1.9752e+01  14 1.00000e+00  
 71.0 1.9799e+01  14 1.00000e+00  
 71.1 1.9836e+01  14 1.00000e+00  
 71.2 1.9886e+01  14 1.00000e+00  
 71.3 1.9921e+01  14 1.00000e+00  
 71.4 1.9962e+01  14 1.00000e+00  
 71.5 1.9988e+01  14 1.00000e+00  
 71.6 2.0023e+01  14 1.00000e+00  
 71.7 2.0074e+01  14 1.00000e+00  
 71.8 2.0106e+01  14 1.00000e+00  
 71.9 2.0146e+01  14 1.00000e+00  
 72.0 2.0177e+01  14 1.00000e+00  
 72.1 2.0193e+01  14 1.00000e+00  
 72.2 2.0237e+01  14 1.00000e+00  
 72.3 2.0266e+01  14 1.00000e+00  
 72.4 2.0294e+01  14 1.00000e+00  
 72.5 2.0332e+01  14 1.00000e+00  
 72.6 2.0366e+01  14 1.00000e+00  
 72.7 2.0384e+01  14 1.00000e+00  
 72.8 2.0424e+01  14 1.00000e+00  
 72.9 2.0449e+01  14 1.00000e+00  
 73.0 2.0465e+01  14 1.00000e+00  
 73.1 2.0496e+01  14 1.00000e+00  
 73.2 2.0519e+01  14 1.00000e+00  
 73.3 2.0531e+01  14 1.00000e+00  
 73.4 2.0595e+01  14 1.00000e+00  
 73.5 2.0632e+01  14 1.00000e+00  
 73.6 2.0680e+01  14 1.00000e+00  
 73.7 2.0719e+01  14 1.00000e+00  
 73.8 2.0752e+01  14 1.00000e+00  
 73.9 2.0790e+01  14 1.00000e+00  
 74.0 2.0823e+01  14 1.00000e+00  
 74.1 2.0870e+01  14 1.00000e+00  
 74.2 2.0903e+01  14 1.00000e+00  
 74.3 2.0943e+01  14 1.00000e+00  
 74.4 2.0976e+01  14 1.00000e+00  
 74.5 2.1004e+01  14 1.00000e+00  
 74.6 2.1038e+01  14 1.00000e+00  
 74.7 2.1050e+01  14 1.00000e+00  
 74.8 2.1090e+01  14 1.00000e+00  
 74.9 2.1120e+01  14 1.00000e+00  
 75.0 2.1187e+01  14 1.00000e+00  
 75.1 2.1192e+01  14 1.00000e+00  
 75.2 2.1226e+01  14 1.00000e+00  
 75.3 2.1254e+01  14 1.00000e+00  
 75.4 2.1276e+01  14 1.00000e+00  
 75.5 2.1294e+01  14 1.00000e+00  
 75.6 2.1309e+01  14 1.00000e+00  
 75.7 2.1330e+01  14 1.00000e+00  
 75.8 2.1376e+01  14 1.00000e+00  
 75.9 2.1434e+01  14 1.00000e+00  
 76.0 2.1463e+01  14 1.00000e+00  
 76.1 2.1512e+01  14 1.00000e+00  
 76.2 2.1548e+01  14 1.00000e+00  
 76.3 2.1594e+01  14 1.00000e+00  
 76.4 2.1652e+01  14 1.00000e+00  
 76.5 2.1697e+01  14 1.00000e+00  
 76.6 2.1728e+01  14 1.00000e+00  
 76.7 2.1774e+01  14 1.00000e+00  
 76.8 2.1809e+01  14 1.00000e+00  
 76.9 2.1840e+01  14 1.00000e+00  
 77.0 2.1865e+01  14 1.00000e+00  
 77.1 2.1898e+01  14 1.00000e+00  
 77.2 2.1931e+01  14 1.00000e+00  
 77.3 2.1959e+01  14 1.00000e+00  
 77.4 2.1983e+01  14 1.00000e+00  
 77.5 2.2050e+01  14 1.00000e+00  
 77.6 2.2067e+01  14 1.00000e+00  
 77.7 2.2096e+01  14 1.00000e+00  
 77.8 2.2121e+01  14 1.00000e+00  
 77.9 2.2131e+01  14 1.00000e+00  
 78.0 2.2172e+01  14 1.00000e+00  
 78.1 2.2194e+01  14 1.00000e+00  
 78.2 2.2217e+01  14 1.00000e+00  
 78.3 2.2258e+01  14 1.00000e+00  
 78.4 2.2300e+01  14 1.00000e+00  
 78.5 2.2351e+01  14 1.00000e+00  
 78.6 2.2376e+01  14 1.00000e+00  
 78.7 2.2416e+01  14 1.00000e+00  
 78.8 2.2472e+01  14 1.00000e+00  
 78.9 2.2499e+01  14 1.00000e+00  
 79.0 2.2533e+01  14 1.00000e+00  
 79.1 2.2560e+01  14 1.00000e+00  
 79.2 2.2617e+01  14 1.00000e+00  
 79.3 2.2665e+01  14 1.00000e+00  
 79.4 2.2701e+01  14 1.00000e+00  
 79.5 2.2734e+01  14 1.00000e+00  
 79.6 2.2754e+01  14 1.00000e+00  
 79.7 2.2794e+01  14 1.00000e+00  
 79.8 2.2824e+01  14 1.00000e+00  
 79.9 2.2843e+01  14 1.00000e+00  
 80.0 2.2876e+01  14 1.00000e+00  
 80.1 2.2909e+01  14 1.00000e+00  
 80.2 2.2964e+01  14 1.00000e+00  
 80.3 2.2995e+01  14 1.00000e+00  
 80.4 2.3011e+01  14 1.00000e+00  
 80.5 2.3029e+01  14 1.00000e+00  
 80.6 2.3072e+01  14 1.00000e+00  
 80.7 2.3095e+01  14 1.00000e+00  
 80.8 2.3116e+01  14 1.00000e+00  
 80.9 2.3142e+01  14 1.00000e+00  
 81.0 2.3177e+01  14 1.00000e+00  
 81.1 2.3235e+01  14 1.00000e+00  
 81.2 2.3281e+01  14 1.00000e+00  
 81.3 2.3315e+01  14 1.00000e+00  
 81.4 2.3358e+01  14 1.00000e+00  
 81.5 2.3406e+01  14 1.00000e+00  
 81.6 2.3432e+01  14 1.00000e+00  
 81.7 2.3471e+01  14 1.00000e+00  
 81.8 2.3507e+01  14 1.00000e+00  
 81.9 2.3531e+01  14 1.00000e+00  
 82.0 2.3599e+01  14 1.00000e+00  
 82.1 2.3642e+01  14 1.00000e+00  
 82.2 2.3678e+01  14 1.00000e+00  
 82.3 2.3711e+01  14 1.00000e+00  
 82.4 2.3728e+01  14 1.00000e+00  
 82.5 2.3771e+01  14 1.00000e+00  
 82.6 2.3801e+01  14 1.00000e+00  
 82.7 2.3816e+01  14 1.00000e+00  
 82.8 2.3857e+01  14 1.00000e+00  
 82.9 2.3889e+01  14 1.00000e+00  
 83.0 2.3959e+01  14 1.00000e+00  
 83.1 2.3976e+01  14 1.00000e+00  
 83.2 2.4001e+01  14 1.00000e+00  
 83.3 2.4027e+01  14 1.00000e+00  
 83.4 2.4045e+01  14 1.00000e+00  
 83.5 2.4074e+01  14 1.00000e+00  
 83.6 2.4099e+01  14 1.00000e+00  
 83.7 2.4125e+01  14 1.00000e+00  
 83.8 2.4162e+01  14 1.00000e+00  
 83.9 2.4201e+01  14 1.00000e+00  
 84.0 2.4257e+01  14 1.00000e+00  
 84.1 2.4302e+01  14 1.00000e+00  
 84.2 2.4345e+01  14 1.00000e+00  
 84.3 2.4384e+01  14 1.00000e+00  
 84.4 2.4425e+01  14 1.00000e+00  
 84.5 2.4459e+01  14 1.00000e+00  
 84.6 2.4499e+01  14 1.00000e+00  
 84.7 2.4533e+01  14 1.00000e+00  
 84.8 2.4563e+01  14 1.00000e+00  
 84.9 2.4625e+01  14 1.00000e+00  
 85.0 2.4665e+01  14 1.00000e+00  
 85.1 2.4701e+01  14 1.00000e+00  
 85.2 2.4735e+01  14 1.00000e+00  
 85.3 2.4753e+01  14 1.00000e+00  
 85.4 2.4796e+01  14 1.00000e+00  
 85.5 2.4825e+01  14 1.00000e+00  
 85.6 2.4846e+01  14 1.00000e+00  
 85.7 2.4883e+01  14 1.00000e+00  
 85.8 2.4913e+01  14 1.00000e+00  
 85.9 2.4927e+01  14 1.00000e+00  
 86.0 2.5003e+01  14 1.00000e+00  
 86.1 2.5026e+01  14 1.00000e+00  
 86.2 2.5056e+01  14 1.00000e+00  
 86.3 2.5084e+01  14 1.00000e+00  
 86.4 2.5111e+01  14 1.00000e+00  
 86.5 2.5137e+01  14 1.00000e+00  
 86.6 2.5163e+01  14 1.00000e+00  
 86.7 2.5189e+01  14 1.00000e+00  
 86.8 2.5224e+01  14 1.00000e+00  
 86.9 2.5258e+01  14 1.00000e+00  
 87.0 2.5318e+01  14 1.00000e+00  
 87.1 2.5368e+01  14 1.00000e+00  
 87.2 2.5410e+01  14 1.00000e+00  
 87.3 2.5441e+01  14 1.00000e+00  
 87.4 2.5495e+01  14 1.00000e+00  
 87.5 2.5524e+01  14 1.00000e+00  
 87.6 2.5574e+01  14 1.00000e+00  
 87.7 2.5612e+01  14 1.00000e+00  
 87.8 2.5647e+01  14 1.00000e+00  
 87.9 2.5691e+01  14 1.00000e+00  
 88.0 2.5738e+01  14 1.00000e+00  
 88.1 2.5727e+01  14 1.00000e+00  
 88.2 2.5763e+01  14 1.00000e+00  
 88.3 2.5840e+01  14 1.00000e+00  
 88.4 2.5875e+01  14 1.00000e+00  
 88.5 2.5900e+01  14 1.00000e+00  
 88.6 2.5943e+01  14 1.00000e+00  
 88.7 2.5977e+01  14 1.00000e+00  
 88.8 2.5998e+01  14 1.00000e+00  
 88.9 2.6033e+01  14 1.00000e+00  
 89.0 2.6098e+01  14 1.00000e+00  
 89.1 2.6131e+01  14 1.00000e+00  
 89.2 2.6150e+01  14 1.00000e+00  
 89.3 2.6179e+01  14 1.00000e+00  
 89.4 2.6209e+01  14 1.00000e+00  
 89.5 2.6235e+01  14 1.00000e+00  
 89.6 2.6262e+01  14 1.00000e+00  
 89.7 2.6291e+01  14 1.00000e+00  
 89.8 2.6321e+01  14 1.00000e+00  
 89.9 2.6355e+01  14 1.00000e+00  
 90.0 2.6406e+01  14 1.00000e+00  
 90.1 2.6461e+01  14 1.00000e+00  
 90.2 2.6508e+01  14 1.00000e+00  
 90.3 2.6549e+01  14 1.00000e+00  
 90.4 2.6581e+01  14 1.00000e+00  
 90.5 2.6639e+01  14 1.00000e+00  
 90.6 2.6674e+01  14 1.00000e+00  
 90.7 2.6722e+01  14 1.00000e+00  
 90.8 2.6762e+01  14 1.00000e+00  
 90.9 2.6799e+01  14 1.00000e+00  
 91.0 2.6834e+01  14 1.00000e+00  
 91.1 2.6842e+01  14 1.00000e+00  
 91.2 2.6879e+01  14 1.00000e+00  
 91.3 2.6917e+01  14 1.00000e+00  
 91.4 2.6954e+01  14 1.00000e+00  
 91.5 2.6990e+01  14 1.00000e+00  
 91.6 2.7072e+01  14 1.00000e+00  
 91.7 2.7085e+01  14 1.00000e+00  
 91.8 2.7130e+01  14 1.00000e+00  
 91.9 2.7160e+01  14 1.00000e+00  
 92.0 2.7176e+01  14 1.00000e+00  
 92.1 2.7222e+01  14 1.00000e+00  
 92.2 2.7240e+01  14 1.00000e+00  
 92.3 2.7319e+01  14 1.00000e+00  
 92.4 2.7347e+01  14 1.00000e+00  
 92.5 2.7365e+01  14 1.00000e+00  
 92.6 2.7396e+01  14 1.00000e+00  
 92.7 2.7424e+01  14 1.00000e+00  
 92.8 2.7452e+01  14 1.00000e+00  
 92.9 2.7480e+01  14 1.00000e+00  
 93.0 2.7491e+01  14 1.00000e+00  
 93.1 2.7532e+01  14 1.00000e+00  
 93.2 2.7586e+01  14 1.00000e+00  
 93.3 2.7639e+01  14 1.00000e+00  
 93.4 2.7687e+01  14 1.00000e+00  
 93.5 2.7735e+01  14 1.00000e+00  
 93.6 2.7778e+01  14 1.00000e+00  
 93.7 2.7808e+01  14 1.00000e+00  
 93.8 2.7869e+01  14 1.00000e+00  
 93.9 2.7904e+01  14 1.00000e+00  
 94.0 2.7956e+01  14 1.00000e+00  
 94.1 2.7996e+01  14 1.00000e+00  
 94.2 2.8034e+01  14 1.00000e+00  
 94.3 2.8072e+01  14 1.00000e+00  
 94.4 2.8106e+01  14 1.00000e+00  
 94.5 2.8112e+01  14 1.00000e+00  
 94.6 2.8151e+01  14 1.00000e+00  
 94.7 2.8188e+01  14 1.00000e+00  
 94.8 2.8225e+01  14 1.00000e+00  
 94.9 2.8261e+01  14 1.00000e+00  
 95.0 2.8292e+01  14 1.00000e+00  
 95.1 2.8376e+01  14 1.00000e+00  
 95.2 2.8394e+01  14 1.00000e+00  
 95.3 2.8436e+01  14 1.00000e+00  
 95.4 2.8465e+01  14 1.00000e+00  
 95.5 2.8494e+01  14 1.00000e+00  
 95.6 2.8529e+01  14 1.00000e+00  
 95.7 2.8588e+01  14 1.00000e+00  
 95.8 2.8626e+01  14 1.00000e+00  
 95.9 2.8652e+01  14 1.00000e+00  
 96.0 2.8679e+01  14 1.00000e+00  
 96.1 2.8696e+01  14 1.00000e+00  
 96.2 2.8736e+01  14 1.00000e+00  
 96.3 2.8767e+01  14 1.00000e+00  
 96.4 2.8796e+01  14 1.00000e+00  
 96.5 2.8810e+01  14 1.00000e+00  
 96.6 2.8849e+01  14 1.00000e+00  
 96.7 2.8905e+01  14 1.00000e+00  
 96.8 2.8957e+01  14 1.00000e+00  
 96.9 2.9006e+01  14 1.00000e+00  
 97.0 2.9052e+01  14 1.00000e+00  
 97.1 2.9087e+01  14 1.00000e+00  
 97.2 2.9143e+01  14 1.00000e+00  
 97.3 2.9187e+01  14 1.00000e+00  
 97.4 2.9226e+01  14 1.00000e+00  
 97.5 2.9278e+01  14 1.00000e+00  
 97.6 2.9259e+01  14 1.00000e+00  
 97.7 2.9302e+01  14 1.00000e+00  
 97.8 2.9338e+01  14 1.00000e+00  
 97.9 2.9371e+01  14 1.00000e+00  
 98.0 2.9470e+01  14 1.00000e+00  
 98.1 2.9474e+01  14 1.00000e+00  
 98.2 2.9512e+01  14 1.00000e+00  
 98.3 2.9550e+01  14 1.00000e+00  
 98.4 2.9588e+01  14 1.00000e+00  
 98.5 2.9622e+01  14 1.00000e+00  
 98.6 2.9646e+01  14 1.00000e+00  
 98.7 2.9743e+01  14 1.00000e+00  
 98.8 2.9755e+01  14 1.00000e+00  
 98.9 2.9798e+01  14 1.00000e+00  
 99.0 2.9833e+01  14 1.00000e+00  
 99.1 2.9852e+01  14 1.00000e+00  
 99.2 2.9898e+01  14 1.00000e+00  
 99.3 2.9911e+01  14 1.00000e+00  
 99.4 3.0001e+01  14 1.00000e+00  
 99.5 3.0026e+01  14 1.00000e+00  
 99.6 3.0051e+01  14 1.00000e+00  
 99.7 3.0073e+01  14 1.00000e+00  
 99.8 3.0115e+01  14 1.00000e+00  
 99.9 3.0147e+01  14 1.00000e+00  
100.0 3.0163e+01  14 1.00000e+00  
100.1 3.0199e+01  14 1.00000e+00  
100.2 3.0236e+01  14 1.00000e+00  
100.3 3.0269e+01  14 1.00000e+00  
100.4 3.0312e+01  14 1.00000e+00  
100.5 3.0369e+01  14 1.00000e+00  
100.6 3.0432e+01  14 1.00000e+00  
100.7 3.0481e+01  14 1.00000e+00  
100.8 3.0522e+01  14 1.00000e+00  
100.9 3.0574e+01  14 1.00000e+00  
101.0 3.0624e+01  14 1.00000e+00  
101.1 3.0654e+01  14 1.00000e+00  
101.2 3.0668e+01  14 1.00000e+00  
101.3 3.0690e+01  14 1.00000e+00  
101.4 3.0734e+01  14 1.00000e+00  
101.5 3.0775e+01  14 1.00000e+00  
101.6 3.0810e+01  14 1.00000e+00  
101.7 3.0848e+01  14 1.00000e+00  
101.8 3.0903e+01  14 1.00000e+00  
101.9 3.0952e+01  14 1.00000e+00  
102.0 3.0991e+01  14 1.00000e+00  
102.1 3.1030e+01  14 1.00000e+00  
102.2 3.1067e+01  14 1.00000e+00  
102.3 3.1101e+01  14 1.00000e+00  
102.4 3.1125e+01  14 1.00000e+00  
102.5 3.1175e+01  14 1.00000e+00  
102.6 3.1252e+01  14 1.00000e+00  
102.7 3.1262e+01  14 1.00000e+00  
102.8 3.1314e+01  14 1.00000e+00  
102.9 3.1337e+01  14 1.00000e+00  
103.0 3.1380e+01  14 1.00000e+00  
103.1 3.1408e+01  14 1.00000e+00  
103.2 3.1487e+01  14 1.00000e+00  
103.3 3.1513e+01  14 1.00000e+00  
103.4 3.1543e+01  14 1.00000e+00  
103.5 3.1560e+01  14 1.00000e+00  
103.6 3.1606e+01  14 1.00000e+00  
103.7 3.1638e+01  14 1.00000e+00  
103.8 3.1653e+01  14 1.00000e+00  
103.9 3.1699e+01  14 1.00000e+00  
104.0 3.1729e+01  14 1.00000e+00  
104.1 3.1765e+01  14 1.00000e+00  
104.2 3.1820e+01  14 1.00000e+00  
104.3 3.1873e+01  14 1.00000e+00  
104.4 3.1921e+01  14 1.00000e+00  
104.5 3.1956e+01  14 1.00000e+00  
104.6 3.2021e+01  14 1.00000e+00  
104.7 3.2067e+01  14 1.00000e+00  
104.8 3.2065e+01  14 1.00000e+00  
104.9 3.2108e+01  14 1.00000e+00  
105.0 3.2167e+01  14 1.00000e+00  
105.1 3.2167e+01  14 1.00000e+00  
105.2 3.2185e+01  14 1.00000e+00  
105.3 3.2166e+01  14 1.00000e+00  
105.4 3.2146e+01  14 1.00000e+00  
105.5 3.2171e+01  14 1.00000e+00  
105.6 3.0839e+01  14 1.00000e+00  
105.7 3.0895e+01  14 1.00000e+00  
105.8 3.0942e+01  14 1.00000e+00  
105.9 2.6469e+01  14 1.00000e+00  
106.0 2.6225e+01  14 1.00000e+00  
106.1 3.0572e+01  14 1.00000e+00  
106.2 3.0618e+01  14 1.00000e+00  
106.3 3.0646e+01  14 1.00000e+00  
106.4 3.0659e+01  14 1.00000e+00  
106.5 3.0678e+01  14 1.00000e+00  
106.6 3.0719e+01  14 1.00000e+00  
106.7 3.0761e+01  14 1.00000e+00  
106.8 3.0796e+01  14 1.00000e+00  
106.9 3.0826e+01  14 1.00000e+00  
107.0 3.0878e+01  14 1.00000e+00  
107.1 3.0928e+01  14 1.00000e+00  
107.2 3.0965e+01  14 1.00000e+00  
107.3 3.1002e+01  14 1.00000e+00  
107.4 3.1038e+01  14 1.00000e+00  
107.5 3.1072e+01  14 1.00000e+00  
107.6 3.1104e+01  14 1.00000e+00  
107.7 3.1125e+01  14 1.00000e+00  
107.8 3.1173e+01  14 1.00000e+00  
107.9 3.1250e+01  14 1.00000e+00  
108.0 3.1263e+01  14 1.00000e+00  
108.1 3.1308e+01  14 1.00000e+00  
108.2 3.1321e+01  14 1.00000e+00  
108.3 3.1370e+01  14 1.00000e+00  
108.4 3.1389e+01  14 1.00000e+00  
108.5 3.1466e+01  14 1.00000e+00  
108.6 3.1489e+01  14 1.00000e+00  
108.7 3.1014e+01  14 1.00000e+00  
108.8 3.1049e+01  14 1.00000e+00  
108.9 3.1083e+01  14 1.00000e+00  
109.0 3.1112e+01  14 1.00000e+00  
109.1 3.1133e+01  14 1.00000e+00  
109.2 3.1183e+01  14 1.00000e+00  
109.3 3.1257e+01  14 1.00000e+00  
109.4 3.1269e+01  14 1.00000e+00  
109.5 3.1314e+01  14 1.00000e+00  
109.6 3.1327e+01  14 1.00000e+00  
109.7 3.1376e+01  14 1.00000e+00  
109.8 3.1386e+01  14 1.00000e+00  
109.9 3.1481e+01  14 1.00000e+00  
110.0 3.1503e+01  14 1.00000e+00  
110.1 3.1511e+01  14 1.00000e+00  
110.2 3.1558e+01  14 1.00000e+00  
110.3 3.1588e+01  14 1.00000e+00  
110.4 3.1608e+01  14 1.00000e+00  
110.5 3.1646e+01  14 1.00000e+00  
110.6 3.1657e+01  14 1.00000e+00  
110.7 3.1701e+01  14 1.00000e+00  
110.8 3.1731e+01  14 1.00000e+00  
110.9 3.1764e+01  14 1.00000e+00  
111.0 3.1814e+01  14 1.00000e+00  
111.1 3.1861e+01  14 1.00000e+00  
111.2 3.1897e+01  14 1.00000e+00  
111.3 3.1958e+01  14 1.00000e+00  
111.4 3.2001e+01  14 1.00000e+00  
111.5 3.2028e+01  14 1.00000e+00  
111.6 3.2094e+01  14 1.00000e+00  
111.7 3.2132e+01  14 1.00000e+00  
111.8 3.1609e+01  14 1.00000e+00  
111.9 3.1644e+01  14 1.00000e+00  
112.0 3.1650e+01  14 1.00000e+00  
112.1 3.1699e+01  14 1.00000e+00  
112.2 3.1727e+01  14 1.00000e+00  
112.3 3.1754e+01  14 1.00000e+00  
112.4 3.1801e+01  14 1.00000e+00  
112.5 3.1845e+01  14 1.00000e+00  
112.6 3.1887e+01  14 1.00000e+00  
112.7 3.1950e+01  14 1.00000e+00  
112.8 3.1991e+01  14 1.00000e+00  
112.9 3.2031e+01  14 1.00000e+00  
113.0 3.2081e+01  14 1.00000e+00  
113.1 3.2110e+01  14 1.00000e+00  
113.2 3.2174e+01  14 1.00000e+00  
113.3 3.2183e+01  14 1.00000e+00  
113.4 3.2177e+01  14 1.00000e+00  
113.5 3.2208e+01  14 1.00000e+00  
113.6 3.2232e+01  14 1.00000e+00  
113.7 3.2277e+01  14 1.00000e+00  
113.8 3.2316e+01  14 1.00000e+00  
113.9 3.2351e+01  14 1.00000e+00  
114.0 3.2384e+01  14 1.00000e+00  
114.1 3.2419e+01  14 1.00000e+00  
114.2 3.2470e+01  14 1.00000e+00  
114.3 3.2515e+01  14 1.00000e+00  
114.4 3.2551e+01  14 1.00000e+00  
114.5 3.2586e+01  14 1.00000e+00  
114.6 3.2619e+01  14 1.00000e+00  
114.7 3.2655e+01  14 1.00000e+00  
114.8 3.2682e+01  14 1.00000e+00  
114.9 3.2709e+01  14 1.00000e+00  
115.0 3.2764e+01  14 1.00000e+00  
115.1 3.2799e+01  14 1.00000e+00  
115.2 3.2865e+01  14 1.00000e+00  
115.3 3.2903e+01  14 1.00000e+00  
115.4 3.2924e+01  14 1.00000e+00  
115.5 3.2962e+01  14 1.00000e+00  
115.6 3.2992e+01  14 1.00000e+00  
115.7 3.3005e+01  14 1.00000e+00  
115.8 3.2528e+01  14 1.00000e+00  
115.9 3.2564e+01  14 1.00000e+00  
116.0 3.2598e+01  14 1.00000e+00  
116.1 3.2629e+01  14 1.00000e+00  
116.2 3.2664e+01  14 1.00000e+00  
116.3 3.2690e+01  14 1.00000e+00  
116.4 3.2730e+01  14 1.00000e+00  
116.5 3.2774e+01  14 1.00000e+00  
116.6 3.2807e+01  14 1.00000e+00  
116.7 3.2870e+01  14 1.00000e+00  
116.8 3.2911e+01  14 1.00000e+00  
116.9 3.2931e+01  14 1.00000e+00  
117.0 3.2970e+01  14 1.00000e+00  
117.1 3.2995e+01  14 1.00000e+00  
117.2 3.3020e+01  14 1.00000e+00  
117.3 3.3062e+01  14 1.00000e+00  
117.4 3.3131e+01  14 1.00000e+00  
117.5 3.3135e+01  14 1.00000e+00  
117.6 3.3183e+01  14 1.00000e+00  
117.7 3.3206e+01  14 1.00000e+00  
117.8 3.3240e+01  14 1.00000e+00  
117.9 3.3272e+01  14 1.00000e+00  
118.0 3.3292e+01  14 1.00000e+00  
118.1 3.3322e+01  14 1.00000e+00  
118.2 3.3336e+01  14 1.00000e+00  
118.3 3.3380e+01  14 1.00000e+00  
118.4 3.3412e+01  14 1.00000e+00  
118.5 3.3473e+01  14 1.00000e+00  
118.6 3.3521e+01  14 1.00000e+00  
118.7 3.3556e+01  14 1.00000e+00  
118.8 3.3612e+01  14 1.00000e+00  
118.9 3.3654e+01  14 1.00000e+00  
119.0 3.3687e+01  14 1.00000e+00  
119.1 3.3747e+01  14 1.00000e+00  
119.2 3.3781e+01  14 1.00000e+00  
119.3 3.3776e+01  14 1.00000e+00  
119.4 3.3757e+01  14 1.00000e+00  
119.5 3.3720e+01  14 1.00000e+00  
119.6 2.6601e+01  14 1.00000e+00  
119.7 2.6636e+01  14 1.00000e+00  
119.8 2.6649e+01  14 1.00000e+00  
119.9 2.6687e+01  14 1.00000e+00  
120.0 2.6721e+01  14 1.00000e+00  
120.1 2.6750e+01  14 1.00000e+00  
120.2 2.6775e+01  14 1.00000e+00  
120.3 2.6325e+01  14 1.00000e+00  
120.4 2.6347e+01  14 1.00000e+00  
120.5 2.6398e+01  14 1.00000e+00  
120.6 2.6433e+01  14 1.00000e+00  
120.7 2.6466e+01  14 1.00000e+00  
120.8 2.6494e+01  14 1.00000e+00  
120.9 2.6514e+01  14 1.00000e+00  
121.0 2.6554e+01  14 1.00000e+00  
121.1 2.6577e+01  14 1.00000e+00  
121.2 2.6608e+01  14 1.00000e+00  
121.3 2.6642e+01  14 1.00000e+00  
121.4 2.6569e+01  14 1.00000e+00  
121.5 2.6261e+01  14 1.00000e+00  
121.6 2.6280e+01  14 1.00000e+00  
121.7 2.6291e+01  14 1.00000e+00  
121.8 2.6316e+01  14 1.00000e+00  
121.9 2.6330e+01  14 1.00000e+00  
122.0 2.6354e+01  14 1.00000e+00  
122.1 2.6388e+01  14 1.00000e+00  
122.2 2.6434e+01  14 1.00000e+00  
122.3 2.6466e+01  14 1.00000e+00  
122.4 2.6380e+01  14 1.00000e+00  
122.5 2.6405e+01  14 1.00000e+00  
122.6 2.6423e+01  14 1.00000e+00  
122.7 2.6472e+01  14 1.00000e+00  
122.8 2.6207e+01  14 1.00000e+00  
122.9 2.6225e+01  14 1.00000e+00  
123.0 2.6233e+01  14 1.00000e+00  
123.1 2.6260e+01  14 1.00000e+00  
123.2 2.6269e+01  14 1.00000e+00  
123.3 2.6232e+01  14 1.00000e+00  
123.4 2.6237e+01  14 1.00000e+00  
123.5 2.6262e+01  14 1.00000e+00  
123.6 2.6281e+01  14 1.00000e+00  
123.7 2.6291e+01  14 1.00000e+00  
123.8 2.6313e+01  14 1.00000e+00  
123.9 2.6325e+01  14 1.00000e+00  
124.0 2.6357e+01  14 1.00000e+00  
124.1 2.6388e+01  14 1.00000e+00  
124.2 2.6414e+01  14 1.00000e+00  
124.3 2.6117e+01  14 1.00000e+00  
124.4 2.6124e+01  14 1.00000e+00  
124.5 2.6151e+01  14 1.00000e+00  
124.6 2.6168e+01  14 1.00000e+00  
124.7 2.6179e+01  14 1.00000e+00  
124.8 2.6201e+01  14 1.00000e+00  
124.9 2.6205e+01  14 1.00000e+00  
125.0 2.6233e+01  14 1.00000e+00  
125.1 2.6243e+01  14 1.00000e+00  
125.2 2.6262e+01  14 1.00000e+00  
125.3 2.6281e+01  14 1.00000e+00  
125.4 2.6291e+01  14 1.00000e+00  
125.5 2.6313e+01  14 1.00000e+00  
125.6 2.6325e+01  14 1.00000e+00  
125.7 2.6357e+01  14 1.00000e+00  
125.8 2.6387e+01  14 1.00000e+00  
125.9 2.6412e+01  14 1.00000e+00  
126.0 2.6428e+01  14 1.00000e+00  
126.1 2.6471e+01  14 1.00000e+00  
126.2 2.6496e+01  14 1.00000e+00  
126.3 2.6406e+01  14 1.00000e+00  
126.4 2.6428e+01  14 1.00000e+00  
126.5 2.6466e+01  14 1.00000e+00  
126.6 2.6206e+01  14 1.00000e+00  
126.7 3.0545e+01  14 1.00000e+00  
126.8 3.0568e+01  14 1.00000e+00  
126.9 3.0620e+01  14 1.00000e+00  
127.0 3.0656e+01  14 1.00000e+00  
127.1 3.0647e+01  14 1.00000e+00  
127.2 3.0673e+01  14 1.00000e+00  
127.3 3.0691e+01  14 1.00000e+00  
127.4 3.0727e+01  14 1.00000e+00  
127.5 3.0761e+01  14 1.00000e+00  
127.6 3.0790e+01  14 1.00000e+00  
127.7 3.0816e+01  14 1.00000e+00  
127.8 3.0846e+01  14 1.00000e+00  
127.9 3.0894e+01  14 1.00000e+00  
128.0 3.0933e+01  14 1.00000e+00  
128.1 3.0964e+01  14 1.00000e+00  
128.2 3.0995e+01  14 1.00000e+00  
128.3 3.1025e+01  14 1.00000e+00  
128.4 3.1055e+01  14 1.00000e+00  
128.5 3.1083e+01  14 1.00000e+00  
128.6 3.1108e+01  14 1.00000e+00  
128.7 3.1125e+01  14 1.00000e+00  
128.8 3.1167e+01  14 1.00000e+00  
128.9 3.1238e+01  14 1.00000e+00  
129.0 3.1262e+01  14 1.00000e+00  
129.1 3.1278e+01  14 1.00000e+00  
129.2 3.1312e+01  14 1.00000e+00  
129.3 3.1322e+01  14 1.00000e+00  
129.4 3.1364e+01  14 1.00000e+00  
129.5 3.1387e+01  14 1.00000e+00  
129.6 3.1415e+01  14 1.00000e+00  
129.7 3.1484e+01  14 1.00000e+00  
129.8 3.1492e+01  14 1.00000e+00  
129.9 3.1517e+01  14 1.00000e+00  
130.0 3.1546e+01  14 1.00000e+00  
130.1 3.1563e+01  14 1.00000e+00  
130.2 3.1596e+01  14 1.00000e+00  
130.3 3.1607e+01  14 1.00000e+00  
130.4 3.1644e+01  14 1.00000e+00  
130.5 3.1653e+01  14 1.00000e+00  
130.6 3.1693e+01  14 1.00000e+00  
130.7 3.1699e+01  14 1.00000e+00  
130.8 3.1741e+01  14 1.00000e+00  
130.9 3.1772e+01  14 1.00000e+00  
131.0 3.1812e+01  14 1.00000e+00  
131.1 3.1845e+01  14 1.00000e+00  
131.2 3.1895e+01  14 1.00000e+00  
131.3 3.1935e+01  14 1.00000e+00  
131.4 3.1959e+01  14 1.00000e+00  
131.5 3.2012e+01  14 1.00000e+00  
131.6 3.2033e+01  14 1.00000e+00  
131.7 3.2088e+01  14 1.00000e+00  
131.8 3.2108e+01  14 1.00000e+00  
131.9 3.2167e+01  14 1.00000e+00  
132.0 3.2168e+01  14 1.00000e+00  
132.1 3.2159e+01  14 1.00000e+00  
132.2 3.2191e+01  14 1.00000e+00  
132.3 3.2209e+01  14 1.00000e+00  
132.4 3.2237e+01  14 1.00000e+00  
132.5 3.2275e+01  14 1.00000e+00  
132.6 3.2309e+01  14 1.00000e+00  
132.7 3.2340e+01  14 1.00000e+00  
132.8 3.2369e+01  14 1.00000e+00  
132.9 3.2395e+01  14 1.00000e+00  
133.0 3.2427e+01  14 1.00000e+00  
133.1 3.2475e+01  14 1.00000e+00  
133.2 3.2514e+01  14 1.00000e+00  
133.3 3.2545e+01  14 1.00000e+00  
133.4 3.2576e+01  14 1.00000e+00  
133.5 3.2605e+01  14 1.00000e+00  
133.6 3.2632e+01  14 1.00000e+00  
133.7 3.2663e+01  14 1.00000e+00  
133.8 3.2686e+01  14 1.00000e+00  
133.9 3.2710e+01  14 1.00000e+00  
134.0 3.2760e+01  14 1.00000e+00  
134.1 3.3294e+01  14 1.00000e+00  
134.2 3.3327e+01  14 1.00000e+00  
134.3 3.3354e+01  14 1.00000e+00  
134.4 3.3380e+01  14 1.00000e+00  
134.5 3.3419e+01  14 1.00000e+00  
134.6 3.3465e+01  14 1.00000e+00  
134.7 3.3499e+01  14 1.00000e+00  
134.8 3.3535e+01  14 1.00000e+00  
134.9 3.3589e+01  14 1.00000e+00  
135.0 3.3609e+01  14 1.00000e+00  
135.1 3.3668e+01  14 1.00000e+00  
135.2 3.3688e+01  14 1.00000e+00  
135.3 3.3747e+01  14 1.00000e+00  
135.4 3.3775e+01  14 1.00000e+00  
135.5 3.3781e+01  14 1.00000e+00  
135.6 3.3784e+01  14 1.00000e+00  
135.7 3.3773e+01  14 1.00000e+00  
135.8 3.3748e+01  14 1.00000e+00  
135.9 2.6613e+01  14 1.00000e+00  
136.0 2.6642e+01  14 1.00000e+00  
136.1 2.6653e+01  14 1.00000e+00  
136.2 2.6685e+01  14 1.00000e+00  
136.3 2.6717e+01  14 1.00000e+00  
136.4 2.6742e+01  14 1.00000e+00  
136.5 2.6764e+01  14 1.00000e+00  
136.6 2.6322e+01  14 1.00000e+00  
136.7 2.6341e+01  14 1.00000e+00  
136.8 2.6364e+01  14 1.00000e+00  
136.9 2.6388e+01  14 1.00000e+00  
137.0 2.6432e+01  14 1.00000e+00  
137.1 2.6460e+01  14 1.00000e+00  
137.2 2.6467e+01  14 1.00000e+00  
137.3 2.6511e+01  14 1.00000e+00  
137.4 2.6524e+01  14 1.00000e+00  
137.5 2.6561e+01  14 1.00000e+00  
137.6 2.6573e+01  14 1.00000e+00  
137.7 2.6509e+01  14 1.00000e+00  
137.8 2.6516e+01  14 1.00000e+00  
137.9 2.6235e+01  14 1.00000e+00  
138.0 2.6255e+01  14 1.00000e+00  
138.1 2.6258e+01  14 1.00000e+00  
138.2 2.6287e+01  14 1.00000e+00  
138.3 2.6287e+01  14 1.00000e+00  
138.4 2.6318e+01  14 1.00000e+00  
138.5 2.6327e+01  14 1.00000e+00  
138.6 2.6350e+01  14 1.00000e+00  
138.7 2.6289e+01  14 1.00000e+00  
138.8 2.6315e+01  14 1.00000e+00  
138.9 2.6325e+01  14 1.00000e+00  
139.0 2.6352e+01  14 1.00000e+00  
139.1 2.6381e+01  14 1.00000e+00  
139.2 2.6395e+01  14 1.00000e+00  
139.3 2.6431e+01  14 1.00000e+00  
139.4 2.6179e+01  14 1.00000e+00  
139.5 2.6202e+01  14 1.00000e+00  
139.6 2.6151e+01  14 1.00000e+00  
139.7 2.6165e+01  14 1.00000e+00  
139.8 2.6179e+01  14 1.00000e+00  
139.9 2.6190e+01  14 1.00000e+00  
140.0 2.6208e+01  14 1.00000e+00  
140.1 2.6219e+01  14 1.00000e+00  
140.2 2.6235e+01  14 1.00000e+00  
140.3 2.6251e+01  14 1.00000e+00  
140.4 2.6262e+01  14 1.00000e+00  
140.5 2.6278e+01  14 1.00000e+00  
140.6 2.6291e+01  14 1.00000e+00  
140.7 2.6292e+01  14 1.00000e+00  
140.8 2.6321e+01  14 1.00000e+00  
140.9 3.0679e+01  14 1.00000e+00  
141.0 3.0708e+01  14 1.00000e+00  
141.1 3.0741e+01  14 1.00000e+00  
141.2 3.0764e+01  14 1.00000e+00  
141.3 3.0788e+01  14 1.00000e+00  
141.4 3.0812e+01  14 1.00000e+00  
141.5 3.0836e+01  14 1.00000e+00  
141.6 3.0880e+01  14 1.00000e+00  
141.7 3.0920e+01  14 1.00000e+00  
141.8 3.0948e+01  14 1.00000e+00  
141.9 3.0977e+01  14 1.00000e+00  
142.0 3.1005e+01  14 1.00000e+00  
142.1 3.1032e+01  14 1.00000e+00  
142.2 3.1059e+01  14 1.00000e+00  
142.3 3.1084e+01  14 1.00000e+00  
142.4 3.1108e+01  14 1.00000e+00  
142.5 3.1124e+01  14 1.00000e+00  
142.6 3.1159e+01  14 1.00000e+00  
142.7 3.1213e+01  14 1.00000e+00  
142.8 3.1254e+01  14 1.00000e+00  
142.9 3.1264e+01  14 1.00000e+00  
143.0 3.1299e+01  14 1.00000e+00  
143.1 3.1320e+01  14 1.00000e+00  
143.2 3.1328e+01  14 1.00000e+00  
143.3 3.1369e+01  14 1.00000e+00  
143.4 3.1388e+01  14 1.00000e+00  
143.5 3.1416e+01  14 1.00000e+00  
143.6 3.1483e+01  14 1.00000e+00  
143.7 3.1497e+01  14 1.00000e+00  
143.8 3.1517e+01  14 1.00000e+00  
143.9 3.1542e+01  14 1.00000e+00  
144.0 3.1562e+01  14 1.00000e+00  
144.1 3.1587e+01  14 1.00000e+00  
144.2 3.1608e+01  14 1.00000e+00  
144.3 3.1631e+01  14 1.00000e+00  
144.4 3.1649e+01  14 1.00000e+00  
144.5 3.1650e+01  14 1.00000e+00  
144.6 3.1694e+01  14 1.00000e+00  
144.7 3.1699e+01  14 1.00000e+00  
144.8 3.1738e+01  14 1.00000e+00  
144.9 3.1763e+01  14 1.00000e+00  
145.0 3.1794e+01  14 1.00000e+00  
145.1 3.1833e+01  14 1.00000e+00  
145.2 3.1874e+01  14 1.00000e+00  
145.3 3.1897e+01  14 1.00000e+00  
145.4 3.1949e+01  14 1.00000e+00  
145.5 3.1976e+01  14 1.00000e+00  
145.6 3.2514e+01  14 1.00000e+00  
145.7 3.2543e+01  14 1.00000e+00  
145.8 3.2572e+01  14 1.00000e+00  
145.9 3.2599e+01  14 1.00000e+00  
146.0 3.2625e+01  14 1.00000e+00  
146.1 3.2655e+01  14 1.00000e+00  
146.2 3.2677e+01  14 1.00000e+00  
146.3 3.2696e+01  14 1.00000e+00  
146.4 3.2740e+01  14 1.00000e+00  
146.5 3.2772e+01  14 1.00000e+00  
146.6 3.2792e+01  14 1.00000e+00  
146.7 3.2862e+01  14 1.00000e+00  
146.8 3.2868e+01  14 1.00000e+00  
146.9 3.2909e+01  14 1.00000e+00  
147.0 3.2924e+01  14 1.00000e+00  
147.1 3.2943e+01  14 1.00000e+00  
147.2 3.2982e+01  14 1.00000e+00  
147.3 3.2996e+01  14 1.00000e+00  
147.4 3.3023e+01  14 1.00000e+00  
147.5 3.3058e+01  14 1.00000e+00  
147.6 3.3101e+01  14 1.00000e+00  
147.7 3.3138e+01  14 1.00000e+00  
147.8 3.3163e+01  14 1.00000e+00  
147.9 3.3182e+01  14 1.00000e+00  
148.0 3.3186e+01  14 1.00000e+00  
148.1 3.3232e+01  14 1.00000e+00  
148.2 3.3234e+01  14 1.00000e+00  
148.3 3.3279e+01  14 1.00000e+00  
148.4 3.3292e+01  14 1.00000e+00  
148.5 3.3318e+01  14 1.00000e+00  
148.6 3.3327e+01  14 1.00000e+00  
148.7 3.3364e+01  14 1.00000e+00  
148.8 3.3385e+01  14 1.00000e+00  
148.9 3.3410e+01  14 1.00000e+00  
149.0 3.3469e+01  14 1.00000e+00  
149.1 3.3474e+01  14 1.00000e+00  
149.2 3.3535e+01  14 1.00000e+00  
149.3 3.3565e+01  14 1.00000e+00  
149.4 3.3609e+01  14 1.00000e+00  
149.5 3.3604e+01  14 1.00000e+00  
149.6 3.3580e+01  14 1.00000e+00  
149.7 3.3535e+01  14 1.00000e+00  
149.8 2.6442e+01  14 1.00000e+00  
149.9 2.6475e+01  14 1.00000e+00  
150.0 2.6499e+01  14 1.00000e+00  
