 15.1 1.4181e+00  13 4.41251e-02  
 15.2 1.4257e+00  13 4.45688e-02  
 15.3 1.4334e+00  13 4.50086e-02  
 15.4 1.4410e+00  13 4.54446e-02  
 15.5 1.4487e+00  13 4.58764e-02  
 15.6 1.4563e+00  13 4.63049e-02  
 15.7 1.4640e+00  13 4.67294e-02  
 15.8 1.4716e+00  13 4.71507e-02  
 15.9 1.4793e+00  13 4.75684e-02  
 16.0 1.4869e+00  13 4.79826e-02  
 16.1 1.4946e+00  13 4.83937e-02  
 16.2 1.5022e+00  13 4.88013e-02  
 16.3 1.5099e+00  13 4.92062e-02  
 16.4 1.5175e+00  13 4.96076e-02  
 16.5 1.5252e+00  13 5.00059e-02  
 16.6 1.5328e+00  13 5.04011e-02  
 16.7 1.5404e+00  13 5.07935e-02  
 16.8 1.5481e+00  13 5.11834e-02  
 16.9 1.5557e+00  13 5.15707e-02  
 17.0 1.5634e+00  13 5.19551e-02  
 17.1 1.5710e+00  13 5.23371e-02  
 17.2 1.5787e+00  13 5.27169e-02  
 17.3 1.5863e+00  13 5.30941e-02  
 17.4 1.5940e+00  13 5.34699e-02  
 17.5 1.6016e+00  13 5.38280e-02  
 17.6 1.6092e+00  13 5.41975e-02  
 17.7 1.6169e+00  13 5.45651e-02  
 17.8 1.6245e+00  13 5.49825e-02  
 17.9 1.6322e+00  13 5.53468e-02  
 18.0 1.6398e+00  13 5.57093e-02  
 18.1 1.6474e+00  13 5.60703e-02  
 18.2 1.6551e+00  13 5.64290e-02  
 18.3 1.6627e+00  13 5.67861e-02  
 18.4 1.6703e+00  13 5.71421e-02  
 18.5 1.6780e+00  13 5.74964e-02  
 18.6 1.6856e+00  13 5.78490e-02  
 18.7 1.6932e+00  13 5.81961e-02  
 18.8 1.7009e+00  13 5.85308e-02  
 18.9 1.7085e+00  13 5.89389e-02  
 19.0 1.7161e+00  13 5.92856e-02  
 19.1 1.7237e+00  13 5.96311e-02  
 19.2 1.7347e+00  13 6.02597e-02  
 19.3 1.7468e+00  13 6.09926e-02  
 19.4 1.7590e+00  13 6.17310e-02  
 19.5 1.7713e+00  13 6.24742e-02  
 19.6 1.7837e+00  13 6.32229e-02  
 19.7 1.7962e+00  13 6.39550e-02  
 19.8 1.8088e+00  13 6.47852e-02  
 19.9 1.8214e+00  13 6.55500e-02  
 20.0 1.8342e+00  13 6.63208e-02  
 20.1 1.8470e+00  13 6.70981e-02  
 20.2 1.8600e+00  13 6.78812e-02  
 20.3 1.8730e+00  13 6.86703e-02  
 20.4 1.8861e+00  13 6.94657e-02  
 20.5 1.8993e+00  13 7.02652e-02  
 20.6 1.9126e+00  13 7.11332e-02  
 20.7 1.5964e+01  14 1.00000e+00  
 20.8 1.6009e+01  14 1.00000e+00  
 20.9 1.6054e+01  14 1.00000e+00  
 21.0 1.6098e+01  14 1.00000e+00  
 21.1 1.6141e+01  14 1.00000e+00  
 21.2 1.6184e+01  14 1.00000e+00  
 21.3 1.6213e+01  14 1.00000e+00  
 21.4 1.6255e+01  14 1.00000e+00  
 21.5 1.6296e+01  14 1.00000e+00  
 21.6 1.6337e+01  14 1.00000e+00  
 21.7 1.6376e+01  14 1.00000e+00  
 21.8 1.6416e+01  14 1.00000e+00  
 21.9 1.6434e+01  14 1.00000e+00  
 22.0 1.6478e+01  14 1.00000e+00  
 22.1 1.6515e+01  14 1.00000e+00  
 22.2 1.6552e+01  14 1.00000e+00  
 22.3 1.6588e+01  14 1.00000e+00  
 22.4 1.6623e+01  14 1.00000e+00  
 22.5 1.6636e+01  14 1.00000e+00  
 22.6 1.6670e+01  14 1.00000e+00  
 22.7 1.6710e+01  14 1.00000e+00  
 22.8 1.6742e+01  14 1.00000e+00  
 22.9 1.6774e+01  14 1.00000e+00  
 23.0 1.6783e+01  14 1.00000e+00  
 23.1 1.6813e+01  14 1.00000e+00  
 23.2 1.6842e+01  14 1.00000e+00  
 23.3 1.6872e+01  14 1.00000e+00  
 23.4 1.6907e+01  14 1.00000e+00  
 23.5 1.6911e+01  14 1.00000e+00  
 23.6 1.6938e+01  14 1.00000e+00  
 23.7 1.6964e+01  14 1.00000e+00  
 23.8 5.5203e+00  14 2.87178e-01  
 23.9 5.6084e+00  14 2.92216e-01  
 24.0 5.6967e+00  14 2.97567e-01  
 24.1 5.7857e+00  14 3.02658e-01  
 24.2 5.8752e+00  14 3.07783e-01  
 24.3 5.9652e+00  14 3.12939e-01  
 24.4 6.0545e+00  14 3.18550e-01  
 24.5 6.1452e+00  14 3.23777e-01  
 24.6 6.2369e+00  14 3.28886e-01  
 24.7 6.3268e+00  14 3.34579e-01  
 24.8 6.4186e+00  14 3.39892e-01  
 24.9 6.5109e+00  14 3.45226e-01  
 25.0 6.6036e+00  14 3.50597e-01  
 25.1 6.6938e+00  14 3.56414e-01  
 25.2 6.7879e+00  14 3.61706e-01  
 25.3 6.8782e+00  14 3.67564e-01  
 25.4 6.9718e+00  14 3.73045e-01  
 25.5 7.0656e+00  14 3.78553e-01  
 25.6 7.1558e+00  14 3.84499e-01  
 25.7 7.2458e+00  14 3.90470e-01  
 25.8 7.3402e+00  14 3.96024e-01  
 25.9 7.4311e+00  14 4.01941e-01  
 26.0 7.5074e+00  14 4.09073e-01  
 26.1 7.5911e+00  14 4.15507e-01  
 26.2 7.6839e+00  14 4.21216e-01  
 26.3 7.7767e+00  14 4.26958e-01  
 26.4 7.8699e+00  14 4.32700e-01  
 26.5 7.9648e+00  14 4.38358e-01  
 26.6 8.0579e+00  14 4.44165e-01  
 26.7 8.1510e+00  14 4.49998e-01  
 26.8 8.2441e+00  14 4.55858e-01  
 26.9 8.3369e+00  14 4.61749e-01  
 27.0 8.4302e+00  14 4.67636e-01  
 27.1 8.5254e+00  14 4.73448e-01  
 27.2 8.6182e+00  14 4.79401e-01  
 27.3 8.7108e+00  14 4.85375e-01  
 27.4 8.8032e+00  14 4.91378e-01  
 27.5 8.8953e+00  14 4.97406e-01  
 27.6 8.9889e+00  14 5.03391e-01  
 27.7 9.0829e+00  14 5.09375e-01  
 27.8 9.1746e+00  14 5.15461e-01  
 27.9 9.2660e+00  14 5.21571e-01  
 28.0 9.3570e+00  14 5.27708e-01  
 28.1 9.4475e+00  14 5.33867e-01  
 28.2 9.5421e+00  14 5.39903e-01  
 28.3 9.6324e+00  14 5.46093e-01  
 28.4 9.7222e+00  14 5.52306e-01  
 28.5 9.8115e+00  14 5.58541e-01  
 28.6 9.9002e+00  14 5.64797e-01  
 28.7 9.9879e+00  14 5.71029e-01  
 28.8 1.0080e+01  14 5.77195e-01  
 28.9 1.0168e+01  14 5.83490e-01  
 29.0 1.0255e+01  14 5.89819e-01  
 29.1 1.0341e+01  14 5.96163e-01  
 29.2 1.0427e+01  14 6.02531e-01  
 29.3 1.0512e+01  14 6.08915e-01  
 29.4 1.0603e+01  14 6.15220e-01  
 29.5 1.0687e+01  14 6.21631e-01  
 29.6 1.0770e+01  14 6.28061e-01  
 29.7 1.0852e+01  14 6.34506e-01  
 29.8 1.0934e+01  14 6.40970e-01  
 29.9 1.1014e+01  14 6.47449e-01  
 30.0 1.1101e+01  14 6.53811e-01  
 30.1 1.1181e+01  14 6.60316e-01  
 30.2 1.1259e+01  14 6.66835e-01  
 30.3 1.1336e+01  14 6.73371e-01  
 30.4 1.1413e+01  14 6.79920e-01  
 30.5 1.1488e+01  14 6.86483e-01  
 30.6 1.1571e+01  14 6.92927e-01  
 30.7 1.1644e+01  14 6.99508e-01  
 30.8 1.1717e+01  14 7.06102e-01  
 30.9 1.1789e+01  14 7.12708e-01  
 31.0 1.1859e+01  14 7.19327e-01  
 31.1 1.1927e+01  14 7.25957e-01  
 31.2 1.2005e+01  14 7.32473e-01  
 31.3 1.2072e+01  14 7.39120e-01  
 31.4 1.2138e+01  14 7.45771e-01  
 31.5 1.2202e+01  14 7.52432e-01  
 31.6 1.2265e+01  14 7.59102e-01  
 31.7 1.2326e+01  14 7.65780e-01  
 31.8 1.2397e+01  14 7.72350e-01  
 31.9 1.2457e+01  14 7.79034e-01  
 32.0 1.2515e+01  14 7.85724e-01  
 32.1 1.2571e+01  14 7.92421e-01  
 32.2 1.2625e+01  14 7.99122e-01  
 32.3 1.2678e+01  14 8.05826e-01  
 32.4 1.2736e+01  14 8.12476e-01  
 32.5 1.2792e+01  14 8.19138e-01  
 32.6 1.2841e+01  14 8.25844e-01  
 32.7 1.2888e+01  14 8.32549e-01  
 32.8 1.2933e+01  14 8.39254e-01  
 32.9 1.2976e+01  14 8.45961e-01  
 33.0 1.3016e+01  14 8.52676e-01  
 33.1 1.3059e+01  14 8.59353e-01  
 33.2 1.3058e+01  14 8.66271e-01  
 33.3 1.3024e+01  14 8.73332e-01  
 33.4 1.2932e+01  14 8.80659e-01  
 33.5 1.2605e+01  14 8.89149e-01  
 33.6 1.2157e+01  14 8.98196e-01  
 33.7 1.1893e+01  14 9.06097e-01  
 33.8 1.1571e+01  14 9.14169e-01  
 33.9 1.1569e+01  14 9.20371e-01  
 34.0 1.1611e+01  14 9.26325e-01  
 34.1 1.1701e+01  14 9.32061e-01  
 34.2 1.1820e+01  14 9.37716e-01  
 34.3 1.1923e+01  14 9.43489e-01  
 34.4 1.2052e+01  14 9.49223e-01  
 34.5 1.2169e+01  14 9.55052e-01  
 34.6 1.2249e+01  14 9.61014e-01  
 34.7 1.2340e+01  14 9.66978e-01  
 34.8 1.2466e+01  14 9.72919e-01  
 34.9 1.2588e+01  14 9.78919e-01  
 35.0 1.2695e+01  14 9.84979e-01  
 35.1 1.2818e+01  14 9.91071e-01  
 35.2 1.2910e+01  14 9.97213e-01  
 35.3 1.2998e+01  14 1.00000e+00  
 35.4 1.3047e+01  14 1.00000e+00  
 35.5 1.3062e+01  14 1.00000e+00  
 35.6 1.3118e+01  14 1.00000e+00  
 35.7 1.3151e+01  14 1.00000e+00  
 35.8 1.3211e+01  14 1.00000e+00  
 35.9 1.3242e+01  14 1.00000e+00  
 36.0 1.3274e+01  14 1.00000e+00  
 36.1 1.3299e+01  14 1.00000e+00  
 36.2 1.3327e+01  14 1.00000e+00  
 36.3 1.3322e+01  14 1.00000e+00  
 36.4 1.3343e+01  14 1.00000e+00  
 36.5 1.3367e+01  14 1.00000e+00  
 36.6 1.3393e+01  14 1.00000e+00  
 36.7 1.3415e+01  14 1.00000e+00  
 36.8 1.3433e+01  14 1.00000e+00  
 36.9 1.3452e+01  14 1.00000e+00  
 37.0 1.3471e+01  14 1.00000e+00  
 37.1 1.3494e+01  14 1.00000e+00  
 37.2 1.3513e+01  14 1.00000e+00  
 37.3 1.3539e+01  14 1.00000e+00  
 37.4 1.3558e+01  14 1.00000e+00  
 37.5 1.3581e+01  14 1.00000e+00  
 37.6 1.3594e+01  14 1.00000e+00  
 37.7 1.3613e+01  14 1.00000e+00  
 37.8 1.3635e+01  14 1.00000e+00  
 37.9 1.3659e+01  14 1.00000e+00  
 38.0 1.3546e+01  14 1.00000e+00  
 38.1 1.3542e+01  14 1.00000e+00  
 38.2 1.3468e+01  14 1.00000e+00  
 38.3 1.3379e+01  14 1.00000e+00  
 38.4 1.3380e+01  14 1.00000e+00  
 38.5 1.3349e+01  14 1.00000e+00  
 38.6 1.3264e+01  14 1.00000e+00  
 38.7 1.3263e+01  14 1.00000e+00  
 38.8 1.3265e+01  14 1.00000e+00  
 38.9 1.3201e+01  14 1.00000e+00  
 39.0 1.3034e+01  14 9.92971e-01  
 39.1 1.3040e+01  14 9.93253e-01  
 39.2 1.3044e+01  14 9.93489e-01  
 39.3 1.2865e+01  14 9.84362e-01  
 39.4 1.2775e+01  14 9.79792e-01  
 39.5 1.2776e+01  14 9.79806e-01  
 39.6 1.2658e+01  14 9.73802e-01  
 39.7 1.2424e+01  14 9.61765e-01  
 39.8 1.2441e+01  14 9.62654e-01  
 39.9 1.2456e+01  14 9.63428e-01  
 40.0 1.2367e+01  14 9.58855e-01  
 40.1 1.2319e+01  14 9.56365e-01  
 40.2 1.2233e+01  14 9.51917e-01  
 40.3 1.2239e+01  14 9.52232e-01  
 40.4 1.2089e+01  14 9.44469e-01  
 40.5 1.1928e+01  14 9.36077e-01  
 40.6 1.1952e+01  14 9.37295e-01  
 40.7 1.1949e+01  14 9.37171e-01  
 40.8 1.1778e+01  14 9.28225e-01  
 40.9 1.1721e+01  14 9.25230e-01  
 41.0 1.1505e+01  14 9.13875e-01  
 41.1 1.1494e+01  14 9.13297e-01  
 41.2 1.1492e+01  14 9.13225e-01  
 41.3 1.1310e+01  14 9.03586e-01  
 41.4 1.1331e+01  14 9.04690e-01  
 41.5 1.1428e+01  14 9.09830e-01  
 41.6 1.1555e+01  14 9.16542e-01  
 41.7 1.1644e+01  14 9.21176e-01  
 41.8 1.1661e+01  14 9.22087e-01  
 41.9 1.1771e+01  14 9.27845e-01  
 42.0 1.1799e+01  14 9.29326e-01  
 42.1 1.1894e+01  14 9.34279e-01  
 42.2 1.1946e+01  14 9.36985e-01  
 42.3 1.2007e+01  14 9.40198e-01  
 42.4 1.2139e+01  14 9.47059e-01  
 42.5 1.2263e+01  14 9.53458e-01  
 42.6 1.2273e+01  14 9.54000e-01  
 42.7 1.2477e+01  14 9.64503e-01  
 42.8 1.2509e+01  14 9.66134e-01  
 42.9 1.2674e+01  14 9.74597e-01  
 43.0 1.2732e+01  14 9.77601e-01  
 43.1 1.2773e+01  14 9.79689e-01  
 43.2 1.2953e+01  14 9.88862e-01  
 43.3 1.2938e+01  14 9.88101e-01  
 43.4 1.3166e+01  14 9.99657e-01  
 43.5 1.3195e+01  14 1.00000e+00  
 43.6 1.3203e+01  14 1.00000e+00  
 43.7 1.3283e+01  14 1.00000e+00  
 43.8 1.3309e+01  14 1.00000e+00  
 43.9 1.3313e+01  14 1.00000e+00  
 44.0 1.3396e+01  14 1.00000e+00  
 44.1 1.3422e+01  14 1.00000e+00  
 44.2 1.3426e+01  14 1.00000e+00  
 44.3 1.3511e+01  14 1.00000e+00  
 44.4 1.3540e+01  14 1.00000e+00  
 44.5 1.3534e+01  14 1.00000e+00  
 44.6 1.3600e+01  14 1.00000e+00  
 44.7 1.3659e+01  14 1.00000e+00  
 44.8 1.3680e+01  14 1.00000e+00  
 44.9 1.3699e+01  14 1.00000e+00  
 45.0 1.3776e+01  14 1.00000e+00  
 45.1 1.3810e+01  14 1.00000e+00  
 45.2 1.3825e+01  14 1.00000e+00  
 45.3 1.3853e+01  14 1.00000e+00  
 45.4 1.3904e+01  14 1.00000e+00  
 45.5 1.3966e+01  14 1.00000e+00  
 45.6 1.3985e+01  14 1.00000e+00  
 45.7 1.3995e+01  14 1.00000e+00  
 45.8 1.4057e+01  14 1.00000e+00  
 45.9 1.4120e+01  14 1.00000e+00  
 46.0 1.4153e+01  14 1.00000e+00  
 46.1 1.4174e+01  14 1.00000e+00  
 46.2 1.4181e+01  14 1.00000e+00  
 46.3 1.4241e+01  14 1.00000e+00  
 46.4 1.4312e+01  14 1.00000e+00  
 46.5 1.4350e+01  14 1.00000e+00  
 46.6 1.4383e+01  14 1.00000e+00  
 46.7 1.4404e+01  14 1.00000e+00  
 46.8 1.4414e+01  14 1.00000e+00  
 46.9 1.4472e+01  14 1.00000e+00  
 47.0 1.4564e+01  14 1.00000e+00  
 47.1 1.4581e+01  14 1.00000e+00  
 47.2 1.4617e+01  14 1.00000e+00  
 47.3 1.4650e+01  14 1.00000e+00  
 47.4 1.4655e+01  14 1.00000e+00  
 47.5 1.4686e+01  14 1.00000e+00  
 47.6 1.4776e+01  14 1.00000e+00  
 47.7 1.4834e+01  14 1.00000e+00  
 47.8 1.4851e+01  14 1.00000e+00  
 47.9 1.4895e+01  14 1.00000e+00  
 48.0 1.4934e+01  14 1.00000e+00  
 48.1 1.4969e+01  14 1.00000e+00  
 48.2 1.4997e+01  14 1.00000e+00  
 48.3 1.5007e+01  14 1.00000e+00  
 48.4 1.5112e+01  14 1.00000e+00  
 48.5 1.5118e+01  14 1.00000e+00  
 48.6 1.5167e+01  14 1.00000e+00  
 48.7 1.5211e+01  14 1.00000e+00  
 48.8 1.5261e+01  14 1.00000e+00  
 48.9 1.5306e+01  14 1.00000e+00  
 49.0 1.5321e+01  14 1.00000e+00  
 49.1 1.5363e+01  14 1.00000e+00  
 49.2 1.5402e+01  14 1.00000e+00  
 49.3 1.5441e+01  14 1.00000e+00  
 49.4 1.5438e+01  14 1.00000e+00  
 49.5 1.5475e+01  14 1.00000e+00  
 49.6 1.5509e+01  14 1.00000e+00  
 49.7 1.5544e+01  14 1.00000e+00  
 49.8 1.5595e+01  14 1.00000e+00  
 49.9 1.5642e+01  14 1.00000e+00  
 50.0 1.5689e+01  14 1.00000e+00  
 50.1 1.5734e+01  14 1.00000e+00  
 50.2 1.5776e+01  14 1.00000e+00  
 50.3 1.5823e+01  14 1.00000e+00  
 50.4 1.5867e+01  14 1.00000e+00  
 50.5 1.5904e+01  14 1.00000e+00  
 50.6 1.5941e+01  14 1.00000e+00  
 50.7 1.6013e+01  14 1.00000e+00  
 50.8 1.6053e+01  14 1.00000e+00  
 50.9 1.6090e+01  14 1.00000e+00  
 51.0 1.6136e+01  14 1.00000e+00  
 51.1 1.6145e+01  14 1.00000e+00  
 51.2 1.6184e+01  14 1.00000e+00  
 51.3 1.6226e+01  14 1.00000e+00  
 51.4 1.6272e+01  14 1.00000e+00  
 51.5 1.6309e+01  14 1.00000e+00  
 51.6 1.6348e+01  14 1.00000e+00  
 51.7 1.6387e+01  14 1.00000e+00  
 51.8 1.6425e+01  14 1.00000e+00  
 51.9 1.6468e+01  14 1.00000e+00  
 52.0 1.6506e+01  14 1.00000e+00  
 52.1 1.6546e+01  14 1.00000e+00  
 52.2 1.6584e+01  14 1.00000e+00  
 52.3 1.6642e+01  14 1.00000e+00  
 52.4 1.6669e+01  14 1.00000e+00  
 52.5 1.6709e+01  14 1.00000e+00  
 52.6 1.6749e+01  14 1.00000e+00  
 52.7 1.6789e+01  14 1.00000e+00  
 52.8 1.6825e+01  14 1.00000e+00  
 52.9 1.6864e+01  14 1.00000e+00  
 53.0 1.6901e+01  14 1.00000e+00  
 53.1 1.6924e+01  14 1.00000e+00  
 53.2 1.6983e+01  14 1.00000e+00  
 53.3 1.7020e+01  14 1.00000e+00  
 53.4 1.7054e+01  14 1.00000e+00  
 53.5 1.7102e+01  14 1.00000e+00  
 53.6 1.7162e+01  14 1.00000e+00  
 53.7 1.7200e+01  14 1.00000e+00  
 53.8 1.7234e+01  14 1.00000e+00  
 53.9 1.7280e+01  14 1.00000e+00  
 54.0 1.7289e+01  14 1.00000e+00  
 54.1 1.7292e+01  14 1.00000e+00  
 54.2 1.7350e+01  14 1.00000e+00  
 54.3 1.7387e+01  14 1.00000e+00  
 54.4 1.7426e+01  14 1.00000e+00  
 54.5 1.7459e+01  14 1.00000e+00  
 54.6 1.7491e+01  14 1.00000e+00  
 54.7 1.7548e+01  14 1.00000e+00  
 54.8 1.7580e+01  14 1.00000e+00  
 54.9 1.7611e+01  14 1.00000e+00  
 55.0 1.7640e+01  14 1.00000e+00  
 55.1 1.7701e+01  14 1.00000e+00  
 55.2 1.7741e+01  14 1.00000e+00  
 55.3 1.7838e+01  14 1.00000e+00  
 55.4 1.7822e+01  14 1.00000e+00  
 55.5 1.7862e+01  14 1.00000e+00  
 55.6 1.7919e+01  14 1.00000e+00  
 55.7 1.7970e+01  14 1.00000e+00  
 55.8 1.8017e+01  14 1.00000e+00  
 55.9 1.8058e+01  14 1.00000e+00  
 56.0 1.8097e+01  14 1.00000e+00  
 56.1 1.8140e+01  14 1.00000e+00  
 56.2 1.8182e+01  14 1.00000e+00  
 56.3 1.8216e+01  14 1.00000e+00  
 56.4 1.8265e+01  14 1.00000e+00  
 56.5 1.8326e+01  14 1.00000e+00  
 56.6 1.8362e+01  14 1.00000e+00  
 56.7 1.8391e+01  14 1.00000e+00  
 56.8 1.8422e+01  14 1.00000e+00  
 56.9 1.8426e+01  14 1.00000e+00  
 57.0 1.8465e+01  14 1.00000e+00  
 57.1 1.8533e+01  14 1.00000e+00  
 57.2 1.8548e+01  14 1.00000e+00  
 57.3 1.8570e+01  14 1.00000e+00  
 57.4 1.8607e+01  14 1.00000e+00  
 57.5 1.8656e+01  14 1.00000e+00  
 57.6 1.8741e+01  14 1.00000e+00  
 57.7 1.8754e+01  14 1.00000e+00  
 57.8 1.8810e+01  14 1.00000e+00  
 57.9 1.8861e+01  14 1.00000e+00  
 58.0 1.8907e+01  14 1.00000e+00  
 58.1 1.8950e+01  14 1.00000e+00  
 58.2 1.8990e+01  14 1.00000e+00  
 58.3 1.9032e+01  14 1.00000e+00  
 58.4 1.9063e+01  14 1.00000e+00  
 58.5 1.9105e+01  14 1.00000e+00  
 58.6 1.9087e+01  14 1.00000e+00  
 58.7 1.9149e+01  14 1.00000e+00  
 58.8 1.9195e+01  14 1.00000e+00  
 58.9 1.9269e+01  14 1.00000e+00  
 59.0 1.9297e+01  14 1.00000e+00  
 59.1 1.9329e+01  14 1.00000e+00  
 59.2 1.9354e+01  14 1.00000e+00  
 59.3 1.9387e+01  14 1.00000e+00  
 59.4 1.9414e+01  14 1.00000e+00  
 59.5 1.9466e+01  14 1.00000e+00  
 59.6 1.9522e+01  14 1.00000e+00  
 59.7 1.9572e+01  14 1.00000e+00  
 59.8 1.9619e+01  14 1.00000e+00  
 59.9 1.9677e+01  14 1.00000e+00  
 60.0 1.9721e+01  14 1.00000e+00  
 60.1 1.9770e+01  14 1.00000e+00  
 60.2 1.9805e+01  14 1.00000e+00  
 60.3 1.9852e+01  14 1.00000e+00  
 60.4 1.9885e+01  14 1.00000e+00  
 60.5 1.9923e+01  14 1.00000e+00  
 60.6 1.9996e+01  14 1.00000e+00  
 60.7 2.0022e+01  14 1.00000e+00  
 60.8 2.0055e+01  14 1.00000e+00  
 60.9 2.0086e+01  14 1.00000e+00  
 61.0 2.0115e+01  14 1.00000e+00  
 61.1 2.0142e+01  14 1.00000e+00  
 61.2 2.0190e+01  14 1.00000e+00  
 61.3 2.0194e+01  14 1.00000e+00  
 61.4 2.0240e+01  14 1.00000e+00  
 61.5 2.0296e+01  14 1.00000e+00  
 61.6 2.0344e+01  14 1.00000e+00  
 61.7 2.0396e+01  14 1.00000e+00  
 61.8 2.0453e+01  14 1.00000e+00  
 61.9 2.0510e+01  14 1.00000e+00  
 62.0 2.0548e+01  14 1.00000e+00  
 62.1 2.0593e+01  14 1.00000e+00  
 62.2 2.0634e+01  14 1.00000e+00  
 62.3 2.0645e+01  14 1.00000e+00  
 62.4 2.0717e+01  14 1.00000e+00  
 62.5 2.0748e+01  14 1.00000e+00  
 62.6 2.0823e+01  14 1.00000e+00  
 62.7 2.0852e+01  14 1.00000e+00  
 62.8 2.0888e+01  14 1.00000e+00  
 62.9 2.0919e+01  14 1.00000e+00  
 63.0 2.0949e+01  14 1.00000e+00  
 63.1 2.0973e+01  14 1.00000e+00  
 63.2 2.1000e+01  14 1.00000e+00  
 63.3 2.1036e+01  14 1.00000e+00  
 63.4 2.1064e+01  14 1.00000e+00  
 63.5 2.1123e+01  14 1.00000e+00  
 63.6 2.1176e+01  14 1.00000e+00  
 63.7 2.1228e+01  14 1.00000e+00  
 63.8 2.1274e+01  14 1.00000e+00  
 63.9 2.1339e+01  14 1.00000e+00  
 64.0 2.1385e+01  14 1.00000e+00  
 64.1 2.1430e+01  14 1.00000e+00  
 64.2 2.1477e+01  14 1.00000e+00  
 64.3 2.1517e+01  14 1.00000e+00  
 64.4 2.1558e+01  14 1.00000e+00  
 64.5 2.1596e+01  14 1.00000e+00  
 64.6 2.1631e+01  14 1.00000e+00  
 64.7 2.1701e+01  14 1.00000e+00  
 64.8 2.1739e+01  14 1.00000e+00  
 64.9 2.1768e+01  14 1.00000e+00  
 65.0 2.1795e+01  14 1.00000e+00  
 65.1 2.1829e+01  14 1.00000e+00  
 65.2 2.1853e+01  14 1.00000e+00  
 65.3 2.1884e+01  14 1.00000e+00  
 65.4 2.1920e+01  14 1.00000e+00  
 65.5 2.1948e+01  14 1.00000e+00  
 65.6 2.2000e+01  14 1.00000e+00  
 65.7 2.2053e+01  14 1.00000e+00  
 65.8 2.2113e+01  14 1.00000e+00  
 65.9 2.2156e+01  14 1.00000e+00  
 66.0 2.2210e+01  14 1.00000e+00  
 66.1 2.2263e+01  14 1.00000e+00  
 66.2 2.2316e+01  14 1.00000e+00  
 66.3 2.2359e+01  14 1.00000e+00  
 66.4 2.2408e+01  14 1.00000e+00  
 66.5 2.2447e+01  14 1.00000e+00  
 66.6 2.2491e+01  14 1.00000e+00  
 66.7 2.2530e+01  14 1.00000e+00  
 66.8 2.2565e+01  14 1.00000e+00  
 66.9 2.2587e+01  14 1.00000e+00  
 67.0 2.2674e+01  14 1.00000e+00  
 67.1 2.2698e+01  14 1.00000e+00  
 67.2 2.2725e+01  14 1.00000e+00  
 67.3 2.2764e+01  14 1.00000e+00  
 67.4 2.2792e+01  14 1.00000e+00  
 67.5 2.2824e+01  14 1.00000e+00  
 67.6 2.2842e+01  14 1.00000e+00  
 67.7 2.2871e+01  14 1.00000e+00  
 67.8 2.2920e+01  14 1.00000e+00  
 67.9 2.2990e+01  14 1.00000e+00  
 68.0 2.3042e+01  14 1.00000e+00  
 68.1 2.3111e+01  14 1.00000e+00  
 68.2 2.3157e+01  14 1.00000e+00  
 68.3 2.3209e+01  14 1.00000e+00  
 68.4 2.3275e+01  14 1.00000e+00  
 68.5 2.3321e+01  14 1.00000e+00  
 68.6 2.3358e+01  14 1.00000e+00  
 68.7 2.3402e+01  14 1.00000e+00  
 68.8 2.3453e+01  14 1.00000e+00  
 68.9 2.3476e+01  14 1.00000e+00  
 69.0 2.3532e+01  14 1.00000e+00  
 69.1 2.3569e+01  14 1.00000e+00  
 69.2 2.3624e+01  14 1.00000e+00  
 69.3 2.3681e+01  14 1.00000e+00  
 69.4 2.3693e+01  14 1.00000e+00  
 69.5 2.3744e+01  14 1.00000e+00  
 69.6 2.3775e+01  14 1.00000e+00  
 69.7 2.3805e+01  14 1.00000e+00  
 69.8 2.3838e+01  14 1.00000e+00  
 69.9 2.3863e+01  14 1.00000e+00  
 70.0 2.3891e+01  14 1.00000e+00  
 70.1 2.3930e+01  14 1.00000e+00  
 70.2 2.3977e+01  14 1.00000e+00  
 70.3 2.4053e+01  14 1.00000e+00  
 70.4 2.4101e+01  14 1.00000e+00  
 70.5 2.4158e+01  14 1.00000e+00  
 70.6 2.4206e+01  14 1.00000e+00  
 70.7 2.4269e+01  14 1.00000e+00  
 70.8 2.4320e+01  14 1.00000e+00  
 70.9 2.4363e+01  14 1.00000e+00  
 71.0 2.4415e+01  14 1.00000e+00  
 71.1 2.4458e+01  14 1.00000e+00  
 71.2 2.4492e+01  14 1.00000e+00  
 71.3 2.4539e+01  14 1.00000e+00  
 71.4 2.4579e+01  14 1.00000e+00  
 71.5 2.4615e+01  14 1.00000e+00  
 71.6 2.4646e+01  14 1.00000e+00  
 71.7 2.4729e+01  14 1.00000e+00  
 71.8 2.4757e+01  14 1.00000e+00  
 71.9 2.4787e+01  14 1.00000e+00  
 72.0 2.4822e+01  14 1.00000e+00  
 72.1 2.4856e+01  14 1.00000e+00  
 72.2 2.4889e+01  14 1.00000e+00  
 72.3 2.4911e+01  14 1.00000e+00  
 72.4 2.4932e+01  14 1.00000e+00  
 72.5 2.4968e+01  14 1.00000e+00  
 72.6 2.5020e+01  14 1.00000e+00  
 72.7 2.5070e+01  14 1.00000e+00  
 72.8 2.5143e+01  14 1.00000e+00  
 72.9 2.5189e+01  14 1.00000e+00  
 73.0 2.5249e+01  14 1.00000e+00  
 73.1 2.5294e+01  14 1.00000e+00  
 73.2 2.5351e+01  14 1.00000e+00  
 73.3 2.5413e+01  14 1.00000e+00  
 73.4 2.5461e+01  14 1.00000e+00  
 73.5 2.5493e+01  14 1.00000e+00  
 73.6 2.5548e+01  14 1.00000e+00  
 73.7 2.5587e+01  14 1.00000e+00  
 73.8 2.5642e+01  14 1.00000e+00  
 73.9 2.5664e+01  14 1.00000e+00  
 74.0 2.5711e+01  14 1.00000e+00  
 74.1 2.5750e+01  14 1.00000e+00  
 74.2 2.5775e+01  14 1.00000e+00  
 74.3 2.5881e+01  14 1.00000e+00  
 74.4 2.5892e+01  14 1.00000e+00  
 74.5 2.5938e+01  14 1.00000e+00  
 74.6 2.5975e+01  14 1.00000e+00  
 74.7 2.5988e+01  14 1.00000e+00  
 74.8 2.6036e+01  14 1.00000e+00  
 74.9 2.6056e+01  14 1.00000e+00  
 75.0 2.6077e+01  14 1.00000e+00  
 75.1 2.6120e+01  14 1.00000e+00  
 75.2 2.6166e+01  14 1.00000e+00  
 75.3 2.6234e+01  14 1.00000e+00  
 75.4 2.6285e+01  14 1.00000e+00  
 75.5 2.6354e+01  14 1.00000e+00  
 75.6 2.6408e+01  14 1.00000e+00  
 75.7 2.6460e+01  14 1.00000e+00  
 75.8 2.6508e+01  14 1.00000e+00  
 75.9 2.6557e+01  14 1.00000e+00  
 76.0 2.6621e+01  14 1.00000e+00  
 76.1 2.6663e+01  14 1.00000e+00  
 76.2 2.6718e+01  14 1.00000e+00  
 76.3 2.6764e+01  14 1.00000e+00  
 76.4 2.6806e+01  14 1.00000e+00  
 76.5 2.6836e+01  14 1.00000e+00  
 76.6 2.6887e+01  14 1.00000e+00  
 76.7 2.6930e+01  14 1.00000e+00  
 76.8 2.6969e+01  14 1.00000e+00  
 76.9 2.7007e+01  14 1.00000e+00  
 77.0 2.7087e+01  14 1.00000e+00  
 77.1 2.7125e+01  14 1.00000e+00  
 77.2 2.7134e+01  14 1.00000e+00  
 77.3 2.7186e+01  14 1.00000e+00  
 77.4 2.7225e+01  14 1.00000e+00  
 77.5 2.7251e+01  14 1.00000e+00  
 77.6 2.7267e+01  14 1.00000e+00  
 77.7 2.7324e+01  14 1.00000e+00  
 77.8 2.7356e+01  14 1.00000e+00  
 77.9 2.7369e+01  14 1.00000e+00  
 78.0 2.7421e+01  14 1.00000e+00  
 78.1 2.7490e+01  14 1.00000e+00  
 78.2 2.7528e+01  14 1.00000e+00  
 78.3 2.7609e+01  14 1.00000e+00  
 78.4 2.7668e+01  14 1.00000e+00  
 78.5 2.7723e+01  14 1.00000e+00  
 78.6 2.7768e+01  14 1.00000e+00  
 78.7 2.7822e+01  14 1.00000e+00  
 78.8 2.7866e+01  14 1.00000e+00  
 78.9 2.7937e+01  14 1.00000e+00  
 79.0 2.7967e+01  14 1.00000e+00  
 79.1 2.8022e+01  14 1.00000e+00  
 79.2 2.8062e+01  14 1.00000e+00  
 79.3 2.8121e+01  14 1.00000e+00  
 79.4 2.8156e+01  14 1.00000e+00  
 79.5 2.8203e+01  14 1.00000e+00  
 79.6 2.8243e+01  14 1.00000e+00  
 79.7 2.8257e+01  14 1.00000e+00  
 79.8 2.8295e+01  14 1.00000e+00  
 79.9 2.8413e+01  14 1.00000e+00  
 80.0 2.8442e+01  14 1.00000e+00  
 80.1 2.8465e+01  14 1.00000e+00  
 80.2 2.8511e+01  14 1.00000e+00  
 80.3 2.8542e+01  14 1.00000e+00  
 80.4 2.8561e+01  14 1.00000e+00  
 80.5 2.8612e+01  14 1.00000e+00  
 80.6 2.8645e+01  14 1.00000e+00  
 80.7 2.8677e+01  14 1.00000e+00  
 80.8 2.8698e+01  14 1.00000e+00  
 80.9 2.8741e+01  14 1.00000e+00  
 81.0 2.8789e+01  14 1.00000e+00  
 81.1 2.8861e+01  14 1.00000e+00  
 81.2 2.8930e+01  14 1.00000e+00  
 81.3 2.8989e+01  14 1.00000e+00  
 81.4 2.9046e+01  14 1.00000e+00  
 81.5 2.9097e+01  14 1.00000e+00  
 81.6 2.9133e+01  14 1.00000e+00  
 81.7 2.9198e+01  14 1.00000e+00  
 81.8 2.9249e+01  14 1.00000e+00  
 81.9 2.9294e+01  14 1.00000e+00  
 82.0 2.9363e+01  14 1.00000e+00  
 82.1 2.9414e+01  14 1.00000e+00  
 82.2 2.9460e+01  14 1.00000e+00  
 82.3 2.9501e+01  14 1.00000e+00  
 82.4 2.9543e+01  14 1.00000e+00  
 82.5 2.9589e+01  14 1.00000e+00  
 82.6 2.9629e+01  14 1.00000e+00  
 82.7 2.9666e+01  14 1.00000e+00  
 82.8 2.9687e+01  14 1.00000e+00  
 82.9 2.9730e+01  14 1.00000e+00  
 83.0 2.9827e+01  14 1.00000e+00  
 83.1 2.9870e+01  14 1.00000e+00  
 83.2 2.9900e+01  14 1.00000e+00  
 83.3 2.9915e+01  14 1.00000e+00  
 83.4 2.9976e+01  14 1.00000e+00  
 83.5 3.0011e+01  14 1.00000e+00  
 83.6 3.0046e+01  14 1.00000e+00  
 83.7 3.0080e+01  14 1.00000e+00  
 83.8 3.0112e+01  14 1.00000e+00  
 83.9 3.0136e+01  14 1.00000e+00  
 84.0 3.0177e+01  14 1.00000e+00  
 84.1 3.0226e+01  14 1.00000e+00  
 84.2 3.0297e+01  14 1.00000e+00  
 84.3 3.0361e+01  14 1.00000e+00  
 84.4 3.0423e+01  14 1.00000e+00  
 84.5 3.0482e+01  14 1.00000e+00  
 84.6 3.0538e+01  14 1.00000e+00  
 84.7 3.0588e+01  14 1.00000e+00  
 84.8 3.0644e+01  14 1.00000e+00  
 84.9 3.0679e+01  14 1.00000e+00  
 85.0 3.0738e+01  14 1.00000e+00  
 85.1 3.0808e+01  14 1.00000e+00  
 85.2 3.0862e+01  14 1.00000e+00  
 85.3 3.0895e+01  14 1.00000e+00  
 85.4 3.0947e+01  14 1.00000e+00  
 85.5 3.1004e+01  14 1.00000e+00  
 85.6 3.1044e+01  14 1.00000e+00  
 85.7 3.1064e+01  14 1.00000e+00  
 85.8 3.1133e+01  14 1.00000e+00  
 85.9 3.1165e+01  14 1.00000e+00  
 86.0 3.1208e+01  14 1.00000e+00  
 86.1 3.1253e+01  14 1.00000e+00  
 86.2 3.1294e+01  14 1.00000e+00  
 86.3 3.1377e+01  14 1.00000e+00  
 86.4 3.1412e+01  14 1.00000e+00  
 86.5 3.1461e+01  14 1.00000e+00  
 86.6 3.1498e+01  14 1.00000e+00  
 86.7 3.1533e+01  14 1.00000e+00  
 86.8 3.1568e+01  14 1.00000e+00  
 86.9 3.1604e+01  14 1.00000e+00  
 87.0 3.1633e+01  14 1.00000e+00  
 87.1 3.1667e+01  14 1.00000e+00  
 87.2 3.1694e+01  14 1.00000e+00  
 87.3 3.1733e+01  14 1.00000e+00  
 87.4 3.1765e+01  14 1.00000e+00  
 87.5 3.1822e+01  14 1.00000e+00  
 87.6 3.1882e+01  14 1.00000e+00  
 87.7 3.1953e+01  14 1.00000e+00  
 87.8 3.2034e+01  14 1.00000e+00  
 87.9 3.2094e+01  14 1.00000e+00  
 88.0 3.2148e+01  14 1.00000e+00  
 88.1 3.2189e+01  14 1.00000e+00  
 88.2 3.2257e+01  14 1.00000e+00  
 88.3 3.2343e+01  14 1.00000e+00  
 88.4 3.2420e+01  14 1.00000e+00  
 88.5 3.2456e+01  14 1.00000e+00  
 88.6 3.2503e+01  14 1.00000e+00  
 88.7 3.2556e+01  14 1.00000e+00  
 88.8 3.2597e+01  14 1.00000e+00  
 88.9 3.2664e+01  14 1.00000e+00  
 89.0 3.2710e+01  14 1.00000e+00  
 89.1 3.2735e+01  14 1.00000e+00  
 89.2 3.2798e+01  14 1.00000e+00  
 89.3 3.2822e+01  14 1.00000e+00  
 89.4 3.2867e+01  14 1.00000e+00  
 89.5 3.2884e+01  14 1.00000e+00  
 89.6 3.2942e+01  14 1.00000e+00  
 89.7 3.3042e+01  14 1.00000e+00  
 89.8 3.3084e+01  14 1.00000e+00  
 89.9 3.3121e+01  14 1.00000e+00  
 90.0 3.3159e+01  14 1.00000e+00  
 90.1 3.3196e+01  14 1.00000e+00  
 90.2 3.3232e+01  14 1.00000e+00  
 90.3 3.3262e+01  14 1.00000e+00  
 90.4 3.3288e+01  14 1.00000e+00  
 90.5 3.3341e+01  14 1.00000e+00  
 90.6 3.3376e+01  14 1.00000e+00  
 90.7 3.3407e+01  14 1.00000e+00  
 90.8 3.3440e+01  14 1.00000e+00  
 90.9 3.3479e+01  14 1.00000e+00  
 91.0 3.3532e+01  14 1.00000e+00  
 91.1 3.3597e+01  14 1.00000e+00  
 91.2 3.3649e+01  14 1.00000e+00  
 91.3 3.3739e+01  14 1.00000e+00  
 91.4 3.3802e+01  14 1.00000e+00  
 91.5 3.3863e+01  14 1.00000e+00  
 91.6 3.3905e+01  14 1.00000e+00  
 91.7 3.3976e+01  14 1.00000e+00  
 91.8 3.4003e+01  14 1.00000e+00  
 91.9 3.4076e+01  14 1.00000e+00  
 92.0 3.4132e+01  14 1.00000e+00  
 92.1 3.4179e+01  14 1.00000e+00  
 92.2 3.4248e+01  14 1.00000e+00  
 92.3 3.4304e+01  14 1.00000e+00  
 92.4 3.4354e+01  14 1.00000e+00  
 92.5 3.4399e+01  14 1.00000e+00  
 92.6 3.4434e+01  14 1.00000e+00  
 92.7 3.4497e+01  14 1.00000e+00  
 92.8 3.4543e+01  14 1.00000e+00  
 92.9 3.4574e+01  14 1.00000e+00  
 93.0 3.4632e+01  14 1.00000e+00  
 93.1 3.4664e+01  14 1.00000e+00  
 93.2 3.4717e+01  14 1.00000e+00  
 93.3 3.4734e+01  14 1.00000e+00  
 93.4 3.4866e+01  14 1.00000e+00  
 93.5 3.4893e+01  14 1.00000e+00  
 93.6 3.4935e+01  14 1.00000e+00  
 93.7 3.4978e+01  14 1.00000e+00  
 93.8 3.5016e+01  14 1.00000e+00  
 93.9 3.5043e+01  14 1.00000e+00  
 94.0 3.5078e+01  14 1.00000e+00  
 94.1 3.5128e+01  14 1.00000e+00  
 94.2 3.5168e+01  14 1.00000e+00  
 94.3 3.5195e+01  14 1.00000e+00  
 94.4 3.5242e+01  14 1.00000e+00  
 94.5 3.5269e+01  14 1.00000e+00  
 94.6 3.5311e+01  14 1.00000e+00  
 94.7 3.5348e+01  14 1.00000e+00  
 94.8 3.5379e+01  14 1.00000e+00  
 94.9 3.5457e+01  14 1.00000e+00  
 95.0 3.5527e+01  14 1.00000e+00  
 95.1 3.5573e+01  14 1.00000e+00  
 95.2 3.5665e+01  14 1.00000e+00  
 95.3 3.5723e+01  14 1.00000e+00  
 95.4 3.5766e+01  14 1.00000e+00  
 95.5 3.5848e+01  14 1.00000e+00  
 95.6 3.5882e+01  14 1.00000e+00  
 95.7 3.5955e+01  14 1.00000e+00  
 95.8 3.6016e+01  14 1.00000e+00  
 95.9 3.6068e+01  14 1.00000e+00  
 96.0 3.6119e+01  14 1.00000e+00  
 96.1 3.6186e+01  14 1.00000e+00  
 96.2 3.6244e+01  14 1.00000e+00  
 96.3 3.6295e+01  14 1.00000e+00  
 96.4 3.6345e+01  14 1.00000e+00  
 96.5 3.6391e+01  14 1.00000e+00  
 96.6 3.6428e+01  14 1.00000e+00  
 96.7 3.6468e+01  14 1.00000e+00  
 96.8 3.6536e+01  14 1.00000e+00  
 96.9 3.6578e+01  14 1.00000e+00  
 97.0 3.6606e+01  14 1.00000e+00  
 97.1 3.6670e+01  14 1.00000e+00  
 97.2 3.6694e+01  14 1.00000e+00  
 97.3 3.6755e+01  14 1.00000e+00  
 97.4 3.6872e+01  14 1.00000e+00  
 97.5 3.6907e+01  14 1.00000e+00  
 97.6 3.6943e+01  14 1.00000e+00  
 97.7 3.6978e+01  14 1.00000e+00  
 97.8 3.7027e+01  14 1.00000e+00  
 97.9 3.7064e+01  14 1.00000e+00  
 98.0 3.7086e+01  14 1.00000e+00  
 98.1 3.7145e+01  14 1.00000e+00  
 98.2 3.7182e+01  14 1.00000e+00  
 98.3 3.7220e+01  14 1.00000e+00  
 98.4 3.7259e+01  14 1.00000e+00  
 98.5 3.7299e+01  14 1.00000e+00  
 98.6 3.7320e+01  14 1.00000e+00  
 98.7 3.7371e+01  14 1.00000e+00  
 98.8 3.7409e+01  14 1.00000e+00  
 98.9 3.7442e+01  14 1.00000e+00  
 99.0 3.7495e+01  14 1.00000e+00  
 99.1 3.7573e+01  14 1.00000e+00  
 99.2 3.7642e+01  14 1.00000e+00  
 99.3 3.7716e+01  14 1.00000e+00  
 99.4 3.7781e+01  14 1.00000e+00  
 99.5 3.7846e+01  14 1.00000e+00  
 99.6 3.7909e+01  14 1.00000e+00  
 99.7 3.7969e+01  14 1.00000e+00  
 99.8 3.8024e+01  14 1.00000e+00  
 99.9 3.8088e+01  14 1.00000e+00  
100.0 3.8142e+01  14 1.00000e+00  
100.1 3.8170e+01  14 1.00000e+00  
100.2 3.8237e+01  14 1.00000e+00  
100.3 3.8321e+01  14 1.00000e+00  
100.4 3.8378e+01  14 1.00000e+00  
100.5 3.8432e+01  14 1.00000e+00  
100.6 3.8484e+01  14 1.00000e+00  
100.7 3.8536e+01  14 1.00000e+00  
100.8 3.8586e+01  14 1.00000e+00  
100.9 3.8633e+01  14 1.00000e+00  
101.0 3.8672e+01  14 1.00000e+00  
101.1 3.8717e+01  14 1.00000e+00  
101.2 3.8780e+01  14 1.00000e+00  
101.3 3.8816e+01  14 1.00000e+00  
101.4 3.8865e+01  14 1.00000e+00  
101.5 3.8912e+01  14 1.00000e+00  
101.6 3.8927e+01  14 1.00000e+00  
101.7 3.8999e+01  14 1.00000e+00  
101.8 3.9112e+01  14 1.00000e+00  
101.9 3.9158e+01  14 1.00000e+00  
102.0 3.9183e+01  14 1.00000e+00  
102.1 3.9241e+01  14 1.00000e+00  
102.2 3.9282e+01  14 1.00000e+00  
102.3 3.9314e+01  14 1.00000e+00  
102.4 3.9365e+01  14 1.00000e+00  
102.5 3.9389e+01  14 1.00000e+00  
102.6 3.9447e+01  14 1.00000e+00  
102.7 3.9477e+01  14 1.00000e+00  
102.8 3.9525e+01  14 1.00000e+00  
102.9 3.9567e+01  14 1.00000e+00  
103.0 3.9591e+01  14 1.00000e+00  
103.1 3.9641e+01  14 1.00000e+00  
103.2 3.9682e+01  14 1.00000e+00  
103.3 3.9719e+01  14 1.00000e+00  
103.4 3.9751e+01  14 1.00000e+00  
103.5 3.9791e+01  14 1.00000e+00  
103.6 3.9881e+01  14 1.00000e+00  
103.7 3.9954e+01  14 1.00000e+00  
103.8 4.0024e+01  14 1.00000e+00  
103.9 4.0099e+01  14 1.00000e+00  
104.0 4.0151e+01  14 1.00000e+00  
104.1 4.0232e+01  14 1.00000e+00  
104.2 4.0277e+01  14 1.00000e+00  
104.3 4.0355e+01  14 1.00000e+00  
104.4 4.0417e+01  14 1.00000e+00  
104.5 4.0467e+01  14 1.00000e+00  
104.6 4.0519e+01  14 1.00000e+00  
104.7 4.0587e+01  14 1.00000e+00  
104.8 4.0643e+01  14 1.00000e+00  
104.9 4.0698e+01  14 1.00000e+00  
105.0 4.0775e+01  14 1.00000e+00  
105.1 4.0829e+01  14 1.00000e+00  
105.2 4.0883e+01  14 1.00000e+00  
105.3 4.0936e+01  14 1.00000e+00  
105.4 4.0989e+01  14 1.00000e+00  
105.5 4.1041e+01  14 1.00000e+00  
105.6 4.1090e+01  14 1.00000e+00  
105.7 4.1136e+01  14 1.00000e+00  
105.8 4.1167e+01  14 1.00000e+00  
105.9 4.1236e+01  14 1.00000e+00  
106.0 4.1287e+01  14 1.00000e+00  
106.1 4.1327e+01  14 1.00000e+00  
106.2 4.1372e+01  14 1.00000e+00  
106.3 4.1425e+01  14 1.00000e+00  
106.4 4.1463e+01  14 1.00000e+00  
106.5 4.1598e+01  14 1.00000e+00  
106.6 4.1620e+01  14 1.00000e+00  
106.7 4.1679e+01  14 1.00000e+00  
106.8 4.1716e+01  14 1.00000e+00  
106.9 4.1765e+01  14 1.00000e+00  
107.0 4.1803e+01  14 1.00000e+00  
107.1 4.1849e+01  14 1.00000e+00  
107.2 4.1895e+01  14 1.00000e+00  
107.3 4.1912e+01  14 1.00000e+00  
107.4 4.1982e+01  14 1.00000e+00  
107.5 4.2020e+01  14 1.00000e+00  
107.6 4.2053e+01  14 1.00000e+00  
107.7 4.2109e+01  14 1.00000e+00  
107.8 4.2146e+01  14 1.00000e+00  
107.9 4.2175e+01  14 1.00000e+00  
108.0 4.2228e+01  14 1.00000e+00  
108.1 4.2272e+01  14 1.00000e+00  
108.2 4.2313e+01  14 1.00000e+00  
108.3 4.2351e+01  14 1.00000e+00  
108.4 4.2384e+01  14 1.00000e+00  
108.5 4.2425e+01  14 1.00000e+00  
108.6 4.2518e+01  14 1.00000e+00  
108.7 4.2596e+01  14 1.00000e+00  
108.8 4.2650e+01  14 1.00000e+00  
108.9 4.2803e+01  14 1.00000e+00  
109.0 4.2862e+01  14 1.00000e+00  
109.1 4.2939e+01  14 1.00000e+00  
109.2 4.2990e+01  14 1.00000e+00  
109.3 4.3062e+01  14 1.00000e+00  
109.4 4.3128e+01  14 1.00000e+00  
109.5 4.3185e+01  14 1.00000e+00  
109.6 4.3226e+01  14 1.00000e+00  
109.7 4.3301e+01  14 1.00000e+00  
109.8 4.3362e+01  14 1.00000e+00  
109.9 4.3421e+01  14 1.00000e+00  
110.0 4.3478e+01  14 1.00000e+00  
110.1 4.3552e+01  14 1.00000e+00  
110.2 4.3609e+01  14 1.00000e+00  
110.3 4.3664e+01  14 1.00000e+00  
110.4 4.3719e+01  14 1.00000e+00  
110.5 4.3773e+01  14 1.00000e+00  
110.6 4.3827e+01  14 1.00000e+00  
110.7 4.3880e+01  14 1.00000e+00  
110.8 4.3930e+01  14 1.00000e+00  
110.9 4.3977e+01  14 1.00000e+00  
111.0 4.4023e+01  14 1.00000e+00  
111.1 4.4072e+01  14 1.00000e+00  
111.2 4.4137e+01  14 1.00000e+00  
111.3 4.4187e+01  14 1.00000e+00  
111.4 4.4229e+01  14 1.00000e+00  
111.5 4.4267e+01  14 1.00000e+00  
111.6 4.4332e+01  14 1.00000e+00  
111.7 4.4374e+01  14 1.00000e+00  
111.8 4.4395e+01  14 1.00000e+00  
111.9 4.4539e+01  14 1.00000e+00  
112.0 4.4593e+01  14 1.00000e+00  
112.1 4.4624e+01  14 1.00000e+00  
112.2 4.4686e+01  14 1.00000e+00  
112.3 4.4723e+01  14 1.00000e+00  
112.4 4.4773e+01  14 1.00000e+00  
112.5 4.4822e+01  14 1.00000e+00  
112.6 4.4208e+01  14 1.00000e+00  
112.7 4.4241e+01  14 1.00000e+00  
112.8 4.4304e+01  14 1.00000e+00  
112.9 4.4354e+01  14 1.00000e+00  
113.0 4.4391e+01  14 1.00000e+00  
113.1 4.4529e+01  14 1.00000e+00  
113.2 4.3879e+01  14 1.00000e+00  
113.3 4.3929e+01  14 1.00000e+00  
113.4 4.3975e+01  14 1.00000e+00  
113.5 4.4020e+01  14 1.00000e+00  
113.6 4.4061e+01  14 1.00000e+00  
113.7 3.7221e+01  14 1.00000e+00  
113.8 3.7247e+01  14 1.00000e+00  
113.9 3.7290e+01  14 1.00000e+00  
114.0 3.7315e+01  14 1.00000e+00  
114.1 3.7335e+01  14 1.00000e+00  
114.2 3.7384e+01  14 1.00000e+00  
114.3 3.7418e+01  14 1.00000e+00  
114.4 3.7445e+01  14 1.00000e+00  
114.5 3.7493e+01  14 1.00000e+00  
114.6 3.7562e+01  14 1.00000e+00  
114.7 3.7127e+01  14 1.00000e+00  
114.8 3.7152e+01  14 1.00000e+00  
114.9 3.7196e+01  14 1.00000e+00  
115.0 3.7223e+01  14 1.00000e+00  
115.1 3.7260e+01  14 1.00000e+00  
115.2 3.7295e+01  14 1.00000e+00  
115.3 3.7317e+01  14 1.00000e+00  
115.4 3.7345e+01  14 1.00000e+00  
115.5 3.7390e+01  14 1.00000e+00  
115.6 3.7420e+01  14 1.00000e+00  
115.7 3.7447e+01  14 1.00000e+00  
115.8 3.7497e+01  14 1.00000e+00  
115.9 3.7565e+01  14 1.00000e+00  
116.0 3.7611e+01  14 1.00000e+00  
116.1 3.7692e+01  14 1.00000e+00  
116.2 3.7723e+01  14 1.00000e+00  
116.3 3.7806e+01  14 1.00000e+00  
116.4 3.7842e+01  14 1.00000e+00  
116.5 3.7911e+01  14 1.00000e+00  
116.6 3.7962e+01  14 1.00000e+00  
116.7 3.7348e+01  14 1.00000e+00  
116.8 3.7388e+01  14 1.00000e+00  
116.9 3.7419e+01  14 1.00000e+00  
117.0 3.7445e+01  14 1.00000e+00  
117.1 3.7491e+01  14 1.00000e+00  
117.2 3.7559e+01  14 1.00000e+00  
117.3 3.7607e+01  14 1.00000e+00  
117.4 3.7685e+01  14 1.00000e+00  
117.5 3.7724e+01  14 1.00000e+00  
117.6 3.7797e+01  14 1.00000e+00  
117.7 3.7847e+01  14 1.00000e+00  
117.8 3.7901e+01  14 1.00000e+00  
117.9 3.7957e+01  14 1.00000e+00  
118.0 3.7989e+01  14 1.00000e+00  
118.1 3.8055e+01  14 1.00000e+00  
118.2 3.8104e+01  14 1.00000e+00  
118.3 3.8148e+01  14 1.00000e+00  
118.4 3.8169e+01  14 1.00000e+00  
118.5 3.7547e+01  14 1.00000e+00  
118.6 3.7586e+01  14 1.00000e+00  
118.7 3.7667e+01  14 1.00000e+00  
118.8 3.7723e+01  14 1.00000e+00  
118.9 3.7776e+01  14 1.00000e+00  
119.0 3.7833e+01  14 1.00000e+00  
119.1 3.7882e+01  14 1.00000e+00  
119.2 3.7941e+01  14 1.00000e+00  
119.3 3.7968e+01  14 1.00000e+00  
119.4 3.8035e+01  14 1.00000e+00  
119.5 3.8087e+01  14 1.00000e+00  
119.6 3.8132e+01  14 1.00000e+00  
119.7 3.7455e+01  14 1.00000e+00  
119.8 3.7520e+01  14 1.00000e+00  
119.9 3.7581e+01  14 1.00000e+00  
120.0 3.7634e+01  14 1.00000e+00  
120.1 3.7700e+01  14 1.00000e+00  
120.2 3.7735e+01  14 1.00000e+00  
120.3 3.7224e+01  14 1.00000e+00  
120.4 3.7263e+01  14 1.00000e+00  
120.5 3.7296e+01  14 1.00000e+00  
120.6 3.7317e+01  14 1.00000e+00  
120.7 3.7339e+01  14 1.00000e+00  
120.8 3.7384e+01  14 1.00000e+00  
120.9 3.7415e+01  14 1.00000e+00  
121.0 3.7441e+01  14 1.00000e+00  
121.1 3.7477e+01  14 1.00000e+00  
121.2 3.7545e+01  14 1.00000e+00  
121.3 3.7587e+01  14 1.00000e+00  
121.4 3.7669e+01  14 1.00000e+00  
121.5 3.7182e+01  14 1.00000e+00  
121.6 3.7215e+01  14 1.00000e+00  
121.7 3.7221e+01  14 1.00000e+00  
121.8 3.7276e+01  14 1.00000e+00  
121.9 3.7306e+01  14 1.00000e+00  
122.0 3.7320e+01  14 1.00000e+00  
122.1 3.7367e+01  14 1.00000e+00  
122.2 3.7399e+01  14 1.00000e+00  
122.3 3.7427e+01  14 1.00000e+00  
122.4 3.7451e+01  14 1.00000e+00  
122.5 3.7513e+01  14 1.00000e+00  
122.6 3.7574e+01  14 1.00000e+00  
122.7 3.7132e+01  14 1.00000e+00  
122.8 3.7152e+01  14 1.00000e+00  
122.9 3.7194e+01  14 1.00000e+00  
123.0 3.7222e+01  14 1.00000e+00  
123.1 3.7254e+01  14 1.00000e+00  
123.2 3.7289e+01  14 1.00000e+00  
123.3 3.7314e+01  14 1.00000e+00  
123.4 3.7322e+01  14 1.00000e+00  
123.5 3.7376e+01  14 1.00000e+00  
123.6 3.7406e+01  14 1.00000e+00  
123.7 4.7119e+01  14 1.00000e+00  
123.8 4.7145e+01  14 1.00000e+00  
123.9 4.7176e+01  14 1.00000e+00  
124.0 4.7199e+01  14 1.00000e+00  
124.1 4.7217e+01  14 1.00000e+00  
124.2 4.6846e+01  14 1.00000e+00  
124.3 4.6899e+01  14 1.00000e+00  
124.4 4.6952e+01  14 1.00000e+00  
124.5 4.7004e+01  14 1.00000e+00  
124.6 4.7055e+01  14 1.00000e+00  
124.7 4.7102e+01  14 1.00000e+00  
124.8 4.6412e+01  14 1.00000e+00  
124.9 4.6464e+01  14 1.00000e+00  
125.0 4.6512e+01  14 1.00000e+00  
125.1 4.6556e+01  14 1.00000e+00  
125.2 4.6608e+01  14 1.00000e+00  
125.3 4.6696e+01  14 1.00000e+00  
125.4 4.5935e+01  14 1.00000e+00  
125.5 4.6018e+01  14 1.00000e+00  
125.6 4.6080e+01  14 1.00000e+00  
125.7 4.6129e+01  14 1.00000e+00  
125.8 4.6183e+01  14 1.00000e+00  
125.9 4.5395e+01  14 1.00000e+00  
126.0 4.5475e+01  14 1.00000e+00  
126.1 4.5543e+01  14 1.00000e+00  
126.2 4.5601e+01  14 1.00000e+00  
126.3 4.5683e+01  14 1.00000e+00  
126.4 4.5744e+01  14 1.00000e+00  
126.5 4.5081e+01  14 1.00000e+00  
126.6 4.5114e+01  14 1.00000e+00  
126.7 4.5142e+01  14 1.00000e+00  
126.8 4.5183e+01  14 1.00000e+00  
126.9 4.5233e+01  14 1.00000e+00  
127.0 4.5273e+01  14 1.00000e+00  
127.1 4.4733e+01  14 1.00000e+00  
127.2 4.4793e+01  14 1.00000e+00  
127.3 4.4831e+01  14 1.00000e+00  
127.4 4.4847e+01  14 1.00000e+00  
127.5 4.4913e+01  14 1.00000e+00  
127.6 4.4952e+01  14 1.00000e+00  
127.7 4.4977e+01  14 1.00000e+00  
127.8 4.4378e+01  14 1.00000e+00  
127.9 4.4395e+01  14 1.00000e+00  
128.0 4.4540e+01  14 1.00000e+00  
128.1 4.4586e+01  14 1.00000e+00  
128.2 4.4618e+01  14 1.00000e+00  
128.3 4.3978e+01  14 1.00000e+00  
128.4 4.4018e+01  14 1.00000e+00  
128.5 4.4047e+01  14 1.00000e+00  
128.6 4.4115e+01  14 1.00000e+00  
128.7 4.4161e+01  14 1.00000e+00  
128.8 4.4202e+01  14 1.00000e+00  
128.9 3.7302e+01  14 1.00000e+00  
129.0 3.7319e+01  14 1.00000e+00  
129.1 3.7350e+01  14 1.00000e+00  
129.2 3.7386e+01  14 1.00000e+00  
129.3 3.7413e+01  14 1.00000e+00  
129.4 3.7438e+01  14 1.00000e+00  
129.5 3.7468e+01  14 1.00000e+00  
129.6 3.7533e+01  14 1.00000e+00  
129.7 3.7082e+01  14 1.00000e+00  
129.8 3.7139e+01  14 1.00000e+00  
129.9 3.7150e+01  14 1.00000e+00  
130.0 3.7196e+01  14 1.00000e+00  
130.1 3.7223e+01  14 1.00000e+00  
130.2 3.7243e+01  14 1.00000e+00  
130.3 3.7285e+01  14 1.00000e+00  
130.4 3.7310e+01  14 1.00000e+00  
130.5 3.7320e+01  14 1.00000e+00  
130.6 3.7366e+01  14 1.00000e+00  
130.7 3.7397e+01  14 1.00000e+00  
130.8 3.7423e+01  14 1.00000e+00  
130.9 3.7446e+01  14 1.00000e+00  
131.0 3.7495e+01  14 1.00000e+00  
131.1 3.7555e+01  14 1.00000e+00  
131.2 3.7585e+01  14 1.00000e+00  
131.3 3.7668e+01  14 1.00000e+00  
131.4 3.7719e+01  14 1.00000e+00  
131.5 3.7761e+01  14 1.00000e+00  
131.6 3.7825e+01  14 1.00000e+00  
131.7 3.7851e+01  14 1.00000e+00  
131.8 3.7919e+01  14 1.00000e+00  
131.9 3.7965e+01  14 1.00000e+00  
132.0 3.7337e+01  14 1.00000e+00  
132.1 3.7384e+01  14 1.00000e+00  
132.2 3.7411e+01  14 1.00000e+00  
132.3 3.7436e+01  14 1.00000e+00  
132.4 3.7457e+01  14 1.00000e+00  
132.5 3.7519e+01  14 1.00000e+00  
132.6 3.7585e+01  14 1.00000e+00  
132.7 3.7632e+01  14 1.00000e+00  
132.8 3.7693e+01  14 1.00000e+00  
132.9 3.7723e+01  14 1.00000e+00  
133.0 3.7791e+01  14 1.00000e+00  
133.1 3.7838e+01  14 1.00000e+00  
133.2 3.7884e+01  14 1.00000e+00  
133.3 3.7940e+01  14 1.00000e+00  
133.4 3.7972e+01  14 1.00000e+00  
133.5 3.8020e+01  14 1.00000e+00  
133.6 3.8071e+01  14 1.00000e+00  
133.7 3.8117e+01  14 1.00000e+00  
133.8 3.8155e+01  14 1.00000e+00  
133.9 3.7480e+01  14 1.00000e+00  
134.0 3.7542e+01  14 1.00000e+00  
134.1 3.7592e+01  14 1.00000e+00  
134.2 3.7652e+01  14 1.00000e+00  
134.3 3.7706e+01  14 1.00000e+00  
134.4 3.7735e+01  14 1.00000e+00  
134.5 3.7808e+01  14 1.00000e+00  
134.6 3.7850e+01  14 1.00000e+00  
134.7 3.7895e+01  14 1.00000e+00  
134.8 3.7948e+01  14 1.00000e+00  
134.9 3.7967e+01  14 1.00000e+00  
135.0 3.8031e+01  14 1.00000e+00  
135.1 3.8078e+01  14 1.00000e+00  
135.2 3.7423e+01  14 1.00000e+00  
135.3 3.7448e+01  14 1.00000e+00  
135.4 3.7488e+01  14 1.00000e+00  
135.5 3.7547e+01  14 1.00000e+00  
135.6 3.7589e+01  14 1.00000e+00  
135.7 3.7649e+01  14 1.00000e+00  
135.8 3.7145e+01  14 1.00000e+00  
135.9 3.7204e+01  14 1.00000e+00  
136.0 3.7224e+01  14 1.00000e+00  
136.1 3.7255e+01  14 1.00000e+00  
136.2 3.7286e+01  14 1.00000e+00  
136.3 3.7310e+01  14 1.00000e+00  
136.4 3.7320e+01  14 1.00000e+00  
136.5 3.7367e+01  14 1.00000e+00  
136.6 3.7395e+01  14 1.00000e+00  
136.7 3.7421e+01  14 1.00000e+00  
136.8 3.7443e+01  14 1.00000e+00  
136.9 3.7473e+01  14 1.00000e+00  
137.0 3.7541e+01  14 1.00000e+00  
137.1 3.7093e+01  14 1.00000e+00  
137.2 3.7141e+01  14 1.00000e+00  
137.3 3.7150e+01  14 1.00000e+00  
137.4 3.7194e+01  14 1.00000e+00  
137.5 3.7222e+01  14 1.00000e+00  
137.6 3.7235e+01  14 1.00000e+00  
137.7 3.7279e+01  14 1.00000e+00  
137.8 3.7306e+01  14 1.00000e+00  
137.9 3.7319e+01  14 1.00000e+00  
138.0 3.7351e+01  14 1.00000e+00  
138.1 3.7387e+01  14 1.00000e+00  
138.2 3.7413e+01  14 1.00000e+00  
138.3 3.7436e+01  14 1.00000e+00  
138.4 3.7032e+01  14 1.00000e+00  
138.5 3.7071e+01  14 1.00000e+00  
138.6 3.7090e+01  14 1.00000e+00  
138.7 3.7129e+01  14 1.00000e+00  
138.8 3.7152e+01  14 1.00000e+00  
138.9 3.7181e+01  14 1.00000e+00  
139.0 3.7211e+01  14 1.00000e+00  
139.1 3.7224e+01  14 1.00000e+00  
139.2 4.7008e+01  14 1.00000e+00  
139.3 4.7053e+01  14 1.00000e+00  
139.4 4.7096e+01  14 1.00000e+00  
139.5 4.7135e+01  14 1.00000e+00  
139.6 4.7177e+01  14 1.00000e+00  
139.7 4.7209e+01  14 1.00000e+00  
139.8 4.6530e+01  14 1.00000e+00  
139.9 4.6573e+01  14 1.00000e+00  
140.0 4.6656e+01  14 1.00000e+00  
140.1 4.6702e+01  14 1.00000e+00  
140.2 4.6749e+01  14 1.00000e+00  
140.3 4.6796e+01  14 1.00000e+00  
140.4 4.6069e+01  14 1.00000e+00  
140.5 4.6117e+01  14 1.00000e+00  
140.6 4.6149e+01  14 1.00000e+00  
140.7 4.6212e+01  14 1.00000e+00  
140.8 4.6272e+01  14 1.00000e+00  
140.9 4.5495e+01  14 1.00000e+00  
141.0 4.5553e+01  14 1.00000e+00  
141.1 4.5608e+01  14 1.00000e+00  
141.2 4.5680e+01  14 1.00000e+00  
141.3 4.5736e+01  14 1.00000e+00  
141.4 4.5790e+01  14 1.00000e+00  
141.5 4.5107e+01  14 1.00000e+00  
141.6 4.5135e+01  14 1.00000e+00  
141.7 4.5150e+01  14 1.00000e+00  
141.8 4.5216e+01  14 1.00000e+00  
141.9 4.5253e+01  14 1.00000e+00  
142.0 4.5288e+01  14 1.00000e+00  
142.1 4.5320e+01  14 1.00000e+00  
142.2 4.4801e+01  14 1.00000e+00  
142.3 4.4835e+01  14 1.00000e+00  
142.4 4.4847e+01  14 1.00000e+00  
142.5 4.4912e+01  14 1.00000e+00  
142.6 4.4947e+01  14 1.00000e+00  
142.7 4.4973e+01  14 1.00000e+00  
142.8 4.4373e+01  14 1.00000e+00  
142.9 4.4394e+01  14 1.00000e+00  
143.0 4.4530e+01  14 1.00000e+00  
143.1 4.4545e+01  14 1.00000e+00  
143.2 4.4595e+01  14 1.00000e+00  
143.3 4.4624e+01  14 1.00000e+00  
143.4 4.3994e+01  14 1.00000e+00  
143.5 4.4024e+01  14 1.00000e+00  
143.6 4.4052e+01  14 1.00000e+00  
143.7 4.4113e+01  14 1.00000e+00  
143.8 4.4161e+01  14 1.00000e+00  
143.9 4.4197e+01  14 1.00000e+00  
144.0 4.4229e+01  14 1.00000e+00  
144.1 3.7315e+01  14 1.00000e+00  
144.2 3.7319e+01  14 1.00000e+00  
144.3 3.7374e+01  14 1.00000e+00  
144.4 3.7399e+01  14 1.00000e+00  
144.5 3.7423e+01  14 1.00000e+00  
144.6 4.3842e+01  14 1.00000e+00  
144.7 3.7479e+01  14 1.00000e+00  
144.8 3.7544e+01  14 1.00000e+00  
144.9 3.7088e+01  14 1.00000e+00  
145.0 3.7138e+01  14 1.00000e+00  
145.1 3.7152e+01  14 1.00000e+00  
145.2 3.7188e+01  14 1.00000e+00  
145.3 3.7218e+01  14 1.00000e+00  
145.4 3.7220e+01  14 1.00000e+00  
145.5 3.7271e+01  14 1.00000e+00  
145.6 3.7298e+01  14 1.00000e+00  
145.7 3.7316e+01  14 1.00000e+00  
145.8 3.7328e+01  14 1.00000e+00  
145.9 3.7374e+01  14 1.00000e+00  
146.0 3.7402e+01  14 1.00000e+00  
146.1 3.7425e+01  14 1.00000e+00  
146.2 3.7445e+01  14 1.00000e+00  
146.3 3.7485e+01  14 1.00000e+00  
146.4 3.7541e+01  14 1.00000e+00  
146.5 3.7588e+01  14 1.00000e+00  
146.6 3.7636e+01  14 1.00000e+00  
146.7 3.7691e+01  14 1.00000e+00  
146.8 3.7724e+01  14 1.00000e+00  
146.9 3.7784e+01  14 1.00000e+00  
147.0 3.7829e+01  14 1.00000e+00  
147.1 3.7850e+01  14 1.00000e+00  
147.2 3.7916e+01  14 1.00000e+00  
147.3 3.7956e+01  14 1.00000e+00  
147.4 3.7980e+01  14 1.00000e+00  
147.5 3.8039e+01  14 1.00000e+00  
147.6 3.7397e+01  14 1.00000e+00  
147.7 3.7420e+01  14 1.00000e+00  
147.8 3.7441e+01  14 1.00000e+00  
147.9 3.7476e+01  14 1.00000e+00  
148.0 3.7532e+01  14 1.00000e+00  
148.1 3.7581e+01  14 1.00000e+00  
148.2 3.7619e+01  14 1.00000e+00  
148.3 3.7680e+01  14 1.00000e+00  
148.4 3.7723e+01  14 1.00000e+00  
148.5 3.7768e+01  14 1.00000e+00  
148.6 3.7821e+01  14 1.00000e+00  
148.7 3.7839e+01  14 1.00000e+00  
148.8 3.7901e+01  14 1.00000e+00  
148.9 3.7944e+01  14 1.00000e+00  
149.0 3.7972e+01  14 1.00000e+00  
149.1 3.8021e+01  14 1.00000e+00  
149.2 3.8066e+01  14 1.00000e+00  
149.3 3.7414e+01  14 1.00000e+00  
149.4 3.7436e+01  14 1.00000e+00  
149.5 3.7455e+01  14 1.00000e+00  
149.6 3.7511e+01  14 1.00000e+00  
149.7 3.7563e+01  14 1.00000e+00  
149.8 3.7585e+01  14 1.00000e+00  
149.9 3.7658e+01  14 1.00000e+00  
150.0 3.7707e+01  14 1.00000e+00  
