 15.1 1.4468e+00  13 4.36878e-02  
 15.2 1.4542e+00  13 4.40338e-02  
 15.3 1.4617e+00  13 4.43755e-02  
 15.4 1.4691e+00  13 4.47129e-02  
 15.5 1.4765e+00  13 4.50462e-02  
 15.6 1.4839e+00  13 4.53755e-02  
 15.7 1.4913e+00  13 4.57007e-02  
 15.8 1.4988e+00  13 4.60221e-02  
 15.9 1.5062e+00  13 4.63396e-02  
 16.0 1.5136e+00  13 4.66533e-02  
 16.1 1.5210e+00  13 4.69633e-02  
 16.2 1.5284e+00  13 4.72697e-02  
 16.3 1.5358e+00  13 4.75726e-02  
 16.4 1.5432e+00  13 4.78719e-02  
 16.5 1.5507e+00  13 4.81159e-02  
 16.6 1.5581e+00  13 4.84077e-02  
 16.7 1.5655e+00  13 4.86962e-02  
 16.8 1.5729e+00  13 4.89813e-02  
 16.9 1.5803e+00  13 4.92633e-02  
 17.0 1.5877e+00  13 4.95422e-02  
 17.1 1.5951e+00  13 4.98179e-02  
 17.2 1.6025e+00  13 5.00905e-02  
 17.3 1.6099e+00  13 5.03601e-02  
 17.4 1.6206e+00  13 5.08933e-02  
 17.5 1.6324e+00  13 5.14993e-02  
 17.6 1.6443e+00  13 5.21066e-02  
 17.7 1.6562e+00  13 5.27154e-02  
 17.8 1.6682e+00  13 5.33256e-02  
 17.9 1.6804e+00  13 5.39373e-02  
 18.0 1.6926e+00  13 5.45512e-02  
 18.1 1.7049e+00  13 5.51662e-02  
 18.2 1.7173e+00  13 5.57829e-02  
 18.3 1.7298e+00  13 5.64013e-02  
 18.4 1.7425e+00  13 5.70215e-02  
 18.5 1.7552e+00  13 5.76436e-02  
 18.6 1.7680e+00  13 5.82675e-02  
 18.7 1.7809e+00  13 5.88934e-02  
 18.8 1.7939e+00  13 5.95214e-02  
 18.9 1.8070e+00  13 6.01513e-02  
 19.0 1.8202e+00  13 6.07834e-02  
 19.1 1.8335e+00  13 6.14177e-02  
 19.2 1.8469e+00  13 6.20542e-02  
 19.3 1.8604e+00  13 6.26929e-02  
 19.4 1.8740e+00  13 6.33340e-02  
 19.5 1.8877e+00  13 6.39774e-02  
 19.6 1.9015e+00  13 6.46233e-02  
 19.7 1.9155e+00  13 6.52716e-02  
 19.8 1.7402e+01  14 1.00000e+00  
 19.9 1.7486e+01  14 1.00000e+00  
 20.0 1.7571e+01  14 1.00000e+00  
 20.1 1.7656e+01  14 1.00000e+00  
 20.2 1.7740e+01  14 1.00000e+00  
 20.3 1.7825e+01  14 1.00000e+00  
 20.4 1.7909e+01  14 1.00000e+00  
 20.5 1.7994e+01  14 1.00000e+00  
 20.6 1.8078e+01  14 1.00000e+00  
 20.7 1.8163e+01  14 1.00000e+00  
 20.8 1.8247e+01  14 1.00000e+00  
 20.9 1.8331e+01  14 1.00000e+00  
 21.0 1.8416e+01  14 1.00000e+00  
 21.1 1.8500e+01  14 1.00000e+00  
 21.2 1.8584e+01  14 1.00000e+00  
 21.3 1.8668e+01  14 1.00000e+00  
 21.4 1.8752e+01  14 1.00000e+00  
 21.5 1.8836e+01  14 1.00000e+00  
 21.6 1.8921e+01  14 1.00000e+00  
 21.7 1.9005e+01  14 1.00000e+00  
 21.8 1.9089e+01  14 1.00000e+00  
 21.9 1.9173e+01  14 1.00000e+00  
 22.0 1.9256e+01  14 1.00000e+00  
 22.1 1.9340e+01  14 1.00000e+00  
 22.2 1.9424e+01  14 1.00000e+00  
 22.3 1.9508e+01  14 1.00000e+00  
 22.4 1.9592e+01  14 1.00000e+00  
 22.5 1.9675e+01  14 1.00000e+00  
 22.6 5.5106e+00  14 2.44477e-01  
 22.7 5.6286e+00  14 2.49628e-01  
 22.8 5.7483e+00  14 2.54822e-01  
 22.9 5.8696e+00  14 2.60058e-01  
 23.0 5.9927e+00  14 2.65336e-01  
 23.1 6.1174e+00  14 2.70656e-01  
 23.2 6.2438e+00  14 2.76019e-01  
 23.3 6.3719e+00  14 2.81423e-01  
 23.4 6.5017e+00  14 2.86869e-01  
 23.5 6.6332e+00  14 2.92355e-01  
 23.6 6.7664e+00  14 2.97884e-01  
 23.7 6.9013e+00  14 3.03452e-01  
 23.8 7.0380e+00  14 3.09062e-01  
 23.9 7.1763e+00  14 3.14713e-01  
 24.0 7.3164e+00  14 3.20403e-01  
 24.1 7.4583e+00  14 3.26134e-01  
 24.2 7.6019e+00  14 3.31905e-01  
 24.3 7.7473e+00  14 3.37716e-01  
 24.4 7.8944e+00  14 3.43567e-01  
 24.5 8.0433e+00  14 3.49457e-01  
 24.6 8.1939e+00  14 3.55387e-01  
 24.7 8.3464e+00  14 3.61356e-01  
 24.8 8.5006e+00  14 3.67364e-01  
 24.9 8.6566e+00  14 3.73412e-01  
 25.0 8.8144e+00  14 3.79498e-01  
 25.1 8.9740e+00  14 3.85623e-01  
 25.2 9.1354e+00  14 3.91787e-01  
 25.3 9.2986e+00  14 3.97989e-01  
 25.4 9.4637e+00  14 4.04230e-01  
 25.5 9.6306e+00  14 4.10509e-01  
 25.6 9.7993e+00  14 4.16826e-01  
 25.7 9.9699e+00  14 4.23182e-01  
 25.8 1.0142e+01  14 4.29576e-01  
 25.9 1.0317e+01  14 4.36007e-01  
 26.0 1.0493e+01  14 4.42476e-01  
 26.1 1.0671e+01  14 4.48983e-01  
 26.2 1.0850e+01  14 4.55528e-01  
 26.3 1.1032e+01  14 4.62111e-01  
 26.4 1.1216e+01  14 4.68730e-01  
 26.5 1.1401e+01  14 4.75388e-01  
 26.6 1.1589e+01  14 4.82082e-01  
 26.7 1.1778e+01  14 4.88814e-01  
 26.8 1.1969e+01  14 4.95583e-01  
 26.9 1.2162e+01  14 5.02389e-01  
 27.0 1.2358e+01  14 5.09233e-01  
 27.1 1.2555e+01  14 5.16113e-01  
 27.2 1.2753e+01  14 5.23030e-01  
 27.3 1.2954e+01  14 5.29984e-01  
 27.4 1.3157e+01  14 5.36975e-01  
 27.5 1.3362e+01  14 5.44003e-01  
 27.6 1.3569e+01  14 5.51067e-01  
 27.7 1.3778e+01  14 5.58168e-01  
 27.8 1.3988e+01  14 5.65306e-01  
 27.9 1.4201e+01  14 5.72481e-01  
 28.0 1.4416e+01  14 5.79691e-01  
 28.1 1.4632e+01  14 5.86939e-01  
 28.2 1.4851e+01  14 5.94223e-01  
 28.3 1.5072e+01  14 6.01543e-01  
 28.4 1.5295e+01  14 6.08900e-01  
 28.5 1.5519e+01  14 6.16293e-01  
 28.6 1.5746e+01  14 6.23722e-01  
 28.7 1.5975e+01  14 6.31188e-01  
 28.8 1.6206e+01  14 6.38690e-01  
 28.9 1.6439e+01  14 6.46228e-01  
 29.0 1.6674e+01  14 6.53803e-01  
 29.1 1.6911e+01  14 6.61414e-01  
 29.2 1.7150e+01  14 6.69061e-01  
 29.3 1.7392e+01  14 6.76744e-01  
 29.4 1.7635e+01  14 6.84463e-01  
 29.5 1.7880e+01  14 6.92219e-01  
 29.6 1.8128e+01  14 7.00010e-01  
 29.7 1.8378e+01  14 7.07838e-01  
 29.8 1.8630e+01  14 7.15702e-01  
 29.9 1.8884e+01  14 7.23602e-01  
 30.0 1.9140e+01  14 7.31539e-01  
 30.1 1.9398e+01  14 7.39511e-01  
 30.2 1.9658e+01  14 7.47520e-01  
 30.3 1.9921e+01  14 7.55564e-01  
 30.4 2.0186e+01  14 7.63645e-01  
 30.5 2.0452e+01  14 7.71762e-01  
 30.6 2.0722e+01  14 7.79915e-01  
 30.7 2.0993e+01  14 7.88104e-01  
 30.8 2.1266e+01  14 7.96330e-01  
 30.9 2.1542e+01  14 8.04591e-01  
 31.0 2.1820e+01  14 8.12889e-01  
 31.1 2.2100e+01  14 8.21223e-01  
 31.2 2.2382e+01  14 8.29593e-01  
 31.3 2.2667e+01  14 8.37999e-01  
 31.4 2.2954e+01  14 8.46442e-01  
 31.5 2.3243e+01  14 8.54921e-01  
 31.6 2.3534e+01  14 8.63436e-01  
 31.7 2.3828e+01  14 8.71987e-01  
 31.8 2.4057e+01  14 8.80649e-01  
 31.9 2.4354e+01  14 8.89268e-01  
 32.0 2.4653e+01  14 8.97923e-01  
 32.1 2.4955e+01  14 9.06614e-01  
 32.2 2.5258e+01  14 9.15342e-01  
 32.3 2.5564e+01  14 9.24106e-01  
 32.4 2.5872e+01  14 9.32907e-01  
 32.5 2.6184e+01  14 9.41743e-01  
 32.6 2.6496e+01  14 9.50617e-01  
 32.7 2.6812e+01  14 9.59527e-01  
 32.8 2.7129e+01  14 9.68474e-01  
 32.9 2.7449e+01  14 9.77457e-01  
 33.0 2.7771e+01  14 9.86477e-01  
 33.1 2.8096e+01  14 9.95533e-01  
 33.2 2.8296e+01  14 1.00000e+00  
 33.3 2.8374e+01  14 1.00000e+00  
 33.4 2.8452e+01  14 1.00000e+00  
 33.5 2.8530e+01  14 1.00000e+00  
 33.6 2.8608e+01  14 1.00000e+00  
 33.7 2.8686e+01  14 1.00000e+00  
 33.8 2.8764e+01  14 1.00000e+00  
 33.9 2.8841e+01  14 1.00000e+00  
 34.0 2.8919e+01  14 1.00000e+00  
 34.1 2.8996e+01  14 1.00000e+00  
 34.2 2.9072e+01  14 1.00000e+00  
 34.3 2.9148e+01  14 1.00000e+00  
 34.4 2.9090e+01  14 1.00000e+00  
 34.5 2.9167e+01  14 1.00000e+00  
 34.6 2.9244e+01  14 1.00000e+00  
 34.7 2.9321e+01  14 1.00000e+00  
 34.8 2.9397e+01  14 1.00000e+00  
 34.9 2.9227e+01  14 1.00000e+00  
 35.0 2.9303e+01  14 1.00000e+00  
 35.1 2.9379e+01  14 1.00000e+00  
 35.2 2.9456e+01  14 1.00000e+00  
 35.3 2.9383e+01  14 1.00000e+00  
 35.4 2.9459e+01  14 1.00000e+00  
 35.5 2.9535e+01  14 1.00000e+00  
 35.6 2.9611e+01  14 1.00000e+00  
 35.7 2.9687e+01  14 1.00000e+00  
 35.8 2.8412e+01  14 1.00000e+00  
 35.9 2.5918e+01  14 1.00000e+00  
 36.0 2.4015e+01  14 1.00000e+00  
 36.1 2.1992e+01  14 1.00000e+00  
 36.2 2.0480e+01  14 1.00000e+00  
 36.3 1.8203e+01  14 1.00000e+00  
 36.4 1.6600e+01  14 1.00000e+00  
 36.5 1.4895e+01  14 1.00000e+00  
 36.6 1.3405e+01  14 1.00000e+00  
 36.7 1.3409e+01  14 1.00000e+00  
 36.8 1.3346e+01  14 1.00000e+00  
 36.9 1.3381e+01  14 1.00000e+00  
 37.0 1.3314e+01  14 1.00000e+00  
 37.1 1.3450e+01  14 1.00000e+00  
 37.2 1.3486e+01  14 1.00000e+00  
 37.3 1.3523e+01  14 1.00000e+00  
 37.4 1.3560e+01  14 1.00000e+00  
 37.5 1.3490e+01  14 1.00000e+00  
 37.6 1.3629e+01  14 1.00000e+00  
 37.7 1.3665e+01  14 1.00000e+00  
 37.8 1.3702e+01  14 1.00000e+00  
 37.9 1.3739e+01  14 1.00000e+00  
 38.0 1.3775e+01  14 1.00000e+00  
 38.1 1.3811e+01  14 1.00000e+00  
 38.2 1.3847e+01  14 1.00000e+00  
 38.3 1.3881e+01  14 1.00000e+00  
 38.4 1.3918e+01  14 1.00000e+00  
 38.5 1.3954e+01  14 1.00000e+00  
 38.6 1.3990e+01  14 1.00000e+00  
 38.7 1.4026e+01  14 1.00000e+00  
 38.8 1.4062e+01  14 1.00000e+00  
 38.9 1.4099e+01  14 1.00000e+00  
 39.0 1.4135e+01  14 1.00000e+00  
 39.1 1.4169e+01  14 1.00000e+00  
 39.2 1.4205e+01  14 1.00000e+00  
 39.3 1.4241e+01  14 1.00000e+00  
 39.4 1.4277e+01  14 1.00000e+00  
 39.5 1.4313e+01  14 1.00000e+00  
 39.6 1.4349e+01  14 1.00000e+00  
 39.7 1.4385e+01  14 1.00000e+00  
 39.8 1.4420e+01  14 1.00000e+00  
 39.9 1.4456e+01  14 1.00000e+00  
 40.0 1.4492e+01  14 1.00000e+00  
 40.1 1.4528e+01  14 1.00000e+00  
 40.2 1.4564e+01  14 1.00000e+00  
 40.3 1.4600e+01  14 1.00000e+00  
 40.4 1.4638e+01  14 1.00000e+00  
 40.5 1.4683e+01  14 1.00000e+00  
 40.6 1.4707e+01  14 1.00000e+00  
 40.7 1.4743e+01  14 1.00000e+00  
 40.8 1.4778e+01  14 1.00000e+00  
 40.9 1.4818e+01  14 1.00000e+00  
 41.0 1.4863e+01  14 1.00000e+00  
 41.1 1.4907e+01  14 1.00000e+00  
 41.2 1.4951e+01  14 1.00000e+00  
 41.3 1.4957e+01  14 1.00000e+00  
 41.4 1.4999e+01  14 1.00000e+00  
 41.5 1.5043e+01  14 1.00000e+00  
 41.6 1.5088e+01  14 1.00000e+00  
 41.7 1.5132e+01  14 1.00000e+00  
 41.8 1.5179e+01  14 1.00000e+00  
 41.9 1.5236e+01  14 1.00000e+00  
 42.0 1.5289e+01  14 1.00000e+00  
 42.1 1.5269e+01  14 1.00000e+00  
 42.2 1.5314e+01  14 1.00000e+00  
 42.3 1.5364e+01  14 1.00000e+00  
 42.4 1.5421e+01  14 1.00000e+00  
 42.5 1.5546e+01  14 1.00000e+00  
 42.6 1.5583e+01  14 1.00000e+00  
 42.7 1.5621e+01  14 1.00000e+00  
 42.8 1.5551e+01  14 1.00000e+00  
 42.9 1.5606e+01  14 1.00000e+00  
 43.0 1.5726e+01  14 1.00000e+00  
 43.1 1.5764e+01  14 1.00000e+00  
 43.2 1.5800e+01  14 1.00000e+00  
 43.3 1.5837e+01  14 1.00000e+00  
 43.4 1.5873e+01  14 1.00000e+00  
 43.5 1.5907e+01  14 1.00000e+00  
 43.6 1.5944e+01  14 1.00000e+00  
 43.7 1.5980e+01  14 1.00000e+00  
 43.8 1.6017e+01  14 1.00000e+00  
 43.9 1.6053e+01  14 1.00000e+00  
 44.0 1.6090e+01  14 1.00000e+00  
 44.1 1.6126e+01  14 1.00000e+00  
 44.2 1.6160e+01  14 1.00000e+00  
 44.3 1.6197e+01  14 1.00000e+00  
 44.4 1.6233e+01  14 1.00000e+00  
 44.5 1.6270e+01  14 1.00000e+00  
 44.6 1.6306e+01  14 1.00000e+00  
 44.7 1.6342e+01  14 1.00000e+00  
 44.8 1.6378e+01  14 1.00000e+00  
 44.9 1.6413e+01  14 1.00000e+00  
 45.0 1.6449e+01  14 1.00000e+00  
 45.1 1.6486e+01  14 1.00000e+00  
 45.2 1.6522e+01  14 1.00000e+00  
 45.3 1.6558e+01  14 1.00000e+00  
 45.4 1.6594e+01  14 1.00000e+00  
 45.5 1.6629e+01  14 1.00000e+00  
 45.6 1.6665e+01  14 1.00000e+00  
 45.7 1.6701e+01  14 1.00000e+00  
 45.8 1.6737e+01  14 1.00000e+00  
 45.9 1.6773e+01  14 1.00000e+00  
 46.0 1.6813e+01  14 1.00000e+00  
 46.1 1.6845e+01  14 1.00000e+00  
 46.2 1.6881e+01  14 1.00000e+00  
 46.3 1.6916e+01  14 1.00000e+00  
 46.4 1.6955e+01  14 1.00000e+00  
 46.5 1.7000e+01  14 1.00000e+00  
 46.6 1.7045e+01  14 1.00000e+00  
 46.7 1.7059e+01  14 1.00000e+00  
 46.8 1.7097e+01  14 1.00000e+00  
 46.9 1.7142e+01  14 1.00000e+00  
 47.0 1.7187e+01  14 1.00000e+00  
 47.1 1.7233e+01  14 1.00000e+00  
 47.2 1.7278e+01  14 1.00000e+00  
 47.3 1.7285e+01  14 1.00000e+00  
 47.4 1.7330e+01  14 1.00000e+00  
 47.5 1.7375e+01  14 1.00000e+00  
 47.6 1.7421e+01  14 1.00000e+00  
 47.7 1.7466e+01  14 1.00000e+00  
 47.8 1.7473e+01  14 1.00000e+00  
 47.9 1.7519e+01  14 1.00000e+00  
 48.0 1.7564e+01  14 1.00000e+00  
 48.1 1.7610e+01  14 1.00000e+00  
 48.2 1.7662e+01  14 1.00000e+00  
 48.3 1.7663e+01  14 1.00000e+00  
 48.4 1.7708e+01  14 1.00000e+00  
 48.5 1.7754e+01  14 1.00000e+00  
 48.6 1.7806e+01  14 1.00000e+00  
 48.7 1.7807e+01  14 1.00000e+00  
 48.8 1.7853e+01  14 1.00000e+00  
 48.9 1.7899e+01  14 1.00000e+00  
 49.0 1.7951e+01  14 1.00000e+00  
 49.1 1.7953e+01  14 1.00000e+00  
 49.2 1.7998e+01  14 1.00000e+00  
 49.3 1.8044e+01  14 1.00000e+00  
 49.4 1.8053e+01  14 1.00000e+00  
 49.5 1.8099e+01  14 1.00000e+00  
 49.6 1.8144e+01  14 1.00000e+00  
 49.7 1.8153e+01  14 1.00000e+00  
 49.8 1.8199e+01  14 1.00000e+00  
 49.9 1.8245e+01  14 1.00000e+00  
 50.0 1.8254e+01  14 1.00000e+00  
 50.1 1.8300e+01  14 1.00000e+00  
 50.2 1.8310e+01  14 1.00000e+00  
 50.3 1.8356e+01  14 1.00000e+00  
 50.4 1.8376e+01  14 1.00000e+00  
 50.5 1.8411e+01  14 1.00000e+00  
 50.6 1.8445e+01  14 1.00000e+00  
 50.7 1.8479e+01  14 1.00000e+00  
 50.8 1.8510e+01  14 1.00000e+00  
 50.9 1.8531e+01  14 1.00000e+00  
 51.0 1.8568e+01  14 1.00000e+00  
 51.1 1.8607e+01  14 1.00000e+00  
 51.2 1.8645e+01  14 1.00000e+00  
 51.3 1.8684e+01  14 1.00000e+00  
 51.4 1.8722e+01  14 1.00000e+00  
 51.5 1.8757e+01  14 1.00000e+00  
 51.6 1.8793e+01  14 1.00000e+00  
 51.7 1.8829e+01  14 1.00000e+00  
 51.8 1.8866e+01  14 1.00000e+00  
 51.9 1.8902e+01  14 1.00000e+00  
 52.0 1.8938e+01  14 1.00000e+00  
 52.1 1.8974e+01  14 1.00000e+00  
 52.2 1.9010e+01  14 1.00000e+00  
 52.3 1.9046e+01  14 1.00000e+00  
 52.4 1.9082e+01  14 1.00000e+00  
 52.5 1.9106e+01  14 1.00000e+00  
 52.6 1.9142e+01  14 1.00000e+00  
 52.7 1.9187e+01  14 1.00000e+00  
 52.8 1.9234e+01  14 1.00000e+00  
 52.9 1.9445e+01  14 1.00000e+00  
 53.0 1.9484e+01  14 1.00000e+00  
 53.1 1.9523e+01  14 1.00000e+00  
 53.2 1.9561e+01  14 1.00000e+00  
 53.3 1.9597e+01  14 1.00000e+00  
 53.4 1.9633e+01  14 1.00000e+00  
 53.5 1.9670e+01  14 1.00000e+00  
 53.6 1.9706e+01  14 1.00000e+00  
 53.7 1.9743e+01  14 1.00000e+00  
 53.8 1.9779e+01  14 1.00000e+00  
 53.9 1.9816e+01  14 1.00000e+00  
 54.0 1.9852e+01  14 1.00000e+00  
 54.1 1.9889e+01  14 1.00000e+00  
 54.2 1.9914e+01  14 1.00000e+00  
 54.3 1.9950e+01  14 1.00000e+00  
 54.4 1.9985e+01  14 1.00000e+00  
 54.5 2.0025e+01  14 1.00000e+00  
 54.6 2.0072e+01  14 1.00000e+00  
 54.7 2.0119e+01  14 1.00000e+00  
 54.8 2.0166e+01  14 1.00000e+00  
 54.9 2.0213e+01  14 1.00000e+00  
 55.0 2.0413e+01  14 1.00000e+00  
 55.1 2.0452e+01  14 1.00000e+00  
 55.2 2.0491e+01  14 1.00000e+00  
 55.3 2.0525e+01  14 1.00000e+00  
 55.4 2.0561e+01  14 1.00000e+00  
 55.5 2.0598e+01  14 1.00000e+00  
 55.6 2.0635e+01  14 1.00000e+00  
 55.7 2.0671e+01  14 1.00000e+00  
 55.8 2.0708e+01  14 1.00000e+00  
 55.9 2.0745e+01  14 1.00000e+00  
 56.0 2.0781e+01  14 1.00000e+00  
 56.1 2.0817e+01  14 1.00000e+00  
 56.2 2.0853e+01  14 1.00000e+00  
 56.3 2.0889e+01  14 1.00000e+00  
 56.4 2.0925e+01  14 1.00000e+00  
 56.5 2.0961e+01  14 1.00000e+00  
 56.6 2.1006e+01  14 1.00000e+00  
 56.7 2.1053e+01  14 1.00000e+00  
 56.8 2.1100e+01  14 1.00000e+00  
 56.9 2.1147e+01  14 1.00000e+00  
 57.0 2.1194e+01  14 1.00000e+00  
 57.1 2.1241e+01  14 1.00000e+00  
 57.2 2.1288e+01  14 1.00000e+00  
 57.3 2.1478e+01  14 1.00000e+00  
 57.4 2.1507e+01  14 1.00000e+00  
 57.5 2.1543e+01  14 1.00000e+00  
 57.6 2.1581e+01  14 1.00000e+00  
 57.7 2.1618e+01  14 1.00000e+00  
 57.8 2.1655e+01  14 1.00000e+00  
 57.9 2.1692e+01  14 1.00000e+00  
 58.0 2.1729e+01  14 1.00000e+00  
 58.1 2.1766e+01  14 1.00000e+00  
 58.2 2.1803e+01  14 1.00000e+00  
 58.3 2.1839e+01  14 1.00000e+00  
 58.4 2.1875e+01  14 1.00000e+00  
 58.5 2.1911e+01  14 1.00000e+00  
 58.6 2.1947e+01  14 1.00000e+00  
 58.7 2.1989e+01  14 1.00000e+00  
 58.8 2.2036e+01  14 1.00000e+00  
 58.9 2.2083e+01  14 1.00000e+00  
 59.0 2.2130e+01  14 1.00000e+00  
 59.1 2.2177e+01  14 1.00000e+00  
 59.2 2.2223e+01  14 1.00000e+00  
 59.3 2.2267e+01  14 1.00000e+00  
 59.4 2.2310e+01  14 1.00000e+00  
 59.5 2.2354e+01  14 1.00000e+00  
 59.6 2.2398e+01  14 1.00000e+00  
 59.7 2.2442e+01  14 1.00000e+00  
 59.8 2.2486e+01  14 1.00000e+00  
 59.9 2.2670e+01  14 1.00000e+00  
 60.0 2.2709e+01  14 1.00000e+00  
 60.1 2.2745e+01  14 1.00000e+00  
 60.2 2.2783e+01  14 1.00000e+00  
 60.3 2.2820e+01  14 1.00000e+00  
 60.4 2.2858e+01  14 1.00000e+00  
 60.5 2.2895e+01  14 1.00000e+00  
 60.6 2.2933e+01  14 1.00000e+00  
 60.7 2.2971e+01  14 1.00000e+00  
 60.8 2.3008e+01  14 1.00000e+00  
 60.9 2.3046e+01  14 1.00000e+00  
 61.0 2.3083e+01  14 1.00000e+00  
 61.1 2.3120e+01  14 1.00000e+00  
 61.2 2.3149e+01  14 1.00000e+00  
 61.3 2.3186e+01  14 1.00000e+00  
 61.4 2.3224e+01  14 1.00000e+00  
 61.5 2.3261e+01  14 1.00000e+00  
 61.6 2.3298e+01  14 1.00000e+00  
 61.7 2.3334e+01  14 1.00000e+00  
 61.8 2.3371e+01  14 1.00000e+00  
 61.9 2.3408e+01  14 1.00000e+00  
 62.0 2.3448e+01  14 1.00000e+00  
 62.1 2.3492e+01  14 1.00000e+00  
 62.2 2.3536e+01  14 1.00000e+00  
 62.3 2.3580e+01  14 1.00000e+00  
 62.4 2.3625e+01  14 1.00000e+00  
 62.5 2.3669e+01  14 1.00000e+00  
 62.6 2.3713e+01  14 1.00000e+00  
 62.7 2.3757e+01  14 1.00000e+00  
 62.8 2.3802e+01  14 1.00000e+00  
 62.9 2.3846e+01  14 1.00000e+00  
 63.0 2.3895e+01  14 1.00000e+00  
 63.1 2.3950e+01  14 1.00000e+00  
 63.2 2.4002e+01  14 1.00000e+00  
 63.3 2.4053e+01  14 1.00000e+00  
 63.4 2.4101e+01  14 1.00000e+00  
 63.5 2.4149e+01  14 1.00000e+00  
 63.6 2.4195e+01  14 1.00000e+00  
 63.7 2.4240e+01  14 1.00000e+00  
 63.8 2.4386e+01  14 1.00000e+00  
 63.9 2.4422e+01  14 1.00000e+00  
 64.0 2.4460e+01  14 1.00000e+00  
 64.1 2.4497e+01  14 1.00000e+00  
 64.2 2.4536e+01  14 1.00000e+00  
 64.3 2.4574e+01  14 1.00000e+00  
 64.4 2.4612e+01  14 1.00000e+00  
 64.5 2.4651e+01  14 1.00000e+00  
 64.6 2.4688e+01  14 1.00000e+00  
 64.7 2.4726e+01  14 1.00000e+00  
 64.8 2.4764e+01  14 1.00000e+00  
 64.9 2.4803e+01  14 1.00000e+00  
 65.0 2.4840e+01  14 1.00000e+00  
 65.1 2.4878e+01  14 1.00000e+00  
 65.2 2.4915e+01  14 1.00000e+00  
 65.3 2.4945e+01  14 1.00000e+00  
 65.4 2.4982e+01  14 1.00000e+00  
 65.5 2.5020e+01  14 1.00000e+00  
 65.6 2.5057e+01  14 1.00000e+00  
 65.7 2.5093e+01  14 1.00000e+00  
 65.8 2.5132e+01  14 1.00000e+00  
 65.9 2.5177e+01  14 1.00000e+00  
 66.0 2.5221e+01  14 1.00000e+00  
 66.1 2.5266e+01  14 1.00000e+00  
 66.2 2.5311e+01  14 1.00000e+00  
 66.3 2.5356e+01  14 1.00000e+00  
 66.4 2.5401e+01  14 1.00000e+00  
 66.5 2.5446e+01  14 1.00000e+00  
 66.6 2.5491e+01  14 1.00000e+00  
 66.7 2.5536e+01  14 1.00000e+00  
 66.8 2.5581e+01  14 1.00000e+00  
 66.9 2.5652e+01  14 1.00000e+00  
 67.0 2.5705e+01  14 1.00000e+00  
 67.1 2.5756e+01  14 1.00000e+00  
 67.2 2.5807e+01  14 1.00000e+00  
 67.3 2.5855e+01  14 1.00000e+00  
 67.4 2.5902e+01  14 1.00000e+00  
 67.5 2.5949e+01  14 1.00000e+00  
 67.6 2.5995e+01  14 1.00000e+00  
 67.7 2.6039e+01  14 1.00000e+00  
 67.8 2.6177e+01  14 1.00000e+00  
 67.9 2.6214e+01  14 1.00000e+00  
 68.0 2.6252e+01  14 1.00000e+00  
 68.1 2.6291e+01  14 1.00000e+00  
 68.2 2.6331e+01  14 1.00000e+00  
 68.3 2.6373e+01  14 1.00000e+00  
 68.4 2.6419e+01  14 1.00000e+00  
 68.5 2.6453e+01  14 1.00000e+00  
 68.6 2.6494e+01  14 1.00000e+00  
 68.7 2.6543e+01  14 1.00000e+00  
 68.8 2.6577e+01  14 1.00000e+00  
 68.9 2.6624e+01  14 1.00000e+00  
 69.0 2.6670e+01  14 1.00000e+00  
 69.1 2.6720e+01  14 1.00000e+00  
 69.2 2.6751e+01  14 1.00000e+00  
 69.3 2.6799e+01  14 1.00000e+00  
 69.4 2.6850e+01  14 1.00000e+00  
 69.5 2.6903e+01  14 1.00000e+00  
 69.6 2.6930e+01  14 1.00000e+00  
 69.7 2.6973e+01  14 1.00000e+00  
 69.8 2.7025e+01  14 1.00000e+00  
 69.9 2.7080e+01  14 1.00000e+00  
 70.0 2.7104e+01  14 1.00000e+00  
 70.1 2.7158e+01  14 1.00000e+00  
 70.2 2.7209e+01  14 1.00000e+00  
 70.3 2.7264e+01  14 1.00000e+00  
 70.4 2.7324e+01  14 1.00000e+00  
 70.5 2.7343e+01  14 1.00000e+00  
 70.6 2.7398e+01  14 1.00000e+00  
 70.7 2.7454e+01  14 1.00000e+00  
 70.8 2.7513e+01  14 1.00000e+00  
 70.9 2.7529e+01  14 1.00000e+00  
 71.0 2.7585e+01  14 1.00000e+00  
 71.1 2.7643e+01  14 1.00000e+00  
 71.2 2.7701e+01  14 1.00000e+00  
 71.3 2.7763e+01  14 1.00000e+00  
 71.4 2.7774e+01  14 1.00000e+00  
 71.5 2.7832e+01  14 1.00000e+00  
 71.6 2.7890e+01  14 1.00000e+00  
 71.7 2.7951e+01  14 1.00000e+00  
 71.8 2.7910e+01  14 1.00000e+00  
 71.9 2.7953e+01  14 1.00000e+00  
 72.0 2.8079e+01  14 1.00000e+00  
 72.1 2.8045e+01  14 1.00000e+00  
 72.2 2.8093e+01  14 1.00000e+00  
 72.3 2.8138e+01  14 1.00000e+00  
 72.4 2.8177e+01  14 1.00000e+00  
 72.5 2.8230e+01  14 1.00000e+00  
 72.6 2.8278e+01  14 1.00000e+00  
 72.7 2.8322e+01  14 1.00000e+00  
 72.8 2.8361e+01  14 1.00000e+00  
 72.9 2.8369e+01  14 1.00000e+00  
 73.0 2.8395e+01  14 1.00000e+00  
 73.1 2.8506e+01  14 1.00000e+00  
 73.2 2.8544e+01  14 1.00000e+00  
 73.3 2.8558e+01  14 1.00000e+00  
 73.4 2.8587e+01  14 1.00000e+00  
 73.5 2.8615e+01  14 1.00000e+00  
 73.6 2.8660e+01  14 1.00000e+00  
 73.7 2.8744e+01  14 1.00000e+00  
 73.8 2.8776e+01  14 1.00000e+00  
 73.9 2.8800e+01  14 1.00000e+00  
 74.0 2.8844e+01  14 1.00000e+00  
 74.1 2.8889e+01  14 1.00000e+00  
 74.2 2.8951e+01  14 1.00000e+00  
 74.3 2.8994e+01  14 1.00000e+00  
 74.4 2.9028e+01  14 1.00000e+00  
 74.5 2.9073e+01  14 1.00000e+00  
 74.6 2.9123e+01  14 1.00000e+00  
 74.7 2.9191e+01  14 1.00000e+00  
 74.8 2.9260e+01  14 1.00000e+00  
 74.9 2.9330e+01  14 1.00000e+00  
 75.0 2.9303e+01  14 1.00000e+00  
 75.1 2.9358e+01  14 1.00000e+00  
 75.2 2.9426e+01  14 1.00000e+00  
 75.3 2.9496e+01  14 1.00000e+00  
 75.4 2.9556e+01  14 1.00000e+00  
 75.5 2.9623e+01  14 1.00000e+00  
 75.6 2.9691e+01  14 1.00000e+00  
 75.7 2.9651e+01  14 1.00000e+00  
 75.8 2.9719e+01  14 1.00000e+00  
 75.9 2.9786e+01  14 1.00000e+00  
 76.0 2.9853e+01  14 1.00000e+00  
 76.1 2.9921e+01  14 1.00000e+00  
 76.2 2.9987e+01  14 1.00000e+00  
 76.3 3.0056e+01  14 1.00000e+00  
 76.4 3.0012e+01  14 1.00000e+00  
 76.5 3.0079e+01  14 1.00000e+00  
 76.6 3.0146e+01  14 1.00000e+00  
 76.7 3.0211e+01  14 1.00000e+00  
 76.8 3.0279e+01  14 1.00000e+00  
 76.9 3.0345e+01  14 1.00000e+00  
 77.0 3.0318e+01  14 1.00000e+00  
 77.1 3.0366e+01  14 1.00000e+00  
 77.2 3.0433e+01  14 1.00000e+00  
 77.3 3.0499e+01  14 1.00000e+00  
 77.4 3.0564e+01  14 1.00000e+00  
 77.5 3.0630e+01  14 1.00000e+00  
 77.6 3.0599e+01  14 1.00000e+00  
 77.7 3.0648e+01  14 1.00000e+00  
 77.8 3.0687e+01  14 1.00000e+00  
 77.9 3.0703e+01  14 1.00000e+00  
 78.0 3.0844e+01  14 1.00000e+00  
 78.1 3.0912e+01  14 1.00000e+00  
 78.2 3.0879e+01  14 1.00000e+00  
 78.3 3.0930e+01  14 1.00000e+00  
 78.4 3.0972e+01  14 1.00000e+00  
 78.5 3.0988e+01  14 1.00000e+00  
 78.6 3.1019e+01  14 1.00000e+00  
 78.7 3.1041e+01  14 1.00000e+00  
 78.8 3.1064e+01  14 1.00000e+00  
 78.9 3.1212e+01  14 1.00000e+00  
 79.0 3.1258e+01  14 1.00000e+00  
 79.1 3.1298e+01  14 1.00000e+00  
 79.2 3.1314e+01  14 1.00000e+00  
 79.3 3.1343e+01  14 1.00000e+00  
 79.4 3.1358e+01  14 1.00000e+00  
 79.5 3.1391e+01  14 1.00000e+00  
 79.6 3.1442e+01  14 1.00000e+00  
 79.7 3.1513e+01  14 1.00000e+00  
 79.8 3.1582e+01  14 1.00000e+00  
 79.9 3.1645e+01  14 1.00000e+00  
 80.0 3.1676e+01  14 1.00000e+00  
 80.1 3.1695e+01  14 1.00000e+00  
 80.2 3.1719e+01  14 1.00000e+00  
 80.3 3.1766e+01  14 1.00000e+00  
 80.4 3.1837e+01  14 1.00000e+00  
 80.5 3.1909e+01  14 1.00000e+00  
 80.6 3.1976e+01  14 1.00000e+00  
 80.7 3.2046e+01  14 1.00000e+00  
 80.8 3.2044e+01  14 1.00000e+00  
 80.9 3.2071e+01  14 1.00000e+00  
 81.0 3.2093e+01  14 1.00000e+00  
 81.1 3.2142e+01  14 1.00000e+00  
 81.2 3.2212e+01  14 1.00000e+00  
 81.3 3.2284e+01  14 1.00000e+00  
 81.4 3.2354e+01  14 1.00000e+00  
 81.5 3.2422e+01  14 1.00000e+00  
 81.6 3.2491e+01  14 1.00000e+00  
 81.7 3.2555e+01  14 1.00000e+00  
 81.8 3.2623e+01  14 1.00000e+00  
 81.9 3.2518e+01  14 1.00000e+00  
 82.0 3.2586e+01  14 1.00000e+00  
 82.1 3.2656e+01  14 1.00000e+00  
 82.2 3.2724e+01  14 1.00000e+00  
 82.3 3.2791e+01  14 1.00000e+00  
 82.4 3.2860e+01  14 1.00000e+00  
 82.5 3.2929e+01  14 1.00000e+00  
 82.6 3.2996e+01  14 1.00000e+00  
 82.7 3.3062e+01  14 1.00000e+00  
 82.8 3.3044e+01  14 1.00000e+00  
 82.9 3.3103e+01  14 1.00000e+00  
 83.0 3.3088e+01  14 1.00000e+00  
 83.1 3.3155e+01  14 1.00000e+00  
 83.2 3.3222e+01  14 1.00000e+00  
 83.3 3.3288e+01  14 1.00000e+00  
 83.4 3.3354e+01  14 1.00000e+00  
 83.5 3.3421e+01  14 1.00000e+00  
 83.6 3.3489e+01  14 1.00000e+00  
 83.7 3.3555e+01  14 1.00000e+00  
 83.8 3.3530e+01  14 1.00000e+00  
 83.9 3.3583e+01  14 1.00000e+00  
 84.0 3.3630e+01  14 1.00000e+00  
 84.1 3.3673e+01  14 1.00000e+00  
 84.2 3.3709e+01  14 1.00000e+00  
 84.3 3.3773e+01  14 1.00000e+00  
 84.4 3.3839e+01  14 1.00000e+00  
 84.5 3.3902e+01  14 1.00000e+00  
 84.6 3.3970e+01  14 1.00000e+00  
 84.7 3.3953e+01  14 1.00000e+00  
 84.8 3.4010e+01  14 1.00000e+00  
 84.9 3.4062e+01  14 1.00000e+00  
 85.0 3.4110e+01  14 1.00000e+00  
 85.1 3.4154e+01  14 1.00000e+00  
 85.2 3.4174e+01  14 1.00000e+00  
 85.3 3.4211e+01  14 1.00000e+00  
 85.4 3.4252e+01  14 1.00000e+00  
 85.5 3.4376e+01  14 1.00000e+00  
 85.6 3.4436e+01  14 1.00000e+00  
 85.7 3.4497e+01  14 1.00000e+00  
 85.8 3.4486e+01  14 1.00000e+00  
 85.9 3.4538e+01  14 1.00000e+00  
 86.0 3.4591e+01  14 1.00000e+00  
 86.1 3.4639e+01  14 1.00000e+00  
 86.2 3.4681e+01  14 1.00000e+00  
 86.3 3.4704e+01  14 1.00000e+00  
 86.4 3.4740e+01  14 1.00000e+00  
 86.5 3.4774e+01  14 1.00000e+00  
 86.6 3.4797e+01  14 1.00000e+00  
 86.7 3.4809e+01  14 1.00000e+00  
 86.8 3.4972e+01  14 1.00000e+00  
 86.9 3.5011e+01  14 1.00000e+00  
 87.0 3.5060e+01  14 1.00000e+00  
 87.1 3.5112e+01  14 1.00000e+00  
 87.2 3.5161e+01  14 1.00000e+00  
 87.3 3.5208e+01  14 1.00000e+00  
 87.4 3.5252e+01  14 1.00000e+00  
 87.5 3.5280e+01  14 1.00000e+00  
 87.6 3.5325e+01  14 1.00000e+00  
 87.7 3.5357e+01  14 1.00000e+00  
 87.8 3.5383e+01  14 1.00000e+00  
 87.9 3.5401e+01  14 1.00000e+00  
 88.0 3.5421e+01  14 1.00000e+00  
 88.1 3.5488e+01  14 1.00000e+00  
 88.2 3.5558e+01  14 1.00000e+00  
 88.3 3.5681e+01  14 1.00000e+00  
 88.4 3.5732e+01  14 1.00000e+00  
 88.5 3.5781e+01  14 1.00000e+00  
 88.6 3.5827e+01  14 1.00000e+00  
 88.7 3.5871e+01  14 1.00000e+00  
 88.8 3.5901e+01  14 1.00000e+00  
 88.9 3.5940e+01  14 1.00000e+00  
 89.0 3.5977e+01  14 1.00000e+00  
 89.1 3.6009e+01  14 1.00000e+00  
 89.2 3.6042e+01  14 1.00000e+00  
 89.3 3.6049e+01  14 1.00000e+00  
 89.4 3.6110e+01  14 1.00000e+00  
 89.5 3.6177e+01  14 1.00000e+00  
 89.6 3.6240e+01  14 1.00000e+00  
 89.7 3.6302e+01  14 1.00000e+00  
 89.8 3.6346e+01  14 1.00000e+00  
 89.9 3.6448e+01  14 1.00000e+00  
 90.0 3.6497e+01  14 1.00000e+00  
 90.1 3.6543e+01  14 1.00000e+00  
 90.2 3.6585e+01  14 1.00000e+00  
 90.3 3.6627e+01  14 1.00000e+00  
 90.4 3.6729e+01  14 1.00000e+00  
 90.5 3.6756e+01  14 1.00000e+00  
 90.6 3.6785e+01  14 1.00000e+00  
 90.7 3.6816e+01  14 1.00000e+00  
 90.8 3.6919e+01  14 1.00000e+00  
 90.9 3.6957e+01  14 1.00000e+00  
 91.0 3.7060e+01  14 1.00000e+00  
 91.1 3.7163e+01  14 1.00000e+00  
 91.2 3.7266e+01  14 1.00000e+00  
 91.3 3.7369e+01  14 1.00000e+00  
 91.4 3.7472e+01  14 1.00000e+00  
 91.5 3.7575e+01  14 1.00000e+00  
 91.6 3.7678e+01  14 1.00000e+00  
 91.7 3.7781e+01  14 1.00000e+00  
 91.8 3.7884e+01  14 1.00000e+00  
 91.9 3.7987e+01  14 1.00000e+00  
 92.0 3.8090e+01  14 1.00000e+00  
 92.1 3.8193e+01  14 1.00000e+00  
 92.2 3.8295e+01  14 1.00000e+00  
 92.3 3.8398e+01  14 1.00000e+00  
 92.4 3.8501e+01  14 1.00000e+00  
 92.5 3.8603e+01  14 1.00000e+00  
 92.6 3.8706e+01  14 1.00000e+00  
 92.7 3.8808e+01  14 1.00000e+00  
 92.8 3.8911e+01  14 1.00000e+00  
 92.9 3.9013e+01  14 1.00000e+00  
 93.0 3.9116e+01  14 1.00000e+00  
 93.1 3.9218e+01  14 1.00000e+00  
 93.2 3.9320e+01  14 1.00000e+00  
 93.3 3.9423e+01  14 1.00000e+00  
 93.4 3.9525e+01  14 1.00000e+00  
 93.5 3.9619e+01  14 1.00000e+00  
 93.6 3.9721e+01  14 1.00000e+00  
 93.7 3.9823e+01  14 1.00000e+00  
 93.8 3.9925e+01  14 1.00000e+00  
 93.9 4.0028e+01  14 1.00000e+00  
 94.0 4.0130e+01  14 1.00000e+00  
 94.1 4.0232e+01  14 1.00000e+00  
 94.2 4.0334e+01  14 1.00000e+00  
 94.3 4.0435e+01  14 1.00000e+00  
 94.4 4.0537e+01  14 1.00000e+00  
 94.5 4.0639e+01  14 1.00000e+00  
 94.6 4.0741e+01  14 1.00000e+00  
 94.7 4.0843e+01  14 1.00000e+00  
 94.8 4.0944e+01  14 1.00000e+00  
 94.9 4.1046e+01  14 1.00000e+00  
 95.0 4.1148e+01  14 1.00000e+00  
 95.1 4.1249e+01  14 1.00000e+00  
 95.2 4.1351e+01  14 1.00000e+00  
 95.3 4.1452e+01  14 1.00000e+00  
 95.4 4.1554e+01  14 1.00000e+00  
 95.5 4.1655e+01  14 1.00000e+00  
 95.6 4.1757e+01  14 1.00000e+00  
 95.7 4.1858e+01  14 1.00000e+00  
 95.8 4.1960e+01  14 1.00000e+00  
 95.9 4.2061e+01  14 1.00000e+00  
 96.0 4.2162e+01  14 1.00000e+00  
 96.1 4.2263e+01  14 1.00000e+00  
 96.2 4.2365e+01  14 1.00000e+00  
 96.3 4.2466e+01  14 1.00000e+00  
 96.4 4.2567e+01  14 1.00000e+00  
 96.5 4.2668e+01  14 1.00000e+00  
 96.6 4.2769e+01  14 1.00000e+00  
 96.7 4.2870e+01  14 1.00000e+00  
 96.8 4.2971e+01  14 1.00000e+00  
 96.9 4.3072e+01  14 1.00000e+00  
 97.0 4.3173e+01  14 1.00000e+00  
 97.1 4.3274e+01  14 1.00000e+00  
 97.2 4.3375e+01  14 1.00000e+00  
 97.3 4.3476e+01  14 1.00000e+00  
 97.4 4.3576e+01  14 1.00000e+00  
 97.5 4.3677e+01  14 1.00000e+00  
 97.6 4.3778e+01  14 1.00000e+00  
 97.7 4.3878e+01  14 1.00000e+00  
 97.8 4.3970e+01  14 1.00000e+00  
 97.9 4.4061e+01  14 1.00000e+00  
 98.0 4.4152e+01  14 1.00000e+00  
 98.1 4.4243e+01  14 1.00000e+00  
 98.2 4.4333e+01  14 1.00000e+00  
 98.3 4.4424e+01  14 1.00000e+00  
 98.4 4.4515e+01  14 1.00000e+00  
 98.5 4.4607e+01  14 1.00000e+00  
 98.6 4.4698e+01  14 1.00000e+00  
 98.7 4.4789e+01  14 1.00000e+00  
 98.8 4.4880e+01  14 1.00000e+00  
 98.9 4.4971e+01  14 1.00000e+00  
 99.0 4.5062e+01  14 1.00000e+00  
 99.1 4.5153e+01  14 1.00000e+00  
 99.2 4.5245e+01  14 1.00000e+00  
 99.3 4.5336e+01  14 1.00000e+00  
 99.4 4.5427e+01  14 1.00000e+00  
 99.5 4.5519e+01  14 1.00000e+00  
 99.6 4.5610e+01  14 1.00000e+00  
 99.7 4.5701e+01  14 1.00000e+00  
 99.8 4.5793e+01  14 1.00000e+00  
 99.9 4.5884e+01  14 1.00000e+00  
100.0 4.5976e+01  14 1.00000e+00  
100.1 4.6067e+01  14 1.00000e+00  
100.2 4.6159e+01  14 1.00000e+00  
100.3 4.6251e+01  14 1.00000e+00  
100.4 4.6342e+01  14 1.00000e+00  
100.5 4.6434e+01  14 1.00000e+00  
100.6 4.6525e+01  14 1.00000e+00  
100.7 4.6617e+01  14 1.00000e+00  
100.8 4.6702e+01  14 1.00000e+00  
100.9 4.6794e+01  14 1.00000e+00  
101.0 4.6886e+01  14 1.00000e+00  
101.1 4.6977e+01  14 1.00000e+00  
101.2 4.7069e+01  14 1.00000e+00  
101.3 4.7161e+01  14 1.00000e+00  
101.4 4.7253e+01  14 1.00000e+00  
101.5 4.7345e+01  14 1.00000e+00  
101.6 4.7437e+01  14 1.00000e+00  
101.7 4.7529e+01  14 1.00000e+00  
101.8 4.7621e+01  14 1.00000e+00  
101.9 4.7713e+01  14 1.00000e+00  
102.0 4.7805e+01  14 1.00000e+00  
102.1 4.7897e+01  14 1.00000e+00  
102.2 4.7989e+01  14 1.00000e+00  
102.3 4.8081e+01  14 1.00000e+00  
102.4 4.8173e+01  14 1.00000e+00  
102.5 4.8265e+01  14 1.00000e+00  
102.6 4.8357e+01  14 1.00000e+00  
102.7 4.8450e+01  14 1.00000e+00  
102.8 4.8542e+01  14 1.00000e+00  
102.9 4.8634e+01  14 1.00000e+00  
103.0 4.8726e+01  14 1.00000e+00  
103.1 4.8819e+01  14 1.00000e+00  
103.2 4.8911e+01  14 1.00000e+00  
103.3 4.9003e+01  14 1.00000e+00  
103.4 4.9095e+01  14 1.00000e+00  
103.5 4.9188e+01  14 1.00000e+00  
103.6 4.9280e+01  14 1.00000e+00  
103.7 4.9373e+01  14 1.00000e+00  
103.8 4.9465e+01  14 1.00000e+00  
103.9 4.9557e+01  14 1.00000e+00  
104.0 4.9650e+01  14 1.00000e+00  
104.1 4.9742e+01  14 1.00000e+00  
104.2 4.9835e+01  14 1.00000e+00  
104.3 4.9927e+01  14 1.00000e+00  
104.4 5.0020e+01  14 1.00000e+00  
104.5 5.0112e+01  14 1.00000e+00  
104.6 5.0205e+01  14 1.00000e+00  
104.7 5.0297e+01  14 1.00000e+00  
104.8 5.0390e+01  14 1.00000e+00  
104.9 5.0482e+01  14 1.00000e+00  
105.0 5.0575e+01  14 1.00000e+00  
105.1 5.0668e+01  14 1.00000e+00  
105.2 5.0760e+01  14 1.00000e+00  
105.3 5.0853e+01  14 1.00000e+00  
105.4 5.0946e+01  14 1.00000e+00  
105.5 5.1038e+01  14 1.00000e+00  
105.6 5.1131e+01  14 1.00000e+00  
105.7 5.1224e+01  14 1.00000e+00  
105.8 5.1316e+01  14 1.00000e+00  
105.9 5.1409e+01  14 1.00000e+00  
106.0 5.1502e+01  14 1.00000e+00  
106.1 5.1595e+01  14 1.00000e+00  
106.2 5.1687e+01  14 1.00000e+00  
106.3 5.1780e+01  14 1.00000e+00  
106.4 5.1873e+01  14 1.00000e+00  
106.5 5.1966e+01  14 1.00000e+00  
106.6 5.2059e+01  14 1.00000e+00  
106.7 5.2151e+01  14 1.00000e+00  
106.8 5.2244e+01  14 1.00000e+00  
106.9 5.2337e+01  14 1.00000e+00  
107.0 5.2430e+01  14 1.00000e+00  
107.1 5.2523e+01  14 1.00000e+00  
107.2 5.2616e+01  14 1.00000e+00  
107.3 5.2709e+01  14 1.00000e+00  
107.4 5.2802e+01  14 1.00000e+00  
107.5 5.2895e+01  14 1.00000e+00  
107.6 5.2988e+01  14 1.00000e+00  
107.7 5.3081e+01  14 1.00000e+00  
107.8 5.3173e+01  14 1.00000e+00  
107.9 5.3266e+01  14 1.00000e+00  
108.0 5.3359e+01  14 1.00000e+00  
108.1 5.3452e+01  14 1.00000e+00  
108.2 5.3545e+01  14 1.00000e+00  
108.3 5.3639e+01  14 1.00000e+00  
108.4 5.3731e+01  14 1.00000e+00  
108.5 5.3825e+01  14 1.00000e+00  
108.6 5.3918e+01  14 1.00000e+00  
108.7 5.4011e+01  14 1.00000e+00  
108.8 5.4104e+01  14 1.00000e+00  
108.9 5.4197e+01  14 1.00000e+00  
109.0 5.4290e+01  14 1.00000e+00  
109.1 5.4383e+01  14 1.00000e+00  
109.2 5.4470e+01  14 1.00000e+00  
109.3 5.4563e+01  14 1.00000e+00  
109.4 5.4656e+01  14 1.00000e+00  
109.5 5.4749e+01  14 1.00000e+00  
109.6 5.4843e+01  14 1.00000e+00  
109.7 5.4936e+01  14 1.00000e+00  
109.8 5.5029e+01  14 1.00000e+00  
109.9 5.5122e+01  14 1.00000e+00  
110.0 5.5215e+01  14 1.00000e+00  
110.1 5.5308e+01  14 1.00000e+00  
110.2 5.5402e+01  14 1.00000e+00  
110.3 5.5495e+01  14 1.00000e+00  
110.4 5.5588e+01  14 1.00000e+00  
110.5 5.5681e+01  14 1.00000e+00  
110.6 5.5774e+01  14 1.00000e+00  
110.7 5.5868e+01  14 1.00000e+00  
110.8 5.5961e+01  14 1.00000e+00  
110.9 5.6054e+01  14 1.00000e+00  
111.0 5.6147e+01  14 1.00000e+00  
111.1 5.6241e+01  14 1.00000e+00  
111.2 5.6334e+01  14 1.00000e+00  
111.3 5.6427e+01  14 1.00000e+00  
111.4 5.6520e+01  14 1.00000e+00  
111.5 5.6614e+01  14 1.00000e+00  
111.6 5.6707e+01  14 1.00000e+00  
111.7 5.6800e+01  14 1.00000e+00  
111.8 5.6893e+01  14 1.00000e+00  
111.9 5.6987e+01  14 1.00000e+00  
112.0 5.7080e+01  14 1.00000e+00  
112.1 5.7173e+01  14 1.00000e+00  
112.2 5.7267e+01  14 1.00000e+00  
112.3 5.7360e+01  14 1.00000e+00  
112.4 5.7453e+01  14 1.00000e+00  
112.5 5.7546e+01  14 1.00000e+00  
112.6 5.7640e+01  14 1.00000e+00  
112.7 5.7733e+01  14 1.00000e+00  
112.8 5.7827e+01  14 1.00000e+00  
112.9 5.7920e+01  14 1.00000e+00  
113.0 5.8013e+01  14 1.00000e+00  
113.1 5.8106e+01  14 1.00000e+00  
113.2 5.8200e+01  14 1.00000e+00  
113.3 5.8293e+01  14 1.00000e+00  
113.4 5.8387e+01  14 1.00000e+00  
113.5 5.8480e+01  14 1.00000e+00  
113.6 5.8573e+01  14 1.00000e+00  
113.7 5.8667e+01  14 1.00000e+00  
113.8 5.8760e+01  14 1.00000e+00  
113.9 5.8853e+01  14 1.00000e+00  
114.0 5.8947e+01  14 1.00000e+00  
114.1 5.9040e+01  14 1.00000e+00  
114.2 5.9133e+01  14 1.00000e+00  
114.3 5.9227e+01  14 1.00000e+00  
114.4 5.9320e+01  14 1.00000e+00  
114.5 5.9413e+01  14 1.00000e+00  
114.6 5.9507e+01  14 1.00000e+00  
114.7 5.9600e+01  14 1.00000e+00  
114.8 5.9694e+01  14 1.00000e+00  
114.9 5.9787e+01  14 1.00000e+00  
115.0 5.9880e+01  14 1.00000e+00  
115.1 5.9974e+01  14 1.00000e+00  
115.2 6.0067e+01  14 1.00000e+00  
115.3 6.0160e+01  14 1.00000e+00  
115.4 6.0254e+01  14 1.00000e+00  
115.5 6.0347e+01  14 1.00000e+00  
115.6 6.0441e+01  14 1.00000e+00  
115.7 6.0534e+01  14 1.00000e+00  
115.8 6.0627e+01  14 1.00000e+00  
115.9 6.0721e+01  14 1.00000e+00  
116.0 6.0814e+01  14 1.00000e+00  
116.1 6.0908e+01  14 1.00000e+00  
116.2 6.1001e+01  14 1.00000e+00  
116.3 6.1094e+01  14 1.00000e+00  
116.4 6.1188e+01  14 1.00000e+00  
116.5 6.1281e+01  14 1.00000e+00  
116.6 6.1374e+01  14 1.00000e+00  
116.7 6.1468e+01  14 1.00000e+00  
116.8 6.1561e+01  14 1.00000e+00  
116.9 6.1655e+01  14 1.00000e+00  
117.0 6.1748e+01  14 1.00000e+00  
117.1 6.1841e+01  14 1.00000e+00  
117.2 6.1935e+01  14 1.00000e+00  
117.3 6.2028e+01  14 1.00000e+00  
117.4 6.2122e+01  14 1.00000e+00  
117.5 6.2215e+01  14 1.00000e+00  
117.6 6.2308e+01  14 1.00000e+00  
117.7 6.2402e+01  14 1.00000e+00  
117.8 6.2495e+01  14 1.00000e+00  
117.9 6.2589e+01  14 1.00000e+00  
118.0 6.2682e+01  14 1.00000e+00  
118.1 6.2775e+01  14 1.00000e+00  
118.2 6.2869e+01  14 1.00000e+00  
118.3 6.2962e+01  14 1.00000e+00  
118.4 6.3056e+01  14 1.00000e+00  
118.5 6.3149e+01  14 1.00000e+00  
118.6 6.3242e+01  14 1.00000e+00  
118.7 6.3336e+01  14 1.00000e+00  
118.8 6.3424e+01  14 1.00000e+00  
118.9 6.3517e+01  14 1.00000e+00  
119.0 6.3611e+01  14 1.00000e+00  
119.1 6.3704e+01  14 1.00000e+00  
119.2 6.3798e+01  14 1.00000e+00  
119.3 6.3891e+01  14 1.00000e+00  
119.4 6.3984e+01  14 1.00000e+00  
119.5 6.4078e+01  14 1.00000e+00  
119.6 6.4171e+01  14 1.00000e+00  
119.7 6.4265e+01  14 1.00000e+00  
119.8 6.4358e+01  14 1.00000e+00  
119.9 6.4451e+01  14 1.00000e+00  
120.0 6.4545e+01  14 1.00000e+00  
120.1 6.4638e+01  14 1.00000e+00  
120.2 6.4731e+01  14 1.00000e+00  
120.3 6.4825e+01  14 1.00000e+00  
120.4 6.4918e+01  14 1.00000e+00  
120.5 6.5012e+01  14 1.00000e+00  
120.6 6.5105e+01  14 1.00000e+00  
120.7 6.5198e+01  14 1.00000e+00  
120.8 6.5292e+01  14 1.00000e+00  
120.9 6.5385e+01  14 1.00000e+00  
121.0 6.5478e+01  14 1.00000e+00  
121.1 6.5572e+01  14 1.00000e+00  
121.2 6.5665e+01  14 1.00000e+00  
121.3 6.5759e+01  14 1.00000e+00  
121.4 6.5852e+01  14 1.00000e+00  
121.5 6.5945e+01  14 1.00000e+00  
121.6 6.6039e+01  14 1.00000e+00  
121.7 6.6132e+01  14 1.00000e+00  
121.8 6.6225e+01  14 1.00000e+00  
121.9 6.6319e+01  14 1.00000e+00  
122.0 6.6412e+01  14 1.00000e+00  
122.1 6.6505e+01  14 1.00000e+00  
122.2 6.6599e+01  14 1.00000e+00  
122.3 6.6692e+01  14 1.00000e+00  
122.4 6.6785e+01  14 1.00000e+00  
122.5 6.6879e+01  14 1.00000e+00  
122.6 6.6972e+01  14 1.00000e+00  
122.7 6.7065e+01  14 1.00000e+00  
122.8 6.7159e+01  14 1.00000e+00  
122.9 6.7252e+01  14 1.00000e+00  
123.0 6.7345e+01  14 1.00000e+00  
123.1 6.7439e+01  14 1.00000e+00  
123.2 6.7532e+01  14 1.00000e+00  
123.3 6.7625e+01  14 1.00000e+00  
123.4 6.7718e+01  14 1.00000e+00  
123.5 6.7812e+01  14 1.00000e+00  
123.6 6.7905e+01  14 1.00000e+00  
123.7 6.7998e+01  14 1.00000e+00  
123.8 6.8092e+01  14 1.00000e+00  
123.9 6.8185e+01  14 1.00000e+00  
124.0 6.8278e+01  14 1.00000e+00  
124.1 6.8371e+01  14 1.00000e+00  
124.2 6.8465e+01  14 1.00000e+00  
124.3 6.8558e+01  14 1.00000e+00  
124.4 6.8651e+01  14 1.00000e+00  
124.5 6.8745e+01  14 1.00000e+00  
124.6 6.8838e+01  14 1.00000e+00  
124.7 6.8931e+01  14 1.00000e+00  
124.8 6.9024e+01  14 1.00000e+00  
124.9 6.9118e+01  14 1.00000e+00  
125.0 6.9211e+01  14 1.00000e+00  
125.1 6.9304e+01  14 1.00000e+00  
125.2 6.9397e+01  14 1.00000e+00  
125.3 6.9491e+01  14 1.00000e+00  
125.4 6.9584e+01  14 1.00000e+00  
125.5 6.9677e+01  14 1.00000e+00  
125.6 6.9770e+01  14 1.00000e+00  
125.7 6.9863e+01  14 1.00000e+00  
125.8 6.9957e+01  14 1.00000e+00  
125.9 7.0050e+01  14 1.00000e+00  
126.0 7.0143e+01  14 1.00000e+00  
126.1 7.0236e+01  14 1.00000e+00  
126.2 7.0329e+01  14 1.00000e+00  
126.3 7.0423e+01  14 1.00000e+00  
126.4 7.0516e+01  14 1.00000e+00  
126.5 7.0609e+01  14 1.00000e+00  
126.6 7.0702e+01  14 1.00000e+00  
126.7 7.0795e+01  14 1.00000e+00  
126.8 7.0889e+01  14 1.00000e+00  
126.9 7.0982e+01  14 1.00000e+00  
127.0 7.1075e+01  14 1.00000e+00  
127.1 7.1168e+01  14 1.00000e+00  
127.2 7.1261e+01  14 1.00000e+00  
127.3 7.1354e+01  14 1.00000e+00  
127.4 7.1447e+01  14 1.00000e+00  
127.5 7.1541e+01  14 1.00000e+00  
127.6 7.1634e+01  14 1.00000e+00  
127.7 7.1727e+01  14 1.00000e+00  
127.8 7.1820e+01  14 1.00000e+00  
127.9 7.1913e+01  14 1.00000e+00  
128.0 7.2006e+01  14 1.00000e+00  
128.1 7.2099e+01  14 1.00000e+00  
128.2 7.2193e+01  14 1.00000e+00  
128.3 7.2286e+01  14 1.00000e+00  
128.4 7.2379e+01  14 1.00000e+00  
128.5 7.2472e+01  14 1.00000e+00  
128.6 7.2565e+01  14 1.00000e+00  
128.7 7.2658e+01  14 1.00000e+00  
128.8 7.2751e+01  14 1.00000e+00  
128.9 7.2844e+01  14 1.00000e+00  
129.0 7.2937e+01  14 1.00000e+00  
129.1 7.3030e+01  14 1.00000e+00  
129.2 7.3123e+01  14 1.00000e+00  
129.3 7.3216e+01  14 1.00000e+00  
129.4 7.3310e+01  14 1.00000e+00  
129.5 7.3403e+01  14 1.00000e+00  
129.6 7.3496e+01  14 1.00000e+00  
129.7 7.3589e+01  14 1.00000e+00  
129.8 7.3682e+01  14 1.00000e+00  
129.9 7.3775e+01  14 1.00000e+00  
130.0 7.3868e+01  14 1.00000e+00  
130.1 7.3956e+01  14 1.00000e+00  
130.2 7.4049e+01  14 1.00000e+00  
130.3 7.4142e+01  14 1.00000e+00  
130.4 7.4235e+01  14 1.00000e+00  
130.5 7.4328e+01  14 1.00000e+00  
130.6 7.4421e+01  14 1.00000e+00  
130.7 7.4514e+01  14 1.00000e+00  
130.8 7.4607e+01  14 1.00000e+00  
130.9 7.4700e+01  14 1.00000e+00  
131.0 7.4793e+01  14 1.00000e+00  
131.1 7.4886e+01  14 1.00000e+00  
131.2 7.4979e+01  14 1.00000e+00  
131.3 7.5072e+01  14 1.00000e+00  
131.4 7.5165e+01  14 1.00000e+00  
131.5 7.5258e+01  14 1.00000e+00  
131.6 7.5351e+01  14 1.00000e+00  
131.7 7.5444e+01  14 1.00000e+00  
131.8 7.5537e+01  14 1.00000e+00  
131.9 7.5629e+01  14 1.00000e+00  
132.0 7.5722e+01  14 1.00000e+00  
132.1 7.5815e+01  14 1.00000e+00  
132.2 7.5908e+01  14 1.00000e+00  
132.3 7.6001e+01  14 1.00000e+00  
132.4 7.6094e+01  14 1.00000e+00  
132.5 7.6187e+01  14 1.00000e+00  
132.6 7.6280e+01  14 1.00000e+00  
132.7 7.6373e+01  14 1.00000e+00  
132.8 7.6465e+01  14 1.00000e+00  
132.9 7.6558e+01  14 1.00000e+00  
133.0 7.6651e+01  14 1.00000e+00  
133.1 7.6744e+01  14 1.00000e+00  
133.2 7.6837e+01  14 1.00000e+00  
133.3 7.6930e+01  14 1.00000e+00  
133.4 7.7022e+01  14 1.00000e+00  
133.5 7.7115e+01  14 1.00000e+00  
133.6 7.7208e+01  14 1.00000e+00  
133.7 7.7301e+01  14 1.00000e+00  
133.8 7.7394e+01  14 1.00000e+00  
133.9 7.7486e+01  14 1.00000e+00  
134.0 7.7579e+01  14 1.00000e+00  
134.1 7.7672e+01  14 1.00000e+00  
134.2 7.7765e+01  14 1.00000e+00  
134.3 7.7857e+01  14 1.00000e+00  
134.4 7.7950e+01  14 1.00000e+00  
134.5 7.8043e+01  14 1.00000e+00  
134.6 7.8136e+01  14 1.00000e+00  
134.7 7.8228e+01  14 1.00000e+00  
134.8 7.8321e+01  14 1.00000e+00  
134.9 7.8414e+01  14 1.00000e+00  
135.0 7.8507e+01  14 1.00000e+00  
135.1 7.8599e+01  14 1.00000e+00  
135.2 7.8692e+01  14 1.00000e+00  
135.3 7.8785e+01  14 1.00000e+00  
135.4 7.8878e+01  14 1.00000e+00  
135.5 7.8970e+01  14 1.00000e+00  
135.6 7.9063e+01  14 1.00000e+00  
135.7 7.9156e+01  14 1.00000e+00  
135.8 7.9248e+01  14 1.00000e+00  
135.9 7.9341e+01  14 1.00000e+00  
136.0 7.9434e+01  14 1.00000e+00  
136.1 7.9526e+01  14 1.00000e+00  
136.2 7.9619e+01  14 1.00000e+00  
136.3 7.9712e+01  14 1.00000e+00  
136.4 7.9804e+01  14 1.00000e+00  
136.5 7.9897e+01  14 1.00000e+00  
136.6 7.9990e+01  14 1.00000e+00  
136.7 8.0082e+01  14 1.00000e+00  
136.8 8.0175e+01  14 1.00000e+00  
136.9 8.0267e+01  14 1.00000e+00  
137.0 8.0374e+01  14 1.00000e+00  
137.1 8.0467e+01  14 1.00000e+00  
137.2 8.0559e+01  14 1.00000e+00  
137.3 8.0652e+01  14 1.00000e+00  
137.4 8.0744e+01  14 1.00000e+00  
137.5 8.0837e+01  14 1.00000e+00  
137.6 8.0930e+01  14 1.00000e+00  
137.7 8.1022e+01  14 1.00000e+00  
137.8 8.1115e+01  14 1.00000e+00  
137.9 8.1207e+01  14 1.00000e+00  
138.0 8.1300e+01  14 1.00000e+00  
138.1 8.1393e+01  14 1.00000e+00  
138.2 8.1485e+01  14 1.00000e+00  
138.3 8.1578e+01  14 1.00000e+00  
138.4 8.1670e+01  14 1.00000e+00  
138.5 8.1763e+01  14 1.00000e+00  
138.6 8.1855e+01  14 1.00000e+00  
138.7 8.1948e+01  14 1.00000e+00  
138.8 8.2041e+01  14 1.00000e+00  
138.9 8.2133e+01  14 1.00000e+00  
139.0 8.2226e+01  14 1.00000e+00  
139.1 8.2318e+01  14 1.00000e+00  
139.2 8.2411e+01  14 1.00000e+00  
139.3 8.2503e+01  14 1.00000e+00  
139.4 8.2596e+01  14 1.00000e+00  
139.5 8.2688e+01  14 1.00000e+00  
139.6 8.2781e+01  14 1.00000e+00  
139.7 8.2873e+01  14 1.00000e+00  
139.8 8.2966e+01  14 1.00000e+00  
139.9 8.3058e+01  14 1.00000e+00  
140.0 8.3150e+01  14 1.00000e+00  
140.1 8.3243e+01  14 1.00000e+00  
140.2 8.3335e+01  14 1.00000e+00  
140.3 8.3428e+01  14 1.00000e+00  
140.4 8.3520e+01  14 1.00000e+00  
140.5 8.3613e+01  14 1.00000e+00  
140.6 8.3705e+01  14 1.00000e+00  
140.7 8.3798e+01  14 1.00000e+00  
140.8 8.3890e+01  14 1.00000e+00  
140.9 8.3982e+01  14 1.00000e+00  
141.0 8.4075e+01  14 1.00000e+00  
141.1 8.4167e+01  14 1.00000e+00  
141.2 8.4260e+01  14 1.00000e+00  
141.3 8.4352e+01  14 1.00000e+00  
141.4 8.4444e+01  14 1.00000e+00  
141.5 8.4537e+01  14 1.00000e+00  
141.6 8.4629e+01  14 1.00000e+00  
141.7 8.4721e+01  14 1.00000e+00  
141.8 8.4814e+01  14 1.00000e+00  
141.9 8.4906e+01  14 1.00000e+00  
142.0 8.4998e+01  14 1.00000e+00  
142.1 8.5091e+01  14 1.00000e+00  
142.2 8.5183e+01  14 1.00000e+00  
142.3 8.5275e+01  14 1.00000e+00  
142.4 8.5368e+01  14 1.00000e+00  
142.5 8.5460e+01  14 1.00000e+00  
142.6 8.5552e+01  14 1.00000e+00  
142.7 8.5645e+01  14 1.00000e+00  
142.8 8.5737e+01  14 1.00000e+00  
142.9 8.5829e+01  14 1.00000e+00  
143.0 8.5921e+01  14 1.00000e+00  
143.1 8.6014e+01  14 1.00000e+00  
143.2 8.6106e+01  14 1.00000e+00  
143.3 8.6198e+01  14 1.00000e+00  
143.4 8.6290e+01  14 1.00000e+00  
143.5 8.6383e+01  14 1.00000e+00  
143.6 8.6475e+01  14 1.00000e+00  
143.7 8.6567e+01  14 1.00000e+00  
143.8 8.6659e+01  14 1.00000e+00  
143.9 8.6751e+01  14 1.00000e+00  
144.0 8.6844e+01  14 1.00000e+00  
144.1 8.6936e+01  14 1.00000e+00  
144.2 8.7028e+01  14 1.00000e+00  
144.3 8.7120e+01  14 1.00000e+00  
144.4 8.7212e+01  14 1.00000e+00  
144.5 8.7301e+01  14 1.00000e+00  
144.6 8.7393e+01  14 1.00000e+00  
144.7 8.7485e+01  14 1.00000e+00  
144.8 8.7578e+01  14 1.00000e+00  
144.9 8.7670e+01  14 1.00000e+00  
145.0 8.7762e+01  14 1.00000e+00  
145.1 8.7854e+01  14 1.00000e+00  
145.2 8.7946e+01  14 1.00000e+00  
145.3 8.8038e+01  14 1.00000e+00  
145.4 8.8130e+01  14 1.00000e+00  
145.5 8.8222e+01  14 1.00000e+00  
145.6 8.8315e+01  14 1.00000e+00  
145.7 8.8407e+01  14 1.00000e+00  
145.8 8.8499e+01  14 1.00000e+00  
145.9 8.8591e+01  14 1.00000e+00  
146.0 8.8683e+01  14 1.00000e+00  
146.1 8.8775e+01  14 1.00000e+00  
146.2 8.8867e+01  14 1.00000e+00  
146.3 8.8959e+01  14 1.00000e+00  
146.4 8.9051e+01  14 1.00000e+00  
146.5 8.9143e+01  14 1.00000e+00  
146.6 8.9235e+01  14 1.00000e+00  
146.7 8.9327e+01  14 1.00000e+00  
146.8 8.9419e+01  14 1.00000e+00  
146.9 8.9511e+01  14 1.00000e+00  
147.0 8.9603e+01  14 1.00000e+00  
147.1 8.9695e+01  14 1.00000e+00  
147.2 8.9787e+01  14 1.00000e+00  
147.3 8.9879e+01  14 1.00000e+00  
147.4 8.9970e+01  14 1.00000e+00  
147.5 9.0062e+01  14 1.00000e+00  
147.6 9.0154e+01  14 1.00000e+00  
147.7 9.0246e+01  14 1.00000e+00  
147.8 9.0338e+01  14 1.00000e+00  
147.9 9.0412e+01  14 1.00000e+00  
148.0 9.0504e+01  14 1.00000e+00  
148.1 9.0596e+01  14 1.00000e+00  
148.2 9.0687e+01  14 1.00000e+00  
148.3 9.0779e+01  14 1.00000e+00  
148.4 9.0871e+01  14 1.00000e+00  
148.5 9.0963e+01  14 1.00000e+00  
148.6 9.1055e+01  14 1.00000e+00  
148.7 9.1147e+01  14 1.00000e+00  
148.8 9.1238e+01  14 1.00000e+00  
148.9 9.1330e+01  14 1.00000e+00  
149.0 9.1422e+01  14 1.00000e+00  
149.1 9.1514e+01  14 1.00000e+00  
149.2 9.1606e+01  14 1.00000e+00  
149.3 9.1697e+01  14 1.00000e+00  
149.4 9.1789e+01  14 1.00000e+00  
149.5 9.1881e+01  14 1.00000e+00  
149.6 9.1973e+01  14 1.00000e+00  
149.7 9.2064e+01  14 1.00000e+00  
149.8 9.2156e+01  14 1.00000e+00  
149.9 9.2248e+01  14 1.00000e+00  
150.0 9.2340e+01  14 1.00000e+00  
