 15.1 1.4353e+00  13 4.45312e-02  
 15.2 1.4430e+00  13 4.47290e-02  
 15.3 1.4506e+00  13 4.50242e-02  
 15.4 1.4582e+00  13 4.54041e-02  
 15.5 1.4659e+00  13 4.57801e-02  
 15.6 1.4735e+00  13 4.61754e-02  
 15.7 1.4811e+00  13 4.65594e-02  
 15.8 1.4888e+00  13 4.69469e-02  
 15.9 1.4964e+00  13 4.73312e-02  
 16.0 1.5040e+00  13 4.77117e-02  
 16.1 1.5116e+00  13 4.81350e-02  
 16.2 1.5193e+00  13 4.85103e-02  
 16.3 1.5269e+00  13 4.88826e-02  
 16.4 1.5345e+00  13 4.92520e-02  
 16.5 1.5422e+00  13 4.96182e-02  
 16.6 1.5498e+00  13 4.99810e-02  
 16.7 1.5574e+00  13 5.03416e-02  
 16.8 1.5650e+00  13 5.06993e-02  
 16.9 1.5727e+00  13 5.10544e-02  
 17.0 1.5803e+00  13 5.14068e-02  
 17.1 1.5879e+00  13 5.17497e-02  
 17.2 1.5955e+00  13 5.20924e-02  
 17.3 1.6032e+00  13 5.24369e-02  
 17.4 1.6108e+00  13 5.27790e-02  
 17.5 1.6184e+00  13 5.31184e-02  
 17.6 1.6260e+00  13 5.34554e-02  
 17.7 1.6336e+00  13 5.38497e-02  
 17.8 1.6413e+00  13 5.41833e-02  
 17.9 1.6489e+00  13 5.45146e-02  
 18.0 1.6565e+00  13 5.48444e-02  
 18.1 1.6641e+00  13 5.51726e-02  
 18.2 1.6717e+00  13 5.54982e-02  
 18.3 1.6793e+00  13 5.58188e-02  
 18.4 1.6869e+00  13 5.61298e-02  
 18.5 1.6945e+00  13 5.64493e-02  
 18.6 1.7021e+00  13 5.67667e-02  
 18.7 1.7097e+00  13 5.70824e-02  
 18.8 1.7174e+00  13 5.74654e-02  
 18.9 1.7250e+00  13 5.77793e-02  
 19.0 1.7341e+00  13 5.82205e-02  
 19.1 1.7464e+00  13 5.89103e-02  
 19.2 1.7587e+00  13 5.96040e-02  
 19.3 1.7711e+00  13 6.03024e-02  
 19.4 1.7836e+00  13 6.10029e-02  
 19.5 1.7962e+00  13 6.16958e-02  
 19.6 1.8089e+00  13 6.24062e-02  
 19.7 1.8216e+00  13 6.31218e-02  
 19.8 1.8345e+00  13 6.38419e-02  
 19.9 1.8475e+00  13 6.46459e-02  
 20.0 1.8605e+00  13 6.53762e-02  
 20.1 1.8737e+00  13 6.61126e-02  
 20.2 1.8869e+00  13 6.68534e-02  
 20.3 1.9003e+00  13 6.75994e-02  
 20.4 1.9137e+00  13 6.83513e-02  
 20.5 1.6608e+01  14 1.00000e+00  
 20.6 1.6664e+01  14 1.00000e+00  
 20.7 1.6719e+01  14 1.00000e+00  
 20.8 1.6753e+01  14 1.00000e+00  
 20.9 1.6808e+01  14 1.00000e+00  
 21.0 1.6861e+01  14 1.00000e+00  
 21.1 1.6915e+01  14 1.00000e+00  
 21.2 1.6968e+01  14 1.00000e+00  
 21.3 1.7020e+01  14 1.00000e+00  
 21.4 1.7076e+01  14 1.00000e+00  
 21.5 1.7129e+01  14 1.00000e+00  
 21.6 1.7180e+01  14 1.00000e+00  
 21.7 1.7208e+01  14 1.00000e+00  
 21.8 1.7258e+01  14 1.00000e+00  
 21.9 1.7308e+01  14 1.00000e+00  
 22.0 1.7357e+01  14 1.00000e+00  
 22.1 1.7405e+01  14 1.00000e+00  
 22.2 1.7453e+01  14 1.00000e+00  
 22.3 1.7507e+01  14 1.00000e+00  
 22.4 1.7554e+01  14 1.00000e+00  
 22.5 1.7577e+01  14 1.00000e+00  
 22.6 1.7623e+01  14 1.00000e+00  
 22.7 1.7669e+01  14 1.00000e+00  
 22.8 1.7714e+01  14 1.00000e+00  
 22.9 1.7758e+01  14 1.00000e+00  
 23.0 1.7802e+01  14 1.00000e+00  
 23.1 1.7846e+01  14 1.00000e+00  
 23.2 1.7895e+01  14 1.00000e+00  
 23.3 1.7938e+01  14 1.00000e+00  
 23.4 1.7954e+01  14 1.00000e+00  
 23.5 5.5118e+00  14 2.69764e-01  
 23.6 5.6091e+00  14 2.74795e-01  
 23.7 5.7072e+00  14 2.79863e-01  
 23.8 5.8061e+00  14 2.84965e-01  
 23.9 5.9059e+00  14 2.90100e-01  
 24.0 6.0068e+00  14 2.95162e-01  
 24.1 6.1082e+00  14 3.00358e-01  
 24.2 6.2089e+00  14 3.05991e-01  
 24.3 6.3118e+00  14 3.11251e-01  
 24.4 6.4153e+00  14 3.16545e-01  
 24.5 6.5197e+00  14 3.21870e-01  
 24.6 6.6248e+00  14 3.27228e-01  
 24.7 6.7307e+00  14 3.32619e-01  
 24.8 6.8378e+00  14 3.37972e-01  
 24.9 6.9421e+00  14 3.43782e-01  
 25.0 7.0499e+00  14 3.49257e-01  
 25.1 7.1585e+00  14 3.54762e-01  
 25.2 7.2677e+00  14 3.60303e-01  
 25.3 7.3776e+00  14 3.65873e-01  
 25.4 7.4882e+00  14 3.71476e-01  
 25.5 7.5994e+00  14 3.77107e-01  
 25.6 7.7122e+00  14 3.82700e-01  
 25.7 7.8202e+00  14 3.88783e-01  
 25.8 7.9331e+00  14 3.94495e-01  
 25.9 8.0468e+00  14 4.00236e-01  
 26.0 8.1609e+00  14 4.06007e-01  
 26.1 8.2757e+00  14 4.11811e-01  
 26.2 8.3910e+00  14 4.17643e-01  
 26.3 8.5067e+00  14 4.23508e-01  
 26.4 8.6253e+00  14 4.29296e-01  
 26.5 8.7335e+00  14 4.35604e-01  
 26.6 8.8507e+00  14 4.41540e-01  
 26.7 8.9685e+00  14 4.47505e-01  
 26.8 9.0866e+00  14 4.53502e-01  
 26.9 9.2053e+00  14 4.59525e-01  
 27.0 9.3244e+00  14 4.65576e-01  
 27.1 9.4439e+00  14 4.71653e-01  
 27.2 9.5549e+00  14 4.78052e-01  
 27.3 9.6751e+00  14 4.84177e-01  
 27.4 9.7957e+00  14 4.90327e-01  
 27.5 9.9166e+00  14 4.96506e-01  
 27.6 1.0038e+01  14 5.02714e-01  
 27.7 1.0159e+01  14 5.08946e-01  
 27.8 1.0281e+01  14 5.15206e-01  
 27.9 1.0388e+01  14 5.21865e-01  
 28.0 1.0515e+01  14 5.28076e-01  
 28.1 1.0637e+01  14 5.34407e-01  
 28.2 1.0760e+01  14 5.40764e-01  
 28.3 1.0883e+01  14 5.47146e-01  
 28.4 1.1006e+01  14 5.53553e-01  
 28.5 1.1130e+01  14 5.59987e-01  
 28.6 1.1234e+01  14 5.66801e-01  
 28.7 1.1361e+01  14 5.73225e-01  
 28.8 1.1486e+01  14 5.79686e-01  
 28.9 1.1610e+01  14 5.86211e-01  
 29.0 1.1734e+01  14 5.92760e-01  
 29.1 1.1858e+01  14 5.99333e-01  
 29.2 1.1982e+01  14 6.05929e-01  
 29.3 1.2084e+01  14 6.12887e-01  
 29.4 1.2207e+01  14 6.19529e-01  
 29.5 1.2337e+01  14 6.26104e-01  
 29.6 1.2461e+01  14 6.32789e-01  
 29.7 1.2585e+01  14 6.39496e-01  
 29.8 1.2708e+01  14 6.46226e-01  
 29.9 1.2806e+01  14 6.53294e-01  
 30.0 1.2929e+01  14 6.60065e-01  
 30.1 1.3051e+01  14 6.66858e-01  
 30.2 1.3174e+01  14 6.73669e-01  
 30.3 1.3304e+01  14 6.80424e-01  
 30.4 1.3427e+01  14 6.87279e-01  
 30.5 1.3519e+01  14 6.94448e-01  
 30.6 1.3641e+01  14 7.01342e-01  
 30.7 1.3762e+01  14 7.08257e-01  
 30.8 1.3883e+01  14 7.15192e-01  
 30.9 1.4003e+01  14 7.22147e-01  
 31.0 1.4089e+01  14 7.29394e-01  
 31.1 1.4218e+01  14 7.36310e-01  
 31.2 1.4337e+01  14 7.43319e-01  
 31.3 1.4456e+01  14 7.50346e-01  
 31.4 1.4575e+01  14 7.57393e-01  
 31.5 1.4655e+01  14 7.64705e-01  
 31.6 1.4771e+01  14 7.71784e-01  
 31.7 1.4887e+01  14 7.78881e-01  
 31.8 1.5002e+01  14 7.86001e-01  
 31.9 1.5088e+01  14 7.93292e-01  
 32.0 1.5202e+01  14 8.00437e-01  
 32.1 1.5315e+01  14 8.07598e-01  
 32.2 1.5385e+01  14 8.14984e-01  
 32.3 1.5496e+01  14 8.22173e-01  
 32.4 1.5606e+01  14 8.29378e-01  
 32.5 1.5670e+01  14 8.36787e-01  
 32.6 1.5732e+01  14 8.44198e-01  
 32.7 1.5669e+01  14 8.52029e-01  
 32.8 1.5770e+01  14 8.59256e-01  
 32.9 1.5871e+01  14 8.66495e-01  
 33.0 1.5971e+01  14 8.73747e-01  
 33.1 1.6069e+01  14 8.81013e-01  
 33.2 1.6167e+01  14 8.88290e-01  
 33.3 1.6264e+01  14 8.95579e-01  
 33.4 1.6359e+01  14 9.02879e-01  
 33.5 1.6464e+01  14 9.10216e-01  
 33.6 1.6564e+01  14 9.17527e-01  
 33.7 1.6656e+01  14 9.24860e-01  
 33.8 1.6748e+01  14 9.32203e-01  
 33.9 1.6838e+01  14 9.39555e-01  
 34.0 1.6927e+01  14 9.46915e-01  
 34.1 1.7015e+01  14 9.54284e-01  
 34.2 1.7102e+01  14 9.61660e-01  
 34.3 1.7195e+01  14 9.69037e-01  
 34.4 1.7289e+01  14 9.76424e-01  
 34.5 1.7373e+01  14 9.83822e-01  
 34.6 1.7455e+01  14 9.91227e-01  
 34.7 1.7535e+01  14 9.98638e-01  
 34.8 1.7513e+01  14 1.00000e+00  
 34.9 1.7468e+01  14 1.00000e+00  
 35.0 1.7422e+01  14 1.00000e+00  
 35.1 1.7376e+01  14 1.00000e+00  
 35.2 1.7345e+01  14 1.00000e+00  
 35.3 1.7297e+01  14 1.00000e+00  
 35.4 1.7247e+01  14 1.00000e+00  
 35.5 1.7197e+01  14 1.00000e+00  
 35.6 1.7049e+01  14 1.00000e+00  
 35.7 1.6998e+01  14 1.00000e+00  
 35.8 1.6945e+01  14 1.00000e+00  
 35.9 1.6892e+01  14 1.00000e+00  
 36.0 1.6857e+01  14 1.00000e+00  
 36.1 1.6697e+01  14 1.00000e+00  
 36.2 1.6642e+01  14 1.00000e+00  
 36.3 1.6586e+01  14 1.00000e+00  
 36.4 1.6530e+01  14 1.00000e+00  
 36.5 1.6472e+01  14 1.00000e+00  
 36.6 1.6306e+01  14 1.00000e+00  
 36.7 1.6248e+01  14 1.00000e+00  
 36.8 1.6194e+01  14 1.00000e+00  
 36.9 1.6147e+01  14 1.00000e+00  
 37.0 1.6087e+01  14 1.00000e+00  
 37.1 1.5348e+01  14 1.00000e+00  
 37.2 1.3829e+01  14 1.00000e+00  
 37.3 1.3802e+01  14 1.00000e+00  
 37.4 1.3797e+01  14 1.00000e+00  
 37.5 1.3804e+01  14 1.00000e+00  
 37.6 1.3692e+01  14 1.00000e+00  
 37.7 1.3720e+01  14 1.00000e+00  
 37.8 1.3662e+01  14 1.00000e+00  
 37.9 1.3598e+01  14 1.00000e+00  
 38.0 1.3569e+01  14 1.00000e+00  
 38.1 1.3574e+01  14 1.00000e+00  
 38.2 1.3486e+01  14 1.00000e+00  
 38.3 1.3438e+01  14 1.00000e+00  
 38.4 1.3445e+01  14 1.00000e+00  
 38.5 1.3410e+01  14 1.00000e+00  
 38.6 1.3355e+01  14 1.00000e+00  
 38.7 1.3367e+01  14 1.00000e+00  
 38.8 1.3333e+01  14 1.00000e+00  
 38.9 1.3231e+01  14 1.00000e+00  
 39.0 1.3244e+01  14 1.00000e+00  
 39.1 1.3250e+01  14 1.00000e+00  
 39.2 1.3174e+01  14 9.99259e-01  
 39.3 1.3028e+01  14 9.91865e-01  
 39.4 1.3011e+01  14 9.90999e-01  
 39.5 1.3016e+01  14 9.91272e-01  
 39.6 1.2834e+01  14 9.81989e-01  
 39.7 1.2799e+01  14 9.80227e-01  
 39.8 1.2634e+01  14 9.71765e-01  
 39.9 1.2515e+01  14 9.65647e-01  
 40.0 1.2420e+01  14 9.60773e-01  
 40.1 1.2427e+01  14 9.61130e-01  
 40.2 1.2281e+01  14 9.53576e-01  
 40.3 1.2093e+01  14 9.43815e-01  
 40.4 1.1961e+01  14 9.36961e-01  
 40.5 1.1946e+01  14 9.36166e-01  
 40.6 1.2045e+01  14 9.41342e-01  
 40.7 1.2188e+01  14 9.48759e-01  
 40.8 1.2239e+01  14 9.51384e-01  
 40.9 1.2286e+01  14 9.53853e-01  
 41.0 1.2330e+01  14 9.56102e-01  
 41.1 1.2505e+01  14 9.65110e-01  
 41.2 1.2637e+01  14 9.71915e-01  
 41.3 1.2806e+01  14 9.80545e-01  
 41.4 1.2870e+01  14 9.83850e-01  
 41.5 1.2948e+01  14 9.87792e-01  
 41.6 1.3024e+01  14 9.91670e-01  
 41.7 1.3098e+01  14 9.95423e-01  
 41.8 1.3170e+01  14 9.99069e-01  
 41.9 1.3212e+01  14 1.00000e+00  
 42.0 1.3279e+01  14 1.00000e+00  
 42.1 1.3332e+01  14 1.00000e+00  
 42.2 1.3379e+01  14 1.00000e+00  
 42.3 1.3421e+01  14 1.00000e+00  
 42.4 1.3488e+01  14 1.00000e+00  
 42.5 1.3523e+01  14 1.00000e+00  
 42.6 1.3552e+01  14 1.00000e+00  
 42.7 1.3582e+01  14 1.00000e+00  
 42.8 1.3612e+01  14 1.00000e+00  
 42.9 1.3630e+01  14 1.00000e+00  
 43.0 1.3658e+01  14 1.00000e+00  
 43.1 1.3719e+01  14 1.00000e+00  
 43.2 1.3776e+01  14 1.00000e+00  
 43.3 1.3826e+01  14 1.00000e+00  
 43.4 1.3870e+01  14 1.00000e+00  
 43.5 1.3910e+01  14 1.00000e+00  
 43.6 1.3975e+01  14 1.00000e+00  
 43.7 1.4009e+01  14 1.00000e+00  
 43.8 1.4042e+01  14 1.00000e+00  
 43.9 1.4075e+01  14 1.00000e+00  
 44.0 1.4106e+01  14 1.00000e+00  
 44.1 1.4147e+01  14 1.00000e+00  
 44.2 1.4179e+01  14 1.00000e+00  
 44.3 1.4209e+01  14 1.00000e+00  
 44.4 1.4255e+01  14 1.00000e+00  
 44.5 1.4285e+01  14 1.00000e+00  
 44.6 1.4313e+01  14 1.00000e+00  
 44.7 1.4364e+01  14 1.00000e+00  
 44.8 1.4393e+01  14 1.00000e+00  
 44.9 1.4445e+01  14 1.00000e+00  
 45.0 1.4474e+01  14 1.00000e+00  
 45.1 1.4529e+01  14 1.00000e+00  
 45.2 1.4558e+01  14 1.00000e+00  
 45.3 1.4613e+01  14 1.00000e+00  
 45.4 1.4641e+01  14 1.00000e+00  
 45.5 1.4686e+01  14 1.00000e+00  
 45.6 1.4748e+01  14 1.00000e+00  
 45.7 1.4769e+01  14 1.00000e+00  
 45.8 1.4834e+01  14 1.00000e+00  
 45.9 1.4852e+01  14 1.00000e+00  
 46.0 1.4921e+01  14 1.00000e+00  
 46.1 1.4931e+01  14 1.00000e+00  
 46.2 1.5008e+01  14 1.00000e+00  
 46.3 1.5014e+01  14 1.00000e+00  
 46.4 1.5074e+01  14 1.00000e+00  
 46.5 1.5100e+01  14 1.00000e+00  
 46.6 1.5154e+01  14 1.00000e+00  
 46.7 1.5208e+01  14 1.00000e+00  
 46.8 1.5228e+01  14 1.00000e+00  
 46.9 1.5297e+01  14 1.00000e+00  
 47.0 1.5307e+01  14 1.00000e+00  
 47.1 1.5369e+01  14 1.00000e+00  
 47.2 1.5418e+01  14 1.00000e+00  
 47.3 1.5438e+01  14 1.00000e+00  
 47.4 1.5505e+01  14 1.00000e+00  
 47.5 1.5521e+01  14 1.00000e+00  
 47.6 1.5572e+01  14 1.00000e+00  
 47.7 1.5639e+01  14 1.00000e+00  
 47.8 1.5644e+01  14 1.00000e+00  
 47.9 1.5702e+01  14 1.00000e+00  
 48.0 1.5769e+01  14 1.00000e+00  
 48.1 1.5771e+01  14 1.00000e+00  
 48.2 1.5820e+01  14 1.00000e+00  
 48.3 1.5887e+01  14 1.00000e+00  
 48.4 1.5904e+01  14 1.00000e+00  
 48.5 1.5943e+01  14 1.00000e+00  
 48.6 1.6009e+01  14 1.00000e+00  
 48.7 1.6077e+01  14 1.00000e+00  
 48.8 1.6060e+01  14 1.00000e+00  
 48.9 1.6128e+01  14 1.00000e+00  
 49.0 1.6195e+01  14 1.00000e+00  
 49.1 1.6199e+01  14 1.00000e+00  
 49.2 1.6242e+01  14 1.00000e+00  
 49.3 1.6308e+01  14 1.00000e+00  
 49.4 1.6376e+01  14 1.00000e+00  
 49.5 1.6364e+01  14 1.00000e+00  
 49.6 1.6417e+01  14 1.00000e+00  
 49.7 1.6483e+01  14 1.00000e+00  
 49.8 1.6550e+01  14 1.00000e+00  
 49.9 1.6535e+01  14 1.00000e+00  
 50.0 1.6587e+01  14 1.00000e+00  
 50.1 1.6653e+01  14 1.00000e+00  
 50.2 1.6718e+01  14 1.00000e+00  
 50.3 1.6711e+01  14 1.00000e+00  
 50.4 1.6749e+01  14 1.00000e+00  
 50.5 1.6817e+01  14 1.00000e+00  
 50.6 1.6882e+01  14 1.00000e+00  
 50.7 1.6947e+01  14 1.00000e+00  
 50.8 1.6916e+01  14 1.00000e+00  
 50.9 1.6971e+01  14 1.00000e+00  
 51.0 1.7033e+01  14 1.00000e+00  
 51.1 1.7092e+01  14 1.00000e+00  
 51.2 1.7099e+01  14 1.00000e+00  
 51.3 1.7134e+01  14 1.00000e+00  
 51.4 1.7173e+01  14 1.00000e+00  
 51.5 1.7240e+01  14 1.00000e+00  
 51.6 1.7305e+01  14 1.00000e+00  
 51.7 1.7310e+01  14 1.00000e+00  
 51.8 1.7353e+01  14 1.00000e+00  
 51.9 1.7375e+01  14 1.00000e+00  
 52.0 1.7442e+01  14 1.00000e+00  
 52.1 1.7508e+01  14 1.00000e+00  
 52.2 1.7570e+01  14 1.00000e+00  
 52.3 1.7597e+01  14 1.00000e+00  
 52.4 1.7609e+01  14 1.00000e+00  
 52.5 1.7630e+01  14 1.00000e+00  
 52.6 1.7699e+01  14 1.00000e+00  
 52.7 1.7763e+01  14 1.00000e+00  
 52.8 1.7822e+01  14 1.00000e+00  
 52.9 1.7859e+01  14 1.00000e+00  
 53.0 1.7887e+01  14 1.00000e+00  
 53.1 1.7901e+01  14 1.00000e+00  
 53.2 1.7942e+01  14 1.00000e+00  
 53.3 1.8006e+01  14 1.00000e+00  
 53.4 1.8067e+01  14 1.00000e+00  
 53.5 1.8126e+01  14 1.00000e+00  
 53.6 1.8164e+01  14 1.00000e+00  
 53.7 1.8194e+01  14 1.00000e+00  
 53.8 1.8206e+01  14 1.00000e+00  
 53.9 1.8233e+01  14 1.00000e+00  
 54.0 1.8297e+01  14 1.00000e+00  
 54.1 1.8336e+01  14 1.00000e+00  
 54.2 1.8424e+01  14 1.00000e+00  
 54.3 1.8470e+01  14 1.00000e+00  
 54.4 1.8514e+01  14 1.00000e+00  
 54.5 1.8546e+01  14 1.00000e+00  
 54.6 1.8561e+01  14 1.00000e+00  
 54.7 1.8589e+01  14 1.00000e+00  
 54.8 1.8630e+01  14 1.00000e+00  
 54.9 1.8753e+01  14 1.00000e+00  
 55.0 1.8768e+01  14 1.00000e+00  
 55.1 1.8817e+01  14 1.00000e+00  
 55.2 1.8864e+01  14 1.00000e+00  
 55.3 1.8906e+01  14 1.00000e+00  
 55.4 1.8942e+01  14 1.00000e+00  
 55.5 1.8972e+01  14 1.00000e+00  
 55.6 1.8991e+01  14 1.00000e+00  
 55.7 1.9067e+01  14 1.00000e+00  
 55.8 1.9124e+01  14 1.00000e+00  
 55.9 1.9178e+01  14 1.00000e+00  
 56.0 1.9236e+01  14 1.00000e+00  
 56.1 1.9249e+01  14 1.00000e+00  
 56.2 1.9298e+01  14 1.00000e+00  
 56.3 1.9343e+01  14 1.00000e+00  
 56.4 1.9386e+01  14 1.00000e+00  
 56.5 1.9425e+01  14 1.00000e+00  
 56.6 1.9416e+01  14 1.00000e+00  
 56.7 1.9470e+01  14 1.00000e+00  
 56.8 1.9530e+01  14 1.00000e+00  
 56.9 1.9586e+01  14 1.00000e+00  
 57.0 1.9642e+01  14 1.00000e+00  
 57.1 1.9697e+01  14 1.00000e+00  
 57.2 1.9745e+01  14 1.00000e+00  
 57.3 1.9802e+01  14 1.00000e+00  
 57.4 1.9814e+01  14 1.00000e+00  
 57.5 1.9880e+01  14 1.00000e+00  
 57.6 1.9897e+01  14 1.00000e+00  
 57.7 1.9917e+01  14 1.00000e+00  
 57.8 1.9952e+01  14 1.00000e+00  
 57.9 1.9986e+01  14 1.00000e+00  
 58.0 2.0016e+01  14 1.00000e+00  
 58.1 2.0064e+01  14 1.00000e+00  
 58.2 2.0118e+01  14 1.00000e+00  
 58.3 2.0175e+01  14 1.00000e+00  
 58.4 2.0230e+01  14 1.00000e+00  
 58.5 2.0281e+01  14 1.00000e+00  
 58.6 2.0280e+01  14 1.00000e+00  
 58.7 2.0388e+01  14 1.00000e+00  
 58.8 2.0436e+01  14 1.00000e+00  
 58.9 2.0484e+01  14 1.00000e+00  
 59.0 2.0528e+01  14 1.00000e+00  
 59.1 2.0573e+01  14 1.00000e+00  
 59.2 2.0618e+01  14 1.00000e+00  
 59.3 2.0660e+01  14 1.00000e+00  
 59.4 2.0698e+01  14 1.00000e+00  
 59.5 2.0738e+01  14 1.00000e+00  
 59.6 2.0759e+01  14 1.00000e+00  
 59.7 2.0798e+01  14 1.00000e+00  
 59.8 2.0840e+01  14 1.00000e+00  
 59.9 2.0882e+01  14 1.00000e+00  
 60.0 2.0960e+01  14 1.00000e+00  
 60.1 2.0973e+01  14 1.00000e+00  
 60.2 2.1026e+01  14 1.00000e+00  
 60.3 2.1078e+01  14 1.00000e+00  
 60.4 2.1126e+01  14 1.00000e+00  
 60.5 2.1172e+01  14 1.00000e+00  
 60.6 2.1224e+01  14 1.00000e+00  
 60.7 2.1275e+01  14 1.00000e+00  
 60.8 2.1326e+01  14 1.00000e+00  
 60.9 2.1375e+01  14 1.00000e+00  
 61.0 2.1423e+01  14 1.00000e+00  
 61.1 2.1474e+01  14 1.00000e+00  
 61.2 2.1530e+01  14 1.00000e+00  
 61.3 2.1572e+01  14 1.00000e+00  
 61.4 2.1577e+01  14 1.00000e+00  
 61.5 2.1635e+01  14 1.00000e+00  
 61.6 2.1606e+01  14 1.00000e+00  
 61.7 2.1732e+01  14 1.00000e+00  
 61.8 2.1776e+01  14 1.00000e+00  
 61.9 2.1815e+01  14 1.00000e+00  
 62.0 2.1865e+01  14 1.00000e+00  
 62.1 2.1907e+01  14 1.00000e+00  
 62.2 2.1952e+01  14 1.00000e+00  
 62.3 2.1994e+01  14 1.00000e+00  
 62.4 2.2039e+01  14 1.00000e+00  
 62.5 2.2080e+01  14 1.00000e+00  
 62.6 2.2125e+01  14 1.00000e+00  
 62.7 2.2167e+01  14 1.00000e+00  
 62.8 2.2209e+01  14 1.00000e+00  
 62.9 2.2261e+01  14 1.00000e+00  
 63.0 2.2333e+01  14 1.00000e+00  
 63.1 2.2301e+01  14 1.00000e+00  
 63.2 2.2344e+01  14 1.00000e+00  
 63.3 2.2387e+01  14 1.00000e+00  
 63.4 2.2427e+01  14 1.00000e+00  
 63.5 2.2473e+01  14 1.00000e+00  
 63.6 2.2511e+01  14 1.00000e+00  
 63.7 2.2550e+01  14 1.00000e+00  
 63.8 2.2589e+01  14 1.00000e+00  
 63.9 2.2629e+01  14 1.00000e+00  
 64.0 2.2672e+01  14 1.00000e+00  
 64.1 2.2719e+01  14 1.00000e+00  
 64.2 2.2760e+01  14 1.00000e+00  
 64.3 2.2807e+01  14 1.00000e+00  
 64.4 2.2854e+01  14 1.00000e+00  
 64.5 2.2901e+01  14 1.00000e+00  
 64.6 2.2948e+01  14 1.00000e+00  
 64.7 2.2994e+01  14 1.00000e+00  
 64.8 2.3040e+01  14 1.00000e+00  
 64.9 2.3086e+01  14 1.00000e+00  
 65.0 2.3131e+01  14 1.00000e+00  
 65.1 2.3176e+01  14 1.00000e+00  
 65.2 2.3221e+01  14 1.00000e+00  
 65.3 2.3266e+01  14 1.00000e+00  
 65.4 2.3311e+01  14 1.00000e+00  
 65.5 2.3373e+01  14 1.00000e+00  
 65.6 2.3493e+01  14 1.00000e+00  
 65.7 2.3472e+01  14 1.00000e+00  
 65.8 2.3515e+01  14 1.00000e+00  
 65.9 2.3556e+01  14 1.00000e+00  
 66.0 2.3606e+01  14 1.00000e+00  
 66.1 2.3649e+01  14 1.00000e+00  
 66.2 2.3692e+01  14 1.00000e+00  
 66.3 2.3735e+01  14 1.00000e+00  
 66.4 2.3777e+01  14 1.00000e+00  
 66.5 2.3819e+01  14 1.00000e+00  
 66.6 2.3861e+01  14 1.00000e+00  
 66.7 2.3902e+01  14 1.00000e+00  
 66.8 2.3942e+01  14 1.00000e+00  
 66.9 2.3983e+01  14 1.00000e+00  
 67.0 2.4039e+01  14 1.00000e+00  
 67.1 2.4171e+01  14 1.00000e+00  
 67.2 2.4131e+01  14 1.00000e+00  
 67.3 2.4168e+01  14 1.00000e+00  
 67.4 2.4218e+01  14 1.00000e+00  
 67.5 2.4272e+01  14 1.00000e+00  
 67.6 2.4326e+01  14 1.00000e+00  
 67.7 2.4378e+01  14 1.00000e+00  
 67.8 2.4434e+01  14 1.00000e+00  
 67.9 2.4487e+01  14 1.00000e+00  
 68.0 2.4535e+01  14 1.00000e+00  
 68.1 2.4590e+01  14 1.00000e+00  
 68.2 2.4636e+01  14 1.00000e+00  
 68.3 2.4715e+01  14 1.00000e+00  
 68.4 2.4771e+01  14 1.00000e+00  
 68.5 2.4764e+01  14 1.00000e+00  
 68.6 2.4825e+01  14 1.00000e+00  
 68.7 2.4866e+01  14 1.00000e+00  
 68.8 2.4924e+01  14 1.00000e+00  
 68.9 2.4976e+01  14 1.00000e+00  
 69.0 2.5040e+01  14 1.00000e+00  
 69.1 2.5085e+01  14 1.00000e+00  
 69.2 2.5140e+01  14 1.00000e+00  
 69.3 2.5181e+01  14 1.00000e+00  
 69.4 2.5237e+01  14 1.00000e+00  
 69.5 2.5288e+01  14 1.00000e+00  
 69.6 2.5326e+01  14 1.00000e+00  
 69.7 2.5379e+01  14 1.00000e+00  
 69.8 2.5426e+01  14 1.00000e+00  
 69.9 2.5473e+01  14 1.00000e+00  
 70.0 2.5518e+01  14 1.00000e+00  
 70.1 2.5553e+01  14 1.00000e+00  
 70.2 2.5564e+01  14 1.00000e+00  
 70.3 2.5654e+01  14 1.00000e+00  
 70.4 2.5702e+01  14 1.00000e+00  
 70.5 2.5752e+01  14 1.00000e+00  
 70.6 2.5785e+01  14 1.00000e+00  
 70.7 2.5839e+01  14 1.00000e+00  
 70.8 2.5886e+01  14 1.00000e+00  
 70.9 2.5919e+01  14 1.00000e+00  
 71.0 2.5964e+01  14 1.00000e+00  
 71.1 2.6073e+01  14 1.00000e+00  
 71.2 2.6084e+01  14 1.00000e+00  
 71.3 2.6122e+01  14 1.00000e+00  
 71.4 2.6179e+01  14 1.00000e+00  
 71.5 2.6227e+01  14 1.00000e+00  
 71.6 2.6261e+01  14 1.00000e+00  
 71.7 2.6305e+01  14 1.00000e+00  
 71.8 2.6337e+01  14 1.00000e+00  
 71.9 2.6375e+01  14 1.00000e+00  
 72.0 2.6422e+01  14 1.00000e+00  
 72.1 2.6464e+01  14 1.00000e+00  
 72.2 2.6506e+01  14 1.00000e+00  
 72.3 2.6529e+01  14 1.00000e+00  
 72.4 2.6579e+01  14 1.00000e+00  
 72.5 2.6623e+01  14 1.00000e+00  
 72.6 2.6652e+01  14 1.00000e+00  
 72.7 2.6699e+01  14 1.00000e+00  
 72.8 2.6733e+01  14 1.00000e+00  
 72.9 2.6765e+01  14 1.00000e+00  
 73.0 2.6797e+01  14 1.00000e+00  
 73.1 2.6859e+01  14 1.00000e+00  
 73.2 2.6929e+01  14 1.00000e+00  
 73.3 2.6982e+01  14 1.00000e+00  
 73.4 2.7051e+01  14 1.00000e+00  
 73.5 2.7105e+01  14 1.00000e+00  
 73.6 2.7156e+01  14 1.00000e+00  
 73.7 2.7217e+01  14 1.00000e+00  
 73.8 2.7262e+01  14 1.00000e+00  
 73.9 2.7319e+01  14 1.00000e+00  
 74.0 2.7376e+01  14 1.00000e+00  
 74.1 2.7444e+01  14 1.00000e+00  
 74.2 2.7489e+01  14 1.00000e+00  
 74.3 2.7545e+01  14 1.00000e+00  
 74.4 2.7595e+01  14 1.00000e+00  
 74.5 2.7642e+01  14 1.00000e+00  
 74.6 2.7721e+01  14 1.00000e+00  
 74.7 2.7716e+01  14 1.00000e+00  
 74.8 2.7767e+01  14 1.00000e+00  
 74.9 2.7822e+01  14 1.00000e+00  
 75.0 2.7869e+01  14 1.00000e+00  
 75.1 2.7898e+01  14 1.00000e+00  
 75.2 2.7943e+01  14 1.00000e+00  
 75.3 2.8053e+01  14 1.00000e+00  
 75.4 2.8081e+01  14 1.00000e+00  
 75.5 2.8125e+01  14 1.00000e+00  
 75.6 2.8169e+01  14 1.00000e+00  
 75.7 2.8203e+01  14 1.00000e+00  
 75.8 2.8217e+01  14 1.00000e+00  
 75.9 2.8251e+01  14 1.00000e+00  
 76.0 2.8264e+01  14 1.00000e+00  
 76.1 2.8349e+01  14 1.00000e+00  
 76.2 2.8386e+01  14 1.00000e+00  
 76.3 2.8424e+01  14 1.00000e+00  
 76.4 2.8457e+01  14 1.00000e+00  
 76.5 2.8452e+01  14 1.00000e+00  
 76.6 2.8509e+01  14 1.00000e+00  
 76.7 2.8548e+01  14 1.00000e+00  
 76.8 2.8583e+01  14 1.00000e+00  
 76.9 2.8665e+01  14 1.00000e+00  
 77.0 2.8738e+01  14 1.00000e+00  
 77.1 2.8912e+01  14 1.00000e+00  
 77.2 2.8905e+01  14 1.00000e+00  
 77.3 2.8938e+01  14 1.00000e+00  
 77.4 2.8967e+01  14 1.00000e+00  
 77.5 2.9026e+01  14 1.00000e+00  
 77.6 2.9097e+01  14 1.00000e+00  
 77.7 2.9137e+01  14 1.00000e+00  
 77.8 2.9186e+01  14 1.00000e+00  
 77.9 2.9262e+01  14 1.00000e+00  
 78.0 2.9317e+01  14 1.00000e+00  
 78.1 2.9365e+01  14 1.00000e+00  
 78.2 2.9410e+01  14 1.00000e+00  
 78.3 2.9445e+01  14 1.00000e+00  
 78.4 2.9502e+01  14 1.00000e+00  
 78.5 2.9532e+01  14 1.00000e+00  
 78.6 2.9587e+01  14 1.00000e+00  
 78.7 2.9631e+01  14 1.00000e+00  
 78.8 2.9670e+01  14 1.00000e+00  
 78.9 2.9773e+01  14 1.00000e+00  
 79.0 2.9815e+01  14 1.00000e+00  
 79.1 2.9831e+01  14 1.00000e+00  
 79.2 2.9869e+01  14 1.00000e+00  
 79.3 2.9929e+01  14 1.00000e+00  
 79.4 2.9964e+01  14 1.00000e+00  
 79.5 2.9997e+01  14 1.00000e+00  
 79.6 3.0033e+01  14 1.00000e+00  
 79.7 3.0076e+01  14 1.00000e+00  
 79.8 3.0113e+01  14 1.00000e+00  
 79.9 3.0131e+01  14 1.00000e+00  
 80.0 3.0175e+01  14 1.00000e+00  
 80.1 3.0202e+01  14 1.00000e+00  
 80.2 3.0224e+01  14 1.00000e+00  
 80.3 3.0245e+01  14 1.00000e+00  
 80.4 3.0428e+01  14 1.00000e+00  
 80.5 3.0471e+01  14 1.00000e+00  
 80.6 3.0485e+01  14 1.00000e+00  
 80.7 3.0562e+01  14 1.00000e+00  
 80.8 3.0621e+01  14 1.00000e+00  
 80.9 3.0652e+01  14 1.00000e+00  
 81.0 3.0745e+01  14 1.00000e+00  
 81.1 3.0803e+01  14 1.00000e+00  
 81.2 3.0856e+01  14 1.00000e+00  
 81.3 3.0896e+01  14 1.00000e+00  
 81.4 3.0968e+01  14 1.00000e+00  
 81.5 3.1020e+01  14 1.00000e+00  
 81.6 3.1068e+01  14 1.00000e+00  
 81.7 3.1112e+01  14 1.00000e+00  
 81.8 3.1163e+01  14 1.00000e+00  
 81.9 3.1236e+01  14 1.00000e+00  
 82.0 3.1231e+01  14 1.00000e+00  
 82.1 3.1287e+01  14 1.00000e+00  
 82.2 3.1330e+01  14 1.00000e+00  
 82.3 3.1444e+01  14 1.00000e+00  
 82.4 3.1490e+01  14 1.00000e+00  
 82.5 3.1502e+01  14 1.00000e+00  
 82.6 3.1460e+01  14 1.00000e+00  
 82.7 3.1606e+01  14 1.00000e+00  
 82.8 3.1608e+01  14 1.00000e+00  
 82.9 3.1676e+01  14 1.00000e+00  
 83.0 3.1718e+01  14 1.00000e+00  
 83.1 3.1728e+01  14 1.00000e+00  
 83.2 3.1769e+01  14 1.00000e+00  
 83.3 3.1826e+01  14 1.00000e+00  
 83.4 3.1844e+01  14 1.00000e+00  
 83.5 3.1892e+01  14 1.00000e+00  
 83.6 3.1871e+01  14 1.00000e+00  
 83.7 3.1948e+01  14 1.00000e+00  
 83.8 3.1961e+01  14 1.00000e+00  
 83.9 3.2005e+01  14 1.00000e+00  
 84.0 3.2089e+01  14 1.00000e+00  
 84.1 3.2179e+01  14 1.00000e+00  
 84.2 3.2253e+01  14 1.00000e+00  
 84.3 3.2312e+01  14 1.00000e+00  
 84.4 3.2379e+01  14 1.00000e+00  
 84.5 3.2480e+01  14 1.00000e+00  
 84.6 3.2497e+01  14 1.00000e+00  
 84.7 3.2573e+01  14 1.00000e+00  
 84.8 3.2629e+01  14 1.00000e+00  
 84.9 3.2687e+01  14 1.00000e+00  
 85.0 3.2721e+01  14 1.00000e+00  
 85.1 3.2769e+01  14 1.00000e+00  
 85.2 3.2820e+01  14 1.00000e+00  
 85.3 3.2867e+01  14 1.00000e+00  
 85.4 3.2921e+01  14 1.00000e+00  
 85.5 3.2969e+01  14 1.00000e+00  
 85.6 3.2956e+01  14 1.00000e+00  
 85.7 3.3070e+01  14 1.00000e+00  
 85.8 3.3112e+01  14 1.00000e+00  
 85.9 3.3243e+01  14 1.00000e+00  
 86.0 3.3281e+01  14 1.00000e+00  
 86.1 3.3319e+01  14 1.00000e+00  
 86.2 3.3358e+01  14 1.00000e+00  
 86.3 3.3397e+01  14 1.00000e+00  
 86.4 3.3435e+01  14 1.00000e+00  
 86.5 3.3473e+01  14 1.00000e+00  
 86.6 3.3508e+01  14 1.00000e+00  
 86.7 3.3518e+01  14 1.00000e+00  
 86.8 3.3567e+01  14 1.00000e+00  
 86.9 3.3603e+01  14 1.00000e+00  
 87.0 3.3625e+01  14 1.00000e+00  
 87.1 3.3605e+01  14 1.00000e+00  
 87.2 3.3711e+01  14 1.00000e+00  
 87.3 3.3864e+01  14 1.00000e+00  
 87.4 3.3880e+01  14 1.00000e+00  
 87.5 3.3846e+01  14 1.00000e+00  
 87.6 3.3873e+01  14 1.00000e+00  
 87.7 3.3898e+01  14 1.00000e+00  
 87.8 3.3919e+01  14 1.00000e+00  
 87.9 3.3962e+01  14 1.00000e+00  
 88.0 3.4026e+01  14 1.00000e+00  
 88.1 3.4117e+01  14 1.00000e+00  
 88.2 3.4198e+01  14 1.00000e+00  
 88.3 3.4265e+01  14 1.00000e+00  
 88.4 3.4325e+01  14 1.00000e+00  
 88.5 3.4393e+01  14 1.00000e+00  
 88.6 3.4434e+01  14 1.00000e+00  
 88.7 3.4511e+01  14 1.00000e+00  
 88.8 3.4566e+01  14 1.00000e+00  
 88.9 3.4607e+01  14 1.00000e+00  
 89.0 3.4670e+01  14 1.00000e+00  
 89.1 3.4753e+01  14 1.00000e+00  
 89.2 3.4808e+01  14 1.00000e+00  
 89.3 3.4830e+01  14 1.00000e+00  
 89.4 3.4895e+01  14 1.00000e+00  
 89.5 3.4948e+01  14 1.00000e+00  
 89.6 3.4993e+01  14 1.00000e+00  
 89.7 3.5032e+01  14 1.00000e+00  
 89.8 3.5106e+01  14 1.00000e+00  
 89.9 3.5153e+01  14 1.00000e+00  
 90.0 3.5191e+01  14 1.00000e+00  
 90.1 3.5242e+01  14 1.00000e+00  
 90.2 3.5287e+01  14 1.00000e+00  
 90.3 3.5305e+01  14 1.00000e+00  
 90.4 3.5373e+01  14 1.00000e+00  
 90.5 3.5504e+01  14 1.00000e+00  
 90.6 3.5542e+01  14 1.00000e+00  
 90.7 3.5572e+01  14 1.00000e+00  
 90.8 3.5613e+01  14 1.00000e+00  
 90.9 3.5663e+01  14 1.00000e+00  
 91.0 3.5705e+01  14 1.00000e+00  
 91.1 3.5737e+01  14 1.00000e+00  
 91.2 3.5776e+01  14 1.00000e+00  
 91.3 3.5826e+01  14 1.00000e+00  
 91.4 3.5842e+01  14 1.00000e+00  
 91.5 3.5904e+01  14 1.00000e+00  
 91.6 3.5925e+01  14 1.00000e+00  
 91.7 3.5983e+01  14 1.00000e+00  
 91.8 3.6009e+01  14 1.00000e+00  
 91.9 3.6057e+01  14 1.00000e+00  
 92.0 3.6096e+01  14 1.00000e+00  
 92.1 3.6131e+01  14 1.00000e+00  
 92.2 3.6161e+01  14 1.00000e+00  
 92.3 3.6188e+01  14 1.00000e+00  
 92.4 3.6214e+01  14 1.00000e+00  
 92.5 3.6259e+01  14 1.00000e+00  
 92.6 3.6355e+01  14 1.00000e+00  
 92.7 3.6441e+01  14 1.00000e+00  
 92.8 3.6511e+01  14 1.00000e+00  
 92.9 3.6576e+01  14 1.00000e+00  
 93.0 3.6646e+01  14 1.00000e+00  
 93.1 3.6701e+01  14 1.00000e+00  
 93.2 3.6770e+01  14 1.00000e+00  
 93.3 3.6813e+01  14 1.00000e+00  
 93.4 3.6888e+01  14 1.00000e+00  
 93.5 3.6943e+01  14 1.00000e+00  
 93.6 3.6978e+01  14 1.00000e+00  
 93.7 3.7047e+01  14 1.00000e+00  
 93.8 3.7120e+01  14 1.00000e+00  
 93.9 3.7185e+01  14 1.00000e+00  
 94.0 3.7239e+01  14 1.00000e+00  
 94.1 3.7292e+01  14 1.00000e+00  
 94.2 3.7342e+01  14 1.00000e+00  
 94.3 3.7393e+01  14 1.00000e+00  
 94.4 3.7443e+01  14 1.00000e+00  
 94.5 3.7489e+01  14 1.00000e+00  
 94.6 3.7522e+01  14 1.00000e+00  
 94.7 3.7586e+01  14 1.00000e+00  
 94.8 3.7633e+01  14 1.00000e+00  
 94.9 3.7660e+01  14 1.00000e+00  
 95.0 3.7724e+01  14 1.00000e+00  
 95.1 3.7760e+01  14 1.00000e+00  
 95.2 3.7812e+01  14 1.00000e+00  
 95.3 3.7938e+01  14 1.00000e+00  
 95.4 3.7982e+01  14 1.00000e+00  
 95.5 3.8024e+01  14 1.00000e+00  
 95.6 3.8035e+01  14 1.00000e+00  
 95.7 3.8104e+01  14 1.00000e+00  
 95.8 3.8151e+01  14 1.00000e+00  
 95.9 3.8181e+01  14 1.00000e+00  
 96.0 3.8228e+01  14 1.00000e+00  
 96.1 3.8276e+01  14 1.00000e+00  
 96.2 3.8296e+01  14 1.00000e+00  
 96.3 3.8358e+01  14 1.00000e+00  
 96.4 3.8380e+01  14 1.00000e+00  
 96.5 3.8439e+01  14 1.00000e+00  
 96.6 3.8476e+01  14 1.00000e+00  
 96.7 3.8489e+01  14 1.00000e+00  
 96.8 3.8556e+01  14 1.00000e+00  
 96.9 3.8595e+01  14 1.00000e+00  
 97.0 3.8630e+01  14 1.00000e+00  
 97.1 3.8660e+01  14 1.00000e+00  
 97.2 3.8688e+01  14 1.00000e+00  
 97.3 3.8747e+01  14 1.00000e+00  
 97.4 3.8841e+01  14 1.00000e+00  
 97.5 3.8919e+01  14 1.00000e+00  
 97.6 3.8979e+01  14 1.00000e+00  
 97.7 3.9062e+01  14 1.00000e+00  
 97.8 3.9113e+01  14 1.00000e+00  
 97.9 3.9194e+01  14 1.00000e+00  
 98.0 3.9242e+01  14 1.00000e+00  
 98.1 3.9318e+01  14 1.00000e+00  
 98.2 3.9348e+01  14 1.00000e+00  
 98.3 3.9435e+01  14 1.00000e+00  
 98.4 3.9494e+01  14 1.00000e+00  
 98.5 3.9539e+01  14 1.00000e+00  
 98.6 3.9583e+01  14 1.00000e+00  
 98.7 3.9682e+01  14 1.00000e+00  
 98.8 3.9714e+01  14 1.00000e+00  
 98.9 3.9775e+01  14 1.00000e+00  
 99.0 3.9835e+01  14 1.00000e+00  
 99.1 3.9890e+01  14 1.00000e+00  
 99.2 3.9940e+01  14 1.00000e+00  
 99.3 3.9985e+01  14 1.00000e+00  
 99.4 4.0032e+01  14 1.00000e+00  
 99.5 4.0103e+01  14 1.00000e+00  
 99.6 4.0152e+01  14 1.00000e+00  
 99.7 4.0187e+01  14 1.00000e+00  
 99.8 4.0248e+01  14 1.00000e+00  
 99.9 4.0296e+01  14 1.00000e+00  
100.0 4.0313e+01  14 1.00000e+00  
100.1 4.0389e+01  14 1.00000e+00  
100.2 4.0417e+01  14 1.00000e+00  
100.3 4.0478e+01  14 1.00000e+00  
100.4 4.0606e+01  14 1.00000e+00  
100.5 4.0649e+01  14 1.00000e+00  
100.6 4.0673e+01  14 1.00000e+00  
100.7 4.0737e+01  14 1.00000e+00  
100.8 4.0780e+01  14 1.00000e+00  
100.9 4.0810e+01  14 1.00000e+00  
101.0 4.0868e+01  14 1.00000e+00  
101.1 4.0888e+01  14 1.00000e+00  
101.2 4.0953e+01  14 1.00000e+00  
101.3 4.0991e+01  14 1.00000e+00  
101.4 4.1038e+01  14 1.00000e+00  
101.5 4.1048e+01  14 1.00000e+00  
101.6 4.1123e+01  14 1.00000e+00  
101.7 4.1160e+01  14 1.00000e+00  
101.8 4.1173e+01  14 1.00000e+00  
101.9 4.1244e+01  14 1.00000e+00  
102.0 4.1285e+01  14 1.00000e+00  
102.1 4.1322e+01  14 1.00000e+00  
102.2 4.1354e+01  14 1.00000e+00  
102.3 4.1401e+01  14 1.00000e+00  
102.4 4.1494e+01  14 1.00000e+00  
102.5 4.1571e+01  14 1.00000e+00  
102.6 4.1644e+01  14 1.00000e+00  
102.7 4.1718e+01  14 1.00000e+00  
102.8 4.1786e+01  14 1.00000e+00  
102.9 4.1854e+01  14 1.00000e+00  
103.0 4.1920e+01  14 1.00000e+00  
103.1 4.1982e+01  14 1.00000e+00  
103.2 4.2045e+01  14 1.00000e+00  
103.3 4.2108e+01  14 1.00000e+00  
103.4 4.2146e+01  14 1.00000e+00  
103.5 4.2225e+01  14 1.00000e+00  
103.6 4.2285e+01  14 1.00000e+00  
103.7 4.2341e+01  14 1.00000e+00  
103.8 4.2396e+01  14 1.00000e+00  
103.9 4.2470e+01  14 1.00000e+00  
104.0 4.2531e+01  14 1.00000e+00  
104.1 4.2587e+01  14 1.00000e+00  
104.2 4.2643e+01  14 1.00000e+00  
104.3 4.2697e+01  14 1.00000e+00  
104.4 4.2751e+01  14 1.00000e+00  
104.5 4.2803e+01  14 1.00000e+00  
104.6 4.2850e+01  14 1.00000e+00  
104.7 4.2888e+01  14 1.00000e+00  
104.8 4.2948e+01  14 1.00000e+00  
104.9 4.3008e+01  14 1.00000e+00  
105.0 4.3051e+01  14 1.00000e+00  
105.1 4.3092e+01  14 1.00000e+00  
105.2 4.3182e+01  14 1.00000e+00  
105.3 4.3233e+01  14 1.00000e+00  
105.4 4.3281e+01  14 1.00000e+00  
105.5 4.3306e+01  14 1.00000e+00  
105.6 4.3454e+01  14 1.00000e+00  
105.7 4.3502e+01  14 1.00000e+00  
105.8 4.3520e+01  14 1.00000e+00  
105.9 4.3594e+01  14 1.00000e+00  
106.0 4.3636e+01  14 1.00000e+00  
106.1 4.3679e+01  14 1.00000e+00  
106.2 4.3729e+01  14 1.00000e+00  
106.3 4.3760e+01  14 1.00000e+00  
106.4 4.3820e+01  14 1.00000e+00  
106.5 4.3847e+01  14 1.00000e+00  
106.6 4.3909e+01  14 1.00000e+00  
106.7 4.3946e+01  14 1.00000e+00  
106.8 4.3994e+01  14 1.00000e+00  
106.9 4.4040e+01  14 1.00000e+00  
107.0 4.4075e+01  14 1.00000e+00  
107.1 4.4097e+01  14 1.00000e+00  
107.2 4.4167e+01  14 1.00000e+00  
107.3 4.4210e+01  14 1.00000e+00  
107.4 4.3749e+01  14 1.00000e+00  
107.5 4.3774e+01  14 1.00000e+00  
107.6 4.3837e+01  14 1.00000e+00  
107.7 4.3858e+01  14 1.00000e+00  
107.8 4.3925e+01  14 1.00000e+00  
107.9 4.3949e+01  14 1.00000e+00  
108.0 4.4011e+01  14 1.00000e+00  
108.1 4.4055e+01  14 1.00000e+00  
108.2 4.4082e+01  14 1.00000e+00  
108.3 4.4130e+01  14 1.00000e+00  
108.4 4.4181e+01  14 1.00000e+00  
108.5 4.4222e+01  14 1.00000e+00  
108.6 4.4258e+01  14 1.00000e+00  
108.7 4.4322e+01  14 1.00000e+00  
108.8 4.3845e+01  14 1.00000e+00  
108.9 4.3891e+01  14 1.00000e+00  
109.0 4.3935e+01  14 1.00000e+00  
109.1 4.3947e+01  14 1.00000e+00  
109.2 4.4022e+01  14 1.00000e+00  
109.3 4.4062e+01  14 1.00000e+00  
109.4 4.4085e+01  14 1.00000e+00  
109.5 4.4145e+01  14 1.00000e+00  
109.6 4.4189e+01  14 1.00000e+00  
109.7 4.5668e+01  14 1.00000e+00  
109.8 4.5712e+01  14 1.00000e+00  
109.9 4.5756e+01  14 1.00000e+00  
110.0 4.5800e+01  14 1.00000e+00  
110.1 4.5844e+01  14 1.00000e+00  
110.2 4.5888e+01  14 1.00000e+00  
110.3 4.5932e+01  14 1.00000e+00  
110.4 4.5976e+01  14 1.00000e+00  
110.5 4.6022e+01  14 1.00000e+00  
110.6 4.6068e+01  14 1.00000e+00  
110.7 4.6114e+01  14 1.00000e+00  
110.8 4.6160e+01  14 1.00000e+00  
110.9 4.6205e+01  14 1.00000e+00  
111.0 4.6251e+01  14 1.00000e+00  
111.1 4.6296e+01  14 1.00000e+00  
111.2 4.6353e+01  14 1.00000e+00  
111.3 4.6398e+01  14 1.00000e+00  
111.4 4.6442e+01  14 1.00000e+00  
111.5 4.6486e+01  14 1.00000e+00  
111.6 4.6530e+01  14 1.00000e+00  
111.7 4.6575e+01  14 1.00000e+00  
111.8 4.6619e+01  14 1.00000e+00  
111.9 4.6663e+01  14 1.00000e+00  
112.0 4.6707e+01  14 1.00000e+00  
112.1 4.6754e+01  14 1.00000e+00  
112.2 4.6797e+01  14 1.00000e+00  
112.3 4.6843e+01  14 1.00000e+00  
112.4 4.6886e+01  14 1.00000e+00  
112.5 4.6932e+01  14 1.00000e+00  
112.6 4.6976e+01  14 1.00000e+00  
112.7 4.7019e+01  14 1.00000e+00  
112.8 4.7065e+01  14 1.00000e+00  
112.9 4.7108e+01  14 1.00000e+00  
113.0 4.7151e+01  14 1.00000e+00  
113.1 4.7197e+01  14 1.00000e+00  
113.2 4.7241e+01  14 1.00000e+00  
113.3 4.7284e+01  14 1.00000e+00  
113.4 4.7330e+01  14 1.00000e+00  
113.5 4.7374e+01  14 1.00000e+00  
113.6 4.7417e+01  14 1.00000e+00  
113.7 4.7463e+01  14 1.00000e+00  
113.8 4.7507e+01  14 1.00000e+00  
113.9 4.7550e+01  14 1.00000e+00  
114.0 4.7594e+01  14 1.00000e+00  
114.1 4.7640e+01  14 1.00000e+00  
114.2 4.7684e+01  14 1.00000e+00  
114.3 4.7728e+01  14 1.00000e+00  
114.4 4.7772e+01  14 1.00000e+00  
114.5 4.7816e+01  14 1.00000e+00  
114.6 4.7862e+01  14 1.00000e+00  
114.7 4.7906e+01  14 1.00000e+00  
114.8 4.7951e+01  14 1.00000e+00  
114.9 4.7995e+01  14 1.00000e+00  
115.0 4.8040e+01  14 1.00000e+00  
115.1 4.8084e+01  14 1.00000e+00  
115.2 4.8129e+01  14 1.00000e+00  
115.3 4.8174e+01  14 1.00000e+00  
115.4 4.8219e+01  14 1.00000e+00  
115.5 4.8264e+01  14 1.00000e+00  
115.6 4.8309e+01  14 1.00000e+00  
115.7 4.8355e+01  14 1.00000e+00  
115.8 4.8400e+01  14 1.00000e+00  
115.9 4.8446e+01  14 1.00000e+00  
116.0 4.8493e+01  14 1.00000e+00  
116.1 4.8539e+01  14 1.00000e+00  
116.2 4.8587e+01  14 1.00000e+00  
116.3 4.8635e+01  14 1.00000e+00  
116.4 4.8686e+01  14 1.00000e+00  
116.5 4.8739e+01  14 1.00000e+00  
116.6 4.8803e+01  14 1.00000e+00  
116.7 4.8874e+01  14 1.00000e+00  
116.8 4.8961e+01  14 1.00000e+00  
116.9 4.9041e+01  14 1.00000e+00  
117.0 4.9122e+01  14 1.00000e+00  
117.1 4.9203e+01  14 1.00000e+00  
117.2 4.9283e+01  14 1.00000e+00  
117.3 4.9364e+01  14 1.00000e+00  
117.4 4.9444e+01  14 1.00000e+00  
117.5 4.9525e+01  14 1.00000e+00  
117.6 4.9605e+01  14 1.00000e+00  
117.7 4.9685e+01  14 1.00000e+00  
117.8 4.9766e+01  14 1.00000e+00  
117.9 4.9846e+01  14 1.00000e+00  
118.0 4.9927e+01  14 1.00000e+00  
118.1 5.0007e+01  14 1.00000e+00  
118.2 5.0087e+01  14 1.00000e+00  
118.3 5.0168e+01  14 1.00000e+00  
118.4 5.0248e+01  14 1.00000e+00  
118.5 5.0328e+01  14 1.00000e+00  
118.6 5.0409e+01  14 1.00000e+00  
118.7 5.0489e+01  14 1.00000e+00  
118.8 5.0569e+01  14 1.00000e+00  
118.9 5.0650e+01  14 1.00000e+00  
119.0 5.0730e+01  14 1.00000e+00  
119.1 5.0810e+01  14 1.00000e+00  
119.2 5.0890e+01  14 1.00000e+00  
119.3 5.0970e+01  14 1.00000e+00  
119.4 5.1050e+01  14 1.00000e+00  
119.5 5.1131e+01  14 1.00000e+00  
119.6 5.1211e+01  14 1.00000e+00  
119.7 5.1291e+01  14 1.00000e+00  
119.8 5.1371e+01  14 1.00000e+00  
119.9 5.1451e+01  14 1.00000e+00  
120.0 5.1531e+01  14 1.00000e+00  
120.1 5.1611e+01  14 1.00000e+00  
120.2 5.1691e+01  14 1.00000e+00  
120.3 5.1771e+01  14 1.00000e+00  
120.4 5.1851e+01  14 1.00000e+00  
120.5 5.1931e+01  14 1.00000e+00  
120.6 5.2011e+01  14 1.00000e+00  
120.7 5.2091e+01  14 1.00000e+00  
120.8 5.2171e+01  14 1.00000e+00  
120.9 5.2251e+01  14 1.00000e+00  
121.0 5.2331e+01  14 1.00000e+00  
121.1 5.2410e+01  14 1.00000e+00  
121.2 5.2490e+01  14 1.00000e+00  
121.3 5.2570e+01  14 1.00000e+00  
121.4 5.2650e+01  14 1.00000e+00  
121.5 5.2730e+01  14 1.00000e+00  
121.6 5.2809e+01  14 1.00000e+00  
121.7 5.2889e+01  14 1.00000e+00  
121.8 5.2969e+01  14 1.00000e+00  
121.9 5.3048e+01  14 1.00000e+00  
122.0 5.3128e+01  14 1.00000e+00  
122.1 5.3208e+01  14 1.00000e+00  
122.2 5.3287e+01  14 1.00000e+00  
122.3 5.3367e+01  14 1.00000e+00  
122.4 5.3447e+01  14 1.00000e+00  
122.5 5.3526e+01  14 1.00000e+00  
122.6 5.3606e+01  14 1.00000e+00  
122.7 5.3685e+01  14 1.00000e+00  
122.8 5.3765e+01  14 1.00000e+00  
122.9 5.3845e+01  14 1.00000e+00  
123.0 5.3920e+01  14 1.00000e+00  
123.1 5.3999e+01  14 1.00000e+00  
123.2 5.4078e+01  14 1.00000e+00  
123.3 5.4158e+01  14 1.00000e+00  
123.4 5.4237e+01  14 1.00000e+00  
123.5 5.4317e+01  14 1.00000e+00  
123.6 5.4395e+01  14 1.00000e+00  
123.7 5.4475e+01  14 1.00000e+00  
123.8 5.4554e+01  14 1.00000e+00  
123.9 5.4633e+01  14 1.00000e+00  
124.0 5.4713e+01  14 1.00000e+00  
124.1 5.4792e+01  14 1.00000e+00  
124.2 5.4871e+01  14 1.00000e+00  
124.3 5.4950e+01  14 1.00000e+00  
124.4 5.5029e+01  14 1.00000e+00  
124.5 5.5109e+01  14 1.00000e+00  
124.6 5.5188e+01  14 1.00000e+00  
124.7 5.5267e+01  14 1.00000e+00  
124.8 5.5346e+01  14 1.00000e+00  
124.9 5.5425e+01  14 1.00000e+00  
125.0 5.5504e+01  14 1.00000e+00  
125.1 5.5583e+01  14 1.00000e+00  
125.2 5.5662e+01  14 1.00000e+00  
125.3 5.5741e+01  14 1.00000e+00  
125.4 5.5820e+01  14 1.00000e+00  
125.5 5.5899e+01  14 1.00000e+00  
125.6 5.5978e+01  14 1.00000e+00  
125.7 5.6057e+01  14 1.00000e+00  
125.8 5.6136e+01  14 1.00000e+00  
125.9 5.6173e+01  14 1.00000e+00  
126.0 5.6252e+01  14 1.00000e+00  
126.1 5.6331e+01  14 1.00000e+00  
126.2 5.6410e+01  14 1.00000e+00  
126.3 5.6488e+01  14 1.00000e+00  
126.4 5.6567e+01  14 1.00000e+00  
126.5 5.6646e+01  14 1.00000e+00  
126.6 5.6725e+01  14 1.00000e+00  
126.7 5.6803e+01  14 1.00000e+00  
126.8 5.5862e+01  14 1.00000e+00  
126.9 5.5941e+01  14 1.00000e+00  
127.0 5.6019e+01  14 1.00000e+00  
127.1 5.6097e+01  14 1.00000e+00  
127.2 5.5117e+01  14 1.00000e+00  
127.3 5.5195e+01  14 1.00000e+00  
127.4 5.5272e+01  14 1.00000e+00  
127.5 5.4297e+01  14 1.00000e+00  
127.6 5.4374e+01  14 1.00000e+00  
127.7 5.4451e+01  14 1.00000e+00  
127.8 5.4528e+01  14 1.00000e+00  
127.9 5.3561e+01  14 1.00000e+00  
128.0 5.3637e+01  14 1.00000e+00  
128.1 5.3714e+01  14 1.00000e+00  
128.2 5.2747e+01  14 1.00000e+00  
128.3 5.2823e+01  14 1.00000e+00  
128.4 5.2899e+01  14 1.00000e+00  
128.5 5.2974e+01  14 1.00000e+00  
128.6 4.4867e+01  14 1.00000e+00  
128.7 4.4935e+01  14 1.00000e+00  
128.8 4.4984e+01  14 1.00000e+00  
128.9 4.5027e+01  14 1.00000e+00  
129.0 4.5083e+01  14 1.00000e+00  
129.1 4.5132e+01  14 1.00000e+00  
129.2 4.5165e+01  14 1.00000e+00  
129.3 4.5210e+01  14 1.00000e+00  
129.4 4.5272e+01  14 1.00000e+00  
129.5 4.5325e+01  14 1.00000e+00  
129.6 4.5373e+01  14 1.00000e+00  
129.7 4.5413e+01  14 1.00000e+00  
129.8 4.5479e+01  14 1.00000e+00  
129.9 4.5514e+01  14 1.00000e+00  
130.0 4.5549e+01  14 1.00000e+00  
130.1 4.5580e+01  14 1.00000e+00  
130.2 4.5616e+01  14 1.00000e+00  
130.3 4.5653e+01  14 1.00000e+00  
130.4 4.5690e+01  14 1.00000e+00  
130.5 4.5224e+01  14 1.00000e+00  
130.6 4.5283e+01  14 1.00000e+00  
130.7 4.5335e+01  14 1.00000e+00  
130.8 4.5362e+01  14 1.00000e+00  
130.9 4.5412e+01  14 1.00000e+00  
131.0 4.5480e+01  14 1.00000e+00  
131.1 4.5518e+01  14 1.00000e+00  
131.2 4.4835e+01  14 1.00000e+00  
131.3 4.4909e+01  14 1.00000e+00  
131.4 4.4965e+01  14 1.00000e+00  
131.5 4.4995e+01  14 1.00000e+00  
131.6 4.4937e+01  14 1.00000e+00  
131.7 4.4982e+01  14 1.00000e+00  
131.8 4.5034e+01  14 1.00000e+00  
131.9 4.5093e+01  14 1.00000e+00  
132.0 4.4383e+01  14 1.00000e+00  
132.1 4.4419e+01  14 1.00000e+00  
132.2 4.4509e+01  14 1.00000e+00  
132.3 4.4572e+01  14 1.00000e+00  
132.4 4.4586e+01  14 1.00000e+00  
132.5 4.4643e+01  14 1.00000e+00  
132.6 4.4704e+01  14 1.00000e+00  
132.7 4.4749e+01  14 1.00000e+00  
132.8 4.4081e+01  14 1.00000e+00  
132.9 4.4103e+01  14 1.00000e+00  
133.0 4.4161e+01  14 1.00000e+00  
133.1 4.4196e+01  14 1.00000e+00  
133.2 4.4230e+01  14 1.00000e+00  
133.3 4.4259e+01  14 1.00000e+00  
133.4 4.4307e+01  14 1.00000e+00  
133.5 4.4378e+01  14 1.00000e+00  
133.6 4.3845e+01  14 1.00000e+00  
133.7 4.3905e+01  14 1.00000e+00  
133.8 4.3939e+01  14 1.00000e+00  
133.9 4.3948e+01  14 1.00000e+00  
134.0 4.4010e+01  14 1.00000e+00  
134.1 4.4046e+01  14 1.00000e+00  
134.2 4.4073e+01  14 1.00000e+00  
134.3 4.4086e+01  14 1.00000e+00  
134.4 4.4145e+01  14 1.00000e+00  
134.5 4.4181e+01  14 1.00000e+00  
134.6 4.4214e+01  14 1.00000e+00  
134.7 4.4244e+01  14 1.00000e+00  
134.8 4.4272e+01  14 1.00000e+00  
134.9 4.3814e+01  14 1.00000e+00  
135.0 4.3845e+01  14 1.00000e+00  
135.1 4.3870e+01  14 1.00000e+00  
135.2 4.3919e+01  14 1.00000e+00  
135.3 4.3947e+01  14 1.00000e+00  
135.4 4.3968e+01  14 1.00000e+00  
135.5 4.4023e+01  14 1.00000e+00  
135.6 4.4056e+01  14 1.00000e+00  
135.7 4.4079e+01  14 1.00000e+00  
135.8 4.4092e+01  14 1.00000e+00  
135.9 4.4156e+01  14 1.00000e+00  
136.0 4.4191e+01  14 1.00000e+00  
136.1 4.3716e+01  14 1.00000e+00  
136.2 4.3753e+01  14 1.00000e+00  
136.3 4.3758e+01  14 1.00000e+00  
136.4 4.3823e+01  14 1.00000e+00  
136.5 4.3847e+01  14 1.00000e+00  
136.6 4.3891e+01  14 1.00000e+00  
136.7 4.3928e+01  14 1.00000e+00  
136.8 4.3949e+01  14 1.00000e+00  
136.9 4.3993e+01  14 1.00000e+00  
137.0 4.4030e+01  14 1.00000e+00  
137.1 4.4061e+01  14 1.00000e+00  
137.2 4.4081e+01  14 1.00000e+00  
137.3 4.4104e+01  14 1.00000e+00  
137.4 4.4164e+01  14 1.00000e+00  
137.5 4.4198e+01  14 1.00000e+00  
137.6 4.4229e+01  14 1.00000e+00  
137.7 4.4261e+01  14 1.00000e+00  
137.8 4.4309e+01  14 1.00000e+00  
137.9 4.4377e+01  14 1.00000e+00  
138.0 4.4419e+01  14 1.00000e+00  
138.1 4.4503e+01  14 1.00000e+00  
138.2 4.3938e+01  14 1.00000e+00  
138.3 4.3948e+01  14 1.00000e+00  
138.4 4.4010e+01  14 1.00000e+00  
138.5 4.4044e+01  14 1.00000e+00  
138.6 4.4074e+01  14 1.00000e+00  
138.7 4.4086e+01  14 1.00000e+00  
138.8 4.4143e+01  14 1.00000e+00  
138.9 4.4181e+01  14 1.00000e+00  
139.0 4.4213e+01  14 1.00000e+00  
139.1 4.4243e+01  14 1.00000e+00  
139.2 4.4272e+01  14 1.00000e+00  
139.3 4.4340e+01  14 1.00000e+00  
139.4 4.4403e+01  14 1.00000e+00  
139.5 4.4449e+01  14 1.00000e+00  
139.6 4.4529e+01  14 1.00000e+00  
139.7 4.4584e+01  14 1.00000e+00  
139.8 5.6960e+01  14 1.00000e+00  
139.9 5.7013e+01  14 1.00000e+00  
140.0 5.7066e+01  14 1.00000e+00  
140.1 5.7120e+01  14 1.00000e+00  
140.2 5.6245e+01  14 1.00000e+00  
140.3 5.6316e+01  14 1.00000e+00  
140.4 5.6387e+01  14 1.00000e+00  
140.5 5.5439e+01  14 1.00000e+00  
140.6 5.5509e+01  14 1.00000e+00  
140.7 5.5580e+01  14 1.00000e+00  
140.8 5.4596e+01  14 1.00000e+00  
140.9 5.4666e+01  14 1.00000e+00  
141.0 5.4736e+01  14 1.00000e+00  
141.1 5.4806e+01  14 1.00000e+00  
141.2 5.3830e+01  14 1.00000e+00  
141.3 5.3900e+01  14 1.00000e+00  
141.4 5.3964e+01  14 1.00000e+00  
141.5 5.2994e+01  14 1.00000e+00  
141.6 5.3063e+01  14 1.00000e+00  
141.7 5.3132e+01  14 1.00000e+00  
141.8 5.3200e+01  14 1.00000e+00  
141.9 4.4973e+01  14 1.00000e+00  
142.0 4.5042e+01  14 1.00000e+00  
142.1 4.5095e+01  14 1.00000e+00  
142.2 4.5134e+01  14 1.00000e+00  
142.3 4.5165e+01  14 1.00000e+00  
142.4 4.5201e+01  14 1.00000e+00  
142.5 4.5261e+01  14 1.00000e+00  
142.6 4.5315e+01  14 1.00000e+00  
142.7 4.5361e+01  14 1.00000e+00  
142.8 4.5405e+01  14 1.00000e+00  
142.9 4.5442e+01  14 1.00000e+00  
143.0 4.5500e+01  14 1.00000e+00  
143.1 4.5534e+01  14 1.00000e+00  
143.2 4.5567e+01  14 1.00000e+00  
143.3 4.5604e+01  14 1.00000e+00  
143.4 4.5637e+01  14 1.00000e+00  
143.5 4.5162e+01  14 1.00000e+00  
143.6 4.5177e+01  14 1.00000e+00  
143.7 4.5235e+01  14 1.00000e+00  
143.8 4.5289e+01  14 1.00000e+00  
143.9 4.5337e+01  14 1.00000e+00  
144.0 4.5381e+01  14 1.00000e+00  
144.1 4.5408e+01  14 1.00000e+00  
144.2 4.5474e+01  14 1.00000e+00  
144.3 4.5508e+01  14 1.00000e+00  
144.4 4.5431e+01  14 1.00000e+00  
144.5 4.4876e+01  14 1.00000e+00  
144.6 4.4938e+01  14 1.00000e+00  
144.7 4.4984e+01  14 1.00000e+00  
144.8 4.4893e+01  14 1.00000e+00  
144.9 4.4948e+01  14 1.00000e+00  
145.0 4.4976e+01  14 1.00000e+00  
145.1 4.5034e+01  14 1.00000e+00  
145.2 4.4315e+01  14 1.00000e+00  
145.3 4.4380e+01  14 1.00000e+00  
145.4 4.4421e+01  14 1.00000e+00  
145.5 4.4492e+01  14 1.00000e+00  
145.6 4.4494e+01  14 1.00000e+00  
145.7 4.4556e+01  14 1.00000e+00  
145.8 4.4576e+01  14 1.00000e+00  
145.9 4.4663e+01  14 1.00000e+00  
146.0 4.4036e+01  14 1.00000e+00  
146.1 4.4066e+01  14 1.00000e+00  
146.2 4.4083e+01  14 1.00000e+00  
146.3 4.4109e+01  14 1.00000e+00  
146.4 4.4156e+01  14 1.00000e+00  
146.5 4.4188e+01  14 1.00000e+00  
146.6 4.4218e+01  14 1.00000e+00  
146.7 4.4246e+01  14 1.00000e+00  
146.8 4.4272e+01  14 1.00000e+00  
146.9 4.4336e+01  14 1.00000e+00  
147.0 4.4396e+01  14 1.00000e+00  
147.1 4.4421e+01  14 1.00000e+00  
147.2 4.3909e+01  14 1.00000e+00  
147.3 4.3939e+01  14 1.00000e+00  
147.4 4.3949e+01  14 1.00000e+00  
147.5 4.4002e+01  14 1.00000e+00  
147.6 4.4036e+01  14 1.00000e+00  
147.7 4.4064e+01  14 1.00000e+00  
147.8 4.4082e+01  14 1.00000e+00  
147.9 4.4102e+01  14 1.00000e+00  
148.0 4.4157e+01  14 1.00000e+00  
148.1 4.4189e+01  14 1.00000e+00  
148.2 4.4219e+01  14 1.00000e+00  
148.3 4.3747e+01  14 1.00000e+00  
148.4 4.3759e+01  14 1.00000e+00  
148.5 4.3810e+01  14 1.00000e+00  
148.6 4.3841e+01  14 1.00000e+00  
148.7 4.3843e+01  14 1.00000e+00  
148.8 4.3906e+01  14 1.00000e+00  
148.9 4.3940e+01  14 1.00000e+00  
149.0 4.3949e+01  14 1.00000e+00  
149.1 4.4007e+01  14 1.00000e+00  
149.2 4.4039e+01  14 1.00000e+00  
149.3 4.4069e+01  14 1.00000e+00  
149.4 4.4084e+01  14 1.00000e+00  
149.5 4.4127e+01  14 1.00000e+00  
149.6 4.4168e+01  14 1.00000e+00  
149.7 4.4202e+01  14 1.00000e+00  
149.8 4.4230e+01  14 1.00000e+00  
149.9 4.3758e+01  14 1.00000e+00  
150.0 4.3784e+01  14 1.00000e+00  
