 15.1 1.3661e+00  13 4.43593e-02  
 15.2 1.3736e+00  13 4.49195e-02  
 15.3 1.3811e+00  13 4.54761e-02  
 15.4 1.3886e+00  13 4.60286e-02  
 15.5 1.4012e+00  13 4.69498e-02  
 15.6 1.4088e+00  13 4.75192e-02  
 15.7 1.4164e+00  13 4.80692e-02  
 15.8 1.4240e+00  13 4.86166e-02  
 15.9 1.4316e+00  13 4.91608e-02  
 16.0 1.4393e+00  13 4.97214e-02  
 16.1 1.4469e+00  13 5.02614e-02  
 16.2 1.4545e+00  13 5.08188e-02  
 16.3 1.4621e+00  13 5.13550e-02  
 16.4 1.4698e+00  13 5.19508e-02  
 16.5 1.4774e+00  13 5.25291e-02  
 16.6 1.4850e+00  13 5.30604e-02  
 16.7 1.4926e+00  13 5.35817e-02  
 16.8 1.5002e+00  13 5.41148e-02  
 16.9 1.5079e+00  13 5.46469e-02  
 17.0 1.5155e+00  13 5.51777e-02  
 17.1 1.5231e+00  13 5.57093e-02  
 17.2 1.5307e+00  13 5.62390e-02  
 17.3 1.5383e+00  13 5.67689e-02  
 17.4 1.5459e+00  13 5.72983e-02  
 17.5 1.5535e+00  13 5.78274e-02  
 17.6 1.5611e+00  13 5.83584e-02  
 17.7 1.5688e+00  13 5.88641e-02  
 17.8 1.5764e+00  13 5.93934e-02  
 17.9 1.5840e+00  13 5.99232e-02  
 18.0 1.5916e+00  13 6.04532e-02  
 18.1 1.5992e+00  13 6.09848e-02  
 18.2 1.6068e+00  13 6.15174e-02  
 18.3 1.6144e+00  13 6.20510e-02  
 18.4 1.6220e+00  13 6.25736e-02  
 18.5 1.6296e+00  13 6.30962e-02  
 18.6 1.6372e+00  13 6.36328e-02  
 18.7 1.6448e+00  13 6.41717e-02  
 18.8 1.6524e+00  13 6.47125e-02  
 18.9 1.6600e+00  13 6.52535e-02  
 19.0 1.6676e+00  13 6.57994e-02  
 19.1 1.6751e+00  13 6.63172e-02  
 19.2 1.6827e+00  13 6.68654e-02  
 19.3 1.6903e+00  13 6.74169e-02  
 19.4 1.6988e+00  13 6.80664e-02  
 19.5 1.7103e+00  13 6.90501e-02  
 19.6 1.7219e+00  13 7.00471e-02  
 19.7 1.7337e+00  13 7.10230e-02  
 19.8 1.7454e+00  13 7.20429e-02  
 19.9 1.7573e+00  13 7.30768e-02  
 20.0 1.7692e+00  13 7.41250e-02  
 20.1 1.7812e+00  13 7.51882e-02  
 20.2 1.7933e+00  13 7.62301e-02  
 20.3 1.8055e+00  13 7.73204e-02  
 20.4 1.8178e+00  13 7.84267e-02  
 20.5 1.8301e+00  13 7.95491e-02  
 20.6 1.8425e+00  13 8.06893e-02  
 20.7 1.8550e+00  13 8.18033e-02  
 20.8 1.8675e+00  13 8.29730e-02  
 20.9 1.8802e+00  13 8.41605e-02  
 21.0 1.8929e+00  13 8.53683e-02  
 21.1 1.9057e+00  13 8.65914e-02  
 21.2 1.9186e+00  13 8.77888e-02  
 21.3 1.3143e+01  14 1.00000e+00  
 21.4 1.3138e+01  14 1.00000e+00  
 21.5 1.3131e+01  14 1.00000e+00  
 21.6 1.3130e+01  14 1.00000e+00  
 21.7 1.3121e+01  14 1.00000e+00  
 21.8 1.3111e+01  14 1.00000e+00  
 21.9 1.3099e+01  14 1.00000e+00  
 22.0 1.3094e+01  14 1.00000e+00  
 22.1 1.3080e+01  14 1.00000e+00  
 22.2 1.3066e+01  14 1.00000e+00  
 22.3 1.3050e+01  14 1.00000e+00  
 22.4 1.3035e+01  14 1.00000e+00  
 22.5 1.3022e+01  14 1.00000e+00  
 22.6 1.3002e+01  14 1.00000e+00  
 22.7 1.2982e+01  14 1.00000e+00  
 22.8 1.2961e+01  14 1.00000e+00  
 22.9 1.2946e+01  14 1.00000e+00  
 23.0 1.2922e+01  14 1.00000e+00  
 23.1 1.2897e+01  14 1.00000e+00  
 23.2 1.2873e+01  14 1.00000e+00  
 23.3 1.2853e+01  14 1.00000e+00  
 23.4 1.2825e+01  14 1.00000e+00  
 23.5 1.2796e+01  14 1.00000e+00  
 23.6 1.2766e+01  14 1.00000e+00  
 23.7 1.2744e+01  14 1.00000e+00  
 23.8 1.2712e+01  14 1.00000e+00  
 23.9 1.2679e+01  14 1.00000e+00  
 24.0 1.2646e+01  14 1.00000e+00  
 24.1 1.2620e+01  14 1.00000e+00  
 24.2 1.2585e+01  14 1.00000e+00  
 24.3 1.2549e+01  14 1.00000e+00  
 24.4 1.2511e+01  14 1.00000e+00  
 24.5 1.2483e+01  14 1.00000e+00  
 24.6 5.4953e+00  14 3.98053e-01  
 24.7 5.5453e+00  14 4.03752e-01  
 24.8 5.5948e+00  14 4.09490e-01  
 24.9 5.6440e+00  14 4.14891e-01  
 25.0 5.6925e+00  14 4.20657e-01  
 25.1 5.7404e+00  14 4.26459e-01  
 25.2 5.7880e+00  14 4.32314e-01  
 25.3 5.8354e+00  14 4.37763e-01  
 25.4 5.8817e+00  14 4.43597e-01  
 25.5 5.9274e+00  14 4.49456e-01  
 25.6 5.9729e+00  14 4.55395e-01  
 25.7 6.0182e+00  14 4.60914e-01  
 25.8 6.0621e+00  14 4.66809e-01  
 25.9 6.1052e+00  14 4.72732e-01  
 26.0 6.1478e+00  14 4.78639e-01  
 26.1 6.1896e+00  14 4.84566e-01  
 26.2 6.2322e+00  14 4.90086e-01  
 26.3 6.2727e+00  14 4.96015e-01  
 26.4 6.3126e+00  14 5.01960e-01  
 26.5 6.3517e+00  14 5.07919e-01  
 26.6 6.3905e+00  14 5.13782e-01  
 26.7 6.4297e+00  14 5.19426e-01  
 26.8 6.4669e+00  14 5.25357e-01  
 26.9 6.5033e+00  14 5.31298e-01  
 27.0 6.5390e+00  14 5.37247e-01  
 27.1 6.5740e+00  14 5.43198e-01  
 27.2 6.6093e+00  14 5.48956e-01  
 27.3 6.6444e+00  14 5.54638e-01  
 27.4 6.6767e+00  14 5.60689e-01  
 27.5 6.7028e+00  14 5.67583e-01  
 27.6 6.7234e+00  14 5.75172e-01  
 27.7 6.7098e+00  14 5.87828e-01  
 27.8 6.6959e+00  14 6.00221e-01  
 27.9 6.6925e+00  14 6.10663e-01  
 28.0 6.6869e+00  14 6.21166e-01  
 28.1 6.6636e+00  14 6.34163e-01  
 28.2 6.6819e+00  14 6.40388e-01  
 28.3 6.7258e+00  14 6.42703e-01  
 28.4 6.7758e+00  14 6.44293e-01  
 28.5 6.8240e+00  14 6.46327e-01  
 28.6 6.8701e+00  14 6.48774e-01  
 28.7 6.9196e+00  14 6.50939e-01  
 28.8 6.9709e+00  14 6.53053e-01  
 28.9 7.0254e+00  14 6.54957e-01  
 29.0 7.0725e+00  14 6.57820e-01  
 29.1 7.1251e+00  14 6.60213e-01  
 29.2 7.1693e+00  14 6.63565e-01  
 29.3 7.1945e+00  14 6.68767e-01  
 29.4 7.2220e+00  14 6.73687e-01  
 29.5 7.2499e+00  14 6.78534e-01  
 29.6 7.2942e+00  14 6.81924e-01  
 29.7 7.3404e+00  14 6.85203e-01  
 29.8 7.3887e+00  14 6.88379e-01  
 29.9 7.3727e+00  14 6.84996e-01  
 30.0 7.4198e+00  14 6.88962e-01  
 30.1 7.3862e+00  14 6.93135e-01  
 30.2 7.4160e+00  14 6.94761e-01  
 30.3 7.4322e+00  14 6.95641e-01  
 30.4 7.4636e+00  14 6.97361e-01  
 30.5 7.4808e+00  14 6.98303e-01  
 30.6 7.5034e+00  14 6.99537e-01  
 30.7 7.5258e+00  14 7.00765e-01  
 30.8 7.5482e+00  14 7.01994e-01  
 30.9 7.5779e+00  14 7.03627e-01  
 31.0 7.5994e+00  14 7.04807e-01  
 31.1 7.6345e+00  14 7.06735e-01  
 31.2 7.6540e+00  14 7.07808e-01  
 31.3 7.6683e+00  14 7.08596e-01  
 31.4 7.7024e+00  14 7.10473e-01  
 31.5 7.7282e+00  14 7.11898e-01  
 31.6 7.7616e+00  14 7.13741e-01  
 31.7 7.7740e+00  14 7.14428e-01  
 31.8 7.8167e+00  14 7.16785e-01  
 31.9 7.8300e+00  14 7.17518e-01  
 32.0 7.8686e+00  14 7.19656e-01  
 32.1 7.8863e+00  14 7.20635e-01  
 32.2 7.9146e+00  14 7.22204e-01  
 32.3 7.9435e+00  14 7.23805e-01  
 32.4 7.9582e+00  14 7.24621e-01  
 32.5 7.9979e+00  14 7.26822e-01  
 32.6 8.0234e+00  14 7.28235e-01  
 32.7 8.0528e+00  14 7.29869e-01  
 32.8 8.0829e+00  14 7.31535e-01  
 32.9 8.1115e+00  14 7.33125e-01  
 33.0 8.1348e+00  14 7.34419e-01  
 33.1 8.1650e+00  14 7.36095e-01  
 33.2 8.1807e+00  14 7.36969e-01  
 33.3 8.2115e+00  14 7.38677e-01  
 33.4 8.2482e+00  14 7.40718e-01  
 33.5 8.2726e+00  14 7.42076e-01  
 33.6 8.2949e+00  14 7.43310e-01  
 33.7 8.3198e+00  14 7.44693e-01  
 33.8 8.3565e+00  14 7.46735e-01  
 33.9 8.3826e+00  14 7.48186e-01  
 34.0 8.4063e+00  14 7.49500e-01  
 34.1 8.4261e+00  14 7.50602e-01  
 34.2 8.4697e+00  14 7.53020e-01  
 34.3 8.4892e+00  14 7.54106e-01  
 34.4 8.5300e+00  14 7.56373e-01  
 34.5 8.5603e+00  14 7.58053e-01  
 34.6 8.5883e+00  14 7.59610e-01  
 34.7 8.6127e+00  14 7.60967e-01  
 34.8 8.6314e+00  14 7.62004e-01  
 34.9 8.6759e+00  14 7.64471e-01  
 35.0 8.7027e+00  14 7.65958e-01  
 35.1 8.7288e+00  14 7.67410e-01  
 35.2 8.7506e+00  14 7.68619e-01  
 35.3 8.7880e+00  14 7.70690e-01  
 35.4 8.8137e+00  14 7.72119e-01  
 35.5 8.8401e+00  14 7.73579e-01  
 35.6 8.8631e+00  14 7.74858e-01  
 35.7 8.9018e+00  14 7.77000e-01  
 35.8 8.9384e+00  14 7.79027e-01  
 35.9 8.9622e+00  14 7.80341e-01  
 36.0 9.0041e+00  14 7.82660e-01  
 36.1 9.0406e+00  14 7.84677e-01  
 36.2 9.0681e+00  14 7.86198e-01  
 36.3 9.0824e+00  14 7.86990e-01  
 36.4 9.1165e+00  14 7.88872e-01  
 36.5 9.1530e+00  14 7.90887e-01  
 36.6 9.1883e+00  14 7.92837e-01  
 36.7 9.2141e+00  14 7.94256e-01  
 36.8 9.2401e+00  14 7.95690e-01  
 36.9 9.2690e+00  14 7.97281e-01  
 37.0 9.3101e+00  14 7.99546e-01  
 37.1 9.3364e+00  14 8.00996e-01  
 37.2 9.3683e+00  14 8.02754e-01  
 37.3 9.4081e+00  14 8.04939e-01  
 37.4 9.4266e+00  14 8.05958e-01  
 37.5 9.4600e+00  14 8.07793e-01  
 37.6 9.4915e+00  14 8.09527e-01  
 37.7 9.5228e+00  14 8.11245e-01  
 37.8 9.5665e+00  14 8.13641e-01  
 37.9 9.5878e+00  14 8.14807e-01  
 38.0 9.6176e+00  14 8.16438e-01  
 38.1 9.6425e+00  14 8.17803e-01  
 38.2 9.6748e+00  14 8.19574e-01  
 38.3 9.7166e+00  14 8.21856e-01  
 38.4 9.7547e+00  14 8.23942e-01  
 38.5 9.7864e+00  14 8.25671e-01  
 38.6 9.8292e+00  14 8.28008e-01  
 38.7 9.8586e+00  14 8.29610e-01  
 38.8 9.9005e+00  14 8.31890e-01  
 38.9 9.9276e+00  14 8.33369e-01  
 39.0 9.9730e+00  14 8.35837e-01  
 39.1 9.9911e+00  14 8.36824e-01  
 39.2 1.0035e+01  14 8.39203e-01  
 39.3 1.0050e+01  14 8.40018e-01  
 39.4 1.0087e+01  14 8.42021e-01  
 39.5 1.0122e+01  14 8.43921e-01  
 39.6 1.0156e+01  14 8.45762e-01  
 39.7 1.0189e+01  14 8.47567e-01  
 39.8 1.0222e+01  14 8.49335e-01  
 39.9 1.0254e+01  14 8.51059e-01  
 40.0 1.0285e+01  14 8.52752e-01  
 40.1 1.0315e+01  14 8.54379e-01  
 40.2 1.0342e+01  14 8.55816e-01  
 40.3 1.0394e+01  14 8.58655e-01  
 40.4 1.0431e+01  14 8.60630e-01  
 40.5 1.0462e+01  14 8.62298e-01  
 40.6 1.0510e+01  14 8.64897e-01  
 40.7 1.0530e+01  14 8.65970e-01  
 40.8 1.0565e+01  14 8.67844e-01  
 40.9 1.0593e+01  14 8.69337e-01  
 41.0 1.0623e+01  14 8.70925e-01  
 41.1 1.0673e+01  14 8.73618e-01  
 41.2 1.0713e+01  14 8.75782e-01  
 41.3 1.0418e+01  14 8.59908e-01  
 41.4 1.0391e+01  14 8.58470e-01  
 41.5 1.0345e+01  14 8.55989e-01  
 41.6 1.0296e+01  14 8.53357e-01  
 41.7 1.0181e+01  14 8.47124e-01  
 41.8 1.0087e+01  14 8.42032e-01  
 41.9 9.9846e+00  14 8.36470e-01  
 42.0 9.8920e+00  14 8.31428e-01  
 42.1 9.8795e+00  14 8.30751e-01  
 42.2 9.8575e+00  14 8.29548e-01  
 42.3 9.8250e+00  14 8.27780e-01  
 42.4 9.7814e+00  14 8.25400e-01  
 42.5 9.6621e+00  14 8.18876e-01  
 42.6 9.6226e+00  14 8.16713e-01  
 42.7 9.4938e+00  14 8.09649e-01  
 42.8 9.4462e+00  14 8.07035e-01  
 42.9 9.4263e+00  14 8.05940e-01  
 43.0 9.4084e+00  14 8.04956e-01  
 43.1 9.3952e+00  14 8.04232e-01  
 43.2 9.3736e+00  14 8.03045e-01  
 43.3 9.2600e+00  14 7.96787e-01  
 43.4 9.2063e+00  14 7.93830e-01  
 43.5 9.1330e+00  14 7.89782e-01  
 43.6 9.0552e+00  14 7.85488e-01  
 43.7 9.0487e+00  14 7.85127e-01  
 43.8 9.0499e+00  14 7.85194e-01  
 43.9 9.0353e+00  14 7.84388e-01  
 44.0 9.0148e+00  14 7.83253e-01  
 44.1 8.9825e+00  14 7.81465e-01  
 44.2 8.9345e+00  14 7.78809e-01  
 44.3 8.8778e+00  14 7.75669e-01  
 44.4 8.7892e+00  14 7.70762e-01  
 44.5 8.7734e+00  14 7.69885e-01  
 44.6 8.7304e+00  14 7.67498e-01  
 44.7 8.7335e+00  14 7.67671e-01  
 44.8 8.7074e+00  14 7.66224e-01  
 44.9 8.7116e+00  14 7.66456e-01  
 45.0 8.7489e+00  14 7.68527e-01  
 45.1 8.8324e+00  14 7.73152e-01  
 45.2 8.8989e+00  14 7.76840e-01  
 45.3 8.9044e+00  14 7.77146e-01  
 45.4 8.8891e+00  14 7.76293e-01  
 45.5 8.9677e+00  14 7.80648e-01  
 45.6 9.0330e+00  14 7.84261e-01  
 45.7 9.0873e+00  14 7.87260e-01  
 45.8 9.1405e+00  14 7.90195e-01  
 45.9 9.1922e+00  14 7.93048e-01  
 46.0 9.2655e+00  14 7.97088e-01  
 46.1 9.3201e+00  14 8.00098e-01  
 46.2 9.3550e+00  14 8.02018e-01  
 46.3 9.3829e+00  14 8.03557e-01  
 46.4 9.4279e+00  14 8.06028e-01  
 46.5 9.4567e+00  14 8.07611e-01  
 46.6 9.4802e+00  14 8.08906e-01  
 46.7 9.5066e+00  14 8.10353e-01  
 46.8 9.6008e+00  14 8.15517e-01  
 46.9 9.6696e+00  14 8.19287e-01  
 47.0 9.7461e+00  14 8.23470e-01  
 47.1 9.8030e+00  14 8.26575e-01  
 47.2 9.8602e+00  14 8.29696e-01  
 47.3 9.9033e+00  14 8.32045e-01  
 47.4 9.9915e+00  14 8.36841e-01  
 47.5 1.0045e+01  14 8.39768e-01  
 47.6 1.0084e+01  14 8.41857e-01  
 47.7 1.0117e+01  14 8.43646e-01  
 47.8 1.0151e+01  14 8.45496e-01  
 47.9 1.0200e+01  14 8.48168e-01  
 48.0 1.0234e+01  14 8.49994e-01  
 48.1 1.0259e+01  14 8.51349e-01  
 48.2 1.0327e+01  14 8.55023e-01  
 48.3 1.0430e+01  14 8.60563e-01  
 48.4 1.0503e+01  14 8.64508e-01  
 48.5 1.0573e+01  14 8.68271e-01  
 48.6 1.0633e+01  14 8.71487e-01  
 48.7 1.0687e+01  14 8.74385e-01  
 48.8 1.0788e+01  14 8.79747e-01  
 48.9 1.0834e+01  14 8.82197e-01  
 49.0 1.0888e+01  14 8.85091e-01  
 49.1 1.0914e+01  14 8.86489e-01  
 49.2 1.0967e+01  14 8.89324e-01  
 49.3 1.1005e+01  14 8.91331e-01  
 49.4 1.1048e+01  14 8.93598e-01  
 49.5 1.1077e+01  14 8.95127e-01  
 49.6 1.1149e+01  14 8.98973e-01  
 49.7 1.1246e+01  14 9.04064e-01  
 49.8 1.1329e+01  14 9.08487e-01  
 49.9 1.1409e+01  14 9.12701e-01  
 50.0 1.1473e+01  14 9.16060e-01  
 50.1 1.1541e+01  14 9.19629e-01  
 50.2 1.1585e+01  14 9.21942e-01  
 50.3 1.1692e+01  14 9.27541e-01  
 50.4 1.1767e+01  14 9.31440e-01  
 50.5 1.1798e+01  14 9.33062e-01  
 50.6 1.1856e+01  14 9.36056e-01  
 50.7 1.1901e+01  14 9.38407e-01  
 50.8 1.1937e+01  14 9.40274e-01  
 50.9 1.1984e+01  14 9.42727e-01  
 51.0 1.2026e+01  14 9.44867e-01  
 51.1 1.2099e+01  14 9.48659e-01  
 51.2 1.2176e+01  14 9.52628e-01  
 51.3 1.2282e+01  14 9.58114e-01  
 51.4 1.2364e+01  14 9.62295e-01  
 51.5 1.2436e+01  14 9.66019e-01  
 51.6 1.2521e+01  14 9.70358e-01  
 51.7 1.2578e+01  14 9.73305e-01  
 51.8 1.2689e+01  14 9.78934e-01  
 51.9 1.2743e+01  14 9.81671e-01  
 52.0 1.2791e+01  14 9.84112e-01  
 52.1 1.2858e+01  14 9.87543e-01  
 52.2 1.2908e+01  14 9.90049e-01  
 52.3 1.2941e+01  14 9.91726e-01  
 52.4 1.2986e+01  14 9.94012e-01  
 52.5 1.3050e+01  14 9.97232e-01  
 52.6 1.3109e+01  14 1.00000e+00  
 52.7 1.3138e+01  14 1.00000e+00  
 52.8 1.3170e+01  14 1.00000e+00  
 52.9 1.3214e+01  14 1.00000e+00  
 53.0 1.3249e+01  14 1.00000e+00  
 53.1 1.3281e+01  14 1.00000e+00  
 53.2 1.3305e+01  14 1.00000e+00  
 53.3 1.3329e+01  14 1.00000e+00  
 53.4 1.3360e+01  14 1.00000e+00  
 53.5 1.3396e+01  14 1.00000e+00  
 53.6 1.3424e+01  14 1.00000e+00  
 53.7 1.3446e+01  14 1.00000e+00  
 53.8 1.3466e+01  14 1.00000e+00  
 53.9 1.3479e+01  14 1.00000e+00  
 54.0 1.3504e+01  14 1.00000e+00  
 54.1 1.3518e+01  14 1.00000e+00  
 54.2 1.3542e+01  14 1.00000e+00  
 54.3 1.3576e+01  14 1.00000e+00  
 54.4 1.3603e+01  14 1.00000e+00  
 54.5 1.3649e+01  14 1.00000e+00  
 54.6 1.3684e+01  14 1.00000e+00  
 54.7 1.3707e+01  14 1.00000e+00  
 54.8 1.3743e+01  14 1.00000e+00  
 54.9 1.3768e+01  14 1.00000e+00  
 55.0 1.3796e+01  14 1.00000e+00  
 55.1 1.3835e+01  14 1.00000e+00  
 55.2 1.3864e+01  14 1.00000e+00  
 55.3 1.3880e+01  14 1.00000e+00  
 55.4 1.3901e+01  14 1.00000e+00  
 55.5 1.3924e+01  14 1.00000e+00  
 55.6 1.3938e+01  14 1.00000e+00  
 55.7 1.3959e+01  14 1.00000e+00  
 55.8 1.3971e+01  14 1.00000e+00  
 55.9 1.4010e+01  14 1.00000e+00  
 56.0 1.4044e+01  14 1.00000e+00  
 56.1 1.4067e+01  14 1.00000e+00  
 56.2 1.4128e+01  14 1.00000e+00  
 56.3 1.4161e+01  14 1.00000e+00  
 56.4 1.4193e+01  14 1.00000e+00  
 56.5 1.4224e+01  14 1.00000e+00  
 56.6 1.4250e+01  14 1.00000e+00  
 56.7 1.4277e+01  14 1.00000e+00  
 56.8 1.4306e+01  14 1.00000e+00  
 56.9 1.4335e+01  14 1.00000e+00  
 57.0 1.4364e+01  14 1.00000e+00  
 57.1 1.4386e+01  14 1.00000e+00  
 57.2 1.4395e+01  14 1.00000e+00  
 57.3 1.4421e+01  14 1.00000e+00  
 57.4 1.4430e+01  14 1.00000e+00  
 57.5 1.4455e+01  14 1.00000e+00  
 57.6 1.4490e+01  14 1.00000e+00  
 57.7 1.4525e+01  14 1.00000e+00  
 57.8 1.4561e+01  14 1.00000e+00  
 57.9 1.4589e+01  14 1.00000e+00  
 58.0 1.4626e+01  14 1.00000e+00  
 58.1 1.4663e+01  14 1.00000e+00  
 58.2 1.4685e+01  14 1.00000e+00  
 58.3 1.4715e+01  14 1.00000e+00  
 58.4 1.4750e+01  14 1.00000e+00  
 58.5 1.4775e+01  14 1.00000e+00  
 58.6 1.4817e+01  14 1.00000e+00  
 58.7 1.4838e+01  14 1.00000e+00  
 58.8 1.4864e+01  14 1.00000e+00  
 58.9 1.4876e+01  14 1.00000e+00  
 59.0 1.4905e+01  14 1.00000e+00  
 59.1 1.4921e+01  14 1.00000e+00  
 59.2 1.4944e+01  14 1.00000e+00  
 59.3 1.4959e+01  14 1.00000e+00  
 59.4 1.4995e+01  14 1.00000e+00  
 59.5 1.5034e+01  14 1.00000e+00  
 59.6 1.5065e+01  14 1.00000e+00  
 59.7 1.5097e+01  14 1.00000e+00  
 59.8 1.5137e+01  14 1.00000e+00  
 59.9 1.5160e+01  14 1.00000e+00  
 60.0 1.5190e+01  14 1.00000e+00  
 60.1 1.5229e+01  14 1.00000e+00  
 60.2 1.5253e+01  14 1.00000e+00  
 60.3 1.5285e+01  14 1.00000e+00  
 60.4 1.5304e+01  14 1.00000e+00  
 60.5 1.5347e+01  14 1.00000e+00  
 60.6 1.5377e+01  14 1.00000e+00  
 60.7 1.5383e+01  14 1.00000e+00  
 60.8 1.5416e+01  14 1.00000e+00  
 60.9 1.5435e+01  14 1.00000e+00  
 61.0 1.5455e+01  14 1.00000e+00  
 61.1 1.5463e+01  14 1.00000e+00  
 61.2 1.5502e+01  14 1.00000e+00  
 61.3 1.5536e+01  14 1.00000e+00  
 61.4 1.5574e+01  14 1.00000e+00  
 61.5 1.5603e+01  14 1.00000e+00  
 61.6 1.5635e+01  14 1.00000e+00  
 61.7 1.5671e+01  14 1.00000e+00  
 61.8 1.5709e+01  14 1.00000e+00  
 61.9 1.5738e+01  14 1.00000e+00  
 62.0 1.5771e+01  14 1.00000e+00  
 62.1 1.5796e+01  14 1.00000e+00  
 62.2 1.5825e+01  14 1.00000e+00  
 62.3 1.5850e+01  14 1.00000e+00  
 62.4 1.5896e+01  14 1.00000e+00  
 62.5 1.5927e+01  14 1.00000e+00  
 62.6 1.5942e+01  14 1.00000e+00  
 62.7 1.5956e+01  14 1.00000e+00  
 62.8 1.5974e+01  14 1.00000e+00  
 62.9 1.6004e+01  14 1.00000e+00  
 63.0 1.6017e+01  14 1.00000e+00  
 63.1 1.6043e+01  14 1.00000e+00  
 63.2 1.6078e+01  14 1.00000e+00  
 63.3 1.6109e+01  14 1.00000e+00  
 63.4 1.6149e+01  14 1.00000e+00  
 63.5 1.6176e+01  14 1.00000e+00  
 63.6 1.6206e+01  14 1.00000e+00  
 63.7 1.6238e+01  14 1.00000e+00  
 63.8 1.6276e+01  14 1.00000e+00  
 63.9 1.6316e+01  14 1.00000e+00  
 64.0 1.6346e+01  14 1.00000e+00  
 64.1 1.6372e+01  14 1.00000e+00  
 64.2 1.6399e+01  14 1.00000e+00  
 64.3 1.6424e+01  14 1.00000e+00  
 64.4 1.6469e+01  14 1.00000e+00  
 64.5 1.6500e+01  14 1.00000e+00  
 64.6 1.6515e+01  14 1.00000e+00  
 64.7 1.6531e+01  14 1.00000e+00  
 64.8 1.6549e+01  14 1.00000e+00  
 64.9 1.6571e+01  14 1.00000e+00  
 65.0 1.6599e+01  14 1.00000e+00  
 65.1 1.6607e+01  14 1.00000e+00  
 65.2 1.6654e+01  14 1.00000e+00  
 65.3 1.6691e+01  14 1.00000e+00  
 65.4 1.6728e+01  14 1.00000e+00  
 65.5 1.6761e+01  14 1.00000e+00  
 65.6 1.6783e+01  14 1.00000e+00  
 65.7 1.6808e+01  14 1.00000e+00  
 65.8 1.6862e+01  14 1.00000e+00  
 65.9 1.6894e+01  14 1.00000e+00  
 66.0 1.6912e+01  14 1.00000e+00  
 66.1 1.6943e+01  14 1.00000e+00  
 66.2 1.6980e+01  14 1.00000e+00  
 66.3 1.7004e+01  14 1.00000e+00  
 66.4 1.7029e+01  14 1.00000e+00  
 66.5 1.7053e+01  14 1.00000e+00  
 66.6 1.7087e+01  14 1.00000e+00  
 66.7 1.7122e+01  14 1.00000e+00  
 66.8 1.7141e+01  14 1.00000e+00  
 66.9 1.7161e+01  14 1.00000e+00  
 67.0 1.7164e+01  14 1.00000e+00  
 67.1 1.7195e+01  14 1.00000e+00  
 67.2 1.7208e+01  14 1.00000e+00  
 67.3 1.7242e+01  14 1.00000e+00  
 67.4 1.7288e+01  14 1.00000e+00  
 67.5 1.7317e+01  14 1.00000e+00  
 67.6 1.7350e+01  14 1.00000e+00  
 67.7 1.7386e+01  14 1.00000e+00  
 67.8 1.7415e+01  14 1.00000e+00  
 67.9 1.7451e+01  14 1.00000e+00  
 68.0 1.7486e+01  14 1.00000e+00  
 68.1 1.7512e+01  14 1.00000e+00  
 68.2 1.7547e+01  14 1.00000e+00  
 68.3 1.7568e+01  14 1.00000e+00  
 68.4 1.7600e+01  14 1.00000e+00  
 68.5 1.7625e+01  14 1.00000e+00  
 68.6 1.7649e+01  14 1.00000e+00  
 68.7 1.7672e+01  14 1.00000e+00  
 68.8 1.7727e+01  14 1.00000e+00  
 68.9 1.7734e+01  14 1.00000e+00  
 69.0 1.7753e+01  14 1.00000e+00  
 69.1 1.7779e+01  14 1.00000e+00  
 69.2 1.7803e+01  14 1.00000e+00  
 69.3 1.7821e+01  14 1.00000e+00  
 69.4 1.7843e+01  14 1.00000e+00  
 69.5 1.7873e+01  14 1.00000e+00  
 69.6 1.7912e+01  14 1.00000e+00  
 69.7 1.7942e+01  14 1.00000e+00  
 69.8 1.7979e+01  14 1.00000e+00  
 69.9 1.8003e+01  14 1.00000e+00  
 70.0 1.8042e+01  14 1.00000e+00  
 70.1 1.8070e+01  14 1.00000e+00  
 70.2 1.8102e+01  14 1.00000e+00  
 70.3 1.8138e+01  14 1.00000e+00  
 70.4 1.8178e+01  14 1.00000e+00  
 70.5 1.8204e+01  14 1.00000e+00  
 70.6 1.8226e+01  14 1.00000e+00  
 70.7 1.8250e+01  14 1.00000e+00  
 70.8 1.8275e+01  14 1.00000e+00  
 70.9 1.8298e+01  14 1.00000e+00  
 71.0 1.8343e+01  14 1.00000e+00  
 71.1 1.8381e+01  14 1.00000e+00  
 71.2 1.8396e+01  14 1.00000e+00  
 71.3 1.8417e+01  14 1.00000e+00  
 71.4 1.8426e+01  14 1.00000e+00  
 71.5 1.8456e+01  14 1.00000e+00  
 71.6 1.8479e+01  14 1.00000e+00  
 71.7 1.8499e+01  14 1.00000e+00  
 71.8 1.8530e+01  14 1.00000e+00  
 71.9 1.8558e+01  14 1.00000e+00  
 72.0 1.8608e+01  14 1.00000e+00  
 72.1 1.8643e+01  14 1.00000e+00  
 72.2 1.8674e+01  14 1.00000e+00  
 72.3 1.8712e+01  14 1.00000e+00  
 72.4 1.8741e+01  14 1.00000e+00  
 72.5 1.8776e+01  14 1.00000e+00  
 72.6 1.8805e+01  14 1.00000e+00  
 72.7 1.8850e+01  14 1.00000e+00  
 72.8 1.8880e+01  14 1.00000e+00  
 72.9 1.8907e+01  14 1.00000e+00  
 73.0 1.8933e+01  14 1.00000e+00  
 73.1 1.8946e+01  14 1.00000e+00  
 73.2 1.8970e+01  14 1.00000e+00  
 73.3 1.8991e+01  14 1.00000e+00  
 73.4 1.9033e+01  14 1.00000e+00  
 73.5 1.9080e+01  14 1.00000e+00  
 73.6 1.9090e+01  14 1.00000e+00  
 73.7 1.9119e+01  14 1.00000e+00  
 73.8 1.9141e+01  14 1.00000e+00  
 73.9 1.9160e+01  14 1.00000e+00  
 74.0 1.9183e+01  14 1.00000e+00  
 74.1 1.9204e+01  14 1.00000e+00  
 74.2 1.9240e+01  14 1.00000e+00  
 74.3 1.9281e+01  14 1.00000e+00  
 74.4 1.9312e+01  14 1.00000e+00  
 74.5 1.9346e+01  14 1.00000e+00  
 74.6 1.9384e+01  14 1.00000e+00  
 74.7 1.9411e+01  14 1.00000e+00  
 74.8 1.9442e+01  14 1.00000e+00  
 74.9 1.9464e+01  14 1.00000e+00  
 75.0 1.9508e+01  14 1.00000e+00  
 75.1 1.9555e+01  14 1.00000e+00  
 75.2 1.9586e+01  14 1.00000e+00  
 75.3 1.9615e+01  14 1.00000e+00  
 75.4 1.9638e+01  14 1.00000e+00  
 75.5 1.9666e+01  14 1.00000e+00  
 75.6 1.9690e+01  14 1.00000e+00  
 75.7 1.9714e+01  14 1.00000e+00  
 75.8 1.9739e+01  14 1.00000e+00  
 75.9 1.9768e+01  14 1.00000e+00  
 76.0 1.9815e+01  14 1.00000e+00  
 76.1 1.9833e+01  14 1.00000e+00  
 76.2 1.9842e+01  14 1.00000e+00  
 76.3 1.9876e+01  14 1.00000e+00  
 76.4 1.9889e+01  14 1.00000e+00  
 76.5 1.9919e+01  14 1.00000e+00  
 76.6 1.9940e+01  14 1.00000e+00  
 76.7 1.9968e+01  14 1.00000e+00  
 76.8 2.0020e+01  14 1.00000e+00  
 76.9 2.0047e+01  14 1.00000e+00  
 77.0 2.0084e+01  14 1.00000e+00  
 77.1 2.0118e+01  14 1.00000e+00  
 77.2 2.0160e+01  14 1.00000e+00  
 77.3 2.0192e+01  14 1.00000e+00  
 77.4 2.0222e+01  14 1.00000e+00  
 77.5 2.0248e+01  14 1.00000e+00  
 77.6 2.0299e+01  14 1.00000e+00  
 77.7 2.0334e+01  14 1.00000e+00  
 77.8 2.0338e+01  14 1.00000e+00  
 77.9 2.0394e+01  14 1.00000e+00  
 78.0 2.0416e+01  14 1.00000e+00  
 78.1 2.0445e+01  14 1.00000e+00  
 78.2 2.0460e+01  14 1.00000e+00  
 78.3 2.0486e+01  14 1.00000e+00  
 78.4 2.0511e+01  14 1.00000e+00  
 78.5 2.0547e+01  14 1.00000e+00  
 78.6 2.0576e+01  14 1.00000e+00  
 78.7 2.0597e+01  14 1.00000e+00  
 78.8 2.0629e+01  14 1.00000e+00  
 78.9 2.0649e+01  14 1.00000e+00  
 79.0 2.0658e+01  14 1.00000e+00  
 79.1 2.0695e+01  14 1.00000e+00  
 79.2 2.0717e+01  14 1.00000e+00  
 79.3 2.0754e+01  14 1.00000e+00  
 79.4 2.0799e+01  14 1.00000e+00  
 79.5 2.0833e+01  14 1.00000e+00  
 79.6 2.0871e+01  14 1.00000e+00  
 79.7 2.0901e+01  14 1.00000e+00  
 79.8 2.0944e+01  14 1.00000e+00  
 79.9 2.0963e+01  14 1.00000e+00  
 80.0 2.0999e+01  14 1.00000e+00  
 80.1 2.1031e+01  14 1.00000e+00  
 80.2 2.1082e+01  14 1.00000e+00  
 80.3 2.1090e+01  14 1.00000e+00  
 80.4 2.1122e+01  14 1.00000e+00  
 80.5 2.1152e+01  14 1.00000e+00  
 80.6 2.1179e+01  14 1.00000e+00  
 80.7 2.1227e+01  14 1.00000e+00  
 80.8 2.1260e+01  14 1.00000e+00  
 80.9 2.1283e+01  14 1.00000e+00  
 81.0 2.1307e+01  14 1.00000e+00  
 81.1 2.1329e+01  14 1.00000e+00  
 81.2 2.1353e+01  14 1.00000e+00  
 81.3 2.1413e+01  14 1.00000e+00  
 81.4 2.1426e+01  14 1.00000e+00  
 81.5 2.1449e+01  14 1.00000e+00  
 81.6 2.1466e+01  14 1.00000e+00  
 81.7 2.1488e+01  14 1.00000e+00  
 81.8 2.1517e+01  14 1.00000e+00  
 81.9 2.1539e+01  14 1.00000e+00  
 82.0 2.1559e+01  14 1.00000e+00  
 82.1 2.1609e+01  14 1.00000e+00  
 82.2 2.1646e+01  14 1.00000e+00  
 82.3 2.1688e+01  14 1.00000e+00  
 82.4 2.1724e+01  14 1.00000e+00  
 82.5 2.1761e+01  14 1.00000e+00  
 82.6 2.1788e+01  14 1.00000e+00  
 82.7 2.1829e+01  14 1.00000e+00  
 82.8 2.1861e+01  14 1.00000e+00  
 82.9 2.1887e+01  14 1.00000e+00  
 83.0 2.1894e+01  14 1.00000e+00  
 83.1 2.1930e+01  14 1.00000e+00  
 83.2 2.1963e+01  14 1.00000e+00  
 83.3 2.1993e+01  14 1.00000e+00  
 83.4 2.2022e+01  14 1.00000e+00  
 83.5 2.2046e+01  14 1.00000e+00  
 83.6 2.2119e+01  14 1.00000e+00  
 83.7 2.2141e+01  14 1.00000e+00  
 83.8 2.2164e+01  14 1.00000e+00  
 83.9 2.2183e+01  14 1.00000e+00  
 84.0 2.2203e+01  14 1.00000e+00  
 84.1 2.2233e+01  14 1.00000e+00  
 84.2 2.2294e+01  14 1.00000e+00  
 84.3 2.2309e+01  14 1.00000e+00  
 84.4 2.2335e+01  14 1.00000e+00  
 84.5 2.2359e+01  14 1.00000e+00  
 84.6 2.2380e+01  14 1.00000e+00  
 84.7 2.2399e+01  14 1.00000e+00  
 84.8 2.2421e+01  14 1.00000e+00  
 84.9 2.2456e+01  14 1.00000e+00  
 85.0 2.2506e+01  14 1.00000e+00  
 85.1 2.2547e+01  14 1.00000e+00  
 85.2 2.2578e+01  14 1.00000e+00  
 85.3 2.2623e+01  14 1.00000e+00  
 85.4 2.2661e+01  14 1.00000e+00  
 85.5 2.2696e+01  14 1.00000e+00  
 85.6 2.2734e+01  14 1.00000e+00  
 85.7 2.2752e+01  14 1.00000e+00  
 85.8 2.2792e+01  14 1.00000e+00  
 85.9 2.2827e+01  14 1.00000e+00  
 86.0 2.2832e+01  14 1.00000e+00  
 86.1 2.2865e+01  14 1.00000e+00  
 86.2 2.2897e+01  14 1.00000e+00  
 86.3 2.2928e+01  14 1.00000e+00  
 86.4 2.2957e+01  14 1.00000e+00  
 86.5 2.2981e+01  14 1.00000e+00  
 86.6 2.3056e+01  14 1.00000e+00  
 86.7 2.3080e+01  14 1.00000e+00  
 86.8 2.3103e+01  14 1.00000e+00  
 86.9 2.3122e+01  14 1.00000e+00  
 87.0 2.3147e+01  14 1.00000e+00  
 87.1 2.3214e+01  14 1.00000e+00  
 87.2 2.3214e+01  14 1.00000e+00  
 87.3 2.3248e+01  14 1.00000e+00  
 87.4 2.3271e+01  14 1.00000e+00  
 87.5 2.3294e+01  14 1.00000e+00  
 87.6 2.3315e+01  14 1.00000e+00  
 87.7 2.3337e+01  14 1.00000e+00  
 87.8 2.3362e+01  14 1.00000e+00  
 87.9 2.3392e+01  14 1.00000e+00  
 88.0 2.3447e+01  14 1.00000e+00  
 88.1 2.3481e+01  14 1.00000e+00  
 88.2 2.3521e+01  14 1.00000e+00  
 88.3 2.3560e+01  14 1.00000e+00  
 88.4 2.3598e+01  14 1.00000e+00  
 88.5 2.3634e+01  14 1.00000e+00  
 88.6 2.3663e+01  14 1.00000e+00  
 88.7 2.3706e+01  14 1.00000e+00  
 88.8 2.3743e+01  14 1.00000e+00  
 88.9 2.3770e+01  14 1.00000e+00  
 89.0 2.3789e+01  14 1.00000e+00  
 89.1 2.3806e+01  14 1.00000e+00  
 89.2 2.3839e+01  14 1.00000e+00  
 89.3 2.3871e+01  14 1.00000e+00  
 89.4 2.3902e+01  14 1.00000e+00  
 89.5 2.3933e+01  14 1.00000e+00  
 89.6 2.3959e+01  14 1.00000e+00  
 89.7 2.3978e+01  14 1.00000e+00  
 89.8 2.4059e+01  14 1.00000e+00  
 89.9 2.4068e+01  14 1.00000e+00  
 90.0 2.4091e+01  14 1.00000e+00  
 90.1 2.4125e+01  14 1.00000e+00  
 90.2 2.4157e+01  14 1.00000e+00  
 90.3 2.4211e+01  14 1.00000e+00  
 90.4 2.4238e+01  14 1.00000e+00  
 90.5 2.4252e+01  14 1.00000e+00  
 90.6 2.4278e+01  14 1.00000e+00  
 90.7 2.4303e+01  14 1.00000e+00  
 90.8 2.4326e+01  14 1.00000e+00  
 90.9 2.4351e+01  14 1.00000e+00  
 91.0 2.4377e+01  14 1.00000e+00  
 91.1 2.4409e+01  14 1.00000e+00  
 91.2 2.4463e+01  14 1.00000e+00  
 91.3 2.4505e+01  14 1.00000e+00  
 91.4 2.4544e+01  14 1.00000e+00  
 91.5 2.4583e+01  14 1.00000e+00  
 91.6 2.4626e+01  14 1.00000e+00  
 91.7 2.4668e+01  14 1.00000e+00  
 91.8 2.4663e+01  14 1.00000e+00  
 91.9 2.4680e+01  14 1.00000e+00  
 92.0 2.4714e+01  14 1.00000e+00  
 92.1 2.4748e+01  14 1.00000e+00  
 92.2 2.4784e+01  14 1.00000e+00  
 92.3 2.4824e+01  14 1.00000e+00  
 92.4 2.4864e+01  14 1.00000e+00  
 92.5 2.4897e+01  14 1.00000e+00  
 92.6 2.4929e+01  14 1.00000e+00  
 92.7 2.4961e+01  14 1.00000e+00  
 92.8 2.4991e+01  14 1.00000e+00  
 92.9 2.5014e+01  14 1.00000e+00  
 93.0 2.5047e+01  14 1.00000e+00  
 93.1 2.5121e+01  14 1.00000e+00  
 93.2 2.5144e+01  14 1.00000e+00  
 93.3 2.5167e+01  14 1.00000e+00  
 93.4 2.5177e+01  14 1.00000e+00  
 93.5 2.5218e+01  14 1.00000e+00  
 93.6 2.5246e+01  14 1.00000e+00  
 93.7 2.5300e+01  14 1.00000e+00  
 93.8 2.5311e+01  14 1.00000e+00  
 93.9 2.5341e+01  14 1.00000e+00  
 94.0 2.5370e+01  14 1.00000e+00  
 94.1 2.5396e+01  14 1.00000e+00  
 94.2 2.5422e+01  14 1.00000e+00  
 94.3 2.5447e+01  14 1.00000e+00  
 94.4 2.5474e+01  14 1.00000e+00  
 94.5 2.5503e+01  14 1.00000e+00  
 94.6 2.5555e+01  14 1.00000e+00  
 94.7 2.5597e+01  14 1.00000e+00  
 94.8 2.5631e+01  14 1.00000e+00  
 94.9 2.5669e+01  14 1.00000e+00  
 95.0 2.5714e+01  14 1.00000e+00  
 95.1 2.5729e+01  14 1.00000e+00  
 95.2 2.5752e+01  14 1.00000e+00  
 95.3 2.5787e+01  14 1.00000e+00  
 95.4 2.5825e+01  14 1.00000e+00  
 95.5 2.5858e+01  14 1.00000e+00  
 95.6 2.5887e+01  14 1.00000e+00  
 95.7 2.5912e+01  14 1.00000e+00  
 95.8 2.5968e+01  14 1.00000e+00  
 95.9 2.6002e+01  14 1.00000e+00  
 96.0 2.6035e+01  14 1.00000e+00  
 96.1 2.6068e+01  14 1.00000e+00  
 96.2 2.6099e+01  14 1.00000e+00  
 96.3 2.6127e+01  14 1.00000e+00  
 96.4 2.6144e+01  14 1.00000e+00  
 96.5 2.6188e+01  14 1.00000e+00  
 96.6 2.6240e+01  14 1.00000e+00  
 96.7 2.6271e+01  14 1.00000e+00  
 96.8 2.6303e+01  14 1.00000e+00  
 96.9 2.6330e+01  14 1.00000e+00  
 97.0 2.6340e+01  14 1.00000e+00  
 97.1 2.6384e+01  14 1.00000e+00  
 97.2 2.6441e+01  14 1.00000e+00  
 97.3 2.6463e+01  14 1.00000e+00  
 97.4 2.6471e+01  14 1.00000e+00  
 97.5 2.6504e+01  14 1.00000e+00  
 97.6 2.6535e+01  14 1.00000e+00  
 97.7 2.6565e+01  14 1.00000e+00  
 97.8 2.6592e+01  14 1.00000e+00  
 97.9 2.6611e+01  14 1.00000e+00  
 98.0 2.6668e+01  14 1.00000e+00  
 98.1 2.6715e+01  14 1.00000e+00  
 98.2 2.6752e+01  14 1.00000e+00  
 98.3 2.6786e+01  14 1.00000e+00  
 98.4 2.6828e+01  14 1.00000e+00  
 98.5 2.6848e+01  14 1.00000e+00  
 98.6 2.6887e+01  14 1.00000e+00  
 98.7 2.6919e+01  14 1.00000e+00  
 98.8 2.6944e+01  14 1.00000e+00  
 98.9 2.6986e+01  14 1.00000e+00  
 99.0 2.7022e+01  14 1.00000e+00  
 99.1 2.7054e+01  14 1.00000e+00  
 99.2 2.7081e+01  14 1.00000e+00  
 99.3 2.7106e+01  14 1.00000e+00  
 99.4 2.7164e+01  14 1.00000e+00  
 99.5 2.7198e+01  14 1.00000e+00  
 99.6 2.7231e+01  14 1.00000e+00  
 99.7 2.7264e+01  14 1.00000e+00  
 99.8 2.7296e+01  14 1.00000e+00  
 99.9 2.7325e+01  14 1.00000e+00  
100.0 2.7343e+01  14 1.00000e+00  
100.1 2.7389e+01  14 1.00000e+00  
100.2 2.7421e+01  14 1.00000e+00  
100.3 2.7441e+01  14 1.00000e+00  
100.4 2.7493e+01  14 1.00000e+00  
100.5 2.7530e+01  14 1.00000e+00  
100.6 2.7558e+01  14 1.00000e+00  
100.7 2.7568e+01  14 1.00000e+00  
100.8 2.7613e+01  14 1.00000e+00  
100.9 2.7674e+01  14 1.00000e+00  
101.0 2.7695e+01  14 1.00000e+00  
101.1 2.7702e+01  14 1.00000e+00  
101.2 2.7745e+01  14 1.00000e+00  
101.3 2.7774e+01  14 1.00000e+00  
101.4 2.7800e+01  14 1.00000e+00  
101.5 2.7810e+01  14 1.00000e+00  
101.6 2.7854e+01  14 1.00000e+00  
101.7 2.7901e+01  14 1.00000e+00  
101.8 2.7938e+01  14 1.00000e+00  
101.9 2.7971e+01  14 1.00000e+00  
102.0 2.8030e+01  14 1.00000e+00  
102.1 2.8076e+01  14 1.00000e+00  
102.2 2.8078e+01  14 1.00000e+00  
102.3 2.8119e+01  14 1.00000e+00  
102.4 2.8155e+01  14 1.00000e+00  
102.5 2.8179e+01  14 1.00000e+00  
102.6 2.8224e+01  14 1.00000e+00  
102.7 2.8262e+01  14 1.00000e+00  
102.8 2.8294e+01  14 1.00000e+00  
102.9 2.8327e+01  14 1.00000e+00  
103.0 2.8361e+01  14 1.00000e+00  
103.1 2.8385e+01  14 1.00000e+00  
103.2 2.8423e+01  14 1.00000e+00  
103.3 2.8473e+01  14 1.00000e+00  
103.4 2.8507e+01  14 1.00000e+00  
103.5 2.8540e+01  14 1.00000e+00  
103.6 2.8572e+01  14 1.00000e+00  
103.7 2.8600e+01  14 1.00000e+00  
103.8 2.8627e+01  14 1.00000e+00  
103.9 2.8668e+01  14 1.00000e+00  
104.0 2.8701e+01  14 1.00000e+00  
104.1 2.8696e+01  14 1.00000e+00  
104.2 2.8724e+01  14 1.00000e+00  
104.3 2.8744e+01  14 1.00000e+00  
104.4 2.8821e+01  14 1.00000e+00  
104.5 2.8841e+01  14 1.00000e+00  
104.6 2.8867e+01  14 1.00000e+00  
104.7 2.8901e+01  14 1.00000e+00  
104.8 2.8918e+01  14 1.00000e+00  
104.9 2.8988e+01  14 1.00000e+00  
105.0 2.9011e+01  14 1.00000e+00  
105.1 2.9009e+01  14 1.00000e+00  
105.2 2.8988e+01  14 1.00000e+00  
105.3 2.8916e+01  14 1.00000e+00  
105.4 2.8871e+01  14 1.00000e+00  
105.5 2.8823e+01  14 1.00000e+00  
105.6 2.8792e+01  14 1.00000e+00  
105.7 2.8725e+01  14 1.00000e+00  
105.8 2.8685e+01  14 1.00000e+00  
105.9 2.8630e+01  14 1.00000e+00  
106.0 2.7556e+01  14 1.00000e+00  
106.1 2.7568e+01  14 1.00000e+00  
106.2 2.7608e+01  14 1.00000e+00  
106.3 2.7665e+01  14 1.00000e+00  
106.4 2.7677e+01  14 1.00000e+00  
106.5 2.7708e+01  14 1.00000e+00  
106.6 2.7735e+01  14 1.00000e+00  
106.7 2.7750e+01  14 1.00000e+00  
106.8 2.7776e+01  14 1.00000e+00  
106.9 2.7809e+01  14 1.00000e+00  
107.0 2.7834e+01  14 1.00000e+00  
107.1 2.7866e+01  14 1.00000e+00  
107.2 2.7908e+01  14 1.00000e+00  
107.3 2.7948e+01  14 1.00000e+00  
107.4 2.7974e+01  14 1.00000e+00  
107.5 2.8030e+01  14 1.00000e+00  
107.6 2.8074e+01  14 1.00000e+00  
107.7 2.8071e+01  14 1.00000e+00  
107.8 2.8112e+01  14 1.00000e+00  
107.9 2.8147e+01  14 1.00000e+00  
108.0 2.8162e+01  14 1.00000e+00  
108.1 2.8209e+01  14 1.00000e+00  
108.2 2.8246e+01  14 1.00000e+00  
108.3 2.8277e+01  14 1.00000e+00  
108.4 2.8309e+01  14 1.00000e+00  
108.5 2.8343e+01  14 1.00000e+00  
108.6 2.8370e+01  14 1.00000e+00  
108.7 2.8390e+01  14 1.00000e+00  
108.8 2.8445e+01  14 1.00000e+00  
108.9 2.8478e+01  14 1.00000e+00  
109.0 2.8509e+01  14 1.00000e+00  
109.1 2.8541e+01  14 1.00000e+00  
109.2 2.8571e+01  14 1.00000e+00  
109.3 2.8598e+01  14 1.00000e+00  
109.4 2.8624e+01  14 1.00000e+00  
109.5 2.8651e+01  14 1.00000e+00  
109.6 2.8692e+01  14 1.00000e+00  
109.7 2.8720e+01  14 1.00000e+00  
109.8 2.8742e+01  14 1.00000e+00  
109.9 2.8815e+01  14 1.00000e+00  
110.0 2.8815e+01  14 1.00000e+00  
110.1 2.8828e+01  14 1.00000e+00  
110.2 2.8862e+01  14 1.00000e+00  
110.3 2.8872e+01  14 1.00000e+00  
110.4 2.8914e+01  14 1.00000e+00  
110.5 2.8970e+01  14 1.00000e+00  
110.6 2.8983e+01  14 1.00000e+00  
110.7 2.9012e+01  14 1.00000e+00  
110.8 2.9045e+01  14 1.00000e+00  
110.9 2.9054e+01  14 1.00000e+00  
111.0 2.9093e+01  14 1.00000e+00  
111.1 2.9122e+01  14 1.00000e+00  
111.2 2.9130e+01  14 1.00000e+00  
111.3 2.9172e+01  14 1.00000e+00  
111.4 2.9216e+01  14 1.00000e+00  
111.5 2.9755e+01  14 1.00000e+00  
111.6 2.9779e+01  14 1.00000e+00  
111.7 2.9813e+01  14 1.00000e+00  
111.8 2.9860e+01  14 1.00000e+00  
111.9 2.9893e+01  14 1.00000e+00  
112.0 2.9925e+01  14 1.00000e+00  
112.1 2.9881e+01  14 1.00000e+00  
112.2 2.9828e+01  14 1.00000e+00  
112.3 2.9775e+01  14 1.00000e+00  
112.4 2.9738e+01  14 1.00000e+00  
112.5 2.9694e+01  14 1.00000e+00  
112.6 2.9648e+01  14 1.00000e+00  
112.7 2.9597e+01  14 1.00000e+00  
112.8 2.9537e+01  14 1.00000e+00  
112.9 2.9505e+01  14 1.00000e+00  
113.0 2.9454e+01  14 1.00000e+00  
113.1 2.9395e+01  14 1.00000e+00  
113.2 2.9382e+01  14 1.00000e+00  
113.3 2.9325e+01  14 1.00000e+00  
113.4 2.9270e+01  14 1.00000e+00  
113.5 2.9211e+01  14 1.00000e+00  
113.6 2.3768e+01  14 1.00000e+00  
113.7 2.3777e+01  14 1.00000e+00  
113.8 2.3789e+01  14 1.00000e+00  
113.9 2.3474e+01  14 1.00000e+00  
114.0 2.3809e+01  14 1.00000e+00  
114.1 2.3824e+01  14 1.00000e+00  
114.2 2.3785e+01  14 1.00000e+00  
114.3 2.3795e+01  14 1.00000e+00  
114.4 2.3539e+01  14 1.00000e+00  
114.5 2.3563e+01  14 1.00000e+00  
114.6 2.3572e+01  14 1.00000e+00  
114.7 2.3599e+01  14 1.00000e+00  
114.8 2.3613e+01  14 1.00000e+00  
114.9 2.3629e+01  14 1.00000e+00  
115.0 2.3654e+01  14 1.00000e+00  
115.1 2.3670e+01  14 1.00000e+00  
115.2 2.3675e+01  14 1.00000e+00  
115.3 2.3611e+01  14 1.00000e+00  
115.4 2.3619e+01  14 1.00000e+00  
115.5 2.3644e+01  14 1.00000e+00  
115.6 2.3662e+01  14 1.00000e+00  
115.7 2.3663e+01  14 1.00000e+00  
115.8 2.3677e+01  14 1.00000e+00  
115.9 2.3693e+01  14 1.00000e+00  
116.0 2.3711e+01  14 1.00000e+00  
116.1 2.3727e+01  14 1.00000e+00  
116.2 2.7530e+01  14 1.00000e+00  
116.3 2.7557e+01  14 1.00000e+00  
116.4 2.7569e+01  14 1.00000e+00  
116.5 2.7603e+01  14 1.00000e+00  
116.6 2.7667e+01  14 1.00000e+00  
116.7 2.7681e+01  14 1.00000e+00  
116.8 2.7700e+01  14 1.00000e+00  
116.9 2.7707e+01  14 1.00000e+00  
117.0 2.7743e+01  14 1.00000e+00  
117.1 2.7767e+01  14 1.00000e+00  
117.2 2.7771e+01  14 1.00000e+00  
117.3 2.7810e+01  14 1.00000e+00  
117.4 2.7833e+01  14 1.00000e+00  
117.5 2.7861e+01  14 1.00000e+00  
117.6 2.7901e+01  14 1.00000e+00  
117.7 2.7921e+01  14 1.00000e+00  
117.8 2.7974e+01  14 1.00000e+00  
117.9 2.8009e+01  14 1.00000e+00  
118.0 2.8043e+01  14 1.00000e+00  
118.1 2.8068e+01  14 1.00000e+00  
118.2 2.8080e+01  14 1.00000e+00  
118.3 2.8115e+01  14 1.00000e+00  
118.4 2.8146e+01  14 1.00000e+00  
118.5 2.8161e+01  14 1.00000e+00  
118.6 2.8200e+01  14 1.00000e+00  
118.7 2.8236e+01  14 1.00000e+00  
118.8 2.8264e+01  14 1.00000e+00  
118.9 2.8294e+01  14 1.00000e+00  
119.0 2.8322e+01  14 1.00000e+00  
119.1 2.8352e+01  14 1.00000e+00  
119.2 2.8375e+01  14 1.00000e+00  
119.3 2.8392e+01  14 1.00000e+00  
119.4 2.8867e+01  14 1.00000e+00  
119.5 2.8898e+01  14 1.00000e+00  
119.6 2.8918e+01  14 1.00000e+00  
119.7 2.8982e+01  14 1.00000e+00  
119.8 2.8982e+01  14 1.00000e+00  
119.9 2.9012e+01  14 1.00000e+00  
120.0 2.9042e+01  14 1.00000e+00  
120.1 2.9047e+01  14 1.00000e+00  
120.2 2.9089e+01  14 1.00000e+00  
120.3 2.9110e+01  14 1.00000e+00  
120.4 2.9130e+01  14 1.00000e+00  
120.5 2.9154e+01  14 1.00000e+00  
120.6 2.9182e+01  14 1.00000e+00  
120.7 2.9222e+01  14 1.00000e+00  
120.8 2.9260e+01  14 1.00000e+00  
120.9 2.9288e+01  14 1.00000e+00  
121.0 2.9329e+01  14 1.00000e+00  
121.1 2.9371e+01  14 1.00000e+00  
121.2 2.9407e+01  14 1.00000e+00  
121.3 2.9395e+01  14 1.00000e+00  
121.4 2.9439e+01  14 1.00000e+00  
121.5 2.9477e+01  14 1.00000e+00  
121.6 2.9508e+01  14 1.00000e+00  
121.7 2.9524e+01  14 1.00000e+00  
121.8 2.9787e+01  14 1.00000e+00  
121.9 2.9752e+01  14 1.00000e+00  
122.0 2.9707e+01  14 1.00000e+00  
122.1 2.9657e+01  14 1.00000e+00  
122.2 2.9603e+01  14 1.00000e+00  
122.3 2.9540e+01  14 1.00000e+00  
122.4 2.9503e+01  14 1.00000e+00  
122.5 2.9446e+01  14 1.00000e+00  
122.6 2.9432e+01  14 1.00000e+00  
122.7 2.9365e+01  14 1.00000e+00  
122.8 2.9302e+01  14 1.00000e+00  
122.9 2.9233e+01  14 1.00000e+00  
123.0 2.3755e+01  14 1.00000e+00  
123.1 2.3767e+01  14 1.00000e+00  
123.2 2.3775e+01  14 1.00000e+00  
123.3 2.3785e+01  14 1.00000e+00  
123.4 2.3814e+01  14 1.00000e+00  
123.5 2.3798e+01  14 1.00000e+00  
123.6 2.3812e+01  14 1.00000e+00  
123.7 2.3775e+01  14 1.00000e+00  
123.8 2.3785e+01  14 1.00000e+00  
123.9 2.3796e+01  14 1.00000e+00  
124.0 2.3540e+01  14 1.00000e+00  
124.1 2.3562e+01  14 1.00000e+00  
124.2 2.3566e+01  14 1.00000e+00  
124.3 2.3590e+01  14 1.00000e+00  
124.4 2.3609e+01  14 1.00000e+00  
124.5 2.3608e+01  14 1.00000e+00  
124.6 2.3627e+01  14 1.00000e+00  
124.7 2.3643e+01  14 1.00000e+00  
124.8 2.3567e+01  14 1.00000e+00  
124.9 2.3571e+01  14 1.00000e+00  
125.0 2.3593e+01  14 1.00000e+00  
125.1 2.3609e+01  14 1.00000e+00  
125.2 2.3619e+01  14 1.00000e+00  
125.3 2.3692e+01  14 1.00000e+00  
125.4 2.3626e+01  14 1.00000e+00  
125.5 2.3649e+01  14 1.00000e+00  
125.6 2.7432e+01  14 1.00000e+00  
125.7 2.7495e+01  14 1.00000e+00  
125.8 2.7504e+01  14 1.00000e+00  
125.9 2.7530e+01  14 1.00000e+00  
126.0 2.7551e+01  14 1.00000e+00  
126.1 2.7570e+01  14 1.00000e+00  
126.2 2.7593e+01  14 1.00000e+00  
126.3 2.7616e+01  14 1.00000e+00  
126.4 2.7658e+01  14 1.00000e+00  
126.5 2.7679e+01  14 1.00000e+00  
126.6 2.7705e+01  14 1.00000e+00  
126.7 2.7725e+01  14 1.00000e+00  
126.8 2.8191e+01  14 1.00000e+00  
126.9 2.8226e+01  14 1.00000e+00  
127.0 2.8256e+01  14 1.00000e+00  
127.1 2.8282e+01  14 1.00000e+00  
127.2 2.8309e+01  14 1.00000e+00  
127.3 2.8338e+01  14 1.00000e+00  
127.4 2.8362e+01  14 1.00000e+00  
127.5 2.8382e+01  14 1.00000e+00  
127.6 2.8399e+01  14 1.00000e+00  
127.7 2.8453e+01  14 1.00000e+00  
127.8 2.8480e+01  14 1.00000e+00  
127.9 2.8508e+01  14 1.00000e+00  
128.0 2.8534e+01  14 1.00000e+00  
128.1 2.8560e+01  14 1.00000e+00  
128.2 2.8585e+01  14 1.00000e+00  
128.3 2.8604e+01  14 1.00000e+00  
128.4 2.8626e+01  14 1.00000e+00  
128.5 2.8645e+01  14 1.00000e+00  
128.6 2.8684e+01  14 1.00000e+00  
128.7 2.8709e+01  14 1.00000e+00  
128.8 2.8729e+01  14 1.00000e+00  
128.9 2.8744e+01  14 1.00000e+00  
129.0 2.8743e+01  14 1.00000e+00  
129.1 2.8813e+01  14 1.00000e+00  
129.2 2.8826e+01  14 1.00000e+00  
129.3 2.9308e+01  14 1.00000e+00  
129.4 2.9326e+01  14 1.00000e+00  
129.5 2.9380e+01  14 1.00000e+00  
129.6 2.9417e+01  14 1.00000e+00  
129.7 2.9402e+01  14 1.00000e+00  
129.8 2.9442e+01  14 1.00000e+00  
129.9 2.9477e+01  14 1.00000e+00  
130.0 2.9502e+01  14 1.00000e+00  
130.1 2.9526e+01  14 1.00000e+00  
130.2 2.9548e+01  14 1.00000e+00  
130.3 2.9584e+01  14 1.00000e+00  
130.4 2.9617e+01  14 1.00000e+00  
130.5 2.9647e+01  14 1.00000e+00  
130.6 2.9675e+01  14 1.00000e+00  
130.7 2.9702e+01  14 1.00000e+00  
130.8 2.9729e+01  14 1.00000e+00  
130.9 2.9753e+01  14 1.00000e+00  
131.0 2.9545e+01  14 1.00000e+00  
131.1 2.9501e+01  14 1.00000e+00  
131.2 2.9435e+01  14 1.00000e+00  
131.3 2.9410e+01  14 1.00000e+00  
131.4 2.9326e+01  14 1.00000e+00  
131.5 2.9273e+01  14 1.00000e+00  
131.6 2.3769e+01  14 1.00000e+00  
131.7 2.3775e+01  14 1.00000e+00  
131.8 2.3785e+01  14 1.00000e+00  
131.9 2.3792e+01  14 1.00000e+00  
132.0 2.3820e+01  14 1.00000e+00  
132.1 2.3803e+01  14 1.00000e+00  
132.2 2.3815e+01  14 1.00000e+00  
132.3 2.3775e+01  14 1.00000e+00  
132.4 2.3784e+01  14 1.00000e+00  
132.5 2.3789e+01  14 1.00000e+00  
132.6 2.3530e+01  14 1.00000e+00  
132.7 2.3552e+01  14 1.00000e+00  
132.8 2.3563e+01  14 1.00000e+00  
132.9 2.3566e+01  14 1.00000e+00  
133.0 2.3580e+01  14 1.00000e+00  
133.1 2.3610e+01  14 1.00000e+00  
133.2 2.3613e+01  14 1.00000e+00  
133.3 2.3625e+01  14 1.00000e+00  
133.4 2.3647e+01  14 1.00000e+00  
133.5 2.3569e+01  14 1.00000e+00  
133.6 2.3575e+01  14 1.00000e+00  
133.7 2.3594e+01  14 1.00000e+00  
133.8 2.3667e+01  14 1.00000e+00  
133.9 2.3668e+01  14 1.00000e+00  
134.0 2.3609e+01  14 1.00000e+00  
134.1 2.3612e+01  14 1.00000e+00  
134.2 2.7405e+01  14 1.00000e+00  
134.3 2.7428e+01  14 1.00000e+00  
134.4 2.7444e+01  14 1.00000e+00  
134.5 2.7499e+01  14 1.00000e+00  
134.6 2.7520e+01  14 1.00000e+00  
134.7 2.7528e+01  14 1.00000e+00  
134.8 2.7558e+01  14 1.00000e+00  
134.9 2.8026e+01  14 1.00000e+00  
135.0 2.8060e+01  14 1.00000e+00  
135.1 2.8093e+01  14 1.00000e+00  
135.2 2.8087e+01  14 1.00000e+00  
135.3 2.8116e+01  14 1.00000e+00  
135.4 2.8144e+01  14 1.00000e+00  
135.5 2.8155e+01  14 1.00000e+00  
135.6 2.8189e+01  14 1.00000e+00  
135.7 2.8215e+01  14 1.00000e+00  
135.8 2.8245e+01  14 1.00000e+00  
135.9 2.8269e+01  14 1.00000e+00  
136.0 2.8294e+01  14 1.00000e+00  
136.1 2.8319e+01  14 1.00000e+00  
136.2 2.8346e+01  14 1.00000e+00  
136.3 2.8368e+01  14 1.00000e+00  
136.4 2.8386e+01  14 1.00000e+00  
136.5 2.8407e+01  14 1.00000e+00  
136.6 2.8870e+01  14 1.00000e+00  
136.7 2.8903e+01  14 1.00000e+00  
136.8 2.8918e+01  14 1.00000e+00  
136.9 2.8973e+01  14 1.00000e+00  
137.0 2.8986e+01  14 1.00000e+00  
137.1 2.9009e+01  14 1.00000e+00  
137.2 2.9009e+01  14 1.00000e+00  
137.3 2.9048e+01  14 1.00000e+00  
137.4 2.9052e+01  14 1.00000e+00  
137.5 2.9087e+01  14 1.00000e+00  
137.6 2.9088e+01  14 1.00000e+00  
137.7 2.9127e+01  14 1.00000e+00  
137.8 2.9130e+01  14 1.00000e+00  
137.9 2.9167e+01  14 1.00000e+00  
138.0 2.9183e+01  14 1.00000e+00  
138.1 2.9232e+01  14 1.00000e+00  
138.2 2.9267e+01  14 1.00000e+00  
138.3 2.9293e+01  14 1.00000e+00  
138.4 2.9800e+01  14 1.00000e+00  
138.5 2.9852e+01  14 1.00000e+00  
138.6 2.9874e+01  14 1.00000e+00  
138.7 2.9900e+01  14 1.00000e+00  
138.8 2.9871e+01  14 1.00000e+00  
138.9 2.9785e+01  14 1.00000e+00  
139.0 2.9749e+01  14 1.00000e+00  
139.1 2.9688e+01  14 1.00000e+00  
139.2 2.9620e+01  14 1.00000e+00  
139.3 2.9537e+01  14 1.00000e+00  
139.4 2.9484e+01  14 1.00000e+00  
139.5 2.9395e+01  14 1.00000e+00  
139.6 2.9363e+01  14 1.00000e+00  
139.7 2.3564e+01  14 1.00000e+00  
139.8 2.3581e+01  14 1.00000e+00  
139.9 2.3594e+01  14 1.00000e+00  
140.0 2.3608e+01  14 1.00000e+00  
140.1 2.3606e+01  14 1.00000e+00  
140.2 2.3625e+01  14 1.00000e+00  
140.3 2.3607e+01  14 1.00000e+00  
140.4 2.3628e+01  14 1.00000e+00  
140.5 2.3644e+01  14 1.00000e+00  
140.6 2.3658e+01  14 1.00000e+00  
140.7 2.3670e+01  14 1.00000e+00  
140.8 2.3668e+01  14 1.00000e+00  
140.9 2.3683e+01  14 1.00000e+00  
141.0 2.3694e+01  14 1.00000e+00  
141.1 2.3628e+01  14 1.00000e+00  
141.2 2.3641e+01  14 1.00000e+00  
141.3 2.3649e+01  14 1.00000e+00  
141.4 2.3655e+01  14 1.00000e+00  
141.5 2.3666e+01  14 1.00000e+00  
141.6 2.3664e+01  14 1.00000e+00  
141.7 2.3673e+01  14 1.00000e+00  
141.8 2.3667e+01  14 1.00000e+00  
141.9 2.7500e+01  14 1.00000e+00  
142.0 2.7516e+01  14 1.00000e+00  
142.1 2.7530e+01  14 1.00000e+00  
142.2 2.7552e+01  14 1.00000e+00  
142.3 2.7569e+01  14 1.00000e+00  
142.4 2.7590e+01  14 1.00000e+00  
142.5 2.7606e+01  14 1.00000e+00  
142.6 2.7667e+01  14 1.00000e+00  
142.7 2.7677e+01  14 1.00000e+00  
142.8 2.7677e+01  14 1.00000e+00  
142.9 2.7707e+01  14 1.00000e+00  
143.0 2.8156e+01  14 1.00000e+00  
143.1 2.8190e+01  14 1.00000e+00  
143.2 2.8222e+01  14 1.00000e+00  
143.3 2.8250e+01  14 1.00000e+00  
143.4 2.8273e+01  14 1.00000e+00  
143.5 2.8298e+01  14 1.00000e+00  
143.6 2.8323e+01  14 1.00000e+00  
143.7 2.8343e+01  14 1.00000e+00  
143.8 2.8365e+01  14 1.00000e+00  
143.9 2.8383e+01  14 1.00000e+00  
144.0 2.8400e+01  14 1.00000e+00  
144.1 2.8449e+01  14 1.00000e+00  
144.2 2.8474e+01  14 1.00000e+00  
144.3 2.8499e+01  14 1.00000e+00  
144.4 2.8921e+01  14 1.00000e+00  
144.5 2.8988e+01  14 1.00000e+00  
144.6 2.9007e+01  14 1.00000e+00  
144.7 2.9012e+01  14 1.00000e+00  
144.8 2.9039e+01  14 1.00000e+00  
144.9 2.9052e+01  14 1.00000e+00  
145.0 2.9075e+01  14 1.00000e+00  
145.1 2.9093e+01  14 1.00000e+00  
145.2 2.9115e+01  14 1.00000e+00  
145.3 2.9130e+01  14 1.00000e+00  
145.4 2.9154e+01  14 1.00000e+00  
145.5 2.9176e+01  14 1.00000e+00  
145.6 2.9721e+01  14 1.00000e+00  
145.7 2.9738e+01  14 1.00000e+00  
145.8 2.9759e+01  14 1.00000e+00  
145.9 2.9778e+01  14 1.00000e+00  
146.0 2.9801e+01  14 1.00000e+00  
146.1 2.9844e+01  14 1.00000e+00  
146.2 2.9865e+01  14 1.00000e+00  
146.3 2.9784e+01  14 1.00000e+00  
146.4 2.9739e+01  14 1.00000e+00  
146.5 2.9681e+01  14 1.00000e+00  
146.6 2.9618e+01  14 1.00000e+00  
146.7 2.9566e+01  14 1.00000e+00  
146.8 2.9511e+01  14 1.00000e+00  
146.9 2.9442e+01  14 1.00000e+00  
147.0 2.3480e+01  14 1.00000e+00  
147.1 2.3507e+01  14 1.00000e+00  
147.2 2.3526e+01  14 1.00000e+00  
147.3 2.3529e+01  14 1.00000e+00  
147.4 2.3549e+01  14 1.00000e+00  
147.5 2.3564e+01  14 1.00000e+00  
147.6 2.3564e+01  14 1.00000e+00  
147.7 2.3565e+01  14 1.00000e+00  
147.8 2.3564e+01  14 1.00000e+00  
147.9 2.3579e+01  14 1.00000e+00  
148.0 2.3597e+01  14 1.00000e+00  
148.1 2.3609e+01  14 1.00000e+00  
148.2 2.3610e+01  14 1.00000e+00  
148.3 2.3613e+01  14 1.00000e+00  
148.4 2.3629e+01  14 1.00000e+00  
148.5 2.3650e+01  14 1.00000e+00  
148.6 2.3655e+01  14 1.00000e+00  
148.7 2.3566e+01  14 1.00000e+00  
148.8 2.3563e+01  14 1.00000e+00  
148.9 2.3642e+01  14 1.00000e+00  
149.0 2.3655e+01  14 1.00000e+00  
149.1 2.3566e+01  14 1.00000e+00  
149.2 2.3587e+01  14 1.00000e+00  
149.3 2.7365e+01  14 1.00000e+00  
149.4 2.7391e+01  14 1.00000e+00  
149.5 2.7411e+01  14 1.00000e+00  
149.6 2.7844e+01  14 1.00000e+00  
149.7 2.7858e+01  14 1.00000e+00  
149.8 2.7907e+01  14 1.00000e+00  
149.9 2.7923e+01  14 1.00000e+00  
150.0 2.7969e+01  14 1.00000e+00  
