 15.1 1.2744e+00  13 3.12020e-02  
 15.2 1.2807e+00  13 3.16142e-02  
 15.3 1.2979e+00  13 3.27183e-02  
 15.4 1.3043e+00  13 3.31273e-02  
 15.5 1.3108e+00  13 3.35313e-02  
 15.6 1.3172e+00  13 3.39305e-02  
 15.7 1.3236e+00  13 3.43251e-02  
 15.8 1.3301e+00  13 3.47161e-02  
 15.9 1.3365e+00  13 3.51025e-02  
 16.0 1.3428e+00  13 3.54839e-02  
 16.1 1.3492e+00  13 3.58608e-02  
 16.2 1.3555e+00  13 3.62339e-02  
 16.3 1.3619e+00  13 3.66037e-02  
 16.4 1.3682e+00  13 3.69709e-02  
 16.5 1.3745e+00  13 3.73326e-02  
 16.6 1.3808e+00  13 3.76908e-02  
 16.7 1.3871e+00  13 3.80449e-02  
 16.8 1.3934e+00  13 3.83950e-02  
 16.9 1.3996e+00  13 3.87410e-02  
 17.0 1.4203e+00  13 3.98667e-02  
 17.1 1.4267e+00  13 4.02116e-02  
 17.2 1.4331e+00  13 4.05526e-02  
 17.3 1.4395e+00  13 4.08899e-02  
 17.4 1.4459e+00  13 4.12237e-02  
 17.5 1.4522e+00  13 4.15536e-02  
 17.6 1.4586e+00  13 4.18800e-02  
 17.7 1.4649e+00  13 4.22030e-02  
 17.8 1.4712e+00  13 4.25241e-02  
 17.9 1.4775e+00  13 4.28423e-02  
 18.0 1.4839e+00  13 4.31577e-02  
 18.1 1.4902e+00  13 4.34701e-02  
 18.2 1.4964e+00  13 4.37796e-02  
 18.3 1.5027e+00  13 4.40859e-02  
 18.4 1.5089e+00  13 4.43881e-02  
 18.5 1.5151e+00  13 4.46880e-02  
 18.6 1.5213e+00  13 4.49847e-02  
 18.7 1.5275e+00  13 4.52786e-02  
 18.8 1.5337e+00  13 4.55695e-02  
 18.9 1.5398e+00  13 4.58575e-02  
 19.0 1.5459e+00  13 4.61427e-02  
 19.1 1.5520e+00  13 4.64249e-02  
 19.2 1.5581e+00  13 4.67043e-02  
 19.3 1.5837e+00  13 4.78622e-02  
 19.4 1.5900e+00  13 4.81421e-02  
 19.5 1.5963e+00  13 4.84192e-02  
 19.6 1.6026e+00  13 4.86939e-02  
 19.7 1.6088e+00  13 4.89659e-02  
 19.8 1.6150e+00  13 4.92353e-02  
 19.9 1.6212e+00  13 4.95024e-02  
 20.0 1.6274e+00  13 4.97668e-02  
 20.1 1.6336e+00  13 5.00298e-02  
 20.2 1.6397e+00  13 5.02905e-02  
 20.3 1.6459e+00  13 5.05488e-02  
 20.4 1.6520e+00  13 5.08059e-02  
 20.5 1.6582e+00  13 5.10603e-02  
 20.6 1.6643e+00  13 5.13130e-02  
 20.7 1.6704e+00  13 5.15634e-02  
 20.8 1.6765e+00  13 5.18119e-02  
 20.9 1.6826e+00  13 5.20582e-02  
 21.0 1.6886e+00  13 5.23024e-02  
 21.1 1.6946e+00  13 5.25432e-02  
 21.2 1.7006e+00  13 5.27828e-02  
 21.3 1.7066e+00  13 5.30204e-02  
 21.4 1.7126e+00  13 5.32559e-02  
 21.5 1.7185e+00  13 5.34894e-02  
 21.6 1.7244e+00  13 5.37209e-02  
 21.7 1.7304e+00  13 5.39505e-02  
 21.8 1.7363e+00  13 5.41782e-02  
 21.9 1.7421e+00  13 5.44043e-02  
 22.0 1.7480e+00  13 5.46283e-02  
 22.1 1.7538e+00  13 5.48505e-02  
 22.2 1.7597e+00  13 5.50708e-02  
 22.3 1.7655e+00  13 5.52903e-02  
 22.4 1.7713e+00  13 5.55078e-02  
 22.5 1.7771e+00  13 5.57233e-02  
 22.6 1.7828e+00  13 5.59377e-02  
 22.7 1.7886e+00  13 5.61503e-02  
 22.8 1.7943e+00  13 5.63615e-02  
 22.9 1.8000e+00  13 5.65698e-02  
 23.0 1.8057e+00  13 5.67772e-02  
 23.1 1.8114e+00  13 5.69830e-02  
 23.2 1.8489e+00  13 5.84410e-02  
 23.3 1.8580e+00  13 5.88631e-02  
 23.4 1.8670e+00  13 5.92853e-02  
 23.5 1.8761e+00  13 5.97070e-02  
 23.6 1.8851e+00  13 6.01284e-02  
 23.7 1.8942e+00  13 6.05494e-02  
 23.8 1.9033e+00  13 6.09705e-02  
 23.9 1.9124e+00  13 6.13928e-02  
 24.0 1.9211e+00  13 6.17820e-02  
 24.1 1.8403e+01  14 1.00000e+00  
 24.2 1.8455e+01  14 1.00000e+00  
 24.3 1.8507e+01  14 1.00000e+00  
 24.4 1.8559e+01  14 1.00000e+00  
 24.5 1.8611e+01  14 1.00000e+00  
 24.6 1.8663e+01  14 1.00000e+00  
 24.7 1.8714e+01  14 1.00000e+00  
 24.8 1.8765e+01  14 1.00000e+00  
 24.9 1.8816e+01  14 1.00000e+00  
 25.0 1.8867e+01  14 1.00000e+00  
 25.1 1.8917e+01  14 1.00000e+00  
 25.2 1.8968e+01  14 1.00000e+00  
 25.3 1.9018e+01  14 1.00000e+00  
 25.4 1.9068e+01  14 1.00000e+00  
 25.5 1.9118e+01  14 1.00000e+00  
 25.6 1.9167e+01  14 1.00000e+00  
 25.7 1.9217e+01  14 1.00000e+00  
 25.8 1.9266e+01  14 1.00000e+00  
 25.9 1.9315e+01  14 1.00000e+00  
 26.0 1.9364e+01  14 1.00000e+00  
 26.1 1.9413e+01  14 1.00000e+00  
 26.2 1.9461e+01  14 1.00000e+00  
 26.3 1.9508e+01  14 1.00000e+00  
 26.4 1.9556e+01  14 1.00000e+00  
 26.5 1.9603e+01  14 1.00000e+00  
 26.6 1.9650e+01  14 1.00000e+00  
 26.7 1.9697e+01  14 1.00000e+00  
 26.8 1.9743e+01  14 1.00000e+00  
 26.9 1.9790e+01  14 1.00000e+00  
 27.0 1.9836e+01  14 1.00000e+00  
 27.1 1.9882e+01  14 1.00000e+00  
 27.2 1.9928e+01  14 1.00000e+00  
 27.3 1.9973e+01  14 1.00000e+00  
 27.4 2.0019e+01  14 1.00000e+00  
 27.5 2.0064e+01  14 1.00000e+00  
 27.6 2.0105e+01  14 1.00000e+00  
 27.7 2.0150e+01  14 1.00000e+00  
 27.8 2.0194e+01  14 1.00000e+00  
 27.9 2.0238e+01  14 1.00000e+00  
 28.0 2.0282e+01  14 1.00000e+00  
 28.1 2.0326e+01  14 1.00000e+00  
 28.2 2.0369e+01  14 1.00000e+00  
 28.3 2.0413e+01  14 1.00000e+00  
 28.4 2.0456e+01  14 1.00000e+00  
 28.5 2.0500e+01  14 1.00000e+00  
 28.6 2.0543e+01  14 1.00000e+00  
 28.7 5.4989e+00  14 2.33619e-01  
 28.8 5.5857e+00  14 2.37514e-01  
 28.9 5.6720e+00  14 2.41374e-01  
 29.0 5.7591e+00  14 2.45254e-01  
 29.1 5.8464e+00  14 2.49132e-01  
 29.2 5.9340e+00  14 2.53007e-01  
 29.3 6.0217e+00  14 2.56880e-01  
 29.4 6.1097e+00  14 2.60749e-01  
 29.5 6.1979e+00  14 2.64614e-01  
 29.6 6.2862e+00  14 2.68476e-01  
 29.7 6.3748e+00  14 2.72333e-01  
 29.8 6.4635e+00  14 2.76185e-01  
 29.9 6.5524e+00  14 2.80033e-01  
 30.0 6.6415e+00  14 2.83877e-01  
 30.1 6.7311e+00  14 2.87736e-01  
 30.2 6.8212e+00  14 2.91598e-01  
 30.3 6.9113e+00  14 2.95453e-01  
 30.4 7.0015e+00  14 2.99300e-01  
 30.5 7.0919e+00  14 3.03141e-01  
 30.6 7.1826e+00  14 3.06983e-01  
 30.7 7.2737e+00  14 3.10834e-01  
 30.8 8.2866e+00  14 3.52917e-01  
 30.9 8.3873e+00  14 3.57031e-01  
 31.0 8.4881e+00  14 3.61137e-01  
 31.1 8.5890e+00  14 3.65236e-01  
 31.2 8.6900e+00  14 3.69325e-01  
 31.3 8.7912e+00  14 3.73414e-01  
 31.4 8.8927e+00  14 3.77503e-01  
 31.5 8.9944e+00  14 3.81589e-01  
 31.6 9.0954e+00  14 3.85637e-01  
 31.7 9.1972e+00  14 3.89703e-01  
 31.8 9.2993e+00  14 3.93773e-01  
 31.9 9.4017e+00  14 3.97841e-01  
 32.0 9.5042e+00  14 4.01904e-01  
 32.1 9.6069e+00  14 4.05961e-01  
 32.2 9.7097e+00  14 4.10014e-01  
 32.3 9.8127e+00  14 4.14061e-01  
 32.4 9.9157e+00  14 4.18102e-01  
 32.5 1.0019e+01  14 4.22137e-01  
 32.6 1.0122e+01  14 4.26166e-01  
 32.7 1.0226e+01  14 4.30189e-01  
 32.8 1.0329e+01  14 4.34206e-01  
 32.9 1.0433e+01  14 4.38216e-01  
 33.0 1.0537e+01  14 4.42242e-01  
 33.1 1.0641e+01  14 4.46265e-01  
 33.2 1.0746e+01  14 4.50282e-01  
 33.3 1.0850e+01  14 4.54290e-01  
 33.4 1.0955e+01  14 4.58290e-01  
 33.5 1.1060e+01  14 4.62284e-01  
 33.6 1.1165e+01  14 4.66279e-01  
 33.7 1.1270e+01  14 4.70264e-01  
 33.8 1.1375e+01  14 4.74241e-01  
 33.9 1.1480e+01  14 4.78213e-01  
 34.0 1.1584e+01  14 4.82138e-01  
 34.1 1.1689e+01  14 4.86087e-01  
 34.2 1.1794e+01  14 4.90030e-01  
 34.3 1.1899e+01  14 4.93968e-01  
 34.4 1.2004e+01  14 4.97899e-01  
 34.5 1.2110e+01  14 5.01823e-01  
 34.6 1.2215e+01  14 5.05741e-01  
 34.7 1.2320e+01  14 5.09652e-01  
 34.8 1.2426e+01  14 5.13557e-01  
 34.9 1.2531e+01  14 5.17454e-01  
 35.0 1.2637e+01  14 5.21345e-01  
 35.1 1.2743e+01  14 5.25228e-01  
 35.2 1.2848e+01  14 5.29105e-01  
 35.3 1.2955e+01  14 5.33004e-01  
 35.4 1.3061e+01  14 5.36902e-01  
 35.5 1.3168e+01  14 5.40793e-01  
 35.6 1.3275e+01  14 5.44676e-01  
 35.7 1.3381e+01  14 5.48550e-01  
 35.8 1.3489e+01  14 5.52432e-01  
 35.9 1.3596e+01  14 5.56303e-01  
 36.0 1.3703e+01  14 5.60163e-01  
 36.1 1.3810e+01  14 5.64011e-01  
 36.2 1.3916e+01  14 5.67850e-01  
 36.3 1.4022e+01  14 5.71646e-01  
 36.4 1.4129e+01  14 5.75461e-01  
 36.5 1.4235e+01  14 5.79269e-01  
 36.6 1.4342e+01  14 5.83071e-01  
 36.7 1.4449e+01  14 5.86866e-01  
 36.8 1.4555e+01  14 5.90654e-01  
 36.9 1.4662e+01  14 5.94429e-01  
 37.0 1.4768e+01  14 5.98195e-01  
 37.1 1.4875e+01  14 6.01953e-01  
 37.2 1.4981e+01  14 6.05704e-01  
 37.3 1.5088e+01  14 6.09448e-01  
 37.4 1.5194e+01  14 6.13184e-01  
 37.5 1.5301e+01  14 6.16912e-01  
 37.6 1.5407e+01  14 6.20642e-01  
 37.7 1.5514e+01  14 6.24379e-01  
 37.8 1.5621e+01  14 6.28109e-01  
 37.9 1.5728e+01  14 6.31832e-01  
 38.0 1.5836e+01  14 6.35558e-01  
 38.1 1.5943e+01  14 6.39284e-01  
 38.2 1.6051e+01  14 6.42999e-01  
 38.3 1.6158e+01  14 6.46703e-01  
 38.4 1.6265e+01  14 6.50395e-01  
 38.5 1.6372e+01  14 6.54075e-01  
 38.6 1.6479e+01  14 6.57744e-01  
 38.7 1.6585e+01  14 6.61363e-01  
 38.8 1.6691e+01  14 6.65006e-01  
 38.9 1.6784e+01  14 6.68195e-01  
 39.0 1.6875e+01  14 6.71294e-01  
 39.1 1.6966e+01  14 6.74386e-01  
 39.2 1.7052e+01  14 6.77299e-01  
 39.3 1.7134e+01  14 6.80092e-01  
 39.4 1.7216e+01  14 6.82876e-01  
 39.5 1.7298e+01  14 6.85665e-01  
 39.6 1.7381e+01  14 6.88474e-01  
 39.7 1.7463e+01  14 6.91242e-01  
 39.8 1.7539e+01  14 6.93795e-01  
 39.9 1.7614e+01  14 6.96325e-01  
 40.0 1.7688e+01  14 6.98825e-01  
 40.1 1.7760e+01  14 7.01254e-01  
 40.2 1.7834e+01  14 7.03710e-01  
 40.3 1.7907e+01  14 7.06160e-01  
 40.4 1.7977e+01  14 7.08539e-01  
 40.5 1.8043e+01  14 7.10734e-01  
 40.6 1.8108e+01  14 7.12922e-01  
 40.7 1.8175e+01  14 7.15151e-01  
 40.8 1.8243e+01  14 7.17415e-01  
 40.9 1.8299e+01  14 7.19283e-01  
 41.0 1.8351e+01  14 7.21002e-01  
 41.1 1.8399e+01  14 7.22633e-01  
 41.2 2.0476e+01  14 7.90733e-01  
 41.3 2.0524e+01  14 7.92282e-01  
 41.4 2.0575e+01  14 7.93906e-01  
 41.5 2.0627e+01  14 7.95607e-01  
 41.6 2.0680e+01  14 7.97311e-01  
 41.7 2.0732e+01  14 7.98977e-01  
 41.8 2.0781e+01  14 8.00546e-01  
 41.9 2.0831e+01  14 8.02155e-01  
 42.0 2.0881e+01  14 8.03764e-01  
 42.1 2.0928e+01  14 8.05278e-01  
 42.2 2.0970e+01  14 8.06623e-01  
 42.3 2.1015e+01  14 8.08066e-01  
 42.4 2.1059e+01  14 8.09477e-01  
 42.5 2.1101e+01  14 8.10850e-01  
 42.6 2.1141e+01  14 8.12120e-01  
 42.7 2.1182e+01  14 8.13427e-01  
 42.8 2.1223e+01  14 8.14735e-01  
 42.9 2.1264e+01  14 8.16041e-01  
 43.0 2.1306e+01  14 8.17395e-01  
 43.1 2.1346e+01  14 8.18669e-01  
 43.2 2.1377e+01  14 8.19665e-01  
 43.3 2.1388e+01  14 8.20013e-01  
 43.4 2.1398e+01  14 8.20347e-01  
 43.5 2.1409e+01  14 8.20694e-01  
 43.6 2.1420e+01  14 8.21049e-01  
 43.7 2.1436e+01  14 8.21538e-01  
 43.8 2.1452e+01  14 8.22068e-01  
 43.9 2.1470e+01  14 8.22615e-01  
 44.0 2.3830e+01  14 8.96761e-01  
 44.1 2.3849e+01  14 8.97347e-01  
 44.2 2.3861e+01  14 8.97723e-01  
 44.3 2.3878e+01  14 8.98267e-01  
 44.4 2.3896e+01  14 8.98823e-01  
 44.5 2.3913e+01  14 8.99346e-01  
 44.6 2.3926e+01  14 8.99744e-01  
 44.7 2.3941e+01  14 9.00201e-01  
 44.8 2.3958e+01  14 9.00713e-01  
 44.9 2.3975e+01  14 9.01238e-01  
 45.0 2.3994e+01  14 9.01851e-01  
 45.1 2.4014e+01  14 9.02450e-01  
 45.2 2.4014e+01  14 9.02447e-01  
 45.3 2.3989e+01  14 9.01673e-01  
 45.4 2.3967e+01  14 9.01001e-01  
 45.5 2.3949e+01  14 9.00439e-01  
 45.6 2.3935e+01  14 9.00027e-01  
 45.7 2.3921e+01  14 8.99587e-01  
 45.8 2.3902e+01  14 8.99006e-01  
 45.9 2.3886e+01  14 8.98513e-01  
 46.0 2.3872e+01  14 8.98074e-01  
 46.1 2.3864e+01  14 8.97823e-01  
 46.2 2.6458e+01  14 9.76892e-01  
 46.3 2.6454e+01  14 9.76775e-01  
 46.4 2.6437e+01  14 9.76259e-01  
 46.5 2.6422e+01  14 9.75812e-01  
 46.6 2.6409e+01  14 9.75437e-01  
 46.7 2.6403e+01  14 9.75254e-01  
 46.8 2.6399e+01  14 9.75113e-01  
 46.9 2.6391e+01  14 9.74876e-01  
 47.0 2.6350e+01  14 9.73656e-01  
 47.1 2.6303e+01  14 9.72226e-01  
 47.2 2.6263e+01  14 9.71020e-01  
 47.3 2.6227e+01  14 9.69963e-01  
 47.4 2.6189e+01  14 9.68809e-01  
 47.5 2.6144e+01  14 9.67446e-01  
 47.6 2.6095e+01  14 9.65963e-01  
 47.7 2.6054e+01  14 9.64723e-01  
 47.8 2.6017e+01  14 9.63609e-01  
 47.9 2.5976e+01  14 9.62390e-01  
 48.0 2.5935e+01  14 9.61138e-01  
 48.1 2.7546e+01  14 1.00000e+00  
 48.2 2.7539e+01  14 1.00000e+00  
 48.3 2.7534e+01  14 1.00000e+00  
 48.4 2.7528e+01  14 1.00000e+00  
 48.5 2.7522e+01  14 1.00000e+00  
 48.6 2.7513e+01  14 1.00000e+00  
 48.7 2.7498e+01  14 1.00000e+00  
 48.8 2.7483e+01  14 1.00000e+00  
 48.9 2.7467e+01  14 1.00000e+00  
 49.0 2.7451e+01  14 1.00000e+00  
 49.1 2.7436e+01  14 1.00000e+00  
 49.2 2.7422e+01  14 1.00000e+00  
 49.3 2.7409e+01  14 1.00000e+00  
 49.4 2.7396e+01  14 1.00000e+00  
 49.5 2.7383e+01  14 1.00000e+00  
 49.6 2.7370e+01  14 1.00000e+00  
 49.7 2.7359e+01  14 1.00000e+00  
 49.8 2.7348e+01  14 1.00000e+00  
 49.9 2.7962e+01  14 1.00000e+00  
 50.0 2.7950e+01  14 1.00000e+00  
 50.1 2.7937e+01  14 1.00000e+00  
 50.2 2.7917e+01  14 1.00000e+00  
 50.3 2.7898e+01  14 1.00000e+00  
 50.4 2.7879e+01  14 1.00000e+00  
 50.5 2.7859e+01  14 1.00000e+00  
 50.6 2.7840e+01  14 1.00000e+00  
 50.7 2.7823e+01  14 1.00000e+00  
 50.8 2.7806e+01  14 1.00000e+00  
 50.9 2.7787e+01  14 1.00000e+00  
 51.0 2.7771e+01  14 1.00000e+00  
 51.1 2.7755e+01  14 1.00000e+00  
 51.2 2.7738e+01  14 1.00000e+00  
 51.3 2.7720e+01  14 1.00000e+00  
 51.4 2.7703e+01  14 1.00000e+00  
 51.5 2.8330e+01  14 1.00000e+00  
 51.6 2.8309e+01  14 1.00000e+00  
 51.7 2.8286e+01  14 1.00000e+00  
 51.8 2.8262e+01  14 1.00000e+00  
 51.9 2.8239e+01  14 1.00000e+00  
 52.0 2.8217e+01  14 1.00000e+00  
 52.1 2.8196e+01  14 1.00000e+00  
 52.2 2.8174e+01  14 1.00000e+00  
 52.3 2.8152e+01  14 1.00000e+00  
 52.4 2.8132e+01  14 1.00000e+00  
 52.5 2.8113e+01  14 1.00000e+00  
 52.6 2.8094e+01  14 1.00000e+00  
 52.7 2.8075e+01  14 1.00000e+00  
 52.8 2.8057e+01  14 1.00000e+00  
 52.9 2.8040e+01  14 1.00000e+00  
 53.0 2.8675e+01  14 1.00000e+00  
 53.1 2.8649e+01  14 1.00000e+00  
 53.2 2.8624e+01  14 1.00000e+00  
 53.3 2.8599e+01  14 1.00000e+00  
 53.4 2.8576e+01  14 1.00000e+00  
 53.5 2.8554e+01  14 1.00000e+00  
 53.6 2.8530e+01  14 1.00000e+00  
 53.7 2.8507e+01  14 1.00000e+00  
 53.8 2.8486e+01  14 1.00000e+00  
 53.9 2.8465e+01  14 1.00000e+00  
 54.0 2.8444e+01  14 1.00000e+00  
 54.1 2.8424e+01  14 1.00000e+00  
 54.2 2.8405e+01  14 1.00000e+00  
 54.3 2.8386e+01  14 1.00000e+00  
 54.4 2.8365e+01  14 1.00000e+00  
 54.5 2.8336e+01  14 1.00000e+00  
 54.6 2.8980e+01  14 1.00000e+00  
 54.7 2.8955e+01  14 1.00000e+00  
 54.8 2.8930e+01  14 1.00000e+00  
 54.9 2.8906e+01  14 1.00000e+00  
 55.0 2.8881e+01  14 1.00000e+00  
 55.1 2.8858e+01  14 1.00000e+00  
 55.2 2.8835e+01  14 1.00000e+00  
 55.3 2.8813e+01  14 1.00000e+00  
 55.4 2.8789e+01  14 1.00000e+00  
 55.5 2.8768e+01  14 1.00000e+00  
 55.6 2.8747e+01  14 1.00000e+00  
 55.7 2.8727e+01  14 1.00000e+00  
 55.8 2.8707e+01  14 1.00000e+00  
 55.9 2.8678e+01  14 1.00000e+00  
 56.0 2.8649e+01  14 1.00000e+00  
 56.1 2.9306e+01  14 1.00000e+00  
 56.2 2.9280e+01  14 1.00000e+00  
 56.3 2.9254e+01  14 1.00000e+00  
 56.4 2.9228e+01  14 1.00000e+00  
 56.5 2.9203e+01  14 1.00000e+00  
 56.6 2.9180e+01  14 1.00000e+00  
 56.7 2.9155e+01  14 1.00000e+00  
 56.8 2.9131e+01  14 1.00000e+00  
 56.9 2.9108e+01  14 1.00000e+00  
 57.0 2.9086e+01  14 1.00000e+00  
 57.1 2.9065e+01  14 1.00000e+00  
 57.2 2.9042e+01  14 1.00000e+00  
 57.3 2.9018e+01  14 1.00000e+00  
 57.4 2.8988e+01  14 1.00000e+00  
 57.5 2.8958e+01  14 1.00000e+00  
 57.6 2.8927e+01  14 1.00000e+00  
 57.7 2.9599e+01  14 1.00000e+00  
 57.8 2.9572e+01  14 1.00000e+00  
 57.9 2.9545e+01  14 1.00000e+00  
 58.0 2.9520e+01  14 1.00000e+00  
 58.1 2.9495e+01  14 1.00000e+00  
 58.2 2.9470e+01  14 1.00000e+00  
 58.3 2.9445e+01  14 1.00000e+00  
 58.4 2.9422e+01  14 1.00000e+00  
 58.5 2.9399e+01  14 1.00000e+00  
 58.6 2.9375e+01  14 1.00000e+00  
 58.7 2.9352e+01  14 1.00000e+00  
 58.8 2.9324e+01  14 1.00000e+00  
 58.9 2.9293e+01  14 1.00000e+00  
 59.0 2.9261e+01  14 1.00000e+00  
 59.1 2.9230e+01  14 1.00000e+00  
 59.2 2.9201e+01  14 1.00000e+00  
 59.3 2.9886e+01  14 1.00000e+00  
 59.4 2.9859e+01  14 1.00000e+00  
 59.5 2.9832e+01  14 1.00000e+00  
 59.6 2.9805e+01  14 1.00000e+00  
 59.7 2.9780e+01  14 1.00000e+00  
 59.8 2.9756e+01  14 1.00000e+00  
 59.9 2.9731e+01  14 1.00000e+00  
 60.0 2.9706e+01  14 1.00000e+00  
 60.1 2.9681e+01  14 1.00000e+00  
 60.2 2.9658e+01  14 1.00000e+00  
 60.3 2.9628e+01  14 1.00000e+00  
 60.4 2.9594e+01  14 1.00000e+00  
 60.5 2.9561e+01  14 1.00000e+00  
 60.6 2.9530e+01  14 1.00000e+00  
 60.7 2.9500e+01  14 1.00000e+00  
 60.8 2.9469e+01  14 1.00000e+00  
 60.9 3.0169e+01  14 1.00000e+00  
 61.0 3.0140e+01  14 1.00000e+00  
 61.1 3.0112e+01  14 1.00000e+00  
 61.2 3.0086e+01  14 1.00000e+00  
 61.3 3.0061e+01  14 1.00000e+00  
 61.4 3.0035e+01  14 1.00000e+00  
 61.5 3.0009e+01  14 1.00000e+00  
 61.6 2.9985e+01  14 1.00000e+00  
 61.7 2.9961e+01  14 1.00000e+00  
 61.8 2.9928e+01  14 1.00000e+00  
 61.9 2.9893e+01  14 1.00000e+00  
 62.0 2.9860e+01  14 1.00000e+00  
 62.1 2.9828e+01  14 1.00000e+00  
 62.2 2.9795e+01  14 1.00000e+00  
 62.3 2.9764e+01  14 1.00000e+00  
 62.4 2.9734e+01  14 1.00000e+00  
 62.5 3.0445e+01  14 1.00000e+00  
 62.6 3.0417e+01  14 1.00000e+00  
 62.7 3.0390e+01  14 1.00000e+00  
 62.8 3.0363e+01  14 1.00000e+00  
 62.9 3.0336e+01  14 1.00000e+00  
 63.0 3.0310e+01  14 1.00000e+00  
 63.1 3.0285e+01  14 1.00000e+00  
 63.2 3.0260e+01  14 1.00000e+00  
 63.3 3.0228e+01  14 1.00000e+00  
 63.4 3.0191e+01  14 1.00000e+00  
 63.5 3.0157e+01  14 1.00000e+00  
 63.6 3.0124e+01  14 1.00000e+00  
 63.7 3.0090e+01  14 1.00000e+00  
 63.8 3.0058e+01  14 1.00000e+00  
 63.9 3.0027e+01  14 1.00000e+00  
 64.0 2.9996e+01  14 1.00000e+00  
 64.1 3.0719e+01  14 1.00000e+00  
 64.2 3.0692e+01  14 1.00000e+00  
 64.3 3.0663e+01  14 1.00000e+00  
 64.4 3.0635e+01  14 1.00000e+00  
 64.5 3.0609e+01  14 1.00000e+00  
 64.6 3.0583e+01  14 1.00000e+00  
 64.7 3.0557e+01  14 1.00000e+00  
 64.8 3.0527e+01  14 1.00000e+00  
 64.9 3.0490e+01  14 1.00000e+00  
 65.0 3.0454e+01  14 1.00000e+00  
 65.1 3.0419e+01  14 1.00000e+00  
 65.2 3.0384e+01  14 1.00000e+00  
 65.3 3.0350e+01  14 1.00000e+00  
 65.4 3.0319e+01  14 1.00000e+00  
 65.5 3.0287e+01  14 1.00000e+00  
 65.6 3.0255e+01  14 1.00000e+00  
 65.7 3.0224e+01  14 1.00000e+00  
 65.8 3.0961e+01  14 1.00000e+00  
 65.9 3.0933e+01  14 1.00000e+00  
 66.0 3.0905e+01  14 1.00000e+00  
 66.1 3.0879e+01  14 1.00000e+00  
 66.2 3.0851e+01  14 1.00000e+00  
 66.3 3.0825e+01  14 1.00000e+00  
 66.4 3.0788e+01  14 1.00000e+00  
 66.5 3.0752e+01  14 1.00000e+00  
 66.6 3.0714e+01  14 1.00000e+00  
 66.7 3.0678e+01  14 1.00000e+00  
 66.8 3.0644e+01  14 1.00000e+00  
 66.9 3.0610e+01  14 1.00000e+00  
 67.0 3.0577e+01  14 1.00000e+00  
 67.1 3.0544e+01  14 1.00000e+00  
 67.2 3.0512e+01  14 1.00000e+00  
 67.3 3.0482e+01  14 1.00000e+00  
 67.4 3.1230e+01  14 1.00000e+00  
 67.5 3.1201e+01  14 1.00000e+00  
 67.6 3.1173e+01  14 1.00000e+00  
 67.7 3.1145e+01  14 1.00000e+00  
 67.8 3.1117e+01  14 1.00000e+00  
 67.9 3.1087e+01  14 1.00000e+00  
 68.0 3.1050e+01  14 1.00000e+00  
 68.1 3.1011e+01  14 1.00000e+00  
 68.2 3.0974e+01  14 1.00000e+00  
 68.3 3.0938e+01  14 1.00000e+00  
 68.4 3.0903e+01  14 1.00000e+00  
 68.5 3.0868e+01  14 1.00000e+00  
 68.6 3.0834e+01  14 1.00000e+00  
 68.7 3.0801e+01  14 1.00000e+00  
 68.8 3.0769e+01  14 1.00000e+00  
 68.9 3.0737e+01  14 1.00000e+00  
 69.0 3.0706e+01  14 1.00000e+00  
 69.1 3.1468e+01  14 1.00000e+00  
 69.2 3.1439e+01  14 1.00000e+00  
 69.3 3.1410e+01  14 1.00000e+00  
 69.4 3.1382e+01  14 1.00000e+00  
 69.5 3.1350e+01  14 1.00000e+00  
 69.6 3.1311e+01  14 1.00000e+00  
 69.7 3.1272e+01  14 1.00000e+00  
 69.8 3.1234e+01  14 1.00000e+00  
 69.9 3.1198e+01  14 1.00000e+00  
 70.0 3.1161e+01  14 1.00000e+00  
 70.1 3.1126e+01  14 1.00000e+00  
 70.2 3.1092e+01  14 1.00000e+00  
 70.3 3.1059e+01  14 1.00000e+00  
 70.4 3.1025e+01  14 1.00000e+00  
 70.5 3.0992e+01  14 1.00000e+00  
 70.6 3.0961e+01  14 1.00000e+00  
 70.7 3.0931e+01  14 1.00000e+00  
 70.8 3.1703e+01  14 1.00000e+00  
 70.9 3.1674e+01  14 1.00000e+00  
 71.0 3.1647e+01  14 1.00000e+00  
 71.1 3.1611e+01  14 1.00000e+00  
 71.2 3.1571e+01  14 1.00000e+00  
 71.3 3.1534e+01  14 1.00000e+00  
 71.4 3.1496e+01  14 1.00000e+00  
 71.5 3.1458e+01  14 1.00000e+00  
 71.6 3.1420e+01  14 1.00000e+00  
 71.7 3.1384e+01  14 1.00000e+00  
 71.8 3.1350e+01  14 1.00000e+00  
 71.9 3.1315e+01  14 1.00000e+00  
 72.0 3.1281e+01  14 1.00000e+00  
 72.1 3.1248e+01  14 1.00000e+00  
 72.2 3.1217e+01  14 1.00000e+00  
 72.3 3.1185e+01  14 1.00000e+00  
 72.4 3.1153e+01  14 1.00000e+00  
 72.5 3.1939e+01  14 1.00000e+00  
 72.6 3.1909e+01  14 1.00000e+00  
 72.7 3.1874e+01  14 1.00000e+00  
 72.8 3.1834e+01  14 1.00000e+00  
 72.9 3.1796e+01  14 1.00000e+00  
 73.0 3.1758e+01  14 1.00000e+00  
 73.1 3.1718e+01  14 1.00000e+00  
 73.2 3.1680e+01  14 1.00000e+00  
 73.3 3.1645e+01  14 1.00000e+00  
 73.4 3.1608e+01  14 1.00000e+00  
 73.5 3.1572e+01  14 1.00000e+00  
 73.6 3.1538e+01  14 1.00000e+00  
 73.7 3.1505e+01  14 1.00000e+00  
 73.8 3.1471e+01  14 1.00000e+00  
 73.9 3.1438e+01  14 1.00000e+00  
 74.0 3.1406e+01  14 1.00000e+00  
 74.1 3.1376e+01  14 1.00000e+00  
 74.2 3.2172e+01  14 1.00000e+00  
 74.3 3.2139e+01  14 1.00000e+00  
 74.4 3.2099e+01  14 1.00000e+00  
 74.5 3.2059e+01  14 1.00000e+00  
 74.6 3.2020e+01  14 1.00000e+00  
 74.7 3.1980e+01  14 1.00000e+00  
 74.8 3.1943e+01  14 1.00000e+00  
 74.9 3.1906e+01  14 1.00000e+00  
 75.0 3.1868e+01  14 1.00000e+00  
 75.1 3.1831e+01  14 1.00000e+00  
 75.2 3.1796e+01  14 1.00000e+00  
 75.3 3.1762e+01  14 1.00000e+00  
 75.4 3.1727e+01  14 1.00000e+00  
 75.5 3.1693e+01  14 1.00000e+00  
 75.6 3.1661e+01  14 1.00000e+00  
 75.7 3.1630e+01  14 1.00000e+00  
 75.8 3.1598e+01  14 1.00000e+00  
 75.9 3.1567e+01  14 1.00000e+00  
 76.0 3.2366e+01  14 1.00000e+00  
 76.1 3.2325e+01  14 1.00000e+00  
 76.2 3.2284e+01  14 1.00000e+00  
 76.3 3.2245e+01  14 1.00000e+00  
 76.4 3.2207e+01  14 1.00000e+00  
 76.5 3.2169e+01  14 1.00000e+00  
 76.6 3.2130e+01  14 1.00000e+00  
 76.7 3.2092e+01  14 1.00000e+00  
 76.8 3.2057e+01  14 1.00000e+00  
 76.9 3.2021e+01  14 1.00000e+00  
 77.0 3.1985e+01  14 1.00000e+00  
 77.1 3.1950e+01  14 1.00000e+00  
 77.2 3.1918e+01  14 1.00000e+00  
 77.3 3.1885e+01  14 1.00000e+00  
 77.4 3.1852e+01  14 1.00000e+00  
 77.5 3.1820e+01  14 1.00000e+00  
 77.6 3.1788e+01  14 1.00000e+00  
 77.7 3.2595e+01  14 1.00000e+00  
 77.8 3.2552e+01  14 1.00000e+00  
 77.9 3.2512e+01  14 1.00000e+00  
 78.0 3.2473e+01  14 1.00000e+00  
 78.1 3.2434e+01  14 1.00000e+00  
 78.2 3.2395e+01  14 1.00000e+00  
 78.3 3.2357e+01  14 1.00000e+00  
 78.4 3.2320e+01  14 1.00000e+00  
 78.5 3.2283e+01  14 1.00000e+00  
 78.6 3.2246e+01  14 1.00000e+00  
 78.7 3.2210e+01  14 1.00000e+00  
 78.8 3.2177e+01  14 1.00000e+00  
 78.9 3.2143e+01  14 1.00000e+00  
 79.0 3.2109e+01  14 1.00000e+00  
 79.1 3.2075e+01  14 1.00000e+00  
 79.2 3.2044e+01  14 1.00000e+00  
 79.3 3.2010e+01  14 1.00000e+00  
 79.4 3.1966e+01  14 1.00000e+00  
 79.5 3.2783e+01  14 1.00000e+00  
 79.6 3.2743e+01  14 1.00000e+00  
 79.7 3.2703e+01  14 1.00000e+00  
 79.8 3.2662e+01  14 1.00000e+00  
 79.9 3.2624e+01  14 1.00000e+00  
 80.0 3.2587e+01  14 1.00000e+00  
 80.1 3.2549e+01  14 1.00000e+00  
 80.2 3.2510e+01  14 1.00000e+00  
 80.3 3.2474e+01  14 1.00000e+00  
 80.4 3.2439e+01  14 1.00000e+00  
 80.5 3.2404e+01  14 1.00000e+00  
 80.6 3.2368e+01  14 1.00000e+00  
 80.7 3.2334e+01  14 1.00000e+00  
 80.8 3.2301e+01  14 1.00000e+00  
 80.9 3.2270e+01  14 1.00000e+00  
 81.0 3.2233e+01  14 1.00000e+00  
 81.1 3.2189e+01  14 1.00000e+00  
 81.2 3.2147e+01  14 1.00000e+00  
 81.3 3.2976e+01  14 1.00000e+00  
 81.4 3.2934e+01  14 1.00000e+00  
 81.5 3.2894e+01  14 1.00000e+00  
 81.6 3.2856e+01  14 1.00000e+00  
 81.7 3.2818e+01  14 1.00000e+00  
 81.8 3.2779e+01  14 1.00000e+00  
 81.9 3.2741e+01  14 1.00000e+00  
 82.0 3.2704e+01  14 1.00000e+00  
 82.1 3.2668e+01  14 1.00000e+00  
 82.2 3.2632e+01  14 1.00000e+00  
 82.3 3.2596e+01  14 1.00000e+00  
 82.4 3.2562e+01  14 1.00000e+00  
 82.5 3.2529e+01  14 1.00000e+00  
 82.6 3.2495e+01  14 1.00000e+00  
 82.7 3.2460e+01  14 1.00000e+00  
 82.8 3.2416e+01  14 1.00000e+00  
 82.9 3.2374e+01  14 1.00000e+00  
 83.0 3.2331e+01  14 1.00000e+00  
 83.1 3.3169e+01  14 1.00000e+00  
 83.2 3.3129e+01  14 1.00000e+00  
 83.3 3.3091e+01  14 1.00000e+00  
 83.4 3.3050e+01  14 1.00000e+00  
 83.5 3.3011e+01  14 1.00000e+00  
 83.6 3.2975e+01  14 1.00000e+00  
 83.7 3.2938e+01  14 1.00000e+00  
 83.8 3.2900e+01  14 1.00000e+00  
 83.9 3.2863e+01  14 1.00000e+00  
 84.0 3.2827e+01  14 1.00000e+00  
 84.1 3.2793e+01  14 1.00000e+00  
 84.2 3.2758e+01  14 1.00000e+00  
 84.3 3.2724e+01  14 1.00000e+00  
 84.4 3.2690e+01  14 1.00000e+00  
 84.5 3.2648e+01  14 1.00000e+00  
 84.6 3.2605e+01  14 1.00000e+00  
 84.7 3.2561e+01  14 1.00000e+00  
 84.8 3.2518e+01  14 1.00000e+00  
 84.9 3.3369e+01  14 1.00000e+00  
 85.0 3.3328e+01  14 1.00000e+00  
 85.1 3.3287e+01  14 1.00000e+00  
 85.2 3.3248e+01  14 1.00000e+00  
 85.3 3.3211e+01  14 1.00000e+00  
 85.4 3.3173e+01  14 1.00000e+00  
 85.5 3.3135e+01  14 1.00000e+00  
 85.6 3.3097e+01  14 1.00000e+00  
 85.7 3.3061e+01  14 1.00000e+00  
 85.8 3.3026e+01  14 1.00000e+00  
 85.9 3.2990e+01  14 1.00000e+00  
 86.0 3.2954e+01  14 1.00000e+00  
 86.1 3.2920e+01  14 1.00000e+00  
 86.2 3.2885e+01  14 1.00000e+00  
 86.3 3.2840e+01  14 1.00000e+00  
 86.4 3.2795e+01  14 1.00000e+00  
 86.5 3.2752e+01  14 1.00000e+00  
 86.6 3.2711e+01  14 1.00000e+00  
 86.7 3.3570e+01  14 1.00000e+00  
 86.8 3.3528e+01  14 1.00000e+00  
 86.9 3.3488e+01  14 1.00000e+00  
 87.0 3.3450e+01  14 1.00000e+00  
 87.1 3.3411e+01  14 1.00000e+00  
 87.2 3.3373e+01  14 1.00000e+00  
 87.3 3.3335e+01  14 1.00000e+00  
 87.4 3.3299e+01  14 1.00000e+00  
 87.5 3.3262e+01  14 1.00000e+00  
 87.6 3.3225e+01  14 1.00000e+00  
 87.7 3.3189e+01  14 1.00000e+00  
 87.8 3.3155e+01  14 1.00000e+00  
 87.9 3.3121e+01  14 1.00000e+00  
 88.0 3.3081e+01  14 1.00000e+00  
 88.1 3.3035e+01  14 1.00000e+00  
 88.2 3.2991e+01  14 1.00000e+00  
 88.3 3.2949e+01  14 1.00000e+00  
 88.4 3.2906e+01  14 1.00000e+00  
 88.5 3.2863e+01  14 1.00000e+00  
 88.6 3.3733e+01  14 1.00000e+00  
 88.7 3.3694e+01  14 1.00000e+00  
 88.8 3.3654e+01  14 1.00000e+00  
 88.9 3.3614e+01  14 1.00000e+00  
 89.0 3.3576e+01  14 1.00000e+00  
 89.1 3.3540e+01  14 1.00000e+00  
 89.2 3.3503e+01  14 1.00000e+00  
 89.3 3.3465e+01  14 1.00000e+00  
 89.4 3.3428e+01  14 1.00000e+00  
 89.5 3.3392e+01  14 1.00000e+00  
 89.6 3.3359e+01  14 1.00000e+00  
 89.7 3.3323e+01  14 1.00000e+00  
 89.8 3.3281e+01  14 1.00000e+00  
 89.9 3.3236e+01  14 1.00000e+00  
 90.0 3.3192e+01  14 1.00000e+00  
 90.1 3.3148e+01  14 1.00000e+00  
 90.2 3.3104e+01  14 1.00000e+00  
 90.3 3.3063e+01  14 1.00000e+00  
 90.4 3.3023e+01  14 1.00000e+00  
 90.5 3.3902e+01  14 1.00000e+00  
 90.6 3.3861e+01  14 1.00000e+00  
 90.7 3.3821e+01  14 1.00000e+00  
 90.8 3.3784e+01  14 1.00000e+00  
 90.9 3.3746e+01  14 1.00000e+00  
 91.0 3.3709e+01  14 1.00000e+00  
 91.1 3.3671e+01  14 1.00000e+00  
 91.2 3.3635e+01  14 1.00000e+00  
 91.3 3.3599e+01  14 1.00000e+00  
 91.4 3.3563e+01  14 1.00000e+00  
 91.5 3.3528e+01  14 1.00000e+00  
 91.6 3.3487e+01  14 1.00000e+00  
 91.7 3.3442e+01  14 1.00000e+00  
 91.8 3.3397e+01  14 1.00000e+00  
 91.9 3.3352e+01  14 1.00000e+00  
 92.0 3.3309e+01  14 1.00000e+00  
 92.1 3.3268e+01  14 1.00000e+00  
 92.2 3.3226e+01  14 1.00000e+00  
 92.3 3.3184e+01  14 1.00000e+00  
 92.4 3.4072e+01  14 1.00000e+00  
 92.5 3.4033e+01  14 1.00000e+00  
 92.6 3.3996e+01  14 1.00000e+00  
 92.7 3.3956e+01  14 1.00000e+00  
 92.8 3.3918e+01  14 1.00000e+00  
 92.9 3.3881e+01  14 1.00000e+00  
 93.0 3.3846e+01  14 1.00000e+00  
 93.1 3.3809e+01  14 1.00000e+00  
 93.2 3.3772e+01  14 1.00000e+00  
 93.3 3.3736e+01  14 1.00000e+00  
 93.4 3.3699e+01  14 1.00000e+00  
 93.5 3.3654e+01  14 1.00000e+00  
 93.6 3.3607e+01  14 1.00000e+00  
 93.7 3.3562e+01  14 1.00000e+00  
 93.8 3.3519e+01  14 1.00000e+00  
 93.9 3.3477e+01  14 1.00000e+00  
 94.0 3.3434e+01  14 1.00000e+00  
 94.1 3.3392e+01  14 1.00000e+00  
 94.2 3.3351e+01  14 1.00000e+00  
 94.3 3.4250e+01  14 1.00000e+00  
 94.4 3.4210e+01  14 1.00000e+00  
 94.5 3.4171e+01  14 1.00000e+00  
 94.6 3.4132e+01  14 1.00000e+00  
 94.7 3.4095e+01  14 1.00000e+00  
 94.8 3.4059e+01  14 1.00000e+00  
 94.9 3.4022e+01  14 1.00000e+00  
 95.0 3.3985e+01  14 1.00000e+00  
 95.1 3.3948e+01  14 1.00000e+00  
 95.2 3.3914e+01  14 1.00000e+00  
 95.3 3.3871e+01  14 1.00000e+00  
 95.4 3.3823e+01  14 1.00000e+00  
 95.5 3.3778e+01  14 1.00000e+00  
 95.6 3.3734e+01  14 1.00000e+00  
 95.7 3.3690e+01  14 1.00000e+00  
 95.8 3.3647e+01  14 1.00000e+00  
 95.9 3.3604e+01  14 1.00000e+00  
 96.0 3.3564e+01  14 1.00000e+00  
 96.1 3.3524e+01  14 1.00000e+00  
 96.2 3.4430e+01  14 1.00000e+00  
 96.3 3.4389e+01  14 1.00000e+00  
 96.4 3.4350e+01  14 1.00000e+00  
 96.5 3.4313e+01  14 1.00000e+00  
 96.6 3.4277e+01  14 1.00000e+00  
 96.7 3.4238e+01  14 1.00000e+00  
 96.8 3.4201e+01  14 1.00000e+00  
 96.9 3.4166e+01  14 1.00000e+00  
 97.0 3.4130e+01  14 1.00000e+00  
 97.1 3.4095e+01  14 1.00000e+00  
 97.2 3.4046e+01  14 1.00000e+00  
 97.3 3.4000e+01  14 1.00000e+00  
 97.4 3.3955e+01  14 1.00000e+00  
 97.5 3.3911e+01  14 1.00000e+00  
 97.6 3.3866e+01  14 1.00000e+00  
 97.7 3.3823e+01  14 1.00000e+00  
 97.8 3.3782e+01  14 1.00000e+00  
 97.9 3.3740e+01  14 1.00000e+00  
 98.0 3.3699e+01  14 1.00000e+00  
 98.1 3.3658e+01  14 1.00000e+00  
 98.2 3.4574e+01  14 1.00000e+00  
 98.3 3.4536e+01  14 1.00000e+00  
 98.4 3.4498e+01  14 1.00000e+00  
 98.5 3.4459e+01  14 1.00000e+00  
 98.6 3.4421e+01  14 1.00000e+00  
 98.7 3.4386e+01  14 1.00000e+00  
 98.8 3.4351e+01  14 1.00000e+00  
 98.9 3.4314e+01  14 1.00000e+00  
 99.0 3.4277e+01  14 1.00000e+00  
 99.1 3.4229e+01  14 1.00000e+00  
 99.2 3.4183e+01  14 1.00000e+00  
 99.3 3.4138e+01  14 1.00000e+00  
 99.4 3.4092e+01  14 1.00000e+00  
 99.5 3.4048e+01  14 1.00000e+00  
 99.6 3.4006e+01  14 1.00000e+00  
 99.7 3.3963e+01  14 1.00000e+00  
 99.8 3.3921e+01  14 1.00000e+00  
 99.9 3.3879e+01  14 1.00000e+00  
100.0 3.3840e+01  14 1.00000e+00  
100.1 3.3802e+01  14 1.00000e+00  
100.2 3.4726e+01  14 1.00000e+00  
100.3 3.4686e+01  14 1.00000e+00  
100.4 3.4648e+01  14 1.00000e+00  
100.5 3.4610e+01  14 1.00000e+00  
100.6 3.4575e+01  14 1.00000e+00  
100.7 3.4538e+01  14 1.00000e+00  
100.8 3.4502e+01  14 1.00000e+00  
100.9 3.4465e+01  14 1.00000e+00  
101.0 3.4419e+01  14 1.00000e+00  
101.1 3.4373e+01  14 1.00000e+00  
101.2 3.4325e+01  14 1.00000e+00  
101.3 3.4280e+01  14 1.00000e+00  
101.4 3.4236e+01  14 1.00000e+00  
101.5 3.4194e+01  14 1.00000e+00  
101.6 3.4150e+01  14 1.00000e+00  
101.7 3.4107e+01  14 1.00000e+00  
101.8 3.4066e+01  14 1.00000e+00  
101.9 3.4027e+01  14 1.00000e+00  
102.0 3.3986e+01  14 1.00000e+00  
102.1 3.3946e+01  14 1.00000e+00  
102.2 3.4879e+01  14 1.00000e+00  
102.3 3.4841e+01  14 1.00000e+00  
102.4 3.4804e+01  14 1.00000e+00  
102.5 3.4768e+01  14 1.00000e+00  
102.6 3.4730e+01  14 1.00000e+00  
102.7 3.4693e+01  14 1.00000e+00  
102.8 3.4658e+01  14 1.00000e+00  
102.9 3.4615e+01  14 1.00000e+00  
103.0 3.4568e+01  14 1.00000e+00  
103.1 3.4520e+01  14 1.00000e+00  
103.2 3.4474e+01  14 1.00000e+00  
103.3 3.4431e+01  14 1.00000e+00  
103.4 3.4386e+01  14 1.00000e+00  
103.5 3.4342e+01  14 1.00000e+00  
103.6 3.4300e+01  14 1.00000e+00  
103.7 3.4259e+01  14 1.00000e+00  
103.8 3.4218e+01  14 1.00000e+00  
103.9 3.4177e+01  14 1.00000e+00  
104.0 3.4137e+01  14 1.00000e+00  
104.1 3.4098e+01  14 1.00000e+00  
104.2 3.5039e+01  14 1.00000e+00  
104.3 3.5002e+01  14 1.00000e+00  
104.4 3.4964e+01  14 1.00000e+00  
104.5 3.4926e+01  14 1.00000e+00  
104.6 3.4889e+01  14 1.00000e+00  
104.7 3.4854e+01  14 1.00000e+00  
104.8 3.4818e+01  14 1.00000e+00  
104.9 3.4770e+01  14 1.00000e+00  
105.0 3.4722e+01  14 1.00000e+00  
105.1 3.4676e+01  14 1.00000e+00  
105.2 3.4632e+01  14 1.00000e+00  
105.3 3.4586e+01  14 1.00000e+00  
105.4 3.4541e+01  14 1.00000e+00  
105.5 3.4498e+01  14 1.00000e+00  
105.6 3.4457e+01  14 1.00000e+00  
105.7 3.4415e+01  14 1.00000e+00  
105.8 3.4373e+01  14 1.00000e+00  
105.9 3.4333e+01  14 1.00000e+00  
106.0 3.4294e+01  14 1.00000e+00  
106.1 3.4255e+01  14 1.00000e+00  
106.2 3.4216e+01  14 1.00000e+00  
106.3 3.5166e+01  14 1.00000e+00  
106.4 3.5128e+01  14 1.00000e+00  
106.5 3.5090e+01  14 1.00000e+00  
106.6 3.5055e+01  14 1.00000e+00  
106.7 3.5020e+01  14 1.00000e+00  
106.8 3.4978e+01  14 1.00000e+00  
106.9 3.4931e+01  14 1.00000e+00  
107.0 3.4885e+01  14 1.00000e+00  
107.1 3.4840e+01  14 1.00000e+00  
107.2 3.4793e+01  14 1.00000e+00  
107.3 3.4748e+01  14 1.00000e+00  
107.4 3.4704e+01  14 1.00000e+00  
107.5 3.4662e+01  14 1.00000e+00  
107.6 3.4619e+01  14 1.00000e+00  
107.7 3.4576e+01  14 1.00000e+00  
107.8 3.4535e+01  14 1.00000e+00  
107.9 3.4496e+01  14 1.00000e+00  
108.0 3.4456e+01  14 1.00000e+00  
108.1 3.4416e+01  14 1.00000e+00  
108.2 3.4377e+01  14 1.00000e+00  
108.3 3.5335e+01  14 1.00000e+00  
108.4 3.5298e+01  14 1.00000e+00  
108.5 3.5261e+01  14 1.00000e+00  
108.6 3.5226e+01  14 1.00000e+00  
108.7 3.5188e+01  14 1.00000e+00  
108.8 3.5147e+01  14 1.00000e+00  
108.9 3.5100e+01  14 1.00000e+00  
109.0 3.5055e+01  14 1.00000e+00  
109.1 3.5007e+01  14 1.00000e+00  
109.2 3.4961e+01  14 1.00000e+00  
109.3 3.4917e+01  14 1.00000e+00  
109.4 3.4874e+01  14 1.00000e+00  
109.5 3.4829e+01  14 1.00000e+00  
109.6 3.4786e+01  14 1.00000e+00  
109.7 3.4744e+01  14 1.00000e+00  
109.8 3.4704e+01  14 1.00000e+00  
109.9 3.4664e+01  14 1.00000e+00  
110.0 3.4623e+01  14 1.00000e+00  
110.1 3.4583e+01  14 1.00000e+00  
110.2 3.4545e+01  14 1.00000e+00  
110.3 3.4508e+01  14 1.00000e+00  
110.4 3.5473e+01  14 1.00000e+00  
110.5 3.5436e+01  14 1.00000e+00  
110.6 3.5398e+01  14 1.00000e+00  
110.7 3.5361e+01  14 1.00000e+00  
110.8 3.5323e+01  14 1.00000e+00  
110.9 3.5276e+01  14 1.00000e+00  
111.0 3.5230e+01  14 1.00000e+00  
111.1 3.5183e+01  14 1.00000e+00  
111.2 3.5137e+01  14 1.00000e+00  
111.3 3.5093e+01  14 1.00000e+00  
111.4 3.5048e+01  14 1.00000e+00  
111.5 3.5004e+01  14 1.00000e+00  
111.6 3.4961e+01  14 1.00000e+00  
111.7 3.4919e+01  14 1.00000e+00  
111.8 3.4879e+01  14 1.00000e+00  
111.9 3.4837e+01  14 1.00000e+00  
112.0 3.4796e+01  14 1.00000e+00  
112.1 3.4757e+01  14 1.00000e+00  
112.2 3.4718e+01  14 1.00000e+00  
112.3 3.4680e+01  14 1.00000e+00  
112.4 3.4642e+01  14 1.00000e+00  
112.5 3.4604e+01  14 1.00000e+00  
112.6 3.5577e+01  14 1.00000e+00  
112.7 3.5540e+01  14 1.00000e+00  
112.8 3.5505e+01  14 1.00000e+00  
112.9 3.5460e+01  14 1.00000e+00  
113.0 3.5412e+01  14 1.00000e+00  
113.1 3.5366e+01  14 1.00000e+00  
113.2 3.5321e+01  14 1.00000e+00  
113.3 3.5276e+01  14 1.00000e+00  
113.4 3.5230e+01  14 1.00000e+00  
113.5 3.5186e+01  14 1.00000e+00  
113.6 3.5142e+01  14 1.00000e+00  
113.7 3.5101e+01  14 1.00000e+00  
113.8 3.5058e+01  14 1.00000e+00  
113.9 3.5016e+01  14 1.00000e+00  
114.0 3.4975e+01  14 1.00000e+00  
114.1 3.4936e+01  14 1.00000e+00  
114.2 3.4898e+01  14 1.00000e+00  
114.3 3.4858e+01  14 1.00000e+00  
114.4 3.4819e+01  14 1.00000e+00  
114.5 3.4781e+01  14 1.00000e+00  
114.6 3.4745e+01  14 1.00000e+00  
114.7 3.5726e+01  14 1.00000e+00  
114.8 3.5690e+01  14 1.00000e+00  
114.9 3.5651e+01  14 1.00000e+00  
115.0 3.5602e+01  14 1.00000e+00  
115.1 3.5555e+01  14 1.00000e+00  
115.2 3.5510e+01  14 1.00000e+00  
115.3 3.5467e+01  14 1.00000e+00  
115.4 3.5420e+01  14 1.00000e+00  
115.5 3.5375e+01  14 1.00000e+00  
115.6 3.5331e+01  14 1.00000e+00  
115.7 3.5289e+01  14 1.00000e+00  
115.8 3.5246e+01  14 1.00000e+00  
115.9 3.5203e+01  14 1.00000e+00  
116.0 3.5162e+01  14 1.00000e+00  
116.1 3.5122e+01  14 1.00000e+00  
116.2 3.5083e+01  14 1.00000e+00  
116.3 3.5042e+01  14 1.00000e+00  
116.4 3.5003e+01  14 1.00000e+00  
116.5 3.4965e+01  14 1.00000e+00  
116.6 3.4928e+01  14 1.00000e+00  
116.7 3.4891e+01  14 1.00000e+00  
116.8 3.4854e+01  14 1.00000e+00  
116.9 3.5844e+01  14 1.00000e+00  
117.0 3.5801e+01  14 1.00000e+00  
117.1 3.5754e+01  14 1.00000e+00  
117.2 3.5707e+01  14 1.00000e+00  
117.3 3.5663e+01  14 1.00000e+00  
117.4 3.5617e+01  14 1.00000e+00  
117.5 3.5571e+01  14 1.00000e+00  
117.6 3.5527e+01  14 1.00000e+00  
117.7 3.5484e+01  14 1.00000e+00  
117.8 3.5440e+01  14 1.00000e+00  
117.9 3.5397e+01  14 1.00000e+00  
118.0 3.5355e+01  14 1.00000e+00  
118.1 3.5315e+01  14 1.00000e+00  
118.2 3.5275e+01  14 1.00000e+00  
118.3 3.5234e+01  14 1.00000e+00  
118.4 3.5194e+01  14 1.00000e+00  
118.5 3.5155e+01  14 1.00000e+00  
118.6 3.5118e+01  14 1.00000e+00  
118.7 3.5080e+01  14 1.00000e+00  
118.8 3.5042e+01  14 1.00000e+00  
118.9 3.5005e+01  14 1.00000e+00  
119.0 3.4969e+01  14 1.00000e+00  
119.1 3.5960e+01  14 1.00000e+00  
119.2 3.5913e+01  14 1.00000e+00  
119.3 3.5867e+01  14 1.00000e+00  
119.4 3.5821e+01  14 1.00000e+00  
119.5 3.5775e+01  14 1.00000e+00  
119.6 3.5731e+01  14 1.00000e+00  
119.7 3.5687e+01  14 1.00000e+00  
119.8 3.5643e+01  14 1.00000e+00  
119.9 3.5599e+01  14 1.00000e+00  
120.0 3.5556e+01  14 1.00000e+00  
120.1 3.5515e+01  14 1.00000e+00  
120.2 3.5474e+01  14 1.00000e+00  
120.3 3.5432e+01  14 1.00000e+00  
120.4 3.5392e+01  14 1.00000e+00  
120.5 3.5352e+01  14 1.00000e+00  
120.6 3.5314e+01  14 1.00000e+00  
120.7 3.5276e+01  14 1.00000e+00  
120.8 3.5237e+01  14 1.00000e+00  
120.9 3.5199e+01  14 1.00000e+00  
121.0 3.5163e+01  14 1.00000e+00  
121.1 3.5127e+01  14 1.00000e+00  
121.2 3.5091e+01  14 1.00000e+00  
121.3 3.6081e+01  14 1.00000e+00  
121.4 3.6034e+01  14 1.00000e+00  
121.5 3.5987e+01  14 1.00000e+00  
121.6 3.5941e+01  14 1.00000e+00  
121.7 3.5897e+01  14 1.00000e+00  
121.8 3.5855e+01  14 1.00000e+00  
121.9 3.5810e+01  14 1.00000e+00  
122.0 3.5766e+01  14 1.00000e+00  
122.1 3.5723e+01  14 1.00000e+00  
122.2 3.5681e+01  14 1.00000e+00  
122.3 3.5639e+01  14 1.00000e+00  
122.4 3.5597e+01  14 1.00000e+00  
122.5 3.5556e+01  14 1.00000e+00  
122.6 3.5517e+01  14 1.00000e+00  
122.7 3.5479e+01  14 1.00000e+00  
122.8 3.5439e+01  14 1.00000e+00  
122.9 3.5401e+01  14 1.00000e+00  
123.0 3.5363e+01  14 1.00000e+00  
123.1 3.5326e+01  14 1.00000e+00  
123.2 3.5291e+01  14 1.00000e+00  
123.3 3.5254e+01  14 1.00000e+00  
123.4 3.5210e+01  14 1.00000e+00  
123.5 3.6209e+01  14 1.00000e+00  
123.6 3.6162e+01  14 1.00000e+00  
123.7 3.6116e+01  14 1.00000e+00  
123.8 3.6072e+01  14 1.00000e+00  
123.9 3.6027e+01  14 1.00000e+00  
124.0 3.5983e+01  14 1.00000e+00  
124.1 3.5939e+01  14 1.00000e+00  
124.2 3.5897e+01  14 1.00000e+00  
124.3 3.5855e+01  14 1.00000e+00  
124.4 3.5812e+01  14 1.00000e+00  
124.5 3.5770e+01  14 1.00000e+00  
124.6 3.5729e+01  14 1.00000e+00  
124.7 3.5689e+01  14 1.00000e+00  
124.8 3.5650e+01  14 1.00000e+00  
124.9 3.5610e+01  14 1.00000e+00  
125.0 3.5571e+01  14 1.00000e+00  
125.1 3.5533e+01  14 1.00000e+00  
125.2 3.5496e+01  14 1.00000e+00  
125.3 3.5460e+01  14 1.00000e+00  
125.4 3.5422e+01  14 1.00000e+00  
125.5 3.5386e+01  14 1.00000e+00  
125.6 3.5340e+01  14 1.00000e+00  
125.7 3.6345e+01  14 1.00000e+00  
125.8 3.6299e+01  14 1.00000e+00  
125.9 3.6254e+01  14 1.00000e+00  
126.0 3.6209e+01  14 1.00000e+00  
126.1 3.6164e+01  14 1.00000e+00  
126.2 3.6120e+01  14 1.00000e+00  
126.3 3.6078e+01  14 1.00000e+00  
126.4 3.6036e+01  14 1.00000e+00  
126.5 3.5992e+01  14 1.00000e+00  
126.6 3.5949e+01  14 1.00000e+00  
126.7 3.5908e+01  14 1.00000e+00  
126.8 3.5868e+01  14 1.00000e+00  
126.9 3.5829e+01  14 1.00000e+00  
127.0 3.5788e+01  14 1.00000e+00  
127.1 3.5748e+01  14 1.00000e+00  
127.2 3.5710e+01  14 1.00000e+00  
127.3 3.5673e+01  14 1.00000e+00  
127.4 3.5636e+01  14 1.00000e+00  
127.5 3.5598e+01  14 1.00000e+00  
127.6 3.5561e+01  14 1.00000e+00  
127.7 3.5525e+01  14 1.00000e+00  
127.8 3.5480e+01  14 1.00000e+00  
127.9 3.5433e+01  14 1.00000e+00  
128.0 3.6445e+01  14 1.00000e+00  
128.1 3.6400e+01  14 1.00000e+00  
128.2 3.6354e+01  14 1.00000e+00  
128.3 3.6309e+01  14 1.00000e+00  
128.4 3.6266e+01  14 1.00000e+00  
128.5 3.6224e+01  14 1.00000e+00  
128.6 3.6181e+01  14 1.00000e+00  
128.7 3.6138e+01  14 1.00000e+00  
128.8 3.6095e+01  14 1.00000e+00  
128.9 3.6055e+01  14 1.00000e+00  
129.0 3.6015e+01  14 1.00000e+00  
129.1 3.5973e+01  14 1.00000e+00  
129.2 3.5933e+01  14 1.00000e+00  
129.3 3.5894e+01  14 1.00000e+00  
129.4 3.5856e+01  14 1.00000e+00  
129.5 3.5819e+01  14 1.00000e+00  
129.6 3.5780e+01  14 1.00000e+00  
129.7 3.5743e+01  14 1.00000e+00  
129.8 3.5706e+01  14 1.00000e+00  
129.9 3.5670e+01  14 1.00000e+00  
130.0 3.5627e+01  14 1.00000e+00  
130.1 3.5580e+01  14 1.00000e+00  
130.2 3.5533e+01  14 1.00000e+00  
130.3 3.6552e+01  14 1.00000e+00  
130.4 3.6507e+01  14 1.00000e+00  
130.5 3.6462e+01  14 1.00000e+00  
130.6 3.6420e+01  14 1.00000e+00  
130.7 3.6376e+01  14 1.00000e+00  
130.8 3.6333e+01  14 1.00000e+00  
130.9 3.6291e+01  14 1.00000e+00  
131.0 3.6249e+01  14 1.00000e+00  
131.1 3.6209e+01  14 1.00000e+00  
131.2 3.6167e+01  14 1.00000e+00  
131.3 3.6126e+01  14 1.00000e+00  
131.4 3.6085e+01  14 1.00000e+00  
131.5 3.6047e+01  14 1.00000e+00  
131.6 3.6009e+01  14 1.00000e+00  
131.7 3.5970e+01  14 1.00000e+00  
131.8 3.5931e+01  14 1.00000e+00  
131.9 3.5894e+01  14 1.00000e+00  
132.0 3.5858e+01  14 1.00000e+00  
132.1 3.5822e+01  14 1.00000e+00  
132.2 3.5783e+01  14 1.00000e+00  
132.3 3.5735e+01  14 1.00000e+00  
132.4 3.5689e+01  14 1.00000e+00  
132.5 3.5645e+01  14 1.00000e+00  
132.6 3.6669e+01  14 1.00000e+00  
132.7 3.6624e+01  14 1.00000e+00  
132.8 3.6581e+01  14 1.00000e+00  
132.9 3.6537e+01  14 1.00000e+00  
133.0 3.6494e+01  14 1.00000e+00  
133.1 3.6452e+01  14 1.00000e+00  
133.2 3.6411e+01  14 1.00000e+00  
133.3 3.6370e+01  14 1.00000e+00  
133.4 3.6327e+01  14 1.00000e+00  
133.5 3.6286e+01  14 1.00000e+00  
133.6 3.6246e+01  14 1.00000e+00  
133.7 3.6207e+01  14 1.00000e+00  
133.8 3.6169e+01  14 1.00000e+00  
133.9 3.6129e+01  14 1.00000e+00  
134.0 3.6090e+01  14 1.00000e+00  
134.1 3.6052e+01  14 1.00000e+00  
134.2 3.6016e+01  14 1.00000e+00  
134.3 3.5980e+01  14 1.00000e+00  
134.4 3.5943e+01  14 1.00000e+00  
134.5 3.5900e+01  14 1.00000e+00  
134.6 3.5854e+01  14 1.00000e+00  
134.7 3.5809e+01  14 1.00000e+00  
134.8 3.5764e+01  14 1.00000e+00  
134.9 3.6795e+01  14 1.00000e+00  
135.0 3.6751e+01  14 1.00000e+00  
135.1 3.6706e+01  14 1.00000e+00  
135.2 3.6663e+01  14 1.00000e+00  
135.3 3.6620e+01  14 1.00000e+00  
135.4 3.6579e+01  14 1.00000e+00  
135.5 3.6539e+01  14 1.00000e+00  
135.6 3.6496e+01  14 1.00000e+00  
135.7 3.6454e+01  14 1.00000e+00  
135.8 3.6414e+01  14 1.00000e+00  
135.9 3.6374e+01  14 1.00000e+00  
136.0 3.6336e+01  14 1.00000e+00  
136.1 3.6295e+01  14 1.00000e+00  
136.2 3.6256e+01  14 1.00000e+00  
136.3 3.6218e+01  14 1.00000e+00  
136.4 3.6181e+01  14 1.00000e+00  
136.5 3.6145e+01  14 1.00000e+00  
136.6 3.6108e+01  14 1.00000e+00  
136.7 3.6071e+01  14 1.00000e+00  
136.8 3.6027e+01  14 1.00000e+00  
136.9 3.5982e+01  14 1.00000e+00  
137.0 3.5936e+01  14 1.00000e+00  
137.1 3.5891e+01  14 1.00000e+00  
137.2 3.5846e+01  14 1.00000e+00  
137.3 3.6884e+01  14 1.00000e+00  
137.4 3.6840e+01  14 1.00000e+00  
137.5 3.6797e+01  14 1.00000e+00  
137.6 3.6755e+01  14 1.00000e+00  
137.7 3.6714e+01  14 1.00000e+00  
137.8 3.6672e+01  14 1.00000e+00  
137.9 3.6630e+01  14 1.00000e+00  
138.0 3.6589e+01  14 1.00000e+00  
138.1 3.6550e+01  14 1.00000e+00  
138.2 3.6510e+01  14 1.00000e+00  
138.3 3.6469e+01  14 1.00000e+00  
138.4 3.6430e+01  14 1.00000e+00  
138.5 3.6391e+01  14 1.00000e+00  
138.6 3.6354e+01  14 1.00000e+00  
138.7 3.6317e+01  14 1.00000e+00  
138.8 3.6279e+01  14 1.00000e+00  
138.9 3.6242e+01  14 1.00000e+00  
139.0 3.6206e+01  14 1.00000e+00  
139.1 3.6165e+01  14 1.00000e+00  
139.2 3.6120e+01  14 1.00000e+00  
139.3 3.6073e+01  14 1.00000e+00  
139.4 3.6027e+01  14 1.00000e+00  
139.5 3.5983e+01  14 1.00000e+00  
139.6 3.5940e+01  14 1.00000e+00  
139.7 3.6983e+01  14 1.00000e+00  
139.8 3.6940e+01  14 1.00000e+00  
139.9 3.6898e+01  14 1.00000e+00  
140.0 3.6855e+01  14 1.00000e+00  
140.1 3.6813e+01  14 1.00000e+00  
140.2 3.6772e+01  14 1.00000e+00  
140.3 3.6733e+01  14 1.00000e+00  
140.4 3.6693e+01  14 1.00000e+00  
140.5 3.6652e+01  14 1.00000e+00  
140.6 3.6612e+01  14 1.00000e+00  
140.7 3.6572e+01  14 1.00000e+00  
140.8 3.6534e+01  14 1.00000e+00  
140.9 3.6497e+01  14 1.00000e+00  
141.0 3.6458e+01  14 1.00000e+00  
141.1 3.6421e+01  14 1.00000e+00  
141.2 3.6384e+01  14 1.00000e+00  
141.3 3.6348e+01  14 1.00000e+00  
141.4 3.6311e+01  14 1.00000e+00  
141.5 3.6265e+01  14 1.00000e+00  
141.6 3.6218e+01  14 1.00000e+00  
141.7 3.6173e+01  14 1.00000e+00  
141.8 3.6129e+01  14 1.00000e+00  
141.9 3.6086e+01  14 1.00000e+00  
142.0 3.6042e+01  14 1.00000e+00  
142.1 3.7091e+01  14 1.00000e+00  
142.2 3.7049e+01  14 1.00000e+00  
142.3 3.7006e+01  14 1.00000e+00  
142.4 3.6963e+01  14 1.00000e+00  
142.5 3.6923e+01  14 1.00000e+00  
142.6 3.6883e+01  14 1.00000e+00  
142.7 3.6844e+01  14 1.00000e+00  
142.8 3.6802e+01  14 1.00000e+00  
142.9 3.6762e+01  14 1.00000e+00  
143.0 3.6723e+01  14 1.00000e+00  
143.1 3.6685e+01  14 1.00000e+00  
143.2 3.6647e+01  14 1.00000e+00  
143.3 3.6608e+01  14 1.00000e+00  
143.4 3.6570e+01  14 1.00000e+00  
143.5 3.6533e+01  14 1.00000e+00  
143.6 3.6497e+01  14 1.00000e+00  
143.7 3.6462e+01  14 1.00000e+00  
143.8 3.6420e+01  14 1.00000e+00  
143.9 3.6373e+01  14 1.00000e+00  
144.0 3.6328e+01  14 1.00000e+00  
144.1 3.6284e+01  14 1.00000e+00  
144.2 3.6241e+01  14 1.00000e+00  
144.3 3.6195e+01  14 1.00000e+00  
144.4 3.6152e+01  14 1.00000e+00  
144.5 3.7209e+01  14 1.00000e+00  
144.6 3.7165e+01  14 1.00000e+00  
144.7 3.7123e+01  14 1.00000e+00  
144.8 3.7081e+01  14 1.00000e+00  
144.9 3.7041e+01  14 1.00000e+00  
145.0 3.7000e+01  14 1.00000e+00  
145.1 3.6960e+01  14 1.00000e+00  
145.2 3.6920e+01  14 1.00000e+00  
145.3 3.6881e+01  14 1.00000e+00  
145.4 3.6843e+01  14 1.00000e+00  
145.5 3.6805e+01  14 1.00000e+00  
145.6 3.6765e+01  14 1.00000e+00  
145.7 3.6727e+01  14 1.00000e+00  
145.8 3.6690e+01  14 1.00000e+00  
145.9 3.6653e+01  14 1.00000e+00  
146.0 3.6618e+01  14 1.00000e+00  
146.1 3.6581e+01  14 1.00000e+00  
146.2 3.6538e+01  14 1.00000e+00  
146.3 3.6492e+01  14 1.00000e+00  
146.4 3.6447e+01  14 1.00000e+00  
146.5 3.6404e+01  14 1.00000e+00  
146.6 3.6358e+01  14 1.00000e+00  
146.7 3.6314e+01  14 1.00000e+00  
146.8 3.6272e+01  14 1.00000e+00  
146.9 3.6231e+01  14 1.00000e+00  
147.0 3.7290e+01  14 1.00000e+00  
147.1 3.7248e+01  14 1.00000e+00  
147.2 3.7208e+01  14 1.00000e+00  
147.3 3.7168e+01  14 1.00000e+00  
147.4 3.7126e+01  14 1.00000e+00  
147.5 3.7086e+01  14 1.00000e+00  
147.6 3.7047e+01  14 1.00000e+00  
147.7 3.7009e+01  14 1.00000e+00  
147.8 3.6970e+01  14 1.00000e+00  
147.9 3.6930e+01  14 1.00000e+00  
148.0 3.6891e+01  14 1.00000e+00  
148.1 3.6854e+01  14 1.00000e+00  
148.2 3.6817e+01  14 1.00000e+00  
148.3 3.6781e+01  14 1.00000e+00  
148.4 3.6744e+01  14 1.00000e+00  
148.5 3.6707e+01  14 1.00000e+00  
148.6 3.6667e+01  14 1.00000e+00  
148.7 3.6621e+01  14 1.00000e+00  
148.8 3.6577e+01  14 1.00000e+00  
148.9 3.6531e+01  14 1.00000e+00  
149.0 3.6486e+01  14 1.00000e+00  
149.1 3.6443e+01  14 1.00000e+00  
149.2 3.6401e+01  14 1.00000e+00  
149.3 3.6360e+01  14 1.00000e+00  
149.4 3.6317e+01  14 1.00000e+00  
149.5 3.7383e+01  14 1.00000e+00  
149.6 3.7342e+01  14 1.00000e+00  
149.7 3.7300e+01  14 1.00000e+00  
149.8 3.7260e+01  14 1.00000e+00  
149.9 3.7220e+01  14 1.00000e+00  
150.0 3.7181e+01  14 1.00000e+00  
