 15.1 1.4447e+00  13 4.42376e-02  
 15.2 1.4523e+00  13 4.46126e-02  
 15.3 1.4599e+00  13 4.49830e-02  
 15.4 1.4675e+00  13 4.53488e-02  
 15.5 1.4751e+00  13 4.57105e-02  
 15.6 1.4827e+00  13 4.60677e-02  
 15.7 1.4903e+00  13 4.64207e-02  
 15.8 1.4980e+00  13 4.67695e-02  
 15.9 1.5056e+00  13 4.71143e-02  
 16.0 1.5132e+00  13 4.74553e-02  
 16.1 1.5208e+00  13 4.77923e-02  
 16.2 1.5284e+00  13 4.81254e-02  
 16.3 1.5360e+00  13 4.84548e-02  
 16.4 1.5436e+00  13 4.87266e-02  
 16.5 1.5512e+00  13 4.90478e-02  
 16.6 1.5588e+00  13 4.93656e-02  
 16.7 1.5664e+00  13 4.96799e-02  
 16.8 1.5740e+00  13 4.99905e-02  
 16.9 1.5816e+00  13 5.02978e-02  
 17.0 1.5892e+00  13 5.06016e-02  
 17.1 1.5968e+00  13 5.09023e-02  
 17.2 1.6044e+00  13 5.11996e-02  
 17.3 1.6120e+00  13 5.14939e-02  
 17.4 1.6196e+00  13 5.17850e-02  
 17.5 1.6272e+00  13 5.20729e-02  
 17.6 1.6348e+00  13 5.23579e-02  
 17.7 1.6424e+00  13 5.26400e-02  
 17.8 1.6499e+00  13 5.29262e-02  
 17.9 1.6575e+00  13 5.32128e-02  
 18.0 1.6651e+00  13 5.34977e-02  
 18.1 1.6727e+00  13 5.37808e-02  
 18.2 1.6803e+00  13 5.40587e-02  
 18.3 1.6879e+00  13 5.43338e-02  
 18.4 1.6955e+00  13 5.46098e-02  
 18.5 1.7030e+00  13 5.49569e-02  
 18.6 1.7106e+00  13 5.52291e-02  
 18.7 1.7182e+00  13 5.55001e-02  
 18.8 1.7258e+00  13 5.57693e-02  
 18.9 1.7370e+00  13 5.63164e-02  
 19.0 1.7493e+00  13 5.69430e-02  
 19.1 1.7617e+00  13 5.75645e-02  
 19.2 1.7742e+00  13 5.81955e-02  
 19.3 1.7868e+00  13 5.88297e-02  
 19.4 1.7994e+00  13 5.95509e-02  
 19.5 1.8122e+00  13 6.01924e-02  
 19.6 1.8251e+00  13 6.08369e-02  
 19.7 1.8380e+00  13 6.14844e-02  
 19.8 1.8511e+00  13 6.21352e-02  
 19.9 1.8642e+00  13 6.27891e-02  
 20.0 1.8775e+00  13 6.34370e-02  
 20.1 1.8908e+00  13 6.40966e-02  
 20.2 1.9043e+00  13 6.47598e-02  
 20.3 1.9178e+00  13 6.55243e-02  
 20.4 1.7368e+01  14 1.00000e+00  
 20.5 1.7441e+01  14 1.00000e+00  
 20.6 1.7513e+01  14 1.00000e+00  
 20.7 1.7585e+01  14 1.00000e+00  
 20.8 1.7659e+01  14 1.00000e+00  
 20.9 1.7731e+01  14 1.00000e+00  
 21.0 1.7802e+01  14 1.00000e+00  
 21.1 1.7847e+01  14 1.00000e+00  
 21.2 1.7918e+01  14 1.00000e+00  
 21.3 1.7989e+01  14 1.00000e+00  
 21.4 1.8059e+01  14 1.00000e+00  
 21.5 1.8128e+01  14 1.00000e+00  
 21.6 1.8198e+01  14 1.00000e+00  
 21.7 1.8270e+01  14 1.00000e+00  
 21.8 1.8339e+01  14 1.00000e+00  
 21.9 1.8408e+01  14 1.00000e+00  
 22.0 1.8449e+01  14 1.00000e+00  
 22.1 1.8517e+01  14 1.00000e+00  
 22.2 1.8585e+01  14 1.00000e+00  
 22.3 1.8652e+01  14 1.00000e+00  
 22.4 1.8720e+01  14 1.00000e+00  
 22.5 1.8790e+01  14 1.00000e+00  
 22.6 1.8857e+01  14 1.00000e+00  
 22.7 1.8923e+01  14 1.00000e+00  
 22.8 1.8960e+01  14 1.00000e+00  
 22.9 1.9026e+01  14 1.00000e+00  
 23.0 1.9092e+01  14 1.00000e+00  
 23.1 1.9157e+01  14 1.00000e+00  
 23.2 1.9221e+01  14 1.00000e+00  
 23.3 1.9288e+01  14 1.00000e+00  
 23.4 5.5964e+00  14 2.54497e-01  
 23.5 5.7059e+00  14 2.59532e-01  
 23.6 5.8159e+00  14 2.64995e-01  
 23.7 5.9277e+00  14 2.70098e-01  
 23.8 6.0407e+00  14 2.75236e-01  
 23.9 6.1549e+00  14 2.80414e-01  
 24.0 6.2704e+00  14 2.85627e-01  
 24.1 6.3871e+00  14 2.90868e-01  
 24.2 6.5053e+00  14 2.96116e-01  
 24.3 6.6245e+00  14 3.01435e-01  
 24.4 6.7421e+00  14 3.07155e-01  
 24.5 6.8635e+00  14 3.12538e-01  
 24.6 6.9861e+00  14 3.17958e-01  
 24.7 7.1099e+00  14 3.23412e-01  
 24.8 7.2349e+00  14 3.28905e-01  
 24.9 7.3612e+00  14 3.34420e-01  
 25.0 7.4890e+00  14 3.39941e-01  
 25.1 7.6177e+00  14 3.45531e-01  
 25.2 7.7425e+00  14 3.51500e-01  
 25.3 7.8733e+00  14 3.57154e-01  
 25.4 8.0052e+00  14 3.62842e-01  
 25.5 8.1383e+00  14 3.68567e-01  
 25.6 8.2726e+00  14 3.74324e-01  
 25.7 8.4083e+00  14 3.80099e-01  
 25.8 8.5457e+00  14 3.85888e-01  
 25.9 8.6762e+00  14 3.92068e-01  
 26.0 8.8149e+00  14 3.97949e-01  
 26.1 8.9548e+00  14 4.03862e-01  
 26.2 9.0959e+00  14 4.09809e-01  
 26.3 9.2380e+00  14 4.15790e-01  
 26.4 9.3813e+00  14 4.21803e-01  
 26.5 9.5264e+00  14 4.27825e-01  
 26.6 9.6727e+00  14 4.33879e-01  
 26.7 9.8091e+00  14 4.40291e-01  
 26.8 9.9567e+00  14 4.46424e-01  
 26.9 1.0105e+01  14 4.52589e-01  
 27.0 1.0255e+01  14 4.58784e-01  
 27.1 1.0406e+01  14 4.65011e-01  
 27.2 1.0558e+01  14 4.71273e-01  
 27.3 1.0713e+01  14 4.77523e-01  
 27.4 1.0867e+01  14 4.83844e-01  
 27.5 1.1009e+01  14 4.90479e-01  
 27.6 1.1166e+01  14 4.96889e-01  
 27.7 1.1323e+01  14 5.03298e-01  
 27.8 1.1481e+01  14 5.09737e-01  
 27.9 1.1640e+01  14 5.16208e-01  
 28.0 1.1801e+01  14 5.22712e-01  
 28.1 1.1964e+01  14 5.29206e-01  
 28.2 1.2110e+01  14 5.36034e-01  
 28.3 1.2273e+01  14 5.42621e-01  
 28.4 1.2437e+01  14 5.49237e-01  
 28.5 1.2602e+01  14 5.55884e-01  
 28.6 1.2768e+01  14 5.62563e-01  
 28.7 1.2936e+01  14 5.69270e-01  
 28.8 1.3104e+01  14 5.76007e-01  
 28.9 1.3276e+01  14 5.82736e-01  
 29.0 1.3425e+01  14 5.89778e-01  
 29.1 1.3595e+01  14 5.96598e-01  
 29.2 1.3767e+01  14 6.03448e-01  
 29.3 1.3940e+01  14 6.10327e-01  
 29.4 1.4114e+01  14 6.17236e-01  
 29.5 1.4288e+01  14 6.24175e-01  
 29.6 1.4464e+01  14 6.31142e-01  
 29.7 1.4644e+01  14 6.38104e-01  
 29.8 1.4795e+01  14 6.45346e-01  
 29.9 1.4973e+01  14 6.52395e-01  
 30.0 1.5152e+01  14 6.59474e-01  
 30.1 1.5332e+01  14 6.66580e-01  
 30.2 1.5512e+01  14 6.73715e-01  
 30.3 1.5694e+01  14 6.80880e-01  
 30.4 1.5876e+01  14 6.88073e-01  
 30.5 1.6032e+01  14 6.95461e-01  
 30.6 1.6216e+01  14 7.02704e-01  
 30.7 1.6400e+01  14 7.09975e-01  
 30.8 1.6586e+01  14 7.17274e-01  
 30.9 1.6772e+01  14 7.24601e-01  
 31.0 1.6959e+01  14 7.31960e-01  
 31.1 1.7147e+01  14 7.39346e-01  
 31.2 1.7336e+01  14 7.46757e-01  
 31.3 1.7491e+01  14 7.54345e-01  
 31.4 1.7681e+01  14 7.61808e-01  
 31.5 1.7871e+01  14 7.69298e-01  
 31.6 1.8063e+01  14 7.76816e-01  
 31.7 1.8255e+01  14 7.84363e-01  
 31.8 1.8448e+01  14 7.91936e-01  
 31.9 1.8642e+01  14 7.99538e-01  
 32.0 1.8839e+01  14 8.07158e-01  
 32.1 1.8989e+01  14 8.14943e-01  
 32.2 1.9184e+01  14 8.22621e-01  
 32.3 1.9380e+01  14 8.30327e-01  
 32.4 1.9577e+01  14 8.38060e-01  
 32.5 1.9774e+01  14 8.45821e-01  
 32.6 1.9972e+01  14 8.53609e-01  
 32.7 2.0170e+01  14 8.61424e-01  
 32.8 2.0370e+01  14 8.69264e-01  
 32.9 2.0519e+01  14 8.77217e-01  
 33.0 2.0719e+01  14 8.85105e-01  
 33.1 2.0919e+01  14 8.93022e-01  
 33.2 2.1120e+01  14 9.00966e-01  
 33.3 2.1321e+01  14 9.08937e-01  
 33.4 2.1523e+01  14 9.16934e-01  
 33.5 2.1725e+01  14 9.24958e-01  
 33.6 2.1863e+01  14 9.33063e-01  
 33.7 2.2074e+01  14 9.41127e-01  
 33.8 2.2278e+01  14 9.49225e-01  
 33.9 2.2481e+01  14 9.57348e-01  
 34.0 2.2685e+01  14 9.65499e-01  
 34.1 2.2890e+01  14 9.73676e-01  
 34.2 2.3095e+01  14 9.81878e-01  
 34.3 2.3226e+01  14 9.90116e-01  
 34.4 2.3430e+01  14 9.98364e-01  
 34.5 2.3496e+01  14 1.00000e+00  
 34.6 2.3514e+01  14 1.00000e+00  
 34.7 2.3531e+01  14 1.00000e+00  
 34.8 2.3548e+01  14 1.00000e+00  
 34.9 2.3564e+01  14 1.00000e+00  
 35.0 2.3502e+01  14 1.00000e+00  
 35.1 2.3516e+01  14 1.00000e+00  
 35.2 2.3530e+01  14 1.00000e+00  
 35.3 2.3546e+01  14 1.00000e+00  
 35.4 2.3451e+01  14 1.00000e+00  
 35.5 2.3464e+01  14 1.00000e+00  
 35.6 2.3477e+01  14 1.00000e+00  
 35.7 2.3407e+01  14 1.00000e+00  
 35.8 2.3418e+01  14 1.00000e+00  
 35.9 2.3299e+01  14 1.00000e+00  
 36.0 2.3309e+01  14 1.00000e+00  
 36.1 2.3319e+01  14 1.00000e+00  
 36.2 2.3341e+01  14 1.00000e+00  
 36.3 2.3134e+01  14 1.00000e+00  
 36.4 2.3143e+01  14 1.00000e+00  
 36.5 2.3151e+01  14 1.00000e+00  
 36.6 2.3158e+01  14 1.00000e+00  
 36.7 2.3165e+01  14 1.00000e+00  
 36.8 2.2766e+01  14 1.00000e+00  
 36.9 2.1493e+01  14 1.00000e+00  
 37.0 1.9480e+01  14 1.00000e+00  
 37.1 1.7951e+01  14 1.00000e+00  
 37.2 1.5747e+01  14 1.00000e+00  
 37.3 1.3889e+01  14 1.00000e+00  
 37.4 1.3872e+01  14 1.00000e+00  
 37.5 1.3871e+01  14 1.00000e+00  
 37.6 1.3819e+01  14 1.00000e+00  
 37.7 1.3732e+01  14 1.00000e+00  
 37.8 1.3685e+01  14 1.00000e+00  
 37.9 1.3674e+01  14 1.00000e+00  
 38.0 1.3670e+01  14 1.00000e+00  
 38.1 1.3630e+01  14 1.00000e+00  
 38.2 1.3485e+01  14 1.00000e+00  
 38.3 1.3476e+01  14 1.00000e+00  
 38.4 1.3452e+01  14 1.00000e+00  
 38.5 1.3450e+01  14 1.00000e+00  
 38.6 1.3367e+01  14 1.00000e+00  
 38.7 1.3354e+01  14 1.00000e+00  
 38.8 1.3247e+01  14 1.00000e+00  
 38.9 1.3236e+01  14 1.00000e+00  
 39.0 1.3198e+01  14 1.00000e+00  
 39.1 1.3069e+01  14 9.93571e-01  
 39.2 1.2916e+01  14 9.85829e-01  
 39.3 1.2923e+01  14 9.86141e-01  
 39.4 1.2936e+01  14 9.86820e-01  
 39.5 1.2689e+01  14 9.74217e-01  
 39.6 1.2636e+01  14 9.71506e-01  
 39.7 1.2522e+01  14 9.65631e-01  
 39.8 1.2395e+01  14 9.59091e-01  
 39.9 1.2215e+01  14 9.49780e-01  
 40.0 1.2353e+01  14 9.56931e-01  
 40.1 1.2161e+01  14 9.46962e-01  
 40.2 1.2251e+01  14 9.51651e-01  
 40.3 1.2380e+01  14 9.58293e-01  
 40.4 1.2651e+01  14 9.72236e-01  
 40.5 1.2710e+01  14 9.75263e-01  
 40.6 1.2788e+01  14 9.79288e-01  
 40.7 1.2866e+01  14 9.83256e-01  
 40.8 1.2943e+01  14 9.87184e-01  
 40.9 1.3018e+01  14 9.90985e-01  
 41.0 1.3095e+01  14 9.94898e-01  
 41.1 1.3199e+01  14 1.00000e+00  
 41.2 1.3247e+01  14 1.00000e+00  
 41.3 1.3324e+01  14 1.00000e+00  
 41.4 1.3399e+01  14 1.00000e+00  
 41.5 1.3433e+01  14 1.00000e+00  
 41.6 1.3463e+01  14 1.00000e+00  
 41.7 1.3494e+01  14 1.00000e+00  
 41.8 1.3524e+01  14 1.00000e+00  
 41.9 1.3554e+01  14 1.00000e+00  
 42.0 1.3582e+01  14 1.00000e+00  
 42.1 1.3616e+01  14 1.00000e+00  
 42.2 1.3679e+01  14 1.00000e+00  
 42.3 1.3736e+01  14 1.00000e+00  
 42.4 1.3786e+01  14 1.00000e+00  
 42.5 1.3829e+01  14 1.00000e+00  
 42.6 1.3903e+01  14 1.00000e+00  
 42.7 1.3937e+01  14 1.00000e+00  
 42.8 1.3967e+01  14 1.00000e+00  
 42.9 1.3998e+01  14 1.00000e+00  
 43.0 1.4029e+01  14 1.00000e+00  
 43.1 1.4059e+01  14 1.00000e+00  
 43.2 1.4088e+01  14 1.00000e+00  
 43.3 1.4121e+01  14 1.00000e+00  
 43.4 1.4186e+01  14 1.00000e+00  
 43.5 1.4244e+01  14 1.00000e+00  
 43.6 1.4294e+01  14 1.00000e+00  
 43.7 1.4339e+01  14 1.00000e+00  
 43.8 1.4415e+01  14 1.00000e+00  
 43.9 1.4441e+01  14 1.00000e+00  
 44.0 1.4473e+01  14 1.00000e+00  
 44.1 1.4504e+01  14 1.00000e+00  
 44.2 1.4534e+01  14 1.00000e+00  
 44.3 1.4564e+01  14 1.00000e+00  
 44.4 1.4593e+01  14 1.00000e+00  
 44.5 1.4628e+01  14 1.00000e+00  
 44.6 1.4698e+01  14 1.00000e+00  
 44.7 1.4755e+01  14 1.00000e+00  
 44.8 1.4806e+01  14 1.00000e+00  
 44.9 1.4851e+01  14 1.00000e+00  
 45.0 1.4892e+01  14 1.00000e+00  
 45.1 1.4966e+01  14 1.00000e+00  
 45.2 1.4999e+01  14 1.00000e+00  
 45.3 1.5032e+01  14 1.00000e+00  
 45.4 1.5065e+01  14 1.00000e+00  
 45.5 1.5106e+01  14 1.00000e+00  
 45.6 1.5139e+01  14 1.00000e+00  
 45.7 1.5184e+01  14 1.00000e+00  
 45.8 1.5216e+01  14 1.00000e+00  
 45.9 1.5248e+01  14 1.00000e+00  
 46.0 1.5298e+01  14 1.00000e+00  
 46.1 1.5328e+01  14 1.00000e+00  
 46.2 1.5382e+01  14 1.00000e+00  
 46.3 1.5409e+01  14 1.00000e+00  
 46.4 1.5465e+01  14 1.00000e+00  
 46.5 1.5491e+01  14 1.00000e+00  
 46.6 1.5540e+01  14 1.00000e+00  
 46.7 1.5569e+01  14 1.00000e+00  
 46.8 1.5627e+01  14 1.00000e+00  
 46.9 1.5657e+01  14 1.00000e+00  
 47.0 1.5712e+01  14 1.00000e+00  
 47.1 1.5745e+01  14 1.00000e+00  
 47.2 1.5797e+01  14 1.00000e+00  
 47.3 1.5834e+01  14 1.00000e+00  
 47.4 1.5882e+01  14 1.00000e+00  
 47.5 1.5948e+01  14 1.00000e+00  
 47.6 1.5963e+01  14 1.00000e+00  
 47.7 1.6029e+01  14 1.00000e+00  
 47.8 1.6046e+01  14 1.00000e+00  
 47.9 1.6112e+01  14 1.00000e+00  
 48.0 1.6147e+01  14 1.00000e+00  
 48.1 1.6186e+01  14 1.00000e+00  
 48.2 1.6256e+01  14 1.00000e+00  
 48.3 1.6264e+01  14 1.00000e+00  
 48.4 1.6333e+01  14 1.00000e+00  
 48.5 1.6400e+01  14 1.00000e+00  
 48.6 1.6403e+01  14 1.00000e+00  
 48.7 1.6474e+01  14 1.00000e+00  
 48.8 1.6542e+01  14 1.00000e+00  
 48.9 1.6542e+01  14 1.00000e+00  
 49.0 1.6612e+01  14 1.00000e+00  
 49.1 1.6679e+01  14 1.00000e+00  
 49.2 1.6678e+01  14 1.00000e+00  
 49.3 1.6747e+01  14 1.00000e+00  
 49.4 1.6814e+01  14 1.00000e+00  
 49.5 1.6798e+01  14 1.00000e+00  
 49.6 1.6869e+01  14 1.00000e+00  
 49.7 1.6936e+01  14 1.00000e+00  
 49.8 1.6926e+01  14 1.00000e+00  
 49.9 1.6995e+01  14 1.00000e+00  
 50.0 1.7064e+01  14 1.00000e+00  
 50.1 1.7130e+01  14 1.00000e+00  
 50.2 1.7116e+01  14 1.00000e+00  
 50.3 1.7186e+01  14 1.00000e+00  
 50.4 1.7252e+01  14 1.00000e+00  
 50.5 1.7320e+01  14 1.00000e+00  
 50.6 1.7303e+01  14 1.00000e+00  
 50.7 1.7371e+01  14 1.00000e+00  
 50.8 1.7435e+01  14 1.00000e+00  
 50.9 1.7487e+01  14 1.00000e+00  
 51.0 1.7483e+01  14 1.00000e+00  
 51.1 1.7550e+01  14 1.00000e+00  
 51.2 1.7616e+01  14 1.00000e+00  
 51.3 1.7637e+01  14 1.00000e+00  
 51.4 1.7656e+01  14 1.00000e+00  
 51.5 1.7724e+01  14 1.00000e+00  
 51.6 1.7790e+01  14 1.00000e+00  
 51.7 1.7812e+01  14 1.00000e+00  
 51.8 1.7824e+01  14 1.00000e+00  
 51.9 1.7892e+01  14 1.00000e+00  
 52.0 1.7957e+01  14 1.00000e+00  
 52.1 1.8023e+01  14 1.00000e+00  
 52.2 1.8037e+01  14 1.00000e+00  
 52.3 1.8053e+01  14 1.00000e+00  
 52.4 1.8120e+01  14 1.00000e+00  
 52.5 1.8185e+01  14 1.00000e+00  
 52.6 1.8244e+01  14 1.00000e+00  
 52.7 1.8257e+01  14 1.00000e+00  
 52.8 1.8264e+01  14 1.00000e+00  
 52.9 1.8332e+01  14 1.00000e+00  
 53.0 1.8396e+01  14 1.00000e+00  
 53.1 1.8462e+01  14 1.00000e+00  
 53.2 1.8478e+01  14 1.00000e+00  
 53.3 1.8474e+01  14 1.00000e+00  
 53.4 1.8542e+01  14 1.00000e+00  
 53.5 1.8606e+01  14 1.00000e+00  
 53.6 1.8671e+01  14 1.00000e+00  
 53.7 1.8737e+01  14 1.00000e+00  
 53.8 1.8747e+01  14 1.00000e+00  
 53.9 1.8741e+01  14 1.00000e+00  
 54.0 1.8807e+01  14 1.00000e+00  
 54.1 1.8871e+01  14 1.00000e+00  
 54.2 1.8936e+01  14 1.00000e+00  
 54.3 1.9003e+01  14 1.00000e+00  
 54.4 1.9014e+01  14 1.00000e+00  
 54.5 1.8992e+01  14 1.00000e+00  
 54.6 1.9061e+01  14 1.00000e+00  
 54.7 1.9125e+01  14 1.00000e+00  
 54.8 1.9189e+01  14 1.00000e+00  
 54.9 1.9253e+01  14 1.00000e+00  
 55.0 1.9316e+01  14 1.00000e+00  
 55.1 1.9285e+01  14 1.00000e+00  
 55.2 1.9299e+01  14 1.00000e+00  
 55.3 1.9363e+01  14 1.00000e+00  
 55.4 1.9428e+01  14 1.00000e+00  
 55.5 1.9493e+01  14 1.00000e+00  
 55.6 1.9556e+01  14 1.00000e+00  
 55.7 1.9620e+01  14 1.00000e+00  
 55.8 1.9641e+01  14 1.00000e+00  
 55.9 1.9643e+01  14 1.00000e+00  
 56.0 1.9673e+01  14 1.00000e+00  
 56.1 1.9701e+01  14 1.00000e+00  
 56.2 1.9771e+01  14 1.00000e+00  
 56.3 1.9836e+01  14 1.00000e+00  
 56.4 1.9899e+01  14 1.00000e+00  
 56.5 1.9961e+01  14 1.00000e+00  
 56.6 1.9926e+01  14 1.00000e+00  
 56.7 2.0039e+01  14 1.00000e+00  
 56.8 2.0071e+01  14 1.00000e+00  
 56.9 2.0088e+01  14 1.00000e+00  
 57.0 2.0112e+01  14 1.00000e+00  
 57.1 2.0162e+01  14 1.00000e+00  
 57.2 2.0227e+01  14 1.00000e+00  
 57.3 2.0289e+01  14 1.00000e+00  
 57.4 2.0351e+01  14 1.00000e+00  
 57.5 2.0409e+01  14 1.00000e+00  
 57.6 2.0455e+01  14 1.00000e+00  
 57.7 2.0498e+01  14 1.00000e+00  
 57.8 2.0536e+01  14 1.00000e+00  
 57.9 2.0570e+01  14 1.00000e+00  
 58.0 2.0587e+01  14 1.00000e+00  
 58.1 2.0614e+01  14 1.00000e+00  
 58.2 2.0648e+01  14 1.00000e+00  
 58.3 2.0714e+01  14 1.00000e+00  
 58.4 2.0803e+01  14 1.00000e+00  
 58.5 2.0893e+01  14 1.00000e+00  
 58.6 2.0950e+01  14 1.00000e+00  
 58.7 2.0952e+01  14 1.00000e+00  
 58.8 2.1001e+01  14 1.00000e+00  
 58.9 2.1047e+01  14 1.00000e+00  
 59.0 2.1089e+01  14 1.00000e+00  
 59.1 2.1131e+01  14 1.00000e+00  
 59.2 2.1172e+01  14 1.00000e+00  
 59.3 2.1206e+01  14 1.00000e+00  
 59.4 2.1267e+01  14 1.00000e+00  
 59.5 2.1279e+01  14 1.00000e+00  
 59.6 2.1338e+01  14 1.00000e+00  
 59.7 2.1395e+01  14 1.00000e+00  
 59.8 2.1451e+01  14 1.00000e+00  
 59.9 2.1508e+01  14 1.00000e+00  
 60.0 2.1565e+01  14 1.00000e+00  
 60.1 2.1618e+01  14 1.00000e+00  
 60.2 2.1671e+01  14 1.00000e+00  
 60.3 2.1678e+01  14 1.00000e+00  
 60.4 2.1728e+01  14 1.00000e+00  
 60.5 2.1775e+01  14 1.00000e+00  
 60.6 2.1839e+01  14 1.00000e+00  
 60.7 2.1821e+01  14 1.00000e+00  
 60.8 2.1859e+01  14 1.00000e+00  
 60.9 2.1891e+01  14 1.00000e+00  
 61.0 2.1917e+01  14 1.00000e+00  
 61.1 2.1965e+01  14 1.00000e+00  
 61.2 2.2025e+01  14 1.00000e+00  
 61.3 2.2084e+01  14 1.00000e+00  
 61.4 2.2139e+01  14 1.00000e+00  
 61.5 2.2195e+01  14 1.00000e+00  
 61.6 2.2252e+01  14 1.00000e+00  
 61.7 2.2306e+01  14 1.00000e+00  
 61.8 2.2357e+01  14 1.00000e+00  
 61.9 2.2412e+01  14 1.00000e+00  
 62.0 2.2470e+01  14 1.00000e+00  
 62.1 2.2433e+01  14 1.00000e+00  
 62.2 2.2552e+01  14 1.00000e+00  
 62.3 2.2605e+01  14 1.00000e+00  
 62.4 2.2654e+01  14 1.00000e+00  
 62.5 2.2701e+01  14 1.00000e+00  
 62.6 2.2747e+01  14 1.00000e+00  
 62.7 2.2793e+01  14 1.00000e+00  
 62.8 2.2838e+01  14 1.00000e+00  
 62.9 2.2882e+01  14 1.00000e+00  
 63.0 2.2926e+01  14 1.00000e+00  
 63.1 2.2969e+01  14 1.00000e+00  
 63.2 2.3010e+01  14 1.00000e+00  
 63.3 2.3051e+01  14 1.00000e+00  
 63.4 2.3073e+01  14 1.00000e+00  
 63.5 2.3116e+01  14 1.00000e+00  
 63.6 2.3164e+01  14 1.00000e+00  
 63.7 2.3251e+01  14 1.00000e+00  
 63.8 2.3281e+01  14 1.00000e+00  
 63.9 2.3274e+01  14 1.00000e+00  
 64.0 2.3327e+01  14 1.00000e+00  
 64.1 2.3381e+01  14 1.00000e+00  
 64.2 2.3428e+01  14 1.00000e+00  
 64.3 2.3484e+01  14 1.00000e+00  
 64.4 2.3537e+01  14 1.00000e+00  
 64.5 2.3585e+01  14 1.00000e+00  
 64.6 2.3637e+01  14 1.00000e+00  
 64.7 2.3684e+01  14 1.00000e+00  
 64.8 2.3737e+01  14 1.00000e+00  
 64.9 2.3783e+01  14 1.00000e+00  
 65.0 2.3837e+01  14 1.00000e+00  
 65.1 2.3880e+01  14 1.00000e+00  
 65.2 2.3935e+01  14 1.00000e+00  
 65.3 2.3982e+01  14 1.00000e+00  
 65.4 2.4032e+01  14 1.00000e+00  
 65.5 2.4113e+01  14 1.00000e+00  
 65.6 2.4163e+01  14 1.00000e+00  
 65.7 2.4205e+01  14 1.00000e+00  
 65.8 2.4258e+01  14 1.00000e+00  
 65.9 2.4307e+01  14 1.00000e+00  
 66.0 2.4356e+01  14 1.00000e+00  
 66.1 2.4406e+01  14 1.00000e+00  
 66.2 2.4455e+01  14 1.00000e+00  
 66.3 2.4503e+01  14 1.00000e+00  
 66.4 2.4558e+01  14 1.00000e+00  
 66.5 2.4608e+01  14 1.00000e+00  
 66.6 2.4656e+01  14 1.00000e+00  
 66.7 2.4699e+01  14 1.00000e+00  
 66.8 2.4752e+01  14 1.00000e+00  
 66.9 2.4799e+01  14 1.00000e+00  
 67.0 2.4850e+01  14 1.00000e+00  
 67.1 2.4900e+01  14 1.00000e+00  
 67.2 2.4928e+01  14 1.00000e+00  
 67.3 2.4981e+01  14 1.00000e+00  
 67.4 2.5031e+01  14 1.00000e+00  
 67.5 2.5021e+01  14 1.00000e+00  
 67.6 2.5069e+01  14 1.00000e+00  
 67.7 2.5110e+01  14 1.00000e+00  
 67.8 2.5163e+01  14 1.00000e+00  
 67.9 2.5210e+01  14 1.00000e+00  
 68.0 2.5258e+01  14 1.00000e+00  
 68.1 2.5364e+01  14 1.00000e+00  
 68.2 2.5386e+01  14 1.00000e+00  
 68.3 2.5379e+01  14 1.00000e+00  
 68.4 2.5402e+01  14 1.00000e+00  
 68.5 2.5500e+01  14 1.00000e+00  
 68.6 2.5546e+01  14 1.00000e+00  
 68.7 2.5590e+01  14 1.00000e+00  
 68.8 2.5644e+01  14 1.00000e+00  
 68.9 2.5690e+01  14 1.00000e+00  
 69.0 2.5736e+01  14 1.00000e+00  
 69.1 2.5782e+01  14 1.00000e+00  
 69.2 2.5827e+01  14 1.00000e+00  
 69.3 2.5869e+01  14 1.00000e+00  
 69.4 2.5922e+01  14 1.00000e+00  
 69.5 2.5968e+01  14 1.00000e+00  
 69.6 2.6012e+01  14 1.00000e+00  
 69.7 2.6128e+01  14 1.00000e+00  
 69.8 2.6175e+01  14 1.00000e+00  
 69.9 2.6219e+01  14 1.00000e+00  
 70.0 2.6236e+01  14 1.00000e+00  
 70.1 2.6252e+01  14 1.00000e+00  
 70.2 2.6360e+01  14 1.00000e+00  
 70.3 2.6419e+01  14 1.00000e+00  
 70.4 2.6457e+01  14 1.00000e+00  
 70.5 2.6502e+01  14 1.00000e+00  
 70.6 2.6547e+01  14 1.00000e+00  
 70.7 2.6581e+01  14 1.00000e+00  
 70.8 2.6628e+01  14 1.00000e+00  
 70.9 2.6667e+01  14 1.00000e+00  
 71.0 2.6712e+01  14 1.00000e+00  
 71.1 2.6755e+01  14 1.00000e+00  
 71.2 2.6801e+01  14 1.00000e+00  
 71.3 2.6822e+01  14 1.00000e+00  
 71.4 2.6757e+01  14 1.00000e+00  
 71.5 2.6942e+01  14 1.00000e+00  
 71.6 2.6986e+01  14 1.00000e+00  
 71.7 2.7031e+01  14 1.00000e+00  
 71.8 2.7077e+01  14 1.00000e+00  
 71.9 2.7120e+01  14 1.00000e+00  
 72.0 2.7162e+01  14 1.00000e+00  
 72.1 2.7205e+01  14 1.00000e+00  
 72.2 2.7236e+01  14 1.00000e+00  
 72.3 2.7289e+01  14 1.00000e+00  
 72.4 2.7319e+01  14 1.00000e+00  
 72.5 2.7376e+01  14 1.00000e+00  
 72.6 2.7411e+01  14 1.00000e+00  
 72.7 2.7463e+01  14 1.00000e+00  
 72.8 2.7501e+01  14 1.00000e+00  
 72.9 2.7535e+01  14 1.00000e+00  
 73.0 2.7580e+01  14 1.00000e+00  
 73.1 2.7604e+01  14 1.00000e+00  
 73.2 2.7609e+01  14 1.00000e+00  
 73.3 2.7738e+01  14 1.00000e+00  
 73.4 2.7840e+01  14 1.00000e+00  
 73.5 2.7802e+01  14 1.00000e+00  
 73.6 2.7837e+01  14 1.00000e+00  
 73.7 2.7872e+01  14 1.00000e+00  
 73.8 2.7906e+01  14 1.00000e+00  
 73.9 2.7946e+01  14 1.00000e+00  
 74.0 2.7989e+01  14 1.00000e+00  
 74.1 2.8037e+01  14 1.00000e+00  
 74.2 2.8085e+01  14 1.00000e+00  
 74.3 2.8138e+01  14 1.00000e+00  
 74.4 2.8213e+01  14 1.00000e+00  
 74.5 2.8369e+01  14 1.00000e+00  
 74.6 2.8309e+01  14 1.00000e+00  
 74.7 2.8378e+01  14 1.00000e+00  
 74.8 2.8442e+01  14 1.00000e+00  
 74.9 2.8503e+01  14 1.00000e+00  
 75.0 2.8548e+01  14 1.00000e+00  
 75.1 2.8638e+01  14 1.00000e+00  
 75.2 2.8688e+01  14 1.00000e+00  
 75.3 2.8745e+01  14 1.00000e+00  
 75.4 2.8791e+01  14 1.00000e+00  
 75.5 2.8848e+01  14 1.00000e+00  
 75.6 2.8902e+01  14 1.00000e+00  
 75.7 2.8932e+01  14 1.00000e+00  
 75.8 2.8985e+01  14 1.00000e+00  
 75.9 2.9037e+01  14 1.00000e+00  
 76.0 2.9084e+01  14 1.00000e+00  
 76.1 2.9123e+01  14 1.00000e+00  
 76.2 2.9194e+01  14 1.00000e+00  
 76.3 2.9239e+01  14 1.00000e+00  
 76.4 2.9275e+01  14 1.00000e+00  
 76.5 2.9329e+01  14 1.00000e+00  
 76.6 2.9371e+01  14 1.00000e+00  
 76.7 2.9506e+01  14 1.00000e+00  
 76.8 2.9549e+01  14 1.00000e+00  
 76.9 2.9592e+01  14 1.00000e+00  
 77.0 2.9631e+01  14 1.00000e+00  
 77.1 2.9673e+01  14 1.00000e+00  
 77.2 2.9712e+01  14 1.00000e+00  
 77.3 2.9752e+01  14 1.00000e+00  
 77.4 2.9793e+01  14 1.00000e+00  
 77.5 2.9835e+01  14 1.00000e+00  
 77.6 2.9876e+01  14 1.00000e+00  
 77.7 2.9914e+01  14 1.00000e+00  
 77.8 2.9937e+01  14 1.00000e+00  
 77.9 2.9985e+01  14 1.00000e+00  
 78.0 3.0032e+01  14 1.00000e+00  
 78.1 3.0011e+01  14 1.00000e+00  
 78.2 3.0153e+01  14 1.00000e+00  
 78.3 3.0149e+01  14 1.00000e+00  
 78.4 3.0194e+01  14 1.00000e+00  
 78.5 3.0229e+01  14 1.00000e+00  
 78.6 3.0262e+01  14 1.00000e+00  
 78.7 3.0295e+01  14 1.00000e+00  
 78.8 3.0327e+01  14 1.00000e+00  
 78.9 3.0358e+01  14 1.00000e+00  
 79.0 3.0392e+01  14 1.00000e+00  
 79.1 3.0434e+01  14 1.00000e+00  
 79.2 3.0479e+01  14 1.00000e+00  
 79.3 3.0527e+01  14 1.00000e+00  
 79.4 3.0574e+01  14 1.00000e+00  
 79.5 3.0628e+01  14 1.00000e+00  
 79.6 3.0739e+01  14 1.00000e+00  
 79.7 3.0862e+01  14 1.00000e+00  
 79.8 3.0812e+01  14 1.00000e+00  
 79.9 3.0884e+01  14 1.00000e+00  
 80.0 3.0950e+01  14 1.00000e+00  
 80.1 3.0989e+01  14 1.00000e+00  
 80.2 3.1106e+01  14 1.00000e+00  
 80.3 3.1127e+01  14 1.00000e+00  
 80.4 3.1163e+01  14 1.00000e+00  
 80.5 3.1245e+01  14 1.00000e+00  
 80.6 3.1297e+01  14 1.00000e+00  
 80.7 3.1334e+01  14 1.00000e+00  
 80.8 3.1237e+01  14 1.00000e+00  
 80.9 3.1475e+01  14 1.00000e+00  
 81.0 3.1556e+01  14 1.00000e+00  
 81.1 3.1548e+01  14 1.00000e+00  
 81.2 3.1596e+01  14 1.00000e+00  
 81.3 3.1646e+01  14 1.00000e+00  
 81.4 3.1689e+01  14 1.00000e+00  
 81.5 3.1812e+01  14 1.00000e+00  
 81.6 3.1769e+01  14 1.00000e+00  
 81.7 3.1826e+01  14 1.00000e+00  
 81.8 3.1869e+01  14 1.00000e+00  
 81.9 3.1997e+01  14 1.00000e+00  
 82.0 3.2045e+01  14 1.00000e+00  
 82.1 3.2085e+01  14 1.00000e+00  
 82.2 3.2098e+01  14 1.00000e+00  
 82.3 3.2154e+01  14 1.00000e+00  
 82.4 3.2201e+01  14 1.00000e+00  
 82.5 3.2245e+01  14 1.00000e+00  
 82.6 3.2293e+01  14 1.00000e+00  
 82.7 3.2331e+01  14 1.00000e+00  
 82.8 3.2368e+01  14 1.00000e+00  
 82.9 3.2394e+01  14 1.00000e+00  
 83.0 3.2425e+01  14 1.00000e+00  
 83.1 3.2489e+01  14 1.00000e+00  
 83.2 3.2522e+01  14 1.00000e+00  
 83.3 3.2568e+01  14 1.00000e+00  
 83.4 3.2604e+01  14 1.00000e+00  
 83.5 3.2616e+01  14 1.00000e+00  
 83.6 3.2683e+01  14 1.00000e+00  
 83.7 3.2720e+01  14 1.00000e+00  
 83.8 3.2750e+01  14 1.00000e+00  
 83.9 3.2777e+01  14 1.00000e+00  
 84.0 3.2806e+01  14 1.00000e+00  
 84.1 3.2834e+01  14 1.00000e+00  
 84.2 3.2875e+01  14 1.00000e+00  
 84.3 3.2918e+01  14 1.00000e+00  
 84.4 3.2983e+01  14 1.00000e+00  
 84.5 3.3128e+01  14 1.00000e+00  
 84.6 3.3198e+01  14 1.00000e+00  
 84.7 3.3200e+01  14 1.00000e+00  
 84.8 3.3266e+01  14 1.00000e+00  
 84.9 3.3304e+01  14 1.00000e+00  
 85.0 3.3331e+01  14 1.00000e+00  
 85.1 3.3438e+01  14 1.00000e+00  
 85.2 3.3495e+01  14 1.00000e+00  
 85.3 3.3587e+01  14 1.00000e+00  
 85.4 3.3632e+01  14 1.00000e+00  
 85.5 3.3687e+01  14 1.00000e+00  
 85.6 3.3775e+01  14 1.00000e+00  
 85.7 3.3793e+01  14 1.00000e+00  
 85.8 3.3845e+01  14 1.00000e+00  
 85.9 3.3895e+01  14 1.00000e+00  
 86.0 3.3944e+01  14 1.00000e+00  
 86.1 3.3983e+01  14 1.00000e+00  
 86.2 3.4041e+01  14 1.00000e+00  
 86.3 3.4085e+01  14 1.00000e+00  
 86.4 3.4134e+01  14 1.00000e+00  
 86.5 3.4179e+01  14 1.00000e+00  
 86.6 3.4216e+01  14 1.00000e+00  
 86.7 3.4264e+01  14 1.00000e+00  
 86.8 3.4358e+01  14 1.00000e+00  
 86.9 3.4411e+01  14 1.00000e+00  
 87.0 3.4438e+01  14 1.00000e+00  
 87.1 3.4508e+01  14 1.00000e+00  
 87.2 3.4559e+01  14 1.00000e+00  
 87.3 3.4603e+01  14 1.00000e+00  
 87.4 3.4616e+01  14 1.00000e+00  
 87.5 3.4687e+01  14 1.00000e+00  
 87.6 3.4726e+01  14 1.00000e+00  
 87.7 3.4728e+01  14 1.00000e+00  
 87.8 3.4801e+01  14 1.00000e+00  
 87.9 3.4783e+01  14 1.00000e+00  
 88.0 3.4878e+01  14 1.00000e+00  
 88.1 3.4924e+01  14 1.00000e+00  
 88.2 3.4960e+01  14 1.00000e+00  
 88.3 3.5021e+01  14 1.00000e+00  
 88.4 3.5040e+01  14 1.00000e+00  
 88.5 3.5075e+01  14 1.00000e+00  
 88.6 3.5107e+01  14 1.00000e+00  
 88.7 3.5135e+01  14 1.00000e+00  
 88.8 3.5161e+01  14 1.00000e+00  
 88.9 3.5386e+01  14 1.00000e+00  
 89.0 3.5233e+01  14 1.00000e+00  
 89.1 3.5292e+01  14 1.00000e+00  
 89.2 3.5472e+01  14 1.00000e+00  
 89.3 3.5467e+01  14 1.00000e+00  
 89.4 3.5588e+01  14 1.00000e+00  
 89.5 3.5602e+01  14 1.00000e+00  
 89.6 3.5583e+01  14 1.00000e+00  
 89.7 3.5721e+01  14 1.00000e+00  
 89.8 3.5792e+01  14 1.00000e+00  
 89.9 3.5876e+01  14 1.00000e+00  
 90.0 3.5909e+01  14 1.00000e+00  
 90.1 3.5959e+01  14 1.00000e+00  
 90.2 3.6037e+01  14 1.00000e+00  
 90.3 3.6074e+01  14 1.00000e+00  
 90.4 3.6137e+01  14 1.00000e+00  
 90.5 3.6197e+01  14 1.00000e+00  
 90.6 3.6250e+01  14 1.00000e+00  
 90.7 3.6301e+01  14 1.00000e+00  
 90.8 3.6351e+01  14 1.00000e+00  
 90.9 3.6398e+01  14 1.00000e+00  
 91.0 3.6432e+01  14 1.00000e+00  
 91.1 3.6494e+01  14 1.00000e+00  
 91.2 3.6540e+01  14 1.00000e+00  
 91.3 3.6584e+01  14 1.00000e+00  
 91.4 3.6618e+01  14 1.00000e+00  
 91.5 3.6724e+01  14 1.00000e+00  
 91.6 3.6774e+01  14 1.00000e+00  
 91.7 3.6795e+01  14 1.00000e+00  
 91.8 3.6803e+01  14 1.00000e+00  
 91.9 3.6813e+01  14 1.00000e+00  
 92.0 3.6753e+01  14 1.00000e+00  
 92.1 3.6971e+01  14 1.00000e+00  
 92.2 3.7064e+01  14 1.00000e+00  
 92.3 3.7105e+01  14 1.00000e+00  
 92.4 3.7119e+01  14 1.00000e+00  
 92.5 3.7184e+01  14 1.00000e+00  
 92.6 3.7229e+01  14 1.00000e+00  
 92.7 3.7239e+01  14 1.00000e+00  
 92.8 3.7311e+01  14 1.00000e+00  
 92.9 3.7319e+01  14 1.00000e+00  
 93.0 3.7391e+01  14 1.00000e+00  
 93.1 3.7419e+01  14 1.00000e+00  
 93.2 3.7468e+01  14 1.00000e+00  
 93.3 3.7508e+01  14 1.00000e+00  
 93.4 3.7544e+01  14 1.00000e+00  
 93.5 3.7575e+01  14 1.00000e+00  
 93.6 3.7604e+01  14 1.00000e+00  
 93.7 3.7630e+01  14 1.00000e+00  
 93.8 3.7661e+01  14 1.00000e+00  
 93.9 3.7745e+01  14 1.00000e+00  
 94.0 3.7838e+01  14 1.00000e+00  
 94.1 3.7918e+01  14 1.00000e+00  
 94.2 3.7955e+01  14 1.00000e+00  
 94.3 3.8055e+01  14 1.00000e+00  
 94.4 3.8091e+01  14 1.00000e+00  
 94.5 3.8183e+01  14 1.00000e+00  
 94.6 3.8215e+01  14 1.00000e+00  
 94.7 3.8306e+01  14 1.00000e+00  
 94.8 3.8346e+01  14 1.00000e+00  
 94.9 3.8413e+01  14 1.00000e+00  
 95.0 3.8476e+01  14 1.00000e+00  
 95.1 3.8530e+01  14 1.00000e+00  
 95.2 3.8608e+01  14 1.00000e+00  
 95.3 3.8639e+01  14 1.00000e+00  
 95.4 3.8712e+01  14 1.00000e+00  
 95.5 3.8772e+01  14 1.00000e+00  
 95.6 3.8825e+01  14 1.00000e+00  
 95.7 3.8873e+01  14 1.00000e+00  
 95.8 3.8910e+01  14 1.00000e+00  
 95.9 3.8983e+01  14 1.00000e+00  
 96.0 3.9034e+01  14 1.00000e+00  
 96.1 3.9080e+01  14 1.00000e+00  
 96.2 3.9094e+01  14 1.00000e+00  
 96.3 3.9178e+01  14 1.00000e+00  
 96.4 3.9211e+01  14 1.00000e+00  
 96.5 3.9270e+01  14 1.00000e+00  
 96.6 3.9304e+01  14 1.00000e+00  
 96.7 3.9448e+01  14 1.00000e+00  
 96.8 3.9490e+01  14 1.00000e+00  
 96.9 3.9517e+01  14 1.00000e+00  
 97.0 3.9566e+01  14 1.00000e+00  
 97.1 3.9619e+01  14 1.00000e+00  
 97.2 3.9663e+01  14 1.00000e+00  
 97.3 3.9696e+01  14 1.00000e+00  
 97.4 3.9737e+01  14 1.00000e+00  
 97.5 3.9792e+01  14 1.00000e+00  
 97.6 3.9833e+01  14 1.00000e+00  
 97.7 3.9870e+01  14 1.00000e+00  
 97.8 3.9919e+01  14 1.00000e+00  
 97.9 3.9952e+01  14 1.00000e+00  
 98.0 4.0002e+01  14 1.00000e+00  
 98.1 4.0042e+01  14 1.00000e+00  
 98.2 4.0062e+01  14 1.00000e+00  
 98.3 4.0123e+01  14 1.00000e+00  
 98.4 4.0164e+01  14 1.00000e+00  
 98.5 4.0201e+01  14 1.00000e+00  
 98.6 4.0233e+01  14 1.00000e+00  
 98.7 4.0262e+01  14 1.00000e+00  
 98.8 4.0290e+01  14 1.00000e+00  
 98.9 4.0385e+01  14 1.00000e+00  
 99.0 4.0474e+01  14 1.00000e+00  
 99.1 4.0548e+01  14 1.00000e+00  
 99.2 4.0618e+01  14 1.00000e+00  
 99.3 4.0690e+01  14 1.00000e+00  
 99.4 4.0756e+01  14 1.00000e+00  
 99.5 4.0808e+01  14 1.00000e+00  
 99.6 4.0886e+01  14 1.00000e+00  
 99.7 4.0920e+01  14 1.00000e+00  
 99.8 4.1008e+01  14 1.00000e+00  
 99.9 4.1067e+01  14 1.00000e+00  
100.0 4.1107e+01  14 1.00000e+00  
100.1 4.1182e+01  14 1.00000e+00  
100.2 4.1240e+01  14 1.00000e+00  
100.3 4.1294e+01  14 1.00000e+00  
100.4 4.1373e+01  14 1.00000e+00  
100.5 4.1428e+01  14 1.00000e+00  
100.6 4.1482e+01  14 1.00000e+00  
100.7 4.1535e+01  14 1.00000e+00  
100.8 4.1589e+01  14 1.00000e+00  
100.9 4.1643e+01  14 1.00000e+00  
101.0 4.1695e+01  14 1.00000e+00  
101.1 4.1745e+01  14 1.00000e+00  
101.2 4.1784e+01  14 1.00000e+00  
101.3 4.1845e+01  14 1.00000e+00  
101.4 4.1897e+01  14 1.00000e+00  
101.5 4.1932e+01  14 1.00000e+00  
101.6 4.1993e+01  14 1.00000e+00  
101.7 4.2037e+01  14 1.00000e+00  
101.8 4.2086e+01  14 1.00000e+00  
101.9 4.2131e+01  14 1.00000e+00  
102.0 4.2228e+01  14 1.00000e+00  
102.1 4.2300e+01  14 1.00000e+00  
102.2 4.2355e+01  14 1.00000e+00  
102.3 4.2398e+01  14 1.00000e+00  
102.4 4.2426e+01  14 1.00000e+00  
102.5 4.2488e+01  14 1.00000e+00  
102.6 4.2533e+01  14 1.00000e+00  
102.7 4.2553e+01  14 1.00000e+00  
102.8 4.2622e+01  14 1.00000e+00  
102.9 4.2664e+01  14 1.00000e+00  
103.0 4.2705e+01  14 1.00000e+00  
103.1 4.2753e+01  14 1.00000e+00  
103.2 4.2793e+01  14 1.00000e+00  
103.3 4.2838e+01  14 1.00000e+00  
103.4 4.2884e+01  14 1.00000e+00  
103.5 4.2914e+01  14 1.00000e+00  
103.6 4.2944e+01  14 1.00000e+00  
103.7 4.3008e+01  14 1.00000e+00  
103.8 4.3049e+01  14 1.00000e+00  
103.9 4.3085e+01  14 1.00000e+00  
104.0 4.3117e+01  14 1.00000e+00  
104.1 4.3173e+01  14 1.00000e+00  
104.2 4.3267e+01  14 1.00000e+00  
104.3 4.3343e+01  14 1.00000e+00  
104.4 4.3417e+01  14 1.00000e+00  
104.5 4.3525e+01  14 1.00000e+00  
104.6 4.3569e+01  14 1.00000e+00  
104.7 4.3593e+01  14 1.00000e+00  
104.8 4.3659e+01  14 1.00000e+00  
104.9 4.3704e+01  14 1.00000e+00  
105.0 4.3748e+01  14 1.00000e+00  
105.1 4.3794e+01  14 1.00000e+00  
105.2 4.3846e+01  14 1.00000e+00  
105.3 4.3898e+01  14 1.00000e+00  
105.4 4.3948e+01  14 1.00000e+00  
105.5 4.3997e+01  14 1.00000e+00  
105.6 4.4045e+01  14 1.00000e+00  
105.7 4.4093e+01  14 1.00000e+00  
105.8 4.4140e+01  14 1.00000e+00  
105.9 4.4186e+01  14 1.00000e+00  
106.0 4.4233e+01  14 1.00000e+00  
106.1 4.4279e+01  14 1.00000e+00  
106.2 4.4325e+01  14 1.00000e+00  
106.3 4.4371e+01  14 1.00000e+00  
106.4 4.4416e+01  14 1.00000e+00  
106.5 4.4462e+01  14 1.00000e+00  
106.6 4.4507e+01  14 1.00000e+00  
106.7 4.4553e+01  14 1.00000e+00  
106.8 4.4598e+01  14 1.00000e+00  
106.9 4.4645e+01  14 1.00000e+00  
107.0 4.4688e+01  14 1.00000e+00  
107.1 4.4731e+01  14 1.00000e+00  
107.2 4.4780e+01  14 1.00000e+00  
107.3 4.4824e+01  14 1.00000e+00  
107.4 4.4867e+01  14 1.00000e+00  
107.5 4.4916e+01  14 1.00000e+00  
107.6 4.4960e+01  14 1.00000e+00  
107.7 4.5003e+01  14 1.00000e+00  
107.8 4.5053e+01  14 1.00000e+00  
107.9 4.5096e+01  14 1.00000e+00  
108.0 4.5140e+01  14 1.00000e+00  
108.1 4.5190e+01  14 1.00000e+00  
108.2 4.5234e+01  14 1.00000e+00  
108.3 4.5271e+01  14 1.00000e+00  
108.4 4.5315e+01  14 1.00000e+00  
108.5 4.5364e+01  14 1.00000e+00  
108.6 4.5409e+01  14 1.00000e+00  
108.7 4.5454e+01  14 1.00000e+00  
108.8 4.5499e+01  14 1.00000e+00  
108.9 4.5544e+01  14 1.00000e+00  
109.0 4.5589e+01  14 1.00000e+00  
109.1 4.5635e+01  14 1.00000e+00  
109.2 4.5680e+01  14 1.00000e+00  
109.3 4.5731e+01  14 1.00000e+00  
109.4 4.5778e+01  14 1.00000e+00  
109.5 4.5825e+01  14 1.00000e+00  
109.6 4.5872e+01  14 1.00000e+00  
109.7 4.5920e+01  14 1.00000e+00  
109.8 4.5968e+01  14 1.00000e+00  
109.9 4.6018e+01  14 1.00000e+00  
110.0 4.6061e+01  14 1.00000e+00  
110.1 4.6114e+01  14 1.00000e+00  
110.2 4.6169e+01  14 1.00000e+00  
110.3 4.6227e+01  14 1.00000e+00  
110.4 4.6290e+01  14 1.00000e+00  
110.5 4.6359e+01  14 1.00000e+00  
110.6 4.6432e+01  14 1.00000e+00  
110.7 4.6517e+01  14 1.00000e+00  
110.8 4.6602e+01  14 1.00000e+00  
110.9 4.6686e+01  14 1.00000e+00  
111.0 4.6771e+01  14 1.00000e+00  
111.1 4.6856e+01  14 1.00000e+00  
111.2 4.6941e+01  14 1.00000e+00  
111.3 4.7026e+01  14 1.00000e+00  
111.4 4.7110e+01  14 1.00000e+00  
111.5 4.7195e+01  14 1.00000e+00  
111.6 4.7280e+01  14 1.00000e+00  
111.7 4.7365e+01  14 1.00000e+00  
111.8 4.7449e+01  14 1.00000e+00  
111.9 4.7534e+01  14 1.00000e+00  
112.0 4.7619e+01  14 1.00000e+00  
112.1 4.7703e+01  14 1.00000e+00  
112.2 4.7788e+01  14 1.00000e+00  
112.3 4.7873e+01  14 1.00000e+00  
112.4 4.7958e+01  14 1.00000e+00  
112.5 4.8037e+01  14 1.00000e+00  
112.6 4.8122e+01  14 1.00000e+00  
112.7 4.8207e+01  14 1.00000e+00  
112.8 4.8291e+01  14 1.00000e+00  
112.9 4.8376e+01  14 1.00000e+00  
113.0 4.8461e+01  14 1.00000e+00  
113.1 4.8545e+01  14 1.00000e+00  
113.2 4.8630e+01  14 1.00000e+00  
113.3 4.8714e+01  14 1.00000e+00  
113.4 4.8799e+01  14 1.00000e+00  
113.5 4.8884e+01  14 1.00000e+00  
113.6 4.8968e+01  14 1.00000e+00  
113.7 4.9053e+01  14 1.00000e+00  
113.8 4.9137e+01  14 1.00000e+00  
113.9 4.9222e+01  14 1.00000e+00  
114.0 4.9306e+01  14 1.00000e+00  
114.1 4.9391e+01  14 1.00000e+00  
114.2 4.9475e+01  14 1.00000e+00  
114.3 4.9560e+01  14 1.00000e+00  
114.4 4.9644e+01  14 1.00000e+00  
114.5 4.9729e+01  14 1.00000e+00  
114.6 4.9813e+01  14 1.00000e+00  
114.7 4.9898e+01  14 1.00000e+00  
114.8 4.9982e+01  14 1.00000e+00  
114.9 5.0066e+01  14 1.00000e+00  
115.0 5.0151e+01  14 1.00000e+00  
115.1 5.0235e+01  14 1.00000e+00  
115.2 5.0319e+01  14 1.00000e+00  
115.3 5.0404e+01  14 1.00000e+00  
115.4 5.0488e+01  14 1.00000e+00  
115.5 5.0573e+01  14 1.00000e+00  
115.6 5.0657e+01  14 1.00000e+00  
115.7 5.0741e+01  14 1.00000e+00  
115.8 5.0825e+01  14 1.00000e+00  
115.9 5.0910e+01  14 1.00000e+00  
116.0 5.0994e+01  14 1.00000e+00  
116.1 5.1078e+01  14 1.00000e+00  
116.2 5.1163e+01  14 1.00000e+00  
116.3 5.1247e+01  14 1.00000e+00  
116.4 5.1331e+01  14 1.00000e+00  
116.5 5.1415e+01  14 1.00000e+00  
116.6 5.1499e+01  14 1.00000e+00  
116.7 5.1584e+01  14 1.00000e+00  
116.8 5.1668e+01  14 1.00000e+00  
116.9 5.1752e+01  14 1.00000e+00  
117.0 5.1836e+01  14 1.00000e+00  
117.1 5.1920e+01  14 1.00000e+00  
117.2 5.2004e+01  14 1.00000e+00  
117.3 5.2088e+01  14 1.00000e+00  
117.4 5.2172e+01  14 1.00000e+00  
117.5 5.2256e+01  14 1.00000e+00  
117.6 5.2341e+01  14 1.00000e+00  
117.7 5.2425e+01  14 1.00000e+00  
117.8 5.2509e+01  14 1.00000e+00  
117.9 5.2593e+01  14 1.00000e+00  
118.0 5.2677e+01  14 1.00000e+00  
118.1 5.2761e+01  14 1.00000e+00  
118.2 5.2845e+01  14 1.00000e+00  
118.3 5.2929e+01  14 1.00000e+00  
118.4 5.3013e+01  14 1.00000e+00  
118.5 5.3096e+01  14 1.00000e+00  
118.6 5.3180e+01  14 1.00000e+00  
118.7 5.3264e+01  14 1.00000e+00  
118.8 5.3348e+01  14 1.00000e+00  
118.9 5.3432e+01  14 1.00000e+00  
119.0 5.3516e+01  14 1.00000e+00  
119.1 5.3600e+01  14 1.00000e+00  
119.2 5.3679e+01  14 1.00000e+00  
119.3 5.3763e+01  14 1.00000e+00  
119.4 5.3847e+01  14 1.00000e+00  
119.5 5.3931e+01  14 1.00000e+00  
119.6 5.4014e+01  14 1.00000e+00  
119.7 5.4098e+01  14 1.00000e+00  
119.8 5.4182e+01  14 1.00000e+00  
119.9 5.4266e+01  14 1.00000e+00  
120.0 5.4349e+01  14 1.00000e+00  
120.1 5.4433e+01  14 1.00000e+00  
120.2 5.4517e+01  14 1.00000e+00  
120.3 5.4600e+01  14 1.00000e+00  
120.4 5.4684e+01  14 1.00000e+00  
120.5 5.4768e+01  14 1.00000e+00  
120.6 5.4851e+01  14 1.00000e+00  
120.7 5.4935e+01  14 1.00000e+00  
120.8 5.5019e+01  14 1.00000e+00  
120.9 5.5102e+01  14 1.00000e+00  
121.0 5.5186e+01  14 1.00000e+00  
121.1 5.5269e+01  14 1.00000e+00  
121.2 5.5353e+01  14 1.00000e+00  
121.3 5.5436e+01  14 1.00000e+00  
121.4 5.5520e+01  14 1.00000e+00  
121.5 5.5603e+01  14 1.00000e+00  
121.6 5.5687e+01  14 1.00000e+00  
121.7 5.5770e+01  14 1.00000e+00  
121.8 5.5854e+01  14 1.00000e+00  
121.9 5.5937e+01  14 1.00000e+00  
122.0 5.6021e+01  14 1.00000e+00  
122.1 5.6104e+01  14 1.00000e+00  
122.2 5.6187e+01  14 1.00000e+00  
122.3 5.6271e+01  14 1.00000e+00  
122.4 5.6354e+01  14 1.00000e+00  
122.5 5.6438e+01  14 1.00000e+00  
122.6 5.6521e+01  14 1.00000e+00  
122.7 5.6604e+01  14 1.00000e+00  
122.8 5.6687e+01  14 1.00000e+00  
122.9 5.6771e+01  14 1.00000e+00  
123.0 5.6854e+01  14 1.00000e+00  
123.1 5.6937e+01  14 1.00000e+00  
123.2 5.7020e+01  14 1.00000e+00  
123.3 5.7104e+01  14 1.00000e+00  
123.4 5.7187e+01  14 1.00000e+00  
123.5 5.7270e+01  14 1.00000e+00  
123.6 5.7353e+01  14 1.00000e+00  
123.7 5.7436e+01  14 1.00000e+00  
123.8 5.7520e+01  14 1.00000e+00  
123.9 5.7603e+01  14 1.00000e+00  
124.0 5.7686e+01  14 1.00000e+00  
124.1 5.7769e+01  14 1.00000e+00  
124.2 5.7851e+01  14 1.00000e+00  
124.3 5.7934e+01  14 1.00000e+00  
124.4 5.8017e+01  14 1.00000e+00  
124.5 5.8100e+01  14 1.00000e+00  
124.6 5.8183e+01  14 1.00000e+00  
124.7 5.8265e+01  14 1.00000e+00  
124.8 5.8348e+01  14 1.00000e+00  
124.9 5.8431e+01  14 1.00000e+00  
125.0 5.8514e+01  14 1.00000e+00  
125.1 5.8596e+01  14 1.00000e+00  
125.2 5.8679e+01  14 1.00000e+00  
125.3 5.8762e+01  14 1.00000e+00  
125.4 5.8845e+01  14 1.00000e+00  
125.5 5.8927e+01  14 1.00000e+00  
125.6 5.9010e+01  14 1.00000e+00  
125.7 5.9093e+01  14 1.00000e+00  
125.8 5.9176e+01  14 1.00000e+00  
125.9 5.9258e+01  14 1.00000e+00  
126.0 5.9341e+01  14 1.00000e+00  
126.1 5.9423e+01  14 1.00000e+00  
126.2 5.9502e+01  14 1.00000e+00  
126.3 5.9584e+01  14 1.00000e+00  
126.4 5.9667e+01  14 1.00000e+00  
126.5 5.9749e+01  14 1.00000e+00  
126.6 5.9832e+01  14 1.00000e+00  
126.7 5.9915e+01  14 1.00000e+00  
126.8 5.9997e+01  14 1.00000e+00  
126.9 6.0080e+01  14 1.00000e+00  
127.0 5.1674e+01  14 1.00000e+00  
127.1 5.1739e+01  14 1.00000e+00  
127.2 5.1811e+01  14 1.00000e+00  
127.3 5.1884e+01  14 1.00000e+00  
127.4 5.1958e+01  14 1.00000e+00  
127.5 5.2049e+01  14 1.00000e+00  
127.6 5.2121e+01  14 1.00000e+00  
127.7 5.2194e+01  14 1.00000e+00  
127.8 5.2267e+01  14 1.00000e+00  
127.9 5.2339e+01  14 1.00000e+00  
128.0 5.1660e+01  14 1.00000e+00  
128.1 5.1730e+01  14 1.00000e+00  
128.2 5.1800e+01  14 1.00000e+00  
128.3 5.1870e+01  14 1.00000e+00  
128.4 5.1941e+01  14 1.00000e+00  
128.5 5.2011e+01  14 1.00000e+00  
128.6 5.2081e+01  14 1.00000e+00  
128.7 5.2151e+01  14 1.00000e+00  
128.8 5.2222e+01  14 1.00000e+00  
128.9 5.2292e+01  14 1.00000e+00  
129.0 5.2363e+01  14 1.00000e+00  
129.1 5.2433e+01  14 1.00000e+00  
129.2 5.2503e+01  14 1.00000e+00  
129.3 5.2574e+01  14 1.00000e+00  
129.4 5.2644e+01  14 1.00000e+00  
129.5 5.2717e+01  14 1.00000e+00  
129.6 5.2791e+01  14 1.00000e+00  
129.7 5.2864e+01  14 1.00000e+00  
129.8 5.2938e+01  14 1.00000e+00  
129.9 5.3012e+01  14 1.00000e+00  
130.0 5.3085e+01  14 1.00000e+00  
130.1 5.3159e+01  14 1.00000e+00  
130.2 5.3220e+01  14 1.00000e+00  
130.3 5.3293e+01  14 1.00000e+00  
130.4 5.3355e+01  14 1.00000e+00  
130.5 5.3417e+01  14 1.00000e+00  
130.6 5.3490e+01  14 1.00000e+00  
130.7 5.2853e+01  14 1.00000e+00  
130.8 5.2924e+01  14 1.00000e+00  
130.9 5.2809e+01  14 1.00000e+00  
131.0 5.1896e+01  14 1.00000e+00  
131.1 5.1972e+01  14 1.00000e+00  
131.2 5.1815e+01  14 1.00000e+00  
131.3 5.1890e+01  14 1.00000e+00  
131.4 5.1004e+01  14 1.00000e+00  
131.5 5.1079e+01  14 1.00000e+00  
131.6 5.0997e+01  14 1.00000e+00  
131.7 5.1071e+01  14 1.00000e+00  
131.8 5.1101e+01  14 1.00000e+00  
131.9 5.0302e+01  14 1.00000e+00  
132.0 5.0246e+01  14 1.00000e+00  
132.1 5.0318e+01  14 1.00000e+00  
132.2 5.0364e+01  14 1.00000e+00  
132.3 5.0438e+01  14 1.00000e+00  
132.4 5.0512e+01  14 1.00000e+00  
132.5 5.0586e+01  14 1.00000e+00  
132.6 4.9628e+01  14 1.00000e+00  
132.7 4.9701e+01  14 1.00000e+00  
132.8 4.9774e+01  14 1.00000e+00  
132.9 4.9847e+01  14 1.00000e+00  
133.0 4.9920e+01  14 1.00000e+00  
133.1 4.9993e+01  14 1.00000e+00  
133.2 5.0066e+01  14 1.00000e+00  
133.3 5.0139e+01  14 1.00000e+00  
133.4 5.0211e+01  14 1.00000e+00  
133.5 5.0284e+01  14 1.00000e+00  
133.6 4.9328e+01  14 1.00000e+00  
133.7 4.9401e+01  14 1.00000e+00  
133.8 4.9473e+01  14 1.00000e+00  
133.9 4.9545e+01  14 1.00000e+00  
134.0 4.9617e+01  14 1.00000e+00  
134.1 4.9689e+01  14 1.00000e+00  
134.2 4.9761e+01  14 1.00000e+00  
134.3 4.9834e+01  14 1.00000e+00  
134.4 4.9906e+01  14 1.00000e+00  
134.5 4.9978e+01  14 1.00000e+00  
134.6 5.0050e+01  14 1.00000e+00  
134.7 5.0122e+01  14 1.00000e+00  
134.8 5.0194e+01  14 1.00000e+00  
134.9 5.0266e+01  14 1.00000e+00  
135.0 5.0338e+01  14 1.00000e+00  
135.1 5.0410e+01  14 1.00000e+00  
135.2 5.0483e+01  14 1.00000e+00  
135.3 5.0555e+01  14 1.00000e+00  
135.4 5.0627e+01  14 1.00000e+00  
135.5 5.0699e+01  14 1.00000e+00  
135.6 5.0771e+01  14 1.00000e+00  
135.7 5.0843e+01  14 1.00000e+00  
135.8 5.0915e+01  14 1.00000e+00  
135.9 5.0987e+01  14 1.00000e+00  
136.0 5.0166e+01  14 1.00000e+00  
136.1 5.0236e+01  14 1.00000e+00  
136.2 5.0306e+01  14 1.00000e+00  
136.3 5.0376e+01  14 1.00000e+00  
136.4 5.0446e+01  14 1.00000e+00  
136.5 5.0516e+01  14 1.00000e+00  
136.6 5.0586e+01  14 1.00000e+00  
136.7 5.0656e+01  14 1.00000e+00  
136.8 5.0726e+01  14 1.00000e+00  
136.9 5.0796e+01  14 1.00000e+00  
137.0 5.0866e+01  14 1.00000e+00  
137.1 5.0936e+01  14 1.00000e+00  
137.2 5.1006e+01  14 1.00000e+00  
137.3 5.1075e+01  14 1.00000e+00  
137.4 5.1145e+01  14 1.00000e+00  
137.5 5.1215e+01  14 1.00000e+00  
137.6 5.1285e+01  14 1.00000e+00  
137.7 5.1355e+01  14 1.00000e+00  
137.8 5.1425e+01  14 1.00000e+00  
137.9 5.1495e+01  14 1.00000e+00  
138.0 5.1565e+01  14 1.00000e+00  
138.1 5.1635e+01  14 1.00000e+00  
138.2 5.1704e+01  14 1.00000e+00  
138.3 5.1774e+01  14 1.00000e+00  
138.4 5.1844e+01  14 1.00000e+00  
138.5 5.1914e+01  14 1.00000e+00  
138.6 5.1984e+01  14 1.00000e+00  
138.7 5.2054e+01  14 1.00000e+00  
138.8 5.2123e+01  14 1.00000e+00  
138.9 5.2193e+01  14 1.00000e+00  
139.0 5.2263e+01  14 1.00000e+00  
139.1 5.2333e+01  14 1.00000e+00  
139.2 5.2402e+01  14 1.00000e+00  
139.3 5.2472e+01  14 1.00000e+00  
139.4 5.2542e+01  14 1.00000e+00  
139.5 5.2612e+01  14 1.00000e+00  
139.6 5.1947e+01  14 1.00000e+00  
139.7 5.2016e+01  14 1.00000e+00  
139.8 5.2084e+01  14 1.00000e+00  
139.9 5.2153e+01  14 1.00000e+00  
140.0 5.2222e+01  14 1.00000e+00  
140.1 5.2290e+01  14 1.00000e+00  
140.2 5.2359e+01  14 1.00000e+00  
140.3 5.2427e+01  14 1.00000e+00  
140.4 5.2496e+01  14 1.00000e+00  
140.5 5.2565e+01  14 1.00000e+00  
140.6 5.2633e+01  14 1.00000e+00  
140.7 5.2702e+01  14 1.00000e+00  
140.8 5.2770e+01  14 1.00000e+00  
140.9 5.2839e+01  14 1.00000e+00  
141.0 5.2886e+01  14 1.00000e+00  
141.1 5.2941e+01  14 1.00000e+00  
141.2 6.7056e+01  14 1.00000e+00  
141.3 6.5988e+01  14 1.00000e+00  
141.4 6.4930e+01  14 1.00000e+00  
141.5 6.5007e+01  14 1.00000e+00  
141.6 5.3205e+01  14 1.00000e+00  
141.7 5.3278e+01  14 1.00000e+00  
141.8 5.3334e+01  14 1.00000e+00  
141.9 5.3391e+01  14 1.00000e+00  
142.0 5.3460e+01  14 1.00000e+00  
142.1 5.2817e+01  14 1.00000e+00  
142.2 5.2864e+01  14 1.00000e+00  
142.3 5.2932e+01  14 1.00000e+00  
142.4 5.2836e+01  14 1.00000e+00  
142.5 5.2908e+01  14 1.00000e+00  
142.6 5.1986e+01  14 1.00000e+00  
142.7 5.1824e+01  14 1.00000e+00  
142.8 5.1894e+01  14 1.00000e+00  
142.9 5.1003e+01  14 1.00000e+00  
143.0 5.1072e+01  14 1.00000e+00  
143.1 5.0986e+01  14 1.00000e+00  
143.2 5.1055e+01  14 1.00000e+00  
143.3 5.1078e+01  14 1.00000e+00  
143.4 5.0276e+01  14 1.00000e+00  
143.5 5.0216e+01  14 1.00000e+00  
143.6 5.0285e+01  14 1.00000e+00  
143.7 5.0318e+01  14 1.00000e+00  
143.8 5.0386e+01  14 1.00000e+00  
143.9 5.0455e+01  14 1.00000e+00  
144.0 5.0523e+01  14 1.00000e+00  
144.1 4.9560e+01  14 1.00000e+00  
144.2 4.9627e+01  14 1.00000e+00  
144.3 4.9694e+01  14 1.00000e+00  
144.4 4.9761e+01  14 1.00000e+00  
144.5 4.9828e+01  14 1.00000e+00  
144.6 4.9895e+01  14 1.00000e+00  
144.7 4.9962e+01  14 1.00000e+00  
144.8 5.0030e+01  14 1.00000e+00  
144.9 5.0097e+01  14 1.00000e+00  
145.0 5.0164e+01  14 1.00000e+00  
145.1 5.0231e+01  14 1.00000e+00  
145.2 5.0298e+01  14 1.00000e+00  
145.3 4.9337e+01  14 1.00000e+00  
145.4 4.9403e+01  14 1.00000e+00  
145.5 4.9470e+01  14 1.00000e+00  
145.6 4.9536e+01  14 1.00000e+00  
145.7 4.9603e+01  14 1.00000e+00  
145.8 4.9669e+01  14 1.00000e+00  
145.9 4.9735e+01  14 1.00000e+00  
146.0 4.9802e+01  14 1.00000e+00  
146.1 4.9868e+01  14 1.00000e+00  
146.2 4.9935e+01  14 1.00000e+00  
146.3 5.0001e+01  14 1.00000e+00  
146.4 5.0068e+01  14 1.00000e+00  
146.5 5.0134e+01  14 1.00000e+00  
146.6 5.0200e+01  14 1.00000e+00  
146.7 5.0267e+01  14 1.00000e+00  
146.8 5.0333e+01  14 1.00000e+00  
146.9 5.0400e+01  14 1.00000e+00  
147.0 5.0466e+01  14 1.00000e+00  
147.1 5.0532e+01  14 1.00000e+00  
147.2 5.0599e+01  14 1.00000e+00  
147.3 5.0665e+01  14 1.00000e+00  
147.4 5.0732e+01  14 1.00000e+00  
147.5 5.0798e+01  14 1.00000e+00  
147.6 5.0864e+01  14 1.00000e+00  
147.7 5.0931e+01  14 1.00000e+00  
147.8 5.0997e+01  14 1.00000e+00  
147.9 5.1063e+01  14 1.00000e+00  
148.0 5.1130e+01  14 1.00000e+00  
148.1 5.1196e+01  14 1.00000e+00  
148.2 5.1262e+01  14 1.00000e+00  
148.3 5.1329e+01  14 1.00000e+00  
148.4 5.1395e+01  14 1.00000e+00  
148.5 5.1461e+01  14 1.00000e+00  
148.6 5.1528e+01  14 1.00000e+00  
148.7 5.1594e+01  14 1.00000e+00  
148.8 5.1660e+01  14 1.00000e+00  
148.9 5.1726e+01  14 1.00000e+00  
149.0 5.0974e+01  14 1.00000e+00  
149.1 5.1040e+01  14 1.00000e+00  
149.2 5.1106e+01  14 1.00000e+00  
149.3 5.1171e+01  14 1.00000e+00  
149.4 5.1237e+01  14 1.00000e+00  
149.5 5.1303e+01  14 1.00000e+00  
149.6 5.1369e+01  14 1.00000e+00  
149.7 5.1435e+01  14 1.00000e+00  
149.8 5.1501e+01  14 1.00000e+00  
149.9 5.1567e+01  14 1.00000e+00  
150.0 5.1633e+01  14 1.00000e+00  
