 15.1 1.4486e+00  13 4.38596e-02  
 15.2 1.4560e+00  13 4.42053e-02  
 15.3 1.4635e+00  13 4.45468e-02  
 15.4 1.4709e+00  13 4.48841e-02  
 15.5 1.4783e+00  13 4.52172e-02  
 15.6 1.4858e+00  13 4.55463e-02  
 15.7 1.4932e+00  13 4.58714e-02  
 15.8 1.5006e+00  13 4.61925e-02  
 15.9 1.5080e+00  13 4.65098e-02  
 16.0 1.5155e+00  13 4.68234e-02  
 16.1 1.5229e+00  13 4.71333e-02  
 16.2 1.5303e+00  13 4.74395e-02  
 16.3 1.5377e+00  13 4.77422e-02  
 16.4 1.5451e+00  13 4.80413e-02  
 16.5 1.5525e+00  13 4.83370e-02  
 16.6 1.5600e+00  13 4.86293e-02  
 16.7 1.5674e+00  13 4.89183e-02  
 16.8 1.5748e+00  13 4.92041e-02  
 16.9 1.5822e+00  13 4.94866e-02  
 17.0 1.5896e+00  13 4.97092e-02  
 17.1 1.5970e+00  13 4.99847e-02  
 17.2 1.6044e+00  13 5.02572e-02  
 17.3 1.6118e+00  13 5.05267e-02  
 17.4 1.6195e+00  13 5.08191e-02  
 17.5 1.6313e+00  13 5.14241e-02  
 17.6 1.6431e+00  13 5.20304e-02  
 17.7 1.6550e+00  13 5.26381e-02  
 17.8 1.6671e+00  13 5.32473e-02  
 17.9 1.6792e+00  13 5.38579e-02  
 18.0 1.6914e+00  13 5.44701e-02  
 18.1 1.7037e+00  13 5.50839e-02  
 18.2 1.7161e+00  13 5.56995e-02  
 18.3 1.7286e+00  13 5.63167e-02  
 18.4 1.7411e+00  13 5.69358e-02  
 18.5 1.7538e+00  13 5.75567e-02  
 18.6 1.7666e+00  13 5.81794e-02  
 18.7 1.7795e+00  13 5.88042e-02  
 18.8 1.7925e+00  13 5.94309e-02  
 18.9 1.8055e+00  13 6.00597e-02  
 19.0 1.8187e+00  13 6.06906e-02  
 19.1 1.8320e+00  13 6.13236e-02  
 19.2 1.8454e+00  13 6.19589e-02  
 19.3 1.8589e+00  13 6.25964e-02  
 19.4 1.8724e+00  13 6.32362e-02  
 19.5 1.8861e+00  13 6.38783e-02  
 19.6 1.8999e+00  13 6.45229e-02  
 19.7 1.9138e+00  13 6.51699e-02  
 19.8 1.7398e+01  14 1.00000e+00  
 19.9 1.7483e+01  14 1.00000e+00  
 20.0 1.7567e+01  14 1.00000e+00  
 20.1 1.7652e+01  14 1.00000e+00  
 20.2 1.7736e+01  14 1.00000e+00  
 20.3 1.7821e+01  14 1.00000e+00  
 20.4 1.7905e+01  14 1.00000e+00  
 20.5 1.7990e+01  14 1.00000e+00  
 20.6 1.8074e+01  14 1.00000e+00  
 20.7 1.8159e+01  14 1.00000e+00  
 20.8 1.8243e+01  14 1.00000e+00  
 20.9 1.8327e+01  14 1.00000e+00  
 21.0 1.8411e+01  14 1.00000e+00  
 21.1 1.8496e+01  14 1.00000e+00  
 21.2 1.8580e+01  14 1.00000e+00  
 21.3 1.8664e+01  14 1.00000e+00  
 21.4 1.8748e+01  14 1.00000e+00  
 21.5 1.8832e+01  14 1.00000e+00  
 21.6 1.8916e+01  14 1.00000e+00  
 21.7 1.9000e+01  14 1.00000e+00  
 21.8 1.9084e+01  14 1.00000e+00  
 21.9 1.9168e+01  14 1.00000e+00  
 22.0 1.9252e+01  14 1.00000e+00  
 22.1 1.9336e+01  14 1.00000e+00  
 22.2 1.9420e+01  14 1.00000e+00  
 22.3 1.9503e+01  14 1.00000e+00  
 22.4 1.9587e+01  14 1.00000e+00  
 22.5 1.9671e+01  14 1.00000e+00  
 22.6 5.4972e+00  14 2.43826e-01  
 22.7 5.6148e+00  14 2.48962e-01  
 22.8 5.7342e+00  14 2.54141e-01  
 22.9 5.8551e+00  14 2.59362e-01  
 23.0 5.9778e+00  14 2.64626e-01  
 23.1 6.1021e+00  14 2.69932e-01  
 23.2 6.2281e+00  14 2.75279e-01  
 23.3 6.3558e+00  14 2.80669e-01  
 23.4 6.4852e+00  14 2.86099e-01  
 23.5 6.6164e+00  14 2.91571e-01  
 23.6 6.7492e+00  14 2.97084e-01  
 23.7 6.8837e+00  14 3.02638e-01  
 23.8 7.0199e+00  14 3.08232e-01  
 23.9 7.1579e+00  14 3.13867e-01  
 24.0 7.2976e+00  14 3.19543e-01  
 24.1 7.4390e+00  14 3.25258e-01  
 24.2 7.5822e+00  14 3.31013e-01  
 24.3 7.7271e+00  14 3.36809e-01  
 24.4 7.8738e+00  14 3.42644e-01  
 24.5 8.0223e+00  14 3.48518e-01  
 24.6 8.1725e+00  14 3.54432e-01  
 24.7 8.3245e+00  14 3.60385e-01  
 24.8 8.4782e+00  14 3.66377e-01  
 24.9 8.6338e+00  14 3.72408e-01  
 25.0 8.7911e+00  14 3.78479e-01  
 25.1 8.9503e+00  14 3.84587e-01  
 25.2 9.1112e+00  14 3.90735e-01  
 25.3 9.2740e+00  14 3.96921e-01  
 25.4 9.4385e+00  14 4.03145e-01  
 25.5 9.6049e+00  14 4.09407e-01  
 25.6 9.7731e+00  14 4.15708e-01  
 25.7 9.9432e+00  14 4.22047e-01  
 25.8 1.0115e+01  14 4.28424e-01  
 25.9 1.0289e+01  14 4.34838e-01  
 26.0 1.0464e+01  14 4.41290e-01  
 26.1 1.0642e+01  14 4.47780e-01  
 26.2 1.0821e+01  14 4.54308e-01  
 26.3 1.1002e+01  14 4.60873e-01  
 26.4 1.1186e+01  14 4.67476e-01  
 26.5 1.1371e+01  14 4.74115e-01  
 26.6 1.1557e+01  14 4.80793e-01  
 26.7 1.1746e+01  14 4.87507e-01  
 26.8 1.1937e+01  14 4.94258e-01  
 26.9 1.2129e+01  14 5.01047e-01  
 27.0 1.2324e+01  14 5.07872e-01  
 27.1 1.2520e+01  14 5.14735e-01  
 27.2 1.2719e+01  14 5.21634e-01  
 27.3 1.2919e+01  14 5.28570e-01  
 27.4 1.3121e+01  14 5.35543e-01  
 27.5 1.3326e+01  14 5.42552e-01  
 27.6 1.3532e+01  14 5.49599e-01  
 27.7 1.3740e+01  14 5.56681e-01  
 27.8 1.3950e+01  14 5.63801e-01  
 27.9 1.4162e+01  14 5.70956e-01  
 28.0 1.4376e+01  14 5.78149e-01  
 28.1 1.4592e+01  14 5.85378e-01  
 28.2 1.4810e+01  14 5.92643e-01  
 28.3 1.5031e+01  14 5.99944e-01  
 28.4 1.5253e+01  14 6.07282e-01  
 28.5 1.5477e+01  14 6.14656e-01  
 28.6 1.5703e+01  14 6.22066e-01  
 28.7 1.5931e+01  14 6.29513e-01  
 28.8 1.6162e+01  14 6.36996e-01  
 28.9 1.6394e+01  14 6.44515e-01  
 29.0 1.6629e+01  14 6.52068e-01  
 29.1 1.6865e+01  14 6.59659e-01  
 29.2 1.7104e+01  14 6.67287e-01  
 29.3 1.7344e+01  14 6.74951e-01  
 29.4 1.7587e+01  14 6.82650e-01  
 29.5 1.7832e+01  14 6.90386e-01  
 29.6 1.8079e+01  14 6.98158e-01  
 29.7 1.8328e+01  14 7.05966e-01  
 29.8 1.8579e+01  14 7.13810e-01  
 29.9 1.8832e+01  14 7.21690e-01  
 30.0 1.9087e+01  14 7.29607e-01  
 30.1 1.9345e+01  14 7.37559e-01  
 30.2 1.9604e+01  14 7.45547e-01  
 30.3 1.9866e+01  14 7.53571e-01  
 30.4 2.0130e+01  14 7.61632e-01  
 30.5 2.0396e+01  14 7.69728e-01  
 30.6 2.0665e+01  14 7.77861e-01  
 30.7 2.0935e+01  14 7.86029e-01  
 30.8 2.1208e+01  14 7.94234e-01  
 30.9 2.1427e+01  14 8.02597e-01  
 31.0 2.1703e+01  14 8.10869e-01  
 31.1 2.1981e+01  14 8.19177e-01  
 31.2 2.2262e+01  14 8.27521e-01  
 31.3 2.2544e+01  14 8.35901e-01  
 31.4 2.2829e+01  14 8.44317e-01  
 31.5 2.3116e+01  14 8.52769e-01  
 31.6 2.3405e+01  14 8.61258e-01  
 31.7 2.3696e+01  14 8.69782e-01  
 31.8 2.3990e+01  14 8.78343e-01  
 31.9 2.4286e+01  14 8.86940e-01  
 32.0 2.4584e+01  14 8.95573e-01  
 32.1 2.4885e+01  14 9.04242e-01  
 32.2 2.5187e+01  14 9.12948e-01  
 32.3 2.5492e+01  14 9.21690e-01  
 32.4 2.5800e+01  14 9.30468e-01  
 32.5 2.6109e+01  14 9.39283e-01  
 32.6 2.6421e+01  14 9.48134e-01  
 32.7 2.6735e+01  14 9.57021e-01  
 32.8 2.7052e+01  14 9.65945e-01  
 32.9 2.7371e+01  14 9.74906e-01  
 33.0 2.7692e+01  14 9.83903e-01  
 33.1 2.8016e+01  14 9.92936e-01  
 33.2 2.8287e+01  14 1.00000e+00  
 33.3 2.8365e+01  14 1.00000e+00  
 33.4 2.8443e+01  14 1.00000e+00  
 33.5 2.8521e+01  14 1.00000e+00  
 33.6 2.8599e+01  14 1.00000e+00  
 33.7 2.8677e+01  14 1.00000e+00  
 33.8 2.8754e+01  14 1.00000e+00  
 33.9 2.8832e+01  14 1.00000e+00  
 34.0 2.8910e+01  14 1.00000e+00  
 34.1 2.8987e+01  14 1.00000e+00  
 34.2 2.9065e+01  14 1.00000e+00  
 34.3 2.9142e+01  14 1.00000e+00  
 34.4 2.9084e+01  14 1.00000e+00  
 34.5 2.9162e+01  14 1.00000e+00  
 34.6 2.9239e+01  14 1.00000e+00  
 34.7 2.9316e+01  14 1.00000e+00  
 34.8 2.9392e+01  14 1.00000e+00  
 34.9 2.9321e+01  14 1.00000e+00  
 35.0 2.9294e+01  14 1.00000e+00  
 35.1 2.9371e+01  14 1.00000e+00  
 35.2 2.9448e+01  14 1.00000e+00  
 35.3 2.9375e+01  14 1.00000e+00  
 35.4 2.9451e+01  14 1.00000e+00  
 35.5 2.9528e+01  14 1.00000e+00  
 35.6 2.9604e+01  14 1.00000e+00  
 35.7 2.9681e+01  14 1.00000e+00  
 35.8 2.8824e+01  14 1.00000e+00  
 35.9 2.6311e+01  14 1.00000e+00  
 36.0 2.4363e+01  14 1.00000e+00  
 36.1 2.2296e+01  14 1.00000e+00  
 36.2 2.0855e+01  14 1.00000e+00  
 36.3 1.8417e+01  14 1.00000e+00  
 36.4 1.6764e+01  14 1.00000e+00  
 36.5 1.5014e+01  14 1.00000e+00  
 36.6 1.3368e+01  14 1.00000e+00  
 36.7 1.3404e+01  14 1.00000e+00  
 36.8 1.3342e+01  14 1.00000e+00  
 36.9 1.3377e+01  14 1.00000e+00  
 37.0 1.3410e+01  14 1.00000e+00  
 37.1 1.3447e+01  14 1.00000e+00  
 37.2 1.3484e+01  14 1.00000e+00  
 37.3 1.3520e+01  14 1.00000e+00  
 37.4 1.3556e+01  14 1.00000e+00  
 37.5 1.3589e+01  14 1.00000e+00  
 37.6 1.3626e+01  14 1.00000e+00  
 37.7 1.3663e+01  14 1.00000e+00  
 37.8 1.3699e+01  14 1.00000e+00  
 37.9 1.3735e+01  14 1.00000e+00  
 38.0 1.3771e+01  14 1.00000e+00  
 38.1 1.3807e+01  14 1.00000e+00  
 38.2 1.3841e+01  14 1.00000e+00  
 38.3 1.3877e+01  14 1.00000e+00  
 38.4 1.3914e+01  14 1.00000e+00  
 38.5 1.3950e+01  14 1.00000e+00  
 38.6 1.3986e+01  14 1.00000e+00  
 38.7 1.4022e+01  14 1.00000e+00  
 38.8 1.4058e+01  14 1.00000e+00  
 38.9 1.4092e+01  14 1.00000e+00  
 39.0 1.4128e+01  14 1.00000e+00  
 39.1 1.4164e+01  14 1.00000e+00  
 39.2 1.4201e+01  14 1.00000e+00  
 39.3 1.4237e+01  14 1.00000e+00  
 39.4 1.4273e+01  14 1.00000e+00  
 39.5 1.4308e+01  14 1.00000e+00  
 39.6 1.4344e+01  14 1.00000e+00  
 39.7 1.4379e+01  14 1.00000e+00  
 39.8 1.4415e+01  14 1.00000e+00  
 39.9 1.4451e+01  14 1.00000e+00  
 40.0 1.4487e+01  14 1.00000e+00  
 40.1 1.4523e+01  14 1.00000e+00  
 40.2 1.4559e+01  14 1.00000e+00  
 40.3 1.4603e+01  14 1.00000e+00  
 40.4 1.4629e+01  14 1.00000e+00  
 40.5 1.4665e+01  14 1.00000e+00  
 40.6 1.4701e+01  14 1.00000e+00  
 40.7 1.4739e+01  14 1.00000e+00  
 40.8 1.4783e+01  14 1.00000e+00  
 40.9 1.4827e+01  14 1.00000e+00  
 41.0 1.4872e+01  14 1.00000e+00  
 41.1 1.4879e+01  14 1.00000e+00  
 41.2 1.4919e+01  14 1.00000e+00  
 41.3 1.4963e+01  14 1.00000e+00  
 41.4 1.5008e+01  14 1.00000e+00  
 41.5 1.5052e+01  14 1.00000e+00  
 41.6 1.5097e+01  14 1.00000e+00  
 41.7 1.5152e+01  14 1.00000e+00  
 41.8 1.5144e+01  14 1.00000e+00  
 41.9 1.5188e+01  14 1.00000e+00  
 42.0 1.5233e+01  14 1.00000e+00  
 42.1 1.5278e+01  14 1.00000e+00  
 42.2 1.5336e+01  14 1.00000e+00  
 42.3 1.5467e+01  14 1.00000e+00  
 42.4 1.5504e+01  14 1.00000e+00  
 42.5 1.5415e+01  14 1.00000e+00  
 42.6 1.5464e+01  14 1.00000e+00  
 42.7 1.5521e+01  14 1.00000e+00  
 42.8 1.5647e+01  14 1.00000e+00  
 42.9 1.5685e+01  14 1.00000e+00  
 43.0 1.5722e+01  14 1.00000e+00  
 43.1 1.5758e+01  14 1.00000e+00  
 43.2 1.5790e+01  14 1.00000e+00  
 43.3 1.5827e+01  14 1.00000e+00  
 43.4 1.5865e+01  14 1.00000e+00  
 43.5 1.5901e+01  14 1.00000e+00  
 43.6 1.5938e+01  14 1.00000e+00  
 43.7 1.5974e+01  14 1.00000e+00  
 43.8 1.6008e+01  14 1.00000e+00  
 43.9 1.6045e+01  14 1.00000e+00  
 44.0 1.6081e+01  14 1.00000e+00  
 44.1 1.6118e+01  14 1.00000e+00  
 44.2 1.6154e+01  14 1.00000e+00  
 44.3 1.6190e+01  14 1.00000e+00  
 44.4 1.6227e+01  14 1.00000e+00  
 44.5 1.6261e+01  14 1.00000e+00  
 44.6 1.6297e+01  14 1.00000e+00  
 44.7 1.6334e+01  14 1.00000e+00  
 44.8 1.6370e+01  14 1.00000e+00  
 44.9 1.6406e+01  14 1.00000e+00  
 45.0 1.6442e+01  14 1.00000e+00  
 45.1 1.6477e+01  14 1.00000e+00  
 45.2 1.6513e+01  14 1.00000e+00  
 45.3 1.6549e+01  14 1.00000e+00  
 45.4 1.6586e+01  14 1.00000e+00  
 45.5 1.6622e+01  14 1.00000e+00  
 45.6 1.6658e+01  14 1.00000e+00  
 45.7 1.6692e+01  14 1.00000e+00  
 45.8 1.6729e+01  14 1.00000e+00  
 45.9 1.6765e+01  14 1.00000e+00  
 46.0 1.6801e+01  14 1.00000e+00  
 46.1 1.6837e+01  14 1.00000e+00  
 46.2 1.6871e+01  14 1.00000e+00  
 46.3 1.6908e+01  14 1.00000e+00  
 46.4 1.6944e+01  14 1.00000e+00  
 46.5 1.6979e+01  14 1.00000e+00  
 46.6 1.7015e+01  14 1.00000e+00  
 46.7 1.7050e+01  14 1.00000e+00  
 46.8 1.7086e+01  14 1.00000e+00  
 46.9 1.7122e+01  14 1.00000e+00  
 47.0 1.7158e+01  14 1.00000e+00  
 47.1 1.7198e+01  14 1.00000e+00  
 47.2 1.7229e+01  14 1.00000e+00  
 47.3 1.7265e+01  14 1.00000e+00  
 47.4 1.7300e+01  14 1.00000e+00  
 47.5 1.7341e+01  14 1.00000e+00  
 47.6 1.7386e+01  14 1.00000e+00  
 47.7 1.7407e+01  14 1.00000e+00  
 47.8 1.7443e+01  14 1.00000e+00  
 47.9 1.7484e+01  14 1.00000e+00  
 48.0 1.7529e+01  14 1.00000e+00  
 48.1 1.7549e+01  14 1.00000e+00  
 48.2 1.7585e+01  14 1.00000e+00  
 48.3 1.7627e+01  14 1.00000e+00  
 48.4 1.7656e+01  14 1.00000e+00  
 48.5 1.7692e+01  14 1.00000e+00  
 48.6 1.7727e+01  14 1.00000e+00  
 48.7 1.7772e+01  14 1.00000e+00  
 48.8 1.7798e+01  14 1.00000e+00  
 48.9 1.7834e+01  14 1.00000e+00  
 49.0 1.7868e+01  14 1.00000e+00  
 49.1 1.7904e+01  14 1.00000e+00  
 49.2 1.7940e+01  14 1.00000e+00  
 49.3 1.7975e+01  14 1.00000e+00  
 49.4 1.8010e+01  14 1.00000e+00  
 49.5 1.8044e+01  14 1.00000e+00  
 49.6 1.8081e+01  14 1.00000e+00  
 49.7 1.8114e+01  14 1.00000e+00  
 49.8 1.8148e+01  14 1.00000e+00  
 49.9 1.8181e+01  14 1.00000e+00  
 50.0 1.8037e+01  14 1.00000e+00  
 50.1 1.8055e+01  14 1.00000e+00  
 50.2 1.8090e+01  14 1.00000e+00  
 50.3 1.8126e+01  14 1.00000e+00  
 50.4 1.8162e+01  14 1.00000e+00  
 50.5 1.8197e+01  14 1.00000e+00  
 50.6 1.8233e+01  14 1.00000e+00  
 50.7 1.8268e+01  14 1.00000e+00  
 50.8 1.8303e+01  14 1.00000e+00  
 50.9 1.8519e+01  14 1.00000e+00  
 51.0 1.8559e+01  14 1.00000e+00  
 51.1 1.8597e+01  14 1.00000e+00  
 51.2 1.8636e+01  14 1.00000e+00  
 51.3 1.8674e+01  14 1.00000e+00  
 51.4 1.8709e+01  14 1.00000e+00  
 51.5 1.8745e+01  14 1.00000e+00  
 51.6 1.8781e+01  14 1.00000e+00  
 51.7 1.8807e+01  14 1.00000e+00  
 51.8 1.8843e+01  14 1.00000e+00  
 51.9 1.8879e+01  14 1.00000e+00  
 52.0 1.8915e+01  14 1.00000e+00  
 52.1 1.8951e+01  14 1.00000e+00  
 52.2 1.8987e+01  14 1.00000e+00  
 52.3 1.9022e+01  14 1.00000e+00  
 52.4 1.9058e+01  14 1.00000e+00  
 52.5 1.9093e+01  14 1.00000e+00  
 52.6 1.9134e+01  14 1.00000e+00  
 52.7 1.9181e+01  14 1.00000e+00  
 52.8 1.9228e+01  14 1.00000e+00  
 52.9 1.9432e+01  14 1.00000e+00  
 53.0 1.9471e+01  14 1.00000e+00  
 53.1 1.9510e+01  14 1.00000e+00  
 53.2 1.9548e+01  14 1.00000e+00  
 53.3 1.9584e+01  14 1.00000e+00  
 53.4 1.9610e+01  14 1.00000e+00  
 53.5 1.9646e+01  14 1.00000e+00  
 53.6 1.9683e+01  14 1.00000e+00  
 53.7 1.9719e+01  14 1.00000e+00  
 53.8 1.9756e+01  14 1.00000e+00  
 53.9 1.9792e+01  14 1.00000e+00  
 54.0 1.9826e+01  14 1.00000e+00  
 54.1 1.9862e+01  14 1.00000e+00  
 54.2 1.9897e+01  14 1.00000e+00  
 54.3 1.9932e+01  14 1.00000e+00  
 54.4 1.9972e+01  14 1.00000e+00  
 54.5 2.0019e+01  14 1.00000e+00  
 54.6 2.0065e+01  14 1.00000e+00  
 54.7 2.0112e+01  14 1.00000e+00  
 54.8 2.0159e+01  14 1.00000e+00  
 54.9 2.0358e+01  14 1.00000e+00  
 55.0 2.0397e+01  14 1.00000e+00  
 55.1 2.0436e+01  14 1.00000e+00  
 55.2 2.0471e+01  14 1.00000e+00  
 55.3 2.0507e+01  14 1.00000e+00  
 55.4 2.0544e+01  14 1.00000e+00  
 55.5 2.0581e+01  14 1.00000e+00  
 55.6 2.0618e+01  14 1.00000e+00  
 55.7 2.0654e+01  14 1.00000e+00  
 55.8 2.0691e+01  14 1.00000e+00  
 55.9 2.0727e+01  14 1.00000e+00  
 56.0 2.0763e+01  14 1.00000e+00  
 56.1 2.0799e+01  14 1.00000e+00  
 56.2 2.0835e+01  14 1.00000e+00  
 56.3 2.0870e+01  14 1.00000e+00  
 56.4 2.0906e+01  14 1.00000e+00  
 56.5 2.0952e+01  14 1.00000e+00  
 56.6 2.0999e+01  14 1.00000e+00  
 56.7 2.1046e+01  14 1.00000e+00  
 56.8 2.1093e+01  14 1.00000e+00  
 56.9 2.1140e+01  14 1.00000e+00  
 57.0 2.1187e+01  14 1.00000e+00  
 57.1 2.1378e+01  14 1.00000e+00  
 57.2 2.1416e+01  14 1.00000e+00  
 57.3 2.1452e+01  14 1.00000e+00  
 57.4 2.1489e+01  14 1.00000e+00  
 57.5 2.1526e+01  14 1.00000e+00  
 57.6 2.1563e+01  14 1.00000e+00  
 57.7 2.1600e+01  14 1.00000e+00  
 57.8 2.1637e+01  14 1.00000e+00  
 57.9 2.1674e+01  14 1.00000e+00  
 58.0 2.1710e+01  14 1.00000e+00  
 58.1 2.1747e+01  14 1.00000e+00  
 58.2 2.1783e+01  14 1.00000e+00  
 58.3 2.1820e+01  14 1.00000e+00  
 58.4 2.1855e+01  14 1.00000e+00  
 58.5 2.1891e+01  14 1.00000e+00  
 58.6 2.1935e+01  14 1.00000e+00  
 58.7 2.1982e+01  14 1.00000e+00  
 58.8 2.2029e+01  14 1.00000e+00  
 58.9 2.2076e+01  14 1.00000e+00  
 59.0 2.2123e+01  14 1.00000e+00  
 59.1 2.2170e+01  14 1.00000e+00  
 59.2 2.2217e+01  14 1.00000e+00  
 59.3 2.2264e+01  14 1.00000e+00  
 59.4 2.2312e+01  14 1.00000e+00  
 59.5 2.2356e+01  14 1.00000e+00  
 59.6 2.2538e+01  14 1.00000e+00  
 59.7 2.2577e+01  14 1.00000e+00  
 59.8 2.2613e+01  14 1.00000e+00  
 59.9 2.2651e+01  14 1.00000e+00  
 60.0 2.2689e+01  14 1.00000e+00  
 60.1 2.2726e+01  14 1.00000e+00  
 60.2 2.2764e+01  14 1.00000e+00  
 60.3 2.2801e+01  14 1.00000e+00  
 60.4 2.2839e+01  14 1.00000e+00  
 60.5 2.2877e+01  14 1.00000e+00  
 60.6 2.2905e+01  14 1.00000e+00  
 60.7 2.2943e+01  14 1.00000e+00  
 60.8 2.2980e+01  14 1.00000e+00  
 60.9 2.3018e+01  14 1.00000e+00  
 61.0 2.3054e+01  14 1.00000e+00  
 61.1 2.3091e+01  14 1.00000e+00  
 61.2 2.3129e+01  14 1.00000e+00  
 61.3 2.3165e+01  14 1.00000e+00  
 61.4 2.3202e+01  14 1.00000e+00  
 61.5 2.3238e+01  14 1.00000e+00  
 61.6 2.3275e+01  14 1.00000e+00  
 61.7 2.3317e+01  14 1.00000e+00  
 61.8 2.3361e+01  14 1.00000e+00  
 61.9 2.3405e+01  14 1.00000e+00  
 62.0 2.3449e+01  14 1.00000e+00  
 62.1 2.3493e+01  14 1.00000e+00  
 62.2 2.3537e+01  14 1.00000e+00  
 62.3 2.3581e+01  14 1.00000e+00  
 62.4 2.3626e+01  14 1.00000e+00  
 62.5 2.3670e+01  14 1.00000e+00  
 62.6 2.3714e+01  14 1.00000e+00  
 62.7 2.3762e+01  14 1.00000e+00  
 62.8 2.3816e+01  14 1.00000e+00  
 62.9 2.3868e+01  14 1.00000e+00  
 63.0 2.3919e+01  14 1.00000e+00  
 63.1 2.3968e+01  14 1.00000e+00  
 63.2 2.4015e+01  14 1.00000e+00  
 63.3 2.4061e+01  14 1.00000e+00  
 63.4 2.4106e+01  14 1.00000e+00  
 63.5 2.4252e+01  14 1.00000e+00  
 63.6 2.4288e+01  14 1.00000e+00  
 63.7 2.4326e+01  14 1.00000e+00  
 63.8 2.4364e+01  14 1.00000e+00  
 63.9 2.4401e+01  14 1.00000e+00  
 64.0 2.4440e+01  14 1.00000e+00  
 64.1 2.4478e+01  14 1.00000e+00  
 64.2 2.4516e+01  14 1.00000e+00  
 64.3 2.4554e+01  14 1.00000e+00  
 64.4 2.4592e+01  14 1.00000e+00  
 64.5 2.4630e+01  14 1.00000e+00  
 64.6 2.4660e+01  14 1.00000e+00  
 64.7 2.4698e+01  14 1.00000e+00  
 64.8 2.4735e+01  14 1.00000e+00  
 64.9 2.4772e+01  14 1.00000e+00  
 65.0 2.4811e+01  14 1.00000e+00  
 65.1 2.4848e+01  14 1.00000e+00  
 65.2 2.4885e+01  14 1.00000e+00  
 65.3 2.4922e+01  14 1.00000e+00  
 65.4 2.4959e+01  14 1.00000e+00  
 65.5 2.4997e+01  14 1.00000e+00  
 65.6 2.5042e+01  14 1.00000e+00  
 65.7 2.5087e+01  14 1.00000e+00  
 65.8 2.5132e+01  14 1.00000e+00  
 65.9 2.5176e+01  14 1.00000e+00  
 66.0 2.5221e+01  14 1.00000e+00  
 66.1 2.5266e+01  14 1.00000e+00  
 66.2 2.5311e+01  14 1.00000e+00  
 66.3 2.5356e+01  14 1.00000e+00  
 66.4 2.5400e+01  14 1.00000e+00  
 66.5 2.5445e+01  14 1.00000e+00  
 66.6 2.5515e+01  14 1.00000e+00  
 66.7 2.5568e+01  14 1.00000e+00  
 66.8 2.5619e+01  14 1.00000e+00  
 66.9 2.5669e+01  14 1.00000e+00  
 67.0 2.5718e+01  14 1.00000e+00  
 67.1 2.5765e+01  14 1.00000e+00  
 67.2 2.5811e+01  14 1.00000e+00  
 67.3 2.5856e+01  14 1.00000e+00  
 67.4 2.5900e+01  14 1.00000e+00  
 67.5 2.6039e+01  14 1.00000e+00  
 67.6 2.6078e+01  14 1.00000e+00  
 67.7 2.6116e+01  14 1.00000e+00  
 67.8 2.6155e+01  14 1.00000e+00  
 67.9 2.6193e+01  14 1.00000e+00  
 68.0 2.6236e+01  14 1.00000e+00  
 68.1 2.6274e+01  14 1.00000e+00  
 68.2 2.6315e+01  14 1.00000e+00  
 68.3 2.6358e+01  14 1.00000e+00  
 68.4 2.6394e+01  14 1.00000e+00  
 68.5 2.6436e+01  14 1.00000e+00  
 68.6 2.6481e+01  14 1.00000e+00  
 68.7 2.6533e+01  14 1.00000e+00  
 68.8 2.6564e+01  14 1.00000e+00  
 68.9 2.6609e+01  14 1.00000e+00  
 69.0 2.6658e+01  14 1.00000e+00  
 69.1 2.6711e+01  14 1.00000e+00  
 69.2 2.6740e+01  14 1.00000e+00  
 69.3 2.6786e+01  14 1.00000e+00  
 69.4 2.6839e+01  14 1.00000e+00  
 69.5 2.6895e+01  14 1.00000e+00  
 69.6 2.6912e+01  14 1.00000e+00  
 69.7 2.6963e+01  14 1.00000e+00  
 69.8 2.7017e+01  14 1.00000e+00  
 69.9 2.7073e+01  14 1.00000e+00  
 70.0 2.7095e+01  14 1.00000e+00  
 70.1 2.7149e+01  14 1.00000e+00  
 70.2 2.7204e+01  14 1.00000e+00  
 70.3 2.7262e+01  14 1.00000e+00  
 70.4 2.7280e+01  14 1.00000e+00  
 70.5 2.7335e+01  14 1.00000e+00  
 70.6 2.7391e+01  14 1.00000e+00  
 70.7 2.7448e+01  14 1.00000e+00  
 70.8 2.7511e+01  14 1.00000e+00  
 70.9 2.7521e+01  14 1.00000e+00  
 71.0 2.7580e+01  14 1.00000e+00  
 71.1 2.7639e+01  14 1.00000e+00  
 71.2 2.7696e+01  14 1.00000e+00  
 71.3 2.7760e+01  14 1.00000e+00  
 71.4 2.7767e+01  14 1.00000e+00  
 71.5 2.7826e+01  14 1.00000e+00  
 71.6 2.7886e+01  14 1.00000e+00  
 71.7 2.7943e+01  14 1.00000e+00  
 71.8 2.7907e+01  14 1.00000e+00  
 71.9 2.8012e+01  14 1.00000e+00  
 72.0 2.8073e+01  14 1.00000e+00  
 72.1 2.8132e+01  14 1.00000e+00  
 72.2 2.8091e+01  14 1.00000e+00  
 72.3 2.8136e+01  14 1.00000e+00  
 72.4 2.8257e+01  14 1.00000e+00  
 72.5 2.8320e+01  14 1.00000e+00  
 72.6 2.8274e+01  14 1.00000e+00  
 72.7 2.8320e+01  14 1.00000e+00  
 72.8 2.8358e+01  14 1.00000e+00  
 72.9 2.8368e+01  14 1.00000e+00  
 73.0 2.8458e+01  14 1.00000e+00  
 73.1 2.8504e+01  14 1.00000e+00  
 73.2 2.8546e+01  14 1.00000e+00  
 73.3 2.8556e+01  14 1.00000e+00  
 73.4 2.8584e+01  14 1.00000e+00  
 73.5 2.8612e+01  14 1.00000e+00  
 73.6 2.8733e+01  14 1.00000e+00  
 73.7 2.8768e+01  14 1.00000e+00  
 73.8 2.8779e+01  14 1.00000e+00  
 73.9 2.8802e+01  14 1.00000e+00  
 74.0 2.8841e+01  14 1.00000e+00  
 74.1 2.8886e+01  14 1.00000e+00  
 74.2 2.8938e+01  14 1.00000e+00  
 74.3 2.9002e+01  14 1.00000e+00  
 74.4 2.9025e+01  14 1.00000e+00  
 74.5 2.9070e+01  14 1.00000e+00  
 74.6 2.9115e+01  14 1.00000e+00  
 74.7 2.9170e+01  14 1.00000e+00  
 74.8 2.9241e+01  14 1.00000e+00  
 74.9 2.9259e+01  14 1.00000e+00  
 75.0 2.9300e+01  14 1.00000e+00  
 75.1 2.9345e+01  14 1.00000e+00  
 75.2 2.9400e+01  14 1.00000e+00  
 75.3 2.9471e+01  14 1.00000e+00  
 75.4 2.9543e+01  14 1.00000e+00  
 75.5 2.9612e+01  14 1.00000e+00  
 75.6 2.9575e+01  14 1.00000e+00  
 75.7 2.9630e+01  14 1.00000e+00  
 75.8 2.9700e+01  14 1.00000e+00  
 75.9 2.9766e+01  14 1.00000e+00  
 76.0 2.9837e+01  14 1.00000e+00  
 76.1 2.9907e+01  14 1.00000e+00  
 76.2 2.9972e+01  14 1.00000e+00  
 76.3 3.0040e+01  14 1.00000e+00  
 76.4 2.9992e+01  14 1.00000e+00  
 76.5 3.0060e+01  14 1.00000e+00  
 76.6 3.0125e+01  14 1.00000e+00  
 76.7 3.0193e+01  14 1.00000e+00  
 76.8 3.0258e+01  14 1.00000e+00  
 76.9 3.0328e+01  14 1.00000e+00  
 77.0 3.0397e+01  14 1.00000e+00  
 77.1 3.0422e+01  14 1.00000e+00  
 77.2 3.0409e+01  14 1.00000e+00  
 77.3 3.0474e+01  14 1.00000e+00  
 77.4 3.0542e+01  14 1.00000e+00  
 77.5 3.0609e+01  14 1.00000e+00  
 77.6 3.0677e+01  14 1.00000e+00  
 77.7 3.0642e+01  14 1.00000e+00  
 77.8 3.0689e+01  14 1.00000e+00  
 77.9 3.0730e+01  14 1.00000e+00  
 78.0 3.0820e+01  14 1.00000e+00  
 78.1 3.0885e+01  14 1.00000e+00  
 78.2 3.0953e+01  14 1.00000e+00  
 78.3 3.0922e+01  14 1.00000e+00  
 78.4 3.0972e+01  14 1.00000e+00  
 78.5 3.1016e+01  14 1.00000e+00  
 78.6 3.1050e+01  14 1.00000e+00  
 78.7 3.1063e+01  14 1.00000e+00  
 78.8 3.1124e+01  14 1.00000e+00  
 78.9 3.1197e+01  14 1.00000e+00  
 79.0 3.1253e+01  14 1.00000e+00  
 79.1 3.1301e+01  14 1.00000e+00  
 79.2 3.1343e+01  14 1.00000e+00  
 79.3 3.1359e+01  14 1.00000e+00  
 79.4 3.1390e+01  14 1.00000e+00  
 79.5 3.1410e+01  14 1.00000e+00  
 79.6 3.1433e+01  14 1.00000e+00  
 79.7 3.1479e+01  14 1.00000e+00  
 79.8 3.1629e+01  14 1.00000e+00  
 79.9 3.1676e+01  14 1.00000e+00  
 80.0 3.1713e+01  14 1.00000e+00  
 80.1 3.1731e+01  14 1.00000e+00  
 80.2 3.1758e+01  14 1.00000e+00  
 80.3 3.1775e+01  14 1.00000e+00  
 80.4 3.1806e+01  14 1.00000e+00  
 80.5 3.1859e+01  14 1.00000e+00  
 80.6 3.1931e+01  14 1.00000e+00  
 80.7 3.2000e+01  14 1.00000e+00  
 80.8 3.2070e+01  14 1.00000e+00  
 80.9 3.2106e+01  14 1.00000e+00  
 81.0 3.2134e+01  14 1.00000e+00  
 81.1 3.2151e+01  14 1.00000e+00  
 81.2 3.2182e+01  14 1.00000e+00  
 81.3 3.2238e+01  14 1.00000e+00  
 81.4 3.2309e+01  14 1.00000e+00  
 81.5 3.2378e+01  14 1.00000e+00  
 81.6 3.2450e+01  14 1.00000e+00  
 81.7 3.2519e+01  14 1.00000e+00  
 81.8 3.2506e+01  14 1.00000e+00  
 81.9 3.2540e+01  14 1.00000e+00  
 82.0 3.2558e+01  14 1.00000e+00  
 82.1 3.2606e+01  14 1.00000e+00  
 82.2 3.2672e+01  14 1.00000e+00  
 82.3 3.2743e+01  14 1.00000e+00  
 82.4 3.2817e+01  14 1.00000e+00  
 82.5 3.2884e+01  14 1.00000e+00  
 82.6 3.2952e+01  14 1.00000e+00  
 82.7 3.3021e+01  14 1.00000e+00  
 82.8 3.3087e+01  14 1.00000e+00  
 82.9 3.3074e+01  14 1.00000e+00  
 83.0 3.3032e+01  14 1.00000e+00  
 83.1 3.3099e+01  14 1.00000e+00  
 83.2 3.3168e+01  14 1.00000e+00  
 83.3 3.3236e+01  14 1.00000e+00  
 83.4 3.3303e+01  14 1.00000e+00  
 83.5 3.3375e+01  14 1.00000e+00  
 83.6 3.3440e+01  14 1.00000e+00  
 83.7 3.3509e+01  14 1.00000e+00  
 83.8 3.3575e+01  14 1.00000e+00  
 83.9 3.3640e+01  14 1.00000e+00  
 84.0 3.3617e+01  14 1.00000e+00  
 84.1 3.3638e+01  14 1.00000e+00  
 84.2 3.3649e+01  14 1.00000e+00  
 84.3 3.3718e+01  14 1.00000e+00  
 84.4 3.3785e+01  14 1.00000e+00  
 84.5 3.3851e+01  14 1.00000e+00  
 84.6 3.3917e+01  14 1.00000e+00  
 84.7 3.3984e+01  14 1.00000e+00  
 84.8 3.4050e+01  14 1.00000e+00  
 84.9 3.4114e+01  14 1.00000e+00  
 85.0 3.4092e+01  14 1.00000e+00  
 85.1 3.4149e+01  14 1.00000e+00  
 85.2 3.4198e+01  14 1.00000e+00  
 85.3 3.4246e+01  14 1.00000e+00  
 85.4 3.4250e+01  14 1.00000e+00  
 85.5 3.4311e+01  14 1.00000e+00  
 85.6 3.4378e+01  14 1.00000e+00  
 85.7 3.4442e+01  14 1.00000e+00  
 85.8 3.4508e+01  14 1.00000e+00  
 85.9 3.4571e+01  14 1.00000e+00  
 86.0 3.4631e+01  14 1.00000e+00  
 86.1 3.4618e+01  14 1.00000e+00  
 86.2 3.4675e+01  14 1.00000e+00  
 86.3 3.4728e+01  14 1.00000e+00  
 86.4 3.4777e+01  14 1.00000e+00  
 86.5 3.4821e+01  14 1.00000e+00  
 86.6 3.4844e+01  14 1.00000e+00  
 86.7 3.4911e+01  14 1.00000e+00  
 86.8 3.4958e+01  14 1.00000e+00  
 86.9 3.5018e+01  14 1.00000e+00  
 87.0 3.5080e+01  14 1.00000e+00  
 87.1 3.5139e+01  14 1.00000e+00  
 87.2 3.5199e+01  14 1.00000e+00  
 87.3 3.5194e+01  14 1.00000e+00  
 87.4 3.5248e+01  14 1.00000e+00  
 87.5 3.5299e+01  14 1.00000e+00  
 87.6 3.5348e+01  14 1.00000e+00  
 87.7 3.5393e+01  14 1.00000e+00  
 87.8 3.5422e+01  14 1.00000e+00  
 87.9 3.5465e+01  14 1.00000e+00  
 88.0 3.5503e+01  14 1.00000e+00  
 88.1 3.5535e+01  14 1.00000e+00  
 88.2 3.5633e+01  14 1.00000e+00  
 88.3 3.5697e+01  14 1.00000e+00  
 88.4 3.5758e+01  14 1.00000e+00  
 88.5 3.5818e+01  14 1.00000e+00  
 88.6 3.5811e+01  14 1.00000e+00  
 88.7 3.5865e+01  14 1.00000e+00  
 88.8 3.5917e+01  14 1.00000e+00  
 88.9 3.5967e+01  14 1.00000e+00  
 89.0 3.6014e+01  14 1.00000e+00  
 89.1 3.6058e+01  14 1.00000e+00  
 89.2 3.6087e+01  14 1.00000e+00  
 89.3 3.6129e+01  14 1.00000e+00  
 89.4 3.6166e+01  14 1.00000e+00  
 89.5 3.6200e+01  14 1.00000e+00  
 89.6 3.6228e+01  14 1.00000e+00  
 89.7 3.6246e+01  14 1.00000e+00  
 89.8 3.6381e+01  14 1.00000e+00  
 89.9 3.6489e+01  14 1.00000e+00  
 90.0 3.6479e+01  14 1.00000e+00  
 90.1 3.6534e+01  14 1.00000e+00  
 90.2 3.6579e+01  14 1.00000e+00  
 90.3 3.6633e+01  14 1.00000e+00  
 90.4 3.6685e+01  14 1.00000e+00  
 90.5 3.6733e+01  14 1.00000e+00  
 90.6 3.6779e+01  14 1.00000e+00  
 90.7 3.6834e+01  14 1.00000e+00  
 90.8 3.6862e+01  14 1.00000e+00  
 90.9 3.6963e+01  14 1.00000e+00  
 91.0 3.6993e+01  14 1.00000e+00  
 91.1 3.7023e+01  14 1.00000e+00  
 91.2 3.7061e+01  14 1.00000e+00  
 91.3 3.7164e+01  14 1.00000e+00  
 91.4 3.7267e+01  14 1.00000e+00  
 91.5 3.7370e+01  14 1.00000e+00  
 91.6 3.7473e+01  14 1.00000e+00  
 91.7 3.7575e+01  14 1.00000e+00  
 91.8 3.7670e+01  14 1.00000e+00  
 91.9 3.7773e+01  14 1.00000e+00  
 92.0 3.7876e+01  14 1.00000e+00  
 92.1 3.7978e+01  14 1.00000e+00  
 92.2 3.8081e+01  14 1.00000e+00  
 92.3 3.8183e+01  14 1.00000e+00  
 92.4 3.8286e+01  14 1.00000e+00  
 92.5 3.8388e+01  14 1.00000e+00  
 92.6 3.8491e+01  14 1.00000e+00  
 92.7 3.8593e+01  14 1.00000e+00  
 92.8 3.8696e+01  14 1.00000e+00  
 92.9 3.8798e+01  14 1.00000e+00  
 93.0 3.8900e+01  14 1.00000e+00  
 93.1 3.9003e+01  14 1.00000e+00  
 93.2 3.9105e+01  14 1.00000e+00  
 93.3 3.9207e+01  14 1.00000e+00  
 93.4 3.9309e+01  14 1.00000e+00  
 93.5 3.9411e+01  14 1.00000e+00  
 93.6 3.9514e+01  14 1.00000e+00  
 93.7 3.9616e+01  14 1.00000e+00  
 93.8 3.9718e+01  14 1.00000e+00  
 93.9 3.9820e+01  14 1.00000e+00  
 94.0 3.9921e+01  14 1.00000e+00  
 94.1 4.0023e+01  14 1.00000e+00  
 94.2 4.0125e+01  14 1.00000e+00  
 94.3 4.0227e+01  14 1.00000e+00  
 94.4 4.0329e+01  14 1.00000e+00  
 94.5 4.0430e+01  14 1.00000e+00  
 94.6 4.0532e+01  14 1.00000e+00  
 94.7 4.0634e+01  14 1.00000e+00  
 94.8 4.0735e+01  14 1.00000e+00  
 94.9 4.0837e+01  14 1.00000e+00  
 95.0 4.0939e+01  14 1.00000e+00  
 95.1 4.1040e+01  14 1.00000e+00  
 95.2 4.1141e+01  14 1.00000e+00  
 95.3 4.1243e+01  14 1.00000e+00  
 95.4 4.1344e+01  14 1.00000e+00  
 95.5 4.1446e+01  14 1.00000e+00  
 95.6 4.1547e+01  14 1.00000e+00  
 95.7 4.1648e+01  14 1.00000e+00  
 95.8 4.1749e+01  14 1.00000e+00  
 95.9 4.1851e+01  14 1.00000e+00  
 96.0 4.1952e+01  14 1.00000e+00  
 96.1 4.2053e+01  14 1.00000e+00  
 96.2 4.2154e+01  14 1.00000e+00  
 96.3 4.2255e+01  14 1.00000e+00  
 96.4 4.2356e+01  14 1.00000e+00  
 96.5 4.2457e+01  14 1.00000e+00  
 96.6 4.2558e+01  14 1.00000e+00  
 96.7 4.2659e+01  14 1.00000e+00  
 96.8 4.2760e+01  14 1.00000e+00  
 96.9 4.2861e+01  14 1.00000e+00  
 97.0 4.2962e+01  14 1.00000e+00  
 97.1 4.3062e+01  14 1.00000e+00  
 97.2 4.3163e+01  14 1.00000e+00  
 97.3 4.3264e+01  14 1.00000e+00  
 97.4 4.3365e+01  14 1.00000e+00  
 97.5 4.3465e+01  14 1.00000e+00  
 97.6 4.3562e+01  14 1.00000e+00  
 97.7 4.3653e+01  14 1.00000e+00  
 97.8 4.3744e+01  14 1.00000e+00  
 97.9 4.3834e+01  14 1.00000e+00  
 98.0 4.3925e+01  14 1.00000e+00  
 98.1 4.4016e+01  14 1.00000e+00  
 98.2 4.4107e+01  14 1.00000e+00  
 98.3 4.4198e+01  14 1.00000e+00  
 98.4 4.4289e+01  14 1.00000e+00  
 98.5 4.4380e+01  14 1.00000e+00  
 98.6 4.4471e+01  14 1.00000e+00  
 98.7 4.4555e+01  14 1.00000e+00  
 98.8 4.4646e+01  14 1.00000e+00  
 98.9 4.4737e+01  14 1.00000e+00  
 99.0 4.4828e+01  14 1.00000e+00  
 99.1 4.4919e+01  14 1.00000e+00  
 99.2 4.5010e+01  14 1.00000e+00  
 99.3 4.5102e+01  14 1.00000e+00  
 99.4 4.5193e+01  14 1.00000e+00  
 99.5 4.5284e+01  14 1.00000e+00  
 99.6 4.5375e+01  14 1.00000e+00  
 99.7 4.5467e+01  14 1.00000e+00  
 99.8 4.5558e+01  14 1.00000e+00  
 99.9 4.5650e+01  14 1.00000e+00  
100.0 4.5741e+01  14 1.00000e+00  
100.1 4.5832e+01  14 1.00000e+00  
100.2 4.5924e+01  14 1.00000e+00  
100.3 4.6016e+01  14 1.00000e+00  
100.4 4.6107e+01  14 1.00000e+00  
100.5 4.6199e+01  14 1.00000e+00  
100.6 4.6290e+01  14 1.00000e+00  
100.7 4.6382e+01  14 1.00000e+00  
100.8 4.6474e+01  14 1.00000e+00  
100.9 4.6565e+01  14 1.00000e+00  
101.0 4.6657e+01  14 1.00000e+00  
101.1 4.6749e+01  14 1.00000e+00  
101.2 4.6840e+01  14 1.00000e+00  
101.3 4.6932e+01  14 1.00000e+00  
101.4 4.7024e+01  14 1.00000e+00  
101.5 4.7116e+01  14 1.00000e+00  
101.6 4.7208e+01  14 1.00000e+00  
101.7 4.7300e+01  14 1.00000e+00  
101.8 4.7392e+01  14 1.00000e+00  
101.9 4.7484e+01  14 1.00000e+00  
102.0 4.7575e+01  14 1.00000e+00  
102.1 4.7667e+01  14 1.00000e+00  
102.2 4.7759e+01  14 1.00000e+00  
102.3 4.7851e+01  14 1.00000e+00  
102.4 4.7943e+01  14 1.00000e+00  
102.5 4.8035e+01  14 1.00000e+00  
102.6 4.8128e+01  14 1.00000e+00  
102.7 4.8220e+01  14 1.00000e+00  
102.8 4.8312e+01  14 1.00000e+00  
102.9 4.8404e+01  14 1.00000e+00  
103.0 4.8496e+01  14 1.00000e+00  
103.1 4.8588e+01  14 1.00000e+00  
103.2 4.8680e+01  14 1.00000e+00  
103.3 4.8773e+01  14 1.00000e+00  
103.4 4.8865e+01  14 1.00000e+00  
103.5 4.8957e+01  14 1.00000e+00  
103.6 4.9049e+01  14 1.00000e+00  
103.7 4.9142e+01  14 1.00000e+00  
103.8 4.9234e+01  14 1.00000e+00  
103.9 4.9326e+01  14 1.00000e+00  
104.0 4.9419e+01  14 1.00000e+00  
104.1 4.9511e+01  14 1.00000e+00  
104.2 4.9603e+01  14 1.00000e+00  
104.3 4.9696e+01  14 1.00000e+00  
104.4 4.9788e+01  14 1.00000e+00  
104.5 4.9881e+01  14 1.00000e+00  
104.6 4.9973e+01  14 1.00000e+00  
104.7 5.0065e+01  14 1.00000e+00  
104.8 5.0158e+01  14 1.00000e+00  
104.9 5.0250e+01  14 1.00000e+00  
105.0 5.0343e+01  14 1.00000e+00  
105.1 5.0435e+01  14 1.00000e+00  
105.2 5.0528e+01  14 1.00000e+00  
105.3 5.0621e+01  14 1.00000e+00  
105.4 5.0713e+01  14 1.00000e+00  
105.5 5.0806e+01  14 1.00000e+00  
105.6 5.0898e+01  14 1.00000e+00  
105.7 5.0991e+01  14 1.00000e+00  
105.8 5.1083e+01  14 1.00000e+00  
105.9 5.1176e+01  14 1.00000e+00  
106.0 5.1269e+01  14 1.00000e+00  
106.1 5.1361e+01  14 1.00000e+00  
106.2 5.1454e+01  14 1.00000e+00  
106.3 5.1547e+01  14 1.00000e+00  
106.4 5.1633e+01  14 1.00000e+00  
106.5 5.1726e+01  14 1.00000e+00  
106.6 5.1819e+01  14 1.00000e+00  
106.7 5.1911e+01  14 1.00000e+00  
106.8 5.2004e+01  14 1.00000e+00  
106.9 5.2097e+01  14 1.00000e+00  
107.0 5.2190e+01  14 1.00000e+00  
107.1 5.2283e+01  14 1.00000e+00  
107.2 5.2375e+01  14 1.00000e+00  
107.3 5.2468e+01  14 1.00000e+00  
107.4 5.2561e+01  14 1.00000e+00  
107.5 5.2654e+01  14 1.00000e+00  
107.6 5.2747e+01  14 1.00000e+00  
107.7 5.2840e+01  14 1.00000e+00  
107.8 5.2932e+01  14 1.00000e+00  
107.9 5.3025e+01  14 1.00000e+00  
108.0 5.3118e+01  14 1.00000e+00  
108.1 5.3211e+01  14 1.00000e+00  
108.2 5.3304e+01  14 1.00000e+00  
108.3 5.3397e+01  14 1.00000e+00  
108.4 5.3490e+01  14 1.00000e+00  
108.5 5.3583e+01  14 1.00000e+00  
108.6 5.3676e+01  14 1.00000e+00  
108.7 5.3769e+01  14 1.00000e+00  
108.8 5.3862e+01  14 1.00000e+00  
108.9 5.3955e+01  14 1.00000e+00  
109.0 5.4048e+01  14 1.00000e+00  
109.1 5.4141e+01  14 1.00000e+00  
109.2 5.4234e+01  14 1.00000e+00  
109.3 5.4327e+01  14 1.00000e+00  
109.4 5.4420e+01  14 1.00000e+00  
109.5 5.4513e+01  14 1.00000e+00  
109.6 5.4606e+01  14 1.00000e+00  
109.7 5.4699e+01  14 1.00000e+00  
109.8 5.4792e+01  14 1.00000e+00  
109.9 5.4885e+01  14 1.00000e+00  
110.0 5.4978e+01  14 1.00000e+00  
110.1 5.5071e+01  14 1.00000e+00  
110.2 5.5164e+01  14 1.00000e+00  
110.3 5.5257e+01  14 1.00000e+00  
110.4 5.5350e+01  14 1.00000e+00  
110.5 5.5443e+01  14 1.00000e+00  
110.6 5.5536e+01  14 1.00000e+00  
110.7 5.5629e+01  14 1.00000e+00  
110.8 5.5723e+01  14 1.00000e+00  
110.9 5.5816e+01  14 1.00000e+00  
111.0 5.5909e+01  14 1.00000e+00  
111.1 5.6002e+01  14 1.00000e+00  
111.2 5.6095e+01  14 1.00000e+00  
111.3 5.6188e+01  14 1.00000e+00  
111.4 5.6281e+01  14 1.00000e+00  
111.5 5.6374e+01  14 1.00000e+00  
111.6 5.6468e+01  14 1.00000e+00  
111.7 5.6561e+01  14 1.00000e+00  
111.8 5.6654e+01  14 1.00000e+00  
111.9 5.6747e+01  14 1.00000e+00  
112.0 5.6840e+01  14 1.00000e+00  
112.1 5.6933e+01  14 1.00000e+00  
112.2 5.7027e+01  14 1.00000e+00  
112.3 5.7120e+01  14 1.00000e+00  
112.4 5.7213e+01  14 1.00000e+00  
112.5 5.7306e+01  14 1.00000e+00  
112.6 5.7399e+01  14 1.00000e+00  
112.7 5.7493e+01  14 1.00000e+00  
112.8 5.7586e+01  14 1.00000e+00  
112.9 5.7679e+01  14 1.00000e+00  
113.0 5.7772e+01  14 1.00000e+00  
113.1 5.7865e+01  14 1.00000e+00  
113.2 5.7959e+01  14 1.00000e+00  
113.3 5.8052e+01  14 1.00000e+00  
113.4 5.8145e+01  14 1.00000e+00  
113.5 5.8238e+01  14 1.00000e+00  
113.6 5.8332e+01  14 1.00000e+00  
113.7 5.8425e+01  14 1.00000e+00  
113.8 5.8518e+01  14 1.00000e+00  
113.9 5.8611e+01  14 1.00000e+00  
114.0 5.8704e+01  14 1.00000e+00  
114.1 5.8798e+01  14 1.00000e+00  
114.2 5.8891e+01  14 1.00000e+00  
114.3 5.8984e+01  14 1.00000e+00  
114.4 5.9077e+01  14 1.00000e+00  
114.5 5.9171e+01  14 1.00000e+00  
114.6 5.9264e+01  14 1.00000e+00  
114.7 5.9357e+01  14 1.00000e+00  
114.8 5.9450e+01  14 1.00000e+00  
114.9 5.9544e+01  14 1.00000e+00  
115.0 5.9637e+01  14 1.00000e+00  
115.1 5.9725e+01  14 1.00000e+00  
115.2 5.9818e+01  14 1.00000e+00  
115.3 5.9912e+01  14 1.00000e+00  
115.4 6.0005e+01  14 1.00000e+00  
115.5 6.0098e+01  14 1.00000e+00  
115.6 6.0191e+01  14 1.00000e+00  
115.7 6.0285e+01  14 1.00000e+00  
115.8 6.0378e+01  14 1.00000e+00  
115.9 6.0471e+01  14 1.00000e+00  
116.0 6.0564e+01  14 1.00000e+00  
116.1 6.0658e+01  14 1.00000e+00  
116.2 6.0751e+01  14 1.00000e+00  
116.3 6.0844e+01  14 1.00000e+00  
116.4 6.0938e+01  14 1.00000e+00  
116.5 6.1031e+01  14 1.00000e+00  
116.6 6.1124e+01  14 1.00000e+00  
116.7 6.1218e+01  14 1.00000e+00  
116.8 6.1311e+01  14 1.00000e+00  
116.9 6.1404e+01  14 1.00000e+00  
117.0 6.1497e+01  14 1.00000e+00  
117.1 6.1591e+01  14 1.00000e+00  
117.2 6.1684e+01  14 1.00000e+00  
117.3 6.1777e+01  14 1.00000e+00  
117.4 6.1871e+01  14 1.00000e+00  
117.5 6.1964e+01  14 1.00000e+00  
117.6 6.2057e+01  14 1.00000e+00  
117.7 6.2150e+01  14 1.00000e+00  
117.8 6.2244e+01  14 1.00000e+00  
117.9 6.2337e+01  14 1.00000e+00  
118.0 6.2430e+01  14 1.00000e+00  
118.1 6.2524e+01  14 1.00000e+00  
118.2 6.2617e+01  14 1.00000e+00  
118.3 6.2710e+01  14 1.00000e+00  
118.4 6.2803e+01  14 1.00000e+00  
118.5 6.2897e+01  14 1.00000e+00  
118.6 6.2990e+01  14 1.00000e+00  
118.7 6.3083e+01  14 1.00000e+00  
118.8 6.3177e+01  14 1.00000e+00  
118.9 6.3270e+01  14 1.00000e+00  
119.0 6.3363e+01  14 1.00000e+00  
119.1 6.3456e+01  14 1.00000e+00  
119.2 6.3550e+01  14 1.00000e+00  
119.3 6.3643e+01  14 1.00000e+00  
119.4 6.3736e+01  14 1.00000e+00  
119.5 6.3829e+01  14 1.00000e+00  
119.6 6.3923e+01  14 1.00000e+00  
119.7 6.4016e+01  14 1.00000e+00  
119.8 6.4109e+01  14 1.00000e+00  
119.9 6.4203e+01  14 1.00000e+00  
120.0 6.4296e+01  14 1.00000e+00  
120.1 6.4389e+01  14 1.00000e+00  
120.2 6.4482e+01  14 1.00000e+00  
120.3 6.4576e+01  14 1.00000e+00  
120.4 6.4669e+01  14 1.00000e+00  
120.5 6.4762e+01  14 1.00000e+00  
120.6 6.4855e+01  14 1.00000e+00  
120.7 6.4948e+01  14 1.00000e+00  
120.8 6.5042e+01  14 1.00000e+00  
120.9 6.5135e+01  14 1.00000e+00  
121.0 6.5228e+01  14 1.00000e+00  
121.1 6.5321e+01  14 1.00000e+00  
121.2 6.5415e+01  14 1.00000e+00  
121.3 6.5508e+01  14 1.00000e+00  
121.4 6.5601e+01  14 1.00000e+00  
121.5 6.5694e+01  14 1.00000e+00  
121.6 6.5787e+01  14 1.00000e+00  
121.7 6.5881e+01  14 1.00000e+00  
121.8 6.5974e+01  14 1.00000e+00  
121.9 6.6067e+01  14 1.00000e+00  
122.0 6.6160e+01  14 1.00000e+00  
122.1 6.6253e+01  14 1.00000e+00  
122.2 6.6347e+01  14 1.00000e+00  
122.3 6.6440e+01  14 1.00000e+00  
122.4 6.6533e+01  14 1.00000e+00  
122.5 6.6626e+01  14 1.00000e+00  
122.6 6.6719e+01  14 1.00000e+00  
122.7 6.6813e+01  14 1.00000e+00  
122.8 6.6906e+01  14 1.00000e+00  
122.9 6.6999e+01  14 1.00000e+00  
123.0 6.7092e+01  14 1.00000e+00  
123.1 6.7185e+01  14 1.00000e+00  
123.2 6.7278e+01  14 1.00000e+00  
123.3 6.7372e+01  14 1.00000e+00  
123.4 6.7465e+01  14 1.00000e+00  
123.5 6.7558e+01  14 1.00000e+00  
123.6 6.7651e+01  14 1.00000e+00  
123.7 6.7744e+01  14 1.00000e+00  
123.8 6.7837e+01  14 1.00000e+00  
123.9 6.7931e+01  14 1.00000e+00  
124.0 6.8024e+01  14 1.00000e+00  
124.1 6.8117e+01  14 1.00000e+00  
124.2 6.8210e+01  14 1.00000e+00  
124.3 6.8303e+01  14 1.00000e+00  
124.4 6.8396e+01  14 1.00000e+00  
124.5 6.8489e+01  14 1.00000e+00  
124.6 6.8582e+01  14 1.00000e+00  
124.7 6.8675e+01  14 1.00000e+00  
124.8 6.8769e+01  14 1.00000e+00  
124.9 6.8862e+01  14 1.00000e+00  
125.0 6.8955e+01  14 1.00000e+00  
125.1 6.9043e+01  14 1.00000e+00  
125.2 6.9136e+01  14 1.00000e+00  
125.3 6.9229e+01  14 1.00000e+00  
125.4 6.9323e+01  14 1.00000e+00  
125.5 6.9416e+01  14 1.00000e+00  
125.6 6.9509e+01  14 1.00000e+00  
125.7 6.9602e+01  14 1.00000e+00  
125.8 6.9695e+01  14 1.00000e+00  
125.9 6.9788e+01  14 1.00000e+00  
126.0 6.9881e+01  14 1.00000e+00  
126.1 6.9974e+01  14 1.00000e+00  
126.2 7.0067e+01  14 1.00000e+00  
126.3 7.0160e+01  14 1.00000e+00  
126.4 7.0253e+01  14 1.00000e+00  
126.5 7.0346e+01  14 1.00000e+00  
126.6 7.0439e+01  14 1.00000e+00  
126.7 7.0532e+01  14 1.00000e+00  
126.8 7.0625e+01  14 1.00000e+00  
126.9 7.0718e+01  14 1.00000e+00  
127.0 7.0811e+01  14 1.00000e+00  
127.1 7.0904e+01  14 1.00000e+00  
127.2 7.0997e+01  14 1.00000e+00  
127.3 7.1090e+01  14 1.00000e+00  
127.4 7.1183e+01  14 1.00000e+00  
127.5 7.1276e+01  14 1.00000e+00  
127.6 7.1369e+01  14 1.00000e+00  
127.7 7.1462e+01  14 1.00000e+00  
127.8 7.1555e+01  14 1.00000e+00  
127.9 7.1648e+01  14 1.00000e+00  
128.0 7.1741e+01  14 1.00000e+00  
128.1 7.1834e+01  14 1.00000e+00  
128.2 7.1927e+01  14 1.00000e+00  
128.3 7.2020e+01  14 1.00000e+00  
128.4 7.2113e+01  14 1.00000e+00  
128.5 7.2206e+01  14 1.00000e+00  
128.6 7.2299e+01  14 1.00000e+00  
128.7 7.2392e+01  14 1.00000e+00  
128.8 7.2485e+01  14 1.00000e+00  
128.9 7.2578e+01  14 1.00000e+00  
129.0 7.2671e+01  14 1.00000e+00  
129.1 7.2764e+01  14 1.00000e+00  
129.2 7.2857e+01  14 1.00000e+00  
129.3 7.2949e+01  14 1.00000e+00  
129.4 7.3042e+01  14 1.00000e+00  
129.5 7.3135e+01  14 1.00000e+00  
129.6 7.3228e+01  14 1.00000e+00  
129.7 7.3321e+01  14 1.00000e+00  
129.8 7.3414e+01  14 1.00000e+00  
129.9 7.3507e+01  14 1.00000e+00  
130.0 7.3600e+01  14 1.00000e+00  
130.1 7.3693e+01  14 1.00000e+00  
130.2 7.3785e+01  14 1.00000e+00  
130.3 7.3878e+01  14 1.00000e+00  
130.4 7.3971e+01  14 1.00000e+00  
130.5 7.4064e+01  14 1.00000e+00  
130.6 7.4157e+01  14 1.00000e+00  
130.7 7.4250e+01  14 1.00000e+00  
130.8 7.4342e+01  14 1.00000e+00  
130.9 7.4435e+01  14 1.00000e+00  
131.0 7.4528e+01  14 1.00000e+00  
131.1 7.4621e+01  14 1.00000e+00  
131.2 7.4714e+01  14 1.00000e+00  
131.3 7.4806e+01  14 1.00000e+00  
131.4 7.4899e+01  14 1.00000e+00  
131.5 7.4992e+01  14 1.00000e+00  
131.6 7.5085e+01  14 1.00000e+00  
131.7 7.5178e+01  14 1.00000e+00  
131.8 7.5270e+01  14 1.00000e+00  
131.9 7.5363e+01  14 1.00000e+00  
132.0 7.5456e+01  14 1.00000e+00  
132.1 7.5549e+01  14 1.00000e+00  
132.2 7.5641e+01  14 1.00000e+00  
132.3 7.5734e+01  14 1.00000e+00  
132.4 7.5827e+01  14 1.00000e+00  
132.5 7.5920e+01  14 1.00000e+00  
132.6 7.6012e+01  14 1.00000e+00  
132.7 7.6105e+01  14 1.00000e+00  
132.8 7.6198e+01  14 1.00000e+00  
132.9 7.6290e+01  14 1.00000e+00  
133.0 7.6383e+01  14 1.00000e+00  
133.1 7.6476e+01  14 1.00000e+00  
133.2 7.6569e+01  14 1.00000e+00  
133.3 7.6661e+01  14 1.00000e+00  
133.4 7.6754e+01  14 1.00000e+00  
133.5 7.6847e+01  14 1.00000e+00  
133.6 7.6939e+01  14 1.00000e+00  
133.7 7.7032e+01  14 1.00000e+00  
133.8 7.7125e+01  14 1.00000e+00  
133.9 7.7217e+01  14 1.00000e+00  
134.0 7.7310e+01  14 1.00000e+00  
134.1 7.7403e+01  14 1.00000e+00  
134.2 7.7495e+01  14 1.00000e+00  
134.3 7.7588e+01  14 1.00000e+00  
134.4 7.7680e+01  14 1.00000e+00  
134.5 7.7773e+01  14 1.00000e+00  
134.6 7.7866e+01  14 1.00000e+00  
134.7 7.7958e+01  14 1.00000e+00  
134.8 7.8051e+01  14 1.00000e+00  
134.9 7.8143e+01  14 1.00000e+00  
135.0 7.8236e+01  14 1.00000e+00  
135.1 7.8329e+01  14 1.00000e+00  
135.2 7.8421e+01  14 1.00000e+00  
135.3 7.8514e+01  14 1.00000e+00  
135.4 7.8606e+01  14 1.00000e+00  
135.5 7.8699e+01  14 1.00000e+00  
135.6 7.8791e+01  14 1.00000e+00  
135.7 7.8884e+01  14 1.00000e+00  
135.8 7.8976e+01  14 1.00000e+00  
135.9 7.9069e+01  14 1.00000e+00  
136.0 7.9162e+01  14 1.00000e+00  
136.1 7.9254e+01  14 1.00000e+00  
136.2 7.9346e+01  14 1.00000e+00  
136.3 7.9439e+01  14 1.00000e+00  
136.4 7.9532e+01  14 1.00000e+00  
136.5 7.9624e+01  14 1.00000e+00  
136.6 7.9716e+01  14 1.00000e+00  
136.7 7.9809e+01  14 1.00000e+00  
136.8 7.9901e+01  14 1.00000e+00  
136.9 7.9990e+01  14 1.00000e+00  
137.0 8.0082e+01  14 1.00000e+00  
137.1 8.0175e+01  14 1.00000e+00  
137.2 8.0267e+01  14 1.00000e+00  
137.3 8.0360e+01  14 1.00000e+00  
137.4 8.0452e+01  14 1.00000e+00  
137.5 8.0545e+01  14 1.00000e+00  
137.6 8.0637e+01  14 1.00000e+00  
137.7 8.0730e+01  14 1.00000e+00  
137.8 8.0822e+01  14 1.00000e+00  
137.9 8.0914e+01  14 1.00000e+00  
138.0 8.1007e+01  14 1.00000e+00  
138.1 8.1099e+01  14 1.00000e+00  
138.2 8.1191e+01  14 1.00000e+00  
138.3 8.1284e+01  14 1.00000e+00  
138.4 8.1376e+01  14 1.00000e+00  
138.5 8.1468e+01  14 1.00000e+00  
138.6 8.1561e+01  14 1.00000e+00  
138.7 8.1653e+01  14 1.00000e+00  
138.8 8.1745e+01  14 1.00000e+00  
138.9 8.1838e+01  14 1.00000e+00  
139.0 8.1930e+01  14 1.00000e+00  
139.1 8.2022e+01  14 1.00000e+00  
139.2 8.2115e+01  14 1.00000e+00  
139.3 8.2207e+01  14 1.00000e+00  
139.4 8.2299e+01  14 1.00000e+00  
139.5 8.2392e+01  14 1.00000e+00  
139.6 8.2484e+01  14 1.00000e+00  
139.7 8.2576e+01  14 1.00000e+00  
139.8 8.2668e+01  14 1.00000e+00  
139.9 8.2761e+01  14 1.00000e+00  
140.0 8.2853e+01  14 1.00000e+00  
140.1 8.2945e+01  14 1.00000e+00  
140.2 8.3037e+01  14 1.00000e+00  
140.3 8.3130e+01  14 1.00000e+00  
140.4 8.3222e+01  14 1.00000e+00  
140.5 8.3314e+01  14 1.00000e+00  
140.6 8.3406e+01  14 1.00000e+00  
140.7 8.3498e+01  14 1.00000e+00  
140.8 8.3591e+01  14 1.00000e+00  
140.9 8.3683e+01  14 1.00000e+00  
141.0 8.3775e+01  14 1.00000e+00  
141.1 8.3867e+01  14 1.00000e+00  
141.2 8.3959e+01  14 1.00000e+00  
141.3 8.4051e+01  14 1.00000e+00  
141.4 8.4144e+01  14 1.00000e+00  
141.5 8.4236e+01  14 1.00000e+00  
141.6 8.4328e+01  14 1.00000e+00  
141.7 8.4420e+01  14 1.00000e+00  
141.8 8.4512e+01  14 1.00000e+00  
141.9 8.4604e+01  14 1.00000e+00  
142.0 8.4696e+01  14 1.00000e+00  
142.1 8.4788e+01  14 1.00000e+00  
142.2 8.4881e+01  14 1.00000e+00  
142.3 8.4973e+01  14 1.00000e+00  
142.4 8.5065e+01  14 1.00000e+00  
142.5 8.5157e+01  14 1.00000e+00  
142.6 8.5249e+01  14 1.00000e+00  
142.7 8.5341e+01  14 1.00000e+00  
142.8 8.5433e+01  14 1.00000e+00  
142.9 8.5525e+01  14 1.00000e+00  
143.0 8.5617e+01  14 1.00000e+00  
143.1 8.5709e+01  14 1.00000e+00  
143.2 8.5801e+01  14 1.00000e+00  
143.3 8.5893e+01  14 1.00000e+00  
143.4 8.5985e+01  14 1.00000e+00  
143.5 8.6077e+01  14 1.00000e+00  
143.6 8.6169e+01  14 1.00000e+00  
143.7 8.6261e+01  14 1.00000e+00  
143.8 8.6353e+01  14 1.00000e+00  
143.9 8.6445e+01  14 1.00000e+00  
144.0 8.6537e+01  14 1.00000e+00  
144.1 8.6629e+01  14 1.00000e+00  
144.2 8.6721e+01  14 1.00000e+00  
144.3 8.6813e+01  14 1.00000e+00  
144.4 8.6905e+01  14 1.00000e+00  
144.5 8.6997e+01  14 1.00000e+00  
144.6 8.7089e+01  14 1.00000e+00  
144.7 8.7181e+01  14 1.00000e+00  
144.8 8.7273e+01  14 1.00000e+00  
144.9 8.7365e+01  14 1.00000e+00  
145.0 8.7457e+01  14 1.00000e+00  
145.1 8.7549e+01  14 1.00000e+00  
145.2 8.7641e+01  14 1.00000e+00  
145.3 8.7732e+01  14 1.00000e+00  
145.4 8.7824e+01  14 1.00000e+00  
145.5 8.7916e+01  14 1.00000e+00  
145.6 8.8008e+01  14 1.00000e+00  
145.7 8.8100e+01  14 1.00000e+00  
145.8 8.8192e+01  14 1.00000e+00  
145.9 8.8284e+01  14 1.00000e+00  
146.0 8.8375e+01  14 1.00000e+00  
146.1 8.8467e+01  14 1.00000e+00  
146.2 8.8559e+01  14 1.00000e+00  
146.3 8.8651e+01  14 1.00000e+00  
146.4 8.8743e+01  14 1.00000e+00  
146.5 8.8835e+01  14 1.00000e+00  
146.6 8.8926e+01  14 1.00000e+00  
146.7 8.9018e+01  14 1.00000e+00  
146.8 8.9110e+01  14 1.00000e+00  
146.9 8.9202e+01  14 1.00000e+00  
147.0 8.9294e+01  14 1.00000e+00  
147.1 8.9385e+01  14 1.00000e+00  
147.2 8.9477e+01  14 1.00000e+00  
147.3 8.9569e+01  14 1.00000e+00  
147.4 8.9661e+01  14 1.00000e+00  
147.5 8.9752e+01  14 1.00000e+00  
147.6 8.9844e+01  14 1.00000e+00  
147.7 8.9936e+01  14 1.00000e+00  
147.8 9.0027e+01  14 1.00000e+00  
147.9 9.0119e+01  14 1.00000e+00  
148.0 9.0211e+01  14 1.00000e+00  
148.1 9.0303e+01  14 1.00000e+00  
148.2 9.0394e+01  14 1.00000e+00  
148.3 9.0486e+01  14 1.00000e+00  
148.4 9.0578e+01  14 1.00000e+00  
148.5 9.0669e+01  14 1.00000e+00  
148.6 9.0761e+01  14 1.00000e+00  
148.7 9.0853e+01  14 1.00000e+00  
148.8 9.0944e+01  14 1.00000e+00  
148.9 9.1036e+01  14 1.00000e+00  
149.0 9.1128e+01  14 1.00000e+00  
149.1 9.1219e+01  14 1.00000e+00  
149.2 9.1311e+01  14 1.00000e+00  
149.3 9.1403e+01  14 1.00000e+00  
149.4 9.1494e+01  14 1.00000e+00  
149.5 9.1586e+01  14 1.00000e+00  
149.6 9.1677e+01  14 1.00000e+00  
149.7 9.1769e+01  14 1.00000e+00  
149.8 9.1861e+01  14 1.00000e+00  
149.9 9.1952e+01  14 1.00000e+00  
150.0 9.2044e+01  14 1.00000e+00  
