 15.1 1.4590e+00  13 4.50669e-02  
 15.2 1.4665e+00  13 4.54178e-02  
 15.3 1.4740e+00  13 4.57646e-02  
 15.4 1.4816e+00  13 4.61072e-02  
 15.5 1.4891e+00  13 4.64458e-02  
 15.6 1.4966e+00  13 4.67805e-02  
 15.7 1.5041e+00  13 4.71113e-02  
 15.8 1.5116e+00  13 4.74384e-02  
 15.9 1.5191e+00  13 4.77618e-02  
 16.0 1.5267e+00  13 4.80816e-02  
 16.1 1.5342e+00  13 4.83979e-02  
 16.2 1.5417e+00  13 4.87107e-02  
 16.3 1.5492e+00  13 4.90201e-02  
 16.4 1.5567e+00  13 4.93260e-02  
 16.5 1.5642e+00  13 4.96284e-02  
 16.6 1.5717e+00  13 4.99275e-02  
 16.7 1.5792e+00  13 5.02232e-02  
 16.8 1.5867e+00  13 5.05155e-02  
 16.9 1.5942e+00  13 5.08047e-02  
 17.0 1.6017e+00  13 5.10906e-02  
 17.1 1.6092e+00  13 5.13735e-02  
 17.2 1.6167e+00  13 5.16532e-02  
 17.3 1.6242e+00  13 5.19300e-02  
 17.4 1.6317e+00  13 5.21336e-02  
 17.5 1.6392e+00  13 5.24034e-02  
 17.6 1.6467e+00  13 5.26703e-02  
 17.7 1.6541e+00  13 5.29345e-02  
 17.8 1.6616e+00  13 5.31959e-02  
 17.9 1.6691e+00  13 5.34545e-02  
 18.0 1.6766e+00  13 5.37104e-02  
 18.1 1.6841e+00  13 5.39637e-02  
 18.2 1.6915e+00  13 5.42143e-02  
 18.3 1.7024e+00  13 5.47190e-02  
 18.4 1.7146e+00  13 5.53242e-02  
 18.5 1.7269e+00  13 5.59311e-02  
 18.6 1.7393e+00  13 5.65397e-02  
 18.7 1.7517e+00  13 5.71502e-02  
 18.8 1.7643e+00  13 5.77626e-02  
 18.9 1.7770e+00  13 5.83770e-02  
 19.0 1.7898e+00  13 5.89933e-02  
 19.1 1.8026e+00  13 5.96116e-02  
 19.2 1.8156e+00  13 6.02321e-02  
 19.3 1.8287e+00  13 6.08547e-02  
 19.4 1.8418e+00  13 6.14795e-02  
 19.5 1.8551e+00  13 6.21066e-02  
 19.6 1.8685e+00  13 6.27360e-02  
 19.7 1.8819e+00  13 6.33677e-02  
 19.8 1.8955e+00  13 6.40018e-02  
 19.9 1.9092e+00  13 6.46383e-02  
 20.0 1.9229e+00  13 6.52773e-02  
 20.1 1.7531e+01  14 1.00000e+00  
 20.2 1.7614e+01  14 1.00000e+00  
 20.3 1.7697e+01  14 1.00000e+00  
 20.4 1.7780e+01  14 1.00000e+00  
 20.5 1.7863e+01  14 1.00000e+00  
 20.6 1.7946e+01  14 1.00000e+00  
 20.7 1.8029e+01  14 1.00000e+00  
 20.8 1.8112e+01  14 1.00000e+00  
 20.9 1.8195e+01  14 1.00000e+00  
 21.0 1.8278e+01  14 1.00000e+00  
 21.1 1.8361e+01  14 1.00000e+00  
 21.2 1.8443e+01  14 1.00000e+00  
 21.3 1.8526e+01  14 1.00000e+00  
 21.4 1.8609e+01  14 1.00000e+00  
 21.5 1.8691e+01  14 1.00000e+00  
 21.6 1.8774e+01  14 1.00000e+00  
 21.7 1.8856e+01  14 1.00000e+00  
 21.8 1.8939e+01  14 1.00000e+00  
 21.9 1.9021e+01  14 1.00000e+00  
 22.0 1.9103e+01  14 1.00000e+00  
 22.1 1.9186e+01  14 1.00000e+00  
 22.2 1.9268e+01  14 1.00000e+00  
 22.3 1.9350e+01  14 1.00000e+00  
 22.4 1.9432e+01  14 1.00000e+00  
 22.5 1.9514e+01  14 1.00000e+00  
 22.6 1.9597e+01  14 1.00000e+00  
 22.7 1.9678e+01  14 1.00000e+00  
 22.8 1.9760e+01  14 1.00000e+00  
 22.9 5.5302e+00  14 2.44442e-01  
 23.0 5.6459e+00  14 2.49469e-01  
 23.1 5.7631e+00  14 2.54538e-01  
 23.2 5.8820e+00  14 2.59647e-01  
 23.3 6.0024e+00  14 2.64797e-01  
 23.4 6.1244e+00  14 2.69986e-01  
 23.5 6.2481e+00  14 2.75216e-01  
 23.6 6.3734e+00  14 2.80485e-01  
 23.7 6.5003e+00  14 2.85794e-01  
 23.8 6.6288e+00  14 2.91143e-01  
 23.9 6.7589e+00  14 2.96530e-01  
 24.0 6.8907e+00  14 3.01957e-01  
 24.1 7.0242e+00  14 3.07423e-01  
 24.2 7.1593e+00  14 3.12927e-01  
 24.3 7.2960e+00  14 3.18470e-01  
 24.4 7.4344e+00  14 3.24051e-01  
 24.5 7.5744e+00  14 3.29670e-01  
 24.6 7.7162e+00  14 3.35328e-01  
 24.7 7.8596e+00  14 3.41024e-01  
 24.8 8.0047e+00  14 3.46757e-01  
 24.9 8.1514e+00  14 3.52528e-01  
 25.0 8.2999e+00  14 3.58337e-01  
 25.1 8.4501e+00  14 3.64183e-01  
 25.2 8.6019e+00  14 3.70067e-01  
 25.3 8.7554e+00  14 3.75991e-01  
 25.4 8.9106e+00  14 3.81952e-01  
 25.5 9.0676e+00  14 3.87947e-01  
 25.6 9.2262e+00  14 3.93981e-01  
 25.7 9.3866e+00  14 4.00052e-01  
 25.8 9.5487e+00  14 4.06160e-01  
 25.9 9.7001e+00  14 4.12677e-01  
 26.0 9.8651e+00  14 4.18854e-01  
 26.1 1.0032e+01  14 4.25068e-01  
 26.2 1.0200e+01  14 4.31317e-01  
 26.3 1.0371e+01  14 4.37602e-01  
 26.4 1.0543e+01  14 4.43923e-01  
 26.5 1.0716e+01  14 4.50280e-01  
 26.6 1.0892e+01  14 4.56679e-01  
 26.7 1.1069e+01  14 4.63110e-01  
 26.8 1.1248e+01  14 4.69578e-01  
 26.9 1.1411e+01  14 4.76402e-01  
 27.0 1.1593e+01  14 4.82934e-01  
 27.1 1.1777e+01  14 4.89502e-01  
 27.2 1.1962e+01  14 4.96105e-01  
 27.3 1.2149e+01  14 5.02747e-01  
 27.4 1.2338e+01  14 5.09423e-01  
 27.5 1.2529e+01  14 5.16134e-01  
 27.6 1.2722e+01  14 5.22880e-01  
 27.7 1.2916e+01  14 5.29661e-01  
 27.8 1.3089e+01  14 5.36761e-01  
 27.9 1.3287e+01  14 5.43606e-01  
 28.0 1.3486e+01  14 5.50487e-01  
 28.1 1.3687e+01  14 5.57406e-01  
 28.2 1.3889e+01  14 5.64358e-01  
 28.3 1.4094e+01  14 5.71343e-01  
 28.4 1.4300e+01  14 5.78365e-01  
 28.5 1.4508e+01  14 5.85421e-01  
 28.6 1.4718e+01  14 5.92511e-01  
 28.7 1.4901e+01  14 5.99882e-01  
 28.8 1.5114e+01  14 6.07036e-01  
 28.9 1.5329e+01  14 6.14228e-01  
 29.0 1.5545e+01  14 6.21453e-01  
 29.1 1.5764e+01  14 6.28712e-01  
 29.2 1.5984e+01  14 6.36006e-01  
 29.3 1.6206e+01  14 6.43333e-01  
 29.4 1.6430e+01  14 6.50695e-01  
 29.5 1.6656e+01  14 6.58092e-01  
 29.6 1.6884e+01  14 6.65523e-01  
 29.7 1.7076e+01  14 6.73191e-01  
 29.8 1.7307e+01  14 6.80687e-01  
 29.9 1.7539e+01  14 6.88216e-01  
 30.0 1.7773e+01  14 6.95780e-01  
 30.1 1.8010e+01  14 7.03378e-01  
 30.2 1.8248e+01  14 7.11010e-01  
 30.3 1.8488e+01  14 7.18677e-01  
 30.4 1.8730e+01  14 7.26377e-01  
 30.5 1.8974e+01  14 7.34112e-01  
 30.6 1.9174e+01  14 7.42043e-01  
 30.7 1.9420e+01  14 7.49842e-01  
 30.8 1.9669e+01  14 7.57675e-01  
 30.9 1.9919e+01  14 7.65541e-01  
 31.0 2.0172e+01  14 7.73443e-01  
 31.1 2.0426e+01  14 7.81378e-01  
 31.2 2.0682e+01  14 7.89348e-01  
 31.3 2.0940e+01  14 7.97351e-01  
 31.4 2.1201e+01  14 8.05389e-01  
 31.5 2.1462e+01  14 8.13462e-01  
 31.6 2.1670e+01  14 8.21681e-01  
 31.7 2.1934e+01  14 8.29816e-01  
 31.8 2.2201e+01  14 8.37986e-01  
 31.9 2.2470e+01  14 8.46190e-01  
 32.0 2.2740e+01  14 8.54428e-01  
 32.1 2.3013e+01  14 8.62700e-01  
 32.2 2.3287e+01  14 8.71006e-01  
 32.3 2.3564e+01  14 8.79347e-01  
 32.4 2.3842e+01  14 8.87722e-01  
 32.5 2.4122e+01  14 8.96132e-01  
 32.6 2.4336e+01  14 9.04637e-01  
 32.7 2.4619e+01  14 9.13109e-01  
 32.8 2.4904e+01  14 9.21616e-01  
 32.9 2.5190e+01  14 9.30156e-01  
 33.0 2.5479e+01  14 9.38732e-01  
 33.1 2.5770e+01  14 9.47341e-01  
 33.2 2.6064e+01  14 9.55985e-01  
 33.3 2.6358e+01  14 9.64664e-01  
 33.4 2.6655e+01  14 9.73376e-01  
 33.5 2.6953e+01  14 9.82124e-01  
 33.6 2.7172e+01  14 9.90912e-01  
 33.7 2.7473e+01  14 9.99722e-01  
 33.8 2.7548e+01  14 1.00000e+00  
 33.9 2.7615e+01  14 1.00000e+00  
 34.0 2.7682e+01  14 1.00000e+00  
 34.1 2.7750e+01  14 1.00000e+00  
 34.2 2.7817e+01  14 1.00000e+00  
 34.3 2.7884e+01  14 1.00000e+00  
 34.4 2.7951e+01  14 1.00000e+00  
 34.5 2.8017e+01  14 1.00000e+00  
 34.6 2.7994e+01  14 1.00000e+00  
 34.7 2.8059e+01  14 1.00000e+00  
 34.8 2.7993e+01  14 1.00000e+00  
 34.9 2.8059e+01  14 1.00000e+00  
 35.0 2.8125e+01  14 1.00000e+00  
 35.1 2.8190e+01  14 1.00000e+00  
 35.2 2.8256e+01  14 1.00000e+00  
 35.3 2.8177e+01  14 1.00000e+00  
 35.4 2.8242e+01  14 1.00000e+00  
 35.5 2.8307e+01  14 1.00000e+00  
 35.6 2.8277e+01  14 1.00000e+00  
 35.7 2.8194e+01  14 1.00000e+00  
 35.8 2.8259e+01  14 1.00000e+00  
 35.9 2.8324e+01  14 1.00000e+00  
 36.0 2.8388e+01  14 1.00000e+00  
 36.1 2.8452e+01  14 1.00000e+00  
 36.2 2.7497e+01  14 1.00000e+00  
 36.3 2.6545e+01  14 1.00000e+00  
 36.4 2.3925e+01  14 1.00000e+00  
 36.5 2.1310e+01  14 1.00000e+00  
 36.6 1.9905e+01  14 1.00000e+00  
 36.7 1.7308e+01  14 1.00000e+00  
 36.8 1.6014e+01  14 1.00000e+00  
 36.9 1.3650e+01  14 1.00000e+00  
 37.0 1.3655e+01  14 1.00000e+00  
 37.1 1.3621e+01  14 1.00000e+00  
 37.2 1.3596e+01  14 1.00000e+00  
 37.3 1.3575e+01  14 1.00000e+00  
 37.4 1.3538e+01  14 1.00000e+00  
 37.5 1.3506e+01  14 1.00000e+00  
 37.6 1.3479e+01  14 1.00000e+00  
 37.7 1.3401e+01  14 1.00000e+00  
 37.8 1.3398e+01  14 1.00000e+00  
 37.9 1.3374e+01  14 1.00000e+00  
 38.0 1.3340e+01  14 1.00000e+00  
 38.1 1.3369e+01  14 1.00000e+00  
 38.2 1.3405e+01  14 1.00000e+00  
 38.3 1.3440e+01  14 1.00000e+00  
 38.4 1.3474e+01  14 1.00000e+00  
 38.5 1.3509e+01  14 1.00000e+00  
 38.6 1.3539e+01  14 1.00000e+00  
 38.7 1.3574e+01  14 1.00000e+00  
 38.8 1.3609e+01  14 1.00000e+00  
 38.9 1.3644e+01  14 1.00000e+00  
 39.0 1.3678e+01  14 1.00000e+00  
 39.1 1.3713e+01  14 1.00000e+00  
 39.2 1.3743e+01  14 1.00000e+00  
 39.3 1.3778e+01  14 1.00000e+00  
 39.4 1.3812e+01  14 1.00000e+00  
 39.5 1.3847e+01  14 1.00000e+00  
 39.6 1.3881e+01  14 1.00000e+00  
 39.7 1.3915e+01  14 1.00000e+00  
 39.8 1.3946e+01  14 1.00000e+00  
 39.9 1.3981e+01  14 1.00000e+00  
 40.0 1.4015e+01  14 1.00000e+00  
 40.1 1.4049e+01  14 1.00000e+00  
 40.2 1.4083e+01  14 1.00000e+00  
 40.3 1.4118e+01  14 1.00000e+00  
 40.4 1.4149e+01  14 1.00000e+00  
 40.5 1.4183e+01  14 1.00000e+00  
 40.6 1.4217e+01  14 1.00000e+00  
 40.7 1.4251e+01  14 1.00000e+00  
 40.8 1.4290e+01  14 1.00000e+00  
 40.9 1.4317e+01  14 1.00000e+00  
 41.0 1.4351e+01  14 1.00000e+00  
 41.1 1.4385e+01  14 1.00000e+00  
 41.2 1.4419e+01  14 1.00000e+00  
 41.3 1.4463e+01  14 1.00000e+00  
 41.4 1.4485e+01  14 1.00000e+00  
 41.5 1.4519e+01  14 1.00000e+00  
 41.6 1.4552e+01  14 1.00000e+00  
 41.7 1.4592e+01  14 1.00000e+00  
 41.8 1.4637e+01  14 1.00000e+00  
 41.9 1.4652e+01  14 1.00000e+00  
 42.0 1.4686e+01  14 1.00000e+00  
 42.1 1.4722e+01  14 1.00000e+00  
 42.2 1.4767e+01  14 1.00000e+00  
 42.3 1.4811e+01  14 1.00000e+00  
 42.4 1.4819e+01  14 1.00000e+00  
 42.5 1.4853e+01  14 1.00000e+00  
 42.6 1.4896e+01  14 1.00000e+00  
 42.7 1.4918e+01  14 1.00000e+00  
 42.8 1.4952e+01  14 1.00000e+00  
 42.9 1.4986e+01  14 1.00000e+00  
 43.0 1.5026e+01  14 1.00000e+00  
 43.1 1.5051e+01  14 1.00000e+00  
 43.2 1.5085e+01  14 1.00000e+00  
 43.3 1.5118e+01  14 1.00000e+00  
 43.4 1.5150e+01  14 1.00000e+00  
 43.5 1.5184e+01  14 1.00000e+00  
 43.6 1.5214e+01  14 1.00000e+00  
 43.7 1.5248e+01  14 1.00000e+00  
 43.8 1.5277e+01  14 1.00000e+00  
 43.9 1.5300e+01  14 1.00000e+00  
 44.0 1.5187e+01  14 1.00000e+00  
 44.1 1.5205e+01  14 1.00000e+00  
 44.2 1.5219e+01  14 1.00000e+00  
 44.3 1.5255e+01  14 1.00000e+00  
 44.4 1.5294e+01  14 1.00000e+00  
 44.5 1.5329e+01  14 1.00000e+00  
 44.6 1.5364e+01  14 1.00000e+00  
 44.7 1.5398e+01  14 1.00000e+00  
 44.8 1.5432e+01  14 1.00000e+00  
 44.9 1.5466e+01  14 1.00000e+00  
 45.0 1.5500e+01  14 1.00000e+00  
 45.1 1.5524e+01  14 1.00000e+00  
 45.2 1.5557e+01  14 1.00000e+00  
 45.3 1.5589e+01  14 1.00000e+00  
 45.4 1.5625e+01  14 1.00000e+00  
 45.5 1.5671e+01  14 1.00000e+00  
 45.6 1.5842e+01  14 1.00000e+00  
 45.7 1.5878e+01  14 1.00000e+00  
 45.8 1.5915e+01  14 1.00000e+00  
 45.9 1.5952e+01  14 1.00000e+00  
 46.0 1.5985e+01  14 1.00000e+00  
 46.1 1.6019e+01  14 1.00000e+00  
 46.2 1.6052e+01  14 1.00000e+00  
 46.3 1.6086e+01  14 1.00000e+00  
 46.4 1.6120e+01  14 1.00000e+00  
 46.5 1.6153e+01  14 1.00000e+00  
 46.6 1.6186e+01  14 1.00000e+00  
 46.7 1.6218e+01  14 1.00000e+00  
 46.8 1.6257e+01  14 1.00000e+00  
 46.9 1.6302e+01  14 1.00000e+00  
 47.0 1.6348e+01  14 1.00000e+00  
 47.1 1.6393e+01  14 1.00000e+00  
 47.2 1.6551e+01  14 1.00000e+00  
 47.3 1.6590e+01  14 1.00000e+00  
 47.4 1.6625e+01  14 1.00000e+00  
 47.5 1.6659e+01  14 1.00000e+00  
 47.6 1.6693e+01  14 1.00000e+00  
 47.7 1.6727e+01  14 1.00000e+00  
 47.8 1.6761e+01  14 1.00000e+00  
 47.9 1.6784e+01  14 1.00000e+00  
 48.0 1.6817e+01  14 1.00000e+00  
 48.1 1.6850e+01  14 1.00000e+00  
 48.2 1.6890e+01  14 1.00000e+00  
 48.3 1.6936e+01  14 1.00000e+00  
 48.4 1.6982e+01  14 1.00000e+00  
 48.5 1.7028e+01  14 1.00000e+00  
 48.6 1.7092e+01  14 1.00000e+00  
 48.7 1.7229e+01  14 1.00000e+00  
 48.8 1.7266e+01  14 1.00000e+00  
 48.9 1.7301e+01  14 1.00000e+00  
 49.0 1.7335e+01  14 1.00000e+00  
 49.1 1.7370e+01  14 1.00000e+00  
 49.2 1.7404e+01  14 1.00000e+00  
 49.3 1.7439e+01  14 1.00000e+00  
 49.4 1.7472e+01  14 1.00000e+00  
 49.5 1.7506e+01  14 1.00000e+00  
 49.6 1.7539e+01  14 1.00000e+00  
 49.7 1.7573e+01  14 1.00000e+00  
 49.8 1.7619e+01  14 1.00000e+00  
 49.9 1.7665e+01  14 1.00000e+00  
 50.0 1.7711e+01  14 1.00000e+00  
 50.1 1.7757e+01  14 1.00000e+00  
 50.2 1.7831e+01  14 1.00000e+00  
 50.3 1.7888e+01  14 1.00000e+00  
 50.4 1.7998e+01  14 1.00000e+00  
 50.5 1.8036e+01  14 1.00000e+00  
 50.6 1.8071e+01  14 1.00000e+00  
 50.7 1.8105e+01  14 1.00000e+00  
 50.8 1.8140e+01  14 1.00000e+00  
 50.9 1.8165e+01  14 1.00000e+00  
 51.0 1.8199e+01  14 1.00000e+00  
 51.1 1.8233e+01  14 1.00000e+00  
 51.2 1.8266e+01  14 1.00000e+00  
 51.3 1.8304e+01  14 1.00000e+00  
 51.4 1.8350e+01  14 1.00000e+00  
 51.5 1.8396e+01  14 1.00000e+00  
 51.6 1.8474e+01  14 1.00000e+00  
 51.7 1.8532e+01  14 1.00000e+00  
 51.8 1.8585e+01  14 1.00000e+00  
 51.9 1.8634e+01  14 1.00000e+00  
 52.0 1.8679e+01  14 1.00000e+00  
 52.1 1.8776e+01  14 1.00000e+00  
 52.2 1.8812e+01  14 1.00000e+00  
 52.3 1.8847e+01  14 1.00000e+00  
 52.4 1.8882e+01  14 1.00000e+00  
 52.5 1.8917e+01  14 1.00000e+00  
 52.6 1.8952e+01  14 1.00000e+00  
 52.7 1.8985e+01  14 1.00000e+00  
 52.8 1.9019e+01  14 1.00000e+00  
 52.9 1.9052e+01  14 1.00000e+00  
 53.0 1.9087e+01  14 1.00000e+00  
 53.1 1.9132e+01  14 1.00000e+00  
 53.2 1.9178e+01  14 1.00000e+00  
 53.3 1.9246e+01  14 1.00000e+00  
 53.4 1.9308e+01  14 1.00000e+00  
 53.5 1.9365e+01  14 1.00000e+00  
 53.6 1.9417e+01  14 1.00000e+00  
 53.7 1.9466e+01  14 1.00000e+00  
 53.8 1.9511e+01  14 1.00000e+00  
 53.9 1.9613e+01  14 1.00000e+00  
 54.0 1.9647e+01  14 1.00000e+00  
 54.1 1.9682e+01  14 1.00000e+00  
 54.2 1.9718e+01  14 1.00000e+00  
 54.3 1.9754e+01  14 1.00000e+00  
 54.4 1.9789e+01  14 1.00000e+00  
 54.5 1.9824e+01  14 1.00000e+00  
 54.6 1.9858e+01  14 1.00000e+00  
 54.7 1.9892e+01  14 1.00000e+00  
 54.8 1.9925e+01  14 1.00000e+00  
 54.9 1.9963e+01  14 1.00000e+00  
 55.0 2.0010e+01  14 1.00000e+00  
 55.1 2.0057e+01  14 1.00000e+00  
 55.2 2.0136e+01  14 1.00000e+00  
 55.3 2.0195e+01  14 1.00000e+00  
 55.4 2.0249e+01  14 1.00000e+00  
 55.5 2.0299e+01  14 1.00000e+00  
 55.6 2.0347e+01  14 1.00000e+00  
 55.7 2.0457e+01  14 1.00000e+00  
 55.8 2.0500e+01  14 1.00000e+00  
 55.9 2.0546e+01  14 1.00000e+00  
 56.0 2.0581e+01  14 1.00000e+00  
 56.1 2.0625e+01  14 1.00000e+00  
 56.2 2.0662e+01  14 1.00000e+00  
 56.3 2.0709e+01  14 1.00000e+00  
 56.4 2.0743e+01  14 1.00000e+00  
 56.5 2.0792e+01  14 1.00000e+00  
 56.6 2.0845e+01  14 1.00000e+00  
 56.7 2.0875e+01  14 1.00000e+00  
 56.8 2.0929e+01  14 1.00000e+00  
 56.9 2.0959e+01  14 1.00000e+00  
 57.0 2.1014e+01  14 1.00000e+00  
 57.1 2.1069e+01  14 1.00000e+00  
 57.2 2.1097e+01  14 1.00000e+00  
 57.3 2.1154e+01  14 1.00000e+00  
 57.4 2.1210e+01  14 1.00000e+00  
 57.5 2.1236e+01  14 1.00000e+00  
 57.6 2.1295e+01  14 1.00000e+00  
 57.7 2.1354e+01  14 1.00000e+00  
 57.8 2.1375e+01  14 1.00000e+00  
 57.9 2.1438e+01  14 1.00000e+00  
 58.0 2.1499e+01  14 1.00000e+00  
 58.1 2.1518e+01  14 1.00000e+00  
 58.2 2.1580e+01  14 1.00000e+00  
 58.3 2.1643e+01  14 1.00000e+00  
 58.4 2.1709e+01  14 1.00000e+00  
 58.5 2.1711e+01  14 1.00000e+00  
 58.6 2.1776e+01  14 1.00000e+00  
 58.7 2.1844e+01  14 1.00000e+00  
 58.8 2.1851e+01  14 1.00000e+00  
 58.9 2.1918e+01  14 1.00000e+00  
 59.0 2.1984e+01  14 1.00000e+00  
 59.1 2.2052e+01  14 1.00000e+00  
 59.2 2.2056e+01  14 1.00000e+00  
 59.3 2.2123e+01  14 1.00000e+00  
 59.4 2.2193e+01  14 1.00000e+00  
 59.5 2.2167e+01  14 1.00000e+00  
 59.6 2.2260e+01  14 1.00000e+00  
 59.7 2.2329e+01  14 1.00000e+00  
 59.8 2.2307e+01  14 1.00000e+00  
 59.9 2.2426e+01  14 1.00000e+00  
 60.0 2.2463e+01  14 1.00000e+00  
 60.1 2.2446e+01  14 1.00000e+00  
 60.2 2.2492e+01  14 1.00000e+00  
 60.3 2.2521e+01  14 1.00000e+00  
 60.4 2.2661e+01  14 1.00000e+00  
 60.5 2.2635e+01  14 1.00000e+00  
 60.6 2.2675e+01  14 1.00000e+00  
 60.7 2.2691e+01  14 1.00000e+00  
 60.8 2.2855e+01  14 1.00000e+00  
 60.9 2.2822e+01  14 1.00000e+00  
 61.0 2.2855e+01  14 1.00000e+00  
 61.1 2.2858e+01  14 1.00000e+00  
 61.2 2.2904e+01  14 1.00000e+00  
 61.3 2.3009e+01  14 1.00000e+00  
 61.4 2.3040e+01  14 1.00000e+00  
 61.5 2.3045e+01  14 1.00000e+00  
 61.6 2.3092e+01  14 1.00000e+00  
 61.7 2.3197e+01  14 1.00000e+00  
 61.8 2.3230e+01  14 1.00000e+00  
 61.9 2.3234e+01  14 1.00000e+00  
 62.0 2.3280e+01  14 1.00000e+00  
 62.1 2.3327e+01  14 1.00000e+00  
 62.2 2.3423e+01  14 1.00000e+00  
 62.3 2.3422e+01  14 1.00000e+00  
 62.4 2.3468e+01  14 1.00000e+00  
 62.5 2.3515e+01  14 1.00000e+00  
 62.6 2.3567e+01  14 1.00000e+00  
 62.7 2.3647e+01  14 1.00000e+00  
 62.8 2.3657e+01  14 1.00000e+00  
 62.9 2.3703e+01  14 1.00000e+00  
 63.0 2.3750e+01  14 1.00000e+00  
 63.1 2.3814e+01  14 1.00000e+00  
 63.2 2.3893e+01  14 1.00000e+00  
 63.3 2.3892e+01  14 1.00000e+00  
 63.4 2.3939e+01  14 1.00000e+00  
 63.5 2.3986e+01  14 1.00000e+00  
 63.6 2.4055e+01  14 1.00000e+00  
 63.7 2.4133e+01  14 1.00000e+00  
 63.8 2.4207e+01  14 1.00000e+00  
 63.9 2.4175e+01  14 1.00000e+00  
 64.0 2.4221e+01  14 1.00000e+00  
 64.1 2.4281e+01  14 1.00000e+00  
 64.2 2.4361e+01  14 1.00000e+00  
 64.3 2.4436e+01  14 1.00000e+00  
 64.4 2.4509e+01  14 1.00000e+00  
 64.5 2.4458e+01  14 1.00000e+00  
 64.6 2.4505e+01  14 1.00000e+00  
 64.7 2.4582e+01  14 1.00000e+00  
 64.8 2.4656e+01  14 1.00000e+00  
 64.9 2.4731e+01  14 1.00000e+00  
 65.0 2.4803e+01  14 1.00000e+00  
 65.1 2.4877e+01  14 1.00000e+00  
 65.2 2.4797e+01  14 1.00000e+00  
 65.3 2.4876e+01  14 1.00000e+00  
 65.4 2.4946e+01  14 1.00000e+00  
 65.5 2.5021e+01  14 1.00000e+00  
 65.6 2.5093e+01  14 1.00000e+00  
 65.7 2.5055e+01  14 1.00000e+00  
 65.8 2.5093e+01  14 1.00000e+00  
 65.9 2.5156e+01  14 1.00000e+00  
 66.0 2.5227e+01  14 1.00000e+00  
 66.1 2.5299e+01  14 1.00000e+00  
 66.2 2.5374e+01  14 1.00000e+00  
 66.3 2.5325e+01  14 1.00000e+00  
 66.4 2.5357e+01  14 1.00000e+00  
 66.5 2.5354e+01  14 1.00000e+00  
 66.6 2.5490e+01  14 1.00000e+00  
 66.7 2.5560e+01  14 1.00000e+00  
 66.8 2.5632e+01  14 1.00000e+00  
 66.9 2.5593e+01  14 1.00000e+00  
 67.0 2.5636e+01  14 1.00000e+00  
 67.1 2.5656e+01  14 1.00000e+00  
 67.2 2.5666e+01  14 1.00000e+00  
 67.3 2.5710e+01  14 1.00000e+00  
 67.4 2.5891e+01  14 1.00000e+00  
 67.5 2.5964e+01  14 1.00000e+00  
 67.6 2.5908e+01  14 1.00000e+00  
 67.7 2.5944e+01  14 1.00000e+00  
 67.8 2.5935e+01  14 1.00000e+00  
 67.9 2.5980e+01  14 1.00000e+00  
 68.0 2.6024e+01  14 1.00000e+00  
 68.1 2.6071e+01  14 1.00000e+00  
 68.2 2.6281e+01  14 1.00000e+00  
 68.3 2.6228e+01  14 1.00000e+00  
 68.4 2.6265e+01  14 1.00000e+00  
 68.5 2.6252e+01  14 1.00000e+00  
 68.6 2.6294e+01  14 1.00000e+00  
 68.7 2.6339e+01  14 1.00000e+00  
 68.8 2.6383e+01  14 1.00000e+00  
 68.9 2.6455e+01  14 1.00000e+00  
 69.0 2.6527e+01  14 1.00000e+00  
 69.1 2.6591e+01  14 1.00000e+00  
 69.2 2.6622e+01  14 1.00000e+00  
 69.3 2.6611e+01  14 1.00000e+00  
 69.4 2.6655e+01  14 1.00000e+00  
 69.5 2.6699e+01  14 1.00000e+00  
 69.6 2.6747e+01  14 1.00000e+00  
 69.7 2.6823e+01  14 1.00000e+00  
 69.8 2.6895e+01  14 1.00000e+00  
 69.9 2.6966e+01  14 1.00000e+00  
 70.0 2.6954e+01  14 1.00000e+00  
 70.1 2.6986e+01  14 1.00000e+00  
 70.2 2.7017e+01  14 1.00000e+00  
 70.3 2.7062e+01  14 1.00000e+00  
 70.4 2.7106e+01  14 1.00000e+00  
 70.5 2.7167e+01  14 1.00000e+00  
 70.6 2.7243e+01  14 1.00000e+00  
 70.7 2.7311e+01  14 1.00000e+00  
 70.8 2.7383e+01  14 1.00000e+00  
 70.9 2.7450e+01  14 1.00000e+00  
 71.0 2.7479e+01  14 1.00000e+00  
 71.1 2.7430e+01  14 1.00000e+00  
 71.2 2.7470e+01  14 1.00000e+00  
 71.3 2.7515e+01  14 1.00000e+00  
 71.4 2.7561e+01  14 1.00000e+00  
 71.5 2.7633e+01  14 1.00000e+00  
 71.6 2.7706e+01  14 1.00000e+00  
 71.7 2.7776e+01  14 1.00000e+00  
 71.8 2.7843e+01  14 1.00000e+00  
 71.9 2.7910e+01  14 1.00000e+00  
 72.0 2.7977e+01  14 1.00000e+00  
 72.1 2.7975e+01  14 1.00000e+00  
 72.2 2.7926e+01  14 1.00000e+00  
 72.3 2.7971e+01  14 1.00000e+00  
 72.4 2.8016e+01  14 1.00000e+00  
 72.5 2.8081e+01  14 1.00000e+00  
 72.6 2.8155e+01  14 1.00000e+00  
 72.7 2.8225e+01  14 1.00000e+00  
 72.8 2.8291e+01  14 1.00000e+00  
 72.9 2.8357e+01  14 1.00000e+00  
 73.0 2.8422e+01  14 1.00000e+00  
 73.1 2.8488e+01  14 1.00000e+00  
 73.2 2.8554e+01  14 1.00000e+00  
 73.3 2.8492e+01  14 1.00000e+00  
 73.4 2.8475e+01  14 1.00000e+00  
 73.5 2.8520e+01  14 1.00000e+00  
 73.6 2.8572e+01  14 1.00000e+00  
 73.7 2.8645e+01  14 1.00000e+00  
 73.8 2.8715e+01  14 1.00000e+00  
 73.9 2.8784e+01  14 1.00000e+00  
 74.0 2.8851e+01  14 1.00000e+00  
 74.1 2.8917e+01  14 1.00000e+00  
 74.2 2.8979e+01  14 1.00000e+00  
 74.3 2.9042e+01  14 1.00000e+00  
 74.4 2.9109e+01  14 1.00000e+00  
 74.5 2.9075e+01  14 1.00000e+00  
 74.6 2.9037e+01  14 1.00000e+00  
 74.7 2.9073e+01  14 1.00000e+00  
 74.8 2.9119e+01  14 1.00000e+00  
 74.9 2.9173e+01  14 1.00000e+00  
 75.0 2.9245e+01  14 1.00000e+00  
 75.1 2.9315e+01  14 1.00000e+00  
 75.2 2.9379e+01  14 1.00000e+00  
 75.3 2.9446e+01  14 1.00000e+00  
 75.4 2.9515e+01  14 1.00000e+00  
 75.5 2.9577e+01  14 1.00000e+00  
 75.6 2.9640e+01  14 1.00000e+00  
 75.7 2.9703e+01  14 1.00000e+00  
 75.8 2.9764e+01  14 1.00000e+00  
 75.9 2.9725e+01  14 1.00000e+00  
 76.0 2.9673e+01  14 1.00000e+00  
 76.1 2.9720e+01  14 1.00000e+00  
 76.2 2.9766e+01  14 1.00000e+00  
 76.3 2.9812e+01  14 1.00000e+00  
 76.4 2.9865e+01  14 1.00000e+00  
 76.5 2.9938e+01  14 1.00000e+00  
 76.6 3.0008e+01  14 1.00000e+00  
 76.7 3.0074e+01  14 1.00000e+00  
 76.8 3.0135e+01  14 1.00000e+00  
 76.9 3.0200e+01  14 1.00000e+00  
 77.0 3.0266e+01  14 1.00000e+00  
 77.1 3.0328e+01  14 1.00000e+00  
 77.2 3.0388e+01  14 1.00000e+00  
 77.3 3.0454e+01  14 1.00000e+00  
 77.4 3.0520e+01  14 1.00000e+00  
 77.5 3.0448e+01  14 1.00000e+00  
 77.6 3.0460e+01  14 1.00000e+00  
 77.7 3.0481e+01  14 1.00000e+00  
 77.8 3.0512e+01  14 1.00000e+00  
 77.9 3.0558e+01  14 1.00000e+00  
 78.0 3.0604e+01  14 1.00000e+00  
 78.1 3.0660e+01  14 1.00000e+00  
 78.2 3.0726e+01  14 1.00000e+00  
 78.3 3.0794e+01  14 1.00000e+00  
 78.4 3.0856e+01  14 1.00000e+00  
 78.5 3.0920e+01  14 1.00000e+00  
 78.6 3.0987e+01  14 1.00000e+00  
 78.7 3.1049e+01  14 1.00000e+00  
 78.8 3.1112e+01  14 1.00000e+00  
 78.9 3.1175e+01  14 1.00000e+00  
 79.0 3.1234e+01  14 1.00000e+00  
 79.1 3.1202e+01  14 1.00000e+00  
 79.2 3.1281e+01  14 1.00000e+00  
 79.3 3.1320e+01  14 1.00000e+00  
 79.4 3.1334e+01  14 1.00000e+00  
 79.5 3.1372e+01  14 1.00000e+00  
 79.6 3.1404e+01  14 1.00000e+00  
 79.7 3.1427e+01  14 1.00000e+00  
 79.8 3.1451e+01  14 1.00000e+00  
 79.9 3.1497e+01  14 1.00000e+00  
 80.0 3.1543e+01  14 1.00000e+00  
 80.1 3.1597e+01  14 1.00000e+00  
 80.2 3.1660e+01  14 1.00000e+00  
 80.3 3.1726e+01  14 1.00000e+00  
 80.4 3.1791e+01  14 1.00000e+00  
 80.5 3.1850e+01  14 1.00000e+00  
 80.6 3.1912e+01  14 1.00000e+00  
 80.7 3.1972e+01  14 1.00000e+00  
 80.8 3.1924e+01  14 1.00000e+00  
 80.9 3.2167e+01  14 1.00000e+00  
 81.0 3.2132e+01  14 1.00000e+00  
 81.1 3.2184e+01  14 1.00000e+00  
 81.2 3.2235e+01  14 1.00000e+00  
 81.3 3.2285e+01  14 1.00000e+00  
 81.4 3.2334e+01  14 1.00000e+00  
 81.5 3.2375e+01  14 1.00000e+00  
 81.6 3.2426e+01  14 1.00000e+00  
 81.7 3.2467e+01  14 1.00000e+00  
 81.8 3.2482e+01  14 1.00000e+00  
 81.9 3.2527e+01  14 1.00000e+00  
 82.0 3.2560e+01  14 1.00000e+00  
 82.1 3.2599e+01  14 1.00000e+00  
 82.2 3.2627e+01  14 1.00000e+00  
 82.3 3.2651e+01  14 1.00000e+00  
 82.4 3.2680e+01  14 1.00000e+00  
 82.5 3.2727e+01  14 1.00000e+00  
 82.6 3.2776e+01  14 1.00000e+00  
 82.7 3.2833e+01  14 1.00000e+00  
 82.8 3.2898e+01  14 1.00000e+00  
 82.9 3.2918e+01  14 1.00000e+00  
 83.0 3.3104e+01  14 1.00000e+00  
 83.1 3.3158e+01  14 1.00000e+00  
 83.2 3.3215e+01  14 1.00000e+00  
 83.3 3.3271e+01  14 1.00000e+00  
 83.4 3.3331e+01  14 1.00000e+00  
 83.5 3.3384e+01  14 1.00000e+00  
 83.6 3.3445e+01  14 1.00000e+00  
 83.7 3.3501e+01  14 1.00000e+00  
 83.8 3.3554e+01  14 1.00000e+00  
 83.9 3.3518e+01  14 1.00000e+00  
 84.0 3.3578e+01  14 1.00000e+00  
 84.1 3.3627e+01  14 1.00000e+00  
 84.2 3.3681e+01  14 1.00000e+00  
 84.3 3.3727e+01  14 1.00000e+00  
 84.4 3.3777e+01  14 1.00000e+00  
 84.5 3.3822e+01  14 1.00000e+00  
 84.6 3.3873e+01  14 1.00000e+00  
 84.7 3.3921e+01  14 1.00000e+00  
 84.8 3.3962e+01  14 1.00000e+00  
 84.9 3.3979e+01  14 1.00000e+00  
 85.0 3.4032e+01  14 1.00000e+00  
 85.1 3.4109e+01  14 1.00000e+00  
 85.2 3.4166e+01  14 1.00000e+00  
 85.3 3.4218e+01  14 1.00000e+00  
 85.4 3.4126e+01  14 1.00000e+00  
 85.5 3.4186e+01  14 1.00000e+00  
 85.6 3.4248e+01  14 1.00000e+00  
 85.7 3.4309e+01  14 1.00000e+00  
 85.8 3.4370e+01  14 1.00000e+00  
 85.9 3.4429e+01  14 1.00000e+00  
 86.0 3.4480e+01  14 1.00000e+00  
 86.1 3.4546e+01  14 1.00000e+00  
 86.2 3.4594e+01  14 1.00000e+00  
 86.3 3.4660e+01  14 1.00000e+00  
 86.4 3.4709e+01  14 1.00000e+00  
 86.5 3.4770e+01  14 1.00000e+00  
 86.6 3.4824e+01  14 1.00000e+00  
 86.7 3.4880e+01  14 1.00000e+00  
 86.8 3.4936e+01  14 1.00000e+00  
 86.9 3.4990e+01  14 1.00000e+00  
 87.0 3.5046e+01  14 1.00000e+00  
 87.1 3.5103e+01  14 1.00000e+00  
 87.2 3.5161e+01  14 1.00000e+00  
 87.3 3.5217e+01  14 1.00000e+00  
 87.4 3.5272e+01  14 1.00000e+00  
 87.5 3.5328e+01  14 1.00000e+00  
 87.6 3.5332e+01  14 1.00000e+00  
 87.7 3.5232e+01  14 1.00000e+00  
 87.8 3.5436e+01  14 1.00000e+00  
 87.9 3.5483e+01  14 1.00000e+00  
 88.0 3.5532e+01  14 1.00000e+00  
 88.1 3.5583e+01  14 1.00000e+00  
 88.2 3.5633e+01  14 1.00000e+00  
 88.3 3.5683e+01  14 1.00000e+00  
 88.4 3.5731e+01  14 1.00000e+00  
 88.5 3.5778e+01  14 1.00000e+00  
 88.6 3.5825e+01  14 1.00000e+00  
 88.7 3.5876e+01  14 1.00000e+00  
 88.8 3.5926e+01  14 1.00000e+00  
 88.9 3.5968e+01  14 1.00000e+00  
 89.0 3.5997e+01  14 1.00000e+00  
 89.1 3.6041e+01  14 1.00000e+00  
 89.2 3.6088e+01  14 1.00000e+00  
 89.3 3.6139e+01  14 1.00000e+00  
 89.4 3.6183e+01  14 1.00000e+00  
 89.5 3.6219e+01  14 1.00000e+00  
 89.6 3.6274e+01  14 1.00000e+00  
 89.7 3.6314e+01  14 1.00000e+00  
 89.8 3.6357e+01  14 1.00000e+00  
 89.9 3.6403e+01  14 1.00000e+00  
 90.0 3.6441e+01  14 1.00000e+00  
 90.1 3.6482e+01  14 1.00000e+00  
 90.2 3.6526e+01  14 1.00000e+00  
 90.3 3.6565e+01  14 1.00000e+00  
 90.4 3.6602e+01  14 1.00000e+00  
 90.5 3.6638e+01  14 1.00000e+00  
 90.6 3.6673e+01  14 1.00000e+00  
 90.7 3.6708e+01  14 1.00000e+00  
 90.8 3.6770e+01  14 1.00000e+00  
 90.9 3.6875e+01  14 1.00000e+00  
 91.0 3.6972e+01  14 1.00000e+00  
 91.1 3.7063e+01  14 1.00000e+00  
 91.2 3.7094e+01  14 1.00000e+00  
 91.3 3.7089e+01  14 1.00000e+00  
 91.4 3.7146e+01  14 1.00000e+00  
 91.5 3.7196e+01  14 1.00000e+00  
 91.6 3.7248e+01  14 1.00000e+00  
 91.7 3.7307e+01  14 1.00000e+00  
 91.8 3.7361e+01  14 1.00000e+00  
 91.9 3.7406e+01  14 1.00000e+00  
 92.0 3.7468e+01  14 1.00000e+00  
 92.1 3.7524e+01  14 1.00000e+00  
 92.2 3.7565e+01  14 1.00000e+00  
 92.3 3.7628e+01  14 1.00000e+00  
 92.4 3.7677e+01  14 1.00000e+00  
 92.5 3.7732e+01  14 1.00000e+00  
 92.6 3.7776e+01  14 1.00000e+00  
 92.7 3.7839e+01  14 1.00000e+00  
 92.8 3.7890e+01  14 1.00000e+00  
 92.9 3.7940e+01  14 1.00000e+00  
 93.0 3.8000e+01  14 1.00000e+00  
 93.1 3.8048e+01  14 1.00000e+00  
 93.2 3.8098e+01  14 1.00000e+00  
 93.3 3.8164e+01  14 1.00000e+00  
 93.4 3.8208e+01  14 1.00000e+00  
 93.5 3.8249e+01  14 1.00000e+00  
 93.6 3.8298e+01  14 1.00000e+00  
 93.7 3.8347e+01  14 1.00000e+00  
 93.8 3.8396e+01  14 1.00000e+00  
 93.9 3.8445e+01  14 1.00000e+00  
 94.0 3.8478e+01  14 1.00000e+00  
 94.1 3.8466e+01  14 1.00000e+00  
 94.2 3.8545e+01  14 1.00000e+00  
 94.3 3.8639e+01  14 1.00000e+00  
 94.4 3.8717e+01  14 1.00000e+00  
 94.5 3.8766e+01  14 1.00000e+00  
 94.6 3.8815e+01  14 1.00000e+00  
 94.7 3.8865e+01  14 1.00000e+00  
 94.8 3.8913e+01  14 1.00000e+00  
 94.9 3.8962e+01  14 1.00000e+00  
 95.0 3.8958e+01  14 1.00000e+00  
 95.1 3.9006e+01  14 1.00000e+00  
 95.2 3.9055e+01  14 1.00000e+00  
 95.3 3.9103e+01  14 1.00000e+00  
 95.4 3.9151e+01  14 1.00000e+00  
 95.5 3.9200e+01  14 1.00000e+00  
 95.6 3.9248e+01  14 1.00000e+00  
 95.7 3.9297e+01  14 1.00000e+00  
 95.8 3.9346e+01  14 1.00000e+00  
 95.9 3.9394e+01  14 1.00000e+00  
 96.0 3.9443e+01  14 1.00000e+00  
 96.1 3.9534e+01  14 1.00000e+00  
 96.2 3.9519e+01  14 1.00000e+00  
 96.3 3.9593e+01  14 1.00000e+00  
 96.4 3.9644e+01  14 1.00000e+00  
 96.5 3.9694e+01  14 1.00000e+00  
 96.6 3.9744e+01  14 1.00000e+00  
 96.7 3.9793e+01  14 1.00000e+00  
 96.8 3.9850e+01  14 1.00000e+00  
 96.9 3.9879e+01  14 1.00000e+00  
 97.0 3.9970e+01  14 1.00000e+00  
 97.1 4.0001e+01  14 1.00000e+00  
 97.2 4.0032e+01  14 1.00000e+00  
 97.3 4.0064e+01  14 1.00000e+00  
 97.4 4.0158e+01  14 1.00000e+00  
 97.5 4.0192e+01  14 1.00000e+00  
 97.6 4.0228e+01  14 1.00000e+00  
 97.7 4.0264e+01  14 1.00000e+00  
 97.8 4.0302e+01  14 1.00000e+00  
 97.9 4.0400e+01  14 1.00000e+00  
 98.0 4.0440e+01  14 1.00000e+00  
 98.1 4.0528e+01  14 1.00000e+00  
 98.2 4.0617e+01  14 1.00000e+00  
 98.3 4.0707e+01  14 1.00000e+00  
 98.4 4.0796e+01  14 1.00000e+00  
 98.5 4.0886e+01  14 1.00000e+00  
 98.6 4.0975e+01  14 1.00000e+00  
 98.7 4.1065e+01  14 1.00000e+00  
 98.8 4.1154e+01  14 1.00000e+00  
 98.9 4.1238e+01  14 1.00000e+00  
 99.0 4.1333e+01  14 1.00000e+00  
 99.1 4.1423e+01  14 1.00000e+00  
 99.2 4.1512e+01  14 1.00000e+00  
 99.3 4.1602e+01  14 1.00000e+00  
 99.4 4.1692e+01  14 1.00000e+00  
 99.5 4.1782e+01  14 1.00000e+00  
 99.6 4.1871e+01  14 1.00000e+00  
 99.7 4.1961e+01  14 1.00000e+00  
 99.8 4.2051e+01  14 1.00000e+00  
 99.9 4.2141e+01  14 1.00000e+00  
100.0 4.2231e+01  14 1.00000e+00  
100.1 4.2321e+01  14 1.00000e+00  
100.2 4.2411e+01  14 1.00000e+00  
100.3 4.2501e+01  14 1.00000e+00  
100.4 4.2591e+01  14 1.00000e+00  
100.5 4.2681e+01  14 1.00000e+00  
100.6 4.2771e+01  14 1.00000e+00  
100.7 4.2861e+01  14 1.00000e+00  
100.8 4.2951e+01  14 1.00000e+00  
100.9 4.3042e+01  14 1.00000e+00  
101.0 4.3132e+01  14 1.00000e+00  
101.1 4.3222e+01  14 1.00000e+00  
101.2 4.3312e+01  14 1.00000e+00  
101.3 4.3402e+01  14 1.00000e+00  
101.4 4.3492e+01  14 1.00000e+00  
101.5 4.3583e+01  14 1.00000e+00  
101.6 4.3673e+01  14 1.00000e+00  
101.7 4.3763e+01  14 1.00000e+00  
101.8 4.3853e+01  14 1.00000e+00  
101.9 4.3944e+01  14 1.00000e+00  
102.0 4.4034e+01  14 1.00000e+00  
102.1 4.4124e+01  14 1.00000e+00  
102.2 4.4215e+01  14 1.00000e+00  
102.3 4.4305e+01  14 1.00000e+00  
102.4 4.4395e+01  14 1.00000e+00  
102.5 4.4486e+01  14 1.00000e+00  
102.6 4.4576e+01  14 1.00000e+00  
102.7 4.4667e+01  14 1.00000e+00  
102.8 4.4757e+01  14 1.00000e+00  
102.9 4.4847e+01  14 1.00000e+00  
103.0 4.4938e+01  14 1.00000e+00  
103.1 4.5028e+01  14 1.00000e+00  
103.2 4.5119e+01  14 1.00000e+00  
103.3 4.5209e+01  14 1.00000e+00  
103.4 4.5300e+01  14 1.00000e+00  
103.5 4.5390e+01  14 1.00000e+00  
103.6 4.5481e+01  14 1.00000e+00  
103.7 4.5571e+01  14 1.00000e+00  
103.8 4.5662e+01  14 1.00000e+00  
103.9 4.5752e+01  14 1.00000e+00  
104.0 4.5843e+01  14 1.00000e+00  
104.1 4.5934e+01  14 1.00000e+00  
104.2 4.6024e+01  14 1.00000e+00  
104.3 4.6115e+01  14 1.00000e+00  
104.4 4.6205e+01  14 1.00000e+00  
104.5 4.6296e+01  14 1.00000e+00  
104.6 4.6387e+01  14 1.00000e+00  
104.7 4.6477e+01  14 1.00000e+00  
104.8 4.6568e+01  14 1.00000e+00  
104.9 4.6659e+01  14 1.00000e+00  
105.0 4.6749e+01  14 1.00000e+00  
105.1 4.6840e+01  14 1.00000e+00  
105.2 4.6931e+01  14 1.00000e+00  
105.3 4.7021e+01  14 1.00000e+00  
105.4 4.7112e+01  14 1.00000e+00  
105.5 4.7203e+01  14 1.00000e+00  
105.6 4.7293e+01  14 1.00000e+00  
105.7 4.7384e+01  14 1.00000e+00  
105.8 4.7475e+01  14 1.00000e+00  
105.9 4.7560e+01  14 1.00000e+00  
106.0 4.7651e+01  14 1.00000e+00  
106.1 4.7742e+01  14 1.00000e+00  
106.2 4.7833e+01  14 1.00000e+00  
106.3 4.7923e+01  14 1.00000e+00  
106.4 4.8014e+01  14 1.00000e+00  
106.5 4.8105e+01  14 1.00000e+00  
106.6 4.8196e+01  14 1.00000e+00  
106.7 4.8286e+01  14 1.00000e+00  
106.8 4.8377e+01  14 1.00000e+00  
106.9 4.8468e+01  14 1.00000e+00  
107.0 4.8559e+01  14 1.00000e+00  
107.1 4.8650e+01  14 1.00000e+00  
107.2 4.8740e+01  14 1.00000e+00  
107.3 4.8831e+01  14 1.00000e+00  
107.4 4.8922e+01  14 1.00000e+00  
107.5 4.9013e+01  14 1.00000e+00  
107.6 4.9104e+01  14 1.00000e+00  
107.7 4.9195e+01  14 1.00000e+00  
107.8 4.9285e+01  14 1.00000e+00  
107.9 4.9376e+01  14 1.00000e+00  
108.0 4.9467e+01  14 1.00000e+00  
108.1 4.9558e+01  14 1.00000e+00  
108.2 4.9649e+01  14 1.00000e+00  
108.3 4.9740e+01  14 1.00000e+00  
108.4 4.9831e+01  14 1.00000e+00  
108.5 4.9921e+01  14 1.00000e+00  
108.6 5.0012e+01  14 1.00000e+00  
108.7 5.0103e+01  14 1.00000e+00  
108.8 5.0194e+01  14 1.00000e+00  
108.9 5.0285e+01  14 1.00000e+00  
109.0 5.0376e+01  14 1.00000e+00  
109.1 5.0467e+01  14 1.00000e+00  
109.2 5.0558e+01  14 1.00000e+00  
109.3 5.0649e+01  14 1.00000e+00  
109.4 5.0740e+01  14 1.00000e+00  
109.5 5.0831e+01  14 1.00000e+00  
109.6 5.0921e+01  14 1.00000e+00  
109.7 5.1012e+01  14 1.00000e+00  
109.8 5.1103e+01  14 1.00000e+00  
109.9 5.1194e+01  14 1.00000e+00  
110.0 5.1285e+01  14 1.00000e+00  
110.1 5.1376e+01  14 1.00000e+00  
110.2 5.1467e+01  14 1.00000e+00  
110.3 5.1558e+01  14 1.00000e+00  
110.4 5.1649e+01  14 1.00000e+00  
110.5 5.1740e+01  14 1.00000e+00  
110.6 5.1831e+01  14 1.00000e+00  
110.7 5.1922e+01  14 1.00000e+00  
110.8 5.2013e+01  14 1.00000e+00  
110.9 5.2104e+01  14 1.00000e+00  
111.0 5.2194e+01  14 1.00000e+00  
111.1 5.2285e+01  14 1.00000e+00  
111.2 5.2376e+01  14 1.00000e+00  
111.3 5.2467e+01  14 1.00000e+00  
111.4 5.2558e+01  14 1.00000e+00  
111.5 5.2649e+01  14 1.00000e+00  
111.6 5.2740e+01  14 1.00000e+00  
111.7 5.2831e+01  14 1.00000e+00  
111.8 5.2922e+01  14 1.00000e+00  
111.9 5.3013e+01  14 1.00000e+00  
112.0 5.3104e+01  14 1.00000e+00  
112.1 5.3195e+01  14 1.00000e+00  
112.2 5.3286e+01  14 1.00000e+00  
112.3 5.3377e+01  14 1.00000e+00  
112.4 5.3468e+01  14 1.00000e+00  
112.5 5.3559e+01  14 1.00000e+00  
112.6 5.3650e+01  14 1.00000e+00  
112.7 5.3740e+01  14 1.00000e+00  
112.8 5.3831e+01  14 1.00000e+00  
112.9 5.3922e+01  14 1.00000e+00  
113.0 5.4013e+01  14 1.00000e+00  
113.1 5.4104e+01  14 1.00000e+00  
113.2 5.4195e+01  14 1.00000e+00  
113.3 5.4286e+01  14 1.00000e+00  
113.4 5.4377e+01  14 1.00000e+00  
113.5 5.4468e+01  14 1.00000e+00  
113.6 5.4554e+01  14 1.00000e+00  
113.7 5.4645e+01  14 1.00000e+00  
113.8 5.4736e+01  14 1.00000e+00  
113.9 5.4827e+01  14 1.00000e+00  
114.0 5.4918e+01  14 1.00000e+00  
114.1 5.5009e+01  14 1.00000e+00  
114.2 5.5100e+01  14 1.00000e+00  
114.3 5.5191e+01  14 1.00000e+00  
114.4 5.5282e+01  14 1.00000e+00  
114.5 5.5373e+01  14 1.00000e+00  
114.6 5.5464e+01  14 1.00000e+00  
114.7 5.5554e+01  14 1.00000e+00  
114.8 5.5645e+01  14 1.00000e+00  
114.9 5.5736e+01  14 1.00000e+00  
115.0 5.5827e+01  14 1.00000e+00  
115.1 5.5918e+01  14 1.00000e+00  
115.2 5.6009e+01  14 1.00000e+00  
115.3 5.6100e+01  14 1.00000e+00  
115.4 5.6191e+01  14 1.00000e+00  
115.5 5.6282e+01  14 1.00000e+00  
115.6 5.6373e+01  14 1.00000e+00  
115.7 5.6463e+01  14 1.00000e+00  
115.8 5.6554e+01  14 1.00000e+00  
115.9 5.6645e+01  14 1.00000e+00  
116.0 5.6736e+01  14 1.00000e+00  
116.1 5.6827e+01  14 1.00000e+00  
116.2 5.6918e+01  14 1.00000e+00  
116.3 5.7009e+01  14 1.00000e+00  
116.4 5.7099e+01  14 1.00000e+00  
116.5 5.7190e+01  14 1.00000e+00  
116.6 5.7281e+01  14 1.00000e+00  
116.7 5.7372e+01  14 1.00000e+00  
116.8 5.7463e+01  14 1.00000e+00  
116.9 5.7554e+01  14 1.00000e+00  
117.0 5.7644e+01  14 1.00000e+00  
117.1 5.7735e+01  14 1.00000e+00  
117.2 5.7826e+01  14 1.00000e+00  
117.3 5.7917e+01  14 1.00000e+00  
117.4 5.8008e+01  14 1.00000e+00  
117.5 5.8099e+01  14 1.00000e+00  
117.6 5.8189e+01  14 1.00000e+00  
117.7 5.8280e+01  14 1.00000e+00  
117.8 5.8371e+01  14 1.00000e+00  
117.9 5.8462e+01  14 1.00000e+00  
118.0 5.8553e+01  14 1.00000e+00  
118.1 5.8643e+01  14 1.00000e+00  
118.2 5.8734e+01  14 1.00000e+00  
118.3 5.8825e+01  14 1.00000e+00  
118.4 5.8916e+01  14 1.00000e+00  
118.5 5.9006e+01  14 1.00000e+00  
118.6 5.9097e+01  14 1.00000e+00  
118.7 5.9188e+01  14 1.00000e+00  
118.8 5.9279e+01  14 1.00000e+00  
118.9 5.9369e+01  14 1.00000e+00  
119.0 5.9460e+01  14 1.00000e+00  
119.1 5.9551e+01  14 1.00000e+00  
119.2 5.9642e+01  14 1.00000e+00  
119.3 5.9722e+01  14 1.00000e+00  
119.4 5.9813e+01  14 1.00000e+00  
119.5 5.9904e+01  14 1.00000e+00  
119.6 5.9994e+01  14 1.00000e+00  
119.7 6.0085e+01  14 1.00000e+00  
119.8 6.0176e+01  14 1.00000e+00  
119.9 6.0266e+01  14 1.00000e+00  
120.0 6.0357e+01  14 1.00000e+00  
120.1 6.0447e+01  14 1.00000e+00  
120.2 6.0538e+01  14 1.00000e+00  
120.3 6.0629e+01  14 1.00000e+00  
120.4 6.0719e+01  14 1.00000e+00  
120.5 6.0810e+01  14 1.00000e+00  
120.6 6.0901e+01  14 1.00000e+00  
120.7 6.0991e+01  14 1.00000e+00  
120.8 6.1082e+01  14 1.00000e+00  
120.9 6.1172e+01  14 1.00000e+00  
121.0 6.1263e+01  14 1.00000e+00  
121.1 6.1354e+01  14 1.00000e+00  
121.2 6.1444e+01  14 1.00000e+00  
121.3 6.1535e+01  14 1.00000e+00  
121.4 6.1625e+01  14 1.00000e+00  
121.5 6.1716e+01  14 1.00000e+00  
121.6 6.1806e+01  14 1.00000e+00  
121.7 6.1897e+01  14 1.00000e+00  
121.8 6.1987e+01  14 1.00000e+00  
121.9 6.2078e+01  14 1.00000e+00  
122.0 6.2164e+01  14 1.00000e+00  
122.1 6.2255e+01  14 1.00000e+00  
122.2 6.2345e+01  14 1.00000e+00  
122.3 6.2436e+01  14 1.00000e+00  
122.4 6.2526e+01  14 1.00000e+00  
122.5 6.2617e+01  14 1.00000e+00  
122.6 6.2707e+01  14 1.00000e+00  
122.7 6.2797e+01  14 1.00000e+00  
122.8 6.2888e+01  14 1.00000e+00  
122.9 6.2978e+01  14 1.00000e+00  
123.0 6.3069e+01  14 1.00000e+00  
123.1 6.3159e+01  14 1.00000e+00  
123.2 6.3249e+01  14 1.00000e+00  
123.3 6.3340e+01  14 1.00000e+00  
123.4 6.3430e+01  14 1.00000e+00  
123.5 6.3521e+01  14 1.00000e+00  
123.6 6.3611e+01  14 1.00000e+00  
123.7 6.3701e+01  14 1.00000e+00  
123.8 6.3792e+01  14 1.00000e+00  
123.9 6.3882e+01  14 1.00000e+00  
124.0 6.3972e+01  14 1.00000e+00  
124.1 6.4063e+01  14 1.00000e+00  
124.2 6.4153e+01  14 1.00000e+00  
124.3 6.4243e+01  14 1.00000e+00  
124.4 6.4334e+01  14 1.00000e+00  
124.5 6.4424e+01  14 1.00000e+00  
124.6 6.4514e+01  14 1.00000e+00  
124.7 6.4604e+01  14 1.00000e+00  
124.8 6.4695e+01  14 1.00000e+00  
124.9 6.4785e+01  14 1.00000e+00  
125.0 6.4875e+01  14 1.00000e+00  
125.1 6.4965e+01  14 1.00000e+00  
125.2 6.5056e+01  14 1.00000e+00  
125.3 6.5146e+01  14 1.00000e+00  
125.4 6.5236e+01  14 1.00000e+00  
125.5 6.5326e+01  14 1.00000e+00  
125.6 6.5417e+01  14 1.00000e+00  
125.7 6.5507e+01  14 1.00000e+00  
125.8 6.5597e+01  14 1.00000e+00  
125.9 6.5687e+01  14 1.00000e+00  
126.0 6.5777e+01  14 1.00000e+00  
126.1 6.5867e+01  14 1.00000e+00  
126.2 6.5958e+01  14 1.00000e+00  
126.3 6.6048e+01  14 1.00000e+00  
126.4 6.6138e+01  14 1.00000e+00  
126.5 6.6228e+01  14 1.00000e+00  
126.6 6.6318e+01  14 1.00000e+00  
126.7 6.6408e+01  14 1.00000e+00  
126.8 6.6498e+01  14 1.00000e+00  
126.9 6.6588e+01  14 1.00000e+00  
127.0 6.6678e+01  14 1.00000e+00  
127.1 6.6768e+01  14 1.00000e+00  
127.2 6.6859e+01  14 1.00000e+00  
127.3 6.6949e+01  14 1.00000e+00  
127.4 6.7039e+01  14 1.00000e+00  
127.5 6.7129e+01  14 1.00000e+00  
127.6 6.7219e+01  14 1.00000e+00  
127.7 6.7309e+01  14 1.00000e+00  
127.8 6.7399e+01  14 1.00000e+00  
127.9 6.7489e+01  14 1.00000e+00  
128.0 6.7579e+01  14 1.00000e+00  
128.1 6.7669e+01  14 1.00000e+00  
128.2 6.7759e+01  14 1.00000e+00  
128.3 6.7849e+01  14 1.00000e+00  
128.4 6.7939e+01  14 1.00000e+00  
128.5 6.8029e+01  14 1.00000e+00  
128.6 6.8119e+01  14 1.00000e+00  
128.7 6.8208e+01  14 1.00000e+00  
128.8 6.8298e+01  14 1.00000e+00  
128.9 6.8388e+01  14 1.00000e+00  
129.0 6.8478e+01  14 1.00000e+00  
129.1 6.8568e+01  14 1.00000e+00  
129.2 6.8658e+01  14 1.00000e+00  
129.3 6.8748e+01  14 1.00000e+00  
129.4 6.8838e+01  14 1.00000e+00  
129.5 6.8928e+01  14 1.00000e+00  
129.6 6.9017e+01  14 1.00000e+00  
129.7 6.9107e+01  14 1.00000e+00  
129.8 6.9197e+01  14 1.00000e+00  
129.9 6.9287e+01  14 1.00000e+00  
130.0 6.9377e+01  14 1.00000e+00  
130.1 6.9467e+01  14 1.00000e+00  
130.2 6.9556e+01  14 1.00000e+00  
130.3 6.9646e+01  14 1.00000e+00  
130.4 6.9736e+01  14 1.00000e+00  
130.5 6.9826e+01  14 1.00000e+00  
130.6 6.9915e+01  14 1.00000e+00  
130.7 7.0005e+01  14 1.00000e+00  
130.8 7.0095e+01  14 1.00000e+00  
130.9 7.0185e+01  14 1.00000e+00  
131.0 7.0274e+01  14 1.00000e+00  
131.1 7.0364e+01  14 1.00000e+00  
131.2 7.0454e+01  14 1.00000e+00  
131.3 7.0540e+01  14 1.00000e+00  
131.4 7.0629e+01  14 1.00000e+00  
131.5 7.0719e+01  14 1.00000e+00  
131.6 7.0809e+01  14 1.00000e+00  
131.7 7.0898e+01  14 1.00000e+00  
131.8 7.0988e+01  14 1.00000e+00  
131.9 7.1078e+01  14 1.00000e+00  
132.0 7.1167e+01  14 1.00000e+00  
132.1 7.1257e+01  14 1.00000e+00  
132.2 7.1347e+01  14 1.00000e+00  
132.3 7.1436e+01  14 1.00000e+00  
132.4 7.1526e+01  14 1.00000e+00  
132.5 7.1615e+01  14 1.00000e+00  
132.6 7.1705e+01  14 1.00000e+00  
132.7 7.1795e+01  14 1.00000e+00  
132.8 7.1884e+01  14 1.00000e+00  
132.9 7.1974e+01  14 1.00000e+00  
133.0 7.2063e+01  14 1.00000e+00  
133.1 7.2153e+01  14 1.00000e+00  
133.2 7.2242e+01  14 1.00000e+00  
133.3 7.2332e+01  14 1.00000e+00  
133.4 7.2421e+01  14 1.00000e+00  
133.5 7.2511e+01  14 1.00000e+00  
133.6 7.2600e+01  14 1.00000e+00  
133.7 7.2690e+01  14 1.00000e+00  
133.8 7.2779e+01  14 1.00000e+00  
133.9 7.2869e+01  14 1.00000e+00  
134.0 7.2958e+01  14 1.00000e+00  
134.1 7.3047e+01  14 1.00000e+00  
134.2 7.3137e+01  14 1.00000e+00  
134.3 7.3226e+01  14 1.00000e+00  
134.4 7.3316e+01  14 1.00000e+00  
134.5 7.3405e+01  14 1.00000e+00  
134.6 7.3494e+01  14 1.00000e+00  
134.7 7.3584e+01  14 1.00000e+00  
134.8 7.3673e+01  14 1.00000e+00  
134.9 7.3762e+01  14 1.00000e+00  
135.0 7.3852e+01  14 1.00000e+00  
135.1 7.3941e+01  14 1.00000e+00  
135.2 7.4030e+01  14 1.00000e+00  
135.3 7.4120e+01  14 1.00000e+00  
135.4 7.4209e+01  14 1.00000e+00  
135.5 7.3252e+01  14 1.00000e+00  
135.6 7.3342e+01  14 1.00000e+00  
135.7 7.3431e+01  14 1.00000e+00  
135.8 7.3520e+01  14 1.00000e+00  
135.9 7.3609e+01  14 1.00000e+00  
136.0 7.3699e+01  14 1.00000e+00  
136.1 7.3788e+01  14 1.00000e+00  
136.2 7.3877e+01  14 1.00000e+00  
136.3 7.3966e+01  14 1.00000e+00  
136.4 7.4056e+01  14 1.00000e+00  
136.5 7.4145e+01  14 1.00000e+00  
136.6 7.4234e+01  14 1.00000e+00  
136.7 7.4323e+01  14 1.00000e+00  
136.8 7.3052e+01  14 1.00000e+00  
136.9 7.3141e+01  14 1.00000e+00  
137.0 7.3229e+01  14 1.00000e+00  
137.1 7.3318e+01  14 1.00000e+00  
137.2 7.3407e+01  14 1.00000e+00  
137.3 7.3495e+01  14 1.00000e+00  
137.4 7.3584e+01  14 1.00000e+00  
137.5 7.3673e+01  14 1.00000e+00  
137.6 7.3761e+01  14 1.00000e+00  
137.7 7.3850e+01  14 1.00000e+00  
137.8 7.3938e+01  14 1.00000e+00  
137.9 7.4027e+01  14 1.00000e+00  
138.0 7.4115e+01  14 1.00000e+00  
138.1 7.4204e+01  14 1.00000e+00  
138.2 7.4292e+01  14 1.00000e+00  
138.3 7.4381e+01  14 1.00000e+00  
138.4 7.4469e+01  14 1.00000e+00  
138.5 7.4558e+01  14 1.00000e+00  
138.6 7.4646e+01  14 1.00000e+00  
138.7 7.4735e+01  14 1.00000e+00  
138.8 7.4823e+01  14 1.00000e+00  
138.9 7.4912e+01  14 1.00000e+00  
139.0 7.5000e+01  14 1.00000e+00  
139.1 7.5089e+01  14 1.00000e+00  
139.2 7.5177e+01  14 1.00000e+00  
139.3 7.5265e+01  14 1.00000e+00  
139.4 7.5354e+01  14 1.00000e+00  
139.5 7.5442e+01  14 1.00000e+00  
139.6 7.5531e+01  14 1.00000e+00  
139.7 7.4784e+01  14 1.00000e+00  
139.8 7.4872e+01  14 1.00000e+00  
139.9 7.4961e+01  14 1.00000e+00  
140.0 7.5049e+01  14 1.00000e+00  
140.1 7.5138e+01  14 1.00000e+00  
140.2 7.5226e+01  14 1.00000e+00  
140.3 7.5315e+01  14 1.00000e+00  
140.4 7.5403e+01  14 1.00000e+00  
140.5 7.5492e+01  14 1.00000e+00  
140.6 7.5580e+01  14 1.00000e+00  
140.7 7.3919e+01  14 1.00000e+00  
140.8 7.4004e+01  14 1.00000e+00  
140.9 7.4090e+01  14 1.00000e+00  
141.0 7.4176e+01  14 1.00000e+00  
141.1 7.4262e+01  14 1.00000e+00  
141.2 7.4348e+01  14 1.00000e+00  
141.3 7.4433e+01  14 1.00000e+00  
141.4 7.4519e+01  14 1.00000e+00  
141.5 7.4605e+01  14 1.00000e+00  
141.6 7.4691e+01  14 1.00000e+00  
141.7 7.4777e+01  14 1.00000e+00  
141.8 7.4862e+01  14 1.00000e+00  
141.9 7.4948e+01  14 1.00000e+00  
142.0 7.4146e+01  14 1.00000e+00  
142.1 7.4232e+01  14 1.00000e+00  
142.2 7.4319e+01  14 1.00000e+00  
142.3 7.4405e+01  14 1.00000e+00  
142.4 7.4492e+01  14 1.00000e+00  
142.5 7.4556e+01  14 1.00000e+00  
142.6 7.4642e+01  14 1.00000e+00  
142.7 7.4728e+01  14 1.00000e+00  
142.8 7.4814e+01  14 1.00000e+00  
142.9 7.4900e+01  14 1.00000e+00  
143.0 7.4986e+01  14 1.00000e+00  
143.1 7.5071e+01  14 1.00000e+00  
143.2 7.5157e+01  14 1.00000e+00  
143.3 7.5243e+01  14 1.00000e+00  
143.4 7.5329e+01  14 1.00000e+00  
143.5 7.5415e+01  14 1.00000e+00  
143.6 7.5500e+01  14 1.00000e+00  
143.7 7.5586e+01  14 1.00000e+00  
143.8 7.5672e+01  14 1.00000e+00  
143.9 7.5757e+01  14 1.00000e+00  
144.0 7.5843e+01  14 1.00000e+00  
144.1 7.5929e+01  14 1.00000e+00  
144.2 7.6015e+01  14 1.00000e+00  
144.3 7.6100e+01  14 1.00000e+00  
144.4 7.6186e+01  14 1.00000e+00  
144.5 7.6272e+01  14 1.00000e+00  
144.6 7.6357e+01  14 1.00000e+00  
144.7 7.6443e+01  14 1.00000e+00  
144.8 7.6529e+01  14 1.00000e+00  
144.9 7.6614e+01  14 1.00000e+00  
145.0 7.6700e+01  14 1.00000e+00  
145.1 7.6786e+01  14 1.00000e+00  
145.2 7.6871e+01  14 1.00000e+00  
145.3 7.6957e+01  14 1.00000e+00  
145.4 7.7043e+01  14 1.00000e+00  
145.5 7.7128e+01  14 1.00000e+00  
145.6 7.7214e+01  14 1.00000e+00  
145.7 7.7299e+01  14 1.00000e+00  
145.8 7.7385e+01  14 1.00000e+00  
145.9 7.7471e+01  14 1.00000e+00  
146.0 7.7556e+01  14 1.00000e+00  
146.1 7.7642e+01  14 1.00000e+00  
146.2 7.7727e+01  14 1.00000e+00  
146.3 7.7813e+01  14 1.00000e+00  
146.4 7.7898e+01  14 1.00000e+00  
146.5 7.7984e+01  14 1.00000e+00  
146.6 7.8070e+01  14 1.00000e+00  
146.7 7.8155e+01  14 1.00000e+00  
146.8 7.8241e+01  14 1.00000e+00  
146.9 7.8326e+01  14 1.00000e+00  
147.0 7.8412e+01  14 1.00000e+00  
147.1 7.7809e+01  14 1.00000e+00  
147.2 7.7895e+01  14 1.00000e+00  
147.3 7.7981e+01  14 1.00000e+00  
147.4 7.8067e+01  14 1.00000e+00  
147.5 7.8153e+01  14 1.00000e+00  
147.6 7.8240e+01  14 1.00000e+00  
147.7 7.8326e+01  14 1.00000e+00  
147.8 7.8412e+01  14 1.00000e+00  
147.9 7.8498e+01  14 1.00000e+00  
148.0 7.8584e+01  14 1.00000e+00  
148.1 7.8670e+01  14 1.00000e+00  
148.2 7.8756e+01  14 1.00000e+00  
148.3 7.8843e+01  14 1.00000e+00  
148.4 7.8929e+01  14 1.00000e+00  
148.5 7.9015e+01  14 1.00000e+00  
148.6 7.9101e+01  14 1.00000e+00  
148.7 7.9187e+01  14 1.00000e+00  
148.8 7.9273e+01  14 1.00000e+00  
148.9 7.9359e+01  14 1.00000e+00  
149.0 7.9446e+01  14 1.00000e+00  
149.1 7.9532e+01  14 1.00000e+00  
149.2 7.9618e+01  14 1.00000e+00  
149.3 7.9704e+01  14 1.00000e+00  
149.4 7.9787e+01  14 1.00000e+00  
149.5 7.9873e+01  14 1.00000e+00  
149.6 7.9959e+01  14 1.00000e+00  
149.7 8.0045e+01  14 1.00000e+00  
149.8 8.0131e+01  14 1.00000e+00  
149.9 8.0217e+01  14 1.00000e+00  
150.0 8.0304e+01  14 1.00000e+00  
