 15.1 1.3910e+00  13 4.19129e-02  
 15.2 1.3986e+00  13 4.23693e-02  
 15.3 1.4063e+00  13 4.28216e-02  
 15.4 1.4139e+00  13 4.32700e-02  
 15.5 1.4216e+00  13 4.37146e-02  
 15.6 1.4292e+00  13 4.41554e-02  
 15.7 1.4368e+00  13 4.45928e-02  
 15.8 1.4445e+00  13 4.50264e-02  
 15.9 1.4521e+00  13 4.54570e-02  
 16.0 1.4598e+00  13 4.58840e-02  
 16.1 1.4674e+00  13 4.63080e-02  
 16.2 1.4751e+00  13 4.67289e-02  
 16.3 1.4827e+00  13 4.71469e-02  
 16.4 1.4903e+00  13 4.75612e-02  
 16.5 1.4980e+00  13 4.79734e-02  
 16.6 1.5056e+00  13 4.84012e-02  
 16.7 1.5133e+00  13 4.88082e-02  
 16.8 1.5209e+00  13 4.92127e-02  
 16.9 1.5286e+00  13 4.96149e-02  
 17.0 1.5362e+00  13 5.00149e-02  
 17.1 1.5438e+00  13 5.04130e-02  
 17.2 1.5515e+00  13 5.08370e-02  
 17.3 1.5591e+00  13 5.12316e-02  
 17.4 1.5668e+00  13 5.16246e-02  
 17.5 1.5744e+00  13 5.20067e-02  
 17.6 1.5820e+00  13 5.23951e-02  
 17.7 1.5897e+00  13 5.28124e-02  
 17.8 1.5973e+00  13 5.31988e-02  
 17.9 1.6049e+00  13 5.35840e-02  
 18.0 1.6126e+00  13 5.39678e-02  
 18.1 1.6202e+00  13 5.43434e-02  
 18.2 1.6278e+00  13 5.47533e-02  
 18.3 1.6355e+00  13 5.51337e-02  
 18.4 1.6431e+00  13 5.55130e-02  
 18.5 1.6507e+00  13 5.59253e-02  
 18.6 1.6584e+00  13 5.63039e-02  
 18.7 1.6660e+00  13 5.66707e-02  
 18.8 1.6736e+00  13 5.70815e-02  
 18.9 1.6812e+00  13 5.74581e-02  
 19.0 1.6889e+00  13 5.78690e-02  
 19.1 1.6965e+00  13 5.82455e-02  
 19.2 1.7041e+00  13 5.86453e-02  
 19.3 1.7130e+00  13 5.91321e-02  
 19.4 1.7248e+00  13 5.99002e-02  
 19.5 1.7367e+00  13 6.06757e-02  
 19.6 1.7487e+00  13 6.14459e-02  
 19.7 1.7607e+00  13 6.23977e-02  
 19.8 1.7729e+00  13 6.31612e-02  
 19.9 1.7851e+00  13 6.39320e-02  
 20.0 1.7974e+00  13 6.46967e-02  
 20.1 1.8098e+00  13 6.54790e-02  
 20.2 1.8222e+00  13 6.62698e-02  
 20.3 1.8348e+00  13 6.70679e-02  
 20.4 1.8474e+00  13 6.78593e-02  
 20.5 1.8601e+00  13 6.86704e-02  
 20.6 1.8729e+00  13 6.94901e-02  
 20.7 1.8858e+00  13 7.03185e-02  
 20.8 1.8988e+00  13 7.11396e-02  
 20.9 1.9119e+00  13 7.19832e-02  
 21.0 1.5764e+01  14 1.00000e+00  
 21.1 1.5798e+01  14 1.00000e+00  
 21.2 1.5835e+01  14 1.00000e+00  
 21.3 1.5868e+01  14 1.00000e+00  
 21.4 1.5901e+01  14 1.00000e+00  
 21.5 1.5936e+01  14 1.00000e+00  
 21.6 1.5967e+01  14 1.00000e+00  
 21.7 1.5998e+01  14 1.00000e+00  
 21.8 1.6027e+01  14 1.00000e+00  
 21.9 1.6060e+01  14 1.00000e+00  
 22.0 1.6089e+01  14 1.00000e+00  
 22.1 1.6117e+01  14 1.00000e+00  
 22.2 1.6145e+01  14 1.00000e+00  
 22.3 1.6174e+01  14 1.00000e+00  
 22.4 1.6200e+01  14 1.00000e+00  
 22.5 1.6225e+01  14 1.00000e+00  
 22.6 1.6254e+01  14 1.00000e+00  
 22.7 1.6278e+01  14 1.00000e+00  
 22.8 1.6301e+01  14 1.00000e+00  
 22.9 1.6328e+01  14 1.00000e+00  
 23.0 1.6351e+01  14 1.00000e+00  
 23.1 1.6372e+01  14 1.00000e+00  
 23.2 1.6393e+01  14 1.00000e+00  
 23.3 1.6418e+01  14 1.00000e+00  
 23.4 1.6438e+01  14 1.00000e+00  
 23.5 1.6457e+01  14 1.00000e+00  
 23.6 1.6481e+01  14 1.00000e+00  
 23.7 1.6499e+01  14 1.00000e+00  
 23.8 1.6517e+01  14 1.00000e+00  
 23.9 1.6534e+01  14 1.00000e+00  
 24.0 1.6556e+01  14 1.00000e+00  
 24.1 1.6573e+01  14 1.00000e+00  
 24.2 1.6588e+01  14 1.00000e+00  
 24.3 5.5648e+00  14 2.97025e-01  
 24.4 5.6478e+00  14 3.01940e-01  
 24.5 5.7311e+00  14 3.06953e-01  
 24.6 5.8148e+00  14 3.11993e-01  
 24.7 5.8990e+00  14 3.16957e-01  
 24.8 5.9834e+00  14 3.22032e-01  
 24.9 6.0682e+00  14 3.27124e-01  
 25.0 6.1532e+00  14 3.32247e-01  
 25.1 6.2390e+00  14 3.37289e-01  
 25.2 6.3247e+00  14 3.42450e-01  
 25.3 6.4108e+00  14 3.47629e-01  
 25.4 6.4971e+00  14 3.52829e-01  
 25.5 6.5844e+00  14 3.57950e-01  
 25.6 6.6714e+00  14 3.63187e-01  
 25.7 6.7587e+00  14 3.68444e-01  
 25.8 6.8462e+00  14 3.73717e-01  
 25.9 6.9349e+00  14 3.78907e-01  
 26.0 7.0231e+00  14 3.84214e-01  
 26.1 7.1116e+00  14 3.89541e-01  
 26.2 7.2003e+00  14 3.94889e-01  
 26.3 7.2903e+00  14 4.00154e-01  
 26.4 7.3788e+00  14 4.05490e-01  
 26.5 7.4684e+00  14 4.10879e-01  
 26.6 7.5582e+00  14 4.16286e-01  
 26.7 7.6482e+00  14 4.21714e-01  
 26.8 7.7398e+00  14 4.27054e-01  
 26.9 7.8312e+00  14 4.32552e-01  
 27.0 7.9220e+00  14 4.38027e-01  
 27.1 8.0130e+00  14 4.43522e-01  
 27.2 8.1049e+00  14 4.48988e-01  
 27.3 8.1976e+00  14 4.54442e-01  
 27.4 8.2896e+00  14 4.59971e-01  
 27.5 8.3818e+00  14 4.65520e-01  
 27.6 8.4741e+00  14 4.71086e-01  
 27.7 8.5667e+00  14 4.76668e-01  
 27.8 8.6597e+00  14 4.82252e-01  
 27.9 8.7547e+00  14 4.87774e-01  
 28.0 8.8480e+00  14 4.93404e-01  
 28.1 8.9414e+00  14 4.99052e-01  
 28.2 9.0352e+00  14 5.04703e-01  
 28.3 9.1294e+00  14 5.10366e-01  
 28.4 9.2237e+00  14 5.16048e-01  
 28.5 9.3201e+00  14 5.21677e-01  
 28.6 9.4165e+00  14 5.27335e-01  
 28.7 9.5117e+00  14 5.33059e-01  
 28.8 9.6069e+00  14 5.38803e-01  
 28.9 9.7023e+00  14 5.44560e-01  
 29.0 9.7980e+00  14 5.50332e-01  
 29.1 9.8937e+00  14 5.56121e-01  
 29.2 9.9930e+00  14 5.61834e-01  
 29.3 1.0089e+01  14 5.67655e-01  
 29.4 1.0185e+01  14 5.73501e-01  
 29.5 1.0285e+01  14 5.79265e-01  
 29.6 1.0382e+01  14 5.85133e-01  
 29.7 1.0480e+01  14 5.90974e-01  
 29.8 1.0579e+01  14 5.96830e-01  
 29.9 1.0673e+01  14 6.02812e-01  
 30.0 1.0772e+01  14 6.08702e-01  
 30.1 1.0871e+01  14 6.14616e-01  
 30.2 1.0970e+01  14 6.20549e-01  
 30.3 1.1068e+01  14 6.26512e-01  
 30.4 1.1169e+01  14 6.32447e-01  
 30.5 1.1272e+01  14 6.38357e-01  
 30.6 1.1371e+01  14 6.44357e-01  
 30.7 1.1470e+01  14 6.50378e-01  
 30.8 1.1569e+01  14 6.56418e-01  
 30.9 1.1667e+01  14 6.62488e-01  
 31.0 1.1771e+01  14 6.68481e-01  
 31.1 1.1872e+01  14 6.74544e-01  
 31.2 1.1972e+01  14 6.80626e-01  
 31.3 1.2072e+01  14 6.86735e-01  
 31.4 1.2170e+01  14 6.92888e-01  
 31.5 1.2277e+01  14 6.98932e-01  
 31.6 1.2375e+01  14 7.05121e-01  
 31.7 1.2480e+01  14 7.11223e-01  
 31.8 1.2575e+01  14 7.17471e-01  
 31.9 1.2682e+01  14 7.23598e-01  
 32.0 1.2785e+01  14 7.29782e-01  
 32.1 1.2887e+01  14 7.35991e-01  
 32.2 1.2986e+01  14 7.42247e-01  
 32.3 1.3084e+01  14 7.48526e-01  
 32.4 1.3186e+01  14 7.54784e-01  
 32.5 1.3289e+01  14 7.61046e-01  
 32.6 1.3392e+01  14 7.67323e-01  
 32.7 1.3498e+01  14 7.73590e-01  
 32.8 1.3596e+01  14 7.79935e-01  
 32.9 1.3698e+01  14 7.86261e-01  
 33.0 1.3801e+01  14 7.92602e-01  
 33.1 1.3903e+01  14 7.98959e-01  
 33.2 1.4009e+01  14 8.05303e-01  
 33.3 1.4103e+01  14 8.11744e-01  
 33.4 1.4212e+01  14 8.18099e-01  
 33.5 1.4317e+01  14 8.24498e-01  
 33.6 1.4407e+01  14 8.30985e-01  
 33.7 1.4511e+01  14 8.37415e-01  
 33.8 1.4613e+01  14 8.43867e-01  
 33.9 1.4721e+01  14 8.50305e-01  
 34.0 1.4813e+01  14 8.56829e-01  
 34.1 1.4920e+01  14 8.63297e-01  
 34.2 1.5025e+01  14 8.69791e-01  
 34.3 1.5125e+01  14 8.76317e-01  
 34.4 1.5216e+01  14 8.82887e-01  
 34.5 1.5316e+01  14 8.89434e-01  
 34.6 1.5417e+01  14 8.95990e-01  
 34.7 1.5517e+01  14 9.02562e-01  
 34.8 1.5624e+01  14 9.09128e-01  
 34.9 1.5727e+01  14 9.15718e-01  
 35.0 1.5815e+01  14 9.22354e-01  
 35.1 1.5914e+01  14 9.28973e-01  
 35.2 1.6014e+01  14 9.35604e-01  
 35.3 1.6117e+01  14 9.42241e-01  
 35.4 1.6224e+01  14 9.48885e-01  
 35.5 1.6321e+01  14 9.55555e-01  
 35.6 1.6417e+01  14 9.62237e-01  
 35.7 1.6513e+01  14 9.68929e-01  
 35.8 1.6608e+01  14 9.75631e-01  
 35.9 1.6703e+01  14 9.82344e-01  
 36.0 1.6798e+01  14 9.89066e-01  
 36.1 1.6892e+01  14 9.95798e-01  
 36.2 1.6945e+01  14 1.00000e+00  
 36.3 1.6929e+01  14 1.00000e+00  
 36.4 1.6916e+01  14 1.00000e+00  
 36.5 1.6902e+01  14 1.00000e+00  
 36.6 1.6888e+01  14 1.00000e+00  
 36.7 1.6874e+01  14 1.00000e+00  
 36.8 1.6860e+01  14 1.00000e+00  
 36.9 1.6738e+01  14 1.00000e+00  
 37.0 1.6724e+01  14 1.00000e+00  
 37.1 1.6708e+01  14 1.00000e+00  
 37.2 1.6693e+01  14 1.00000e+00  
 37.3 1.6677e+01  14 1.00000e+00  
 37.4 1.6661e+01  14 1.00000e+00  
 37.5 1.6527e+01  14 1.00000e+00  
 37.6 1.6511e+01  14 1.00000e+00  
 37.7 1.6494e+01  14 1.00000e+00  
 37.8 1.6477e+01  14 1.00000e+00  
 37.9 1.6460e+01  14 1.00000e+00  
 38.0 1.6323e+01  14 1.00000e+00  
 38.1 1.6306e+01  14 1.00000e+00  
 38.2 1.6288e+01  14 1.00000e+00  
 38.3 1.6269e+01  14 1.00000e+00  
 38.4 1.6251e+01  14 1.00000e+00  
 38.5 1.6232e+01  14 1.00000e+00  
 38.6 1.4892e+01  14 1.00000e+00  
 38.7 1.4132e+01  14 1.00000e+00  
 38.8 1.4173e+01  14 1.00000e+00  
 38.9 1.3999e+01  14 1.00000e+00  
 39.0 1.3847e+01  14 1.00000e+00  
 39.1 1.3817e+01  14 1.00000e+00  
 39.2 1.3782e+01  14 1.00000e+00  
 39.3 1.3668e+01  14 1.00000e+00  
 39.4 1.3544e+01  14 1.00000e+00  
 39.5 1.3489e+01  14 1.00000e+00  
 39.6 1.3455e+01  14 1.00000e+00  
 39.7 1.3443e+01  14 1.00000e+00  
 39.8 1.3336e+01  14 1.00000e+00  
 39.9 1.3209e+01  14 1.00000e+00  
 40.0 1.3164e+01  14 1.00000e+00  
 40.1 1.3156e+01  14 1.00000e+00  
 40.2 1.3067e+01  14 9.96301e-01  
 40.3 1.2718e+01  14 9.78527e-01  
 40.4 1.2568e+01  14 9.70868e-01  
 40.5 1.2459e+01  14 9.65270e-01  
 40.6 1.2435e+01  14 9.64036e-01  
 40.7 1.2300e+01  14 9.57093e-01  
 40.8 1.2121e+01  14 9.47868e-01  
 40.9 1.2000e+01  14 9.41588e-01  
 41.0 1.1829e+01  14 9.32666e-01  
 41.1 1.1801e+01  14 9.31197e-01  
 41.2 1.1580e+01  14 9.19636e-01  
 41.3 1.1482e+01  14 9.14473e-01  
 41.4 1.1334e+01  14 9.06710e-01  
 41.5 1.1309e+01  14 9.05359e-01  
 41.6 1.1217e+01  14 9.00495e-01  
 41.7 1.1178e+01  14 8.98424e-01  
 41.8 1.1021e+01  14 8.90107e-01  
 41.9 1.0875e+01  14 8.82303e-01  
 42.0 1.0773e+01  14 8.76861e-01  
 42.1 1.0751e+01  14 8.75673e-01  
 42.2 1.0617e+01  14 8.68469e-01  
 42.3 1.0505e+01  14 8.62464e-01  
 42.4 1.0395e+01  14 8.56540e-01  
 42.5 1.0388e+01  14 8.56156e-01  
 42.6 1.0363e+01  14 8.54794e-01  
 42.7 1.0322e+01  14 8.52609e-01  
 42.8 1.0191e+01  14 8.45465e-01  
 42.9 1.0088e+01  14 8.39899e-01  
 43.0 9.9900e+00  14 8.34555e-01  
 43.1 9.9472e+00  14 8.32219e-01  
 43.2 9.9941e+00  14 8.34776e-01  
 43.3 1.0115e+01  14 8.41367e-01  
 43.4 1.0239e+01  14 8.48082e-01  
 43.5 1.0284e+01  14 8.50525e-01  
 43.6 1.0305e+01  14 8.51657e-01  
 43.7 1.0312e+01  14 8.52045e-01  
 43.8 1.0375e+01  14 8.55430e-01  
 43.9 1.0491e+01  14 8.61705e-01  
 44.0 1.0619e+01  14 8.68598e-01  
 44.1 1.0667e+01  14 8.71150e-01  
 44.2 1.0722e+01  14 8.74103e-01  
 44.3 1.0775e+01  14 8.76953e-01  
 44.4 1.0825e+01  14 8.79665e-01  
 44.5 1.0873e+01  14 8.82209e-01  
 44.6 1.0918e+01  14 8.84616e-01  
 44.7 1.0958e+01  14 8.86750e-01  
 44.8 1.1023e+01  14 8.90190e-01  
 44.9 1.1165e+01  14 8.97754e-01  
 45.0 1.1261e+01  14 9.02810e-01  
 45.1 1.1345e+01  14 9.07291e-01  
 45.2 1.1420e+01  14 9.11220e-01  
 45.3 1.1541e+01  14 9.17609e-01  
 45.4 1.1621e+01  14 9.21793e-01  
 45.5 1.1672e+01  14 9.24479e-01  
 45.6 1.1727e+01  14 9.27348e-01  
 45.7 1.1782e+01  14 9.30235e-01  
 45.8 1.1836e+01  14 9.33036e-01  
 45.9 1.1888e+01  14 9.35757e-01  
 46.0 1.1910e+01  14 9.36895e-01  
 46.1 1.1984e+01  14 9.40771e-01  
 46.2 1.2136e+01  14 9.48647e-01  
 46.3 1.2235e+01  14 9.53771e-01  
 46.4 1.2330e+01  14 9.58634e-01  
 46.5 1.2419e+01  14 9.63259e-01  
 46.6 1.2562e+01  14 9.70584e-01  
 46.7 1.2645e+01  14 9.74803e-01  
 46.8 1.2697e+01  14 9.77495e-01  
 46.9 1.2757e+01  14 9.80544e-01  
 47.0 1.2817e+01  14 9.83620e-01  
 47.1 1.2875e+01  14 9.86534e-01  
 47.2 1.2930e+01  14 9.89341e-01  
 47.3 1.2984e+01  14 9.92074e-01  
 47.4 1.3029e+01  14 9.94385e-01  
 47.5 1.3126e+01  14 9.99284e-01  
 47.6 1.3198e+01  14 1.00000e+00  
 47.7 1.3239e+01  14 1.00000e+00  
 47.8 1.3277e+01  14 1.00000e+00  
 47.9 1.3309e+01  14 1.00000e+00  
 48.0 1.3371e+01  14 1.00000e+00  
 48.1 1.3396e+01  14 1.00000e+00  
 48.2 1.3423e+01  14 1.00000e+00  
 48.3 1.3447e+01  14 1.00000e+00  
 48.4 1.3465e+01  14 1.00000e+00  
 48.5 1.3488e+01  14 1.00000e+00  
 48.6 1.3506e+01  14 1.00000e+00  
 48.7 1.3528e+01  14 1.00000e+00  
 48.8 1.3553e+01  14 1.00000e+00  
 48.9 1.3592e+01  14 1.00000e+00  
 49.0 1.3650e+01  14 1.00000e+00  
 49.1 1.3689e+01  14 1.00000e+00  
 49.2 1.3731e+01  14 1.00000e+00  
 49.3 1.3765e+01  14 1.00000e+00  
 49.4 1.3825e+01  14 1.00000e+00  
 49.5 1.3853e+01  14 1.00000e+00  
 49.6 1.3875e+01  14 1.00000e+00  
 49.7 1.3900e+01  14 1.00000e+00  
 49.8 1.3926e+01  14 1.00000e+00  
 49.9 1.3946e+01  14 1.00000e+00  
 50.0 1.3973e+01  14 1.00000e+00  
 50.1 1.3995e+01  14 1.00000e+00  
 50.2 1.4013e+01  14 1.00000e+00  
 50.3 1.4047e+01  14 1.00000e+00  
 50.4 1.4087e+01  14 1.00000e+00  
 50.5 1.4143e+01  14 1.00000e+00  
 50.6 1.4184e+01  14 1.00000e+00  
 50.7 1.4221e+01  14 1.00000e+00  
 50.8 1.4254e+01  14 1.00000e+00  
 50.9 1.4288e+01  14 1.00000e+00  
 51.0 1.4339e+01  14 1.00000e+00  
 51.1 1.4369e+01  14 1.00000e+00  
 51.2 1.4389e+01  14 1.00000e+00  
 51.3 1.4416e+01  14 1.00000e+00  
 51.4 1.4440e+01  14 1.00000e+00  
 51.5 1.4461e+01  14 1.00000e+00  
 51.6 1.4485e+01  14 1.00000e+00  
 51.7 1.4502e+01  14 1.00000e+00  
 51.8 1.4544e+01  14 1.00000e+00  
 51.9 1.4584e+01  14 1.00000e+00  
 52.0 1.4633e+01  14 1.00000e+00  
 52.1 1.4679e+01  14 1.00000e+00  
 52.2 1.4716e+01  14 1.00000e+00  
 52.3 1.4750e+01  14 1.00000e+00  
 52.4 1.4779e+01  14 1.00000e+00  
 52.5 1.4846e+01  14 1.00000e+00  
 52.6 1.4876e+01  14 1.00000e+00  
 52.7 1.4897e+01  14 1.00000e+00  
 52.8 1.4920e+01  14 1.00000e+00  
 52.9 1.4942e+01  14 1.00000e+00  
 53.0 1.4967e+01  14 1.00000e+00  
 53.1 1.4988e+01  14 1.00000e+00  
 53.2 1.5014e+01  14 1.00000e+00  
 53.3 1.5031e+01  14 1.00000e+00  
 53.4 1.5080e+01  14 1.00000e+00  
 53.5 1.5117e+01  14 1.00000e+00  
 53.6 1.5168e+01  14 1.00000e+00  
 53.7 1.5214e+01  14 1.00000e+00  
 53.8 1.5248e+01  14 1.00000e+00  
 53.9 1.5285e+01  14 1.00000e+00  
 54.0 1.5314e+01  14 1.00000e+00  
 54.1 1.5375e+01  14 1.00000e+00  
 54.2 1.5410e+01  14 1.00000e+00  
 54.3 1.5428e+01  14 1.00000e+00  
 54.4 1.5451e+01  14 1.00000e+00  
 54.5 1.5473e+01  14 1.00000e+00  
 54.6 1.5501e+01  14 1.00000e+00  
 54.7 1.5523e+01  14 1.00000e+00  
 54.8 1.5549e+01  14 1.00000e+00  
 54.9 1.5567e+01  14 1.00000e+00  
 55.0 1.5608e+01  14 1.00000e+00  
 55.1 1.5657e+01  14 1.00000e+00  
 55.2 1.5685e+01  14 1.00000e+00  
 55.3 1.5748e+01  14 1.00000e+00  
 55.4 1.5788e+01  14 1.00000e+00  
 55.5 1.5825e+01  14 1.00000e+00  
 55.6 1.5860e+01  14 1.00000e+00  
 55.7 1.5889e+01  14 1.00000e+00  
 55.8 1.5952e+01  14 1.00000e+00  
 55.9 1.5984e+01  14 1.00000e+00  
 56.0 1.5999e+01  14 1.00000e+00  
 56.1 1.6026e+01  14 1.00000e+00  
 56.2 1.6051e+01  14 1.00000e+00  
 56.3 1.6078e+01  14 1.00000e+00  
 56.4 1.6101e+01  14 1.00000e+00  
 56.5 1.6119e+01  14 1.00000e+00  
 56.6 1.6150e+01  14 1.00000e+00  
 56.7 1.6195e+01  14 1.00000e+00  
 56.8 1.6233e+01  14 1.00000e+00  
 56.9 1.6272e+01  14 1.00000e+00  
 57.0 1.6324e+01  14 1.00000e+00  
 57.1 1.6359e+01  14 1.00000e+00  
 57.2 1.6399e+01  14 1.00000e+00  
 57.3 1.6431e+01  14 1.00000e+00  
 57.4 1.6470e+01  14 1.00000e+00  
 57.5 1.6534e+01  14 1.00000e+00  
 57.6 1.6568e+01  14 1.00000e+00  
 57.7 1.6585e+01  14 1.00000e+00  
 57.8 1.6612e+01  14 1.00000e+00  
 57.9 1.6637e+01  14 1.00000e+00  
 58.0 1.6658e+01  14 1.00000e+00  
 58.1 1.6680e+01  14 1.00000e+00  
 58.2 1.6708e+01  14 1.00000e+00  
 58.3 1.6730e+01  14 1.00000e+00  
 58.4 1.6763e+01  14 1.00000e+00  
 58.5 1.6811e+01  14 1.00000e+00  
 58.6 1.6846e+01  14 1.00000e+00  
 58.7 1.6889e+01  14 1.00000e+00  
 58.8 1.6942e+01  14 1.00000e+00  
 58.9 1.6978e+01  14 1.00000e+00  
 59.0 1.7012e+01  14 1.00000e+00  
 59.1 1.7049e+01  14 1.00000e+00  
 59.2 1.7086e+01  14 1.00000e+00  
 59.3 1.7117e+01  14 1.00000e+00  
 59.4 1.7170e+01  14 1.00000e+00  
 59.5 1.7199e+01  14 1.00000e+00  
 59.6 1.7218e+01  14 1.00000e+00  
 59.7 1.7246e+01  14 1.00000e+00  
 59.8 1.7277e+01  14 1.00000e+00  
 59.9 1.7303e+01  14 1.00000e+00  
 60.0 1.7322e+01  14 1.00000e+00  
 60.1 1.7352e+01  14 1.00000e+00  
 60.2 1.7401e+01  14 1.00000e+00  
 60.3 1.7432e+01  14 1.00000e+00  
 60.4 1.7483e+01  14 1.00000e+00  
 60.5 1.7511e+01  14 1.00000e+00  
 60.6 1.7566e+01  14 1.00000e+00  
 60.7 1.7609e+01  14 1.00000e+00  
 60.8 1.7642e+01  14 1.00000e+00  
 60.9 1.7673e+01  14 1.00000e+00  
 61.0 1.7700e+01  14 1.00000e+00  
 61.1 1.7734e+01  14 1.00000e+00  
 61.2 1.7797e+01  14 1.00000e+00  
 61.3 1.7832e+01  14 1.00000e+00  
 61.4 1.7840e+01  14 1.00000e+00  
 61.5 1.7878e+01  14 1.00000e+00  
 61.6 1.7898e+01  14 1.00000e+00  
 61.7 1.7916e+01  14 1.00000e+00  
 61.8 1.7942e+01  14 1.00000e+00  
 61.9 1.7975e+01  14 1.00000e+00  
 62.0 1.7997e+01  14 1.00000e+00  
 62.1 1.8042e+01  14 1.00000e+00  
 62.2 1.8089e+01  14 1.00000e+00  
 62.3 1.8117e+01  14 1.00000e+00  
 62.4 1.8167e+01  14 1.00000e+00  
 62.5 1.8203e+01  14 1.00000e+00  
 62.6 1.8244e+01  14 1.00000e+00  
 62.7 1.8288e+01  14 1.00000e+00  
 62.8 1.8327e+01  14 1.00000e+00  
 62.9 1.8357e+01  14 1.00000e+00  
 63.0 1.8394e+01  14 1.00000e+00  
 63.1 1.8455e+01  14 1.00000e+00  
 63.2 1.8493e+01  14 1.00000e+00  
 63.3 1.8513e+01  14 1.00000e+00  
 63.4 1.8535e+01  14 1.00000e+00  
 63.5 1.8557e+01  14 1.00000e+00  
 63.6 1.8572e+01  14 1.00000e+00  
 63.7 1.8598e+01  14 1.00000e+00  
 63.8 1.8633e+01  14 1.00000e+00  
 63.9 1.8653e+01  14 1.00000e+00  
 64.0 1.8677e+01  14 1.00000e+00  
 64.1 1.8736e+01  14 1.00000e+00  
 64.2 1.8785e+01  14 1.00000e+00  
 64.3 1.8826e+01  14 1.00000e+00  
 64.4 1.8859e+01  14 1.00000e+00  
 64.5 1.8895e+01  14 1.00000e+00  
 64.6 1.8947e+01  14 1.00000e+00  
 64.7 1.8983e+01  14 1.00000e+00  
 64.8 1.9025e+01  14 1.00000e+00  
 64.9 1.9059e+01  14 1.00000e+00  
 65.0 1.9080e+01  14 1.00000e+00  
 65.1 1.9119e+01  14 1.00000e+00  
 65.2 1.9183e+01  14 1.00000e+00  
 65.3 1.9214e+01  14 1.00000e+00  
 65.4 1.9242e+01  14 1.00000e+00  
 65.5 1.9268e+01  14 1.00000e+00  
 65.6 1.9292e+01  14 1.00000e+00  
 65.7 1.9316e+01  14 1.00000e+00  
 65.8 1.9344e+01  14 1.00000e+00  
 65.9 1.9362e+01  14 1.00000e+00  
 66.0 1.9385e+01  14 1.00000e+00  
 66.1 1.9420e+01  14 1.00000e+00  
 66.2 1.9477e+01  14 1.00000e+00  
 66.3 1.9525e+01  14 1.00000e+00  
 66.4 1.9564e+01  14 1.00000e+00  
 66.5 1.9587e+01  14 1.00000e+00  
 66.6 1.9650e+01  14 1.00000e+00  
 66.7 1.9691e+01  14 1.00000e+00  
 66.8 1.9722e+01  14 1.00000e+00  
 66.9 1.9764e+01  14 1.00000e+00  
 67.0 1.9797e+01  14 1.00000e+00  
 67.1 1.9833e+01  14 1.00000e+00  
 67.2 1.9858e+01  14 1.00000e+00  
 67.3 1.9921e+01  14 1.00000e+00  
 67.4 1.9953e+01  14 1.00000e+00  
 67.5 1.9985e+01  14 1.00000e+00  
 67.6 2.0010e+01  14 1.00000e+00  
 67.7 2.0036e+01  14 1.00000e+00  
 67.8 2.0062e+01  14 1.00000e+00  
 67.9 2.0077e+01  14 1.00000e+00  
 68.0 2.0112e+01  14 1.00000e+00  
 68.1 2.0136e+01  14 1.00000e+00  
 68.2 2.0156e+01  14 1.00000e+00  
 68.3 2.0217e+01  14 1.00000e+00  
 68.4 2.0249e+01  14 1.00000e+00  
 68.5 2.0302e+01  14 1.00000e+00  
 68.6 2.0340e+01  14 1.00000e+00  
 68.7 2.0387e+01  14 1.00000e+00  
 68.8 2.0423e+01  14 1.00000e+00  
 68.9 2.0475e+01  14 1.00000e+00  
 69.0 2.0508e+01  14 1.00000e+00  
 69.1 2.0549e+01  14 1.00000e+00  
 69.2 2.0582e+01  14 1.00000e+00  
 69.3 2.0604e+01  14 1.00000e+00  
 69.4 2.0640e+01  14 1.00000e+00  
 69.5 2.0705e+01  14 1.00000e+00  
 69.6 2.0750e+01  14 1.00000e+00  
 69.7 2.0769e+01  14 1.00000e+00  
 69.8 2.0796e+01  14 1.00000e+00  
 69.9 2.0814e+01  14 1.00000e+00  
 70.0 2.0837e+01  14 1.00000e+00  
 70.1 2.0873e+01  14 1.00000e+00  
 70.2 2.0883e+01  14 1.00000e+00  
 70.3 2.0924e+01  14 1.00000e+00  
 70.4 2.0929e+01  14 1.00000e+00  
 70.5 2.0995e+01  14 1.00000e+00  
 70.6 2.1050e+01  14 1.00000e+00  
 70.7 2.1085e+01  14 1.00000e+00  
 70.8 2.1130e+01  14 1.00000e+00  
 70.9 2.1178e+01  14 1.00000e+00  
 71.0 2.1204e+01  14 1.00000e+00  
 71.1 2.1255e+01  14 1.00000e+00  
 71.2 2.1304e+01  14 1.00000e+00  
 71.3 2.1339e+01  14 1.00000e+00  
 71.4 2.1379e+01  14 1.00000e+00  
 71.5 2.1410e+01  14 1.00000e+00  
 71.6 2.1450e+01  14 1.00000e+00  
 71.7 2.1478e+01  14 1.00000e+00  
 71.8 2.1514e+01  14 1.00000e+00  
 71.9 2.1593e+01  14 1.00000e+00  
 72.0 2.1604e+01  14 1.00000e+00  
 72.1 2.1630e+01  14 1.00000e+00  
 72.2 2.1663e+01  14 1.00000e+00  
 72.3 2.1674e+01  14 1.00000e+00  
 72.4 2.1713e+01  14 1.00000e+00  
 72.5 2.1741e+01  14 1.00000e+00  
 72.6 2.1767e+01  14 1.00000e+00  
 72.7 2.1792e+01  14 1.00000e+00  
 72.8 2.1823e+01  14 1.00000e+00  
 72.9 2.1878e+01  14 1.00000e+00  
 73.0 2.1929e+01  14 1.00000e+00  
 73.1 2.1958e+01  14 1.00000e+00  
 73.2 2.2015e+01  14 1.00000e+00  
 73.3 2.2052e+01  14 1.00000e+00  
 73.4 2.2093e+01  14 1.00000e+00  
 73.5 2.2138e+01  14 1.00000e+00  
 73.6 2.2167e+01  14 1.00000e+00  
 73.7 2.2214e+01  14 1.00000e+00  
 73.8 2.2254e+01  14 1.00000e+00  
 73.9 2.2281e+01  14 1.00000e+00  
 74.0 2.2329e+01  14 1.00000e+00  
 74.1 2.2352e+01  14 1.00000e+00  
 74.2 2.2394e+01  14 1.00000e+00  
 74.3 2.2442e+01  14 1.00000e+00  
 74.4 2.2487e+01  14 1.00000e+00  
 74.5 2.2515e+01  14 1.00000e+00  
 74.6 2.2545e+01  14 1.00000e+00  
 74.7 2.2572e+01  14 1.00000e+00  
 74.8 2.2599e+01  14 1.00000e+00  
 74.9 2.2624e+01  14 1.00000e+00  
 75.0 2.2641e+01  14 1.00000e+00  
 75.1 2.2663e+01  14 1.00000e+00  
 75.2 2.2697e+01  14 1.00000e+00  
 75.3 2.2747e+01  14 1.00000e+00  
 75.4 2.2806e+01  14 1.00000e+00  
 75.5 2.2834e+01  14 1.00000e+00  
 75.6 2.2892e+01  14 1.00000e+00  
 75.7 2.2925e+01  14 1.00000e+00  
 75.8 2.2983e+01  14 1.00000e+00  
 75.9 2.3022e+01  14 1.00000e+00  
 76.0 2.3060e+01  14 1.00000e+00  
 76.1 2.3111e+01  14 1.00000e+00  
 76.2 2.3139e+01  14 1.00000e+00  
 76.3 2.3184e+01  14 1.00000e+00  
 76.4 2.3218e+01  14 1.00000e+00  
 76.5 2.3262e+01  14 1.00000e+00  
 76.6 2.3292e+01  14 1.00000e+00  
 76.7 2.3329e+01  14 1.00000e+00  
 76.8 2.3357e+01  14 1.00000e+00  
 76.9 2.3434e+01  14 1.00000e+00  
 77.0 2.3455e+01  14 1.00000e+00  
 77.1 2.3474e+01  14 1.00000e+00  
 77.2 2.3508e+01  14 1.00000e+00  
 77.3 2.3536e+01  14 1.00000e+00  
 77.4 2.3552e+01  14 1.00000e+00  
 77.5 2.3590e+01  14 1.00000e+00  
 77.6 2.3617e+01  14 1.00000e+00  
 77.7 2.3643e+01  14 1.00000e+00  
 77.8 2.3673e+01  14 1.00000e+00  
 77.9 2.3730e+01  14 1.00000e+00  
 78.0 2.3769e+01  14 1.00000e+00  
 78.1 2.3828e+01  14 1.00000e+00  
 78.2 2.3875e+01  14 1.00000e+00  
 78.3 2.3908e+01  14 1.00000e+00  
 78.4 2.3986e+01  14 1.00000e+00  
 78.5 2.4025e+01  14 1.00000e+00  
 78.6 2.4073e+01  14 1.00000e+00  
 78.7 2.4116e+01  14 1.00000e+00  
 78.8 2.4140e+01  14 1.00000e+00  
 78.9 2.4181e+01  14 1.00000e+00  
 79.0 2.4232e+01  14 1.00000e+00  
 79.1 2.4268e+01  14 1.00000e+00  
 79.2 2.4286e+01  14 1.00000e+00  
 79.3 2.4335e+01  14 1.00000e+00  
 79.4 2.4369e+01  14 1.00000e+00  
 79.5 2.4451e+01  14 1.00000e+00  
 79.6 2.4470e+01  14 1.00000e+00  
 79.7 2.4494e+01  14 1.00000e+00  
 79.8 2.4515e+01  14 1.00000e+00  
 79.9 2.4553e+01  14 1.00000e+00  
 80.0 2.4582e+01  14 1.00000e+00  
 80.1 2.4607e+01  14 1.00000e+00  
 80.2 2.4630e+01  14 1.00000e+00  
 80.3 2.4659e+01  14 1.00000e+00  
 80.4 2.4691e+01  14 1.00000e+00  
 80.5 2.4724e+01  14 1.00000e+00  
 80.6 2.4785e+01  14 1.00000e+00  
 80.7 2.4842e+01  14 1.00000e+00  
 80.8 2.4881e+01  14 1.00000e+00  
 80.9 2.4920e+01  14 1.00000e+00  
 81.0 2.4980e+01  14 1.00000e+00  
 81.1 2.5021e+01  14 1.00000e+00  
 81.2 2.5042e+01  14 1.00000e+00  
 81.3 2.5083e+01  14 1.00000e+00  
 81.4 2.5153e+01  14 1.00000e+00  
 81.5 2.5194e+01  14 1.00000e+00  
 81.6 2.5215e+01  14 1.00000e+00  
 81.7 2.5272e+01  14 1.00000e+00  
 81.8 2.5309e+01  14 1.00000e+00  
 81.9 2.5332e+01  14 1.00000e+00  
 82.0 2.5379e+01  14 1.00000e+00  
 82.1 2.5398e+01  14 1.00000e+00  
 82.2 2.5445e+01  14 1.00000e+00  
 82.3 2.5517e+01  14 1.00000e+00  
 82.4 2.5548e+01  14 1.00000e+00  
 82.5 2.5559e+01  14 1.00000e+00  
 82.6 2.5601e+01  14 1.00000e+00  
 82.7 2.5635e+01  14 1.00000e+00  
 82.8 2.5664e+01  14 1.00000e+00  
 82.9 2.5691e+01  14 1.00000e+00  
 83.0 2.5719e+01  14 1.00000e+00  
 83.1 2.5748e+01  14 1.00000e+00  
 83.2 2.5777e+01  14 1.00000e+00  
 83.3 2.5816e+01  14 1.00000e+00  
 83.4 2.5865e+01  14 1.00000e+00  
 83.5 2.5916e+01  14 1.00000e+00  
 83.6 2.5974e+01  14 1.00000e+00  
 83.7 2.6020e+01  14 1.00000e+00  
 83.8 2.6051e+01  14 1.00000e+00  
 83.9 2.6114e+01  14 1.00000e+00  
 84.0 2.6155e+01  14 1.00000e+00  
 84.1 2.6176e+01  14 1.00000e+00  
 84.2 2.6217e+01  14 1.00000e+00  
 84.3 2.6286e+01  14 1.00000e+00  
 84.4 2.6331e+01  14 1.00000e+00  
 84.5 2.6371e+01  14 1.00000e+00  
 84.6 2.6411e+01  14 1.00000e+00  
 84.7 2.6449e+01  14 1.00000e+00  
 84.8 2.6476e+01  14 1.00000e+00  
 84.9 2.6520e+01  14 1.00000e+00  
 85.0 2.6534e+01  14 1.00000e+00  
 85.1 2.6585e+01  14 1.00000e+00  
 85.2 2.6618e+01  14 1.00000e+00  
 85.3 2.6696e+01  14 1.00000e+00  
 85.4 2.6710e+01  14 1.00000e+00  
 85.5 2.6734e+01  14 1.00000e+00  
 85.6 2.6763e+01  14 1.00000e+00  
 85.7 2.6788e+01  14 1.00000e+00  
 85.8 2.6819e+01  14 1.00000e+00  
 85.9 2.6854e+01  14 1.00000e+00  
 86.0 2.6875e+01  14 1.00000e+00  
 86.1 2.6916e+01  14 1.00000e+00  
 86.2 2.6954e+01  14 1.00000e+00  
 86.3 2.6981e+01  14 1.00000e+00  
 86.4 2.7049e+01  14 1.00000e+00  
 86.5 2.7110e+01  14 1.00000e+00  
 86.6 2.7162e+01  14 1.00000e+00  
 86.7 2.7206e+01  14 1.00000e+00  
 86.8 2.7240e+01  14 1.00000e+00  
 86.9 2.7303e+01  14 1.00000e+00  
 87.0 2.7346e+01  14 1.00000e+00  
 87.1 2.7368e+01  14 1.00000e+00  
 87.2 2.7413e+01  14 1.00000e+00  
 87.3 2.7452e+01  14 1.00000e+00  
 87.4 2.7522e+01  14 1.00000e+00  
 87.5 2.7567e+01  14 1.00000e+00  
 87.6 2.7607e+01  14 1.00000e+00  
 87.7 2.7645e+01  14 1.00000e+00  
 87.8 2.7673e+01  14 1.00000e+00  
 87.9 2.7719e+01  14 1.00000e+00  
 88.0 2.7754e+01  14 1.00000e+00  
 88.1 2.7776e+01  14 1.00000e+00  
 88.2 2.7823e+01  14 1.00000e+00  
 88.3 2.7860e+01  14 1.00000e+00  
 88.4 2.7944e+01  14 1.00000e+00  
 88.5 2.7959e+01  14 1.00000e+00  
 88.6 2.7980e+01  14 1.00000e+00  
 88.7 2.8017e+01  14 1.00000e+00  
 88.8 2.8049e+01  14 1.00000e+00  
 88.9 2.8083e+01  14 1.00000e+00  
 89.0 2.8116e+01  14 1.00000e+00  
 89.1 2.8148e+01  14 1.00000e+00  
 89.2 2.8178e+01  14 1.00000e+00  
 89.3 2.8191e+01  14 1.00000e+00  
 89.4 2.8240e+01  14 1.00000e+00  
 89.5 2.8298e+01  14 1.00000e+00  
 89.6 2.8339e+01  14 1.00000e+00  
 89.7 2.8393e+01  14 1.00000e+00  
 89.8 2.8456e+01  14 1.00000e+00  
 89.9 2.8506e+01  14 1.00000e+00  
 90.0 2.8539e+01  14 1.00000e+00  
 90.1 2.8597e+01  14 1.00000e+00  
 90.2 2.8641e+01  14 1.00000e+00  
 90.3 2.8669e+01  14 1.00000e+00  
 90.4 2.8705e+01  14 1.00000e+00  
 90.5 2.8764e+01  14 1.00000e+00  
 90.6 2.8815e+01  14 1.00000e+00  
 90.7 2.8863e+01  14 1.00000e+00  
 90.8 2.8905e+01  14 1.00000e+00  
 90.9 2.8941e+01  14 1.00000e+00  
 91.0 2.8967e+01  14 1.00000e+00  
 91.1 2.9020e+01  14 1.00000e+00  
 91.2 2.9053e+01  14 1.00000e+00  
 91.3 2.9092e+01  14 1.00000e+00  
 91.4 2.9127e+01  14 1.00000e+00  
 91.5 2.9163e+01  14 1.00000e+00  
 91.6 2.9192e+01  14 1.00000e+00  
 91.7 2.9280e+01  14 1.00000e+00  
 91.8 2.9306e+01  14 1.00000e+00  
 91.9 2.9336e+01  14 1.00000e+00  
 92.0 2.9368e+01  14 1.00000e+00  
 92.1 2.9399e+01  14 1.00000e+00  
 92.2 2.9411e+01  14 1.00000e+00  
 92.3 2.9451e+01  14 1.00000e+00  
 92.4 2.9490e+01  14 1.00000e+00  
 92.5 2.9523e+01  14 1.00000e+00  
 92.6 2.9536e+01  14 1.00000e+00  
 92.7 2.9582e+01  14 1.00000e+00  
 92.8 2.9631e+01  14 1.00000e+00  
 92.9 2.9692e+01  14 1.00000e+00  
 93.0 2.9749e+01  14 1.00000e+00  
 93.1 2.9796e+01  14 1.00000e+00  
 93.2 2.9838e+01  14 1.00000e+00  
 93.3 2.9907e+01  14 1.00000e+00  
 93.4 2.9936e+01  14 1.00000e+00  
 93.5 2.9998e+01  14 1.00000e+00  
 93.6 3.0044e+01  14 1.00000e+00  
 93.7 3.0085e+01  14 1.00000e+00  
 93.8 3.0116e+01  14 1.00000e+00  
 93.9 3.0170e+01  14 1.00000e+00  
 94.0 3.0209e+01  14 1.00000e+00  
 94.1 3.0255e+01  14 1.00000e+00  
 94.2 3.0296e+01  14 1.00000e+00  
 94.3 3.0334e+01  14 1.00000e+00  
 94.4 3.0388e+01  14 1.00000e+00  
 94.5 3.0427e+01  14 1.00000e+00  
 94.6 3.0447e+01  14 1.00000e+00  
 94.7 3.0500e+01  14 1.00000e+00  
 94.8 3.0532e+01  14 1.00000e+00  
 94.9 3.0572e+01  14 1.00000e+00  
 95.0 3.0605e+01  14 1.00000e+00  
 95.1 3.0680e+01  14 1.00000e+00  
 95.2 3.0723e+01  14 1.00000e+00  
 95.3 3.0752e+01  14 1.00000e+00  
 95.4 3.0762e+01  14 1.00000e+00  
 95.5 3.0806e+01  14 1.00000e+00  
 95.6 3.0848e+01  14 1.00000e+00  
 95.7 3.0882e+01  14 1.00000e+00  
 95.8 3.0898e+01  14 1.00000e+00  
 95.9 3.0935e+01  14 1.00000e+00  
 96.0 3.1006e+01  14 1.00000e+00  
 96.1 3.1039e+01  14 1.00000e+00  
 96.2 3.1089e+01  14 1.00000e+00  
 96.3 3.1146e+01  14 1.00000e+00  
 96.4 3.1196e+01  14 1.00000e+00  
 96.5 3.1268e+01  14 1.00000e+00  
 96.6 3.1321e+01  14 1.00000e+00  
 96.7 3.1368e+01  14 1.00000e+00  
 96.8 3.1420e+01  14 1.00000e+00  
 96.9 3.1455e+01  14 1.00000e+00  
 97.0 3.1515e+01  14 1.00000e+00  
 97.1 3.1561e+01  14 1.00000e+00  
 97.2 3.1604e+01  14 1.00000e+00  
 97.3 3.1648e+01  14 1.00000e+00  
 97.4 3.1689e+01  14 1.00000e+00  
 97.5 3.1731e+01  14 1.00000e+00  
 97.6 3.1783e+01  14 1.00000e+00  
 97.7 3.1823e+01  14 1.00000e+00  
 97.8 3.1877e+01  14 1.00000e+00  
 97.9 3.1918e+01  14 1.00000e+00  
 98.0 3.1957e+01  14 1.00000e+00  
 98.1 3.1974e+01  14 1.00000e+00  
 98.2 3.2033e+01  14 1.00000e+00  
 98.3 3.2068e+01  14 1.00000e+00  
 98.4 3.2106e+01  14 1.00000e+00  
 98.5 3.2145e+01  14 1.00000e+00  
 98.6 3.2163e+01  14 1.00000e+00  
 98.7 3.2268e+01  14 1.00000e+00  
 98.8 3.2288e+01  14 1.00000e+00  
 98.9 3.2299e+01  14 1.00000e+00  
 99.0 3.2353e+01  14 1.00000e+00  
 99.1 3.2389e+01  14 1.00000e+00  
 99.2 3.2416e+01  14 1.00000e+00  
 99.3 3.2447e+01  14 1.00000e+00  
 99.4 3.2488e+01  14 1.00000e+00  
 99.5 3.2502e+01  14 1.00000e+00  
 99.6 3.2551e+01  14 1.00000e+00  
 99.7 3.2584e+01  14 1.00000e+00  
 99.8 3.2615e+01  14 1.00000e+00  
 99.9 3.2662e+01  14 1.00000e+00  
100.0 3.2716e+01  14 1.00000e+00  
100.1 3.2793e+01  14 1.00000e+00  
100.2 3.2850e+01  14 1.00000e+00  
100.3 3.2901e+01  14 1.00000e+00  
100.4 3.2937e+01  14 1.00000e+00  
100.5 3.3005e+01  14 1.00000e+00  
100.6 3.3053e+01  14 1.00000e+00  
100.7 3.3092e+01  14 1.00000e+00  
100.8 3.3149e+01  14 1.00000e+00  
100.9 3.3196e+01  14 1.00000e+00  
101.0 3.3241e+01  14 1.00000e+00  
101.1 3.3285e+01  14 1.00000e+00  
101.2 3.3327e+01  14 1.00000e+00  
101.3 3.3367e+01  14 1.00000e+00  
101.4 3.3434e+01  14 1.00000e+00  
101.5 3.3478e+01  14 1.00000e+00  
101.6 3.3521e+01  14 1.00000e+00  
101.7 3.3560e+01  14 1.00000e+00  
101.8 3.3594e+01  14 1.00000e+00  
101.9 3.3631e+01  14 1.00000e+00  
102.0 3.3678e+01  14 1.00000e+00  
102.1 3.3710e+01  14 1.00000e+00  
102.2 3.3753e+01  14 1.00000e+00  
102.3 3.3791e+01  14 1.00000e+00  
102.4 3.3810e+01  14 1.00000e+00  
102.5 3.3868e+01  14 1.00000e+00  
102.6 3.3957e+01  14 1.00000e+00  
102.7 3.3986e+01  14 1.00000e+00  
102.8 3.4013e+01  14 1.00000e+00  
102.9 3.4044e+01  14 1.00000e+00  
103.0 3.4089e+01  14 1.00000e+00  
103.1 3.4102e+01  14 1.00000e+00  
103.2 3.4153e+01  14 1.00000e+00  
103.3 3.4191e+01  14 1.00000e+00  
103.4 3.4217e+01  14 1.00000e+00  
103.5 3.4260e+01  14 1.00000e+00  
103.6 3.4277e+01  14 1.00000e+00  
103.7 3.4326e+01  14 1.00000e+00  
103.8 3.4364e+01  14 1.00000e+00  
103.9 3.4418e+01  14 1.00000e+00  
104.0 3.4484e+01  14 1.00000e+00  
104.1 3.4528e+01  14 1.00000e+00  
104.2 3.4599e+01  14 1.00000e+00  
104.3 3.4652e+01  14 1.00000e+00  
104.4 3.4689e+01  14 1.00000e+00  
104.5 3.4751e+01  14 1.00000e+00  
104.6 3.4806e+01  14 1.00000e+00  
104.7 3.4831e+01  14 1.00000e+00  
104.8 3.4891e+01  14 1.00000e+00  
104.9 3.4949e+01  14 1.00000e+00  
105.0 3.4998e+01  14 1.00000e+00  
105.1 3.5043e+01  14 1.00000e+00  
105.2 3.5086e+01  14 1.00000e+00  
105.3 3.5125e+01  14 1.00000e+00  
105.4 3.5116e+01  14 1.00000e+00  
105.5 3.5164e+01  14 1.00000e+00  
105.6 3.5204e+01  14 1.00000e+00  
105.7 3.5318e+01  14 1.00000e+00  
105.8 3.5342e+01  14 1.00000e+00  
105.9 3.5405e+01  14 1.00000e+00  
106.0 3.5447e+01  14 1.00000e+00  
106.1 3.5475e+01  14 1.00000e+00  
106.2 3.5476e+01  14 1.00000e+00  
106.3 3.5522e+01  14 1.00000e+00  
106.4 3.5569e+01  14 1.00000e+00  
106.5 3.5591e+01  14 1.00000e+00  
106.6 3.5645e+01  14 1.00000e+00  
106.7 3.5683e+01  14 1.00000e+00  
106.8 3.5700e+01  14 1.00000e+00  
106.9 3.5805e+01  14 1.00000e+00  
107.0 3.5839e+01  14 1.00000e+00  
107.1 3.5857e+01  14 1.00000e+00  
107.2 3.5912e+01  14 1.00000e+00  
107.3 3.5926e+01  14 1.00000e+00  
107.4 3.5982e+01  14 1.00000e+00  
107.5 3.6015e+01  14 1.00000e+00  
107.6 3.6028e+01  14 1.00000e+00  
107.7 3.6029e+01  14 1.00000e+00  
107.8 3.6030e+01  14 1.00000e+00  
107.9 3.6031e+01  14 1.00000e+00  
108.0 3.6032e+01  14 1.00000e+00  
108.1 2.9109e+01  14 1.00000e+00  
108.2 2.9132e+01  14 1.00000e+00  
108.3 2.9168e+01  14 1.00000e+00  
108.4 2.9192e+01  14 1.00000e+00  
108.5 2.9258e+01  14 1.00000e+00  
108.6 2.9289e+01  14 1.00000e+00  
108.7 2.9302e+01  14 1.00000e+00  
108.8 2.9341e+01  14 1.00000e+00  
108.9 2.9372e+01  14 1.00000e+00  
109.0 2.9395e+01  14 1.00000e+00  
109.1 2.9413e+01  14 1.00000e+00  
109.2 2.9448e+01  14 1.00000e+00  
109.3 2.9059e+01  14 1.00000e+00  
109.4 2.9101e+01  14 1.00000e+00  
109.5 2.9129e+01  14 1.00000e+00  
109.6 2.9147e+01  14 1.00000e+00  
109.7 2.9188e+01  14 1.00000e+00  
109.8 2.9267e+01  14 1.00000e+00  
109.9 2.9280e+01  14 1.00000e+00  
110.0 2.9307e+01  14 1.00000e+00  
110.1 2.9335e+01  14 1.00000e+00  
110.2 2.9357e+01  14 1.00000e+00  
110.3 2.9378e+01  14 1.00000e+00  
110.4 2.9411e+01  14 1.00000e+00  
110.5 2.9438e+01  14 1.00000e+00  
110.6 2.9055e+01  14 1.00000e+00  
110.7 2.9076e+01  14 1.00000e+00  
110.8 2.9117e+01  14 1.00000e+00  
110.9 2.9133e+01  14 1.00000e+00  
111.0 2.9175e+01  14 1.00000e+00  
111.1 2.9191e+01  14 1.00000e+00  
111.2 2.9278e+01  14 1.00000e+00  
111.3 2.9298e+01  14 1.00000e+00  
111.4 2.9303e+01  14 1.00000e+00  
111.5 2.9341e+01  14 1.00000e+00  
111.6 2.9373e+01  14 1.00000e+00  
111.7 2.9397e+01  14 1.00000e+00  
111.8 2.9413e+01  14 1.00000e+00  
111.9 2.9448e+01  14 1.00000e+00  
112.0 2.9059e+01  14 1.00000e+00  
112.1 2.9099e+01  14 1.00000e+00  
112.2 2.9127e+01  14 1.00000e+00  
112.3 2.9135e+01  14 1.00000e+00  
112.4 2.9183e+01  14 1.00000e+00  
112.5 2.9267e+01  14 1.00000e+00  
112.6 2.9283e+01  14 1.00000e+00  
112.7 2.9304e+01  14 1.00000e+00  
112.8 2.9329e+01  14 1.00000e+00  
112.9 2.9336e+01  14 1.00000e+00  
113.0 2.9378e+01  14 1.00000e+00  
113.1 2.9404e+01  14 1.00000e+00  
113.2 2.9409e+01  14 1.00000e+00  
113.3 2.9452e+01  14 1.00000e+00  
113.4 2.9058e+01  14 1.00000e+00  
113.5 2.9105e+01  14 1.00000e+00  
113.6 2.9130e+01  14 1.00000e+00  
113.7 2.9150e+01  14 1.00000e+00  
113.8 2.9187e+01  14 1.00000e+00  
113.9 2.9266e+01  14 1.00000e+00  
114.0 2.9280e+01  14 1.00000e+00  
114.1 2.9307e+01  14 1.00000e+00  
114.2 2.9333e+01  14 1.00000e+00  
114.3 2.9338e+01  14 1.00000e+00  
114.4 2.9379e+01  14 1.00000e+00  
114.5 2.9408e+01  14 1.00000e+00  
114.6 2.9426e+01  14 1.00000e+00  
114.7 2.9453e+01  14 1.00000e+00  
114.8 2.9062e+01  14 1.00000e+00  
114.9 2.9107e+01  14 1.00000e+00  
115.0 2.9131e+01  14 1.00000e+00  
115.1 2.9159e+01  14 1.00000e+00  
115.2 2.9188e+01  14 1.00000e+00  
115.3 2.9265e+01  14 1.00000e+00  
115.4 2.9279e+01  14 1.00000e+00  
115.5 2.9307e+01  14 1.00000e+00  
115.6 2.9333e+01  14 1.00000e+00  
115.7 2.9336e+01  14 1.00000e+00  
115.8 2.9379e+01  14 1.00000e+00  
115.9 2.9407e+01  14 1.00000e+00  
116.0 2.9416e+01  14 1.00000e+00  
116.1 2.9453e+01  14 1.00000e+00  
116.2 2.9058e+01  14 1.00000e+00  
116.3 2.9104e+01  14 1.00000e+00  
116.4 2.9129e+01  14 1.00000e+00  
116.5 2.9143e+01  14 1.00000e+00  
116.6 2.9188e+01  14 1.00000e+00  
116.7 2.9268e+01  14 1.00000e+00  
116.8 2.9283e+01  14 1.00000e+00  
116.9 2.9304e+01  14 1.00000e+00  
117.0 2.9328e+01  14 1.00000e+00  
117.1 2.9337e+01  14 1.00000e+00  
117.2 2.9376e+01  14 1.00000e+00  
117.3 2.9401e+01  14 1.00000e+00  
117.4 2.9410e+01  14 1.00000e+00  
117.5 2.9448e+01  14 1.00000e+00  
117.6 2.9059e+01  14 1.00000e+00  
117.7 2.9096e+01  14 1.00000e+00  
117.8 2.9123e+01  14 1.00000e+00  
117.9 2.9131e+01  14 1.00000e+00  
118.0 2.9177e+01  14 1.00000e+00  
118.1 2.9189e+01  14 1.00000e+00  
118.2 2.9279e+01  14 1.00000e+00  
118.3 2.9298e+01  14 1.00000e+00  
118.4 2.9300e+01  14 1.00000e+00  
118.5 2.9341e+01  14 1.00000e+00  
118.6 2.9368e+01  14 1.00000e+00  
118.7 2.9375e+01  14 1.00000e+00  
118.8 2.9414e+01  14 1.00000e+00  
118.9 2.9439e+01  14 1.00000e+00  
119.0 2.9054e+01  14 1.00000e+00  
119.1 2.9064e+01  14 1.00000e+00  
119.2 2.9112e+01  14 1.00000e+00  
119.3 2.9132e+01  14 1.00000e+00  
119.4 2.9164e+01  14 1.00000e+00  
119.5 2.9189e+01  14 1.00000e+00  
119.6 2.9267e+01  14 1.00000e+00  
119.7 2.9282e+01  14 1.00000e+00  
119.8 2.9306e+01  14 1.00000e+00  
119.9 2.9331e+01  14 1.00000e+00  
120.0 2.9339e+01  14 1.00000e+00  
120.1 2.9378e+01  14 1.00000e+00  
120.2 2.9402e+01  14 1.00000e+00  
120.3 2.9411e+01  14 1.00000e+00  
120.4 2.9041e+01  14 1.00000e+00  
120.5 2.9058e+01  14 1.00000e+00  
120.6 2.9093e+01  14 1.00000e+00  
120.7 2.9120e+01  14 1.00000e+00  
120.8 2.9132e+01  14 1.00000e+00  
120.9 2.9174e+01  14 1.00000e+00  
121.0 2.9192e+01  14 1.00000e+00  
121.1 2.9252e+01  14 1.00000e+00  
121.2 2.9274e+01  14 1.00000e+00  
121.3 2.9306e+01  14 1.00000e+00  
121.4 2.9335e+01  14 1.00000e+00  
121.5 2.9339e+01  14 1.00000e+00  
121.6 2.9379e+01  14 1.00000e+00  
121.7 2.9408e+01  14 1.00000e+00  
121.8 2.9020e+01  14 1.00000e+00  
121.9 2.9046e+01  14 1.00000e+00  
122.0 2.9059e+01  14 1.00000e+00  
122.1 2.9099e+01  14 1.00000e+00  
122.2 2.9124e+01  14 1.00000e+00  
122.3 2.9136e+01  14 1.00000e+00  
122.4 2.9177e+01  14 1.00000e+00  
122.5 2.9191e+01  14 1.00000e+00  
122.6 2.9275e+01  14 1.00000e+00  
122.7 2.9276e+01  14 1.00000e+00  
122.8 2.9305e+01  14 1.00000e+00  
122.9 2.9336e+01  14 1.00000e+00  
123.0 2.9348e+01  14 1.00000e+00  
123.1 2.9379e+01  14 1.00000e+00  
123.2 2.9406e+01  14 1.00000e+00  
123.3 2.9018e+01  14 1.00000e+00  
123.4 2.9046e+01  14 1.00000e+00  
123.5 2.9059e+01  14 1.00000e+00  
123.6 2.9098e+01  14 1.00000e+00  
123.7 2.9124e+01  14 1.00000e+00  
123.8 2.9131e+01  14 1.00000e+00  
123.9 2.9175e+01  14 1.00000e+00  
124.0 2.9192e+01  14 1.00000e+00  
124.1 2.9253e+01  14 1.00000e+00  
124.2 2.9273e+01  14 1.00000e+00  
124.3 2.9306e+01  14 1.00000e+00  
124.4 2.9334e+01  14 1.00000e+00  
124.5 2.9335e+01  14 1.00000e+00  
124.6 2.9379e+01  14 1.00000e+00  
124.7 2.9402e+01  14 1.00000e+00  
124.8 2.9014e+01  14 1.00000e+00  
124.9 2.9040e+01  14 1.00000e+00  
125.0 2.9058e+01  14 1.00000e+00  
125.1 2.9093e+01  14 1.00000e+00  
125.2 2.9119e+01  14 1.00000e+00  
125.3 2.9133e+01  14 1.00000e+00  
125.4 2.9169e+01  14 1.00000e+00  
125.5 2.9191e+01  14 1.00000e+00  
125.6 2.9265e+01  14 1.00000e+00  
125.7 2.9282e+01  14 1.00000e+00  
125.8 2.9306e+01  14 1.00000e+00  
125.9 2.9327e+01  14 1.00000e+00  
126.0 2.9340e+01  14 1.00000e+00  
126.1 2.9373e+01  14 1.00000e+00  
126.2 2.9377e+01  14 1.00000e+00  
126.3 2.9004e+01  14 1.00000e+00  
126.4 2.9031e+01  14 1.00000e+00  
126.5 2.9053e+01  14 1.00000e+00  
126.6 2.9062e+01  14 1.00000e+00  
126.7 2.9107e+01  14 1.00000e+00  
126.8 2.9129e+01  14 1.00000e+00  
126.9 2.9145e+01  14 1.00000e+00  
127.0 2.9183e+01  14 1.00000e+00  
127.1 2.9191e+01  14 1.00000e+00  
127.2 2.9279e+01  14 1.00000e+00  
127.3 2.9296e+01  14 1.00000e+00  
127.4 2.9301e+01  14 1.00000e+00  
127.5 2.9337e+01  14 1.00000e+00  
127.6 2.9355e+01  14 1.00000e+00  
127.7 2.9379e+01  14 1.00000e+00  
127.8 2.8970e+01  14 1.00000e+00  
127.9 2.9017e+01  14 1.00000e+00  
128.0 2.9042e+01  14 1.00000e+00  
128.1 2.9058e+01  14 1.00000e+00  
128.2 2.9092e+01  14 1.00000e+00  
128.3 2.9117e+01  14 1.00000e+00  
128.4 2.9133e+01  14 1.00000e+00  
128.5 2.9166e+01  14 1.00000e+00  
128.6 2.9189e+01  14 1.00000e+00  
128.7 2.9268e+01  14 1.00000e+00  
128.8 2.9283e+01  14 1.00000e+00  
128.9 2.9304e+01  14 1.00000e+00  
129.0 2.9323e+01  14 1.00000e+00  
129.1 2.9342e+01  14 1.00000e+00  
129.2 2.9369e+01  14 1.00000e+00  
129.3 2.8959e+01  14 1.00000e+00  
129.4 2.8988e+01  14 1.00000e+00  
129.5 2.9024e+01  14 1.00000e+00  
129.6 2.9048e+01  14 1.00000e+00  
129.7 2.9059e+01  14 1.00000e+00  
129.8 2.9098e+01  14 1.00000e+00  
129.9 2.9123e+01  14 1.00000e+00  
130.0 2.9132e+01  14 1.00000e+00  
130.1 2.9172e+01  14 1.00000e+00  
130.2 2.9192e+01  14 1.00000e+00  
130.3 2.9264e+01  14 1.00000e+00  
130.4 2.9282e+01  14 1.00000e+00  
130.5 2.9304e+01  14 1.00000e+00  
130.6 2.9324e+01  14 1.00000e+00  
130.7 2.9342e+01  14 1.00000e+00  
130.8 2.9369e+01  14 1.00000e+00  
130.9 2.8959e+01  14 1.00000e+00  
131.0 2.8996e+01  14 1.00000e+00  
131.1 2.9026e+01  14 1.00000e+00  
131.2 2.9049e+01  14 1.00000e+00  
131.3 2.9058e+01  14 1.00000e+00  
131.4 2.9099e+01  14 1.00000e+00  
131.5 2.9123e+01  14 1.00000e+00  
131.6 2.9132e+01  14 1.00000e+00  
131.7 2.9171e+01  14 1.00000e+00  
131.8 2.9192e+01  14 1.00000e+00  
131.9 2.9264e+01  14 1.00000e+00  
132.0 2.9282e+01  14 1.00000e+00  
132.1 2.9304e+01  14 1.00000e+00  
132.2 2.9319e+01  14 1.00000e+00  
132.3 2.9342e+01  14 1.00000e+00  
132.4 2.9367e+01  14 1.00000e+00  
132.5 2.8958e+01  14 1.00000e+00  
132.6 2.8979e+01  14 1.00000e+00  
132.7 2.9020e+01  14 1.00000e+00  
132.8 2.9044e+01  14 1.00000e+00  
132.9 2.9058e+01  14 1.00000e+00  
133.0 2.9092e+01  14 1.00000e+00  
133.1 2.9116e+01  14 1.00000e+00  
133.2 2.9133e+01  14 1.00000e+00  
133.3 2.9166e+01  14 1.00000e+00  
133.4 2.9189e+01  14 1.00000e+00  
133.5 2.9268e+01  14 1.00000e+00  
133.6 2.9281e+01  14 1.00000e+00  
133.7 2.9299e+01  14 1.00000e+00  
133.8 2.9303e+01  14 1.00000e+00  
133.9 2.9339e+01  14 1.00000e+00  
134.0 2.9360e+01  14 1.00000e+00  
134.1 2.8955e+01  14 1.00000e+00  
134.2 2.8969e+01  14 1.00000e+00  
134.3 2.9013e+01  14 1.00000e+00  
134.4 2.9038e+01  14 1.00000e+00  
134.5 2.9056e+01  14 1.00000e+00  
134.6 2.9066e+01  14 1.00000e+00  
134.7 2.9110e+01  14 1.00000e+00  
134.8 2.9130e+01  14 1.00000e+00  
134.9 2.9135e+01  14 1.00000e+00  
135.0 2.9180e+01  14 1.00000e+00  
135.1 2.9191e+01  14 1.00000e+00  
135.2 2.9257e+01  14 1.00000e+00  
135.3 2.9273e+01  14 1.00000e+00  
135.4 2.9307e+01  14 1.00000e+00  
135.5 2.9329e+01  14 1.00000e+00  
135.6 2.9340e+01  14 1.00000e+00  
135.7 2.9371e+01  14 1.00000e+00  
135.8 2.9375e+01  14 1.00000e+00  
135.9 3.3948e+01  14 1.00000e+00  
136.0 3.3992e+01  14 1.00000e+00  
136.1 3.4018e+01  14 1.00000e+00  
136.2 3.4044e+01  14 1.00000e+00  
136.3 3.4074e+01  14 1.00000e+00  
136.4 3.4099e+01  14 1.00000e+00  
136.5 3.4121e+01  14 1.00000e+00  
136.6 3.4152e+01  14 1.00000e+00  
136.7 3.4159e+01  14 1.00000e+00  
136.8 2.9268e+01  14 1.00000e+00  
136.9 2.9281e+01  14 1.00000e+00  
137.0 2.9298e+01  14 1.00000e+00  
137.1 2.9300e+01  14 1.00000e+00  
137.2 3.3812e+01  14 1.00000e+00  
137.3 3.3852e+01  14 1.00000e+00  
137.4 3.3878e+01  14 1.00000e+00  
137.5 3.3958e+01  14 1.00000e+00  
137.6 3.3980e+01  14 1.00000e+00  
137.7 3.3993e+01  14 1.00000e+00  
137.8 3.4035e+01  14 1.00000e+00  
137.9 3.4050e+01  14 1.00000e+00  
138.0 3.4087e+01  14 1.00000e+00  
138.1 3.4104e+01  14 1.00000e+00  
138.2 3.4138e+01  14 1.00000e+00  
138.3 3.4152e+01  14 1.00000e+00  
138.4 3.4188e+01  14 1.00000e+00  
138.5 3.4211e+01  14 1.00000e+00  
138.6 3.4219e+01  14 1.00000e+00  
138.7 3.4266e+01  14 1.00000e+00  
138.8 3.4278e+01  14 1.00000e+00  
138.9 3.4314e+01  14 1.00000e+00  
139.0 3.4340e+01  14 1.00000e+00  
139.1 3.4381e+01  14 1.00000e+00  
139.2 3.4419e+01  14 1.00000e+00  
139.3 3.4464e+01  14 1.00000e+00  
139.4 3.4517e+01  14 1.00000e+00  
139.5 3.4551e+01  14 1.00000e+00  
139.6 3.4047e+01  14 1.00000e+00  
139.7 3.4092e+01  14 1.00000e+00  
139.8 3.4102e+01  14 1.00000e+00  
139.9 3.4142e+01  14 1.00000e+00  
140.0 3.4158e+01  14 1.00000e+00  
140.1 3.4192e+01  14 1.00000e+00  
140.2 3.4211e+01  14 1.00000e+00  
140.3 3.4230e+01  14 1.00000e+00  
140.4 3.4268e+01  14 1.00000e+00  
140.5 3.4277e+01  14 1.00000e+00  
140.6 3.4316e+01  14 1.00000e+00  
140.7 3.4341e+01  14 1.00000e+00  
140.8 3.4377e+01  14 1.00000e+00  
140.9 3.4410e+01  14 1.00000e+00  
141.0 3.4453e+01  14 1.00000e+00  
141.1 3.4512e+01  14 1.00000e+00  
141.2 3.4539e+01  14 1.00000e+00  
141.3 3.4595e+01  14 1.00000e+00  
141.4 3.4619e+01  14 1.00000e+00  
141.5 3.4675e+01  14 1.00000e+00  
141.6 3.4704e+01  14 1.00000e+00  
141.7 3.4755e+01  14 1.00000e+00  
141.8 3.4797e+01  14 1.00000e+00  
141.9 3.4831e+01  14 1.00000e+00  
142.0 3.4852e+01  14 1.00000e+00  
142.1 3.4894e+01  14 1.00000e+00  
142.2 3.4937e+01  14 1.00000e+00  
142.3 3.4975e+01  14 1.00000e+00  
142.4 3.5010e+01  14 1.00000e+00  
142.5 3.5044e+01  14 1.00000e+00  
142.6 3.5076e+01  14 1.00000e+00  
142.7 3.5107e+01  14 1.00000e+00  
142.8 3.5134e+01  14 1.00000e+00  
142.9 3.5117e+01  14 1.00000e+00  
143.0 3.5152e+01  14 1.00000e+00  
143.1 3.5184e+01  14 1.00000e+00  
143.2 3.4674e+01  14 1.00000e+00  
143.3 3.4691e+01  14 1.00000e+00  
143.4 3.4740e+01  14 1.00000e+00  
143.5 3.4792e+01  14 1.00000e+00  
143.6 3.4827e+01  14 1.00000e+00  
143.7 3.4844e+01  14 1.00000e+00  
143.8 3.4886e+01  14 1.00000e+00  
143.9 3.4930e+01  14 1.00000e+00  
144.0 3.4968e+01  14 1.00000e+00  
144.1 3.5004e+01  14 1.00000e+00  
144.2 3.5037e+01  14 1.00000e+00  
144.3 3.5069e+01  14 1.00000e+00  
144.4 3.5100e+01  14 1.00000e+00  
144.5 3.5128e+01  14 1.00000e+00  
144.6 3.5107e+01  14 1.00000e+00  
144.7 3.5143e+01  14 1.00000e+00  
144.8 3.5176e+01  14 1.00000e+00  
144.9 3.5205e+01  14 1.00000e+00  
145.0 3.5238e+01  14 1.00000e+00  
145.1 3.5332e+01  14 1.00000e+00  
145.2 3.5355e+01  14 1.00000e+00  
145.3 3.5405e+01  14 1.00000e+00  
145.4 3.5436e+01  14 1.00000e+00  
145.5 3.5462e+01  14 1.00000e+00  
145.6 3.5476e+01  14 1.00000e+00  
145.7 3.5500e+01  14 1.00000e+00  
145.8 3.5551e+01  14 1.00000e+00  
145.9 3.5579e+01  14 1.00000e+00  
146.0 3.5583e+01  14 1.00000e+00  
146.1 3.5591e+01  14 1.00000e+00  
146.2 3.5639e+01  14 1.00000e+00  
146.3 3.5671e+01  14 1.00000e+00  
146.4 3.5688e+01  14 1.00000e+00  
146.5 3.5711e+01  14 1.00000e+00  
146.6 3.5802e+01  14 1.00000e+00  
146.7 3.5801e+01  14 1.00000e+00  
146.8 3.5849e+01  14 1.00000e+00  
146.9 3.5858e+01  14 1.00000e+00  
147.0 3.5363e+01  14 1.00000e+00  
147.1 3.5414e+01  14 1.00000e+00  
147.2 3.5444e+01  14 1.00000e+00  
147.3 3.5467e+01  14 1.00000e+00  
147.4 3.5477e+01  14 1.00000e+00  
147.5 3.5516e+01  14 1.00000e+00  
147.6 3.5556e+01  14 1.00000e+00  
147.7 3.5582e+01  14 1.00000e+00  
147.8 3.5586e+01  14 1.00000e+00  
147.9 3.5600e+01  14 1.00000e+00  
148.0 3.5647e+01  14 1.00000e+00  
148.1 3.5682e+01  14 1.00000e+00  
148.2 3.5685e+01  14 1.00000e+00  
148.3 3.5777e+01  14 1.00000e+00  
148.4 3.5805e+01  14 1.00000e+00  
148.5 3.5832e+01  14 1.00000e+00  
148.6 3.5857e+01  14 1.00000e+00  
148.7 3.5867e+01  14 1.00000e+00  
148.8 3.5912e+01  14 1.00000e+00  
148.9 3.5925e+01  14 1.00000e+00  
149.0 3.5961e+01  14 1.00000e+00  
149.1 3.5986e+01  14 1.00000e+00  
149.2 3.6002e+01  14 1.00000e+00  
149.3 3.6040e+01  14 1.00000e+00  
149.4 3.6054e+01  14 1.00000e+00  
149.5 3.6084e+01  14 1.00000e+00  
149.6 3.6116e+01  14 1.00000e+00  
149.7 3.6130e+01  14 1.00000e+00  
149.8 3.6163e+01  14 1.00000e+00  
149.9 3.6190e+01  14 1.00000e+00  
150.0 3.6212e+01  14 1.00000e+00  
