 15.1 1.4269e+00  13 4.83597e-02  
 15.2 1.4345e+00  13 4.82656e-02  
 15.3 1.4421e+00  13 4.82650e-02  
 15.4 1.4498e+00  13 4.85791e-02  
 15.5 1.4574e+00  13 4.85714e-02  
 15.6 1.4651e+00  13 4.83756e-02  
 15.7 1.4727e+00  13 4.82299e-02  
 15.8 1.4804e+00  13 4.82742e-02  
 15.9 1.4880e+00  13 4.84583e-02  
 16.0 1.4956e+00  13 4.82876e-02  
 16.1 1.5033e+00  13 4.85827e-02  
 16.2 1.5109e+00  13 4.88915e-02  
 16.3 1.5186e+00  13 4.92868e-02  
 16.4 1.5262e+00  13 4.96721e-02  
 16.5 1.5339e+00  13 5.00605e-02  
 16.6 1.5415e+00  13 5.04466e-02  
 16.7 1.5491e+00  13 5.08299e-02  
 16.8 1.5568e+00  13 5.12101e-02  
 16.9 1.5644e+00  13 5.15883e-02  
 17.0 1.5721e+00  13 5.19634e-02  
 17.1 1.5797e+00  13 5.23869e-02  
 17.2 1.5873e+00  13 5.27444e-02  
 17.3 1.5950e+00  13 5.31128e-02  
 17.4 1.6026e+00  13 5.34787e-02  
 17.5 1.6102e+00  13 5.38421e-02  
 17.6 1.6179e+00  13 5.42038e-02  
 17.7 1.6255e+00  13 5.45632e-02  
 17.8 1.6331e+00  13 5.49204e-02  
 17.9 1.6408e+00  13 5.52758e-02  
 18.0 1.6484e+00  13 5.56289e-02  
 18.1 1.6560e+00  13 5.59808e-02  
 18.2 1.6636e+00  13 5.63312e-02  
 18.3 1.6713e+00  13 5.66794e-02  
 18.4 1.6789e+00  13 5.70259e-02  
 18.5 1.6865e+00  13 5.74285e-02  
 18.6 1.6941e+00  13 5.77598e-02  
 18.7 1.7018e+00  13 5.81016e-02  
 18.8 1.7094e+00  13 5.84417e-02  
 18.9 1.7170e+00  13 5.87805e-02  
 19.0 1.7246e+00  13 5.91181e-02  
 19.1 1.7342e+00  13 5.96236e-02  
 19.2 1.7464e+00  13 6.03481e-02  
 19.3 1.7587e+00  13 6.10772e-02  
 19.4 1.7710e+00  13 6.18120e-02  
 19.5 1.7835e+00  13 6.25516e-02  
 19.6 1.7960e+00  13 6.33654e-02  
 19.7 1.8087e+00  13 6.40996e-02  
 19.8 1.8214e+00  13 6.48544e-02  
 19.9 1.8342e+00  13 6.56151e-02  
 20.0 1.8471e+00  13 6.63816e-02  
 20.1 1.8601e+00  13 6.71536e-02  
 20.2 1.8732e+00  13 6.79314e-02  
 20.3 1.8864e+00  13 6.87165e-02  
 20.4 1.8996e+00  13 6.95074e-02  
 20.5 1.9130e+00  13 7.03923e-02  
 20.6 1.6136e+01  14 1.00000e+00  
 20.7 1.6184e+01  14 1.00000e+00  
 20.8 1.6231e+01  14 1.00000e+00  
 20.9 1.6277e+01  14 1.00000e+00  
 21.0 1.6323e+01  14 1.00000e+00  
 21.1 1.6369e+01  14 1.00000e+00  
 21.2 1.6414e+01  14 1.00000e+00  
 21.3 1.6437e+01  14 1.00000e+00  
 21.4 1.6480e+01  14 1.00000e+00  
 21.5 1.6530e+01  14 1.00000e+00  
 21.6 1.6573e+01  14 1.00000e+00  
 21.7 1.6615e+01  14 1.00000e+00  
 21.8 1.6657e+01  14 1.00000e+00  
 21.9 1.6698e+01  14 1.00000e+00  
 22.0 1.6738e+01  14 1.00000e+00  
 22.1 1.6755e+01  14 1.00000e+00  
 22.2 1.6794e+01  14 1.00000e+00  
 22.3 1.6839e+01  14 1.00000e+00  
 22.4 1.6877e+01  14 1.00000e+00  
 22.5 1.6915e+01  14 1.00000e+00  
 22.6 1.6952e+01  14 1.00000e+00  
 22.7 1.6988e+01  14 1.00000e+00  
 22.8 1.7024e+01  14 1.00000e+00  
 22.9 1.7033e+01  14 1.00000e+00  
 23.0 1.7068e+01  14 1.00000e+00  
 23.1 1.7108e+01  14 1.00000e+00  
 23.2 1.7142e+01  14 1.00000e+00  
 23.3 1.7174e+01  14 1.00000e+00  
 23.4 1.7206e+01  14 1.00000e+00  
 23.5 1.7237e+01  14 1.00000e+00  
 23.6 1.7241e+01  14 1.00000e+00  
 23.7 5.5604e+00  14 2.84687e-01  
 23.8 5.6516e+00  14 2.89604e-01  
 23.9 5.7434e+00  14 2.94686e-01  
 24.0 5.8358e+00  14 2.99802e-01  
 24.1 5.9289e+00  14 3.04950e-01  
 24.2 6.0225e+00  14 3.10133e-01  
 24.3 6.1159e+00  14 3.15839e-01  
 24.4 6.2104e+00  14 3.21084e-01  
 24.5 6.3058e+00  14 3.26294e-01  
 24.6 6.4019e+00  14 3.31524e-01  
 24.7 6.4981e+00  14 3.36855e-01  
 24.8 6.5949e+00  14 3.42220e-01  
 24.9 6.6892e+00  14 3.48063e-01  
 25.0 6.7866e+00  14 3.53490e-01  
 25.1 6.8845e+00  14 3.58947e-01  
 25.2 6.9832e+00  14 3.64391e-01  
 25.3 7.0829e+00  14 3.69802e-01  
 25.4 7.1822e+00  14 3.75343e-01  
 25.5 7.2772e+00  14 3.81352e-01  
 25.6 7.3770e+00  14 3.86949e-01  
 25.7 7.4771e+00  14 3.92572e-01  
 25.8 7.5776e+00  14 3.98224e-01  
 25.9 7.6785e+00  14 4.03895e-01  
 26.0 7.7815e+00  14 4.09474e-01  
 26.1 7.8765e+00  14 4.15640e-01  
 26.2 7.9780e+00  14 4.21396e-01  
 26.3 8.0797e+00  14 4.27185e-01  
 26.4 8.1816e+00  14 4.32999e-01  
 26.5 8.2838e+00  14 4.38840e-01  
 26.6 8.3785e+00  14 4.45107e-01  
 26.7 8.4829e+00  14 4.50886e-01  
 26.8 8.5854e+00  14 4.56798e-01  
 26.9 8.6882e+00  14 4.62734e-01  
 27.0 8.7909e+00  14 4.68699e-01  
 27.1 8.8837e+00  14 4.75111e-01  
 27.2 8.9862e+00  14 4.81126e-01  
 27.3 9.0894e+00  14 4.87144e-01  
 27.4 9.1949e+00  14 4.93097e-01  
 27.5 9.2978e+00  14 4.99181e-01  
 27.6 9.3887e+00  14 5.05701e-01  
 27.7 9.4910e+00  14 5.11835e-01  
 27.8 9.5933e+00  14 5.17990e-01  
 27.9 9.6824e+00  14 5.24574e-01  
 28.0 9.7853e+00  14 5.30739e-01  
 28.1 9.8902e+00  14 5.36865e-01  
 28.2 9.9918e+00  14 5.43110e-01  
 28.3 1.0079e+01  14 5.49771e-01  
 28.4 1.0179e+01  14 5.56058e-01  
 28.5 1.0264e+01  14 5.62757e-01  
 28.6 1.0364e+01  14 5.69090e-01  
 28.7 1.0465e+01  14 5.75396e-01  
 28.8 1.0551e+01  14 5.82065e-01  
 28.9 1.0633e+01  14 5.88830e-01  
 29.0 1.0697e+01  14 5.95956e-01  
 29.1 1.0741e+01  14 6.03479e-01  
 29.2 1.0835e+01  14 6.09922e-01  
 29.3 1.0929e+01  14 6.16383e-01  
 29.4 1.1022e+01  14 6.22868e-01  
 29.5 1.1122e+01  14 6.29233e-01  
 29.6 1.1214e+01  14 6.35748e-01  
 29.7 1.1306e+01  14 6.42280e-01  
 29.8 1.1397e+01  14 6.48832e-01  
 29.9 1.1487e+01  14 6.55402e-01  
 30.0 1.1577e+01  14 6.61988e-01  
 30.1 1.1667e+01  14 6.68572e-01  
 30.2 1.1762e+01  14 6.75040e-01  
 30.3 1.1850e+01  14 6.81669e-01  
 30.4 1.1937e+01  14 6.88314e-01  
 30.5 1.2023e+01  14 6.94976e-01  
 30.6 1.2109e+01  14 7.01650e-01  
 30.7 1.2193e+01  14 7.08342e-01  
 30.8 1.2276e+01  14 7.15053e-01  
 30.9 1.2369e+01  14 7.21649e-01  
 31.0 1.2452e+01  14 7.28422e-01  
 31.1 1.2533e+01  14 7.35164e-01  
 31.2 1.2613e+01  14 7.41918e-01  
 31.3 1.2692e+01  14 7.48686e-01  
 31.4 1.2769e+01  14 7.55467e-01  
 31.5 1.2848e+01  14 7.62235e-01  
 31.6 1.2933e+01  14 7.68949e-01  
 31.7 1.3008e+01  14 7.75756e-01  
 31.8 1.3082e+01  14 7.82571e-01  
 31.9 1.3154e+01  14 7.89397e-01  
 32.0 1.3226e+01  14 7.96230e-01  
 32.1 1.3295e+01  14 8.03073e-01  
 32.2 1.3364e+01  14 8.09922e-01  
 32.3 1.3444e+01  14 8.16690e-01  
 32.4 1.3510e+01  14 8.23551e-01  
 32.5 1.3576e+01  14 8.30416e-01  
 32.6 1.3639e+01  14 8.37289e-01  
 32.7 1.3701e+01  14 8.44166e-01  
 32.8 1.3761e+01  14 8.51046e-01  
 32.9 1.3820e+01  14 8.57927e-01  
 33.0 1.3892e+01  14 8.64742e-01  
 33.1 1.3949e+01  14 8.71628e-01  
 33.2 1.4004e+01  14 8.78514e-01  
 33.3 1.4057e+01  14 8.85401e-01  
 33.4 1.4108e+01  14 8.92287e-01  
 33.5 1.4158e+01  14 8.99172e-01  
 33.6 1.4206e+01  14 9.06054e-01  
 33.7 1.4258e+01  14 9.12915e-01  
 33.8 1.4313e+01  14 9.19762e-01  
 33.9 1.4356e+01  14 9.26633e-01  
 34.0 1.4397e+01  14 9.33499e-01  
 34.1 1.4436e+01  14 9.40358e-01  
 34.2 1.4474e+01  14 9.47210e-01  
 34.3 1.4510e+01  14 9.54051e-01  
 34.4 1.4543e+01  14 9.60884e-01  
 34.5 1.4589e+01  14 9.67688e-01  
 34.6 1.4596e+01  14 9.74521e-01  
 34.7 1.4556e+01  14 9.81360e-01  
 34.8 1.4458e+01  14 9.88177e-01  
 34.9 1.4160e+01  14 9.94956e-01  
 35.0 1.3531e+01  14 1.00000e+00  
 35.1 1.3035e+01  14 1.00000e+00  
 35.2 1.3065e+01  14 1.00000e+00  
 35.3 1.3053e+01  14 1.00000e+00  
 35.4 1.3073e+01  14 1.00000e+00  
 35.5 1.3139e+01  14 1.00000e+00  
 35.6 1.3158e+01  14 1.00000e+00  
 35.7 1.3223e+01  14 1.00000e+00  
 35.8 1.3242e+01  14 1.00000e+00  
 35.9 1.3300e+01  14 1.00000e+00  
 36.0 1.3340e+01  14 1.00000e+00  
 36.1 1.3394e+01  14 1.00000e+00  
 36.2 1.3419e+01  14 1.00000e+00  
 36.3 1.3478e+01  14 1.00000e+00  
 36.4 1.3501e+01  14 1.00000e+00  
 36.5 1.3561e+01  14 1.00000e+00  
 36.6 1.3588e+01  14 1.00000e+00  
 36.7 1.3617e+01  14 1.00000e+00  
 36.8 1.3683e+01  14 1.00000e+00  
 36.9 1.3706e+01  14 1.00000e+00  
 37.0 1.3734e+01  14 1.00000e+00  
 37.1 1.3762e+01  14 1.00000e+00  
 37.2 1.3795e+01  14 1.00000e+00  
 37.3 1.3796e+01  14 1.00000e+00  
 37.4 1.3822e+01  14 1.00000e+00  
 37.5 1.3714e+01  14 1.00000e+00  
 37.6 1.3650e+01  14 1.00000e+00  
 37.7 1.3633e+01  14 1.00000e+00  
 37.8 1.3632e+01  14 1.00000e+00  
 37.9 1.3574e+01  14 1.00000e+00  
 38.0 1.3496e+01  14 1.00000e+00  
 38.1 1.3483e+01  14 1.00000e+00  
 38.2 1.3489e+01  14 1.00000e+00  
 38.3 1.3433e+01  14 1.00000e+00  
 38.4 1.3386e+01  14 1.00000e+00  
 38.5 1.3392e+01  14 1.00000e+00  
 38.6 1.3346e+01  14 1.00000e+00  
 38.7 1.3296e+01  14 1.00000e+00  
 38.8 1.3253e+01  14 1.00000e+00  
 38.9 1.3258e+01  14 1.00000e+00  
 39.0 1.3211e+01  14 1.00000e+00  
 39.1 1.3186e+01  14 1.00000e+00  
 39.2 1.3165e+01  14 9.99191e-01  
 39.3 1.3053e+01  14 9.93493e-01  
 39.4 1.2991e+01  14 9.90371e-01  
 39.5 1.2813e+01  14 9.81286e-01  
 39.6 1.2836e+01  14 9.82489e-01  
 39.7 1.2845e+01  14 9.82915e-01  
 39.8 1.2718e+01  14 9.76426e-01  
 39.9 1.2578e+01  14 9.69269e-01  
 40.0 1.2613e+01  14 9.71070e-01  
 40.1 1.2423e+01  14 9.61277e-01  
 40.2 1.2270e+01  14 9.53399e-01  
 40.3 1.2227e+01  14 9.51176e-01  
 40.4 1.2249e+01  14 9.52273e-01  
 40.5 1.2010e+01  14 9.39892e-01  
 40.6 1.1913e+01  14 9.34838e-01  
 40.7 1.1899e+01  14 9.34125e-01  
 40.8 1.1654e+01  14 9.21245e-01  
 40.9 1.1688e+01  14 9.23054e-01  
 41.0 1.1737e+01  14 9.25598e-01  
 41.1 1.1781e+01  14 9.27926e-01  
 41.2 1.1821e+01  14 9.30022e-01  
 41.3 1.1986e+01  14 9.38631e-01  
 41.4 1.2109e+01  14 9.45060e-01  
 41.5 1.2258e+01  14 9.52741e-01  
 41.6 1.2318e+01  14 9.55844e-01  
 41.7 1.2371e+01  14 9.58602e-01  
 41.8 1.2418e+01  14 9.61027e-01  
 41.9 1.2485e+01  14 9.64480e-01  
 42.0 1.2658e+01  14 9.73384e-01  
 42.1 1.2779e+01  14 9.79552e-01  
 42.2 1.2880e+01  14 9.84720e-01  
 42.3 1.3045e+01  14 9.93102e-01  
 42.4 1.3127e+01  14 9.97275e-01  
 42.5 1.3190e+01  14 1.00000e+00  
 42.6 1.3224e+01  14 1.00000e+00  
 42.7 1.3253e+01  14 1.00000e+00  
 42.8 1.3284e+01  14 1.00000e+00  
 42.9 1.3313e+01  14 1.00000e+00  
 43.0 1.3354e+01  14 1.00000e+00  
 43.1 1.3383e+01  14 1.00000e+00  
 43.2 1.3410e+01  14 1.00000e+00  
 43.3 1.3455e+01  14 1.00000e+00  
 43.4 1.3505e+01  14 1.00000e+00  
 43.5 1.3533e+01  14 1.00000e+00  
 43.6 1.3585e+01  14 1.00000e+00  
 43.7 1.3643e+01  14 1.00000e+00  
 43.8 1.3664e+01  14 1.00000e+00  
 43.9 1.3724e+01  14 1.00000e+00  
 44.0 1.3744e+01  14 1.00000e+00  
 44.1 1.3805e+01  14 1.00000e+00  
 44.2 1.3822e+01  14 1.00000e+00  
 44.3 1.3886e+01  14 1.00000e+00  
 44.4 1.3901e+01  14 1.00000e+00  
 44.5 1.3967e+01  14 1.00000e+00  
 44.6 1.3993e+01  14 1.00000e+00  
 44.7 1.4051e+01  14 1.00000e+00  
 44.8 1.4076e+01  14 1.00000e+00  
 44.9 1.4132e+01  14 1.00000e+00  
 45.0 1.4160e+01  14 1.00000e+00  
 45.1 1.4160e+01  14 1.00000e+00  
 45.2 1.4244e+01  14 1.00000e+00  
 45.3 1.4241e+01  14 1.00000e+00  
 45.4 1.4329e+01  14 1.00000e+00  
 45.5 1.4349e+01  14 1.00000e+00  
 45.6 1.4411e+01  14 1.00000e+00  
 45.7 1.4441e+01  14 1.00000e+00  
 45.8 1.4439e+01  14 1.00000e+00  
 45.9 1.4531e+01  14 1.00000e+00  
 46.0 1.4553e+01  14 1.00000e+00  
 46.1 1.4566e+01  14 1.00000e+00  
 46.2 1.4648e+01  14 1.00000e+00  
 46.3 1.4663e+01  14 1.00000e+00  
 46.4 1.4693e+01  14 1.00000e+00  
 46.5 1.4768e+01  14 1.00000e+00  
 46.6 1.4765e+01  14 1.00000e+00  
 46.7 1.4816e+01  14 1.00000e+00  
 46.8 1.4890e+01  14 1.00000e+00  
 46.9 1.4907e+01  14 1.00000e+00  
 47.0 1.4933e+01  14 1.00000e+00  
 47.1 1.5013e+01  14 1.00000e+00  
 47.2 1.5043e+01  14 1.00000e+00  
 47.3 1.5043e+01  14 1.00000e+00  
 47.4 1.5137e+01  14 1.00000e+00  
 47.5 1.5173e+01  14 1.00000e+00  
 47.6 1.5189e+01  14 1.00000e+00  
 47.7 1.5212e+01  14 1.00000e+00  
 47.8 1.5299e+01  14 1.00000e+00  
 47.9 1.5330e+01  14 1.00000e+00  
 48.0 1.5333e+01  14 1.00000e+00  
 48.1 1.5381e+01  14 1.00000e+00  
 48.2 1.5461e+01  14 1.00000e+00  
 48.3 1.5492e+01  14 1.00000e+00  
 48.4 1.5496e+01  14 1.00000e+00  
 48.5 1.5541e+01  14 1.00000e+00  
 48.6 1.5625e+01  14 1.00000e+00  
 48.7 1.5659e+01  14 1.00000e+00  
 48.8 1.5680e+01  14 1.00000e+00  
 48.9 1.5694e+01  14 1.00000e+00  
 49.0 1.5743e+01  14 1.00000e+00  
 49.1 1.5829e+01  14 1.00000e+00  
 49.2 1.5860e+01  14 1.00000e+00  
 49.3 1.5864e+01  14 1.00000e+00  
 49.4 1.5904e+01  14 1.00000e+00  
 49.5 1.5991e+01  14 1.00000e+00  
 49.6 1.6032e+01  14 1.00000e+00  
 49.7 1.6066e+01  14 1.00000e+00  
 49.8 1.6072e+01  14 1.00000e+00  
 49.9 1.6101e+01  14 1.00000e+00  
 50.0 1.6196e+01  14 1.00000e+00  
 50.1 1.6237e+01  14 1.00000e+00  
 50.2 1.6278e+01  14 1.00000e+00  
 50.3 1.6312e+01  14 1.00000e+00  
 50.4 1.6322e+01  14 1.00000e+00  
 50.5 1.6347e+01  14 1.00000e+00  
 50.6 1.6469e+01  14 1.00000e+00  
 50.7 1.6487e+01  14 1.00000e+00  
 50.8 1.6531e+01  14 1.00000e+00  
 50.9 1.6567e+01  14 1.00000e+00  
 51.0 1.6594e+01  14 1.00000e+00  
 51.1 1.6607e+01  14 1.00000e+00  
 51.2 1.6702e+01  14 1.00000e+00  
 51.3 1.6759e+01  14 1.00000e+00  
 51.4 1.6777e+01  14 1.00000e+00  
 51.5 1.6822e+01  14 1.00000e+00  
 51.6 1.6860e+01  14 1.00000e+00  
 51.7 1.6891e+01  14 1.00000e+00  
 51.8 1.6903e+01  14 1.00000e+00  
 51.9 1.6976e+01  14 1.00000e+00  
 52.0 1.7031e+01  14 1.00000e+00  
 52.1 1.7085e+01  14 1.00000e+00  
 52.2 1.7104e+01  14 1.00000e+00  
 52.3 1.7150e+01  14 1.00000e+00  
 52.4 1.7192e+01  14 1.00000e+00  
 52.5 1.7229e+01  14 1.00000e+00  
 52.6 1.7275e+01  14 1.00000e+00  
 52.7 1.7277e+01  14 1.00000e+00  
 52.8 1.7332e+01  14 1.00000e+00  
 52.9 1.7387e+01  14 1.00000e+00  
 53.0 1.7442e+01  14 1.00000e+00  
 53.1 1.7495e+01  14 1.00000e+00  
 53.2 1.7512e+01  14 1.00000e+00  
 53.3 1.7559e+01  14 1.00000e+00  
 53.4 1.7605e+01  14 1.00000e+00  
 53.5 1.7662e+01  14 1.00000e+00  
 53.6 1.7637e+01  14 1.00000e+00  
 53.7 1.7669e+01  14 1.00000e+00  
 53.8 1.7718e+01  14 1.00000e+00  
 53.9 1.7772e+01  14 1.00000e+00  
 54.0 1.7823e+01  14 1.00000e+00  
 54.1 1.7878e+01  14 1.00000e+00  
 54.2 1.7931e+01  14 1.00000e+00  
 54.3 1.7983e+01  14 1.00000e+00  
 54.4 1.8037e+01  14 1.00000e+00  
 54.5 1.8078e+01  14 1.00000e+00  
 54.6 1.8104e+01  14 1.00000e+00  
 54.7 1.8144e+01  14 1.00000e+00  
 54.8 1.8182e+01  14 1.00000e+00  
 54.9 1.8218e+01  14 1.00000e+00  
 55.0 1.8253e+01  14 1.00000e+00  
 55.1 1.8276e+01  14 1.00000e+00  
 55.2 1.8314e+01  14 1.00000e+00  
 55.3 1.8343e+01  14 1.00000e+00  
 55.4 1.8377e+01  14 1.00000e+00  
 55.5 1.8423e+01  14 1.00000e+00  
 55.6 1.8474e+01  14 1.00000e+00  
 55.7 1.8550e+01  14 1.00000e+00  
 55.8 1.8603e+01  14 1.00000e+00  
 55.9 1.8652e+01  14 1.00000e+00  
 56.0 1.8697e+01  14 1.00000e+00  
 56.1 1.8750e+01  14 1.00000e+00  
 56.2 1.8793e+01  14 1.00000e+00  
 56.3 1.8831e+01  14 1.00000e+00  
 56.4 1.8850e+01  14 1.00000e+00  
 56.5 1.8895e+01  14 1.00000e+00  
 56.6 1.8939e+01  14 1.00000e+00  
 56.7 1.8983e+01  14 1.00000e+00  
 56.8 1.9027e+01  14 1.00000e+00  
 56.9 1.9079e+01  14 1.00000e+00  
 57.0 1.9111e+01  14 1.00000e+00  
 57.1 1.9152e+01  14 1.00000e+00  
 57.2 1.9191e+01  14 1.00000e+00  
 57.3 1.9230e+01  14 1.00000e+00  
 57.4 1.9270e+01  14 1.00000e+00  
 57.5 1.9309e+01  14 1.00000e+00  
 57.6 1.9348e+01  14 1.00000e+00  
 57.7 1.9368e+01  14 1.00000e+00  
 57.8 1.9415e+01  14 1.00000e+00  
 57.9 1.9456e+01  14 1.00000e+00  
 58.0 1.9497e+01  14 1.00000e+00  
 58.1 1.9539e+01  14 1.00000e+00  
 58.2 1.9580e+01  14 1.00000e+00  
 58.3 1.9618e+01  14 1.00000e+00  
 58.4 1.9664e+01  14 1.00000e+00  
 58.5 1.9705e+01  14 1.00000e+00  
 58.6 1.9747e+01  14 1.00000e+00  
 58.7 1.9788e+01  14 1.00000e+00  
 58.8 1.9862e+01  14 1.00000e+00  
 58.9 1.9911e+01  14 1.00000e+00  
 59.0 1.9890e+01  14 1.00000e+00  
 59.1 1.9934e+01  14 1.00000e+00  
 59.2 1.9979e+01  14 1.00000e+00  
 59.3 2.0025e+01  14 1.00000e+00  
 59.4 2.0071e+01  14 1.00000e+00  
 59.5 2.0115e+01  14 1.00000e+00  
 59.6 2.0163e+01  14 1.00000e+00  
 59.7 2.0209e+01  14 1.00000e+00  
 59.8 2.0260e+01  14 1.00000e+00  
 59.9 2.0339e+01  14 1.00000e+00  
 60.0 2.0317e+01  14 1.00000e+00  
 60.1 2.0364e+01  14 1.00000e+00  
 60.2 2.0412e+01  14 1.00000e+00  
 60.3 2.0455e+01  14 1.00000e+00  
 60.4 2.0505e+01  14 1.00000e+00  
 60.5 2.0553e+01  14 1.00000e+00  
 60.6 2.0598e+01  14 1.00000e+00  
 60.7 2.0641e+01  14 1.00000e+00  
 60.8 2.0735e+01  14 1.00000e+00  
 60.9 2.0723e+01  14 1.00000e+00  
 61.0 2.0774e+01  14 1.00000e+00  
 61.1 2.0815e+01  14 1.00000e+00  
 61.2 2.0864e+01  14 1.00000e+00  
 61.3 2.0911e+01  14 1.00000e+00  
 61.4 2.0954e+01  14 1.00000e+00  
 61.5 2.1001e+01  14 1.00000e+00  
 61.6 2.1042e+01  14 1.00000e+00  
 61.7 2.1089e+01  14 1.00000e+00  
 61.8 2.1152e+01  14 1.00000e+00  
 61.9 2.1195e+01  14 1.00000e+00  
 62.0 2.1244e+01  14 1.00000e+00  
 62.1 2.1291e+01  14 1.00000e+00  
 62.2 2.1338e+01  14 1.00000e+00  
 62.3 2.1377e+01  14 1.00000e+00  
 62.4 2.1415e+01  14 1.00000e+00  
 62.5 2.1464e+01  14 1.00000e+00  
 62.6 2.1512e+01  14 1.00000e+00  
 62.7 2.1556e+01  14 1.00000e+00  
 62.8 2.1593e+01  14 1.00000e+00  
 62.9 2.1642e+01  14 1.00000e+00  
 63.0 2.1672e+01  14 1.00000e+00  
 63.1 2.1724e+01  14 1.00000e+00  
 63.2 2.1767e+01  14 1.00000e+00  
 63.3 2.1804e+01  14 1.00000e+00  
 63.4 2.1866e+01  14 1.00000e+00  
 63.5 2.1926e+01  14 1.00000e+00  
 63.6 2.1972e+01  14 1.00000e+00  
 63.7 2.2006e+01  14 1.00000e+00  
 63.8 2.2042e+01  14 1.00000e+00  
 63.9 2.2081e+01  14 1.00000e+00  
 64.0 2.2114e+01  14 1.00000e+00  
 64.1 2.2154e+01  14 1.00000e+00  
 64.2 2.2193e+01  14 1.00000e+00  
 64.3 2.2221e+01  14 1.00000e+00  
 64.4 2.2264e+01  14 1.00000e+00  
 64.5 2.2293e+01  14 1.00000e+00  
 64.6 2.2338e+01  14 1.00000e+00  
 64.7 2.2373e+01  14 1.00000e+00  
 64.8 2.2402e+01  14 1.00000e+00  
 64.9 2.2440e+01  14 1.00000e+00  
 65.0 2.2486e+01  14 1.00000e+00  
 65.1 2.2572e+01  14 1.00000e+00  
 65.2 2.2586e+01  14 1.00000e+00  
 65.3 2.2646e+01  14 1.00000e+00  
 65.4 2.2700e+01  14 1.00000e+00  
 65.5 2.2749e+01  14 1.00000e+00  
 65.6 2.2795e+01  14 1.00000e+00  
 65.7 2.2863e+01  14 1.00000e+00  
 65.8 2.2904e+01  14 1.00000e+00  
 65.9 2.2961e+01  14 1.00000e+00  
 66.0 2.3006e+01  14 1.00000e+00  
 66.1 2.3032e+01  14 1.00000e+00  
 66.2 2.3053e+01  14 1.00000e+00  
 66.3 2.3135e+01  14 1.00000e+00  
 66.4 2.3181e+01  14 1.00000e+00  
 66.5 2.3222e+01  14 1.00000e+00  
 66.6 2.3276e+01  14 1.00000e+00  
 66.7 2.3311e+01  14 1.00000e+00  
 66.8 2.3371e+01  14 1.00000e+00  
 66.9 2.3384e+01  14 1.00000e+00  
 67.0 2.3434e+01  14 1.00000e+00  
 67.1 2.3486e+01  14 1.00000e+00  
 67.2 2.3521e+01  14 1.00000e+00  
 67.3 2.3558e+01  14 1.00000e+00  
 67.4 2.3594e+01  14 1.00000e+00  
 67.5 2.3645e+01  14 1.00000e+00  
 67.6 2.3697e+01  14 1.00000e+00  
 67.7 2.3690e+01  14 1.00000e+00  
 67.8 2.3723e+01  14 1.00000e+00  
 67.9 2.3769e+01  14 1.00000e+00  
 68.0 2.3828e+01  14 1.00000e+00  
 68.1 2.3888e+01  14 1.00000e+00  
 68.2 2.3937e+01  14 1.00000e+00  
 68.3 2.3993e+01  14 1.00000e+00  
 68.4 2.4040e+01  14 1.00000e+00  
 68.5 2.4093e+01  14 1.00000e+00  
 68.6 2.4153e+01  14 1.00000e+00  
 68.7 2.4200e+01  14 1.00000e+00  
 68.8 2.4256e+01  14 1.00000e+00  
 68.9 2.4305e+01  14 1.00000e+00  
 69.0 2.4349e+01  14 1.00000e+00  
 69.1 2.4387e+01  14 1.00000e+00  
 69.2 2.4427e+01  14 1.00000e+00  
 69.3 2.4467e+01  14 1.00000e+00  
 69.4 2.4501e+01  14 1.00000e+00  
 69.5 2.4585e+01  14 1.00000e+00  
 69.6 2.4619e+01  14 1.00000e+00  
 69.7 2.4645e+01  14 1.00000e+00  
 69.8 2.4629e+01  14 1.00000e+00  
 69.9 2.4688e+01  14 1.00000e+00  
 70.0 2.4762e+01  14 1.00000e+00  
 70.1 2.4797e+01  14 1.00000e+00  
 70.2 2.4821e+01  14 1.00000e+00  
 70.3 2.4844e+01  14 1.00000e+00  
 70.4 2.4897e+01  14 1.00000e+00  
 70.5 2.4923e+01  14 1.00000e+00  
 70.6 2.5028e+01  14 1.00000e+00  
 70.7 2.5043e+01  14 1.00000e+00  
 70.8 2.5108e+01  14 1.00000e+00  
 70.9 2.5202e+01  14 1.00000e+00  
 71.0 2.5216e+01  14 1.00000e+00  
 71.1 2.5266e+01  14 1.00000e+00  
 71.2 2.5327e+01  14 1.00000e+00  
 71.3 2.5377e+01  14 1.00000e+00  
 71.4 2.5423e+01  14 1.00000e+00  
 71.5 2.5474e+01  14 1.00000e+00  
 71.6 2.5518e+01  14 1.00000e+00  
 71.7 2.5570e+01  14 1.00000e+00  
 71.8 2.5600e+01  14 1.00000e+00  
 71.9 2.5649e+01  14 1.00000e+00  
 72.0 2.5688e+01  14 1.00000e+00  
 72.1 2.5716e+01  14 1.00000e+00  
 72.2 2.5804e+01  14 1.00000e+00  
 72.3 2.5838e+01  14 1.00000e+00  
 72.4 2.5886e+01  14 1.00000e+00  
 72.5 2.5902e+01  14 1.00000e+00  
 72.6 2.5938e+01  14 1.00000e+00  
 72.7 2.5979e+01  14 1.00000e+00  
 72.8 2.6021e+01  14 1.00000e+00  
 72.9 2.6049e+01  14 1.00000e+00  
 73.0 2.6161e+01  14 1.00000e+00  
 73.1 2.6115e+01  14 1.00000e+00  
 73.2 2.6171e+01  14 1.00000e+00  
 73.3 2.6269e+01  14 1.00000e+00  
 73.4 2.6302e+01  14 1.00000e+00  
 73.5 2.6363e+01  14 1.00000e+00  
 73.6 2.6418e+01  14 1.00000e+00  
 73.7 2.6465e+01  14 1.00000e+00  
 73.8 2.6521e+01  14 1.00000e+00  
 73.9 2.6585e+01  14 1.00000e+00  
 74.0 2.6626e+01  14 1.00000e+00  
 74.1 2.6685e+01  14 1.00000e+00  
 74.2 2.6734e+01  14 1.00000e+00  
 74.3 2.6774e+01  14 1.00000e+00  
 74.4 2.6815e+01  14 1.00000e+00  
 74.5 2.6849e+01  14 1.00000e+00  
 74.6 2.6882e+01  14 1.00000e+00  
 74.7 2.6939e+01  14 1.00000e+00  
 74.8 2.7026e+01  14 1.00000e+00  
 74.9 2.7049e+01  14 1.00000e+00  
 75.0 2.7038e+01  14 1.00000e+00  
 75.1 2.7048e+01  14 1.00000e+00  
 75.2 2.7168e+01  14 1.00000e+00  
 75.3 2.7234e+01  14 1.00000e+00  
 75.4 2.7247e+01  14 1.00000e+00  
 75.5 2.7276e+01  14 1.00000e+00  
 75.6 2.7303e+01  14 1.00000e+00  
 75.7 2.7340e+01  14 1.00000e+00  
 75.8 2.7378e+01  14 1.00000e+00  
 75.9 2.7401e+01  14 1.00000e+00  
 76.0 2.7456e+01  14 1.00000e+00  
 76.1 2.7519e+01  14 1.00000e+00  
 76.2 2.7594e+01  14 1.00000e+00  
 76.3 2.7657e+01  14 1.00000e+00  
 76.4 2.7712e+01  14 1.00000e+00  
 76.5 2.7759e+01  14 1.00000e+00  
 76.6 2.7822e+01  14 1.00000e+00  
 76.7 2.7893e+01  14 1.00000e+00  
 76.8 2.7936e+01  14 1.00000e+00  
 76.9 2.7995e+01  14 1.00000e+00  
 77.0 2.8042e+01  14 1.00000e+00  
 77.1 2.8088e+01  14 1.00000e+00  
 77.2 2.8124e+01  14 1.00000e+00  
 77.3 2.8176e+01  14 1.00000e+00  
 77.4 2.8202e+01  14 1.00000e+00  
 77.5 2.8241e+01  14 1.00000e+00  
 77.6 2.8275e+01  14 1.00000e+00  
 77.7 2.8394e+01  14 1.00000e+00  
 77.8 2.8414e+01  14 1.00000e+00  
 77.9 2.8448e+01  14 1.00000e+00  
 78.0 2.8498e+01  14 1.00000e+00  
 78.1 2.8506e+01  14 1.00000e+00  
 78.2 2.8568e+01  14 1.00000e+00  
 78.3 2.8595e+01  14 1.00000e+00  
 78.4 2.8624e+01  14 1.00000e+00  
 78.5 2.8656e+01  14 1.00000e+00  
 78.6 2.8696e+01  14 1.00000e+00  
 78.7 2.8730e+01  14 1.00000e+00  
 78.8 2.8759e+01  14 1.00000e+00  
 78.9 2.8809e+01  14 1.00000e+00  
 79.0 2.8870e+01  14 1.00000e+00  
 79.1 2.8937e+01  14 1.00000e+00  
 79.2 2.9004e+01  14 1.00000e+00  
 79.3 2.9062e+01  14 1.00000e+00  
 79.4 2.9112e+01  14 1.00000e+00  
 79.5 2.9176e+01  14 1.00000e+00  
 79.6 2.9220e+01  14 1.00000e+00  
 79.7 2.9269e+01  14 1.00000e+00  
 79.8 2.9349e+01  14 1.00000e+00  
 79.9 2.9388e+01  14 1.00000e+00  
 80.0 2.9431e+01  14 1.00000e+00  
 80.1 2.9474e+01  14 1.00000e+00  
 80.2 2.9542e+01  14 1.00000e+00  
 80.3 2.9585e+01  14 1.00000e+00  
 80.4 2.9630e+01  14 1.00000e+00  
 80.5 2.9663e+01  14 1.00000e+00  
 80.6 2.9708e+01  14 1.00000e+00  
 80.7 2.9750e+01  14 1.00000e+00  
 80.8 2.9851e+01  14 1.00000e+00  
 80.9 2.9877e+01  14 1.00000e+00  
 81.0 2.9923e+01  14 1.00000e+00  
 81.1 2.9953e+01  14 1.00000e+00  
 81.2 2.9991e+01  14 1.00000e+00  
 81.3 3.0018e+01  14 1.00000e+00  
 81.4 3.0048e+01  14 1.00000e+00  
 81.5 3.0083e+01  14 1.00000e+00  
 81.6 3.0120e+01  14 1.00000e+00  
 81.7 3.0165e+01  14 1.00000e+00  
 81.8 3.0191e+01  14 1.00000e+00  
 81.9 3.0231e+01  14 1.00000e+00  
 82.0 3.0255e+01  14 1.00000e+00  
 82.1 3.0334e+01  14 1.00000e+00  
 82.2 3.0402e+01  14 1.00000e+00  
 82.3 3.0466e+01  14 1.00000e+00  
 82.4 3.0522e+01  14 1.00000e+00  
 82.5 3.0571e+01  14 1.00000e+00  
 82.6 3.0647e+01  14 1.00000e+00  
 82.7 3.0699e+01  14 1.00000e+00  
 82.8 3.0753e+01  14 1.00000e+00  
 82.9 3.0812e+01  14 1.00000e+00  
 83.0 3.0877e+01  14 1.00000e+00  
 83.1 3.0901e+01  14 1.00000e+00  
 83.2 3.0968e+01  14 1.00000e+00  
 83.3 3.1016e+01  14 1.00000e+00  
 83.4 3.1047e+01  14 1.00000e+00  
 83.5 3.1120e+01  14 1.00000e+00  
 83.6 3.1160e+01  14 1.00000e+00  
 83.7 3.1208e+01  14 1.00000e+00  
 83.8 3.1234e+01  14 1.00000e+00  
 83.9 3.1288e+01  14 1.00000e+00  
 84.0 3.1331e+01  14 1.00000e+00  
 84.1 3.1440e+01  14 1.00000e+00  
 84.2 3.1452e+01  14 1.00000e+00  
 84.3 3.1509e+01  14 1.00000e+00  
 84.4 3.1546e+01  14 1.00000e+00  
 84.5 3.1578e+01  14 1.00000e+00  
 84.6 3.1607e+01  14 1.00000e+00  
 84.7 3.1640e+01  14 1.00000e+00  
 84.8 3.1683e+01  14 1.00000e+00  
 84.9 3.1727e+01  14 1.00000e+00  
 85.0 3.1763e+01  14 1.00000e+00  
 85.1 3.1784e+01  14 1.00000e+00  
 85.2 3.1831e+01  14 1.00000e+00  
 85.3 3.1862e+01  14 1.00000e+00  
 85.4 3.1886e+01  14 1.00000e+00  
 85.5 3.1962e+01  14 1.00000e+00  
 85.6 3.2031e+01  14 1.00000e+00  
 85.7 3.2079e+01  14 1.00000e+00  
 85.8 3.2172e+01  14 1.00000e+00  
 85.9 3.2231e+01  14 1.00000e+00  
 86.0 3.2276e+01  14 1.00000e+00  
 86.1 3.2346e+01  14 1.00000e+00  
 86.2 3.2382e+01  14 1.00000e+00  
 86.3 3.2451e+01  14 1.00000e+00  
 86.4 3.2526e+01  14 1.00000e+00  
 86.5 3.2556e+01  14 1.00000e+00  
 86.6 3.2616e+01  14 1.00000e+00  
 86.7 3.2672e+01  14 1.00000e+00  
 86.8 3.2717e+01  14 1.00000e+00  
 86.9 3.2752e+01  14 1.00000e+00  
 87.0 3.2823e+01  14 1.00000e+00  
 87.1 3.2864e+01  14 1.00000e+00  
 87.2 3.2905e+01  14 1.00000e+00  
 87.3 3.2949e+01  14 1.00000e+00  
 87.4 3.2998e+01  14 1.00000e+00  
 87.5 3.3013e+01  14 1.00000e+00  
 87.6 3.3154e+01  14 1.00000e+00  
 87.7 3.3184e+01  14 1.00000e+00  
 87.8 3.3214e+01  14 1.00000e+00  
 87.9 3.3253e+01  14 1.00000e+00  
 88.0 3.3289e+01  14 1.00000e+00  
 88.1 3.3328e+01  14 1.00000e+00  
 88.2 3.3371e+01  14 1.00000e+00  
 88.3 3.3413e+01  14 1.00000e+00  
 88.4 3.3451e+01  14 1.00000e+00  
 88.5 3.3471e+01  14 1.00000e+00  
 88.6 3.3523e+01  14 1.00000e+00  
 88.7 3.3536e+01  14 1.00000e+00  
 88.8 3.3593e+01  14 1.00000e+00  
 88.9 3.3625e+01  14 1.00000e+00  
 89.0 3.3651e+01  14 1.00000e+00  
 89.1 3.3686e+01  14 1.00000e+00  
 89.2 3.3778e+01  14 1.00000e+00  
 89.3 3.3827e+01  14 1.00000e+00  
 89.4 3.3921e+01  14 1.00000e+00  
 89.5 3.3971e+01  14 1.00000e+00  
 89.6 3.4047e+01  14 1.00000e+00  
 89.7 3.4105e+01  14 1.00000e+00  
 89.8 3.4154e+01  14 1.00000e+00  
 89.9 3.4215e+01  14 1.00000e+00  
 90.0 3.4277e+01  14 1.00000e+00  
 90.1 3.4329e+01  14 1.00000e+00  
 90.2 3.4403e+01  14 1.00000e+00  
 90.3 3.4431e+01  14 1.00000e+00  
 90.4 3.4495e+01  14 1.00000e+00  
 90.5 3.4546e+01  14 1.00000e+00  
 90.6 3.4585e+01  14 1.00000e+00  
 90.7 3.4655e+01  14 1.00000e+00  
 90.8 3.4704e+01  14 1.00000e+00  
 90.9 3.4744e+01  14 1.00000e+00  
 91.0 3.4789e+01  14 1.00000e+00  
 91.1 3.4836e+01  14 1.00000e+00  
 91.2 3.4880e+01  14 1.00000e+00  
 91.3 3.4915e+01  14 1.00000e+00  
 91.4 3.5047e+01  14 1.00000e+00  
 91.5 3.5082e+01  14 1.00000e+00  
 91.6 3.5120e+01  14 1.00000e+00  
 91.7 3.5159e+01  14 1.00000e+00  
 91.8 3.5197e+01  14 1.00000e+00  
 91.9 3.5214e+01  14 1.00000e+00  
 92.0 3.5271e+01  14 1.00000e+00  
 92.1 3.5316e+01  14 1.00000e+00  
 92.2 3.5352e+01  14 1.00000e+00  
 92.3 3.5386e+01  14 1.00000e+00  
 92.4 3.5428e+01  14 1.00000e+00  
 92.5 3.5463e+01  14 1.00000e+00  
 92.6 3.5481e+01  14 1.00000e+00  
 92.7 3.5538e+01  14 1.00000e+00  
 92.8 3.5571e+01  14 1.00000e+00  
 92.9 3.5599e+01  14 1.00000e+00  
 93.0 3.5623e+01  14 1.00000e+00  
 93.1 3.5672e+01  14 1.00000e+00  
 93.2 3.5766e+01  14 1.00000e+00  
 93.3 3.5844e+01  14 1.00000e+00  
 93.4 3.5903e+01  14 1.00000e+00  
 93.5 3.5982e+01  14 1.00000e+00  
 93.6 3.6031e+01  14 1.00000e+00  
 93.7 3.6108e+01  14 1.00000e+00  
 93.8 3.6140e+01  14 1.00000e+00  
 93.9 3.6224e+01  14 1.00000e+00  
 94.0 3.6281e+01  14 1.00000e+00  
 94.1 3.6334e+01  14 1.00000e+00  
 94.2 3.6413e+01  14 1.00000e+00  
 94.3 3.6468e+01  14 1.00000e+00  
 94.4 3.6515e+01  14 1.00000e+00  
 94.5 3.6548e+01  14 1.00000e+00  
 94.6 3.6597e+01  14 1.00000e+00  
 94.7 3.6660e+01  14 1.00000e+00  
 94.8 3.6724e+01  14 1.00000e+00  
 94.9 3.6809e+01  14 1.00000e+00  
 95.0 3.6827e+01  14 1.00000e+00  
 95.1 3.6899e+01  14 1.00000e+00  
 95.2 3.6942e+01  14 1.00000e+00  
 95.3 3.6968e+01  14 1.00000e+00  
 95.4 3.7031e+01  14 1.00000e+00  
 95.5 3.7166e+01  14 1.00000e+00  
 95.6 3.7201e+01  14 1.00000e+00  
 95.7 3.7228e+01  14 1.00000e+00  
 95.8 3.7284e+01  14 1.00000e+00  
 95.9 3.7324e+01  14 1.00000e+00  
 96.0 3.7362e+01  14 1.00000e+00  
 96.1 3.7409e+01  14 1.00000e+00  
 96.2 3.7427e+01  14 1.00000e+00  
 96.3 3.7489e+01  14 1.00000e+00  
 96.4 3.7508e+01  14 1.00000e+00  
 96.5 3.7570e+01  14 1.00000e+00  
 96.6 3.7589e+01  14 1.00000e+00  
 96.7 3.7651e+01  14 1.00000e+00  
 96.8 3.7687e+01  14 1.00000e+00  
 96.9 3.7703e+01  14 1.00000e+00  
 97.0 3.7766e+01  14 1.00000e+00  
 97.1 3.7805e+01  14 1.00000e+00  
 97.2 3.7828e+01  14 1.00000e+00  
 97.3 3.7860e+01  14 1.00000e+00  
 97.4 3.7888e+01  14 1.00000e+00  
 97.5 3.7915e+01  14 1.00000e+00  
 97.6 3.7994e+01  14 1.00000e+00  
 97.7 3.8084e+01  14 1.00000e+00  
 97.8 3.8158e+01  14 1.00000e+00  
 97.9 3.8219e+01  14 1.00000e+00  
 98.0 3.8298e+01  14 1.00000e+00  
 98.1 3.8339e+01  14 1.00000e+00  
 98.2 3.8426e+01  14 1.00000e+00  
 98.3 3.8482e+01  14 1.00000e+00  
 98.4 3.8544e+01  14 1.00000e+00  
 98.5 3.8607e+01  14 1.00000e+00  
 98.6 3.8657e+01  14 1.00000e+00  
 98.7 3.8705e+01  14 1.00000e+00  
 98.8 3.8771e+01  14 1.00000e+00  
 98.9 3.8851e+01  14 1.00000e+00  
 99.0 3.8888e+01  14 1.00000e+00  
 99.1 3.8944e+01  14 1.00000e+00  
 99.2 3.9005e+01  14 1.00000e+00  
 99.3 3.9061e+01  14 1.00000e+00  
 99.4 3.9111e+01  14 1.00000e+00  
 99.5 3.9157e+01  14 1.00000e+00  
 99.6 3.9194e+01  14 1.00000e+00  
 99.7 3.9268e+01  14 1.00000e+00  
 99.8 3.9320e+01  14 1.00000e+00  
 99.9 3.9367e+01  14 1.00000e+00  
100.0 3.9399e+01  14 1.00000e+00  
100.1 3.9458e+01  14 1.00000e+00  
100.2 3.9501e+01  14 1.00000e+00  
100.3 3.9536e+01  14 1.00000e+00  
100.4 3.9593e+01  14 1.00000e+00  
100.5 3.9700e+01  14 1.00000e+00  
100.6 3.9759e+01  14 1.00000e+00  
100.7 3.9807e+01  14 1.00000e+00  
100.8 3.9832e+01  14 1.00000e+00  
100.9 3.9893e+01  14 1.00000e+00  
101.0 3.9920e+01  14 1.00000e+00  
101.1 3.9977e+01  14 1.00000e+00  
101.2 4.0018e+01  14 1.00000e+00  
101.3 4.0060e+01  14 1.00000e+00  
101.4 4.0102e+01  14 1.00000e+00  
101.5 4.0146e+01  14 1.00000e+00  
101.6 4.0160e+01  14 1.00000e+00  
101.7 4.0229e+01  14 1.00000e+00  
101.8 4.0268e+01  14 1.00000e+00  
101.9 4.0288e+01  14 1.00000e+00  
102.0 4.0348e+01  14 1.00000e+00  
102.1 4.0390e+01  14 1.00000e+00  
102.2 4.0427e+01  14 1.00000e+00  
102.3 4.0461e+01  14 1.00000e+00  
102.4 4.0491e+01  14 1.00000e+00  
102.5 4.0563e+01  14 1.00000e+00  
102.6 4.0650e+01  14 1.00000e+00  
102.7 4.0716e+01  14 1.00000e+00  
102.8 4.0796e+01  14 1.00000e+00  
102.9 4.0868e+01  14 1.00000e+00  
103.0 4.0930e+01  14 1.00000e+00  
103.1 4.1002e+01  14 1.00000e+00  
103.2 4.1052e+01  14 1.00000e+00  
103.3 4.1129e+01  14 1.00000e+00  
103.4 4.1178e+01  14 1.00000e+00  
103.5 4.1243e+01  14 1.00000e+00  
103.6 4.1308e+01  14 1.00000e+00  
103.7 4.1366e+01  14 1.00000e+00  
103.8 4.1420e+01  14 1.00000e+00  
103.9 4.1451e+01  14 1.00000e+00  
104.0 4.1550e+01  14 1.00000e+00  
104.1 4.1610e+01  14 1.00000e+00  
104.2 4.1666e+01  14 1.00000e+00  
104.3 4.1721e+01  14 1.00000e+00  
104.4 4.1775e+01  14 1.00000e+00  
104.5 4.1827e+01  14 1.00000e+00  
104.6 4.1880e+01  14 1.00000e+00  
104.7 4.1927e+01  14 1.00000e+00  
104.8 4.1969e+01  14 1.00000e+00  
104.9 4.2018e+01  14 1.00000e+00  
105.0 4.2084e+01  14 1.00000e+00  
105.1 4.2132e+01  14 1.00000e+00  
105.2 4.2167e+01  14 1.00000e+00  
105.3 4.2228e+01  14 1.00000e+00  
105.4 4.2271e+01  14 1.00000e+00  
105.5 4.2300e+01  14 1.00000e+00  
105.6 4.2365e+01  14 1.00000e+00  
105.7 4.2495e+01  14 1.00000e+00  
105.8 4.2535e+01  14 1.00000e+00  
105.9 4.2579e+01  14 1.00000e+00  
106.0 4.2625e+01  14 1.00000e+00  
106.1 4.2668e+01  14 1.00000e+00  
106.2 4.2715e+01  14 1.00000e+00  
106.3 4.2755e+01  14 1.00000e+00  
106.4 4.2803e+01  14 1.00000e+00  
106.5 4.2845e+01  14 1.00000e+00  
106.6 4.2889e+01  14 1.00000e+00  
106.7 4.2934e+01  14 1.00000e+00  
106.8 4.2956e+01  14 1.00000e+00  
106.9 4.3022e+01  14 1.00000e+00  
107.0 4.3063e+01  14 1.00000e+00  
107.1 4.3093e+01  14 1.00000e+00  
107.2 4.3140e+01  14 1.00000e+00  
107.3 4.3190e+01  14 1.00000e+00  
107.4 4.3231e+01  14 1.00000e+00  
107.5 4.3269e+01  14 1.00000e+00  
107.6 4.3302e+01  14 1.00000e+00  
107.7 4.3393e+01  14 1.00000e+00  
107.8 4.3470e+01  14 1.00000e+00  
107.9 4.3542e+01  14 1.00000e+00  
108.0 4.3623e+01  14 1.00000e+00  
108.1 4.3680e+01  14 1.00000e+00  
108.2 4.3764e+01  14 1.00000e+00  
108.3 4.3811e+01  14 1.00000e+00  
108.4 4.3897e+01  14 1.00000e+00  
108.5 4.3942e+01  14 1.00000e+00  
108.6 4.4022e+01  14 1.00000e+00  
108.7 4.4087e+01  14 1.00000e+00  
108.8 4.4138e+01  14 1.00000e+00  
108.9 4.4192e+01  14 1.00000e+00  
109.0 4.4264e+01  14 1.00000e+00  
109.1 4.4323e+01  14 1.00000e+00  
109.2 4.4382e+01  14 1.00000e+00  
109.3 4.4438e+01  14 1.00000e+00  
109.4 4.4515e+01  14 1.00000e+00  
109.5 4.4571e+01  14 1.00000e+00  
109.6 4.4627e+01  14 1.00000e+00  
109.7 4.4683e+01  14 1.00000e+00  
109.8 4.4738e+01  14 1.00000e+00  
109.9 4.4794e+01  14 1.00000e+00  
110.0 4.4848e+01  14 1.00000e+00  
110.1 4.4898e+01  14 1.00000e+00  
110.2 4.4947e+01  14 1.00000e+00  
110.3 4.4982e+01  14 1.00000e+00  
110.4 4.5054e+01  14 1.00000e+00  
110.5 4.5109e+01  14 1.00000e+00  
110.6 4.5156e+01  14 1.00000e+00  
110.7 4.5178e+01  14 1.00000e+00  
110.8 4.5257e+01  14 1.00000e+00  
110.9 4.5293e+01  14 1.00000e+00  
111.0 4.5346e+01  14 1.00000e+00  
111.1 4.5395e+01  14 1.00000e+00  
111.2 4.5515e+01  14 1.00000e+00  
111.3 4.5569e+01  14 1.00000e+00  
111.4 4.5608e+01  14 1.00000e+00  
111.5 4.5663e+01  14 1.00000e+00  
111.6 4.5691e+01  14 1.00000e+00  
111.7 4.5757e+01  14 1.00000e+00  
111.8 4.5772e+01  14 1.00000e+00  
111.9 4.5851e+01  14 1.00000e+00  
112.0 4.5881e+01  14 1.00000e+00  
112.1 4.5941e+01  14 1.00000e+00  
112.2 4.5986e+01  14 1.00000e+00  
112.3 4.6001e+01  14 1.00000e+00  
112.4 4.6078e+01  14 1.00000e+00  
112.5 4.6120e+01  14 1.00000e+00  
112.6 4.6154e+01  14 1.00000e+00  
112.7 4.6193e+01  14 1.00000e+00  
112.8 4.6252e+01  14 1.00000e+00  
112.9 4.6297e+01  14 1.00000e+00  
113.0 4.6337e+01  14 1.00000e+00  
113.1 4.6408e+01  14 1.00000e+00  
113.2 4.6486e+01  14 1.00000e+00  
113.3 4.6564e+01  14 1.00000e+00  
113.4 4.6645e+01  14 1.00000e+00  
113.5 4.6708e+01  14 1.00000e+00  
113.6 4.6791e+01  14 1.00000e+00  
113.7 4.6845e+01  14 1.00000e+00  
113.8 4.6931e+01  14 1.00000e+00  
113.9 4.6967e+01  14 1.00000e+00  
114.0 4.7061e+01  14 1.00000e+00  
114.1 4.7127e+01  14 1.00000e+00  
114.2 4.7160e+01  14 1.00000e+00  
114.3 4.7249e+01  14 1.00000e+00  
114.4 4.7317e+01  14 1.00000e+00  
114.5 4.7376e+01  14 1.00000e+00  
114.6 4.7433e+01  14 1.00000e+00  
114.7 4.7474e+01  14 1.00000e+00  
114.8 4.7523e+01  14 1.00000e+00  
114.9 4.7587e+01  14 1.00000e+00  
115.0 4.7634e+01  14 1.00000e+00  
115.1 4.7676e+01  14 1.00000e+00  
115.2 4.7719e+01  14 1.00000e+00  
115.3 4.7762e+01  14 1.00000e+00  
115.4 4.7805e+01  14 1.00000e+00  
115.5 4.7847e+01  14 1.00000e+00  
115.6 4.7890e+01  14 1.00000e+00  
115.7 4.7933e+01  14 1.00000e+00  
115.8 4.7979e+01  14 1.00000e+00  
115.9 4.8025e+01  14 1.00000e+00  
116.0 4.8071e+01  14 1.00000e+00  
116.1 4.7937e+01  14 1.00000e+00  
116.2 4.7965e+01  14 1.00000e+00  
116.3 4.7991e+01  14 1.00000e+00  
116.4 4.8018e+01  14 1.00000e+00  
116.5 4.8044e+01  14 1.00000e+00  
116.6 4.8070e+01  14 1.00000e+00  
116.7 4.8095e+01  14 1.00000e+00  
116.8 4.8154e+01  14 1.00000e+00  
116.9 4.1310e+01  14 1.00000e+00  
117.0 4.1361e+01  14 1.00000e+00  
117.1 4.1409e+01  14 1.00000e+00  
117.2 4.1440e+01  14 1.00000e+00  
117.3 4.1481e+01  14 1.00000e+00  
117.4 4.1581e+01  14 1.00000e+00  
117.5 4.1632e+01  14 1.00000e+00  
117.6 4.1681e+01  14 1.00000e+00  
117.7 4.1136e+01  14 1.00000e+00  
117.8 4.1181e+01  14 1.00000e+00  
117.9 4.1183e+01  14 1.00000e+00  
118.0 4.1260e+01  14 1.00000e+00  
118.1 4.1316e+01  14 1.00000e+00  
118.2 4.1366e+01  14 1.00000e+00  
118.3 4.1368e+01  14 1.00000e+00  
118.4 4.1415e+01  14 1.00000e+00  
118.5 4.1443e+01  14 1.00000e+00  
118.6 4.1488e+01  14 1.00000e+00  
118.7 4.0944e+01  14 1.00000e+00  
118.8 4.1004e+01  14 1.00000e+00  
118.9 4.0994e+01  14 1.00000e+00  
119.0 4.1023e+01  14 1.00000e+00  
119.1 4.1103e+01  14 1.00000e+00  
119.2 4.1157e+01  14 1.00000e+00  
119.3 4.1183e+01  14 1.00000e+00  
119.4 4.0487e+01  14 1.00000e+00  
119.5 4.0536e+01  14 1.00000e+00  
119.6 4.0615e+01  14 1.00000e+00  
119.7 4.0683e+01  14 1.00000e+00  
119.8 4.0720e+01  14 1.00000e+00  
119.9 4.0811e+01  14 1.00000e+00  
120.0 4.0870e+01  14 1.00000e+00  
120.1 4.0918e+01  14 1.00000e+00  
120.2 4.0986e+01  14 1.00000e+00  
120.3 4.1018e+01  14 1.00000e+00  
120.4 4.0395e+01  14 1.00000e+00  
120.5 4.0426e+01  14 1.00000e+00  
120.6 4.0455e+01  14 1.00000e+00  
120.7 4.0481e+01  14 1.00000e+00  
120.8 4.0514e+01  14 1.00000e+00  
120.9 4.0595e+01  14 1.00000e+00  
121.0 4.0668e+01  14 1.00000e+00  
121.1 4.0714e+01  14 1.00000e+00  
121.2 4.0789e+01  14 1.00000e+00  
121.3 4.0853e+01  14 1.00000e+00  
121.4 4.0886e+01  14 1.00000e+00  
121.5 4.0289e+01  14 1.00000e+00  
121.6 4.0347e+01  14 1.00000e+00  
121.7 4.0382e+01  14 1.00000e+00  
121.8 4.0414e+01  14 1.00000e+00  
121.9 4.0443e+01  14 1.00000e+00  
122.0 4.0471e+01  14 1.00000e+00  
122.1 4.0496e+01  14 1.00000e+00  
122.2 4.0563e+01  14 1.00000e+00  
122.3 4.0637e+01  14 1.00000e+00  
122.4 4.0700e+01  14 1.00000e+00  
122.5 4.0181e+01  14 1.00000e+00  
122.6 4.0231e+01  14 1.00000e+00  
122.7 4.0264e+01  14 1.00000e+00  
122.8 4.0284e+01  14 1.00000e+00  
122.9 4.0315e+01  14 1.00000e+00  
123.0 4.0363e+01  14 1.00000e+00  
123.1 4.0397e+01  14 1.00000e+00  
123.2 4.0427e+01  14 1.00000e+00  
123.3 4.0455e+01  14 1.00000e+00  
123.4 4.0481e+01  14 1.00000e+00  
123.5 4.0511e+01  14 1.00000e+00  
123.6 4.0591e+01  14 1.00000e+00  
123.7 4.0139e+01  14 1.00000e+00  
123.8 4.0161e+01  14 1.00000e+00  
123.9 4.0205e+01  14 1.00000e+00  
124.0 4.0244e+01  14 1.00000e+00  
124.1 4.0273e+01  14 1.00000e+00  
124.2 4.0288e+01  14 1.00000e+00  
124.3 4.0340e+01  14 1.00000e+00  
124.4 4.0375e+01  14 1.00000e+00  
124.5 4.0410e+01  14 1.00000e+00  
124.6 4.0439e+01  14 1.00000e+00  
124.7 4.0465e+01  14 1.00000e+00  
124.8 4.0490e+01  14 1.00000e+00  
124.9 4.0065e+01  14 1.00000e+00  
125.0 5.0204e+01  14 1.00000e+00  
125.1 5.0246e+01  14 1.00000e+00  
125.2 5.0288e+01  14 1.00000e+00  
125.3 5.0330e+01  14 1.00000e+00  
125.4 5.0372e+01  14 1.00000e+00  
125.5 4.9847e+01  14 1.00000e+00  
125.6 4.9888e+01  14 1.00000e+00  
125.7 4.9929e+01  14 1.00000e+00  
125.8 4.9971e+01  14 1.00000e+00  
125.9 4.9474e+01  14 1.00000e+00  
126.0 4.9492e+01  14 1.00000e+00  
126.1 4.9533e+01  14 1.00000e+00  
126.2 4.9573e+01  14 1.00000e+00  
126.3 4.9614e+01  14 1.00000e+00  
126.4 4.9119e+01  14 1.00000e+00  
126.5 4.9160e+01  14 1.00000e+00  
126.6 4.9200e+01  14 1.00000e+00  
126.7 4.9240e+01  14 1.00000e+00  
126.8 4.9281e+01  14 1.00000e+00  
126.9 4.8765e+01  14 1.00000e+00  
127.0 4.8804e+01  14 1.00000e+00  
127.1 4.8845e+01  14 1.00000e+00  
127.2 4.8884e+01  14 1.00000e+00  
127.3 4.8925e+01  14 1.00000e+00  
127.4 4.8408e+01  14 1.00000e+00  
127.5 4.8448e+01  14 1.00000e+00  
127.6 4.8488e+01  14 1.00000e+00  
127.7 4.8528e+01  14 1.00000e+00  
127.8 4.8006e+01  14 1.00000e+00  
127.9 4.8048e+01  14 1.00000e+00  
128.0 4.8088e+01  14 1.00000e+00  
128.1 4.8129e+01  14 1.00000e+00  
128.2 4.8169e+01  14 1.00000e+00  
128.3 4.7652e+01  14 1.00000e+00  
128.4 4.7690e+01  14 1.00000e+00  
128.5 4.7729e+01  14 1.00000e+00  
128.6 4.7767e+01  14 1.00000e+00  
128.7 4.7806e+01  14 1.00000e+00  
128.8 4.0453e+01  14 1.00000e+00  
128.9 4.0477e+01  14 1.00000e+00  
129.0 4.0501e+01  14 1.00000e+00  
129.1 4.0576e+01  14 1.00000e+00  
129.2 4.0645e+01  14 1.00000e+00  
129.3 4.0703e+01  14 1.00000e+00  
129.4 4.0753e+01  14 1.00000e+00  
129.5 4.0823e+01  14 1.00000e+00  
129.6 4.0877e+01  14 1.00000e+00  
129.7 4.0923e+01  14 1.00000e+00  
129.8 4.0984e+01  14 1.00000e+00  
129.9 4.1019e+01  14 1.00000e+00  
130.0 4.1085e+01  14 1.00000e+00  
130.1 4.1138e+01  14 1.00000e+00  
130.2 4.1181e+01  14 1.00000e+00  
130.3 4.1221e+01  14 1.00000e+00  
130.4 4.1284e+01  14 1.00000e+00  
130.5 4.1330e+01  14 1.00000e+00  
130.6 4.1375e+01  14 1.00000e+00  
130.7 4.1417e+01  14 1.00000e+00  
130.8 4.1442e+01  14 1.00000e+00  
130.9 4.0877e+01  14 1.00000e+00  
131.0 4.0920e+01  14 1.00000e+00  
131.1 4.0980e+01  14 1.00000e+00  
131.2 4.1026e+01  14 1.00000e+00  
131.3 4.1068e+01  14 1.00000e+00  
131.4 4.1118e+01  14 1.00000e+00  
131.5 4.1164e+01  14 1.00000e+00  
131.6 4.1185e+01  14 1.00000e+00  
131.7 4.1251e+01  14 1.00000e+00  
131.8 4.1299e+01  14 1.00000e+00  
131.9 4.1339e+01  14 1.00000e+00  
132.0 4.1381e+01  14 1.00000e+00  
132.1 4.1421e+01  14 1.00000e+00  
132.2 4.1443e+01  14 1.00000e+00  
132.3 4.1480e+01  14 1.00000e+00  
132.4 4.0882e+01  14 1.00000e+00  
132.5 4.0960e+01  14 1.00000e+00  
132.6 4.1011e+01  14 1.00000e+00  
132.7 4.1045e+01  14 1.00000e+00  
132.8 4.1109e+01  14 1.00000e+00  
132.9 4.1099e+01  14 1.00000e+00  
133.0 4.1148e+01  14 1.00000e+00  
133.1 4.1176e+01  14 1.00000e+00  
133.2 4.1232e+01  14 1.00000e+00  
133.3 4.1287e+01  14 1.00000e+00  
133.4 4.0569e+01  14 1.00000e+00  
133.5 4.0636e+01  14 1.00000e+00  
133.6 4.0694e+01  14 1.00000e+00  
133.7 4.0728e+01  14 1.00000e+00  
133.8 4.0806e+01  14 1.00000e+00  
133.9 4.0863e+01  14 1.00000e+00  
134.0 4.0895e+01  14 1.00000e+00  
134.1 4.0971e+01  14 1.00000e+00  
134.2 4.1019e+01  14 1.00000e+00  
134.3 4.1058e+01  14 1.00000e+00  
134.4 4.1117e+01  14 1.00000e+00  
134.5 4.0439e+01  14 1.00000e+00  
134.6 4.0464e+01  14 1.00000e+00  
134.7 4.0486e+01  14 1.00000e+00  
134.8 4.0524e+01  14 1.00000e+00  
134.9 4.0604e+01  14 1.00000e+00  
135.0 4.0666e+01  14 1.00000e+00  
135.1 4.0716e+01  14 1.00000e+00  
135.2 4.0773e+01  14 1.00000e+00  
135.3 4.0835e+01  14 1.00000e+00  
135.4 4.0879e+01  14 1.00000e+00  
135.5 4.0285e+01  14 1.00000e+00  
135.6 4.0316e+01  14 1.00000e+00  
135.7 4.0360e+01  14 1.00000e+00  
135.8 4.0394e+01  14 1.00000e+00  
135.9 4.0422e+01  14 1.00000e+00  
136.0 4.0448e+01  14 1.00000e+00  
136.1 4.0472e+01  14 1.00000e+00  
136.2 4.0496e+01  14 1.00000e+00  
136.3 4.0559e+01  14 1.00000e+00  
136.4 4.0626e+01  14 1.00000e+00  
136.5 4.0684e+01  14 1.00000e+00  
136.6 4.0713e+01  14 1.00000e+00  
136.7 4.0799e+01  14 1.00000e+00  
136.8 4.0248e+01  14 1.00000e+00  
136.9 4.0274e+01  14 1.00000e+00  
137.0 4.0287e+01  14 1.00000e+00  
137.1 4.0338e+01  14 1.00000e+00  
137.2 4.0369e+01  14 1.00000e+00  
137.3 4.0399e+01  14 1.00000e+00  
137.4 4.0427e+01  14 1.00000e+00  
137.5 4.0452e+01  14 1.00000e+00  
137.6 4.0477e+01  14 1.00000e+00  
137.7 4.0499e+01  14 1.00000e+00  
137.8 4.0565e+01  14 1.00000e+00  
137.9 4.0631e+01  14 1.00000e+00  
138.0 4.0694e+01  14 1.00000e+00  
138.1 4.0160e+01  14 1.00000e+00  
138.2 4.0218e+01  14 1.00000e+00  
138.3 4.0248e+01  14 1.00000e+00  
138.4 4.0274e+01  14 1.00000e+00  
138.5 4.0288e+01  14 1.00000e+00  
138.6 4.0337e+01  14 1.00000e+00  
138.7 4.0368e+01  14 1.00000e+00  
138.8 4.0398e+01  14 1.00000e+00  
138.9 4.0428e+01  14 1.00000e+00  
139.0 4.0452e+01  14 1.00000e+00  
139.1 4.0475e+01  14 1.00000e+00  
139.2 4.0496e+01  14 1.00000e+00  
139.3 4.0062e+01  14 1.00000e+00  
139.4 5.0207e+01  14 1.00000e+00  
139.5 5.0245e+01  14 1.00000e+00  
139.6 5.0282e+01  14 1.00000e+00  
139.7 5.0320e+01  14 1.00000e+00  
139.8 4.9792e+01  14 1.00000e+00  
139.9 4.9828e+01  14 1.00000e+00  
140.0 4.9866e+01  14 1.00000e+00  
140.1 4.9903e+01  14 1.00000e+00  
140.2 4.9940e+01  14 1.00000e+00  
140.3 4.9439e+01  14 1.00000e+00  
140.4 4.9476e+01  14 1.00000e+00  
140.5 4.9489e+01  14 1.00000e+00  
140.6 4.9527e+01  14 1.00000e+00  
140.7 4.9563e+01  14 1.00000e+00  
140.8 4.9064e+01  14 1.00000e+00  
140.9 4.9100e+01  14 1.00000e+00  
141.0 4.9137e+01  14 1.00000e+00  
141.1 4.9172e+01  14 1.00000e+00  
141.2 4.8652e+01  14 1.00000e+00  
141.3 4.8690e+01  14 1.00000e+00  
141.4 4.8724e+01  14 1.00000e+00  
141.5 4.8761e+01  14 1.00000e+00  
141.6 4.8798e+01  14 1.00000e+00  
141.7 4.8276e+01  14 1.00000e+00  
141.8 4.8313e+01  14 1.00000e+00  
141.9 4.8348e+01  14 1.00000e+00  
142.0 4.8383e+01  14 1.00000e+00  
142.1 4.8419e+01  14 1.00000e+00  
142.2 4.7891e+01  14 1.00000e+00  
142.3 4.7925e+01  14 1.00000e+00  
142.4 4.7960e+01  14 1.00000e+00  
142.5 4.8001e+01  14 1.00000e+00  
142.6 4.8038e+01  14 1.00000e+00  
142.7 4.0728e+01  14 1.00000e+00  
142.8 4.0802e+01  14 1.00000e+00  
142.9 4.0854e+01  14 1.00000e+00  
143.0 4.0874e+01  14 1.00000e+00  
143.1 4.0948e+01  14 1.00000e+00  
143.2 4.1001e+01  14 1.00000e+00  
143.3 4.1018e+01  14 1.00000e+00  
143.4 4.1090e+01  14 1.00000e+00  
143.5 4.1137e+01  14 1.00000e+00  
143.6 4.1181e+01  14 1.00000e+00  
143.7 4.1211e+01  14 1.00000e+00  
143.8 4.1267e+01  14 1.00000e+00  
143.9 4.1311e+01  14 1.00000e+00  
144.0 4.1353e+01  14 1.00000e+00  
144.1 4.0706e+01  14 1.00000e+00  
144.2 4.0742e+01  14 1.00000e+00  
144.3 4.0810e+01  14 1.00000e+00  
144.4 4.0860e+01  14 1.00000e+00  
144.5 4.0883e+01  14 1.00000e+00  
144.6 4.0947e+01  14 1.00000e+00  
144.7 4.0996e+01  14 1.00000e+00  
144.8 4.1018e+01  14 1.00000e+00  
144.9 4.1077e+01  14 1.00000e+00  
145.0 4.1126e+01  14 1.00000e+00  
145.1 4.1168e+01  14 1.00000e+00  
145.2 4.1178e+01  14 1.00000e+00  
145.3 4.1239e+01  14 1.00000e+00  
145.4 4.1288e+01  14 1.00000e+00  
145.5 4.1330e+01  14 1.00000e+00  
145.6 4.1375e+01  14 1.00000e+00  
145.7 4.1413e+01  14 1.00000e+00  
145.8 4.1438e+01  14 1.00000e+00  
145.9 4.1468e+01  14 1.00000e+00  
146.0 4.1560e+01  14 1.00000e+00  
146.1 4.1603e+01  14 1.00000e+00  
146.2 4.1641e+01  14 1.00000e+00  
146.3 4.1026e+01  14 1.00000e+00  
146.4 4.1100e+01  14 1.00000e+00  
146.5 4.1146e+01  14 1.00000e+00  
146.6 4.1178e+01  14 1.00000e+00  
146.7 4.1226e+01  14 1.00000e+00  
146.8 4.1279e+01  14 1.00000e+00  
146.9 4.1267e+01  14 1.00000e+00  
147.0 4.1311e+01  14 1.00000e+00  
147.1 4.1357e+01  14 1.00000e+00  
147.2 4.1395e+01  14 1.00000e+00  
147.3 4.1428e+01  14 1.00000e+00  
147.4 4.1449e+01  14 1.00000e+00  
147.5 4.0823e+01  14 1.00000e+00  
147.6 4.0871e+01  14 1.00000e+00  
147.7 4.0902e+01  14 1.00000e+00  
147.8 4.0963e+01  14 1.00000e+00  
147.9 4.1015e+01  14 1.00000e+00  
148.0 4.1042e+01  14 1.00000e+00  
148.1 4.0401e+01  14 1.00000e+00  
148.2 4.0427e+01  14 1.00000e+00  
148.3 4.0453e+01  14 1.00000e+00  
148.4 4.0474e+01  14 1.00000e+00  
148.5 4.0495e+01  14 1.00000e+00  
148.6 4.0548e+01  14 1.00000e+00  
148.7 4.0619e+01  14 1.00000e+00  
148.8 4.0674e+01  14 1.00000e+00  
148.9 4.0717e+01  14 1.00000e+00  
149.0 4.0766e+01  14 1.00000e+00  
149.1 4.0831e+01  14 1.00000e+00  
149.2 4.0263e+01  14 1.00000e+00  
149.3 4.0281e+01  14 1.00000e+00  
149.4 4.0289e+01  14 1.00000e+00  
149.5 4.0347e+01  14 1.00000e+00  
149.6 4.0376e+01  14 1.00000e+00  
149.7 4.0403e+01  14 1.00000e+00  
149.8 4.0428e+01  14 1.00000e+00  
149.9 4.0451e+01  14 1.00000e+00  
150.0 4.0475e+01  14 1.00000e+00  
