 15.1 1.2738e+00  13 3.11972e-02  
 15.2 1.2801e+00  13 3.16091e-02  
 15.3 1.2863e+00  13 3.20173e-02  
 15.4 1.3038e+00  13 3.31345e-02  
 15.5 1.3102e+00  13 3.35388e-02  
 15.6 1.3167e+00  13 3.39382e-02  
 15.7 1.3231e+00  13 3.43357e-02  
 15.8 1.3295e+00  13 3.47266e-02  
 15.9 1.3359e+00  13 3.51125e-02  
 16.0 1.3422e+00  13 3.54941e-02  
 16.1 1.3486e+00  13 3.58718e-02  
 16.2 1.3549e+00  13 3.62460e-02  
 16.3 1.3612e+00  13 3.66158e-02  
 16.4 1.3676e+00  13 3.69825e-02  
 16.5 1.3739e+00  13 3.73450e-02  
 16.6 1.3802e+00  13 3.77033e-02  
 16.7 1.3864e+00  13 3.80574e-02  
 16.8 1.3927e+00  13 3.84075e-02  
 16.9 1.3989e+00  13 3.87534e-02  
 17.0 1.4051e+00  13 3.90952e-02  
 17.1 1.4262e+00  13 4.02393e-02  
 17.2 1.4326e+00  13 4.05805e-02  
 17.3 1.4389e+00  13 4.09180e-02  
 17.4 1.4453e+00  13 4.12516e-02  
 17.5 1.4516e+00  13 4.15817e-02  
 17.6 1.4580e+00  13 4.19089e-02  
 17.7 1.4643e+00  13 4.22339e-02  
 17.8 1.4706e+00  13 4.25551e-02  
 17.9 1.4769e+00  13 4.28735e-02  
 18.0 1.4832e+00  13 4.31897e-02  
 18.1 1.4895e+00  13 4.35026e-02  
 18.2 1.4958e+00  13 4.38114e-02  
 18.3 1.5020e+00  13 4.41175e-02  
 18.4 1.5082e+00  13 4.44205e-02  
 18.5 1.5144e+00  13 4.47204e-02  
 18.6 1.5206e+00  13 4.50174e-02  
 18.7 1.5268e+00  13 4.53114e-02  
 18.8 1.5329e+00  13 4.56023e-02  
 18.9 1.5390e+00  13 4.58904e-02  
 19.0 1.5451e+00  13 4.61755e-02  
 19.1 1.5512e+00  13 4.64577e-02  
 19.2 1.5573e+00  13 4.67375e-02  
 19.3 1.5633e+00  13 4.70165e-02  
 19.4 1.5694e+00  13 4.72933e-02  
 19.5 1.5957e+00  13 4.84709e-02  
 19.6 1.6020e+00  13 4.87456e-02  
 19.7 1.6082e+00  13 4.90177e-02  
 19.8 1.6144e+00  13 4.92874e-02  
 19.9 1.6206e+00  13 4.95543e-02  
 20.0 1.6267e+00  13 4.98190e-02  
 20.1 1.6329e+00  13 5.00813e-02  
 20.2 1.6390e+00  13 5.03431e-02  
 20.3 1.6452e+00  13 5.06027e-02  
 20.4 1.6513e+00  13 5.08600e-02  
 20.5 1.6575e+00  13 5.11151e-02  
 20.6 1.6636e+00  13 5.13680e-02  
 20.7 1.6697e+00  13 5.16189e-02  
 20.8 1.6757e+00  13 5.18675e-02  
 20.9 1.6818e+00  13 5.21127e-02  
 21.0 1.6878e+00  13 5.23566e-02  
 21.1 1.6938e+00  13 5.25984e-02  
 21.2 1.6998e+00  13 5.28381e-02  
 21.3 1.7057e+00  13 5.30757e-02  
 21.4 1.7117e+00  13 5.33113e-02  
 21.5 1.7176e+00  13 5.35448e-02  
 21.6 1.7235e+00  13 5.37763e-02  
 21.7 1.7294e+00  13 5.40058e-02  
 21.8 1.7353e+00  13 5.42333e-02  
 21.9 1.7412e+00  13 5.44597e-02  
 22.0 1.7470e+00  13 5.46848e-02  
 22.1 1.7529e+00  13 5.49082e-02  
 22.2 1.7587e+00  13 5.51291e-02  
 22.3 1.7645e+00  13 5.53488e-02  
 22.4 1.7703e+00  13 5.55666e-02  
 22.5 1.7761e+00  13 5.57830e-02  
 22.6 1.7818e+00  13 5.59974e-02  
 22.7 1.7875e+00  13 5.62092e-02  
 22.8 1.7932e+00  13 5.64199e-02  
 22.9 1.7989e+00  13 5.66289e-02  
 23.0 1.8046e+00  13 5.68363e-02  
 23.1 1.8103e+00  13 5.70419e-02  
 23.2 1.8159e+00  13 5.72461e-02  
 23.3 1.8215e+00  13 5.74485e-02  
 23.4 1.8271e+00  13 5.76493e-02  
 23.5 1.8706e+00  13 5.94673e-02  
 23.6 1.8796e+00  13 5.98873e-02  
 23.7 1.8886e+00  13 6.03073e-02  
 23.8 1.8976e+00  13 6.07266e-02  
 23.9 1.9067e+00  13 6.11451e-02  
 24.0 1.9158e+00  13 6.15641e-02  
 24.1 1.9224e+00  13 6.18180e-02  
 24.2 1.8416e+01  14 1.00000e+00  
 24.3 1.8468e+01  14 1.00000e+00  
 24.4 1.8519e+01  14 1.00000e+00  
 24.5 1.8571e+01  14 1.00000e+00  
 24.6 1.8622e+01  14 1.00000e+00  
 24.7 1.8673e+01  14 1.00000e+00  
 24.8 1.8724e+01  14 1.00000e+00  
 24.9 1.8774e+01  14 1.00000e+00  
 25.0 1.8825e+01  14 1.00000e+00  
 25.1 1.8875e+01  14 1.00000e+00  
 25.2 1.8925e+01  14 1.00000e+00  
 25.3 1.8975e+01  14 1.00000e+00  
 25.4 1.9024e+01  14 1.00000e+00  
 25.5 1.9074e+01  14 1.00000e+00  
 25.6 1.9123e+01  14 1.00000e+00  
 25.7 1.9172e+01  14 1.00000e+00  
 25.8 1.9221e+01  14 1.00000e+00  
 25.9 1.9270e+01  14 1.00000e+00  
 26.0 1.9317e+01  14 1.00000e+00  
 26.1 1.9365e+01  14 1.00000e+00  
 26.2 1.9413e+01  14 1.00000e+00  
 26.3 1.9460e+01  14 1.00000e+00  
 26.4 1.9507e+01  14 1.00000e+00  
 26.5 1.9554e+01  14 1.00000e+00  
 26.6 1.9600e+01  14 1.00000e+00  
 26.7 1.9647e+01  14 1.00000e+00  
 26.8 1.9693e+01  14 1.00000e+00  
 26.9 1.9739e+01  14 1.00000e+00  
 27.0 1.9785e+01  14 1.00000e+00  
 27.1 1.9827e+01  14 1.00000e+00  
 27.2 1.9872e+01  14 1.00000e+00  
 27.3 1.9917e+01  14 1.00000e+00  
 27.4 1.9961e+01  14 1.00000e+00  
 27.5 2.0006e+01  14 1.00000e+00  
 27.6 2.0050e+01  14 1.00000e+00  
 27.7 2.0094e+01  14 1.00000e+00  
 27.8 2.0138e+01  14 1.00000e+00  
 27.9 2.0182e+01  14 1.00000e+00  
 28.0 2.0225e+01  14 1.00000e+00  
 28.1 2.0268e+01  14 1.00000e+00  
 28.2 2.0312e+01  14 1.00000e+00  
 28.3 2.0355e+01  14 1.00000e+00  
 28.4 2.0398e+01  14 1.00000e+00  
 28.5 2.0441e+01  14 1.00000e+00  
 28.6 2.0483e+01  14 1.00000e+00  
 28.7 2.0525e+01  14 1.00000e+00  
 28.8 5.5462e+00  14 2.36237e-01  
 28.9 5.6320e+00  14 2.40089e-01  
 29.0 5.7181e+00  14 2.43939e-01  
 29.1 5.8044e+00  14 2.47786e-01  
 29.2 5.8908e+00  14 2.51628e-01  
 29.3 5.9775e+00  14 2.55467e-01  
 29.4 6.0644e+00  14 2.59302e-01  
 29.5 6.1514e+00  14 2.63133e-01  
 29.6 6.2387e+00  14 2.66959e-01  
 29.7 6.3261e+00  14 2.70785e-01  
 29.8 6.4143e+00  14 2.74629e-01  
 29.9 6.5026e+00  14 2.78468e-01  
 30.0 6.5911e+00  14 2.82299e-01  
 30.1 6.6796e+00  14 2.86122e-01  
 30.2 6.7682e+00  14 2.89940e-01  
 30.3 6.8572e+00  14 2.93760e-01  
 30.4 6.9464e+00  14 2.97577e-01  
 30.5 7.0357e+00  14 3.01391e-01  
 30.6 7.1245e+00  14 3.05170e-01  
 30.7 7.2142e+00  14 3.08978e-01  
 30.8 7.3041e+00  14 3.12782e-01  
 30.9 7.3942e+00  14 3.16582e-01  
 31.0 7.4844e+00  14 3.20377e-01  
 31.1 7.5747e+00  14 3.24167e-01  
 31.2 7.6652e+00  14 3.27951e-01  
 31.3 7.7558e+00  14 3.31730e-01  
 31.4 7.8465e+00  14 3.35504e-01  
 31.5 7.9372e+00  14 3.39271e-01  
 31.6 9.0313e+00  14 3.83897e-01  
 31.7 9.1318e+00  14 3.87929e-01  
 31.8 9.2325e+00  14 3.91956e-01  
 31.9 9.3333e+00  14 3.95977e-01  
 32.0 9.4342e+00  14 3.99996e-01  
 32.1 9.5356e+00  14 4.04017e-01  
 32.2 9.6370e+00  14 4.08033e-01  
 32.3 9.7385e+00  14 4.12042e-01  
 32.4 9.8402e+00  14 4.16046e-01  
 32.5 9.9419e+00  14 4.20042e-01  
 32.6 1.0044e+01  14 4.24049e-01  
 32.7 1.0147e+01  14 4.28058e-01  
 32.8 1.0249e+01  14 4.32060e-01  
 32.9 1.0352e+01  14 4.36055e-01  
 33.0 1.0455e+01  14 4.40043e-01  
 33.1 1.0558e+01  14 4.44036e-01  
 33.2 1.0661e+01  14 4.48019e-01  
 33.3 1.0764e+01  14 4.51990e-01  
 33.4 1.0868e+01  14 4.55954e-01  
 33.5 1.0971e+01  14 4.59912e-01  
 33.6 1.1073e+01  14 4.63828e-01  
 33.7 1.1177e+01  14 4.67764e-01  
 33.8 1.1280e+01  14 4.71693e-01  
 33.9 1.1383e+01  14 4.75617e-01  
 34.0 1.1487e+01  14 4.79534e-01  
 34.1 1.1590e+01  14 4.83446e-01  
 34.2 1.1694e+01  14 4.87350e-01  
 34.3 1.1797e+01  14 4.91248e-01  
 34.4 1.1901e+01  14 4.95140e-01  
 34.5 1.2005e+01  14 4.99024e-01  
 34.6 1.2108e+01  14 5.02901e-01  
 34.7 1.2212e+01  14 5.06771e-01  
 34.8 1.2316e+01  14 5.10633e-01  
 34.9 1.2421e+01  14 5.14509e-01  
 35.0 1.2525e+01  14 5.18381e-01  
 35.1 1.2630e+01  14 5.22247e-01  
 35.2 1.2734e+01  14 5.26106e-01  
 35.3 1.2839e+01  14 5.29974e-01  
 35.4 1.2944e+01  14 5.33831e-01  
 35.5 1.3050e+01  14 5.37680e-01  
 35.6 1.3155e+01  14 5.41525e-01  
 35.7 1.3260e+01  14 5.45358e-01  
 35.8 1.3365e+01  14 5.49184e-01  
 35.9 1.3469e+01  14 5.52966e-01  
 36.0 1.3574e+01  14 5.56766e-01  
 36.1 1.3678e+01  14 5.60560e-01  
 36.2 1.3783e+01  14 5.64348e-01  
 36.3 1.3888e+01  14 5.68129e-01  
 36.4 1.3993e+01  14 5.71903e-01  
 36.5 1.4098e+01  14 5.75669e-01  
 36.6 1.4203e+01  14 5.79429e-01  
 36.7 1.4308e+01  14 5.83181e-01  
 36.8 1.4413e+01  14 5.86926e-01  
 36.9 1.4518e+01  14 5.90663e-01  
 37.0 1.4622e+01  14 5.94393e-01  
 37.1 1.4727e+01  14 5.98114e-01  
 37.2 1.4833e+01  14 6.01848e-01  
 37.3 1.4938e+01  14 6.05578e-01  
 37.4 1.5044e+01  14 6.09301e-01  
 37.5 1.5150e+01  14 6.13035e-01  
 37.6 1.5256e+01  14 6.16763e-01  
 37.7 1.5362e+01  14 6.20480e-01  
 37.8 1.5467e+01  14 6.24186e-01  
 37.9 1.5573e+01  14 6.27881e-01  
 38.0 1.5679e+01  14 6.31562e-01  
 38.1 1.5784e+01  14 6.35225e-01  
 38.2 1.5889e+01  14 6.38879e-01  
 38.3 1.5993e+01  14 6.42479e-01  
 38.4 1.6097e+01  14 6.46107e-01  
 38.5 1.6202e+01  14 6.49728e-01  
 38.6 1.6307e+01  14 6.53342e-01  
 38.7 1.6404e+01  14 6.56710e-01  
 38.8 1.6493e+01  14 6.59750e-01  
 38.9 1.6581e+01  14 6.62782e-01  
 39.0 1.6666e+01  14 6.65692e-01  
 39.1 1.6746e+01  14 6.68440e-01  
 39.2 1.6827e+01  14 6.71208e-01  
 39.3 1.6908e+01  14 6.74001e-01  
 39.4 1.6990e+01  14 6.76805e-01  
 39.5 1.7071e+01  14 6.79544e-01  
 39.6 1.7144e+01  14 6.82027e-01  
 39.7 1.7216e+01  14 6.84483e-01  
 39.8 1.7286e+01  14 6.86867e-01  
 39.9 1.7357e+01  14 6.89281e-01  
 40.0 1.7428e+01  14 6.91690e-01  
 40.1 1.7499e+01  14 6.94092e-01  
 40.2 1.7567e+01  14 6.96376e-01  
 40.3 1.7629e+01  14 6.98497e-01  
 40.4 1.7695e+01  14 7.00704e-01  
 40.5 1.7761e+01  14 7.02932e-01  
 40.6 1.7826e+01  14 7.05137e-01  
 40.7 1.7890e+01  14 7.07281e-01  
 40.8 1.7937e+01  14 7.08859e-01  
 40.9 1.7984e+01  14 7.10457e-01  
 41.0 1.8027e+01  14 7.11900e-01  
 41.1 1.8065e+01  14 7.13165e-01  
 41.2 2.0134e+01  14 7.81533e-01  
 41.3 2.0183e+01  14 7.83128e-01  
 41.4 2.0231e+01  14 7.84693e-01  
 41.5 2.0277e+01  14 7.86202e-01  
 41.6 2.0325e+01  14 7.87745e-01  
 41.7 2.0372e+01  14 7.89289e-01  
 41.8 2.0420e+01  14 7.90831e-01  
 41.9 2.0463e+01  14 7.92239e-01  
 42.0 2.0505e+01  14 7.93612e-01  
 42.1 2.0547e+01  14 7.94965e-01  
 42.2 2.0588e+01  14 7.96279e-01  
 42.3 2.0626e+01  14 7.97527e-01  
 42.4 2.0665e+01  14 7.98777e-01  
 42.5 2.0703e+01  14 8.00018e-01  
 42.6 2.0742e+01  14 8.01256e-01  
 42.7 2.0783e+01  14 8.02597e-01  
 42.8 2.0825e+01  14 8.03949e-01  
 42.9 2.0858e+01  14 8.05016e-01  
 43.0 2.0889e+01  14 8.05996e-01  
 43.1 2.0896e+01  14 8.06220e-01  
 43.2 2.0904e+01  14 8.06478e-01  
 43.3 2.0912e+01  14 8.06746e-01  
 43.4 2.0925e+01  14 8.07177e-01  
 43.5 2.0939e+01  14 8.07621e-01  
 43.6 2.0951e+01  14 8.08020e-01  
 43.7 2.0961e+01  14 8.08328e-01  
 43.8 2.0973e+01  14 8.08721e-01  
 43.9 2.3305e+01  14 8.82687e-01  
 44.0 2.3320e+01  14 8.83153e-01  
 44.1 2.3335e+01  14 8.83617e-01  
 44.2 2.3349e+01  14 8.84044e-01  
 44.3 2.3358e+01  14 8.84348e-01  
 44.4 2.3370e+01  14 8.84701e-01  
 44.5 2.3381e+01  14 8.85064e-01  
 44.6 2.3399e+01  14 8.85603e-01  
 44.7 2.3418e+01  14 8.86208e-01  
 44.8 2.3436e+01  14 8.86767e-01  
 44.9 2.3448e+01  14 8.87135e-01  
 45.0 2.3435e+01  14 8.86738e-01  
 45.1 2.3408e+01  14 8.85884e-01  
 45.2 2.3387e+01  14 8.85238e-01  
 45.3 2.3370e+01  14 8.84716e-01  
 45.4 2.3352e+01  14 8.84157e-01  
 45.5 2.3330e+01  14 8.83460e-01  
 45.6 2.3310e+01  14 8.82825e-01  
 45.7 2.3293e+01  14 8.82293e-01  
 45.8 2.3282e+01  14 8.81972e-01  
 45.9 2.3272e+01  14 8.81637e-01  
 46.0 2.3257e+01  14 8.81181e-01  
 46.1 2.5809e+01  14 9.59807e-01  
 46.2 2.5791e+01  14 9.59267e-01  
 46.3 2.5778e+01  14 9.58872e-01  
 46.4 2.5768e+01  14 9.58561e-01  
 46.5 2.5758e+01  14 9.58248e-01  
 46.6 2.5745e+01  14 9.57868e-01  
 46.7 2.5728e+01  14 9.57332e-01  
 46.8 2.5681e+01  14 9.55913e-01  
 46.9 2.5639e+01  14 9.54632e-01  
 47.0 2.5598e+01  14 9.53372e-01  
 47.1 2.5554e+01  14 9.52057e-01  
 47.2 2.5507e+01  14 9.50613e-01  
 47.3 2.5457e+01  14 9.49081e-01  
 47.4 2.5413e+01  14 9.47753e-01  
 47.5 2.5371e+01  14 9.46460e-01  
 47.6 2.5325e+01  14 9.45068e-01  
 47.7 2.5281e+01  14 9.43714e-01  
 47.8 2.5240e+01  14 9.42474e-01  
 47.9 2.5205e+01  14 9.41402e-01  
 48.0 2.7317e+01  14 1.00000e+00  
 48.1 2.7310e+01  14 1.00000e+00  
 48.2 2.7303e+01  14 1.00000e+00  
 48.3 2.7296e+01  14 1.00000e+00  
 48.4 2.7281e+01  14 1.00000e+00  
 48.5 2.7265e+01  14 1.00000e+00  
 48.6 2.7249e+01  14 1.00000e+00  
 48.7 2.7232e+01  14 1.00000e+00  
 48.8 2.7217e+01  14 1.00000e+00  
 48.9 2.7203e+01  14 1.00000e+00  
 49.0 2.7189e+01  14 1.00000e+00  
 49.1 2.7174e+01  14 1.00000e+00  
 49.2 2.7160e+01  14 1.00000e+00  
 49.3 2.7147e+01  14 1.00000e+00  
 49.4 2.7108e+01  14 9.98958e-01  
 49.5 2.7050e+01  14 9.97231e-01  
 49.6 2.6987e+01  14 9.95324e-01  
 49.7 2.7719e+01  14 1.00000e+00  
 49.8 2.7707e+01  14 1.00000e+00  
 49.9 2.7687e+01  14 1.00000e+00  
 50.0 2.7668e+01  14 1.00000e+00  
 50.1 2.7647e+01  14 1.00000e+00  
 50.2 2.7627e+01  14 1.00000e+00  
 50.3 2.7608e+01  14 1.00000e+00  
 50.4 2.7590e+01  14 1.00000e+00  
 50.5 2.7571e+01  14 1.00000e+00  
 50.6 2.7553e+01  14 1.00000e+00  
 50.7 2.7536e+01  14 1.00000e+00  
 50.8 2.7519e+01  14 1.00000e+00  
 50.9 2.7501e+01  14 1.00000e+00  
 51.0 2.7482e+01  14 1.00000e+00  
 51.1 2.7465e+01  14 1.00000e+00  
 51.2 2.7450e+01  14 1.00000e+00  
 51.3 2.8066e+01  14 1.00000e+00  
 51.4 2.8041e+01  14 1.00000e+00  
 51.5 2.8016e+01  14 1.00000e+00  
 51.6 2.7993e+01  14 1.00000e+00  
 51.7 2.7972e+01  14 1.00000e+00  
 51.8 2.7949e+01  14 1.00000e+00  
 51.9 2.7926e+01  14 1.00000e+00  
 52.0 2.7905e+01  14 1.00000e+00  
 52.1 2.7884e+01  14 1.00000e+00  
 52.2 2.7864e+01  14 1.00000e+00  
 52.3 2.7844e+01  14 1.00000e+00  
 52.4 2.7825e+01  14 1.00000e+00  
 52.5 2.7807e+01  14 1.00000e+00  
 52.6 2.7790e+01  14 1.00000e+00  
 52.7 2.7763e+01  14 1.00000e+00  
 52.8 2.8390e+01  14 1.00000e+00  
 52.9 2.8364e+01  14 1.00000e+00  
 53.0 2.8340e+01  14 1.00000e+00  
 53.1 2.8317e+01  14 1.00000e+00  
 53.2 2.8293e+01  14 1.00000e+00  
 53.3 2.8269e+01  14 1.00000e+00  
 53.4 2.8247e+01  14 1.00000e+00  
 53.5 2.8225e+01  14 1.00000e+00  
 53.6 2.8203e+01  14 1.00000e+00  
 53.7 2.8181e+01  14 1.00000e+00  
 53.8 2.8162e+01  14 1.00000e+00  
 53.9 2.8142e+01  14 1.00000e+00  
 54.0 2.8122e+01  14 1.00000e+00  
 54.1 2.8096e+01  14 1.00000e+00  
 54.2 2.8067e+01  14 1.00000e+00  
 54.3 2.8707e+01  14 1.00000e+00  
 54.4 2.8681e+01  14 1.00000e+00  
 54.5 2.8656e+01  14 1.00000e+00  
 54.6 2.8630e+01  14 1.00000e+00  
 54.7 2.8606e+01  14 1.00000e+00  
 54.8 2.8583e+01  14 1.00000e+00  
 54.9 2.8559e+01  14 1.00000e+00  
 55.0 2.8536e+01  14 1.00000e+00  
 55.1 2.8513e+01  14 1.00000e+00  
 55.2 2.8492e+01  14 1.00000e+00  
 55.3 2.8471e+01  14 1.00000e+00  
 55.4 2.8450e+01  14 1.00000e+00  
 55.5 2.8424e+01  14 1.00000e+00  
 55.6 2.8394e+01  14 1.00000e+00  
 55.7 2.8365e+01  14 1.00000e+00  
 55.8 2.9018e+01  14 1.00000e+00  
 55.9 2.8990e+01  14 1.00000e+00  
 56.0 2.8964e+01  14 1.00000e+00  
 56.1 2.8938e+01  14 1.00000e+00  
 56.2 2.8914e+01  14 1.00000e+00  
 56.3 2.8890e+01  14 1.00000e+00  
 56.4 2.8865e+01  14 1.00000e+00  
 56.5 2.8841e+01  14 1.00000e+00  
 56.6 2.8818e+01  14 1.00000e+00  
 56.7 2.8796e+01  14 1.00000e+00  
 56.8 2.8773e+01  14 1.00000e+00  
 56.9 2.8749e+01  14 1.00000e+00  
 57.0 2.8718e+01  14 1.00000e+00  
 57.1 2.8687e+01  14 1.00000e+00  
 57.2 2.8656e+01  14 1.00000e+00  
 57.3 2.8627e+01  14 1.00000e+00  
 57.4 2.9294e+01  14 1.00000e+00  
 57.5 2.9267e+01  14 1.00000e+00  
 57.6 2.9241e+01  14 1.00000e+00  
 57.7 2.9215e+01  14 1.00000e+00  
 57.8 2.9190e+01  14 1.00000e+00  
 57.9 2.9165e+01  14 1.00000e+00  
 58.0 2.9141e+01  14 1.00000e+00  
 58.1 2.9116e+01  14 1.00000e+00  
 58.2 2.9093e+01  14 1.00000e+00  
 58.3 2.9070e+01  14 1.00000e+00  
 58.4 2.9040e+01  14 1.00000e+00  
 58.5 2.9007e+01  14 1.00000e+00  
 58.6 2.8975e+01  14 1.00000e+00  
 58.7 2.8944e+01  14 1.00000e+00  
 58.8 2.8914e+01  14 1.00000e+00  
 58.9 2.9593e+01  14 1.00000e+00  
 59.0 2.9565e+01  14 1.00000e+00  
 59.1 2.9537e+01  14 1.00000e+00  
 59.2 2.9511e+01  14 1.00000e+00  
 59.3 2.9486e+01  14 1.00000e+00  
 59.4 2.9461e+01  14 1.00000e+00  
 59.5 2.9435e+01  14 1.00000e+00  
 59.6 2.9409e+01  14 1.00000e+00  
 59.7 2.9386e+01  14 1.00000e+00  
 59.8 2.9361e+01  14 1.00000e+00  
 59.9 2.9326e+01  14 1.00000e+00  
 60.0 2.9292e+01  14 1.00000e+00  
 60.1 2.9260e+01  14 1.00000e+00  
 60.2 2.9228e+01  14 1.00000e+00  
 60.3 2.9197e+01  14 1.00000e+00  
 60.4 2.9166e+01  14 1.00000e+00  
 60.5 2.9859e+01  14 1.00000e+00  
 60.6 2.9830e+01  14 1.00000e+00  
 60.7 2.9803e+01  14 1.00000e+00  
 60.8 2.9777e+01  14 1.00000e+00  
 60.9 2.9751e+01  14 1.00000e+00  
 61.0 2.9725e+01  14 1.00000e+00  
 61.1 2.9699e+01  14 1.00000e+00  
 61.2 2.9675e+01  14 1.00000e+00  
 61.3 2.9646e+01  14 1.00000e+00  
 61.4 2.9609e+01  14 1.00000e+00  
 61.5 2.9575e+01  14 1.00000e+00  
 61.6 2.9542e+01  14 1.00000e+00  
 61.7 2.9509e+01  14 1.00000e+00  
 61.8 2.9477e+01  14 1.00000e+00  
 61.9 2.9446e+01  14 1.00000e+00  
 62.0 2.9416e+01  14 1.00000e+00  
 62.1 3.0120e+01  14 1.00000e+00  
 62.2 3.0093e+01  14 1.00000e+00  
 62.3 3.0065e+01  14 1.00000e+00  
 62.4 3.0037e+01  14 1.00000e+00  
 62.5 3.0011e+01  14 1.00000e+00  
 62.6 2.9986e+01  14 1.00000e+00  
 62.7 2.9960e+01  14 1.00000e+00  
 62.8 2.9928e+01  14 1.00000e+00  
 62.9 2.9892e+01  14 1.00000e+00  
 63.0 2.9857e+01  14 1.00000e+00  
 63.1 2.9822e+01  14 1.00000e+00  
 63.2 2.9788e+01  14 1.00000e+00  
 63.3 2.9755e+01  14 1.00000e+00  
 63.4 2.9724e+01  14 1.00000e+00  
 63.5 2.9692e+01  14 1.00000e+00  
 63.6 2.9661e+01  14 1.00000e+00  
 63.7 3.0379e+01  14 1.00000e+00  
 63.8 3.0350e+01  14 1.00000e+00  
 63.9 3.0322e+01  14 1.00000e+00  
 64.0 3.0295e+01  14 1.00000e+00  
 64.1 3.0269e+01  14 1.00000e+00  
 64.2 3.0242e+01  14 1.00000e+00  
 64.3 3.0211e+01  14 1.00000e+00  
 64.4 3.0173e+01  14 1.00000e+00  
 64.5 3.0137e+01  14 1.00000e+00  
 64.6 3.0101e+01  14 1.00000e+00  
 64.7 3.0066e+01  14 1.00000e+00  
 64.8 3.0033e+01  14 1.00000e+00  
 64.9 3.0000e+01  14 1.00000e+00  
 65.0 2.9967e+01  14 1.00000e+00  
 65.1 2.9935e+01  14 1.00000e+00  
 65.2 2.9905e+01  14 1.00000e+00  
 65.3 3.0633e+01  14 1.00000e+00  
 65.4 3.0605e+01  14 1.00000e+00  
 65.5 3.0578e+01  14 1.00000e+00  
 65.6 3.0549e+01  14 1.00000e+00  
 65.7 3.0521e+01  14 1.00000e+00  
 65.8 3.0492e+01  14 1.00000e+00  
 65.9 3.0455e+01  14 1.00000e+00  
 66.0 3.0417e+01  14 1.00000e+00  
 66.1 3.0379e+01  14 1.00000e+00  
 66.2 3.0344e+01  14 1.00000e+00  
 66.3 3.0309e+01  14 1.00000e+00  
 66.4 3.0275e+01  14 1.00000e+00  
 66.5 3.0241e+01  14 1.00000e+00  
 66.6 3.0209e+01  14 1.00000e+00  
 66.7 3.0177e+01  14 1.00000e+00  
 66.8 3.0146e+01  14 1.00000e+00  
 66.9 3.0887e+01  14 1.00000e+00  
 67.0 3.0858e+01  14 1.00000e+00  
 67.1 3.0828e+01  14 1.00000e+00  
 67.2 3.0800e+01  14 1.00000e+00  
 67.3 3.0773e+01  14 1.00000e+00  
 67.4 3.0736e+01  14 1.00000e+00  
 67.5 3.0697e+01  14 1.00000e+00  
 67.6 3.0659e+01  14 1.00000e+00  
 67.7 3.0623e+01  14 1.00000e+00  
 67.8 3.0587e+01  14 1.00000e+00  
 67.9 3.0550e+01  14 1.00000e+00  
 68.0 3.0516e+01  14 1.00000e+00  
 68.1 3.0483e+01  14 1.00000e+00  
 68.2 3.0450e+01  14 1.00000e+00  
 68.3 3.0416e+01  14 1.00000e+00  
 68.4 3.0385e+01  14 1.00000e+00  
 68.5 3.0355e+01  14 1.00000e+00  
 68.6 3.1107e+01  14 1.00000e+00  
 68.7 3.1078e+01  14 1.00000e+00  
 68.8 3.1050e+01  14 1.00000e+00  
 68.9 3.1018e+01  14 1.00000e+00  
 69.0 3.0978e+01  14 1.00000e+00  
 69.1 3.0940e+01  14 1.00000e+00  
 69.2 3.0902e+01  14 1.00000e+00  
 69.3 3.0865e+01  14 1.00000e+00  
 69.4 3.0827e+01  14 1.00000e+00  
 69.5 3.0791e+01  14 1.00000e+00  
 69.6 3.0757e+01  14 1.00000e+00  
 69.7 3.0723e+01  14 1.00000e+00  
 69.8 3.0689e+01  14 1.00000e+00  
 69.9 3.0656e+01  14 1.00000e+00  
 70.0 3.0625e+01  14 1.00000e+00  
 70.1 3.0593e+01  14 1.00000e+00  
 70.2 3.0562e+01  14 1.00000e+00  
 70.3 3.1328e+01  14 1.00000e+00  
 70.4 3.1299e+01  14 1.00000e+00  
 70.5 3.1261e+01  14 1.00000e+00  
 70.6 3.1221e+01  14 1.00000e+00  
 70.7 3.1184e+01  14 1.00000e+00  
 70.8 3.1145e+01  14 1.00000e+00  
 70.9 3.1106e+01  14 1.00000e+00  
 71.0 3.1069e+01  14 1.00000e+00  
 71.1 3.1034e+01  14 1.00000e+00  
 71.2 3.0998e+01  14 1.00000e+00  
 71.3 3.0962e+01  14 1.00000e+00  
 71.4 3.0928e+01  14 1.00000e+00  
 71.5 3.0896e+01  14 1.00000e+00  
 71.6 3.0863e+01  14 1.00000e+00  
 71.7 3.0830e+01  14 1.00000e+00  
 71.8 3.0799e+01  14 1.00000e+00  
 71.9 3.1575e+01  14 1.00000e+00  
 72.0 3.1545e+01  14 1.00000e+00  
 72.1 3.1505e+01  14 1.00000e+00  
 72.2 3.1466e+01  14 1.00000e+00  
 72.3 3.1427e+01  14 1.00000e+00  
 72.4 3.1387e+01  14 1.00000e+00  
 72.5 3.1349e+01  14 1.00000e+00  
 72.6 3.1312e+01  14 1.00000e+00  
 72.7 3.1275e+01  14 1.00000e+00  
 72.8 3.1238e+01  14 1.00000e+00  
 72.9 3.1203e+01  14 1.00000e+00  
 73.0 3.1169e+01  14 1.00000e+00  
 73.1 3.1135e+01  14 1.00000e+00  
 73.2 3.1101e+01  14 1.00000e+00  
 73.3 3.1068e+01  14 1.00000e+00  
 73.4 3.1037e+01  14 1.00000e+00  
 73.5 3.1006e+01  14 1.00000e+00  
 73.6 3.1791e+01  14 1.00000e+00  
 73.7 3.1752e+01  14 1.00000e+00  
 73.8 3.1711e+01  14 1.00000e+00  
 73.9 3.1671e+01  14 1.00000e+00  
 74.0 3.1631e+01  14 1.00000e+00  
 74.1 3.1594e+01  14 1.00000e+00  
 74.2 3.1556e+01  14 1.00000e+00  
 74.3 3.1517e+01  14 1.00000e+00  
 74.4 3.1480e+01  14 1.00000e+00  
 74.5 3.1445e+01  14 1.00000e+00  
 74.6 3.1410e+01  14 1.00000e+00  
 74.7 3.1374e+01  14 1.00000e+00  
 74.8 3.1340e+01  14 1.00000e+00  
 74.9 3.1308e+01  14 1.00000e+00  
 75.0 3.1275e+01  14 1.00000e+00  
 75.1 3.1243e+01  14 1.00000e+00  
 75.2 3.1211e+01  14 1.00000e+00  
 75.3 3.2001e+01  14 1.00000e+00  
 75.4 3.1959e+01  14 1.00000e+00  
 75.5 3.1917e+01  14 1.00000e+00  
 75.6 3.1878e+01  14 1.00000e+00  
 75.7 3.1840e+01  14 1.00000e+00  
 75.8 3.1801e+01  14 1.00000e+00  
 75.9 3.1761e+01  14 1.00000e+00  
 76.0 3.1725e+01  14 1.00000e+00  
 76.1 3.1689e+01  14 1.00000e+00  
 76.2 3.1651e+01  14 1.00000e+00  
 76.3 3.1615e+01  14 1.00000e+00  
 76.4 3.1581e+01  14 1.00000e+00  
 76.5 3.1548e+01  14 1.00000e+00  
 76.6 3.1514e+01  14 1.00000e+00  
 76.7 3.1481e+01  14 1.00000e+00  
 76.8 3.1449e+01  14 1.00000e+00  
 76.9 3.1414e+01  14 1.00000e+00  
 77.0 3.1371e+01  14 1.00000e+00  
 77.1 3.2167e+01  14 1.00000e+00  
 77.2 3.2127e+01  14 1.00000e+00  
 77.3 3.2087e+01  14 1.00000e+00  
 77.4 3.2047e+01  14 1.00000e+00  
 77.5 3.2008e+01  14 1.00000e+00  
 77.6 3.1971e+01  14 1.00000e+00  
 77.7 3.1933e+01  14 1.00000e+00  
 77.8 3.1895e+01  14 1.00000e+00  
 77.9 3.1859e+01  14 1.00000e+00  
 78.0 3.1824e+01  14 1.00000e+00  
 78.1 3.1789e+01  14 1.00000e+00  
 78.2 3.1755e+01  14 1.00000e+00  
 78.3 3.1721e+01  14 1.00000e+00  
 78.4 3.1688e+01  14 1.00000e+00  
 78.5 3.1657e+01  14 1.00000e+00  
 78.6 3.1614e+01  14 1.00000e+00  
 78.7 3.1570e+01  14 1.00000e+00  
 78.8 3.2379e+01  14 1.00000e+00  
 78.9 3.2337e+01  14 1.00000e+00  
 79.0 3.2296e+01  14 1.00000e+00  
 79.1 3.2257e+01  14 1.00000e+00  
 79.2 3.2220e+01  14 1.00000e+00  
 79.3 3.2182e+01  14 1.00000e+00  
 79.4 3.2143e+01  14 1.00000e+00  
 79.5 3.2105e+01  14 1.00000e+00  
 79.6 3.2070e+01  14 1.00000e+00  
 79.7 3.2034e+01  14 1.00000e+00  
 79.8 3.1998e+01  14 1.00000e+00  
 79.9 3.1963e+01  14 1.00000e+00  
 80.0 3.1930e+01  14 1.00000e+00  
 80.1 3.1897e+01  14 1.00000e+00  
 80.2 3.1861e+01  14 1.00000e+00  
 80.3 3.1817e+01  14 1.00000e+00  
 80.4 3.1775e+01  14 1.00000e+00  
 80.5 3.2592e+01  14 1.00000e+00  
 80.6 3.2549e+01  14 1.00000e+00  
 80.7 3.2509e+01  14 1.00000e+00  
 80.8 3.2471e+01  14 1.00000e+00  
 80.9 3.2432e+01  14 1.00000e+00  
 81.0 3.2393e+01  14 1.00000e+00  
 81.1 3.2355e+01  14 1.00000e+00  
 81.2 3.2318e+01  14 1.00000e+00  
 81.3 3.2281e+01  14 1.00000e+00  
 81.4 3.2244e+01  14 1.00000e+00  
 81.5 3.2209e+01  14 1.00000e+00  
 81.6 3.2175e+01  14 1.00000e+00  
 81.7 3.2141e+01  14 1.00000e+00  
 81.8 3.2107e+01  14 1.00000e+00  
 81.9 3.2068e+01  14 1.00000e+00  
 82.0 3.2025e+01  14 1.00000e+00  
 82.1 3.1982e+01  14 1.00000e+00  
 82.2 3.1939e+01  14 1.00000e+00  
 82.3 3.2766e+01  14 1.00000e+00  
 82.4 3.2726e+01  14 1.00000e+00  
 82.5 3.2686e+01  14 1.00000e+00  
 82.6 3.2645e+01  14 1.00000e+00  
 82.7 3.2607e+01  14 1.00000e+00  
 82.8 3.2571e+01  14 1.00000e+00  
 82.9 3.2532e+01  14 1.00000e+00  
 83.0 3.2494e+01  14 1.00000e+00  
 83.1 3.2458e+01  14 1.00000e+00  
 83.2 3.2423e+01  14 1.00000e+00  
 83.3 3.2387e+01  14 1.00000e+00  
 83.4 3.2352e+01  14 1.00000e+00  
 83.5 3.2317e+01  14 1.00000e+00  
 83.6 3.2281e+01  14 1.00000e+00  
 83.7 3.2237e+01  14 1.00000e+00  
 83.8 3.2192e+01  14 1.00000e+00  
 83.9 3.2149e+01  14 1.00000e+00  
 84.0 3.2108e+01  14 1.00000e+00  
 84.1 3.2945e+01  14 1.00000e+00  
 84.2 3.2903e+01  14 1.00000e+00  
 84.3 3.2863e+01  14 1.00000e+00  
 84.4 3.2825e+01  14 1.00000e+00  
 84.5 3.2787e+01  14 1.00000e+00  
 84.6 3.2749e+01  14 1.00000e+00  
 84.7 3.2711e+01  14 1.00000e+00  
 84.8 3.2674e+01  14 1.00000e+00  
 84.9 3.2639e+01  14 1.00000e+00  
 85.0 3.2602e+01  14 1.00000e+00  
 85.1 3.2566e+01  14 1.00000e+00  
 85.2 3.2532e+01  14 1.00000e+00  
 85.3 3.2498e+01  14 1.00000e+00  
 85.4 3.2452e+01  14 1.00000e+00  
 85.5 3.2406e+01  14 1.00000e+00  
 85.6 3.2363e+01  14 1.00000e+00  
 85.7 3.2322e+01  14 1.00000e+00  
 85.8 3.2279e+01  14 1.00000e+00  
 85.9 3.3125e+01  14 1.00000e+00  
 86.0 3.3085e+01  14 1.00000e+00  
 86.1 3.3047e+01  14 1.00000e+00  
 86.2 3.3007e+01  14 1.00000e+00  
 86.3 3.2968e+01  14 1.00000e+00  
 86.4 3.2931e+01  14 1.00000e+00  
 86.5 3.2894e+01  14 1.00000e+00  
 86.6 3.2857e+01  14 1.00000e+00  
 86.7 3.2819e+01  14 1.00000e+00  
 86.8 3.2783e+01  14 1.00000e+00  
 86.9 3.2749e+01  14 1.00000e+00  
 87.0 3.2715e+01  14 1.00000e+00  
 87.1 3.2672e+01  14 1.00000e+00  
 87.2 3.2626e+01  14 1.00000e+00  
 87.3 3.2583e+01  14 1.00000e+00  
 87.4 3.2539e+01  14 1.00000e+00  
 87.5 3.2496e+01  14 1.00000e+00  
 87.6 3.2454e+01  14 1.00000e+00  
 87.7 3.3311e+01  14 1.00000e+00  
 87.8 3.3271e+01  14 1.00000e+00  
 87.9 3.3230e+01  14 1.00000e+00  
 88.0 3.3191e+01  14 1.00000e+00  
 88.1 3.3154e+01  14 1.00000e+00  
 88.2 3.3117e+01  14 1.00000e+00  
 88.3 3.3079e+01  14 1.00000e+00  
 88.4 3.3041e+01  14 1.00000e+00  
 88.5 3.3005e+01  14 1.00000e+00  
 88.6 3.2970e+01  14 1.00000e+00  
 88.7 3.2934e+01  14 1.00000e+00  
 88.8 3.2898e+01  14 1.00000e+00  
 88.9 3.2851e+01  14 1.00000e+00  
 89.0 3.2807e+01  14 1.00000e+00  
 89.1 3.2762e+01  14 1.00000e+00  
 89.2 3.2717e+01  14 1.00000e+00  
 89.3 3.2675e+01  14 1.00000e+00  
 89.4 3.2634e+01  14 1.00000e+00  
 89.5 3.2593e+01  14 1.00000e+00  
 89.6 3.3458e+01  14 1.00000e+00  
 89.7 3.3418e+01  14 1.00000e+00  
 89.8 3.3380e+01  14 1.00000e+00  
 89.9 3.3342e+01  14 1.00000e+00  
 90.0 3.3304e+01  14 1.00000e+00  
 90.1 3.3266e+01  14 1.00000e+00  
 90.2 3.3230e+01  14 1.00000e+00  
 90.3 3.3194e+01  14 1.00000e+00  
 90.4 3.3157e+01  14 1.00000e+00  
 90.5 3.3121e+01  14 1.00000e+00  
 90.6 3.3082e+01  14 1.00000e+00  
 90.7 3.3037e+01  14 1.00000e+00  
 90.8 3.2991e+01  14 1.00000e+00  
 90.9 3.2945e+01  14 1.00000e+00  
 91.0 3.2902e+01  14 1.00000e+00  
 91.1 3.2860e+01  14 1.00000e+00  
 91.2 3.2818e+01  14 1.00000e+00  
 91.3 3.2775e+01  14 1.00000e+00  
 91.4 3.3651e+01  14 1.00000e+00  
 91.5 3.3611e+01  14 1.00000e+00  
 91.6 3.3573e+01  14 1.00000e+00  
 91.7 3.3533e+01  14 1.00000e+00  
 91.8 3.3494e+01  14 1.00000e+00  
 91.9 3.3458e+01  14 1.00000e+00  
 92.0 3.3422e+01  14 1.00000e+00  
 92.1 3.3385e+01  14 1.00000e+00  
 92.2 3.3347e+01  14 1.00000e+00  
 92.3 3.3311e+01  14 1.00000e+00  
 92.4 3.3273e+01  14 1.00000e+00  
 92.5 3.3226e+01  14 1.00000e+00  
 92.6 3.3179e+01  14 1.00000e+00  
 92.7 3.3135e+01  14 1.00000e+00  
 92.8 3.3092e+01  14 1.00000e+00  
 92.9 3.3048e+01  14 1.00000e+00  
 93.0 3.3005e+01  14 1.00000e+00  
 93.1 3.2964e+01  14 1.00000e+00  
 93.2 3.2924e+01  14 1.00000e+00  
 93.3 3.3808e+01  14 1.00000e+00  
 93.4 3.3767e+01  14 1.00000e+00  
 93.5 3.3728e+01  14 1.00000e+00  
 93.6 3.3690e+01  14 1.00000e+00  
 93.7 3.3653e+01  14 1.00000e+00  
 93.8 3.3616e+01  14 1.00000e+00  
 93.9 3.3579e+01  14 1.00000e+00  
 94.0 3.3542e+01  14 1.00000e+00  
 94.1 3.3506e+01  14 1.00000e+00  
 94.2 3.3470e+01  14 1.00000e+00  
 94.3 3.3421e+01  14 1.00000e+00  
 94.4 3.3374e+01  14 1.00000e+00  
 94.5 3.3330e+01  14 1.00000e+00  
 94.6 3.3286e+01  14 1.00000e+00  
 94.7 3.3241e+01  14 1.00000e+00  
 94.8 3.3198e+01  14 1.00000e+00  
 94.9 3.3157e+01  14 1.00000e+00  
 95.0 3.3117e+01  14 1.00000e+00  
 95.1 3.3075e+01  14 1.00000e+00  
 95.2 3.3967e+01  14 1.00000e+00  
 95.3 3.3927e+01  14 1.00000e+00  
 95.4 3.3890e+01  14 1.00000e+00  
 95.5 3.3853e+01  14 1.00000e+00  
 95.6 3.3814e+01  14 1.00000e+00  
 95.7 3.3776e+01  14 1.00000e+00  
 95.8 3.3741e+01  14 1.00000e+00  
 95.9 3.3705e+01  14 1.00000e+00  
 96.0 3.3669e+01  14 1.00000e+00  
 96.1 3.3622e+01  14 1.00000e+00  
 96.2 3.3575e+01  14 1.00000e+00  
 96.3 3.3530e+01  14 1.00000e+00  
 96.4 3.3485e+01  14 1.00000e+00  
 96.5 3.3440e+01  14 1.00000e+00  
 96.6 3.3396e+01  14 1.00000e+00  
 96.7 3.3355e+01  14 1.00000e+00  
 96.8 3.3313e+01  14 1.00000e+00  
 96.9 3.3271e+01  14 1.00000e+00  
 97.0 3.3231e+01  14 1.00000e+00  
 97.1 3.3192e+01  14 1.00000e+00  
 97.2 3.4094e+01  14 1.00000e+00  
 97.3 3.4055e+01  14 1.00000e+00  
 97.4 3.4016e+01  14 1.00000e+00  
 97.5 3.3978e+01  14 1.00000e+00  
 97.6 3.3943e+01  14 1.00000e+00  
 97.7 3.3908e+01  14 1.00000e+00  
 97.8 3.3870e+01  14 1.00000e+00  
 97.9 3.3830e+01  14 1.00000e+00  
 98.0 3.3783e+01  14 1.00000e+00  
 98.1 3.3738e+01  14 1.00000e+00  
 98.2 3.3690e+01  14 1.00000e+00  
 98.3 3.3645e+01  14 1.00000e+00  
 98.4 3.3601e+01  14 1.00000e+00  
 98.5 3.3559e+01  14 1.00000e+00  
 98.6 3.3515e+01  14 1.00000e+00  
 98.7 3.3473e+01  14 1.00000e+00  
 98.8 3.3432e+01  14 1.00000e+00  
 98.9 3.3393e+01  14 1.00000e+00  
 99.0 3.3353e+01  14 1.00000e+00  
 99.1 3.4263e+01  14 1.00000e+00  
 99.2 3.4223e+01  14 1.00000e+00  
 99.3 3.4185e+01  14 1.00000e+00  
 99.4 3.4149e+01  14 1.00000e+00  
 99.5 3.4112e+01  14 1.00000e+00  
 99.6 3.4075e+01  14 1.00000e+00  
 99.7 3.4039e+01  14 1.00000e+00  
 99.8 3.3997e+01  14 1.00000e+00  
 99.9 3.3951e+01  14 1.00000e+00  
100.0 3.3903e+01  14 1.00000e+00  
100.1 3.3856e+01  14 1.00000e+00  
100.2 3.3812e+01  14 1.00000e+00  
100.3 3.3769e+01  14 1.00000e+00  
100.4 3.3724e+01  14 1.00000e+00  
100.5 3.3681e+01  14 1.00000e+00  
100.6 3.3640e+01  14 1.00000e+00  
100.7 3.3599e+01  14 1.00000e+00  
100.8 3.3558e+01  14 1.00000e+00  
100.9 3.3518e+01  14 1.00000e+00  
101.0 3.3479e+01  14 1.00000e+00  
101.1 3.4398e+01  14 1.00000e+00  
101.2 3.4360e+01  14 1.00000e+00  
101.3 3.4323e+01  14 1.00000e+00  
101.4 3.4285e+01  14 1.00000e+00  
101.5 3.4248e+01  14 1.00000e+00  
101.6 3.4213e+01  14 1.00000e+00  
101.7 3.4171e+01  14 1.00000e+00  
101.8 3.4123e+01  14 1.00000e+00  
101.9 3.4075e+01  14 1.00000e+00  
102.0 3.4029e+01  14 1.00000e+00  
102.1 3.3985e+01  14 1.00000e+00  
102.2 3.3940e+01  14 1.00000e+00  
102.3 3.3895e+01  14 1.00000e+00  
102.4 3.3853e+01  14 1.00000e+00  
102.5 3.3812e+01  14 1.00000e+00  
102.6 3.3770e+01  14 1.00000e+00  
102.7 3.3729e+01  14 1.00000e+00  
102.8 3.3689e+01  14 1.00000e+00  
102.9 3.3650e+01  14 1.00000e+00  
103.0 3.3612e+01  14 1.00000e+00  
103.1 3.4539e+01  14 1.00000e+00  
103.2 3.4500e+01  14 1.00000e+00  
103.3 3.4462e+01  14 1.00000e+00  
103.4 3.4426e+01  14 1.00000e+00  
103.5 3.4391e+01  14 1.00000e+00  
103.6 3.4350e+01  14 1.00000e+00  
103.7 3.4302e+01  14 1.00000e+00  
103.8 3.4255e+01  14 1.00000e+00  
103.9 3.4209e+01  14 1.00000e+00  
104.0 3.4163e+01  14 1.00000e+00  
104.1 3.4118e+01  14 1.00000e+00  
104.2 3.4074e+01  14 1.00000e+00  
104.3 3.4031e+01  14 1.00000e+00  
104.4 3.3989e+01  14 1.00000e+00  
104.5 3.3947e+01  14 1.00000e+00  
104.6 3.3905e+01  14 1.00000e+00  
104.7 3.3866e+01  14 1.00000e+00  
104.8 3.3827e+01  14 1.00000e+00  
104.9 3.3787e+01  14 1.00000e+00  
105.0 3.3748e+01  14 1.00000e+00  
105.1 3.4683e+01  14 1.00000e+00  
105.2 3.4645e+01  14 1.00000e+00  
105.3 3.4608e+01  14 1.00000e+00  
105.4 3.4573e+01  14 1.00000e+00  
105.5 3.4536e+01  14 1.00000e+00  
105.6 3.4487e+01  14 1.00000e+00  
105.7 3.4441e+01  14 1.00000e+00  
105.8 3.4396e+01  14 1.00000e+00  
105.9 3.4348e+01  14 1.00000e+00  
106.0 3.4303e+01  14 1.00000e+00  
106.1 3.4258e+01  14 1.00000e+00  
106.2 3.4216e+01  14 1.00000e+00  
106.3 3.4172e+01  14 1.00000e+00  
106.4 3.4129e+01  14 1.00000e+00  
106.5 3.4088e+01  14 1.00000e+00  
106.6 3.4048e+01  14 1.00000e+00  
106.7 3.4008e+01  14 1.00000e+00  
106.8 3.3967e+01  14 1.00000e+00  
106.9 3.3928e+01  14 1.00000e+00  
107.0 3.3891e+01  14 1.00000e+00  
107.1 3.4833e+01  14 1.00000e+00  
107.2 3.4796e+01  14 1.00000e+00  
107.3 3.4759e+01  14 1.00000e+00  
107.4 3.4722e+01  14 1.00000e+00  
107.5 3.4680e+01  14 1.00000e+00  
107.6 3.4634e+01  14 1.00000e+00  
107.7 3.4589e+01  14 1.00000e+00  
107.8 3.4541e+01  14 1.00000e+00  
107.9 3.4494e+01  14 1.00000e+00  
108.0 3.4450e+01  14 1.00000e+00  
108.1 3.4407e+01  14 1.00000e+00  
108.2 3.4362e+01  14 1.00000e+00  
108.3 3.4318e+01  14 1.00000e+00  
108.4 3.4277e+01  14 1.00000e+00  
108.5 3.4236e+01  14 1.00000e+00  
108.6 3.4195e+01  14 1.00000e+00  
108.7 3.4154e+01  14 1.00000e+00  
108.8 3.4115e+01  14 1.00000e+00  
108.9 3.4077e+01  14 1.00000e+00  
109.0 3.4040e+01  14 1.00000e+00  
109.1 3.4001e+01  14 1.00000e+00  
109.2 3.4951e+01  14 1.00000e+00  
109.3 3.4914e+01  14 1.00000e+00  
109.4 3.4877e+01  14 1.00000e+00  
109.5 3.4834e+01  14 1.00000e+00  
109.6 3.4787e+01  14 1.00000e+00  
109.7 3.4740e+01  14 1.00000e+00  
109.8 3.4693e+01  14 1.00000e+00  
109.9 3.4648e+01  14 1.00000e+00  
110.0 3.4604e+01  14 1.00000e+00  
110.1 3.4559e+01  14 1.00000e+00  
110.2 3.4514e+01  14 1.00000e+00  
110.3 3.4472e+01  14 1.00000e+00  
110.4 3.4431e+01  14 1.00000e+00  
110.5 3.4389e+01  14 1.00000e+00  
110.6 3.4347e+01  14 1.00000e+00  
110.7 3.4307e+01  14 1.00000e+00  
110.8 3.4269e+01  14 1.00000e+00  
110.9 3.4231e+01  14 1.00000e+00  
111.0 3.4191e+01  14 1.00000e+00  
111.1 3.4153e+01  14 1.00000e+00  
111.2 3.5111e+01  14 1.00000e+00  
111.3 3.5074e+01  14 1.00000e+00  
111.4 3.5038e+01  14 1.00000e+00  
111.5 3.4994e+01  14 1.00000e+00  
111.6 3.4946e+01  14 1.00000e+00  
111.7 3.4899e+01  14 1.00000e+00  
111.8 3.4854e+01  14 1.00000e+00  
111.9 3.4809e+01  14 1.00000e+00  
112.0 3.4763e+01  14 1.00000e+00  
112.1 3.4718e+01  14 1.00000e+00  
112.2 3.4674e+01  14 1.00000e+00  
112.3 3.4632e+01  14 1.00000e+00  
112.4 3.4590e+01  14 1.00000e+00  
112.5 3.4548e+01  14 1.00000e+00  
112.6 3.4506e+01  14 1.00000e+00  
112.7 3.4467e+01  14 1.00000e+00  
112.8 3.4429e+01  14 1.00000e+00  
112.9 3.4388e+01  14 1.00000e+00  
113.0 3.4349e+01  14 1.00000e+00  
113.1 3.4312e+01  14 1.00000e+00  
113.2 3.4275e+01  14 1.00000e+00  
113.3 3.5239e+01  14 1.00000e+00  
113.4 3.5203e+01  14 1.00000e+00  
113.5 3.5161e+01  14 1.00000e+00  
113.6 3.5113e+01  14 1.00000e+00  
113.7 3.5066e+01  14 1.00000e+00  
113.8 3.5021e+01  14 1.00000e+00  
113.9 3.4976e+01  14 1.00000e+00  
114.0 3.4930e+01  14 1.00000e+00  
114.1 3.4885e+01  14 1.00000e+00  
114.2 3.4842e+01  14 1.00000e+00  
114.3 3.4799e+01  14 1.00000e+00  
114.4 3.4755e+01  14 1.00000e+00  
114.5 3.4713e+01  14 1.00000e+00  
114.6 3.4672e+01  14 1.00000e+00  
114.7 3.4633e+01  14 1.00000e+00  
114.8 3.4592e+01  14 1.00000e+00  
114.9 3.4552e+01  14 1.00000e+00  
115.0 3.4513e+01  14 1.00000e+00  
115.1 3.4476e+01  14 1.00000e+00  
115.2 3.4439e+01  14 1.00000e+00  
115.3 3.4401e+01  14 1.00000e+00  
115.4 3.4364e+01  14 1.00000e+00  
115.5 3.5336e+01  14 1.00000e+00  
115.6 3.5288e+01  14 1.00000e+00  
115.7 3.5241e+01  14 1.00000e+00  
115.8 3.5195e+01  14 1.00000e+00  
115.9 3.5149e+01  14 1.00000e+00  
116.0 3.5104e+01  14 1.00000e+00  
116.1 3.5059e+01  14 1.00000e+00  
116.2 3.5016e+01  14 1.00000e+00  
116.3 3.4972e+01  14 1.00000e+00  
116.4 3.4928e+01  14 1.00000e+00  
116.5 3.4886e+01  14 1.00000e+00  
116.6 3.4845e+01  14 1.00000e+00  
116.7 3.4805e+01  14 1.00000e+00  
116.8 3.4763e+01  14 1.00000e+00  
116.9 3.4723e+01  14 1.00000e+00  
117.0 3.4684e+01  14 1.00000e+00  
117.1 3.4646e+01  14 1.00000e+00  
117.2 3.4608e+01  14 1.00000e+00  
117.3 3.4570e+01  14 1.00000e+00  
117.4 3.4533e+01  14 1.00000e+00  
117.5 3.4497e+01  14 1.00000e+00  
117.6 3.5471e+01  14 1.00000e+00  
117.7 3.5424e+01  14 1.00000e+00  
117.8 3.5378e+01  14 1.00000e+00  
117.9 3.5330e+01  14 1.00000e+00  
118.0 3.5285e+01  14 1.00000e+00  
118.1 3.5240e+01  14 1.00000e+00  
118.2 3.5197e+01  14 1.00000e+00  
118.3 3.5152e+01  14 1.00000e+00  
118.4 3.5108e+01  14 1.00000e+00  
118.5 3.5065e+01  14 1.00000e+00  
118.6 3.5024e+01  14 1.00000e+00  
118.7 3.4983e+01  14 1.00000e+00  
118.8 3.4941e+01  14 1.00000e+00  
118.9 3.4900e+01  14 1.00000e+00  
119.0 3.4861e+01  14 1.00000e+00  
119.1 3.4823e+01  14 1.00000e+00  
119.2 3.4783e+01  14 1.00000e+00  
119.3 3.4745e+01  14 1.00000e+00  
119.4 3.4707e+01  14 1.00000e+00  
119.5 3.4671e+01  14 1.00000e+00  
119.6 3.4636e+01  14 1.00000e+00  
119.7 3.5614e+01  14 1.00000e+00  
119.8 3.5568e+01  14 1.00000e+00  
119.9 3.5520e+01  14 1.00000e+00  
120.0 3.5473e+01  14 1.00000e+00  
120.1 3.5429e+01  14 1.00000e+00  
120.2 3.5385e+01  14 1.00000e+00  
120.3 3.5340e+01  14 1.00000e+00  
120.4 3.5296e+01  14 1.00000e+00  
120.5 3.5252e+01  14 1.00000e+00  
120.6 3.5210e+01  14 1.00000e+00  
120.7 3.5169e+01  14 1.00000e+00  
120.8 3.5126e+01  14 1.00000e+00  
120.9 3.5084e+01  14 1.00000e+00  
121.0 3.5044e+01  14 1.00000e+00  
121.1 3.5006e+01  14 1.00000e+00  
121.2 3.4966e+01  14 1.00000e+00  
121.3 3.4927e+01  14 1.00000e+00  
121.4 3.4889e+01  14 1.00000e+00  
121.5 3.4852e+01  14 1.00000e+00  
121.6 3.4816e+01  14 1.00000e+00  
121.7 3.4779e+01  14 1.00000e+00  
121.8 3.4737e+01  14 1.00000e+00  
121.9 3.5719e+01  14 1.00000e+00  
122.0 3.5671e+01  14 1.00000e+00  
122.1 3.5625e+01  14 1.00000e+00  
122.2 3.5580e+01  14 1.00000e+00  
122.3 3.5537e+01  14 1.00000e+00  
122.4 3.5491e+01  14 1.00000e+00  
122.5 3.5448e+01  14 1.00000e+00  
122.6 3.5404e+01  14 1.00000e+00  
122.7 3.5362e+01  14 1.00000e+00  
122.8 3.5319e+01  14 1.00000e+00  
122.9 3.5277e+01  14 1.00000e+00  
123.0 3.5235e+01  14 1.00000e+00  
123.1 3.5196e+01  14 1.00000e+00  
123.2 3.5157e+01  14 1.00000e+00  
123.3 3.5116e+01  14 1.00000e+00  
123.4 3.5077e+01  14 1.00000e+00  
123.5 3.5039e+01  14 1.00000e+00  
123.6 3.5002e+01  14 1.00000e+00  
123.7 3.4965e+01  14 1.00000e+00  
123.8 3.4928e+01  14 1.00000e+00  
123.9 3.4889e+01  14 1.00000e+00  
124.0 3.4843e+01  14 1.00000e+00  
124.1 3.5830e+01  14 1.00000e+00  
124.2 3.5784e+01  14 1.00000e+00  
124.3 3.5739e+01  14 1.00000e+00  
124.4 3.5694e+01  14 1.00000e+00  
124.5 3.5649e+01  14 1.00000e+00  
124.6 3.5605e+01  14 1.00000e+00  
124.7 3.5564e+01  14 1.00000e+00  
124.8 3.5520e+01  14 1.00000e+00  
124.9 3.5477e+01  14 1.00000e+00  
125.0 3.5435e+01  14 1.00000e+00  
125.1 3.5394e+01  14 1.00000e+00  
125.2 3.5354e+01  14 1.00000e+00  
125.3 3.5313e+01  14 1.00000e+00  
125.4 3.5273e+01  14 1.00000e+00  
125.5 3.5234e+01  14 1.00000e+00  
125.6 3.5196e+01  14 1.00000e+00  
125.7 3.5159e+01  14 1.00000e+00  
125.8 3.5121e+01  14 1.00000e+00  
125.9 3.5083e+01  14 1.00000e+00  
126.0 3.5046e+01  14 1.00000e+00  
126.1 3.5004e+01  14 1.00000e+00  
126.2 3.4959e+01  14 1.00000e+00  
126.3 3.5952e+01  14 1.00000e+00  
126.4 3.5907e+01  14 1.00000e+00  
126.5 3.5860e+01  14 1.00000e+00  
126.6 3.5815e+01  14 1.00000e+00  
126.7 3.5772e+01  14 1.00000e+00  
126.8 3.5729e+01  14 1.00000e+00  
126.9 3.5686e+01  14 1.00000e+00  
127.0 3.5643e+01  14 1.00000e+00  
127.1 3.5600e+01  14 1.00000e+00  
127.2 3.5559e+01  14 1.00000e+00  
127.3 3.5519e+01  14 1.00000e+00  
127.4 3.5477e+01  14 1.00000e+00  
127.5 3.5437e+01  14 1.00000e+00  
127.6 3.5398e+01  14 1.00000e+00  
127.7 3.5359e+01  14 1.00000e+00  
127.8 3.5322e+01  14 1.00000e+00  
127.9 3.5283e+01  14 1.00000e+00  
128.0 3.5245e+01  14 1.00000e+00  
128.1 3.5208e+01  14 1.00000e+00  
128.2 3.5173e+01  14 1.00000e+00  
128.3 3.5128e+01  14 1.00000e+00  
128.4 3.5080e+01  14 1.00000e+00  
128.5 3.5034e+01  14 1.00000e+00  
128.6 3.6036e+01  14 1.00000e+00  
128.7 3.5990e+01  14 1.00000e+00  
128.8 3.5946e+01  14 1.00000e+00  
128.9 3.5903e+01  14 1.00000e+00  
129.0 3.5859e+01  14 1.00000e+00  
129.1 3.5816e+01  14 1.00000e+00  
129.2 3.5774e+01  14 1.00000e+00  
129.3 3.5732e+01  14 1.00000e+00  
129.4 3.5691e+01  14 1.00000e+00  
129.5 3.5649e+01  14 1.00000e+00  
129.6 3.5608e+01  14 1.00000e+00  
129.7 3.5568e+01  14 1.00000e+00  
129.8 3.5530e+01  14 1.00000e+00  
129.9 3.5492e+01  14 1.00000e+00  
130.0 3.5452e+01  14 1.00000e+00  
130.1 3.5414e+01  14 1.00000e+00  
130.2 3.5377e+01  14 1.00000e+00  
130.3 3.5341e+01  14 1.00000e+00  
130.4 3.5305e+01  14 1.00000e+00  
130.5 3.5258e+01  14 1.00000e+00  
130.6 3.5211e+01  14 1.00000e+00  
130.7 3.5166e+01  14 1.00000e+00  
130.8 3.6173e+01  14 1.00000e+00  
130.9 3.6128e+01  14 1.00000e+00  
131.0 3.6084e+01  14 1.00000e+00  
131.1 3.6040e+01  14 1.00000e+00  
131.2 3.5997e+01  14 1.00000e+00  
131.3 3.5954e+01  14 1.00000e+00  
131.4 3.5913e+01  14 1.00000e+00  
131.5 3.5872e+01  14 1.00000e+00  
131.6 3.5829e+01  14 1.00000e+00  
131.7 3.5787e+01  14 1.00000e+00  
131.8 3.5747e+01  14 1.00000e+00  
131.9 3.5707e+01  14 1.00000e+00  
132.0 3.5669e+01  14 1.00000e+00  
132.1 3.5629e+01  14 1.00000e+00  
132.2 3.5590e+01  14 1.00000e+00  
132.3 3.5552e+01  14 1.00000e+00  
132.4 3.5515e+01  14 1.00000e+00  
132.5 3.5480e+01  14 1.00000e+00  
132.6 3.5442e+01  14 1.00000e+00  
132.7 3.5399e+01  14 1.00000e+00  
132.8 3.5352e+01  14 1.00000e+00  
132.9 3.5307e+01  14 1.00000e+00  
133.0 3.5261e+01  14 1.00000e+00  
133.1 3.6275e+01  14 1.00000e+00  
133.2 3.6231e+01  14 1.00000e+00  
133.3 3.6186e+01  14 1.00000e+00  
133.4 3.6142e+01  14 1.00000e+00  
133.5 3.6100e+01  14 1.00000e+00  
133.6 3.6058e+01  14 1.00000e+00  
133.7 3.6018e+01  14 1.00000e+00  
133.8 3.5975e+01  14 1.00000e+00  
133.9 3.5934e+01  14 1.00000e+00  
134.0 3.5893e+01  14 1.00000e+00  
134.1 3.5854e+01  14 1.00000e+00  
134.2 3.5814e+01  14 1.00000e+00  
134.3 3.5774e+01  14 1.00000e+00  
134.4 3.5735e+01  14 1.00000e+00  
134.5 3.5697e+01  14 1.00000e+00  
134.6 3.5661e+01  14 1.00000e+00  
134.7 3.5623e+01  14 1.00000e+00  
134.8 3.5586e+01  14 1.00000e+00  
134.9 3.5548e+01  14 1.00000e+00  
135.0 3.5502e+01  14 1.00000e+00  
135.1 3.5457e+01  14 1.00000e+00  
135.2 3.5410e+01  14 1.00000e+00  
135.3 3.5365e+01  14 1.00000e+00  
135.4 3.5321e+01  14 1.00000e+00  
135.5 3.6341e+01  14 1.00000e+00  
135.6 3.6297e+01  14 1.00000e+00  
135.7 3.6254e+01  14 1.00000e+00  
135.8 3.6212e+01  14 1.00000e+00  
135.9 3.6170e+01  14 1.00000e+00  
136.0 3.6128e+01  14 1.00000e+00  
136.1 3.6087e+01  14 1.00000e+00  
136.2 3.6047e+01  14 1.00000e+00  
136.3 3.6008e+01  14 1.00000e+00  
136.4 3.5967e+01  14 1.00000e+00  
136.5 3.5927e+01  14 1.00000e+00  
136.6 3.5888e+01  14 1.00000e+00  
136.7 3.5850e+01  14 1.00000e+00  
136.8 3.5813e+01  14 1.00000e+00  
136.9 3.5775e+01  14 1.00000e+00  
137.0 3.5737e+01  14 1.00000e+00  
137.1 3.5701e+01  14 1.00000e+00  
137.2 3.5660e+01  14 1.00000e+00  
137.3 3.5615e+01  14 1.00000e+00  
137.4 3.5568e+01  14 1.00000e+00  
137.5 3.5522e+01  14 1.00000e+00  
137.6 3.5478e+01  14 1.00000e+00  
137.7 3.5435e+01  14 1.00000e+00  
137.8 3.6459e+01  14 1.00000e+00  
137.9 3.6416e+01  14 1.00000e+00  
138.0 3.6374e+01  14 1.00000e+00  
138.1 3.6331e+01  14 1.00000e+00  
138.2 3.6289e+01  14 1.00000e+00  
138.3 3.6248e+01  14 1.00000e+00  
138.4 3.6208e+01  14 1.00000e+00  
138.5 3.6169e+01  14 1.00000e+00  
138.6 3.6127e+01  14 1.00000e+00  
138.7 3.6087e+01  14 1.00000e+00  
138.8 3.6048e+01  14 1.00000e+00  
138.9 3.6009e+01  14 1.00000e+00  
139.0 3.5972e+01  14 1.00000e+00  
139.1 3.5934e+01  14 1.00000e+00  
139.2 3.5896e+01  14 1.00000e+00  
139.3 3.5859e+01  14 1.00000e+00  
139.4 3.5823e+01  14 1.00000e+00  
139.5 3.5782e+01  14 1.00000e+00  
139.6 3.5735e+01  14 1.00000e+00  
139.7 3.5689e+01  14 1.00000e+00  
139.8 3.5643e+01  14 1.00000e+00  
139.9 3.5600e+01  14 1.00000e+00  
140.0 3.5556e+01  14 1.00000e+00  
140.1 3.5512e+01  14 1.00000e+00  
140.2 3.6544e+01  14 1.00000e+00  
140.3 3.6501e+01  14 1.00000e+00  
140.4 3.6458e+01  14 1.00000e+00  
140.5 3.6417e+01  14 1.00000e+00  
140.6 3.6376e+01  14 1.00000e+00  
140.7 3.6337e+01  14 1.00000e+00  
140.8 3.6296e+01  14 1.00000e+00  
140.9 3.6256e+01  14 1.00000e+00  
141.0 3.6216e+01  14 1.00000e+00  
141.1 3.6177e+01  14 1.00000e+00  
141.2 3.6139e+01  14 1.00000e+00  
141.3 3.6100e+01  14 1.00000e+00  
141.4 3.6061e+01  14 1.00000e+00  
141.5 3.6024e+01  14 1.00000e+00  
141.6 3.5988e+01  14 1.00000e+00  
141.7 3.5952e+01  14 1.00000e+00  
141.8 3.5913e+01  14 1.00000e+00  
141.9 3.5865e+01  14 1.00000e+00  
142.0 3.5819e+01  14 1.00000e+00  
142.1 3.5774e+01  14 1.00000e+00  
142.2 3.5731e+01  14 1.00000e+00  
142.3 3.5686e+01  14 1.00000e+00  
142.4 3.5642e+01  14 1.00000e+00  
142.5 3.6681e+01  14 1.00000e+00  
142.6 3.6637e+01  14 1.00000e+00  
142.7 3.6594e+01  14 1.00000e+00  
142.8 3.6553e+01  14 1.00000e+00  
142.9 3.6512e+01  14 1.00000e+00  
143.0 3.6473e+01  14 1.00000e+00  
143.1 3.6431e+01  14 1.00000e+00  
143.2 3.6391e+01  14 1.00000e+00  
143.3 3.6352e+01  14 1.00000e+00  
143.4 3.6314e+01  14 1.00000e+00  
143.5 3.6275e+01  14 1.00000e+00  
143.6 3.6235e+01  14 1.00000e+00  
143.7 3.6197e+01  14 1.00000e+00  
143.8 3.6160e+01  14 1.00000e+00  
143.9 3.6123e+01  14 1.00000e+00  
144.0 3.6088e+01  14 1.00000e+00  
144.1 3.6051e+01  14 1.00000e+00  
144.2 3.6005e+01  14 1.00000e+00  
144.3 3.5959e+01  14 1.00000e+00  
144.4 3.5915e+01  14 1.00000e+00  
144.5 3.5870e+01  14 1.00000e+00  
144.6 3.5825e+01  14 1.00000e+00  
144.7 3.5781e+01  14 1.00000e+00  
144.8 3.5739e+01  14 1.00000e+00  
144.9 3.5698e+01  14 1.00000e+00  
145.0 3.6739e+01  14 1.00000e+00  
145.1 3.6697e+01  14 1.00000e+00  
145.2 3.6656e+01  14 1.00000e+00  
145.3 3.6615e+01  14 1.00000e+00  
145.4 3.6574e+01  14 1.00000e+00  
145.5 3.6535e+01  14 1.00000e+00  
145.6 3.6496e+01  14 1.00000e+00  
145.7 3.6458e+01  14 1.00000e+00  
145.8 3.6418e+01  14 1.00000e+00  
145.9 3.6379e+01  14 1.00000e+00  
146.0 3.6341e+01  14 1.00000e+00  
146.1 3.6303e+01  14 1.00000e+00  
146.2 3.6267e+01  14 1.00000e+00  
146.3 3.6231e+01  14 1.00000e+00  
146.4 3.6193e+01  14 1.00000e+00  
146.5 3.6155e+01  14 1.00000e+00  
146.6 3.6108e+01  14 1.00000e+00  
146.7 3.6064e+01  14 1.00000e+00  
146.8 3.6018e+01  14 1.00000e+00  
146.9 3.5973e+01  14 1.00000e+00  
147.0 3.5929e+01  14 1.00000e+00  
147.1 3.5887e+01  14 1.00000e+00  
147.2 3.5845e+01  14 1.00000e+00  
147.3 3.5802e+01  14 1.00000e+00  
147.4 3.6850e+01  14 1.00000e+00  
147.5 3.6809e+01  14 1.00000e+00  
147.6 3.6767e+01  14 1.00000e+00  
147.7 3.6726e+01  14 1.00000e+00  
147.8 3.6686e+01  14 1.00000e+00  
147.9 3.6647e+01  14 1.00000e+00  
148.0 3.6609e+01  14 1.00000e+00  
148.1 3.6570e+01  14 1.00000e+00  
148.2 3.6530e+01  14 1.00000e+00  
148.3 3.6492e+01  14 1.00000e+00  
148.4 3.6454e+01  14 1.00000e+00  
148.5 3.6417e+01  14 1.00000e+00  
148.6 3.6380e+01  14 1.00000e+00  
148.7 3.6343e+01  14 1.00000e+00  
148.8 3.6306e+01  14 1.00000e+00  
148.9 3.6268e+01  14 1.00000e+00  
149.0 3.6222e+01  14 1.00000e+00  
149.1 3.6176e+01  14 1.00000e+00  
149.2 3.6131e+01  14 1.00000e+00  
149.3 3.6086e+01  14 1.00000e+00  
149.4 3.6043e+01  14 1.00000e+00  
149.5 3.6001e+01  14 1.00000e+00  
149.6 3.5958e+01  14 1.00000e+00  
149.7 3.5916e+01  14 1.00000e+00  
149.8 3.5874e+01  14 1.00000e+00  
149.9 3.6928e+01  14 1.00000e+00  
150.0 3.6887e+01  14 1.00000e+00  
