 15.1 1.4360e+00  13 4.42326e-02  
 15.2 1.4436e+00  13 4.45834e-02  
 15.3 1.4512e+00  13 4.49667e-02  
 15.4 1.4589e+00  13 4.53646e-02  
 15.5 1.4665e+00  13 4.57613e-02  
 15.6 1.4741e+00  13 4.61546e-02  
 15.7 1.4818e+00  13 4.65439e-02  
 15.8 1.4894e+00  13 4.69297e-02  
 15.9 1.4970e+00  13 4.73084e-02  
 16.0 1.5047e+00  13 4.76837e-02  
 16.1 1.5123e+00  13 4.80592e-02  
 16.2 1.5199e+00  13 4.84314e-02  
 16.3 1.5275e+00  13 4.88003e-02  
 16.4 1.5352e+00  13 4.91666e-02  
 16.5 1.5428e+00  13 4.95294e-02  
 16.6 1.5504e+00  13 4.99398e-02  
 16.7 1.5580e+00  13 5.02979e-02  
 16.8 1.5657e+00  13 5.06535e-02  
 16.9 1.5733e+00  13 5.10063e-02  
 17.0 1.5809e+00  13 5.13566e-02  
 17.1 1.5885e+00  13 5.17046e-02  
 17.2 1.5962e+00  13 5.20497e-02  
 17.3 1.6038e+00  13 5.23811e-02  
 17.4 1.6114e+00  13 5.27205e-02  
 17.5 1.6190e+00  13 5.30576e-02  
 17.6 1.6266e+00  13 5.33925e-02  
 17.7 1.6342e+00  13 5.37254e-02  
 17.8 1.6419e+00  13 5.40558e-02  
 17.9 1.6495e+00  13 5.43841e-02  
 18.0 1.6571e+00  13 5.47724e-02  
 18.1 1.6647e+00  13 5.50973e-02  
 18.2 1.6723e+00  13 5.54207e-02  
 18.3 1.6799e+00  13 5.57419e-02  
 18.4 1.6875e+00  13 5.60614e-02  
 18.5 1.6951e+00  13 5.63658e-02  
 18.6 1.7027e+00  13 5.66810e-02  
 18.7 1.7104e+00  13 5.69944e-02  
 18.8 1.7180e+00  13 5.73061e-02  
 18.9 1.7256e+00  13 5.76163e-02  
 19.0 1.7351e+00  13 5.80854e-02  
 19.1 1.7473e+00  13 5.88414e-02  
 19.2 1.7597e+00  13 5.95319e-02  
 19.3 1.7721e+00  13 6.02267e-02  
 19.4 1.7846e+00  13 6.09257e-02  
 19.5 1.7972e+00  13 6.16280e-02  
 19.6 1.8099e+00  13 6.23211e-02  
 19.7 1.8227e+00  13 6.30325e-02  
 19.8 1.8356e+00  13 6.37485e-02  
 19.9 1.8486e+00  13 6.44693e-02  
 20.0 1.8616e+00  13 6.51951e-02  
 20.1 1.8748e+00  13 6.60076e-02  
 20.2 1.8881e+00  13 6.67442e-02  
 20.3 1.9014e+00  13 6.74867e-02  
 20.4 1.9149e+00  13 6.82338e-02  
 20.5 1.6651e+01  14 1.00000e+00  
 20.6 1.6712e+01  14 1.00000e+00  
 20.7 1.6768e+01  14 1.00000e+00  
 20.8 1.6823e+01  14 1.00000e+00  
 20.9 1.6879e+01  14 1.00000e+00  
 21.0 1.6913e+01  14 1.00000e+00  
 21.1 1.6967e+01  14 1.00000e+00  
 21.2 1.7020e+01  14 1.00000e+00  
 21.3 1.7074e+01  14 1.00000e+00  
 21.4 1.7127e+01  14 1.00000e+00  
 21.5 1.7182e+01  14 1.00000e+00  
 21.6 1.7236e+01  14 1.00000e+00  
 21.7 1.7288e+01  14 1.00000e+00  
 21.8 1.7339e+01  14 1.00000e+00  
 21.9 1.7367e+01  14 1.00000e+00  
 22.0 1.7417e+01  14 1.00000e+00  
 22.1 1.7467e+01  14 1.00000e+00  
 22.2 1.7516e+01  14 1.00000e+00  
 22.3 1.7564e+01  14 1.00000e+00  
 22.4 1.7618e+01  14 1.00000e+00  
 22.5 1.7666e+01  14 1.00000e+00  
 22.6 1.7713e+01  14 1.00000e+00  
 22.7 1.7735e+01  14 1.00000e+00  
 22.8 1.7782e+01  14 1.00000e+00  
 22.9 1.7827e+01  14 1.00000e+00  
 23.0 1.7872e+01  14 1.00000e+00  
 23.1 1.7917e+01  14 1.00000e+00  
 23.2 1.7961e+01  14 1.00000e+00  
 23.3 1.8011e+01  14 1.00000e+00  
 23.4 1.8055e+01  14 1.00000e+00  
 23.5 5.5232e+00  14 2.68839e-01  
 23.6 5.6211e+00  14 2.74276e-01  
 23.7 5.7200e+00  14 2.79345e-01  
 23.8 5.8197e+00  14 2.84448e-01  
 23.9 5.9203e+00  14 2.89586e-01  
 24.0 6.0216e+00  14 2.94758e-01  
 24.1 6.1242e+00  14 2.99859e-01  
 24.2 6.2273e+00  14 3.05089e-01  
 24.3 6.3294e+00  14 3.10750e-01  
 24.4 6.4339e+00  14 3.16048e-01  
 24.5 6.5391e+00  14 3.21378e-01  
 24.6 6.6452e+00  14 3.26740e-01  
 24.7 6.7520e+00  14 3.32133e-01  
 24.8 6.8595e+00  14 3.37558e-01  
 24.9 6.9683e+00  14 3.42961e-01  
 25.0 7.0779e+00  14 3.48393e-01  
 25.1 7.1838e+00  14 3.54299e-01  
 25.2 7.2941e+00  14 3.59840e-01  
 25.3 7.4051e+00  14 3.65412e-01  
 25.4 7.5168e+00  14 3.71021e-01  
 25.5 7.6292e+00  14 3.76657e-01  
 25.6 7.7422e+00  14 3.82323e-01  
 25.7 7.8566e+00  14 3.87969e-01  
 25.8 7.9726e+00  14 3.93675e-01  
 25.9 8.0812e+00  14 3.99813e-01  
 26.0 8.1967e+00  14 4.05590e-01  
 26.1 8.3128e+00  14 4.11396e-01  
 26.2 8.4294e+00  14 4.17231e-01  
 26.3 8.5467e+00  14 4.23097e-01  
 26.4 8.6644e+00  14 4.28996e-01  
 26.5 8.7850e+00  14 4.34823e-01  
 26.6 8.9040e+00  14 4.40774e-01  
 26.7 9.0140e+00  14 4.47133e-01  
 26.8 9.1338e+00  14 4.53133e-01  
 26.9 9.2540e+00  14 4.59162e-01  
 27.0 9.3748e+00  14 4.65218e-01  
 27.1 9.4960e+00  14 4.71303e-01  
 27.2 9.6177e+00  14 4.77416e-01  
 27.3 9.7428e+00  14 4.83463e-01  
 27.4 9.8525e+00  14 4.90010e-01  
 27.5 9.9752e+00  14 4.96197e-01  
 27.6 1.0098e+01  14 5.02410e-01  
 27.7 1.0222e+01  14 5.08650e-01  
 27.8 1.0346e+01  14 5.14917e-01  
 27.9 1.0470e+01  14 5.21212e-01  
 28.0 1.0594e+01  14 5.27534e-01  
 28.1 1.0707e+01  14 5.34153e-01  
 28.2 1.0832e+01  14 5.40518e-01  
 28.3 1.0957e+01  14 5.46910e-01  
 28.4 1.1083e+01  14 5.53327e-01  
 28.5 1.1208e+01  14 5.59771e-01  
 28.6 1.1334e+01  14 5.66240e-01  
 28.7 1.1460e+01  14 5.72732e-01  
 28.8 1.1567e+01  14 5.79585e-01  
 28.9 1.1698e+01  14 5.86048e-01  
 29.0 1.1824e+01  14 5.92607e-01  
 29.1 1.1951e+01  14 5.99190e-01  
 29.2 1.2077e+01  14 6.05801e-01  
 29.3 1.2204e+01  14 6.12435e-01  
 29.4 1.2331e+01  14 6.19093e-01  
 29.5 1.2433e+01  14 6.26099e-01  
 29.6 1.2561e+01  14 6.32775e-01  
 29.7 1.2692e+01  14 6.39441e-01  
 29.8 1.2819e+01  14 6.46185e-01  
 29.9 1.2946e+01  14 6.52952e-01  
 30.0 1.3072e+01  14 6.59744e-01  
 30.1 1.3199e+01  14 6.66556e-01  
 30.2 1.3296e+01  14 6.73692e-01  
 30.3 1.3422e+01  14 6.80543e-01  
 30.4 1.3550e+01  14 6.87386e-01  
 30.5 1.3681e+01  14 6.94235e-01  
 30.6 1.3806e+01  14 7.01151e-01  
 30.7 1.3931e+01  14 7.08090e-01  
 30.8 1.4023e+01  14 7.15324e-01  
 30.9 1.4147e+01  14 7.22300e-01  
 31.0 1.4271e+01  14 7.29297e-01  
 31.1 1.4394e+01  14 7.36312e-01  
 31.2 1.4527e+01  14 7.43281e-01  
 31.3 1.4614e+01  14 7.50586e-01  
 31.4 1.4736e+01  14 7.57656e-01  
 31.5 1.4858e+01  14 7.64745e-01  
 31.6 1.4979e+01  14 7.71854e-01  
 31.7 1.5100e+01  14 7.78981e-01  
 31.8 1.5179e+01  14 7.86354e-01  
 31.9 1.5298e+01  14 7.93513e-01  
 32.0 1.5423e+01  14 8.00656e-01  
 32.1 1.5546e+01  14 8.07827e-01  
 32.2 1.5620e+01  14 8.15241e-01  
 32.3 1.5737e+01  14 8.22466e-01  
 32.4 1.5852e+01  14 8.29707e-01  
 32.5 1.5921e+01  14 8.37149e-01  
 32.6 1.6034e+01  14 8.44417e-01  
 32.7 1.6146e+01  14 8.51698e-01  
 32.8 1.6215e+01  14 8.59141e-01  
 32.9 1.6284e+01  14 8.66533e-01  
 33.0 1.6295e+01  14 8.74140e-01  
 33.1 1.6301e+01  14 8.81740e-01  
 33.2 1.6404e+01  14 8.89055e-01  
 33.3 1.6505e+01  14 8.96384e-01  
 33.4 1.6606e+01  14 9.03724e-01  
 33.5 1.6705e+01  14 9.11077e-01  
 33.6 1.6804e+01  14 9.18441e-01  
 33.7 1.6917e+01  14 9.25787e-01  
 33.8 1.7015e+01  14 9.33223e-01  
 33.9 1.7111e+01  14 9.40621e-01  
 34.0 1.7205e+01  14 9.48030e-01  
 34.1 1.7298e+01  14 9.55447e-01  
 34.2 1.7390e+01  14 9.62873e-01  
 34.3 1.7481e+01  14 9.70308e-01  
 34.4 1.7571e+01  14 9.77752e-01  
 34.5 1.7678e+01  14 9.85196e-01  
 34.6 1.7765e+01  14 9.92657e-01  
 34.7 1.7850e+01  14 1.00000e+00  
 34.8 1.7809e+01  14 1.00000e+00  
 34.9 1.7766e+01  14 1.00000e+00  
 35.0 1.7723e+01  14 1.00000e+00  
 35.1 1.7679e+01  14 1.00000e+00  
 35.2 1.7634e+01  14 1.00000e+00  
 35.3 1.7597e+01  14 1.00000e+00  
 35.4 1.7561e+01  14 1.00000e+00  
 35.5 1.7513e+01  14 1.00000e+00  
 35.6 1.7367e+01  14 1.00000e+00  
 35.7 1.7319e+01  14 1.00000e+00  
 35.8 1.7270e+01  14 1.00000e+00  
 35.9 1.7220e+01  14 1.00000e+00  
 36.0 1.7169e+01  14 1.00000e+00  
 36.1 1.7009e+01  14 1.00000e+00  
 36.2 1.6977e+01  14 1.00000e+00  
 36.3 1.6925e+01  14 1.00000e+00  
 36.4 1.6871e+01  14 1.00000e+00  
 36.5 1.6817e+01  14 1.00000e+00  
 36.6 1.6653e+01  14 1.00000e+00  
 36.7 1.6597e+01  14 1.00000e+00  
 36.8 1.6541e+01  14 1.00000e+00  
 36.9 1.6484e+01  14 1.00000e+00  
 37.0 1.6434e+01  14 1.00000e+00  
 37.1 1.5343e+01  14 1.00000e+00  
 37.2 1.4009e+01  14 1.00000e+00  
 37.3 1.3801e+01  14 1.00000e+00  
 37.4 1.3814e+01  14 1.00000e+00  
 37.5 1.3819e+01  14 1.00000e+00  
 37.6 1.3672e+01  14 1.00000e+00  
 37.7 1.3675e+01  14 1.00000e+00  
 37.8 1.3688e+01  14 1.00000e+00  
 37.9 1.3600e+01  14 1.00000e+00  
 38.0 1.3585e+01  14 1.00000e+00  
 38.1 1.3595e+01  14 1.00000e+00  
 38.2 1.3489e+01  14 1.00000e+00  
 38.3 1.3461e+01  14 1.00000e+00  
 38.4 1.3467e+01  14 1.00000e+00  
 38.5 1.3417e+01  14 1.00000e+00  
 38.6 1.3352e+01  14 1.00000e+00  
 38.7 1.3342e+01  14 1.00000e+00  
 38.8 1.3334e+01  14 1.00000e+00  
 38.9 1.3252e+01  14 1.00000e+00  
 39.0 1.3262e+01  14 1.00000e+00  
 39.1 1.3277e+01  14 1.00000e+00  
 39.2 1.3207e+01  14 1.00000e+00  
 39.3 1.3100e+01  14 9.95512e-01  
 39.4 1.3018e+01  14 9.91353e-01  
 39.5 1.2840e+01  14 9.82282e-01  
 39.6 1.2774e+01  14 9.78921e-01  
 39.7 1.2754e+01  14 9.77882e-01  
 39.8 1.2701e+01  14 9.75193e-01  
 39.9 1.2540e+01  14 9.66924e-01  
 40.0 1.2467e+01  14 9.63134e-01  
 40.1 1.2200e+01  14 9.49363e-01  
 40.2 1.2329e+01  14 9.56010e-01  
 40.3 1.2080e+01  14 9.43098e-01  
 40.4 1.2010e+01  14 9.39468e-01  
 40.5 1.1998e+01  14 9.38853e-01  
 40.6 1.2162e+01  14 9.47381e-01  
 40.7 1.2223e+01  14 9.50519e-01  
 40.8 1.2274e+01  14 9.53161e-01  
 40.9 1.2320e+01  14 9.55542e-01  
 41.0 1.2401e+01  14 9.59748e-01  
 41.1 1.2574e+01  14 9.68630e-01  
 41.2 1.2691e+01  14 9.74654e-01  
 41.3 1.2849e+01  14 9.82731e-01  
 41.4 1.2930e+01  14 9.86872e-01  
 41.5 1.3007e+01  14 9.90795e-01  
 41.6 1.3085e+01  14 9.94737e-01  
 41.7 1.3160e+01  14 9.98549e-01  
 41.8 1.3205e+01  14 1.00000e+00  
 41.9 1.3234e+01  14 1.00000e+00  
 42.0 1.3300e+01  14 1.00000e+00  
 42.1 1.3355e+01  14 1.00000e+00  
 42.2 1.3402e+01  14 1.00000e+00  
 42.3 1.3444e+01  14 1.00000e+00  
 42.4 1.3513e+01  14 1.00000e+00  
 42.5 1.3546e+01  14 1.00000e+00  
 42.6 1.3577e+01  14 1.00000e+00  
 42.7 1.3607e+01  14 1.00000e+00  
 42.8 1.3637e+01  14 1.00000e+00  
 42.9 1.3665e+01  14 1.00000e+00  
 43.0 1.3683e+01  14 1.00000e+00  
 43.1 1.3741e+01  14 1.00000e+00  
 43.2 1.3799e+01  14 1.00000e+00  
 43.3 1.3849e+01  14 1.00000e+00  
 43.4 1.3894e+01  14 1.00000e+00  
 43.5 1.3934e+01  14 1.00000e+00  
 43.6 1.4002e+01  14 1.00000e+00  
 43.7 1.4035e+01  14 1.00000e+00  
 43.8 1.4064e+01  14 1.00000e+00  
 43.9 1.4098e+01  14 1.00000e+00  
 44.0 1.4130e+01  14 1.00000e+00  
 44.1 1.4162e+01  14 1.00000e+00  
 44.2 1.4201e+01  14 1.00000e+00  
 44.3 1.4233e+01  14 1.00000e+00  
 44.4 1.4262e+01  14 1.00000e+00  
 44.5 1.4307e+01  14 1.00000e+00  
 44.6 1.4338e+01  14 1.00000e+00  
 44.7 1.4387e+01  14 1.00000e+00  
 44.8 1.4418e+01  14 1.00000e+00  
 44.9 1.4490e+01  14 1.00000e+00  
 45.0 1.4502e+01  14 1.00000e+00  
 45.1 1.4574e+01  14 1.00000e+00  
 45.2 1.4585e+01  14 1.00000e+00  
 45.3 1.4659e+01  14 1.00000e+00  
 45.4 1.4668e+01  14 1.00000e+00  
 45.5 1.4745e+01  14 1.00000e+00  
 45.6 1.4775e+01  14 1.00000e+00  
 45.7 1.4836e+01  14 1.00000e+00  
 45.8 1.4860e+01  14 1.00000e+00  
 45.9 1.4921e+01  14 1.00000e+00  
 46.0 1.4942e+01  14 1.00000e+00  
 46.1 1.5008e+01  14 1.00000e+00  
 46.2 1.5029e+01  14 1.00000e+00  
 46.3 1.5045e+01  14 1.00000e+00  
 46.4 1.5121e+01  14 1.00000e+00  
 46.5 1.5124e+01  14 1.00000e+00  
 46.6 1.5209e+01  14 1.00000e+00  
 46.7 1.5212e+01  14 1.00000e+00  
 46.8 1.5269e+01  14 1.00000e+00  
 46.9 1.5318e+01  14 1.00000e+00  
 47.0 1.5342e+01  14 1.00000e+00  
 47.1 1.5416e+01  14 1.00000e+00  
 47.2 1.5418e+01  14 1.00000e+00  
 47.3 1.5482e+01  14 1.00000e+00  
 47.4 1.5531e+01  14 1.00000e+00  
 47.5 1.5549e+01  14 1.00000e+00  
 47.6 1.5619e+01  14 1.00000e+00  
 47.7 1.5635e+01  14 1.00000e+00  
 47.8 1.5684e+01  14 1.00000e+00  
 47.9 1.5753e+01  14 1.00000e+00  
 48.0 1.5760e+01  14 1.00000e+00  
 48.1 1.5814e+01  14 1.00000e+00  
 48.2 1.5882e+01  14 1.00000e+00  
 48.3 1.5891e+01  14 1.00000e+00  
 48.4 1.5931e+01  14 1.00000e+00  
 48.5 1.5999e+01  14 1.00000e+00  
 48.6 1.6040e+01  14 1.00000e+00  
 48.7 1.6052e+01  14 1.00000e+00  
 48.8 1.6120e+01  14 1.00000e+00  
 48.9 1.6189e+01  14 1.00000e+00  
 49.0 1.6181e+01  14 1.00000e+00  
 49.1 1.6237e+01  14 1.00000e+00  
 49.2 1.6306e+01  14 1.00000e+00  
 49.3 1.6335e+01  14 1.00000e+00  
 49.4 1.6349e+01  14 1.00000e+00  
 49.5 1.6416e+01  14 1.00000e+00  
 49.6 1.6486e+01  14 1.00000e+00  
 49.7 1.6487e+01  14 1.00000e+00  
 49.8 1.6524e+01  14 1.00000e+00  
 49.9 1.6592e+01  14 1.00000e+00  
 50.0 1.6659e+01  14 1.00000e+00  
 50.1 1.6659e+01  14 1.00000e+00  
 50.2 1.6692e+01  14 1.00000e+00  
 50.3 1.6761e+01  14 1.00000e+00  
 50.4 1.6827e+01  14 1.00000e+00  
 50.5 1.6829e+01  14 1.00000e+00  
 50.6 1.6862e+01  14 1.00000e+00  
 50.7 1.6921e+01  14 1.00000e+00  
 50.8 1.6987e+01  14 1.00000e+00  
 50.9 1.7052e+01  14 1.00000e+00  
 51.0 1.7044e+01  14 1.00000e+00  
 51.1 1.7072e+01  14 1.00000e+00  
 51.2 1.7130e+01  14 1.00000e+00  
 51.3 1.7198e+01  14 1.00000e+00  
 51.4 1.7262e+01  14 1.00000e+00  
 51.5 1.7279e+01  14 1.00000e+00  
 51.6 1.7289e+01  14 1.00000e+00  
 51.7 1.7340e+01  14 1.00000e+00  
 51.8 1.7408e+01  14 1.00000e+00  
 51.9 1.7471e+01  14 1.00000e+00  
 52.0 1.7504e+01  14 1.00000e+00  
 52.1 1.7513e+01  14 1.00000e+00  
 52.2 1.7538e+01  14 1.00000e+00  
 52.3 1.7609e+01  14 1.00000e+00  
 52.4 1.7672e+01  14 1.00000e+00  
 52.5 1.7686e+01  14 1.00000e+00  
 52.6 1.7761e+01  14 1.00000e+00  
 52.7 1.7772e+01  14 1.00000e+00  
 52.8 1.7793e+01  14 1.00000e+00  
 52.9 1.7862e+01  14 1.00000e+00  
 53.0 1.7925e+01  14 1.00000e+00  
 53.1 1.7989e+01  14 1.00000e+00  
 53.2 1.8027e+01  14 1.00000e+00  
 53.3 1.8055e+01  14 1.00000e+00  
 53.4 1.8068e+01  14 1.00000e+00  
 53.5 1.8101e+01  14 1.00000e+00  
 53.6 1.8165e+01  14 1.00000e+00  
 53.7 1.8198e+01  14 1.00000e+00  
 53.8 1.8291e+01  14 1.00000e+00  
 53.9 1.8331e+01  14 1.00000e+00  
 54.0 1.8364e+01  14 1.00000e+00  
 54.1 1.8377e+01  14 1.00000e+00  
 54.2 1.8410e+01  14 1.00000e+00  
 54.3 1.8445e+01  14 1.00000e+00  
 54.4 1.8505e+01  14 1.00000e+00  
 54.5 1.8587e+01  14 1.00000e+00  
 54.6 1.8636e+01  14 1.00000e+00  
 54.7 1.8680e+01  14 1.00000e+00  
 54.8 1.8721e+01  14 1.00000e+00  
 54.9 1.8750e+01  14 1.00000e+00  
 55.0 1.8767e+01  14 1.00000e+00  
 55.1 1.8794e+01  14 1.00000e+00  
 55.2 1.8905e+01  14 1.00000e+00  
 55.3 1.8966e+01  14 1.00000e+00  
 55.4 1.8979e+01  14 1.00000e+00  
 55.5 1.9029e+01  14 1.00000e+00  
 55.6 1.9075e+01  14 1.00000e+00  
 55.7 1.9118e+01  14 1.00000e+00  
 55.8 1.9154e+01  14 1.00000e+00  
 55.9 1.9185e+01  14 1.00000e+00  
 56.0 1.9218e+01  14 1.00000e+00  
 56.1 1.9276e+01  14 1.00000e+00  
 56.2 1.9331e+01  14 1.00000e+00  
 56.3 1.9387e+01  14 1.00000e+00  
 56.4 1.9448e+01  14 1.00000e+00  
 56.5 1.9460e+01  14 1.00000e+00  
 56.6 1.9509e+01  14 1.00000e+00  
 56.7 1.9557e+01  14 1.00000e+00  
 56.8 1.9600e+01  14 1.00000e+00  
 56.9 1.9634e+01  14 1.00000e+00  
 57.0 1.9618e+01  14 1.00000e+00  
 57.1 1.9677e+01  14 1.00000e+00  
 57.2 1.9734e+01  14 1.00000e+00  
 57.3 1.9784e+01  14 1.00000e+00  
 57.4 1.9838e+01  14 1.00000e+00  
 57.5 1.9894e+01  14 1.00000e+00  
 57.6 1.9949e+01  14 1.00000e+00  
 57.7 2.0007e+01  14 1.00000e+00  
 57.8 2.0060e+01  14 1.00000e+00  
 57.9 2.0045e+01  14 1.00000e+00  
 58.0 2.0121e+01  14 1.00000e+00  
 58.1 2.0160e+01  14 1.00000e+00  
 58.2 2.0177e+01  14 1.00000e+00  
 58.3 2.0218e+01  14 1.00000e+00  
 58.4 2.0254e+01  14 1.00000e+00  
 58.5 2.0286e+01  14 1.00000e+00  
 58.6 2.0314e+01  14 1.00000e+00  
 58.7 2.0372e+01  14 1.00000e+00  
 58.8 2.0424e+01  14 1.00000e+00  
 58.9 2.0479e+01  14 1.00000e+00  
 59.0 2.0569e+01  14 1.00000e+00  
 59.1 2.0633e+01  14 1.00000e+00  
 59.2 2.0685e+01  14 1.00000e+00  
 59.3 2.0695e+01  14 1.00000e+00  
 59.4 2.0743e+01  14 1.00000e+00  
 59.5 2.0790e+01  14 1.00000e+00  
 59.6 2.0838e+01  14 1.00000e+00  
 59.7 2.0883e+01  14 1.00000e+00  
 59.8 2.0927e+01  14 1.00000e+00  
 59.9 2.0969e+01  14 1.00000e+00  
 60.0 2.1011e+01  14 1.00000e+00  
 60.1 2.1049e+01  14 1.00000e+00  
 60.2 2.1092e+01  14 1.00000e+00  
 60.3 2.1142e+01  14 1.00000e+00  
 60.4 2.1207e+01  14 1.00000e+00  
 60.5 2.1165e+01  14 1.00000e+00  
 60.6 2.1218e+01  14 1.00000e+00  
 60.7 2.1263e+01  14 1.00000e+00  
 60.8 2.1313e+01  14 1.00000e+00  
 60.9 2.1365e+01  14 1.00000e+00  
 61.0 2.1417e+01  14 1.00000e+00  
 61.1 2.1470e+01  14 1.00000e+00  
 61.2 2.1518e+01  14 1.00000e+00  
 61.3 2.1572e+01  14 1.00000e+00  
 61.4 2.1620e+01  14 1.00000e+00  
 61.5 2.1673e+01  14 1.00000e+00  
 61.6 2.1721e+01  14 1.00000e+00  
 61.7 2.1773e+01  14 1.00000e+00  
 61.8 2.1818e+01  14 1.00000e+00  
 61.9 2.1865e+01  14 1.00000e+00  
 62.0 2.1864e+01  14 1.00000e+00  
 62.1 2.1951e+01  14 1.00000e+00  
 62.2 2.1998e+01  14 1.00000e+00  
 62.3 2.2045e+01  14 1.00000e+00  
 62.4 2.2091e+01  14 1.00000e+00  
 62.5 2.2132e+01  14 1.00000e+00  
 62.6 2.2179e+01  14 1.00000e+00  
 62.7 2.2225e+01  14 1.00000e+00  
 62.8 2.2271e+01  14 1.00000e+00  
 62.9 2.2315e+01  14 1.00000e+00  
 63.0 2.2360e+01  14 1.00000e+00  
 63.1 2.2403e+01  14 1.00000e+00  
 63.2 2.2447e+01  14 1.00000e+00  
 63.3 2.2499e+01  14 1.00000e+00  
 63.4 2.2537e+01  14 1.00000e+00  
 63.5 2.2509e+01  14 1.00000e+00  
 63.6 2.2614e+01  14 1.00000e+00  
 63.7 2.2643e+01  14 1.00000e+00  
 63.8 2.2687e+01  14 1.00000e+00  
 63.9 2.2731e+01  14 1.00000e+00  
 64.0 2.2771e+01  14 1.00000e+00  
 64.1 2.2821e+01  14 1.00000e+00  
 64.2 2.2857e+01  14 1.00000e+00  
 64.3 2.2909e+01  14 1.00000e+00  
 64.4 2.2953e+01  14 1.00000e+00  
 64.5 2.2997e+01  14 1.00000e+00  
 64.6 2.3040e+01  14 1.00000e+00  
 64.7 2.3084e+01  14 1.00000e+00  
 64.8 2.3127e+01  14 1.00000e+00  
 64.9 2.3170e+01  14 1.00000e+00  
 65.0 2.3221e+01  14 1.00000e+00  
 65.1 2.3266e+01  14 1.00000e+00  
 65.2 2.3311e+01  14 1.00000e+00  
 65.3 2.3356e+01  14 1.00000e+00  
 65.4 2.3402e+01  14 1.00000e+00  
 65.5 2.3448e+01  14 1.00000e+00  
 65.6 2.3494e+01  14 1.00000e+00  
 65.7 2.3540e+01  14 1.00000e+00  
 65.8 2.3586e+01  14 1.00000e+00  
 65.9 2.3623e+01  14 1.00000e+00  
 66.0 2.3678e+01  14 1.00000e+00  
 66.1 2.3762e+01  14 1.00000e+00  
 66.2 2.3741e+01  14 1.00000e+00  
 66.3 2.3791e+01  14 1.00000e+00  
 66.4 2.3840e+01  14 1.00000e+00  
 66.5 2.3890e+01  14 1.00000e+00  
 66.6 2.3939e+01  14 1.00000e+00  
 66.7 2.3988e+01  14 1.00000e+00  
 66.8 2.4030e+01  14 1.00000e+00  
 66.9 2.4081e+01  14 1.00000e+00  
 67.0 2.4132e+01  14 1.00000e+00  
 67.1 2.4181e+01  14 1.00000e+00  
 67.2 2.4223e+01  14 1.00000e+00  
 67.3 2.4276e+01  14 1.00000e+00  
 67.4 2.4326e+01  14 1.00000e+00  
 67.5 2.4368e+01  14 1.00000e+00  
 67.6 2.4458e+01  14 1.00000e+00  
 67.7 2.4454e+01  14 1.00000e+00  
 67.8 2.4509e+01  14 1.00000e+00  
 67.9 2.4557e+01  14 1.00000e+00  
 68.0 2.4606e+01  14 1.00000e+00  
 68.1 2.4655e+01  14 1.00000e+00  
 68.2 2.4711e+01  14 1.00000e+00  
 68.3 2.4769e+01  14 1.00000e+00  
 68.4 2.4810e+01  14 1.00000e+00  
 68.5 2.4868e+01  14 1.00000e+00  
 68.6 2.4910e+01  14 1.00000e+00  
 68.7 2.4965e+01  14 1.00000e+00  
 68.8 2.5012e+01  14 1.00000e+00  
 68.9 2.5049e+01  14 1.00000e+00  
 69.0 2.5046e+01  14 1.00000e+00  
 69.1 2.5151e+01  14 1.00000e+00  
 69.2 2.5201e+01  14 1.00000e+00  
 69.3 2.5243e+01  14 1.00000e+00  
 69.4 2.5292e+01  14 1.00000e+00  
 69.5 2.5339e+01  14 1.00000e+00  
 69.6 2.5383e+01  14 1.00000e+00  
 69.7 2.5429e+01  14 1.00000e+00  
 69.8 2.5467e+01  14 1.00000e+00  
 69.9 2.5526e+01  14 1.00000e+00  
 70.0 2.5568e+01  14 1.00000e+00  
 70.1 2.5607e+01  14 1.00000e+00  
 70.2 2.5660e+01  14 1.00000e+00  
 70.3 2.5696e+01  14 1.00000e+00  
 70.4 2.5748e+01  14 1.00000e+00  
 70.5 2.5793e+01  14 1.00000e+00  
 70.6 2.5879e+01  14 1.00000e+00  
 70.7 2.5877e+01  14 1.00000e+00  
 70.8 2.5903e+01  14 1.00000e+00  
 70.9 2.6036e+01  14 1.00000e+00  
 71.0 2.6064e+01  14 1.00000e+00  
 71.1 2.6101e+01  14 1.00000e+00  
 71.2 2.6147e+01  14 1.00000e+00  
 71.3 2.6183e+01  14 1.00000e+00  
 71.4 2.6220e+01  14 1.00000e+00  
 71.5 2.6268e+01  14 1.00000e+00  
 71.6 2.6305e+01  14 1.00000e+00  
 71.7 2.6342e+01  14 1.00000e+00  
 71.8 2.6304e+01  14 1.00000e+00  
 71.9 2.6416e+01  14 1.00000e+00  
 72.0 2.6457e+01  14 1.00000e+00  
 72.1 2.6507e+01  14 1.00000e+00  
 72.2 2.6532e+01  14 1.00000e+00  
 72.3 2.6576e+01  14 1.00000e+00  
 72.4 2.6570e+01  14 1.00000e+00  
 72.5 2.6656e+01  14 1.00000e+00  
 72.6 2.6692e+01  14 1.00000e+00  
 72.7 2.6728e+01  14 1.00000e+00  
 72.8 2.6762e+01  14 1.00000e+00  
 72.9 2.6805e+01  14 1.00000e+00  
 73.0 2.6874e+01  14 1.00000e+00  
 73.1 2.6940e+01  14 1.00000e+00  
 73.2 2.6991e+01  14 1.00000e+00  
 73.3 2.7058e+01  14 1.00000e+00  
 73.4 2.7110e+01  14 1.00000e+00  
 73.5 2.7154e+01  14 1.00000e+00  
 73.6 2.7221e+01  14 1.00000e+00  
 73.7 2.7261e+01  14 1.00000e+00  
 73.8 2.7322e+01  14 1.00000e+00  
 73.9 2.7397e+01  14 1.00000e+00  
 74.0 2.7445e+01  14 1.00000e+00  
 74.1 2.7481e+01  14 1.00000e+00  
 74.2 2.7546e+01  14 1.00000e+00  
 74.3 2.7600e+01  14 1.00000e+00  
 74.4 2.7649e+01  14 1.00000e+00  
 74.5 2.7696e+01  14 1.00000e+00  
 74.6 2.7741e+01  14 1.00000e+00  
 74.7 2.7779e+01  14 1.00000e+00  
 74.8 2.7833e+01  14 1.00000e+00  
 74.9 2.7864e+01  14 1.00000e+00  
 75.0 2.7914e+01  14 1.00000e+00  
 75.1 2.7958e+01  14 1.00000e+00  
 75.2 2.7993e+01  14 1.00000e+00  
 75.3 2.8062e+01  14 1.00000e+00  
 75.4 2.8150e+01  14 1.00000e+00  
 75.5 2.8178e+01  14 1.00000e+00  
 75.6 2.8205e+01  14 1.00000e+00  
 75.7 2.8262e+01  14 1.00000e+00  
 75.8 2.8293e+01  14 1.00000e+00  
 75.9 2.8319e+01  14 1.00000e+00  
 76.0 2.8365e+01  14 1.00000e+00  
 76.1 2.8402e+01  14 1.00000e+00  
 76.2 2.8443e+01  14 1.00000e+00  
 76.3 2.8483e+01  14 1.00000e+00  
 76.4 2.8499e+01  14 1.00000e+00  
 76.5 2.8540e+01  14 1.00000e+00  
 76.6 2.8543e+01  14 1.00000e+00  
 76.7 2.8734e+01  14 1.00000e+00  
 76.8 2.8641e+01  14 1.00000e+00  
 76.9 2.8707e+01  14 1.00000e+00  
 77.0 2.8792e+01  14 1.00000e+00  
 77.1 2.8874e+01  14 1.00000e+00  
 77.2 2.8923e+01  14 1.00000e+00  
 77.3 2.8972e+01  14 1.00000e+00  
 77.4 2.9007e+01  14 1.00000e+00  
 77.5 2.9086e+01  14 1.00000e+00  
 77.6 2.9116e+01  14 1.00000e+00  
 77.7 2.9126e+01  14 1.00000e+00  
 77.8 2.9244e+01  14 1.00000e+00  
 77.9 2.9324e+01  14 1.00000e+00  
 78.0 2.9371e+01  14 1.00000e+00  
 78.1 2.9419e+01  14 1.00000e+00  
 78.2 2.9463e+01  14 1.00000e+00  
 78.3 2.9499e+01  14 1.00000e+00  
 78.4 2.9523e+01  14 1.00000e+00  
 78.5 2.9605e+01  14 1.00000e+00  
 78.6 2.9652e+01  14 1.00000e+00  
 78.7 2.9677e+01  14 1.00000e+00  
 78.8 2.9728e+01  14 1.00000e+00  
 78.9 2.9852e+01  14 1.00000e+00  
 79.0 2.9885e+01  14 1.00000e+00  
 79.1 2.9916e+01  14 1.00000e+00  
 79.2 2.9934e+01  14 1.00000e+00  
 79.3 2.9998e+01  14 1.00000e+00  
 79.4 3.0037e+01  14 1.00000e+00  
 79.5 3.0066e+01  14 1.00000e+00  
 79.6 3.0094e+01  14 1.00000e+00  
 79.7 3.0134e+01  14 1.00000e+00  
 79.8 3.0234e+01  14 1.00000e+00  
 79.9 3.0221e+01  14 1.00000e+00  
 80.0 3.0238e+01  14 1.00000e+00  
 80.1 3.0290e+01  14 1.00000e+00  
 80.2 3.0321e+01  14 1.00000e+00  
 80.3 3.0334e+01  14 1.00000e+00  
 80.4 3.0357e+01  14 1.00000e+00  
 80.5 3.0416e+01  14 1.00000e+00  
 80.6 3.0510e+01  14 1.00000e+00  
 80.7 3.0583e+01  14 1.00000e+00  
 80.8 3.0641e+01  14 1.00000e+00  
 80.9 3.0700e+01  14 1.00000e+00  
 81.0 3.0768e+01  14 1.00000e+00  
 81.1 3.0842e+01  14 1.00000e+00  
 81.2 3.0924e+01  14 1.00000e+00  
 81.3 3.0947e+01  14 1.00000e+00  
 81.4 3.1025e+01  14 1.00000e+00  
 81.5 3.1064e+01  14 1.00000e+00  
 81.6 3.1114e+01  14 1.00000e+00  
 81.7 3.1161e+01  14 1.00000e+00  
 81.8 3.1198e+01  14 1.00000e+00  
 81.9 3.1267e+01  14 1.00000e+00  
 82.0 3.1317e+01  14 1.00000e+00  
 82.1 3.1347e+01  14 1.00000e+00  
 82.2 3.1403e+01  14 1.00000e+00  
 82.3 3.1449e+01  14 1.00000e+00  
 82.4 3.1577e+01  14 1.00000e+00  
 82.5 3.1588e+01  14 1.00000e+00  
 82.6 3.1646e+01  14 1.00000e+00  
 82.7 3.1682e+01  14 1.00000e+00  
 82.8 3.1713e+01  14 1.00000e+00  
 82.9 3.1697e+01  14 1.00000e+00  
 83.0 3.1813e+01  14 1.00000e+00  
 83.1 3.1810e+01  14 1.00000e+00  
 83.2 3.1848e+01  14 1.00000e+00  
 83.3 3.1881e+01  14 1.00000e+00  
 83.4 3.1946e+01  14 1.00000e+00  
 83.5 3.1967e+01  14 1.00000e+00  
 83.6 3.2016e+01  14 1.00000e+00  
 83.7 3.2047e+01  14 1.00000e+00  
 83.8 3.2067e+01  14 1.00000e+00  
 83.9 3.2159e+01  14 1.00000e+00  
 84.0 3.2120e+01  14 1.00000e+00  
 84.1 3.2164e+01  14 1.00000e+00  
 84.2 3.2257e+01  14 1.00000e+00  
 84.3 3.2449e+01  14 1.00000e+00  
 84.4 3.2409e+01  14 1.00000e+00  
 84.5 3.2465e+01  14 1.00000e+00  
 84.6 3.2539e+01  14 1.00000e+00  
 84.7 3.2638e+01  14 1.00000e+00  
 84.8 3.2657e+01  14 1.00000e+00  
 84.9 3.2739e+01  14 1.00000e+00  
 85.0 3.2762e+01  14 1.00000e+00  
 85.1 3.2845e+01  14 1.00000e+00  
 85.2 3.2900e+01  14 1.00000e+00  
 85.3 3.2950e+01  14 1.00000e+00  
 85.4 3.3000e+01  14 1.00000e+00  
 85.5 3.3049e+01  14 1.00000e+00  
 85.6 3.3095e+01  14 1.00000e+00  
 85.7 3.3033e+01  14 1.00000e+00  
 85.8 3.3187e+01  14 1.00000e+00  
 85.9 3.3230e+01  14 1.00000e+00  
 86.0 3.3271e+01  14 1.00000e+00  
 86.1 3.3304e+01  14 1.00000e+00  
 86.2 3.3450e+01  14 1.00000e+00  
 86.3 3.3341e+01  14 1.00000e+00  
 86.4 3.3479e+01  14 1.00000e+00  
 86.5 3.3492e+01  14 1.00000e+00  
 86.6 3.3525e+01  14 1.00000e+00  
 86.7 3.3631e+01  14 1.00000e+00  
 86.8 3.3680e+01  14 1.00000e+00  
 86.9 3.3722e+01  14 1.00000e+00  
 87.0 3.3760e+01  14 1.00000e+00  
 87.1 3.3782e+01  14 1.00000e+00  
 87.2 3.3836e+01  14 1.00000e+00  
 87.3 3.3872e+01  14 1.00000e+00  
 87.4 3.3907e+01  14 1.00000e+00  
 87.5 3.3926e+01  14 1.00000e+00  
 87.6 3.3970e+01  14 1.00000e+00  
 87.7 3.3982e+01  14 1.00000e+00  
 87.8 3.3981e+01  14 1.00000e+00  
 87.9 3.4112e+01  14 1.00000e+00  
 88.0 3.4228e+01  14 1.00000e+00  
 88.1 3.4304e+01  14 1.00000e+00  
 88.2 3.4401e+01  14 1.00000e+00  
 88.3 3.4230e+01  14 1.00000e+00  
 88.4 3.4323e+01  14 1.00000e+00  
 88.5 3.4407e+01  14 1.00000e+00  
 88.6 3.4477e+01  14 1.00000e+00  
 88.7 3.4515e+01  14 1.00000e+00  
 88.8 3.4596e+01  14 1.00000e+00  
 88.9 3.4633e+01  14 1.00000e+00  
 89.0 3.4714e+01  14 1.00000e+00  
 89.1 3.4772e+01  14 1.00000e+00  
 89.2 3.4808e+01  14 1.00000e+00  
 89.3 3.4880e+01  14 1.00000e+00  
 89.4 3.4957e+01  14 1.00000e+00  
 89.5 3.5015e+01  14 1.00000e+00  
 89.6 3.5038e+01  14 1.00000e+00  
 89.7 3.5108e+01  14 1.00000e+00  
 89.8 3.5164e+01  14 1.00000e+00  
 89.9 3.5213e+01  14 1.00000e+00  
 90.0 3.5257e+01  14 1.00000e+00  
 90.1 3.5287e+01  14 1.00000e+00  
 90.2 3.5364e+01  14 1.00000e+00  
 90.3 3.5411e+01  14 1.00000e+00  
 90.4 3.5444e+01  14 1.00000e+00  
 90.5 3.5501e+01  14 1.00000e+00  
 90.6 3.5542e+01  14 1.00000e+00  
 90.7 3.5587e+01  14 1.00000e+00  
 90.8 3.5723e+01  14 1.00000e+00  
 90.9 3.5757e+01  14 1.00000e+00  
 91.0 3.5799e+01  14 1.00000e+00  
 91.1 3.5840e+01  14 1.00000e+00  
 91.2 3.5863e+01  14 1.00000e+00  
 91.3 3.5910e+01  14 1.00000e+00  
 91.4 3.5962e+01  14 1.00000e+00  
 91.5 3.6003e+01  14 1.00000e+00  
 91.6 3.6013e+01  14 1.00000e+00  
 91.7 3.6082e+01  14 1.00000e+00  
 91.8 3.6123e+01  14 1.00000e+00  
 91.9 3.6158e+01  14 1.00000e+00  
 92.0 3.6201e+01  14 1.00000e+00  
 92.1 3.6240e+01  14 1.00000e+00  
 92.2 3.6259e+01  14 1.00000e+00  
 92.3 3.6316e+01  14 1.00000e+00  
 92.4 3.6354e+01  14 1.00000e+00  
 92.5 3.6388e+01  14 1.00000e+00  
 92.6 3.6417e+01  14 1.00000e+00  
 92.7 3.6444e+01  14 1.00000e+00  
 92.8 3.6470e+01  14 1.00000e+00  
 92.9 3.6540e+01  14 1.00000e+00  
 93.0 3.6634e+01  14 1.00000e+00  
 93.1 3.6713e+01  14 1.00000e+00  
 93.2 3.6754e+01  14 1.00000e+00  
 93.3 3.6851e+01  14 1.00000e+00  
 93.4 3.6897e+01  14 1.00000e+00  
 93.5 3.6977e+01  14 1.00000e+00  
 93.6 3.7037e+01  14 1.00000e+00  
 93.7 3.7094e+01  14 1.00000e+00  
 93.8 3.7155e+01  14 1.00000e+00  
 93.9 3.7183e+01  14 1.00000e+00  
 94.0 3.7259e+01  14 1.00000e+00  
 94.1 3.7316e+01  14 1.00000e+00  
 94.2 3.7396e+01  14 1.00000e+00  
 94.3 3.7454e+01  14 1.00000e+00  
 94.4 3.7507e+01  14 1.00000e+00  
 94.5 3.7559e+01  14 1.00000e+00  
 94.6 3.7609e+01  14 1.00000e+00  
 94.7 3.7660e+01  14 1.00000e+00  
 94.8 3.7710e+01  14 1.00000e+00  
 94.9 3.7758e+01  14 1.00000e+00  
 95.0 3.7794e+01  14 1.00000e+00  
 95.1 3.7853e+01  14 1.00000e+00  
 95.2 3.7902e+01  14 1.00000e+00  
 95.3 3.7931e+01  14 1.00000e+00  
 95.4 3.7992e+01  14 1.00000e+00  
 95.5 3.8029e+01  14 1.00000e+00  
 95.6 3.8080e+01  14 1.00000e+00  
 95.7 3.8205e+01  14 1.00000e+00  
 95.8 3.8250e+01  14 1.00000e+00  
 95.9 3.8293e+01  14 1.00000e+00  
 96.0 3.8304e+01  14 1.00000e+00  
 96.1 3.8373e+01  14 1.00000e+00  
 96.2 3.8421e+01  14 1.00000e+00  
 96.3 3.8452e+01  14 1.00000e+00  
 96.4 3.8498e+01  14 1.00000e+00  
 96.5 3.8546e+01  14 1.00000e+00  
 96.6 3.8566e+01  14 1.00000e+00  
 96.7 3.8629e+01  14 1.00000e+00  
 96.8 3.8650e+01  14 1.00000e+00  
 96.9 3.8709e+01  14 1.00000e+00  
 97.0 3.8747e+01  14 1.00000e+00  
 97.1 3.8760e+01  14 1.00000e+00  
 97.2 3.8827e+01  14 1.00000e+00  
 97.3 3.8867e+01  14 1.00000e+00  
 97.4 3.8901e+01  14 1.00000e+00  
 97.5 3.8932e+01  14 1.00000e+00  
 97.6 3.8960e+01  14 1.00000e+00  
 97.7 3.9024e+01  14 1.00000e+00  
 97.8 3.9117e+01  14 1.00000e+00  
 97.9 3.9193e+01  14 1.00000e+00  
 98.0 3.9257e+01  14 1.00000e+00  
 98.1 3.9336e+01  14 1.00000e+00  
 98.2 3.9393e+01  14 1.00000e+00  
 98.3 3.9468e+01  14 1.00000e+00  
 98.4 3.9523e+01  14 1.00000e+00  
 98.5 3.9592e+01  14 1.00000e+00  
 98.6 3.9635e+01  14 1.00000e+00  
 98.7 3.9711e+01  14 1.00000e+00  
 98.8 3.9768e+01  14 1.00000e+00  
 98.9 3.9793e+01  14 1.00000e+00  
 99.0 3.9869e+01  14 1.00000e+00  
 99.1 3.9957e+01  14 1.00000e+00  
 99.2 3.9989e+01  14 1.00000e+00  
 99.3 4.0059e+01  14 1.00000e+00  
 99.4 4.0117e+01  14 1.00000e+00  
 99.5 4.0172e+01  14 1.00000e+00  
 99.6 4.0223e+01  14 1.00000e+00  
 99.7 4.0271e+01  14 1.00000e+00  
 99.8 4.0300e+01  14 1.00000e+00  
 99.9 4.0379e+01  14 1.00000e+00  
100.0 4.0430e+01  14 1.00000e+00  
100.1 4.0474e+01  14 1.00000e+00  
100.2 4.0505e+01  14 1.00000e+00  
100.3 4.0575e+01  14 1.00000e+00  
100.4 4.0610e+01  14 1.00000e+00  
100.5 4.0668e+01  14 1.00000e+00  
100.6 4.0708e+01  14 1.00000e+00  
100.7 4.0758e+01  14 1.00000e+00  
100.8 4.0888e+01  14 1.00000e+00  
100.9 4.0915e+01  14 1.00000e+00  
101.0 4.0969e+01  14 1.00000e+00  
101.1 4.1019e+01  14 1.00000e+00  
101.2 4.1033e+01  14 1.00000e+00  
101.3 4.1103e+01  14 1.00000e+00  
101.4 4.1149e+01  14 1.00000e+00  
101.5 4.1176e+01  14 1.00000e+00  
101.6 4.1236e+01  14 1.00000e+00  
101.7 4.1251e+01  14 1.00000e+00  
101.8 4.1322e+01  14 1.00000e+00  
101.9 4.1347e+01  14 1.00000e+00  
102.0 4.1406e+01  14 1.00000e+00  
102.1 4.1447e+01  14 1.00000e+00  
102.2 4.1469e+01  14 1.00000e+00  
102.3 4.1528e+01  14 1.00000e+00  
102.4 4.1570e+01  14 1.00000e+00  
102.5 4.1608e+01  14 1.00000e+00  
102.6 4.1642e+01  14 1.00000e+00  
102.7 4.1673e+01  14 1.00000e+00  
102.8 4.1769e+01  14 1.00000e+00  
102.9 4.1849e+01  14 1.00000e+00  
103.0 4.1916e+01  14 1.00000e+00  
103.1 4.1998e+01  14 1.00000e+00  
103.2 4.2060e+01  14 1.00000e+00  
103.3 4.2135e+01  14 1.00000e+00  
103.4 4.2198e+01  14 1.00000e+00  
103.5 4.2265e+01  14 1.00000e+00  
103.6 4.2325e+01  14 1.00000e+00  
103.7 4.2391e+01  14 1.00000e+00  
103.8 4.2429e+01  14 1.00000e+00  
103.9 4.2510e+01  14 1.00000e+00  
104.0 4.2570e+01  14 1.00000e+00  
104.1 4.2625e+01  14 1.00000e+00  
104.2 4.2660e+01  14 1.00000e+00  
104.3 4.2708e+01  14 1.00000e+00  
104.4 4.2817e+01  14 1.00000e+00  
104.5 4.2873e+01  14 1.00000e+00  
104.6 4.2928e+01  14 1.00000e+00  
104.7 4.2983e+01  14 1.00000e+00  
104.8 4.3037e+01  14 1.00000e+00  
104.9 4.3091e+01  14 1.00000e+00  
105.0 4.3143e+01  14 1.00000e+00  
105.1 4.3190e+01  14 1.00000e+00  
105.2 4.3225e+01  14 1.00000e+00  
105.3 4.3297e+01  14 1.00000e+00  
105.4 4.3347e+01  14 1.00000e+00  
105.5 4.3383e+01  14 1.00000e+00  
105.6 4.3444e+01  14 1.00000e+00  
105.7 4.3493e+01  14 1.00000e+00  
105.8 4.3508e+01  14 1.00000e+00  
105.9 4.3588e+01  14 1.00000e+00  
106.0 4.3614e+01  14 1.00000e+00  
106.1 4.3765e+01  14 1.00000e+00  
106.2 4.3838e+01  14 1.00000e+00  
106.3 4.3882e+01  14 1.00000e+00  
106.4 4.3925e+01  14 1.00000e+00  
106.5 4.3976e+01  14 1.00000e+00  
106.6 4.3999e+01  14 1.00000e+00  
106.7 4.4067e+01  14 1.00000e+00  
106.8 4.4084e+01  14 1.00000e+00  
106.9 4.4157e+01  14 1.00000e+00  
107.0 4.4173e+01  14 1.00000e+00  
107.1 4.4246e+01  14 1.00000e+00  
107.2 4.4273e+01  14 1.00000e+00  
107.3 4.4334e+01  14 1.00000e+00  
107.4 4.4378e+01  14 1.00000e+00  
107.5 4.4406e+01  14 1.00000e+00  
107.6 4.4455e+01  14 1.00000e+00  
107.7 4.4506e+01  14 1.00000e+00  
107.8 4.4547e+01  14 1.00000e+00  
107.9 4.4080e+01  14 1.00000e+00  
108.0 4.4128e+01  14 1.00000e+00  
108.1 4.4168e+01  14 1.00000e+00  
108.2 4.4216e+01  14 1.00000e+00  
108.3 4.4260e+01  14 1.00000e+00  
108.4 4.4271e+01  14 1.00000e+00  
108.5 4.4349e+01  14 1.00000e+00  
108.6 4.4389e+01  14 1.00000e+00  
108.7 4.4409e+01  14 1.00000e+00  
108.8 4.4474e+01  14 1.00000e+00  
108.9 4.4518e+01  14 1.00000e+00  
109.0 4.4557e+01  14 1.00000e+00  
109.1 4.4593e+01  14 1.00000e+00  
109.2 4.4140e+01  14 1.00000e+00  
109.3 4.4170e+01  14 1.00000e+00  
109.4 4.4227e+01  14 1.00000e+00  
109.5 4.4266e+01  14 1.00000e+00  
109.6 4.4296e+01  14 1.00000e+00  
109.7 4.4357e+01  14 1.00000e+00  
109.8 4.4395e+01  14 1.00000e+00  
109.9 4.4410e+01  14 1.00000e+00  
110.0 4.4481e+01  14 1.00000e+00  
110.1 4.4525e+01  14 1.00000e+00  
110.2 4.4563e+01  14 1.00000e+00  
110.3 4.4598e+01  14 1.00000e+00  
110.4 4.4688e+01  14 1.00000e+00  
110.5 4.4170e+01  14 1.00000e+00  
110.6 4.4232e+01  14 1.00000e+00  
110.7 4.4269e+01  14 1.00000e+00  
110.8 4.4309e+01  14 1.00000e+00  
110.9 4.4360e+01  14 1.00000e+00  
111.0 4.6285e+01  14 1.00000e+00  
111.1 4.6330e+01  14 1.00000e+00  
111.2 4.6373e+01  14 1.00000e+00  
111.3 4.6418e+01  14 1.00000e+00  
111.4 4.6463e+01  14 1.00000e+00  
111.5 4.6507e+01  14 1.00000e+00  
111.6 4.6552e+01  14 1.00000e+00  
111.7 4.6598e+01  14 1.00000e+00  
111.8 4.6644e+01  14 1.00000e+00  
111.9 4.6687e+01  14 1.00000e+00  
112.0 4.6730e+01  14 1.00000e+00  
112.1 4.6777e+01  14 1.00000e+00  
112.2 4.6820e+01  14 1.00000e+00  
112.3 4.6866e+01  14 1.00000e+00  
112.4 4.6909e+01  14 1.00000e+00  
112.5 4.6953e+01  14 1.00000e+00  
112.6 4.6999e+01  14 1.00000e+00  
112.7 4.7042e+01  14 1.00000e+00  
112.8 4.7086e+01  14 1.00000e+00  
112.9 4.7132e+01  14 1.00000e+00  
113.0 4.7175e+01  14 1.00000e+00  
113.1 4.7219e+01  14 1.00000e+00  
113.2 4.7265e+01  14 1.00000e+00  
113.3 4.7309e+01  14 1.00000e+00  
113.4 4.7352e+01  14 1.00000e+00  
113.5 4.7396e+01  14 1.00000e+00  
113.6 4.7442e+01  14 1.00000e+00  
113.7 4.7486e+01  14 1.00000e+00  
113.8 4.7530e+01  14 1.00000e+00  
113.9 4.7574e+01  14 1.00000e+00  
114.0 4.7618e+01  14 1.00000e+00  
114.1 4.7664e+01  14 1.00000e+00  
114.2 4.7709e+01  14 1.00000e+00  
114.3 4.7753e+01  14 1.00000e+00  
114.4 4.7797e+01  14 1.00000e+00  
114.5 4.7842e+01  14 1.00000e+00  
114.6 4.7887e+01  14 1.00000e+00  
114.7 4.7931e+01  14 1.00000e+00  
114.8 4.7976e+01  14 1.00000e+00  
114.9 4.8021e+01  14 1.00000e+00  
115.0 4.8066e+01  14 1.00000e+00  
115.1 4.8112e+01  14 1.00000e+00  
115.2 4.8157e+01  14 1.00000e+00  
115.3 4.8203e+01  14 1.00000e+00  
115.4 4.8249e+01  14 1.00000e+00  
115.5 4.8295e+01  14 1.00000e+00  
115.6 4.8341e+01  14 1.00000e+00  
115.7 4.8389e+01  14 1.00000e+00  
115.8 4.8436e+01  14 1.00000e+00  
115.9 4.8486e+01  14 1.00000e+00  
116.0 4.8538e+01  14 1.00000e+00  
116.1 4.8593e+01  14 1.00000e+00  
116.2 4.8663e+01  14 1.00000e+00  
116.3 4.8744e+01  14 1.00000e+00  
116.4 4.8827e+01  14 1.00000e+00  
116.5 4.8908e+01  14 1.00000e+00  
116.6 4.8989e+01  14 1.00000e+00  
116.7 4.9070e+01  14 1.00000e+00  
116.8 4.9151e+01  14 1.00000e+00  
116.9 4.9232e+01  14 1.00000e+00  
117.0 4.9312e+01  14 1.00000e+00  
117.1 4.9393e+01  14 1.00000e+00  
117.2 4.9469e+01  14 1.00000e+00  
117.3 4.9550e+01  14 1.00000e+00  
117.4 4.9631e+01  14 1.00000e+00  
117.5 4.9712e+01  14 1.00000e+00  
117.6 4.9792e+01  14 1.00000e+00  
117.7 4.9873e+01  14 1.00000e+00  
117.8 4.9954e+01  14 1.00000e+00  
117.9 5.0034e+01  14 1.00000e+00  
118.0 5.0115e+01  14 1.00000e+00  
118.1 5.0196e+01  14 1.00000e+00  
118.2 5.0276e+01  14 1.00000e+00  
118.3 5.0357e+01  14 1.00000e+00  
118.4 5.0437e+01  14 1.00000e+00  
118.5 5.0518e+01  14 1.00000e+00  
118.6 5.0598e+01  14 1.00000e+00  
118.7 5.0679e+01  14 1.00000e+00  
118.8 5.0760e+01  14 1.00000e+00  
118.9 5.0840e+01  14 1.00000e+00  
119.0 5.0921e+01  14 1.00000e+00  
119.1 5.1001e+01  14 1.00000e+00  
119.2 5.1081e+01  14 1.00000e+00  
119.3 5.1162e+01  14 1.00000e+00  
119.4 5.1242e+01  14 1.00000e+00  
119.5 5.1323e+01  14 1.00000e+00  
119.6 5.1403e+01  14 1.00000e+00  
119.7 5.1483e+01  14 1.00000e+00  
119.8 5.1564e+01  14 1.00000e+00  
119.9 5.1644e+01  14 1.00000e+00  
120.0 5.1724e+01  14 1.00000e+00  
120.1 5.1805e+01  14 1.00000e+00  
120.2 5.1885e+01  14 1.00000e+00  
120.3 5.1965e+01  14 1.00000e+00  
120.4 5.2046e+01  14 1.00000e+00  
120.5 5.2126e+01  14 1.00000e+00  
120.6 5.2206e+01  14 1.00000e+00  
120.7 5.2286e+01  14 1.00000e+00  
120.8 5.2366e+01  14 1.00000e+00  
120.9 5.2446e+01  14 1.00000e+00  
121.0 5.2527e+01  14 1.00000e+00  
121.1 5.2607e+01  14 1.00000e+00  
121.2 5.2687e+01  14 1.00000e+00  
121.3 5.2767e+01  14 1.00000e+00  
121.4 5.2847e+01  14 1.00000e+00  
121.5 5.2927e+01  14 1.00000e+00  
121.6 5.3007e+01  14 1.00000e+00  
121.7 5.3087e+01  14 1.00000e+00  
121.8 5.3167e+01  14 1.00000e+00  
121.9 5.3247e+01  14 1.00000e+00  
122.0 5.3327e+01  14 1.00000e+00  
122.1 5.3407e+01  14 1.00000e+00  
122.2 5.3487e+01  14 1.00000e+00  
122.3 5.3567e+01  14 1.00000e+00  
122.4 5.3646e+01  14 1.00000e+00  
122.5 5.3726e+01  14 1.00000e+00  
122.6 5.3806e+01  14 1.00000e+00  
122.7 5.3886e+01  14 1.00000e+00  
122.8 5.3966e+01  14 1.00000e+00  
122.9 5.4046e+01  14 1.00000e+00  
123.0 5.4125e+01  14 1.00000e+00  
123.1 5.4205e+01  14 1.00000e+00  
123.2 5.4285e+01  14 1.00000e+00  
123.3 5.4365e+01  14 1.00000e+00  
123.4 5.4444e+01  14 1.00000e+00  
123.5 5.4524e+01  14 1.00000e+00  
123.6 5.4599e+01  14 1.00000e+00  
123.7 5.4679e+01  14 1.00000e+00  
123.8 5.4758e+01  14 1.00000e+00  
123.9 5.4838e+01  14 1.00000e+00  
124.0 5.4918e+01  14 1.00000e+00  
124.1 5.4997e+01  14 1.00000e+00  
124.2 5.5077e+01  14 1.00000e+00  
124.3 5.5156e+01  14 1.00000e+00  
124.4 5.5236e+01  14 1.00000e+00  
124.5 5.5315e+01  14 1.00000e+00  
124.6 5.5395e+01  14 1.00000e+00  
124.7 5.5474e+01  14 1.00000e+00  
124.8 5.5553e+01  14 1.00000e+00  
124.9 5.5632e+01  14 1.00000e+00  
125.0 5.5711e+01  14 1.00000e+00  
125.1 5.5791e+01  14 1.00000e+00  
125.2 5.5870e+01  14 1.00000e+00  
125.3 5.5949e+01  14 1.00000e+00  
125.4 5.6029e+01  14 1.00000e+00  
125.5 5.6108e+01  14 1.00000e+00  
125.6 5.6187e+01  14 1.00000e+00  
125.7 5.6266e+01  14 1.00000e+00  
125.8 5.6346e+01  14 1.00000e+00  
125.9 5.6425e+01  14 1.00000e+00  
126.0 5.6504e+01  14 1.00000e+00  
126.1 5.6583e+01  14 1.00000e+00  
126.2 5.6662e+01  14 1.00000e+00  
126.3 5.6741e+01  14 1.00000e+00  
126.4 5.6820e+01  14 1.00000e+00  
126.5 5.6859e+01  14 1.00000e+00  
126.6 5.6938e+01  14 1.00000e+00  
126.7 5.7017e+01  14 1.00000e+00  
126.8 5.7096e+01  14 1.00000e+00  
126.9 5.7175e+01  14 1.00000e+00  
127.0 5.6229e+01  14 1.00000e+00  
127.1 5.6307e+01  14 1.00000e+00  
127.2 5.6386e+01  14 1.00000e+00  
127.3 5.6464e+01  14 1.00000e+00  
127.4 5.5481e+01  14 1.00000e+00  
127.5 5.5559e+01  14 1.00000e+00  
127.6 5.5637e+01  14 1.00000e+00  
127.7 5.4658e+01  14 1.00000e+00  
127.8 5.4736e+01  14 1.00000e+00  
127.9 5.4813e+01  14 1.00000e+00  
128.0 5.4890e+01  14 1.00000e+00  
128.1 5.3920e+01  14 1.00000e+00  
128.2 5.3996e+01  14 1.00000e+00  
128.3 5.4073e+01  14 1.00000e+00  
128.4 4.5463e+01  14 1.00000e+00  
128.5 4.5521e+01  14 1.00000e+00  
128.6 4.5559e+01  14 1.00000e+00  
128.7 4.5596e+01  14 1.00000e+00  
128.8 4.5636e+01  14 1.00000e+00  
128.9 4.5674e+01  14 1.00000e+00  
129.0 4.5203e+01  14 1.00000e+00  
129.1 4.5271e+01  14 1.00000e+00  
129.2 4.5293e+01  14 1.00000e+00  
129.3 4.5371e+01  14 1.00000e+00  
129.4 4.5432e+01  14 1.00000e+00  
129.5 4.5463e+01  14 1.00000e+00  
129.6 4.5498e+01  14 1.00000e+00  
129.7 4.5534e+01  14 1.00000e+00  
129.8 4.5565e+01  14 1.00000e+00  
129.9 4.5600e+01  14 1.00000e+00  
130.0 4.5636e+01  14 1.00000e+00  
130.1 4.5671e+01  14 1.00000e+00  
130.2 4.5702e+01  14 1.00000e+00  
130.3 4.5738e+01  14 1.00000e+00  
130.4 4.5776e+01  14 1.00000e+00  
130.5 4.5815e+01  14 1.00000e+00  
130.6 4.5849e+01  14 1.00000e+00  
130.7 4.5887e+01  14 1.00000e+00  
130.8 4.5925e+01  14 1.00000e+00  
130.9 4.5455e+01  14 1.00000e+00  
131.0 4.5516e+01  14 1.00000e+00  
131.1 4.5553e+01  14 1.00000e+00  
131.2 4.5591e+01  14 1.00000e+00  
131.3 4.5537e+01  14 1.00000e+00  
131.4 4.5574e+01  14 1.00000e+00  
131.5 4.5611e+01  14 1.00000e+00  
131.6 4.5647e+01  14 1.00000e+00  
131.7 4.5024e+01  14 1.00000e+00  
131.8 4.5104e+01  14 1.00000e+00  
131.9 4.5158e+01  14 1.00000e+00  
132.0 4.5206e+01  14 1.00000e+00  
132.1 4.4532e+01  14 1.00000e+00  
132.2 4.4564e+01  14 1.00000e+00  
132.3 4.4593e+01  14 1.00000e+00  
132.4 4.4661e+01  14 1.00000e+00  
132.5 4.4635e+01  14 1.00000e+00  
132.6 4.4705e+01  14 1.00000e+00  
132.7 4.4736e+01  14 1.00000e+00  
132.8 4.4835e+01  14 1.00000e+00  
132.9 4.4896e+01  14 1.00000e+00  
133.0 4.4948e+01  14 1.00000e+00  
133.1 4.4358e+01  14 1.00000e+00  
133.2 4.4371e+01  14 1.00000e+00  
133.3 4.4398e+01  14 1.00000e+00  
133.4 4.4410e+01  14 1.00000e+00  
133.5 4.4472e+01  14 1.00000e+00  
133.6 4.4509e+01  14 1.00000e+00  
133.7 4.4542e+01  14 1.00000e+00  
133.8 4.4573e+01  14 1.00000e+00  
133.9 4.4606e+01  14 1.00000e+00  
134.0 4.4142e+01  14 1.00000e+00  
134.1 4.4169e+01  14 1.00000e+00  
134.2 4.4210e+01  14 1.00000e+00  
134.3 4.4249e+01  14 1.00000e+00  
134.4 4.4272e+01  14 1.00000e+00  
134.5 4.4315e+01  14 1.00000e+00  
134.6 4.4354e+01  14 1.00000e+00  
134.7 4.4386e+01  14 1.00000e+00  
134.8 4.4406e+01  14 1.00000e+00  
134.9 4.4434e+01  14 1.00000e+00  
135.0 4.4489e+01  14 1.00000e+00  
135.1 4.4523e+01  14 1.00000e+00  
135.2 4.4048e+01  14 1.00000e+00  
135.3 4.4080e+01  14 1.00000e+00  
135.4 4.4116e+01  14 1.00000e+00  
135.5 4.4155e+01  14 1.00000e+00  
135.6 4.4169e+01  14 1.00000e+00  
135.7 4.4224e+01  14 1.00000e+00  
135.8 4.4259e+01  14 1.00000e+00  
135.9 4.4273e+01  14 1.00000e+00  
136.0 4.4328e+01  14 1.00000e+00  
136.1 4.4363e+01  14 1.00000e+00  
136.2 4.4393e+01  14 1.00000e+00  
136.3 4.4409e+01  14 1.00000e+00  
136.4 4.4456e+01  14 1.00000e+00  
136.5 4.4497e+01  14 1.00000e+00  
136.6 4.4531e+01  14 1.00000e+00  
136.7 4.4562e+01  14 1.00000e+00  
136.8 4.4591e+01  14 1.00000e+00  
136.9 4.4126e+01  14 1.00000e+00  
137.0 4.4161e+01  14 1.00000e+00  
137.1 4.4166e+01  14 1.00000e+00  
137.2 4.4232e+01  14 1.00000e+00  
137.3 4.4264e+01  14 1.00000e+00  
137.4 4.4271e+01  14 1.00000e+00  
137.5 4.4334e+01  14 1.00000e+00  
137.6 4.4369e+01  14 1.00000e+00  
137.7 4.4398e+01  14 1.00000e+00  
137.8 4.4410e+01  14 1.00000e+00  
137.9 4.4473e+01  14 1.00000e+00  
138.0 4.4508e+01  14 1.00000e+00  
138.1 4.4541e+01  14 1.00000e+00  
138.2 4.4573e+01  14 1.00000e+00  
138.3 4.4606e+01  14 1.00000e+00  
138.4 4.4677e+01  14 1.00000e+00  
138.5 4.4744e+01  14 1.00000e+00  
138.6 4.4799e+01  14 1.00000e+00  
138.7 4.4868e+01  14 1.00000e+00  
138.8 4.4901e+01  14 1.00000e+00  
138.9 4.4987e+01  14 1.00000e+00  
139.0 4.5033e+01  14 1.00000e+00  
139.1 4.4406e+01  14 1.00000e+00  
139.2 4.4428e+01  14 1.00000e+00  
139.3 4.4484e+01  14 1.00000e+00  
139.4 4.4515e+01  14 1.00000e+00  
139.5 4.4546e+01  14 1.00000e+00  
139.6 4.4575e+01  14 1.00000e+00  
139.7 4.4597e+01  14 1.00000e+00  
139.8 4.4666e+01  14 1.00000e+00  
139.9 4.4727e+01  14 1.00000e+00  
140.0 5.7390e+01  14 1.00000e+00  
140.1 5.7462e+01  14 1.00000e+00  
140.2 5.7534e+01  14 1.00000e+00  
140.3 5.6580e+01  14 1.00000e+00  
140.4 5.6651e+01  14 1.00000e+00  
140.5 5.6723e+01  14 1.00000e+00  
140.6 5.5731e+01  14 1.00000e+00  
140.7 5.5802e+01  14 1.00000e+00  
140.8 5.5873e+01  14 1.00000e+00  
140.9 5.5943e+01  14 1.00000e+00  
141.0 5.4956e+01  14 1.00000e+00  
141.1 5.5026e+01  14 1.00000e+00  
141.2 5.5096e+01  14 1.00000e+00  
141.3 5.4118e+01  14 1.00000e+00  
141.4 5.4188e+01  14 1.00000e+00  
141.5 5.4258e+01  14 1.00000e+00  
141.6 5.3280e+01  14 1.00000e+00  
141.7 5.3349e+01  14 1.00000e+00  
141.8 5.3418e+01  14 1.00000e+00  
141.9 5.3487e+01  14 1.00000e+00  
142.0 4.5155e+01  14 1.00000e+00  
142.1 4.5235e+01  14 1.00000e+00  
142.2 4.5284e+01  14 1.00000e+00  
142.3 4.5322e+01  14 1.00000e+00  
142.4 4.5405e+01  14 1.00000e+00  
142.5 4.5439e+01  14 1.00000e+00  
142.6 4.5451e+01  14 1.00000e+00  
142.7 4.5500e+01  14 1.00000e+00  
142.8 4.5533e+01  14 1.00000e+00  
142.9 4.5567e+01  14 1.00000e+00  
143.0 4.5595e+01  14 1.00000e+00  
143.1 4.5628e+01  14 1.00000e+00  
143.2 4.5661e+01  14 1.00000e+00  
143.3 4.5695e+01  14 1.00000e+00  
143.4 4.5723e+01  14 1.00000e+00  
143.5 4.5757e+01  14 1.00000e+00  
143.6 4.5794e+01  14 1.00000e+00  
143.7 4.5826e+01  14 1.00000e+00  
143.8 4.5862e+01  14 1.00000e+00  
143.9 4.5898e+01  14 1.00000e+00  
144.0 4.5933e+01  14 1.00000e+00  
144.1 4.5461e+01  14 1.00000e+00  
144.2 4.5516e+01  14 1.00000e+00  
144.3 4.5550e+01  14 1.00000e+00  
144.4 4.5584e+01  14 1.00000e+00  
144.5 4.5527e+01  14 1.00000e+00  
144.6 4.5560e+01  14 1.00000e+00  
144.7 4.5593e+01  14 1.00000e+00  
144.8 4.4958e+01  14 1.00000e+00  
144.9 4.5017e+01  14 1.00000e+00  
145.0 4.5051e+01  14 1.00000e+00  
145.1 4.5121e+01  14 1.00000e+00  
145.2 4.5147e+01  14 1.00000e+00  
145.3 4.5175e+01  14 1.00000e+00  
145.4 4.5246e+01  14 1.00000e+00  
145.5 4.5292e+01  14 1.00000e+00  
145.6 4.4544e+01  14 1.00000e+00  
145.7 4.4572e+01  14 1.00000e+00  
145.8 4.4598e+01  14 1.00000e+00  
145.9 4.4668e+01  14 1.00000e+00  
146.0 4.4729e+01  14 1.00000e+00  
146.1 4.4769e+01  14 1.00000e+00  
146.2 4.4846e+01  14 1.00000e+00  
146.3 4.4900e+01  14 1.00000e+00  
146.4 4.4271e+01  14 1.00000e+00  
146.5 4.4331e+01  14 1.00000e+00  
146.6 4.4364e+01  14 1.00000e+00  
146.7 4.4392e+01  14 1.00000e+00  
146.8 4.4408e+01  14 1.00000e+00  
146.9 4.4440e+01  14 1.00000e+00  
147.0 4.4489e+01  14 1.00000e+00  
147.1 4.4521e+01  14 1.00000e+00  
147.2 4.4550e+01  14 1.00000e+00  
147.3 4.4578e+01  14 1.00000e+00  
147.4 4.4613e+01  14 1.00000e+00  
147.5 4.4680e+01  14 1.00000e+00  
147.6 4.4168e+01  14 1.00000e+00  
147.7 4.4186e+01  14 1.00000e+00  
147.8 4.4238e+01  14 1.00000e+00  
147.9 4.4266e+01  14 1.00000e+00  
148.0 4.4271e+01  14 1.00000e+00  
148.1 4.4333e+01  14 1.00000e+00  
148.2 4.4365e+01  14 1.00000e+00  
148.3 4.4392e+01  14 1.00000e+00  
148.4 4.4408e+01  14 1.00000e+00  
148.5 4.4439e+01  14 1.00000e+00  
148.6 4.4488e+01  14 1.00000e+00  
148.7 4.4519e+01  14 1.00000e+00  
148.8 4.4039e+01  14 1.00000e+00  
148.9 4.4073e+01  14 1.00000e+00  
149.0 4.4078e+01  14 1.00000e+00  
149.1 4.4138e+01  14 1.00000e+00  
149.2 4.4168e+01  14 1.00000e+00  
149.3 4.4186e+01  14 1.00000e+00  
149.4 4.4242e+01  14 1.00000e+00  
149.5 4.4270e+01  14 1.00000e+00  
149.6 4.4281e+01  14 1.00000e+00  
149.7 4.4344e+01  14 1.00000e+00  
149.8 4.4375e+01  14 1.00000e+00  
149.9 4.4399e+01  14 1.00000e+00  
150.0 4.4410e+01  14 1.00000e+00  
