 15.1 1.4426e+00  13 4.41986e-02  
 15.2 1.4502e+00  13 4.45772e-02  
 15.3 1.4578e+00  13 4.49511e-02  
 15.4 1.4654e+00  13 4.53204e-02  
 15.5 1.4730e+00  13 4.56855e-02  
 15.6 1.4806e+00  13 4.60460e-02  
 15.7 1.4883e+00  13 4.63559e-02  
 15.8 1.4959e+00  13 4.67072e-02  
 15.9 1.5035e+00  13 4.70543e-02  
 16.0 1.5111e+00  13 4.73974e-02  
 16.1 1.5187e+00  13 4.77365e-02  
 16.2 1.5263e+00  13 4.80717e-02  
 16.3 1.5339e+00  13 4.84031e-02  
 16.4 1.5415e+00  13 4.87307e-02  
 16.5 1.5492e+00  13 4.90546e-02  
 16.6 1.5568e+00  13 4.93749e-02  
 16.7 1.5644e+00  13 4.96939e-02  
 16.8 1.5720e+00  13 5.00192e-02  
 16.9 1.5796e+00  13 5.03419e-02  
 17.0 1.5872e+00  13 5.06618e-02  
 17.1 1.5948e+00  13 5.09800e-02  
 17.2 1.6024e+00  13 5.12960e-02  
 17.3 1.6100e+00  13 5.16093e-02  
 17.4 1.6176e+00  13 5.19201e-02  
 17.5 1.6252e+00  13 5.22907e-02  
 17.6 1.6328e+00  13 5.25976e-02  
 17.7 1.6404e+00  13 5.28942e-02  
 17.8 1.6480e+00  13 5.31950e-02  
 17.9 1.6556e+00  13 5.34936e-02  
 18.0 1.6632e+00  13 5.37903e-02  
 18.1 1.6708e+00  13 5.40846e-02  
 18.2 1.6784e+00  13 5.43767e-02  
 18.3 1.6860e+00  13 5.46668e-02  
 18.4 1.6936e+00  13 5.49547e-02  
 18.5 1.7011e+00  13 5.52404e-02  
 18.6 1.7087e+00  13 5.55928e-02  
 18.7 1.7163e+00  13 5.58694e-02  
 18.8 1.7239e+00  13 5.61497e-02  
 18.9 1.7333e+00  13 5.65720e-02  
 19.0 1.7456e+00  13 5.72126e-02  
 19.1 1.7579e+00  13 5.78566e-02  
 19.2 1.7704e+00  13 5.85033e-02  
 19.3 1.7829e+00  13 5.91536e-02  
 19.4 1.7956e+00  13 5.98075e-02  
 19.5 1.8083e+00  13 6.04647e-02  
 19.6 1.8211e+00  13 6.11983e-02  
 19.7 1.8340e+00  13 6.18625e-02  
 19.8 1.8470e+00  13 6.25303e-02  
 19.9 1.8602e+00  13 6.32015e-02  
 20.0 1.8734e+00  13 6.38765e-02  
 20.1 1.8867e+00  13 6.45556e-02  
 20.2 1.9001e+00  13 6.52382e-02  
 20.3 1.9135e+00  13 6.59265e-02  
 20.4 1.7189e+01  14 1.00000e+00  
 20.5 1.7236e+01  14 1.00000e+00  
 20.6 1.7305e+01  14 1.00000e+00  
 20.7 1.7372e+01  14 1.00000e+00  
 20.8 1.7439e+01  14 1.00000e+00  
 20.9 1.7506e+01  14 1.00000e+00  
 21.0 1.7572e+01  14 1.00000e+00  
 21.1 1.7638e+01  14 1.00000e+00  
 21.2 1.7704e+01  14 1.00000e+00  
 21.3 1.7746e+01  14 1.00000e+00  
 21.4 1.7813e+01  14 1.00000e+00  
 21.5 1.7879e+01  14 1.00000e+00  
 21.6 1.7944e+01  14 1.00000e+00  
 21.7 1.8008e+01  14 1.00000e+00  
 21.8 1.8072e+01  14 1.00000e+00  
 21.9 1.8136e+01  14 1.00000e+00  
 22.0 1.8199e+01  14 1.00000e+00  
 22.1 1.8261e+01  14 1.00000e+00  
 22.2 1.8298e+01  14 1.00000e+00  
 22.3 1.8364e+01  14 1.00000e+00  
 22.4 1.8426e+01  14 1.00000e+00  
 22.5 1.8487e+01  14 1.00000e+00  
 22.6 1.8549e+01  14 1.00000e+00  
 22.7 1.8610e+01  14 1.00000e+00  
 22.8 1.8670e+01  14 1.00000e+00  
 22.9 1.8729e+01  14 1.00000e+00  
 23.0 1.8762e+01  14 1.00000e+00  
 23.1 1.8821e+01  14 1.00000e+00  
 23.2 1.8884e+01  14 1.00000e+00  
 23.3 1.8943e+01  14 1.00000e+00  
 23.4 5.5490e+00  14 2.56829e-01  
 23.5 5.6551e+00  14 2.61861e-01  
 23.6 5.7624e+00  14 2.66926e-01  
 23.7 5.8708e+00  14 2.72027e-01  
 23.8 5.9804e+00  14 2.77161e-01  
 23.9 6.0898e+00  14 2.82707e-01  
 24.0 6.2016e+00  14 2.87845e-01  
 24.1 6.3143e+00  14 2.93076e-01  
 24.2 6.4281e+00  14 2.98348e-01  
 24.3 6.5430e+00  14 3.03654e-01  
 24.4 6.6591e+00  14 3.08994e-01  
 24.5 6.7762e+00  14 3.14369e-01  
 24.6 6.8944e+00  14 3.19777e-01  
 24.7 7.0104e+00  14 3.25575e-01  
 24.8 7.1309e+00  14 3.31011e-01  
 24.9 7.2524e+00  14 3.36486e-01  
 25.0 7.3748e+00  14 3.42024e-01  
 25.1 7.4981e+00  14 3.47596e-01  
 25.2 7.6226e+00  14 3.53200e-01  
 25.3 7.7481e+00  14 3.58836e-01  
 25.4 7.8746e+00  14 3.64505e-01  
 25.5 7.9966e+00  14 3.70546e-01  
 25.6 8.1251e+00  14 3.76263e-01  
 25.7 8.2555e+00  14 3.81975e-01  
 25.8 8.3860e+00  14 3.87766e-01  
 25.9 8.5174e+00  14 3.93595e-01  
 26.0 8.6499e+00  14 3.99452e-01  
 26.1 8.7833e+00  14 4.05340e-01  
 26.2 8.9098e+00  14 4.11586e-01  
 26.3 9.0449e+00  14 4.17533e-01  
 26.4 9.1811e+00  14 4.23510e-01  
 26.5 9.3198e+00  14 4.29462e-01  
 26.6 9.4580e+00  14 4.35498e-01  
 26.7 9.5972e+00  14 4.41565e-01  
 26.8 9.7372e+00  14 4.47666e-01  
 26.9 9.8781e+00  14 4.53798e-01  
 27.0 1.0010e+01  14 4.60302e-01  
 27.1 1.0152e+01  14 4.66490e-01  
 27.2 1.0295e+01  14 4.72710e-01  
 27.3 1.0442e+01  14 4.78902e-01  
 27.4 1.0588e+01  14 4.85177e-01  
 27.5 1.0734e+01  14 4.91482e-01  
 27.6 1.0881e+01  14 4.97818e-01  
 27.7 1.1029e+01  14 5.04186e-01  
 27.8 1.1163e+01  14 5.10873e-01  
 27.9 1.1313e+01  14 5.17297e-01  
 28.0 1.1463e+01  14 5.23751e-01  
 28.1 1.1617e+01  14 5.30175e-01  
 28.2 1.1769e+01  14 5.36682e-01  
 28.3 1.1922e+01  14 5.43219e-01  
 28.4 1.2076e+01  14 5.49783e-01  
 28.5 1.2230e+01  14 5.56377e-01  
 28.6 1.2366e+01  14 5.63270e-01  
 28.7 1.2522e+01  14 5.69919e-01  
 28.8 1.2678e+01  14 5.76591e-01  
 28.9 1.2839e+01  14 5.83250e-01  
 29.0 1.2997e+01  14 5.89981e-01  
 29.1 1.3156e+01  14 5.96740e-01  
 29.2 1.3316e+01  14 6.03527e-01  
 29.3 1.3476e+01  14 6.10342e-01  
 29.4 1.3613e+01  14 6.17436e-01  
 29.5 1.3774e+01  14 6.24301e-01  
 29.6 1.3937e+01  14 6.31186e-01  
 29.7 1.4104e+01  14 6.38069e-01  
 29.8 1.4267e+01  14 6.45019e-01  
 29.9 1.4431e+01  14 6.51995e-01  
 30.0 1.4596e+01  14 6.58997e-01  
 30.1 1.4731e+01  14 6.66264e-01  
 30.2 1.4897e+01  14 6.73315e-01  
 30.3 1.5063e+01  14 6.80394e-01  
 30.4 1.5229e+01  14 6.87501e-01  
 30.5 1.5403e+01  14 6.94592e-01  
 30.6 1.5571e+01  14 7.01750e-01  
 30.7 1.5740e+01  14 7.08934e-01  
 30.8 1.5909e+01  14 7.16145e-01  
 30.9 1.6042e+01  14 7.23597e-01  
 31.0 1.6211e+01  14 7.30857e-01  
 31.1 1.6381e+01  14 7.38143e-01  
 31.2 1.6551e+01  14 7.45456e-01  
 31.3 1.6729e+01  14 7.52760e-01  
 31.4 1.6901e+01  14 7.60123e-01  
 31.5 1.7074e+01  14 7.67513e-01  
 31.6 1.7247e+01  14 7.74928e-01  
 31.7 1.7376e+01  14 7.82545e-01  
 31.8 1.7548e+01  14 7.90008e-01  
 31.9 1.7721e+01  14 7.97496e-01  
 32.0 1.7894e+01  14 8.05011e-01  
 32.1 1.8076e+01  14 8.12520e-01  
 32.2 1.8251e+01  14 8.20081e-01  
 32.3 1.8426e+01  14 8.27670e-01  
 32.4 1.8550e+01  14 8.35422e-01  
 32.5 1.8725e+01  14 8.43055e-01  
 32.6 1.8899e+01  14 8.50713e-01  
 32.7 1.9074e+01  14 8.58396e-01  
 32.8 1.9249e+01  14 8.66103e-01  
 32.9 1.9434e+01  14 8.73816e-01  
 33.0 1.9610e+01  14 8.81572e-01  
 33.1 1.9728e+01  14 8.89450e-01  
 33.2 1.9904e+01  14 8.97249e-01  
 33.3 2.0079e+01  14 9.05072e-01  
 33.4 2.0255e+01  14 9.12919e-01  
 33.5 2.0430e+01  14 9.20790e-01  
 33.6 2.0606e+01  14 9.28685e-01  
 33.7 2.0783e+01  14 9.36602e-01  
 33.8 2.0904e+01  14 9.44586e-01  
 33.9 2.1079e+01  14 9.52545e-01  
 34.0 2.1255e+01  14 9.60528e-01  
 34.1 2.1430e+01  14 9.68534e-01  
 34.2 2.1605e+01  14 9.76562e-01  
 34.3 2.1780e+01  14 9.84614e-01  
 34.4 2.1955e+01  14 9.92688e-01  
 34.5 2.2039e+01  14 1.00000e+00  
 34.6 2.2055e+01  14 1.00000e+00  
 34.7 2.2057e+01  14 1.00000e+00  
 34.8 2.2058e+01  14 1.00000e+00  
 34.9 2.2059e+01  14 1.00000e+00  
 35.0 2.2059e+01  14 1.00000e+00  
 35.1 2.1981e+01  14 1.00000e+00  
 35.2 2.1979e+01  14 1.00000e+00  
 35.3 2.1976e+01  14 1.00000e+00  
 35.4 2.1862e+01  14 1.00000e+00  
 35.5 2.1873e+01  14 1.00000e+00  
 35.6 2.1790e+01  14 1.00000e+00  
 35.7 2.1785e+01  14 1.00000e+00  
 35.8 2.1779e+01  14 1.00000e+00  
 35.9 2.1650e+01  14 1.00000e+00  
 36.0 2.1562e+01  14 1.00000e+00  
 36.1 2.1554e+01  14 1.00000e+00  
 36.2 2.1546e+01  14 1.00000e+00  
 36.3 2.1460e+01  14 1.00000e+00  
 36.4 2.1336e+01  14 1.00000e+00  
 36.5 2.1327e+01  14 1.00000e+00  
 36.6 2.1233e+01  14 1.00000e+00  
 36.7 2.1138e+01  14 1.00000e+00  
 36.8 2.0877e+01  14 1.00000e+00  
 36.9 2.0433e+01  14 1.00000e+00  
 37.0 1.8063e+01  14 1.00000e+00  
 37.1 1.6384e+01  14 1.00000e+00  
 37.2 1.4723e+01  14 1.00000e+00  
 37.3 1.3930e+01  14 1.00000e+00  
 37.4 1.3810e+01  14 1.00000e+00  
 37.5 1.3789e+01  14 1.00000e+00  
 37.6 1.3805e+01  14 1.00000e+00  
 37.7 1.3741e+01  14 1.00000e+00  
 37.8 1.3659e+01  14 1.00000e+00  
 37.9 1.3667e+01  14 1.00000e+00  
 38.0 1.3578e+01  14 1.00000e+00  
 38.1 1.3559e+01  14 1.00000e+00  
 38.2 1.3517e+01  14 1.00000e+00  
 38.3 1.3483e+01  14 1.00000e+00  
 38.4 1.3455e+01  14 1.00000e+00  
 38.5 1.3471e+01  14 1.00000e+00  
 38.6 1.3353e+01  14 1.00000e+00  
 38.7 1.3343e+01  14 1.00000e+00  
 38.8 1.3345e+01  14 1.00000e+00  
 38.9 1.3298e+01  14 1.00000e+00  
 39.0 1.3207e+01  14 1.00000e+00  
 39.1 1.3165e+01  14 9.98526e-01  
 39.2 1.3017e+01  14 9.91053e-01  
 39.3 1.2937e+01  14 9.86936e-01  
 39.4 1.2857e+01  14 9.82861e-01  
 39.5 1.2884e+01  14 9.84245e-01  
 39.6 1.2746e+01  14 9.77216e-01  
 39.7 1.2565e+01  14 9.67935e-01  
 39.8 1.2451e+01  14 9.62033e-01  
 39.9 1.2402e+01  14 9.59512e-01  
 40.0 1.2166e+01  14 9.47327e-01  
 40.1 1.2278e+01  14 9.53093e-01  
 40.2 1.2096e+01  14 9.43648e-01  
 40.3 1.2221e+01  14 9.50171e-01  
 40.4 1.2380e+01  14 9.58385e-01  
 40.5 1.2572e+01  14 9.68300e-01  
 40.6 1.2627e+01  14 9.71130e-01  
 40.7 1.2677e+01  14 9.73682e-01  
 40.8 1.2751e+01  14 9.77464e-01  
 40.9 1.2822e+01  14 9.81112e-01  
 41.0 1.2928e+01  14 9.86512e-01  
 41.1 1.3119e+01  14 9.96230e-01  
 41.2 1.3213e+01  14 1.00000e+00  
 41.3 1.3255e+01  14 1.00000e+00  
 41.4 1.3324e+01  14 1.00000e+00  
 41.5 1.3356e+01  14 1.00000e+00  
 41.6 1.3386e+01  14 1.00000e+00  
 41.7 1.3417e+01  14 1.00000e+00  
 41.8 1.3446e+01  14 1.00000e+00  
 41.9 1.3475e+01  14 1.00000e+00  
 42.0 1.3504e+01  14 1.00000e+00  
 42.1 1.3559e+01  14 1.00000e+00  
 42.2 1.3618e+01  14 1.00000e+00  
 42.3 1.3670e+01  14 1.00000e+00  
 42.4 1.3715e+01  14 1.00000e+00  
 42.5 1.3755e+01  14 1.00000e+00  
 42.6 1.3825e+01  14 1.00000e+00  
 42.7 1.3856e+01  14 1.00000e+00  
 42.8 1.3887e+01  14 1.00000e+00  
 42.9 1.3917e+01  14 1.00000e+00  
 43.0 1.3947e+01  14 1.00000e+00  
 43.1 1.3976e+01  14 1.00000e+00  
 43.2 1.4005e+01  14 1.00000e+00  
 43.3 1.4062e+01  14 1.00000e+00  
 43.4 1.4122e+01  14 1.00000e+00  
 43.5 1.4174e+01  14 1.00000e+00  
 43.6 1.4219e+01  14 1.00000e+00  
 43.7 1.4292e+01  14 1.00000e+00  
 43.8 1.4326e+01  14 1.00000e+00  
 43.9 1.4356e+01  14 1.00000e+00  
 44.0 1.4388e+01  14 1.00000e+00  
 44.1 1.4418e+01  14 1.00000e+00  
 44.2 1.4448e+01  14 1.00000e+00  
 44.3 1.4477e+01  14 1.00000e+00  
 44.4 1.4507e+01  14 1.00000e+00  
 44.5 1.4570e+01  14 1.00000e+00  
 44.6 1.4630e+01  14 1.00000e+00  
 44.7 1.4681e+01  14 1.00000e+00  
 44.8 1.4728e+01  14 1.00000e+00  
 44.9 1.4770e+01  14 1.00000e+00  
 45.0 1.4811e+01  14 1.00000e+00  
 45.1 1.4883e+01  14 1.00000e+00  
 45.2 1.4925e+01  14 1.00000e+00  
 45.3 1.4961e+01  14 1.00000e+00  
 45.4 1.4994e+01  14 1.00000e+00  
 45.5 1.5041e+01  14 1.00000e+00  
 45.6 1.5073e+01  14 1.00000e+00  
 45.7 1.5122e+01  14 1.00000e+00  
 45.8 1.5153e+01  14 1.00000e+00  
 45.9 1.5208e+01  14 1.00000e+00  
 46.0 1.5240e+01  14 1.00000e+00  
 46.1 1.5294e+01  14 1.00000e+00  
 46.2 1.5324e+01  14 1.00000e+00  
 46.3 1.5371e+01  14 1.00000e+00  
 46.4 1.5399e+01  14 1.00000e+00  
 46.5 1.5458e+01  14 1.00000e+00  
 46.6 1.5485e+01  14 1.00000e+00  
 46.7 1.5544e+01  14 1.00000e+00  
 46.8 1.5568e+01  14 1.00000e+00  
 46.9 1.5629e+01  14 1.00000e+00  
 47.0 1.5650e+01  14 1.00000e+00  
 47.1 1.5713e+01  14 1.00000e+00  
 47.2 1.5733e+01  14 1.00000e+00  
 47.3 1.5796e+01  14 1.00000e+00  
 47.4 1.5859e+01  14 1.00000e+00  
 47.5 1.5876e+01  14 1.00000e+00  
 47.6 1.5939e+01  14 1.00000e+00  
 47.7 1.5955e+01  14 1.00000e+00  
 47.8 1.6019e+01  14 1.00000e+00  
 47.9 1.6085e+01  14 1.00000e+00  
 48.0 1.6095e+01  14 1.00000e+00  
 48.1 1.6160e+01  14 1.00000e+00  
 48.2 1.6185e+01  14 1.00000e+00  
 48.3 1.6236e+01  14 1.00000e+00  
 48.4 1.6302e+01  14 1.00000e+00  
 48.5 1.6319e+01  14 1.00000e+00  
 48.6 1.6372e+01  14 1.00000e+00  
 48.7 1.6435e+01  14 1.00000e+00  
 48.8 1.6450e+01  14 1.00000e+00  
 48.9 1.6505e+01  14 1.00000e+00  
 49.0 1.6532e+01  14 1.00000e+00  
 49.1 1.6581e+01  14 1.00000e+00  
 49.2 1.6630e+01  14 1.00000e+00  
 49.3 1.6695e+01  14 1.00000e+00  
 49.4 1.6710e+01  14 1.00000e+00  
 49.5 1.6758e+01  14 1.00000e+00  
 49.6 1.6823e+01  14 1.00000e+00  
 49.7 1.6841e+01  14 1.00000e+00  
 49.8 1.6882e+01  14 1.00000e+00  
 49.9 1.6947e+01  14 1.00000e+00  
 50.0 1.6969e+01  14 1.00000e+00  
 50.1 1.7015e+01  14 1.00000e+00  
 50.2 1.7066e+01  14 1.00000e+00  
 50.3 1.7130e+01  14 1.00000e+00  
 50.4 1.7146e+01  14 1.00000e+00  
 50.5 1.7186e+01  14 1.00000e+00  
 50.6 1.7245e+01  14 1.00000e+00  
 50.7 1.7308e+01  14 1.00000e+00  
 50.8 1.7321e+01  14 1.00000e+00  
 50.9 1.7359e+01  14 1.00000e+00  
 51.0 1.7420e+01  14 1.00000e+00  
 51.1 1.7483e+01  14 1.00000e+00  
 51.2 1.7496e+01  14 1.00000e+00  
 51.3 1.7536e+01  14 1.00000e+00  
 51.4 1.7583e+01  14 1.00000e+00  
 51.5 1.7653e+01  14 1.00000e+00  
 51.6 1.7670e+01  14 1.00000e+00  
 51.7 1.7713e+01  14 1.00000e+00  
 51.8 1.7743e+01  14 1.00000e+00  
 51.9 1.7817e+01  14 1.00000e+00  
 52.0 1.7876e+01  14 1.00000e+00  
 52.1 1.7891e+01  14 1.00000e+00  
 52.2 1.7931e+01  14 1.00000e+00  
 52.3 1.7962e+01  14 1.00000e+00  
 52.4 1.8030e+01  14 1.00000e+00  
 52.5 1.8093e+01  14 1.00000e+00  
 52.6 1.8108e+01  14 1.00000e+00  
 52.7 1.8152e+01  14 1.00000e+00  
 52.8 1.8184e+01  14 1.00000e+00  
 52.9 1.8242e+01  14 1.00000e+00  
 53.0 1.8306e+01  14 1.00000e+00  
 53.1 1.8325e+01  14 1.00000e+00  
 53.2 1.8375e+01  14 1.00000e+00  
 53.3 1.8414e+01  14 1.00000e+00  
 53.4 1.8462e+01  14 1.00000e+00  
 53.5 1.8510e+01  14 1.00000e+00  
 53.6 1.8576e+01  14 1.00000e+00  
 53.7 1.8591e+01  14 1.00000e+00  
 53.8 1.8640e+01  14 1.00000e+00  
 53.9 1.8680e+01  14 1.00000e+00  
 54.0 1.8759e+01  14 1.00000e+00  
 54.1 1.8768e+01  14 1.00000e+00  
 54.2 1.8831e+01  14 1.00000e+00  
 54.3 1.8889e+01  14 1.00000e+00  
 54.4 1.8904e+01  14 1.00000e+00  
 54.5 1.8950e+01  14 1.00000e+00  
 54.6 1.8988e+01  14 1.00000e+00  
 54.7 1.9014e+01  14 1.00000e+00  
 54.8 1.9078e+01  14 1.00000e+00  
 54.9 1.9139e+01  14 1.00000e+00  
 55.0 1.9199e+01  14 1.00000e+00  
 55.1 1.9214e+01  14 1.00000e+00  
 55.2 1.9262e+01  14 1.00000e+00  
 55.3 1.9307e+01  14 1.00000e+00  
 55.4 1.9301e+01  14 1.00000e+00  
 55.5 1.9365e+01  14 1.00000e+00  
 55.6 1.9426e+01  14 1.00000e+00  
 55.7 1.9489e+01  14 1.00000e+00  
 55.8 1.9551e+01  14 1.00000e+00  
 55.9 1.9566e+01  14 1.00000e+00  
 56.0 1.9617e+01  14 1.00000e+00  
 56.1 1.9603e+01  14 1.00000e+00  
 56.2 1.9637e+01  14 1.00000e+00  
 56.3 1.9703e+01  14 1.00000e+00  
 56.4 1.9763e+01  14 1.00000e+00  
 56.5 1.9829e+01  14 1.00000e+00  
 56.6 1.9889e+01  14 1.00000e+00  
 56.7 1.9949e+01  14 1.00000e+00  
 56.8 2.0007e+01  14 1.00000e+00  
 56.9 1.9972e+01  14 1.00000e+00  
 57.0 2.0021e+01  14 1.00000e+00  
 57.1 2.0051e+01  14 1.00000e+00  
 57.2 2.0078e+01  14 1.00000e+00  
 57.3 2.0146e+01  14 1.00000e+00  
 57.4 2.0204e+01  14 1.00000e+00  
 57.5 2.0267e+01  14 1.00000e+00  
 57.6 2.0323e+01  14 1.00000e+00  
 57.7 2.0385e+01  14 1.00000e+00  
 57.8 2.0408e+01  14 1.00000e+00  
 57.9 2.0469e+01  14 1.00000e+00  
 58.0 2.0508e+01  14 1.00000e+00  
 58.1 2.0542e+01  14 1.00000e+00  
 58.2 2.0558e+01  14 1.00000e+00  
 58.3 2.0590e+01  14 1.00000e+00  
 58.4 2.0613e+01  14 1.00000e+00  
 58.5 2.0677e+01  14 1.00000e+00  
 58.6 2.0737e+01  14 1.00000e+00  
 58.7 2.0790e+01  14 1.00000e+00  
 58.8 2.0874e+01  14 1.00000e+00  
 58.9 2.0959e+01  14 1.00000e+00  
 59.0 2.0962e+01  14 1.00000e+00  
 59.1 2.1011e+01  14 1.00000e+00  
 59.2 2.1055e+01  14 1.00000e+00  
 59.3 2.1104e+01  14 1.00000e+00  
 59.4 2.1146e+01  14 1.00000e+00  
 59.5 2.1184e+01  14 1.00000e+00  
 59.6 2.1217e+01  14 1.00000e+00  
 59.7 2.1240e+01  14 1.00000e+00  
 59.8 2.1275e+01  14 1.00000e+00  
 59.9 2.1379e+01  14 1.00000e+00  
 60.0 2.1399e+01  14 1.00000e+00  
 60.1 2.1456e+01  14 1.00000e+00  
 60.2 2.1510e+01  14 1.00000e+00  
 60.3 2.1564e+01  14 1.00000e+00  
 60.4 2.1621e+01  14 1.00000e+00  
 60.5 2.1677e+01  14 1.00000e+00  
 60.6 2.1727e+01  14 1.00000e+00  
 60.7 2.1734e+01  14 1.00000e+00  
 60.8 2.1784e+01  14 1.00000e+00  
 60.9 2.1833e+01  14 1.00000e+00  
 61.0 2.1880e+01  14 1.00000e+00  
 61.1 2.1940e+01  14 1.00000e+00  
 61.2 2.1924e+01  14 1.00000e+00  
 61.3 2.1964e+01  14 1.00000e+00  
 61.4 2.2001e+01  14 1.00000e+00  
 61.5 2.2031e+01  14 1.00000e+00  
 61.6 2.2060e+01  14 1.00000e+00  
 61.7 2.2119e+01  14 1.00000e+00  
 61.8 2.2176e+01  14 1.00000e+00  
 61.9 2.2232e+01  14 1.00000e+00  
 62.0 2.2286e+01  14 1.00000e+00  
 62.1 2.2339e+01  14 1.00000e+00  
 62.2 2.2393e+01  14 1.00000e+00  
 62.3 2.2442e+01  14 1.00000e+00  
 62.4 2.2494e+01  14 1.00000e+00  
 62.5 2.2524e+01  14 1.00000e+00  
 62.6 2.2607e+01  14 1.00000e+00  
 62.7 2.2693e+01  14 1.00000e+00  
 62.8 2.2738e+01  14 1.00000e+00  
 62.9 2.2736e+01  14 1.00000e+00  
 63.0 2.2790e+01  14 1.00000e+00  
 63.1 2.2839e+01  14 1.00000e+00  
 63.2 2.2884e+01  14 1.00000e+00  
 63.3 2.2936e+01  14 1.00000e+00  
 63.4 2.2983e+01  14 1.00000e+00  
 63.5 2.3030e+01  14 1.00000e+00  
 63.6 2.3076e+01  14 1.00000e+00  
 63.7 2.3122e+01  14 1.00000e+00  
 63.8 2.3166e+01  14 1.00000e+00  
 63.9 2.3212e+01  14 1.00000e+00  
 64.0 2.3255e+01  14 1.00000e+00  
 64.1 2.3300e+01  14 1.00000e+00  
 64.2 2.3342e+01  14 1.00000e+00  
 64.3 2.3389e+01  14 1.00000e+00  
 64.4 2.3446e+01  14 1.00000e+00  
 64.5 2.3493e+01  14 1.00000e+00  
 64.6 2.3453e+01  14 1.00000e+00  
 64.7 2.3492e+01  14 1.00000e+00  
 64.8 2.3530e+01  14 1.00000e+00  
 64.9 2.3568e+01  14 1.00000e+00  
 65.0 2.3619e+01  14 1.00000e+00  
 65.1 2.3669e+01  14 1.00000e+00  
 65.2 2.3719e+01  14 1.00000e+00  
 65.3 2.3769e+01  14 1.00000e+00  
 65.4 2.3819e+01  14 1.00000e+00  
 65.5 2.3868e+01  14 1.00000e+00  
 65.6 2.3917e+01  14 1.00000e+00  
 65.7 2.3965e+01  14 1.00000e+00  
 65.8 2.4012e+01  14 1.00000e+00  
 65.9 2.4123e+01  14 1.00000e+00  
 66.0 2.4143e+01  14 1.00000e+00  
 66.1 2.4191e+01  14 1.00000e+00  
 66.2 2.4239e+01  14 1.00000e+00  
 66.3 2.4289e+01  14 1.00000e+00  
 66.4 2.4336e+01  14 1.00000e+00  
 66.5 2.4388e+01  14 1.00000e+00  
 66.6 2.4438e+01  14 1.00000e+00  
 66.7 2.4485e+01  14 1.00000e+00  
 66.8 2.4536e+01  14 1.00000e+00  
 66.9 2.4585e+01  14 1.00000e+00  
 67.0 2.4627e+01  14 1.00000e+00  
 67.1 2.4679e+01  14 1.00000e+00  
 67.2 2.4728e+01  14 1.00000e+00  
 67.3 2.4777e+01  14 1.00000e+00  
 67.4 2.4825e+01  14 1.00000e+00  
 67.5 2.4873e+01  14 1.00000e+00  
 67.6 2.4920e+01  14 1.00000e+00  
 67.7 2.4968e+01  14 1.00000e+00  
 67.8 2.5009e+01  14 1.00000e+00  
 67.9 2.5052e+01  14 1.00000e+00  
 68.0 2.5109e+01  14 1.00000e+00  
 68.1 2.5156e+01  14 1.00000e+00  
 68.2 2.5202e+01  14 1.00000e+00  
 68.3 2.5249e+01  14 1.00000e+00  
 68.4 2.5294e+01  14 1.00000e+00  
 68.5 2.5339e+01  14 1.00000e+00  
 68.6 2.5385e+01  14 1.00000e+00  
 68.7 2.5429e+01  14 1.00000e+00  
 68.8 2.5480e+01  14 1.00000e+00  
 68.9 2.5477e+01  14 1.00000e+00  
 69.0 2.5593e+01  14 1.00000e+00  
 69.1 2.5639e+01  14 1.00000e+00  
 69.2 2.5682e+01  14 1.00000e+00  
 69.3 2.5723e+01  14 1.00000e+00  
 69.4 2.5774e+01  14 1.00000e+00  
 69.5 2.5815e+01  14 1.00000e+00  
 69.6 2.5865e+01  14 1.00000e+00  
 69.7 2.5908e+01  14 1.00000e+00  
 69.8 2.5943e+01  14 1.00000e+00  
 69.9 2.5999e+01  14 1.00000e+00  
 70.0 2.6038e+01  14 1.00000e+00  
 70.1 2.6079e+01  14 1.00000e+00  
 70.2 2.6127e+01  14 1.00000e+00  
 70.3 2.6167e+01  14 1.00000e+00  
 70.4 2.6204e+01  14 1.00000e+00  
 70.5 2.6229e+01  14 1.00000e+00  
 70.6 2.6385e+01  14 1.00000e+00  
 70.7 2.6360e+01  14 1.00000e+00  
 70.8 2.6396e+01  14 1.00000e+00  
 70.9 2.6446e+01  14 1.00000e+00  
 71.0 2.6487e+01  14 1.00000e+00  
 71.1 2.6527e+01  14 1.00000e+00  
 71.2 2.6561e+01  14 1.00000e+00  
 71.3 2.6617e+01  14 1.00000e+00  
 71.4 2.6658e+01  14 1.00000e+00  
 71.5 2.6698e+01  14 1.00000e+00  
 71.6 2.6737e+01  14 1.00000e+00  
 71.7 2.6775e+01  14 1.00000e+00  
 71.8 2.6814e+01  14 1.00000e+00  
 71.9 2.6854e+01  14 1.00000e+00  
 72.0 2.7019e+01  14 1.00000e+00  
 72.1 2.6959e+01  14 1.00000e+00  
 72.2 2.6996e+01  14 1.00000e+00  
 72.3 2.7033e+01  14 1.00000e+00  
 72.4 2.7073e+01  14 1.00000e+00  
 72.5 2.7119e+01  14 1.00000e+00  
 72.6 2.7179e+01  14 1.00000e+00  
 72.7 2.7242e+01  14 1.00000e+00  
 72.8 2.7302e+01  14 1.00000e+00  
 72.9 2.7361e+01  14 1.00000e+00  
 73.0 2.7416e+01  14 1.00000e+00  
 73.1 2.7473e+01  14 1.00000e+00  
 73.2 2.7509e+01  14 1.00000e+00  
 73.3 2.7573e+01  14 1.00000e+00  
 73.4 2.7631e+01  14 1.00000e+00  
 73.5 2.7687e+01  14 1.00000e+00  
 73.6 2.7722e+01  14 1.00000e+00  
 73.7 2.7781e+01  14 1.00000e+00  
 73.8 2.7872e+01  14 1.00000e+00  
 73.9 2.7920e+01  14 1.00000e+00  
 74.0 2.7957e+01  14 1.00000e+00  
 74.1 2.8004e+01  14 1.00000e+00  
 74.2 2.8046e+01  14 1.00000e+00  
 74.3 2.8113e+01  14 1.00000e+00  
 74.4 2.8168e+01  14 1.00000e+00  
 74.5 2.8219e+01  14 1.00000e+00  
 74.6 2.8268e+01  14 1.00000e+00  
 74.7 2.8316e+01  14 1.00000e+00  
 74.8 2.8363e+01  14 1.00000e+00  
 74.9 2.8409e+01  14 1.00000e+00  
 75.0 2.8453e+01  14 1.00000e+00  
 75.1 2.8450e+01  14 1.00000e+00  
 75.2 2.8543e+01  14 1.00000e+00  
 75.3 2.8593e+01  14 1.00000e+00  
 75.4 2.8641e+01  14 1.00000e+00  
 75.5 2.8677e+01  14 1.00000e+00  
 75.6 2.8805e+01  14 1.00000e+00  
 75.7 2.8845e+01  14 1.00000e+00  
 75.8 2.8871e+01  14 1.00000e+00  
 75.9 2.8919e+01  14 1.00000e+00  
 76.0 2.8966e+01  14 1.00000e+00  
 76.1 2.9012e+01  14 1.00000e+00  
 76.2 2.9053e+01  14 1.00000e+00  
 76.3 2.9096e+01  14 1.00000e+00  
 76.4 2.9139e+01  14 1.00000e+00  
 76.5 2.9182e+01  14 1.00000e+00  
 76.6 2.9225e+01  14 1.00000e+00  
 76.7 2.9240e+01  14 1.00000e+00  
 76.8 2.9298e+01  14 1.00000e+00  
 76.9 2.9345e+01  14 1.00000e+00  
 77.0 2.9367e+01  14 1.00000e+00  
 77.1 2.9423e+01  14 1.00000e+00  
 77.2 2.9445e+01  14 1.00000e+00  
 77.3 2.9503e+01  14 1.00000e+00  
 77.4 2.9536e+01  14 1.00000e+00  
 77.5 2.9568e+01  14 1.00000e+00  
 77.6 2.9599e+01  14 1.00000e+00  
 77.7 2.9628e+01  14 1.00000e+00  
 77.8 2.9660e+01  14 1.00000e+00  
 77.9 2.9703e+01  14 1.00000e+00  
 78.0 2.9749e+01  14 1.00000e+00  
 78.1 2.9798e+01  14 1.00000e+00  
 78.2 2.9853e+01  14 1.00000e+00  
 78.3 2.9929e+01  14 1.00000e+00  
 78.4 3.0004e+01  14 1.00000e+00  
 78.5 3.0075e+01  14 1.00000e+00  
 78.6 3.0115e+01  14 1.00000e+00  
 78.7 3.0197e+01  14 1.00000e+00  
 78.8 3.0288e+01  14 1.00000e+00  
 78.9 3.0317e+01  14 1.00000e+00  
 79.0 3.0387e+01  14 1.00000e+00  
 79.1 3.0425e+01  14 1.00000e+00  
 79.2 3.0493e+01  14 1.00000e+00  
 79.3 3.0545e+01  14 1.00000e+00  
 79.4 3.0594e+01  14 1.00000e+00  
 79.5 3.0643e+01  14 1.00000e+00  
 79.6 3.0692e+01  14 1.00000e+00  
 79.7 3.0741e+01  14 1.00000e+00  
 79.8 3.0782e+01  14 1.00000e+00  
 79.9 3.0807e+01  14 1.00000e+00  
 80.0 3.0874e+01  14 1.00000e+00  
 80.1 3.0909e+01  14 1.00000e+00  
 80.2 3.1033e+01  14 1.00000e+00  
 80.3 3.1049e+01  14 1.00000e+00  
 80.4 3.1141e+01  14 1.00000e+00  
 80.5 3.1179e+01  14 1.00000e+00  
 80.6 3.1218e+01  14 1.00000e+00  
 80.7 3.1257e+01  14 1.00000e+00  
 80.8 3.1287e+01  14 1.00000e+00  
 80.9 3.1335e+01  14 1.00000e+00  
 81.0 3.1379e+01  14 1.00000e+00  
 81.1 3.1421e+01  14 1.00000e+00  
 81.2 3.1433e+01  14 1.00000e+00  
 81.3 3.1501e+01  14 1.00000e+00  
 81.4 3.1548e+01  14 1.00000e+00  
 81.5 3.1437e+01  14 1.00000e+00  
 81.6 3.1598e+01  14 1.00000e+00  
 81.7 3.1646e+01  14 1.00000e+00  
 81.8 3.1682e+01  14 1.00000e+00  
 81.9 3.1699e+01  14 1.00000e+00  
 82.0 3.1769e+01  14 1.00000e+00  
 82.1 3.1805e+01  14 1.00000e+00  
 82.2 3.1764e+01  14 1.00000e+00  
 82.3 3.1878e+01  14 1.00000e+00  
 82.4 3.1905e+01  14 1.00000e+00  
 82.5 3.1933e+01  14 1.00000e+00  
 82.6 3.1963e+01  14 1.00000e+00  
 82.7 3.2006e+01  14 1.00000e+00  
 82.8 3.2051e+01  14 1.00000e+00  
 82.9 3.2100e+01  14 1.00000e+00  
 83.0 3.2155e+01  14 1.00000e+00  
 83.1 3.2235e+01  14 1.00000e+00  
 83.2 3.2410e+01  14 1.00000e+00  
 83.3 3.2388e+01  14 1.00000e+00  
 83.4 3.2425e+01  14 1.00000e+00  
 83.5 3.2504e+01  14 1.00000e+00  
 83.6 3.2566e+01  14 1.00000e+00  
 83.7 3.2664e+01  14 1.00000e+00  
 83.8 3.2663e+01  14 1.00000e+00  
 83.9 3.2743e+01  14 1.00000e+00  
 84.0 3.2808e+01  14 1.00000e+00  
 84.1 3.2831e+01  14 1.00000e+00  
 84.2 3.2908e+01  14 1.00000e+00  
 84.3 3.2963e+01  14 1.00000e+00  
 84.4 3.3014e+01  14 1.00000e+00  
 84.5 3.3063e+01  14 1.00000e+00  
 84.6 3.3111e+01  14 1.00000e+00  
 84.7 3.3158e+01  14 1.00000e+00  
 84.8 3.3200e+01  14 1.00000e+00  
 84.9 3.3219e+01  14 1.00000e+00  
 85.0 3.3296e+01  14 1.00000e+00  
 85.1 3.3313e+01  14 1.00000e+00  
 85.2 3.3442e+01  14 1.00000e+00  
 85.3 3.3474e+01  14 1.00000e+00  
 85.4 3.3553e+01  14 1.00000e+00  
 85.5 3.3588e+01  14 1.00000e+00  
 85.6 3.3635e+01  14 1.00000e+00  
 85.7 3.3607e+01  14 1.00000e+00  
 85.8 3.3687e+01  14 1.00000e+00  
 85.9 3.3758e+01  14 1.00000e+00  
 86.0 3.3787e+01  14 1.00000e+00  
 86.1 3.3811e+01  14 1.00000e+00  
 86.2 3.3874e+01  14 1.00000e+00  
 86.3 3.3905e+01  14 1.00000e+00  
 86.4 3.3936e+01  14 1.00000e+00  
 86.5 3.3997e+01  14 1.00000e+00  
 86.6 3.4036e+01  14 1.00000e+00  
 86.7 3.4063e+01  14 1.00000e+00  
 86.8 3.3997e+01  14 1.00000e+00  
 86.9 3.4151e+01  14 1.00000e+00  
 87.0 3.4188e+01  14 1.00000e+00  
 87.1 3.4144e+01  14 1.00000e+00  
 87.2 3.4194e+01  14 1.00000e+00  
 87.3 3.4275e+01  14 1.00000e+00  
 87.4 3.4301e+01  14 1.00000e+00  
 87.5 3.4342e+01  14 1.00000e+00  
 87.6 3.4580e+01  14 1.00000e+00  
 87.7 3.4471e+01  14 1.00000e+00  
 87.8 3.4599e+01  14 1.00000e+00  
 87.9 3.4640e+01  14 1.00000e+00  
 88.0 3.4676e+01  14 1.00000e+00  
 88.1 3.4790e+01  14 1.00000e+00  
 88.2 3.4876e+01  14 1.00000e+00  
 88.3 3.4885e+01  14 1.00000e+00  
 88.4 3.4945e+01  14 1.00000e+00  
 88.5 3.5038e+01  14 1.00000e+00  
 88.6 3.5051e+01  14 1.00000e+00  
 88.7 3.5030e+01  14 1.00000e+00  
 88.8 3.5187e+01  14 1.00000e+00  
 88.9 3.5223e+01  14 1.00000e+00  
 89.0 3.5287e+01  14 1.00000e+00  
 89.1 3.5220e+01  14 1.00000e+00  
 89.2 3.5394e+01  14 1.00000e+00  
 89.3 3.5420e+01  14 1.00000e+00  
 89.4 3.5487e+01  14 1.00000e+00  
 89.5 3.5515e+01  14 1.00000e+00  
 89.6 3.5588e+01  14 1.00000e+00  
 89.7 3.5633e+01  14 1.00000e+00  
 89.8 3.5657e+01  14 1.00000e+00  
 89.9 3.5713e+01  14 1.00000e+00  
 90.0 3.5751e+01  14 1.00000e+00  
 90.1 3.5904e+01  14 1.00000e+00  
 90.2 3.5685e+01  14 1.00000e+00  
 90.3 3.5982e+01  14 1.00000e+00  
 90.4 3.6024e+01  14 1.00000e+00  
 90.5 3.6042e+01  14 1.00000e+00  
 90.6 3.6049e+01  14 1.00000e+00  
 90.7 3.6144e+01  14 1.00000e+00  
 90.8 3.6156e+01  14 1.00000e+00  
 90.9 3.6189e+01  14 1.00000e+00  
 91.0 3.6234e+01  14 1.00000e+00  
 91.1 3.6296e+01  14 1.00000e+00  
 91.2 3.6361e+01  14 1.00000e+00  
 91.3 3.6383e+01  14 1.00000e+00  
 91.4 3.6440e+01  14 1.00000e+00  
 91.5 3.6472e+01  14 1.00000e+00  
 91.6 3.6496e+01  14 1.00000e+00  
 91.7 3.6554e+01  14 1.00000e+00  
 91.8 3.6589e+01  14 1.00000e+00  
 91.9 3.6617e+01  14 1.00000e+00  
 92.0 3.6639e+01  14 1.00000e+00  
 92.1 3.6658e+01  14 1.00000e+00  
 92.2 3.6741e+01  14 1.00000e+00  
 92.3 3.6854e+01  14 1.00000e+00  
 92.4 3.6943e+01  14 1.00000e+00  
 92.5 3.7025e+01  14 1.00000e+00  
 92.6 3.7088e+01  14 1.00000e+00  
 92.7 3.7174e+01  14 1.00000e+00  
 92.8 3.7195e+01  14 1.00000e+00  
 92.9 3.7196e+01  14 1.00000e+00  
 93.0 3.7281e+01  14 1.00000e+00  
 93.1 3.7335e+01  14 1.00000e+00  
 93.2 3.7399e+01  14 1.00000e+00  
 93.3 3.7434e+01  14 1.00000e+00  
 93.4 3.7507e+01  14 1.00000e+00  
 93.5 3.7583e+01  14 1.00000e+00  
 93.6 3.7643e+01  14 1.00000e+00  
 93.7 3.7696e+01  14 1.00000e+00  
 93.8 3.7717e+01  14 1.00000e+00  
 93.9 3.7782e+01  14 1.00000e+00  
 94.0 3.7835e+01  14 1.00000e+00  
 94.1 3.7876e+01  14 1.00000e+00  
 94.2 3.7949e+01  14 1.00000e+00  
 94.3 3.8005e+01  14 1.00000e+00  
 94.4 3.8053e+01  14 1.00000e+00  
 94.5 3.8085e+01  14 1.00000e+00  
 94.6 3.8148e+01  14 1.00000e+00  
 94.7 3.8193e+01  14 1.00000e+00  
 94.8 3.8234e+01  14 1.00000e+00  
 94.9 3.8285e+01  14 1.00000e+00  
 95.0 3.8323e+01  14 1.00000e+00  
 95.1 3.8442e+01  14 1.00000e+00  
 95.2 3.8495e+01  14 1.00000e+00  
 95.3 3.8545e+01  14 1.00000e+00  
 95.4 3.8588e+01  14 1.00000e+00  
 95.5 3.8610e+01  14 1.00000e+00  
 95.6 3.8660e+01  14 1.00000e+00  
 95.7 3.8715e+01  14 1.00000e+00  
 95.8 3.8758e+01  14 1.00000e+00  
 95.9 3.8771e+01  14 1.00000e+00  
 96.0 3.8841e+01  14 1.00000e+00  
 96.1 3.8882e+01  14 1.00000e+00  
 96.2 3.8922e+01  14 1.00000e+00  
 96.3 3.8964e+01  14 1.00000e+00  
 96.4 3.9007e+01  14 1.00000e+00  
 96.5 3.9032e+01  14 1.00000e+00  
 96.6 3.9085e+01  14 1.00000e+00  
 96.7 3.9126e+01  14 1.00000e+00  
 96.8 3.9162e+01  14 1.00000e+00  
 96.9 3.9195e+01  14 1.00000e+00  
 97.0 3.9224e+01  14 1.00000e+00  
 97.1 3.9251e+01  14 1.00000e+00  
 97.2 3.9333e+01  14 1.00000e+00  
 97.3 3.9425e+01  14 1.00000e+00  
 97.4 3.9501e+01  14 1.00000e+00  
 97.5 3.9565e+01  14 1.00000e+00  
 97.6 3.9642e+01  14 1.00000e+00  
 97.7 3.9703e+01  14 1.00000e+00  
 97.8 3.9773e+01  14 1.00000e+00  
 97.9 3.9833e+01  14 1.00000e+00  
 98.0 3.9897e+01  14 1.00000e+00  
 98.1 3.9951e+01  14 1.00000e+00  
 98.2 4.0017e+01  14 1.00000e+00  
 98.3 4.0047e+01  14 1.00000e+00  
 98.4 4.0120e+01  14 1.00000e+00  
 98.5 4.0184e+01  14 1.00000e+00  
 98.6 4.0251e+01  14 1.00000e+00  
 98.7 4.0319e+01  14 1.00000e+00  
 98.8 4.0374e+01  14 1.00000e+00  
 98.9 4.0428e+01  14 1.00000e+00  
 99.0 4.0481e+01  14 1.00000e+00  
 99.1 4.0534e+01  14 1.00000e+00  
 99.2 4.0586e+01  14 1.00000e+00  
 99.3 4.0635e+01  14 1.00000e+00  
 99.4 4.0673e+01  14 1.00000e+00  
 99.5 4.0733e+01  14 1.00000e+00  
 99.6 4.0787e+01  14 1.00000e+00  
 99.7 4.0826e+01  14 1.00000e+00  
 99.8 4.0881e+01  14 1.00000e+00  
 99.9 4.0928e+01  14 1.00000e+00  
100.0 4.0957e+01  14 1.00000e+00  
100.1 4.1021e+01  14 1.00000e+00  
100.2 4.1144e+01  14 1.00000e+00  
100.3 4.1193e+01  14 1.00000e+00  
100.4 4.1241e+01  14 1.00000e+00  
100.5 4.1266e+01  14 1.00000e+00  
100.6 4.1319e+01  14 1.00000e+00  
100.7 4.1374e+01  14 1.00000e+00  
100.8 4.1417e+01  14 1.00000e+00  
100.9 4.1442e+01  14 1.00000e+00  
101.0 4.1505e+01  14 1.00000e+00  
101.1 4.1547e+01  14 1.00000e+00  
101.2 4.1587e+01  14 1.00000e+00  
101.3 4.1634e+01  14 1.00000e+00  
101.4 4.1673e+01  14 1.00000e+00  
101.5 4.1718e+01  14 1.00000e+00  
101.6 4.1763e+01  14 1.00000e+00  
101.7 4.1792e+01  14 1.00000e+00  
101.8 4.1829e+01  14 1.00000e+00  
101.9 4.1886e+01  14 1.00000e+00  
102.0 4.1925e+01  14 1.00000e+00  
102.1 4.1955e+01  14 1.00000e+00  
102.2 4.1986e+01  14 1.00000e+00  
102.3 4.2034e+01  14 1.00000e+00  
102.4 4.2130e+01  14 1.00000e+00  
102.5 4.2208e+01  14 1.00000e+00  
102.6 4.2278e+01  14 1.00000e+00  
102.7 4.2355e+01  14 1.00000e+00  
102.8 4.2422e+01  14 1.00000e+00  
102.9 4.2488e+01  14 1.00000e+00  
103.0 4.2559e+01  14 1.00000e+00  
103.1 4.2586e+01  14 1.00000e+00  
103.2 4.2686e+01  14 1.00000e+00  
103.3 4.2721e+01  14 1.00000e+00  
103.4 4.2805e+01  14 1.00000e+00  
103.5 4.2867e+01  14 1.00000e+00  
103.6 4.2905e+01  14 1.00000e+00  
103.7 4.2965e+01  14 1.00000e+00  
103.8 4.3033e+01  14 1.00000e+00  
103.9 4.3093e+01  14 1.00000e+00  
104.0 4.3141e+01  14 1.00000e+00  
104.1 4.3206e+01  14 1.00000e+00  
104.2 4.3269e+01  14 1.00000e+00  
104.3 4.3325e+01  14 1.00000e+00  
104.4 4.3376e+01  14 1.00000e+00  
104.5 4.3412e+01  14 1.00000e+00  
104.6 4.3497e+01  14 1.00000e+00  
104.7 4.3552e+01  14 1.00000e+00  
104.8 4.3602e+01  14 1.00000e+00  
104.9 4.3639e+01  14 1.00000e+00  
105.0 4.3722e+01  14 1.00000e+00  
105.1 4.3767e+01  14 1.00000e+00  
105.2 4.3784e+01  14 1.00000e+00  
105.3 4.3856e+01  14 1.00000e+00  
105.4 4.3901e+01  14 1.00000e+00  
105.5 4.3945e+01  14 1.00000e+00  
105.6 4.3990e+01  14 1.00000e+00  
105.7 4.4034e+01  14 1.00000e+00  
105.8 4.4079e+01  14 1.00000e+00  
105.9 4.4124e+01  14 1.00000e+00  
106.0 4.4168e+01  14 1.00000e+00  
106.1 4.4213e+01  14 1.00000e+00  
106.2 4.4257e+01  14 1.00000e+00  
106.3 4.4302e+01  14 1.00000e+00  
106.4 4.4347e+01  14 1.00000e+00  
106.5 4.4391e+01  14 1.00000e+00  
106.6 4.4436e+01  14 1.00000e+00  
106.7 4.4480e+01  14 1.00000e+00  
106.8 4.4525e+01  14 1.00000e+00  
106.9 4.4569e+01  14 1.00000e+00  
107.0 4.4614e+01  14 1.00000e+00  
107.1 4.4659e+01  14 1.00000e+00  
107.2 4.4703e+01  14 1.00000e+00  
107.3 4.4748e+01  14 1.00000e+00  
107.4 4.4792e+01  14 1.00000e+00  
107.5 4.4837e+01  14 1.00000e+00  
107.6 4.4881e+01  14 1.00000e+00  
107.7 4.4926e+01  14 1.00000e+00  
107.8 4.4988e+01  14 1.00000e+00  
107.9 4.5048e+01  14 1.00000e+00  
108.0 4.5098e+01  14 1.00000e+00  
108.1 4.5147e+01  14 1.00000e+00  
108.2 4.5190e+01  14 1.00000e+00  
108.3 4.5233e+01  14 1.00000e+00  
108.4 4.5281e+01  14 1.00000e+00  
108.5 4.5325e+01  14 1.00000e+00  
108.6 4.5368e+01  14 1.00000e+00  
108.7 4.5416e+01  14 1.00000e+00  
108.8 4.5460e+01  14 1.00000e+00  
108.9 4.5504e+01  14 1.00000e+00  
109.0 4.5552e+01  14 1.00000e+00  
109.1 4.5596e+01  14 1.00000e+00  
109.2 4.5640e+01  14 1.00000e+00  
109.3 4.5688e+01  14 1.00000e+00  
109.4 4.5732e+01  14 1.00000e+00  
109.5 4.5776e+01  14 1.00000e+00  
109.6 4.5820e+01  14 1.00000e+00  
109.7 4.5868e+01  14 1.00000e+00  
109.8 4.5913e+01  14 1.00000e+00  
109.9 4.5958e+01  14 1.00000e+00  
110.0 4.6002e+01  14 1.00000e+00  
110.1 4.6047e+01  14 1.00000e+00  
110.2 4.6092e+01  14 1.00000e+00  
110.3 4.6141e+01  14 1.00000e+00  
110.4 4.6186e+01  14 1.00000e+00  
110.5 4.6231e+01  14 1.00000e+00  
110.6 4.6277e+01  14 1.00000e+00  
110.7 4.6323e+01  14 1.00000e+00  
110.8 4.6369e+01  14 1.00000e+00  
110.9 4.6415e+01  14 1.00000e+00  
111.0 4.6462e+01  14 1.00000e+00  
111.1 4.6509e+01  14 1.00000e+00  
111.2 4.6557e+01  14 1.00000e+00  
111.3 4.6606e+01  14 1.00000e+00  
111.4 4.6656e+01  14 1.00000e+00  
111.5 4.6707e+01  14 1.00000e+00  
111.6 4.6755e+01  14 1.00000e+00  
111.7 4.6812e+01  14 1.00000e+00  
111.8 4.6875e+01  14 1.00000e+00  
111.9 4.6944e+01  14 1.00000e+00  
112.0 4.7019e+01  14 1.00000e+00  
112.1 4.7103e+01  14 1.00000e+00  
112.2 4.7187e+01  14 1.00000e+00  
112.3 4.7271e+01  14 1.00000e+00  
112.4 4.7354e+01  14 1.00000e+00  
112.5 4.7438e+01  14 1.00000e+00  
112.6 4.7522e+01  14 1.00000e+00  
112.7 4.7606e+01  14 1.00000e+00  
112.8 4.7690e+01  14 1.00000e+00  
112.9 4.7774e+01  14 1.00000e+00  
113.0 4.7857e+01  14 1.00000e+00  
113.1 4.7941e+01  14 1.00000e+00  
113.2 4.8025e+01  14 1.00000e+00  
113.3 4.8109e+01  14 1.00000e+00  
113.4 4.8192e+01  14 1.00000e+00  
113.5 4.8276e+01  14 1.00000e+00  
113.6 4.8360e+01  14 1.00000e+00  
113.7 4.8444e+01  14 1.00000e+00  
113.8 4.8527e+01  14 1.00000e+00  
113.9 4.8611e+01  14 1.00000e+00  
114.0 4.8695e+01  14 1.00000e+00  
114.1 4.8778e+01  14 1.00000e+00  
114.2 4.8862e+01  14 1.00000e+00  
114.3 4.8946e+01  14 1.00000e+00  
114.4 4.9029e+01  14 1.00000e+00  
114.5 4.9113e+01  14 1.00000e+00  
114.6 4.9197e+01  14 1.00000e+00  
114.7 4.9280e+01  14 1.00000e+00  
114.8 4.9364e+01  14 1.00000e+00  
114.9 4.9447e+01  14 1.00000e+00  
115.0 4.9531e+01  14 1.00000e+00  
115.1 4.9614e+01  14 1.00000e+00  
115.2 4.9698e+01  14 1.00000e+00  
115.3 4.9781e+01  14 1.00000e+00  
115.4 4.9865e+01  14 1.00000e+00  
115.5 4.9948e+01  14 1.00000e+00  
115.6 5.0032e+01  14 1.00000e+00  
115.7 5.0115e+01  14 1.00000e+00  
115.8 5.0199e+01  14 1.00000e+00  
115.9 5.0282e+01  14 1.00000e+00  
116.0 5.0366e+01  14 1.00000e+00  
116.1 5.0449e+01  14 1.00000e+00  
116.2 5.0532e+01  14 1.00000e+00  
116.3 5.0616e+01  14 1.00000e+00  
116.4 5.0699e+01  14 1.00000e+00  
116.5 5.0783e+01  14 1.00000e+00  
116.6 5.0866e+01  14 1.00000e+00  
116.7 5.0949e+01  14 1.00000e+00  
116.8 5.1033e+01  14 1.00000e+00  
116.9 5.1111e+01  14 1.00000e+00  
117.0 5.1194e+01  14 1.00000e+00  
117.1 5.1278e+01  14 1.00000e+00  
117.2 5.1361e+01  14 1.00000e+00  
117.3 5.1444e+01  14 1.00000e+00  
117.4 5.1528e+01  14 1.00000e+00  
117.5 5.1611e+01  14 1.00000e+00  
117.6 5.1694e+01  14 1.00000e+00  
117.7 5.1777e+01  14 1.00000e+00  
117.8 5.1860e+01  14 1.00000e+00  
117.9 5.1942e+01  14 1.00000e+00  
118.0 5.2025e+01  14 1.00000e+00  
118.1 5.2108e+01  14 1.00000e+00  
118.2 5.2191e+01  14 1.00000e+00  
118.3 5.2274e+01  14 1.00000e+00  
118.4 5.2357e+01  14 1.00000e+00  
118.5 5.2440e+01  14 1.00000e+00  
118.6 5.2523e+01  14 1.00000e+00  
118.7 5.2606e+01  14 1.00000e+00  
118.8 5.2689e+01  14 1.00000e+00  
118.9 5.2771e+01  14 1.00000e+00  
119.0 5.2854e+01  14 1.00000e+00  
119.1 5.2937e+01  14 1.00000e+00  
119.2 5.3020e+01  14 1.00000e+00  
119.3 5.3103e+01  14 1.00000e+00  
119.4 5.3186e+01  14 1.00000e+00  
119.5 5.3268e+01  14 1.00000e+00  
119.6 5.3351e+01  14 1.00000e+00  
119.7 5.3434e+01  14 1.00000e+00  
119.8 5.3517e+01  14 1.00000e+00  
119.9 5.3599e+01  14 1.00000e+00  
120.0 5.3682e+01  14 1.00000e+00  
120.1 5.3765e+01  14 1.00000e+00  
120.2 5.3847e+01  14 1.00000e+00  
120.3 4.7877e+01  14 1.00000e+00  
120.4 4.7952e+01  14 1.00000e+00  
120.5 4.7919e+01  14 1.00000e+00  
120.6 4.7998e+01  14 1.00000e+00  
120.7 4.8078e+01  14 1.00000e+00  
120.8 4.8156e+01  14 1.00000e+00  
120.9 4.7232e+01  14 1.00000e+00  
121.0 4.7307e+01  14 1.00000e+00  
121.1 4.7382e+01  14 1.00000e+00  
121.2 4.7460e+01  14 1.00000e+00  
121.3 4.7538e+01  14 1.00000e+00  
121.4 4.7615e+01  14 1.00000e+00  
121.5 4.7693e+01  14 1.00000e+00  
121.6 4.7771e+01  14 1.00000e+00  
121.7 4.7849e+01  14 1.00000e+00  
121.8 4.7927e+01  14 1.00000e+00  
121.9 4.6998e+01  14 1.00000e+00  
122.0 4.7074e+01  14 1.00000e+00  
122.1 4.7151e+01  14 1.00000e+00  
122.2 4.7228e+01  14 1.00000e+00  
122.3 4.7305e+01  14 1.00000e+00  
122.4 4.7382e+01  14 1.00000e+00  
122.5 4.7459e+01  14 1.00000e+00  
122.6 4.7536e+01  14 1.00000e+00  
122.7 4.7613e+01  14 1.00000e+00  
122.8 4.7690e+01  14 1.00000e+00  
122.9 4.7767e+01  14 1.00000e+00  
123.0 4.7845e+01  14 1.00000e+00  
123.1 4.7922e+01  14 1.00000e+00  
123.2 4.7999e+01  14 1.00000e+00  
123.3 4.8076e+01  14 1.00000e+00  
123.4 4.7143e+01  14 1.00000e+00  
123.5 4.7220e+01  14 1.00000e+00  
123.6 4.7296e+01  14 1.00000e+00  
123.7 4.7372e+01  14 1.00000e+00  
123.8 4.7448e+01  14 1.00000e+00  
123.9 4.7525e+01  14 1.00000e+00  
124.0 4.7601e+01  14 1.00000e+00  
124.1 4.7677e+01  14 1.00000e+00  
124.2 4.7753e+01  14 1.00000e+00  
124.3 4.7829e+01  14 1.00000e+00  
124.4 4.7906e+01  14 1.00000e+00  
124.5 4.7982e+01  14 1.00000e+00  
124.6 4.8058e+01  14 1.00000e+00  
124.7 4.8134e+01  14 1.00000e+00  
124.8 4.8210e+01  14 1.00000e+00  
124.9 4.8287e+01  14 1.00000e+00  
125.0 4.8363e+01  14 1.00000e+00  
125.1 4.8439e+01  14 1.00000e+00  
125.2 4.8515e+01  14 1.00000e+00  
125.3 4.8591e+01  14 1.00000e+00  
125.4 4.8667e+01  14 1.00000e+00  
125.5 4.8743e+01  14 1.00000e+00  
125.6 4.8820e+01  14 1.00000e+00  
125.7 4.8896e+01  14 1.00000e+00  
125.8 4.8112e+01  14 1.00000e+00  
125.9 4.8185e+01  14 1.00000e+00  
126.0 4.8257e+01  14 1.00000e+00  
126.1 4.8329e+01  14 1.00000e+00  
126.2 4.8401e+01  14 1.00000e+00  
126.3 4.8473e+01  14 1.00000e+00  
126.4 4.8546e+01  14 1.00000e+00  
126.5 4.8618e+01  14 1.00000e+00  
126.6 4.8690e+01  14 1.00000e+00  
126.7 4.8762e+01  14 1.00000e+00  
126.8 4.8834e+01  14 1.00000e+00  
126.9 4.8906e+01  14 1.00000e+00  
127.0 4.8978e+01  14 1.00000e+00  
127.1 4.9050e+01  14 1.00000e+00  
127.2 4.9123e+01  14 1.00000e+00  
127.3 4.9195e+01  14 1.00000e+00  
127.4 4.9267e+01  14 1.00000e+00  
127.5 4.9339e+01  14 1.00000e+00  
127.6 4.9411e+01  14 1.00000e+00  
127.7 4.9483e+01  14 1.00000e+00  
127.8 4.9555e+01  14 1.00000e+00  
127.9 4.9627e+01  14 1.00000e+00  
128.0 4.9699e+01  14 1.00000e+00  
128.1 4.9771e+01  14 1.00000e+00  
128.2 4.9843e+01  14 1.00000e+00  
128.3 4.9915e+01  14 1.00000e+00  
128.4 4.9987e+01  14 1.00000e+00  
128.5 5.0059e+01  14 1.00000e+00  
128.6 5.0131e+01  14 1.00000e+00  
128.7 6.0854e+01  14 1.00000e+00  
128.8 6.0935e+01  14 1.00000e+00  
128.9 6.1017e+01  14 1.00000e+00  
129.0 6.1098e+01  14 1.00000e+00  
129.1 6.1179e+01  14 1.00000e+00  
129.2 6.1261e+01  14 1.00000e+00  
129.3 6.1342e+01  14 1.00000e+00  
129.4 4.9920e+01  14 1.00000e+00  
129.5 4.9989e+01  14 1.00000e+00  
129.6 5.0059e+01  14 1.00000e+00  
129.7 5.0128e+01  14 1.00000e+00  
129.8 5.0184e+01  14 1.00000e+00  
129.9 5.0256e+01  14 1.00000e+00  
130.0 5.0318e+01  14 1.00000e+00  
130.1 5.0390e+01  14 1.00000e+00  
130.2 5.0462e+01  14 1.00000e+00  
130.3 5.0524e+01  14 1.00000e+00  
130.4 5.0595e+01  14 1.00000e+00  
130.5 5.0657e+01  14 1.00000e+00  
130.6 5.0729e+01  14 1.00000e+00  
130.7 4.9870e+01  14 1.00000e+00  
130.8 4.9945e+01  14 1.00000e+00  
130.9 4.9807e+01  14 1.00000e+00  
131.0 4.9881e+01  14 1.00000e+00  
131.1 4.9956e+01  14 1.00000e+00  
131.2 4.9071e+01  14 1.00000e+00  
131.3 4.9144e+01  14 1.00000e+00  
131.4 4.9107e+01  14 1.00000e+00  
131.5 4.8352e+01  14 1.00000e+00  
131.6 4.8424e+01  14 1.00000e+00  
131.7 4.8349e+01  14 1.00000e+00  
131.8 4.8420e+01  14 1.00000e+00  
131.9 4.8456e+01  14 1.00000e+00  
132.0 4.8528e+01  14 1.00000e+00  
132.1 4.8600e+01  14 1.00000e+00  
132.2 4.7685e+01  14 1.00000e+00  
132.3 4.7756e+01  14 1.00000e+00  
132.4 4.7805e+01  14 1.00000e+00  
132.5 4.7876e+01  14 1.00000e+00  
132.6 4.7948e+01  14 1.00000e+00  
132.7 4.8020e+01  14 1.00000e+00  
132.8 4.8092e+01  14 1.00000e+00  
132.9 4.8163e+01  14 1.00000e+00  
133.0 4.7224e+01  14 1.00000e+00  
133.1 4.7295e+01  14 1.00000e+00  
133.2 4.7366e+01  14 1.00000e+00  
133.3 4.7437e+01  14 1.00000e+00  
133.4 4.7508e+01  14 1.00000e+00  
133.5 4.7579e+01  14 1.00000e+00  
133.6 4.7649e+01  14 1.00000e+00  
133.7 4.7720e+01  14 1.00000e+00  
133.8 4.7791e+01  14 1.00000e+00  
133.9 4.7862e+01  14 1.00000e+00  
134.0 4.7933e+01  14 1.00000e+00  
134.1 4.6996e+01  14 1.00000e+00  
134.2 4.7065e+01  14 1.00000e+00  
134.3 4.7135e+01  14 1.00000e+00  
134.4 4.7206e+01  14 1.00000e+00  
134.5 4.7276e+01  14 1.00000e+00  
134.6 4.7346e+01  14 1.00000e+00  
134.7 4.7416e+01  14 1.00000e+00  
134.8 4.7486e+01  14 1.00000e+00  
134.9 4.7556e+01  14 1.00000e+00  
135.0 4.7626e+01  14 1.00000e+00  
135.1 4.7696e+01  14 1.00000e+00  
135.2 4.7766e+01  14 1.00000e+00  
135.3 4.7836e+01  14 1.00000e+00  
135.4 4.7906e+01  14 1.00000e+00  
135.5 4.7977e+01  14 1.00000e+00  
135.6 4.8047e+01  14 1.00000e+00  
135.7 4.8117e+01  14 1.00000e+00  
135.8 4.8187e+01  14 1.00000e+00  
135.9 4.8257e+01  14 1.00000e+00  
136.0 4.8327e+01  14 1.00000e+00  
136.1 4.8397e+01  14 1.00000e+00  
136.2 4.8467e+01  14 1.00000e+00  
136.3 4.8537e+01  14 1.00000e+00  
136.4 4.8607e+01  14 1.00000e+00  
136.5 4.8677e+01  14 1.00000e+00  
136.6 4.7870e+01  14 1.00000e+00  
136.7 4.7939e+01  14 1.00000e+00  
136.8 4.8007e+01  14 1.00000e+00  
136.9 4.8075e+01  14 1.00000e+00  
137.0 4.8143e+01  14 1.00000e+00  
137.1 4.8212e+01  14 1.00000e+00  
137.2 4.8280e+01  14 1.00000e+00  
137.3 4.8348e+01  14 1.00000e+00  
137.4 4.8416e+01  14 1.00000e+00  
137.5 4.8484e+01  14 1.00000e+00  
137.6 4.8553e+01  14 1.00000e+00  
137.7 4.8621e+01  14 1.00000e+00  
137.8 4.8689e+01  14 1.00000e+00  
137.9 4.8757e+01  14 1.00000e+00  
138.0 4.8825e+01  14 1.00000e+00  
138.1 4.8894e+01  14 1.00000e+00  
138.2 4.8962e+01  14 1.00000e+00  
138.3 4.9030e+01  14 1.00000e+00  
138.4 4.9098e+01  14 1.00000e+00  
138.5 4.9166e+01  14 1.00000e+00  
138.6 4.9234e+01  14 1.00000e+00  
138.7 4.9302e+01  14 1.00000e+00  
138.8 4.9370e+01  14 1.00000e+00  
138.9 4.9438e+01  14 1.00000e+00  
139.0 4.9506e+01  14 1.00000e+00  
139.1 4.9574e+01  14 1.00000e+00  
139.2 4.9642e+01  14 1.00000e+00  
139.3 4.9710e+01  14 1.00000e+00  
139.4 4.9778e+01  14 1.00000e+00  
139.5 4.9846e+01  14 1.00000e+00  
139.6 4.9914e+01  14 1.00000e+00  
139.7 4.9982e+01  14 1.00000e+00  
139.8 5.0050e+01  14 1.00000e+00  
139.9 5.0118e+01  14 1.00000e+00  
140.0 5.0175e+01  14 1.00000e+00  
140.1 4.9495e+01  14 1.00000e+00  
140.2 4.9562e+01  14 1.00000e+00  
140.3 4.9614e+01  14 1.00000e+00  
140.4 6.5071e+01  14 1.00000e+00  
140.5 6.4567e+01  14 1.00000e+00  
140.6 6.4643e+01  14 1.00000e+00  
140.7 6.3594e+01  14 1.00000e+00  
140.8 6.3670e+01  14 1.00000e+00  
140.9 6.3746e+01  14 1.00000e+00  
141.0 6.2702e+01  14 1.00000e+00  
141.1 6.2777e+01  14 1.00000e+00  
141.2 6.1743e+01  14 1.00000e+00  
141.3 6.1817e+01  14 1.00000e+00  
141.4 5.0249e+01  14 1.00000e+00  
141.5 5.0322e+01  14 1.00000e+00  
141.6 5.0389e+01  14 1.00000e+00  
141.7 5.0442e+01  14 1.00000e+00  
141.8 5.0509e+01  14 1.00000e+00  
141.9 5.0564e+01  14 1.00000e+00  
142.0 5.0631e+01  14 1.00000e+00  
142.1 5.0698e+01  14 1.00000e+00  
142.2 5.0042e+01  14 1.00000e+00  
142.3 5.0107e+01  14 1.00000e+00  
142.4 5.0152e+01  14 1.00000e+00  
142.5 5.0218e+01  14 1.00000e+00  
142.6 5.0144e+01  14 1.00000e+00  
142.7 5.0214e+01  14 1.00000e+00  
142.8 4.9307e+01  14 1.00000e+00  
142.9 4.9376e+01  14 1.00000e+00  
143.0 4.9444e+01  14 1.00000e+00  
143.1 4.9303e+01  14 1.00000e+00  
143.2 4.9371e+01  14 1.00000e+00  
143.3 4.8496e+01  14 1.00000e+00  
143.4 4.8563e+01  14 1.00000e+00  
143.5 4.8630e+01  14 1.00000e+00  
143.6 4.8541e+01  14 1.00000e+00  
143.7 4.8608e+01  14 1.00000e+00  
143.8 4.7776e+01  14 1.00000e+00  
143.9 4.7842e+01  14 1.00000e+00  
144.0 4.7909e+01  14 1.00000e+00  
144.1 4.7852e+01  14 1.00000e+00  
144.2 4.7918e+01  14 1.00000e+00  
144.3 4.7985e+01  14 1.00000e+00  
144.4 4.8051e+01  14 1.00000e+00  
144.5 4.8117e+01  14 1.00000e+00  
144.6 4.8184e+01  14 1.00000e+00  
144.7 4.7264e+01  14 1.00000e+00  
144.8 4.7329e+01  14 1.00000e+00  
144.9 4.7370e+01  14 1.00000e+00  
145.0 4.7435e+01  14 1.00000e+00  
145.1 4.7500e+01  14 1.00000e+00  
145.2 4.7565e+01  14 1.00000e+00  
145.3 4.7631e+01  14 1.00000e+00  
145.4 4.7696e+01  14 1.00000e+00  
145.5 4.7761e+01  14 1.00000e+00  
145.6 4.7826e+01  14 1.00000e+00  
145.7 4.7891e+01  14 1.00000e+00  
145.8 4.6949e+01  14 1.00000e+00  
145.9 4.7013e+01  14 1.00000e+00  
146.0 4.7078e+01  14 1.00000e+00  
146.1 4.7142e+01  14 1.00000e+00  
146.2 4.7207e+01  14 1.00000e+00  
146.3 4.7271e+01  14 1.00000e+00  
146.4 4.7336e+01  14 1.00000e+00  
146.5 4.7400e+01  14 1.00000e+00  
146.6 4.7465e+01  14 1.00000e+00  
146.7 4.7529e+01  14 1.00000e+00  
146.8 4.7594e+01  14 1.00000e+00  
146.9 4.7658e+01  14 1.00000e+00  
147.0 4.7723e+01  14 1.00000e+00  
147.1 4.7787e+01  14 1.00000e+00  
147.2 4.7852e+01  14 1.00000e+00  
147.3 4.7916e+01  14 1.00000e+00  
147.4 4.7981e+01  14 1.00000e+00  
147.5 4.8045e+01  14 1.00000e+00  
147.6 4.8110e+01  14 1.00000e+00  
147.7 4.8174e+01  14 1.00000e+00  
147.8 4.8239e+01  14 1.00000e+00  
147.9 4.8303e+01  14 1.00000e+00  
148.0 4.8368e+01  14 1.00000e+00  
148.1 4.8432e+01  14 1.00000e+00  
148.2 4.8497e+01  14 1.00000e+00  
148.3 4.8561e+01  14 1.00000e+00  
148.4 4.8626e+01  14 1.00000e+00  
148.5 4.8690e+01  14 1.00000e+00  
148.6 4.8754e+01  14 1.00000e+00  
148.7 4.7950e+01  14 1.00000e+00  
148.8 4.8014e+01  14 1.00000e+00  
148.9 4.8078e+01  14 1.00000e+00  
149.0 4.8142e+01  14 1.00000e+00  
149.1 4.8206e+01  14 1.00000e+00  
149.2 4.8270e+01  14 1.00000e+00  
149.3 4.8335e+01  14 1.00000e+00  
149.4 4.8399e+01  14 1.00000e+00  
149.5 4.8463e+01  14 1.00000e+00  
149.6 4.8527e+01  14 1.00000e+00  
149.7 4.8591e+01  14 1.00000e+00  
149.8 4.8655e+01  14 1.00000e+00  
149.9 4.8719e+01  14 1.00000e+00  
150.0 4.8783e+01  14 1.00000e+00  
