 15.1 1.4497e+00  13 4.39654e-02  
 15.2 1.4572e+00  13 4.43112e-02  
 15.3 1.4646e+00  13 4.46525e-02  
 15.4 1.4720e+00  13 4.49897e-02  
 15.5 1.4795e+00  13 4.53228e-02  
 15.6 1.4869e+00  13 4.56517e-02  
 15.7 1.4943e+00  13 4.59767e-02  
 15.8 1.5017e+00  13 4.62978e-02  
 15.9 1.5092e+00  13 4.66151e-02  
 16.0 1.5166e+00  13 4.69285e-02  
 16.1 1.5240e+00  13 4.72383e-02  
 16.2 1.5314e+00  13 4.75444e-02  
 16.3 1.5389e+00  13 4.78470e-02  
 16.4 1.5463e+00  13 4.81461e-02  
 16.5 1.5537e+00  13 4.84417e-02  
 16.6 1.5611e+00  13 4.87340e-02  
 16.7 1.5685e+00  13 4.90229e-02  
 16.8 1.5760e+00  13 4.93085e-02  
 16.9 1.5834e+00  13 4.95909e-02  
 17.0 1.5908e+00  13 4.98702e-02  
 17.1 1.5982e+00  13 5.01464e-02  
 17.2 1.6056e+00  13 5.03604e-02  
 17.3 1.6130e+00  13 5.06298e-02  
 17.4 1.6204e+00  13 5.08962e-02  
 17.5 1.6305e+00  13 5.13718e-02  
 17.6 1.6423e+00  13 5.19774e-02  
 17.7 1.6542e+00  13 5.25844e-02  
 17.8 1.6662e+00  13 5.31929e-02  
 17.9 1.6783e+00  13 5.38029e-02  
 18.0 1.6905e+00  13 5.44144e-02  
 18.1 1.7028e+00  13 5.50275e-02  
 18.2 1.7152e+00  13 5.56424e-02  
 18.3 1.7277e+00  13 5.62588e-02  
 18.4 1.7402e+00  13 5.68772e-02  
 18.5 1.7529e+00  13 5.74973e-02  
 18.6 1.7657e+00  13 5.81194e-02  
 18.7 1.7785e+00  13 5.87433e-02  
 18.8 1.7915e+00  13 5.93693e-02  
 18.9 1.8046e+00  13 5.99973e-02  
 19.0 1.8177e+00  13 6.06274e-02  
 19.1 1.8310e+00  13 6.12597e-02  
 19.2 1.8443e+00  13 6.18941e-02  
 19.3 1.8578e+00  13 6.25308e-02  
 19.4 1.8714e+00  13 6.31699e-02  
 19.5 1.8850e+00  13 6.38112e-02  
 19.6 1.8988e+00  13 6.44550e-02  
 19.7 1.9127e+00  13 6.51012e-02  
 19.8 1.7396e+01  14 1.00000e+00  
 19.9 1.7480e+01  14 1.00000e+00  
 20.0 1.7565e+01  14 1.00000e+00  
 20.1 1.7649e+01  14 1.00000e+00  
 20.2 1.7734e+01  14 1.00000e+00  
 20.3 1.7818e+01  14 1.00000e+00  
 20.4 1.7903e+01  14 1.00000e+00  
 20.5 1.7987e+01  14 1.00000e+00  
 20.6 1.8072e+01  14 1.00000e+00  
 20.7 1.8156e+01  14 1.00000e+00  
 20.8 1.8240e+01  14 1.00000e+00  
 20.9 1.8325e+01  14 1.00000e+00  
 21.0 1.8409e+01  14 1.00000e+00  
 21.1 1.8493e+01  14 1.00000e+00  
 21.2 1.8577e+01  14 1.00000e+00  
 21.3 1.8662e+01  14 1.00000e+00  
 21.4 1.8746e+01  14 1.00000e+00  
 21.5 1.8830e+01  14 1.00000e+00  
 21.6 1.8914e+01  14 1.00000e+00  
 21.7 1.8998e+01  14 1.00000e+00  
 21.8 1.9082e+01  14 1.00000e+00  
 21.9 1.9166e+01  14 1.00000e+00  
 22.0 1.9249e+01  14 1.00000e+00  
 22.1 1.9333e+01  14 1.00000e+00  
 22.2 1.9417e+01  14 1.00000e+00  
 22.3 1.9500e+01  14 1.00000e+00  
 22.4 1.9584e+01  14 1.00000e+00  
 22.5 1.9668e+01  14 1.00000e+00  
 22.6 1.9751e+01  14 1.00000e+00  
 22.7 5.6052e+00  14 2.48493e-01  
 22.8 5.7243e+00  14 2.53662e-01  
 22.9 5.8450e+00  14 2.58874e-01  
 23.0 5.9674e+00  14 2.64128e-01  
 23.1 6.0915e+00  14 2.69424e-01  
 23.2 6.2173e+00  14 2.74761e-01  
 23.3 6.3447e+00  14 2.80141e-01  
 23.4 6.4738e+00  14 2.85561e-01  
 23.5 6.6047e+00  14 2.91023e-01  
 23.6 6.7372e+00  14 2.96526e-01  
 23.7 6.8715e+00  14 3.02070e-01  
 23.8 7.0074e+00  14 3.07654e-01  
 23.9 7.1451e+00  14 3.13279e-01  
 24.0 7.2846e+00  14 3.18943e-01  
 24.1 7.4257e+00  14 3.24649e-01  
 24.2 7.5686e+00  14 3.30394e-01  
 24.3 7.7132e+00  14 3.36178e-01  
 24.4 7.8596e+00  14 3.42003e-01  
 24.5 8.0078e+00  14 3.47867e-01  
 24.6 8.1577e+00  14 3.53770e-01  
 24.7 8.3094e+00  14 3.59712e-01  
 24.8 8.4628e+00  14 3.65694e-01  
 24.9 8.6181e+00  14 3.71714e-01  
 25.0 8.7751e+00  14 3.77773e-01  
 25.1 8.9339e+00  14 3.83871e-01  
 25.2 9.0946e+00  14 3.90008e-01  
 25.3 9.2570e+00  14 3.96183e-01  
 25.4 9.4212e+00  14 4.02396e-01  
 25.5 9.5873e+00  14 4.08647e-01  
 25.6 9.7552e+00  14 4.14937e-01  
 25.7 9.9251e+00  14 4.21261e-01  
 25.8 1.0097e+01  14 4.27627e-01  
 25.9 1.0270e+01  14 4.34030e-01  
 26.0 1.0445e+01  14 4.40471e-01  
 26.1 1.0622e+01  14 4.46950e-01  
 26.2 1.0801e+01  14 4.53466e-01  
 26.3 1.0982e+01  14 4.60020e-01  
 26.4 1.1165e+01  14 4.66611e-01  
 26.5 1.1350e+01  14 4.73239e-01  
 26.6 1.1536e+01  14 4.79905e-01  
 26.7 1.1725e+01  14 4.86607e-01  
 26.8 1.1915e+01  14 4.93347e-01  
 26.9 1.2107e+01  14 5.00124e-01  
 27.0 1.2301e+01  14 5.06938e-01  
 27.1 1.2497e+01  14 5.13788e-01  
 27.2 1.2695e+01  14 5.20676e-01  
 27.3 1.2895e+01  14 5.27600e-01  
 27.4 1.3097e+01  14 5.34561e-01  
 27.5 1.3301e+01  14 5.41558e-01  
 27.6 1.3507e+01  14 5.48592e-01  
 27.7 1.3714e+01  14 5.55663e-01  
 27.8 1.3924e+01  14 5.62770e-01  
 27.9 1.4136e+01  14 5.69914e-01  
 28.0 1.4350e+01  14 5.77094e-01  
 28.1 1.4565e+01  14 5.84310e-01  
 28.2 1.4783e+01  14 5.91563e-01  
 28.3 1.5003e+01  14 5.98852e-01  
 28.4 1.5224e+01  14 6.06177e-01  
 28.5 1.5448e+01  14 6.13539e-01  
 28.6 1.5674e+01  14 6.20936e-01  
 28.7 1.5902e+01  14 6.28370e-01  
 28.8 1.6131e+01  14 6.35840e-01  
 28.9 1.6363e+01  14 6.43347e-01  
 29.0 1.6597e+01  14 6.50889e-01  
 29.1 1.6833e+01  14 6.58467e-01  
 29.2 1.7071e+01  14 6.66082e-01  
 29.3 1.7311e+01  14 6.73733e-01  
 29.4 1.7554e+01  14 6.81419e-01  
 29.5 1.7798e+01  14 6.89142e-01  
 29.6 1.8044e+01  14 6.96901e-01  
 29.7 1.8293e+01  14 7.04695e-01  
 29.8 1.8543e+01  14 7.12526e-01  
 29.9 1.8796e+01  14 7.20393e-01  
 30.0 1.9051e+01  14 7.28295e-01  
 30.1 1.9308e+01  14 7.36234e-01  
 30.2 1.9567e+01  14 7.44208e-01  
 30.3 1.9829e+01  14 7.52219e-01  
 30.4 2.0092e+01  14 7.60266e-01  
 30.5 2.0358e+01  14 7.68348e-01  
 30.6 2.0573e+01  14 7.76607e-01  
 30.7 2.0842e+01  14 7.84756e-01  
 30.8 2.1113e+01  14 7.92942e-01  
 30.9 2.1386e+01  14 8.01164e-01  
 31.0 2.1662e+01  14 8.09422e-01  
 31.1 2.1939e+01  14 8.17715e-01  
 31.2 2.2219e+01  14 8.26045e-01  
 31.3 2.2501e+01  14 8.34411e-01  
 31.4 2.2785e+01  14 8.42813e-01  
 31.5 2.3071e+01  14 8.51250e-01  
 31.6 2.3360e+01  14 8.59724e-01  
 31.7 2.3651e+01  14 8.68234e-01  
 31.8 2.3944e+01  14 8.76781e-01  
 31.9 2.4239e+01  14 8.85363e-01  
 32.0 2.4537e+01  14 8.93981e-01  
 32.1 2.4837e+01  14 9.02636e-01  
 32.2 2.5139e+01  14 9.11327e-01  
 32.3 2.5443e+01  14 9.20054e-01  
 32.4 2.5750e+01  14 9.28817e-01  
 32.5 2.6059e+01  14 9.37617e-01  
 32.6 2.6370e+01  14 9.46453e-01  
 32.7 2.6684e+01  14 9.55325e-01  
 32.8 2.7000e+01  14 9.64234e-01  
 32.9 2.7318e+01  14 9.73179e-01  
 33.0 2.7639e+01  14 9.82161e-01  
 33.1 2.7962e+01  14 9.91179e-01  
 33.2 2.8281e+01  14 1.00000e+00  
 33.3 2.8359e+01  14 1.00000e+00  
 33.4 2.8437e+01  14 1.00000e+00  
 33.5 2.8515e+01  14 1.00000e+00  
 33.6 2.8593e+01  14 1.00000e+00  
 33.7 2.8670e+01  14 1.00000e+00  
 33.8 2.8748e+01  14 1.00000e+00  
 33.9 2.8826e+01  14 1.00000e+00  
 34.0 2.8904e+01  14 1.00000e+00  
 34.1 2.8981e+01  14 1.00000e+00  
 34.2 2.9059e+01  14 1.00000e+00  
 34.3 2.9136e+01  14 1.00000e+00  
 34.4 2.9213e+01  14 1.00000e+00  
 34.5 2.9155e+01  14 1.00000e+00  
 34.6 2.9233e+01  14 1.00000e+00  
 34.7 2.9310e+01  14 1.00000e+00  
 34.8 2.9387e+01  14 1.00000e+00  
 34.9 2.9212e+01  14 1.00000e+00  
 35.0 2.9289e+01  14 1.00000e+00  
 35.1 2.9365e+01  14 1.00000e+00  
 35.2 2.9441e+01  14 1.00000e+00  
 35.3 2.9368e+01  14 1.00000e+00  
 35.4 2.9445e+01  14 1.00000e+00  
 35.5 2.9521e+01  14 1.00000e+00  
 35.6 2.9598e+01  14 1.00000e+00  
 35.7 2.9674e+01  14 1.00000e+00  
 35.8 2.8966e+01  14 1.00000e+00  
 35.9 2.6438e+01  14 1.00000e+00  
 36.0 2.4481e+01  14 1.00000e+00  
 36.1 2.2289e+01  14 1.00000e+00  
 36.2 2.0840e+01  14 1.00000e+00  
 36.3 1.8479e+01  14 1.00000e+00  
 36.4 1.6820e+01  14 1.00000e+00  
 36.5 1.5042e+01  14 1.00000e+00  
 36.6 1.3378e+01  14 1.00000e+00  
 36.7 1.3401e+01  14 1.00000e+00  
 36.8 1.3369e+01  14 1.00000e+00  
 36.9 1.3374e+01  14 1.00000e+00  
 37.0 1.3408e+01  14 1.00000e+00  
 37.1 1.3445e+01  14 1.00000e+00  
 37.2 1.3481e+01  14 1.00000e+00  
 37.3 1.3517e+01  14 1.00000e+00  
 37.4 1.3550e+01  14 1.00000e+00  
 37.5 1.3587e+01  14 1.00000e+00  
 37.6 1.3624e+01  14 1.00000e+00  
 37.7 1.3660e+01  14 1.00000e+00  
 37.8 1.3696e+01  14 1.00000e+00  
 37.9 1.3732e+01  14 1.00000e+00  
 38.0 1.3768e+01  14 1.00000e+00  
 38.1 1.3802e+01  14 1.00000e+00  
 38.2 1.3838e+01  14 1.00000e+00  
 38.3 1.3874e+01  14 1.00000e+00  
 38.4 1.3910e+01  14 1.00000e+00  
 38.5 1.3947e+01  14 1.00000e+00  
 38.6 1.3983e+01  14 1.00000e+00  
 38.7 1.4019e+01  14 1.00000e+00  
 38.8 1.4053e+01  14 1.00000e+00  
 38.9 1.4089e+01  14 1.00000e+00  
 39.0 1.4125e+01  14 1.00000e+00  
 39.1 1.4161e+01  14 1.00000e+00  
 39.2 1.4197e+01  14 1.00000e+00  
 39.3 1.4233e+01  14 1.00000e+00  
 39.4 1.4269e+01  14 1.00000e+00  
 39.5 1.4304e+01  14 1.00000e+00  
 39.6 1.4340e+01  14 1.00000e+00  
 39.7 1.4376e+01  14 1.00000e+00  
 39.8 1.4412e+01  14 1.00000e+00  
 39.9 1.4447e+01  14 1.00000e+00  
 40.0 1.4483e+01  14 1.00000e+00  
 40.1 1.4521e+01  14 1.00000e+00  
 40.2 1.4554e+01  14 1.00000e+00  
 40.3 1.4590e+01  14 1.00000e+00  
 40.4 1.4626e+01  14 1.00000e+00  
 40.5 1.4661e+01  14 1.00000e+00  
 40.6 1.4700e+01  14 1.00000e+00  
 40.7 1.4744e+01  14 1.00000e+00  
 40.8 1.4788e+01  14 1.00000e+00  
 40.9 1.4804e+01  14 1.00000e+00  
 41.0 1.4840e+01  14 1.00000e+00  
 41.1 1.4879e+01  14 1.00000e+00  
 41.2 1.4924e+01  14 1.00000e+00  
 41.3 1.4968e+01  14 1.00000e+00  
 41.4 1.5013e+01  14 1.00000e+00  
 41.5 1.5057e+01  14 1.00000e+00  
 41.6 1.5060e+01  14 1.00000e+00  
 41.7 1.5104e+01  14 1.00000e+00  
 41.8 1.5149e+01  14 1.00000e+00  
 41.9 1.5193e+01  14 1.00000e+00  
 42.0 1.5239e+01  14 1.00000e+00  
 42.1 1.5297e+01  14 1.00000e+00  
 42.2 1.5426e+01  14 1.00000e+00  
 42.3 1.5330e+01  14 1.00000e+00  
 42.4 1.5375e+01  14 1.00000e+00  
 42.5 1.5425e+01  14 1.00000e+00  
 42.6 1.5481e+01  14 1.00000e+00  
 42.7 1.5606e+01  14 1.00000e+00  
 42.8 1.5644e+01  14 1.00000e+00  
 42.9 1.5556e+01  14 1.00000e+00  
 43.0 1.5611e+01  14 1.00000e+00  
 43.1 1.5749e+01  14 1.00000e+00  
 43.2 1.5786e+01  14 1.00000e+00  
 43.3 1.5825e+01  14 1.00000e+00  
 43.4 1.5861e+01  14 1.00000e+00  
 43.5 1.5897e+01  14 1.00000e+00  
 43.6 1.5929e+01  14 1.00000e+00  
 43.7 1.5967e+01  14 1.00000e+00  
 43.8 1.6004e+01  14 1.00000e+00  
 43.9 1.6040e+01  14 1.00000e+00  
 44.0 1.6077e+01  14 1.00000e+00  
 44.1 1.6113e+01  14 1.00000e+00  
 44.2 1.6147e+01  14 1.00000e+00  
 44.3 1.6183e+01  14 1.00000e+00  
 44.4 1.6220e+01  14 1.00000e+00  
 44.5 1.6256e+01  14 1.00000e+00  
 44.6 1.6292e+01  14 1.00000e+00  
 44.7 1.6329e+01  14 1.00000e+00  
 44.8 1.6363e+01  14 1.00000e+00  
 44.9 1.6399e+01  14 1.00000e+00  
 45.0 1.6435e+01  14 1.00000e+00  
 45.1 1.6472e+01  14 1.00000e+00  
 45.2 1.6508e+01  14 1.00000e+00  
 45.3 1.6544e+01  14 1.00000e+00  
 45.4 1.6578e+01  14 1.00000e+00  
 45.5 1.6615e+01  14 1.00000e+00  
 45.6 1.6651e+01  14 1.00000e+00  
 45.7 1.6687e+01  14 1.00000e+00  
 45.8 1.6723e+01  14 1.00000e+00  
 45.9 1.6757e+01  14 1.00000e+00  
 46.0 1.6794e+01  14 1.00000e+00  
 46.1 1.6830e+01  14 1.00000e+00  
 46.2 1.6866e+01  14 1.00000e+00  
 46.3 1.6902e+01  14 1.00000e+00  
 46.4 1.6936e+01  14 1.00000e+00  
 46.5 1.6973e+01  14 1.00000e+00  
 46.6 1.7008e+01  14 1.00000e+00  
 46.7 1.7044e+01  14 1.00000e+00  
 46.8 1.7080e+01  14 1.00000e+00  
 46.9 1.7115e+01  14 1.00000e+00  
 47.0 1.7151e+01  14 1.00000e+00  
 47.1 1.7187e+01  14 1.00000e+00  
 47.2 1.7223e+01  14 1.00000e+00  
 47.3 1.7257e+01  14 1.00000e+00  
 47.4 1.7293e+01  14 1.00000e+00  
 47.5 1.7329e+01  14 1.00000e+00  
 47.6 1.7365e+01  14 1.00000e+00  
 47.7 1.7400e+01  14 1.00000e+00  
 47.8 1.7436e+01  14 1.00000e+00  
 47.9 1.7471e+01  14 1.00000e+00  
 48.0 1.7506e+01  14 1.00000e+00  
 48.1 1.7542e+01  14 1.00000e+00  
 48.2 1.7578e+01  14 1.00000e+00  
 48.3 1.7614e+01  14 1.00000e+00  
 48.4 1.7648e+01  14 1.00000e+00  
 48.5 1.7684e+01  14 1.00000e+00  
 48.6 1.7717e+01  14 1.00000e+00  
 48.7 1.7754e+01  14 1.00000e+00  
 48.8 1.7790e+01  14 1.00000e+00  
 48.9 1.7823e+01  14 1.00000e+00  
 49.0 1.7859e+01  14 1.00000e+00  
 49.1 1.7893e+01  14 1.00000e+00  
 49.2 1.7926e+01  14 1.00000e+00  
 49.3 1.7962e+01  14 1.00000e+00  
 49.4 1.7995e+01  14 1.00000e+00  
 49.5 1.7841e+01  14 1.00000e+00  
 49.6 1.7874e+01  14 1.00000e+00  
 49.7 1.7904e+01  14 1.00000e+00  
 49.8 1.7939e+01  14 1.00000e+00  
 49.9 1.7975e+01  14 1.00000e+00  
 50.0 1.8011e+01  14 1.00000e+00  
 50.1 1.8047e+01  14 1.00000e+00  
 50.2 1.8082e+01  14 1.00000e+00  
 50.3 1.8118e+01  14 1.00000e+00  
 50.4 1.8154e+01  14 1.00000e+00  
 50.5 1.8189e+01  14 1.00000e+00  
 50.6 1.8224e+01  14 1.00000e+00  
 50.7 1.8259e+01  14 1.00000e+00  
 50.8 1.8296e+01  14 1.00000e+00  
 50.9 1.8511e+01  14 1.00000e+00  
 51.0 1.8550e+01  14 1.00000e+00  
 51.1 1.8589e+01  14 1.00000e+00  
 51.2 1.8619e+01  14 1.00000e+00  
 51.3 1.8654e+01  14 1.00000e+00  
 51.4 1.8689e+01  14 1.00000e+00  
 51.5 1.8726e+01  14 1.00000e+00  
 51.6 1.8762e+01  14 1.00000e+00  
 51.7 1.8798e+01  14 1.00000e+00  
 51.8 1.8834e+01  14 1.00000e+00  
 51.9 1.8870e+01  14 1.00000e+00  
 52.0 1.8906e+01  14 1.00000e+00  
 52.1 1.8942e+01  14 1.00000e+00  
 52.2 1.8977e+01  14 1.00000e+00  
 52.3 1.9013e+01  14 1.00000e+00  
 52.4 1.9048e+01  14 1.00000e+00  
 52.5 1.9084e+01  14 1.00000e+00  
 52.6 1.9130e+01  14 1.00000e+00  
 52.7 1.9177e+01  14 1.00000e+00  
 52.8 1.9224e+01  14 1.00000e+00  
 52.9 1.9415e+01  14 1.00000e+00  
 53.0 1.9456e+01  14 1.00000e+00  
 53.1 1.9492e+01  14 1.00000e+00  
 53.2 1.9528e+01  14 1.00000e+00  
 53.3 1.9562e+01  14 1.00000e+00  
 53.4 1.9598e+01  14 1.00000e+00  
 53.5 1.9635e+01  14 1.00000e+00  
 53.6 1.9671e+01  14 1.00000e+00  
 53.7 1.9707e+01  14 1.00000e+00  
 53.8 1.9743e+01  14 1.00000e+00  
 53.9 1.9779e+01  14 1.00000e+00  
 54.0 1.9814e+01  14 1.00000e+00  
 54.1 1.9850e+01  14 1.00000e+00  
 54.2 1.9885e+01  14 1.00000e+00  
 54.3 1.9921e+01  14 1.00000e+00  
 54.4 1.9967e+01  14 1.00000e+00  
 54.5 2.0014e+01  14 1.00000e+00  
 54.6 2.0061e+01  14 1.00000e+00  
 54.7 2.0108e+01  14 1.00000e+00  
 54.8 2.0154e+01  14 1.00000e+00  
 54.9 2.0346e+01  14 1.00000e+00  
 55.0 2.0388e+01  14 1.00000e+00  
 55.1 2.0423e+01  14 1.00000e+00  
 55.2 2.0459e+01  14 1.00000e+00  
 55.3 2.0496e+01  14 1.00000e+00  
 55.4 2.0532e+01  14 1.00000e+00  
 55.5 2.0569e+01  14 1.00000e+00  
 55.6 2.0606e+01  14 1.00000e+00  
 55.7 2.0642e+01  14 1.00000e+00  
 55.8 2.0679e+01  14 1.00000e+00  
 55.9 2.0715e+01  14 1.00000e+00  
 56.0 2.0751e+01  14 1.00000e+00  
 56.1 2.0787e+01  14 1.00000e+00  
 56.2 2.0822e+01  14 1.00000e+00  
 56.3 2.0858e+01  14 1.00000e+00  
 56.4 2.0901e+01  14 1.00000e+00  
 56.5 2.0948e+01  14 1.00000e+00  
 56.6 2.0994e+01  14 1.00000e+00  
 56.7 2.1041e+01  14 1.00000e+00  
 56.8 2.1088e+01  14 1.00000e+00  
 56.9 2.1135e+01  14 1.00000e+00  
 57.0 2.1326e+01  14 1.00000e+00  
 57.1 2.1368e+01  14 1.00000e+00  
 57.2 2.1403e+01  14 1.00000e+00  
 57.3 2.1440e+01  14 1.00000e+00  
 57.4 2.1477e+01  14 1.00000e+00  
 57.5 2.1514e+01  14 1.00000e+00  
 57.6 2.1550e+01  14 1.00000e+00  
 57.7 2.1588e+01  14 1.00000e+00  
 57.8 2.1625e+01  14 1.00000e+00  
 57.9 2.1662e+01  14 1.00000e+00  
 58.0 2.1698e+01  14 1.00000e+00  
 58.1 2.1735e+01  14 1.00000e+00  
 58.2 2.1771e+01  14 1.00000e+00  
 58.3 2.1806e+01  14 1.00000e+00  
 58.4 2.1842e+01  14 1.00000e+00  
 58.5 2.1883e+01  14 1.00000e+00  
 58.6 2.1930e+01  14 1.00000e+00  
 58.7 2.1977e+01  14 1.00000e+00  
 58.8 2.2024e+01  14 1.00000e+00  
 58.9 2.2071e+01  14 1.00000e+00  
 59.0 2.2118e+01  14 1.00000e+00  
 59.1 2.2165e+01  14 1.00000e+00  
 59.2 2.2212e+01  14 1.00000e+00  
 59.3 2.2259e+01  14 1.00000e+00  
 59.4 2.2307e+01  14 1.00000e+00  
 59.5 2.2489e+01  14 1.00000e+00  
 59.6 2.2526e+01  14 1.00000e+00  
 59.7 2.2563e+01  14 1.00000e+00  
 59.8 2.2600e+01  14 1.00000e+00  
 59.9 2.2637e+01  14 1.00000e+00  
 60.0 2.2675e+01  14 1.00000e+00  
 60.1 2.2713e+01  14 1.00000e+00  
 60.2 2.2751e+01  14 1.00000e+00  
 60.3 2.2780e+01  14 1.00000e+00  
 60.4 2.2817e+01  14 1.00000e+00  
 60.5 2.2854e+01  14 1.00000e+00  
 60.6 2.2892e+01  14 1.00000e+00  
 60.7 2.2929e+01  14 1.00000e+00  
 60.8 2.2966e+01  14 1.00000e+00  
 60.9 2.3002e+01  14 1.00000e+00  
 61.0 2.3040e+01  14 1.00000e+00  
 61.1 2.3077e+01  14 1.00000e+00  
 61.2 2.3113e+01  14 1.00000e+00  
 61.3 2.3150e+01  14 1.00000e+00  
 61.4 2.3187e+01  14 1.00000e+00  
 61.5 2.3229e+01  14 1.00000e+00  
 61.6 2.3273e+01  14 1.00000e+00  
 61.7 2.3317e+01  14 1.00000e+00  
 61.8 2.3361e+01  14 1.00000e+00  
 61.9 2.3405e+01  14 1.00000e+00  
 62.0 2.3449e+01  14 1.00000e+00  
 62.1 2.3493e+01  14 1.00000e+00  
 62.2 2.3538e+01  14 1.00000e+00  
 62.3 2.3582e+01  14 1.00000e+00  
 62.4 2.3626e+01  14 1.00000e+00  
 62.5 2.3673e+01  14 1.00000e+00  
 62.6 2.3727e+01  14 1.00000e+00  
 62.7 2.3779e+01  14 1.00000e+00  
 62.8 2.3830e+01  14 1.00000e+00  
 62.9 2.3878e+01  14 1.00000e+00  
 63.0 2.3925e+01  14 1.00000e+00  
 63.1 2.3971e+01  14 1.00000e+00  
 63.2 2.4122e+01  14 1.00000e+00  
 63.3 2.4161e+01  14 1.00000e+00  
 63.4 2.4199e+01  14 1.00000e+00  
 63.5 2.4236e+01  14 1.00000e+00  
 63.6 2.4274e+01  14 1.00000e+00  
 63.7 2.4313e+01  14 1.00000e+00  
 63.8 2.4350e+01  14 1.00000e+00  
 63.9 2.4388e+01  14 1.00000e+00  
 64.0 2.4427e+01  14 1.00000e+00  
 64.1 2.4465e+01  14 1.00000e+00  
 64.2 2.4495e+01  14 1.00000e+00  
 64.3 2.4532e+01  14 1.00000e+00  
 64.4 2.4571e+01  14 1.00000e+00  
 64.5 2.4608e+01  14 1.00000e+00  
 64.6 2.4646e+01  14 1.00000e+00  
 64.7 2.4682e+01  14 1.00000e+00  
 64.8 2.4720e+01  14 1.00000e+00  
 64.9 2.4757e+01  14 1.00000e+00  
 65.0 2.4794e+01  14 1.00000e+00  
 65.1 2.4831e+01  14 1.00000e+00  
 65.2 2.4868e+01  14 1.00000e+00  
 65.3 2.4908e+01  14 1.00000e+00  
 65.4 2.4952e+01  14 1.00000e+00  
 65.5 2.4997e+01  14 1.00000e+00  
 65.6 2.5042e+01  14 1.00000e+00  
 65.7 2.5086e+01  14 1.00000e+00  
 65.8 2.5131e+01  14 1.00000e+00  
 65.9 2.5176e+01  14 1.00000e+00  
 66.0 2.5221e+01  14 1.00000e+00  
 66.1 2.5265e+01  14 1.00000e+00  
 66.2 2.5310e+01  14 1.00000e+00  
 66.3 2.5355e+01  14 1.00000e+00  
 66.4 2.5423e+01  14 1.00000e+00  
 66.5 2.5476e+01  14 1.00000e+00  
 66.6 2.5527e+01  14 1.00000e+00  
 66.7 2.5577e+01  14 1.00000e+00  
 66.8 2.5627e+01  14 1.00000e+00  
 66.9 2.5674e+01  14 1.00000e+00  
 67.0 2.5719e+01  14 1.00000e+00  
 67.1 2.5765e+01  14 1.00000e+00  
 67.2 2.5911e+01  14 1.00000e+00  
 67.3 2.5949e+01  14 1.00000e+00  
 67.4 2.5985e+01  14 1.00000e+00  
 67.5 2.6024e+01  14 1.00000e+00  
 67.6 2.6063e+01  14 1.00000e+00  
 67.7 2.6105e+01  14 1.00000e+00  
 67.8 2.6141e+01  14 1.00000e+00  
 67.9 2.6183e+01  14 1.00000e+00  
 68.0 2.6229e+01  14 1.00000e+00  
 68.1 2.6263e+01  14 1.00000e+00  
 68.2 2.6306e+01  14 1.00000e+00  
 68.3 2.6350e+01  14 1.00000e+00  
 68.4 2.6401e+01  14 1.00000e+00  
 68.5 2.6433e+01  14 1.00000e+00  
 68.6 2.6477e+01  14 1.00000e+00  
 68.7 2.6526e+01  14 1.00000e+00  
 68.8 2.6559e+01  14 1.00000e+00  
 68.9 2.6608e+01  14 1.00000e+00  
 69.0 2.6657e+01  14 1.00000e+00  
 69.1 2.6710e+01  14 1.00000e+00  
 69.2 2.6730e+01  14 1.00000e+00  
 69.3 2.6781e+01  14 1.00000e+00  
 69.4 2.6830e+01  14 1.00000e+00  
 69.5 2.6886e+01  14 1.00000e+00  
 69.6 2.6943e+01  14 1.00000e+00  
 69.7 2.6964e+01  14 1.00000e+00  
 69.8 2.7017e+01  14 1.00000e+00  
 69.9 2.7072e+01  14 1.00000e+00  
 70.0 2.7133e+01  14 1.00000e+00  
 70.1 2.7148e+01  14 1.00000e+00  
 70.2 2.7205e+01  14 1.00000e+00  
 70.3 2.7261e+01  14 1.00000e+00  
 70.4 2.7319e+01  14 1.00000e+00  
 70.5 2.7361e+01  14 1.00000e+00  
 70.6 2.7391e+01  14 1.00000e+00  
 70.7 2.7447e+01  14 1.00000e+00  
 70.8 2.7507e+01  14 1.00000e+00  
 70.9 2.7568e+01  14 1.00000e+00  
 71.0 2.7576e+01  14 1.00000e+00  
 71.1 2.7636e+01  14 1.00000e+00  
 71.2 2.7694e+01  14 1.00000e+00  
 71.3 2.7755e+01  14 1.00000e+00  
 71.4 2.7719e+01  14 1.00000e+00  
 71.5 2.7822e+01  14 1.00000e+00  
 71.6 2.7881e+01  14 1.00000e+00  
 71.7 2.7942e+01  14 1.00000e+00  
 71.8 2.7904e+01  14 1.00000e+00  
 71.9 2.7951e+01  14 1.00000e+00  
 72.0 2.7991e+01  14 1.00000e+00  
 72.1 2.8128e+01  14 1.00000e+00  
 72.2 2.8088e+01  14 1.00000e+00  
 72.3 2.8135e+01  14 1.00000e+00  
 72.4 2.8176e+01  14 1.00000e+00  
 72.5 2.8208e+01  14 1.00000e+00  
 72.6 2.8272e+01  14 1.00000e+00  
 72.7 2.8318e+01  14 1.00000e+00  
 72.8 2.8361e+01  14 1.00000e+00  
 72.9 2.8395e+01  14 1.00000e+00  
 73.0 2.8405e+01  14 1.00000e+00  
 73.1 2.8427e+01  14 1.00000e+00  
 73.2 2.8547e+01  14 1.00000e+00  
 73.3 2.8585e+01  14 1.00000e+00  
 73.4 2.8595e+01  14 1.00000e+00  
 73.5 2.8620e+01  14 1.00000e+00  
 73.6 2.8655e+01  14 1.00000e+00  
 73.7 2.8700e+01  14 1.00000e+00  
 73.8 2.8784e+01  14 1.00000e+00  
 73.9 2.8824e+01  14 1.00000e+00  
 74.0 2.8849e+01  14 1.00000e+00  
 74.1 2.8884e+01  14 1.00000e+00  
 74.2 2.8929e+01  14 1.00000e+00  
 74.3 2.8980e+01  14 1.00000e+00  
 74.4 2.9050e+01  14 1.00000e+00  
 74.5 2.9075e+01  14 1.00000e+00  
 74.6 2.9113e+01  14 1.00000e+00  
 74.7 2.9159e+01  14 1.00000e+00  
 74.8 2.9212e+01  14 1.00000e+00  
 74.9 2.9279e+01  14 1.00000e+00  
 75.0 2.9351e+01  14 1.00000e+00  
 75.1 2.9421e+01  14 1.00000e+00  
 75.2 2.9389e+01  14 1.00000e+00  
 75.3 2.9441e+01  14 1.00000e+00  
 75.4 2.9509e+01  14 1.00000e+00  
 75.5 2.9576e+01  14 1.00000e+00  
 75.6 2.9645e+01  14 1.00000e+00  
 75.7 2.9716e+01  14 1.00000e+00  
 75.8 2.9783e+01  14 1.00000e+00  
 75.9 2.9732e+01  14 1.00000e+00  
 76.0 2.9800e+01  14 1.00000e+00  
 76.1 2.9868e+01  14 1.00000e+00  
 76.2 2.9936e+01  14 1.00000e+00  
 76.3 3.0003e+01  14 1.00000e+00  
 76.4 3.0071e+01  14 1.00000e+00  
 76.5 3.0137e+01  14 1.00000e+00  
 76.6 3.0207e+01  14 1.00000e+00  
 76.7 3.0154e+01  14 1.00000e+00  
 76.8 3.0221e+01  14 1.00000e+00  
 76.9 3.0286e+01  14 1.00000e+00  
 77.0 3.0352e+01  14 1.00000e+00  
 77.1 3.0419e+01  14 1.00000e+00  
 77.2 3.0489e+01  14 1.00000e+00  
 77.3 3.0453e+01  14 1.00000e+00  
 77.4 3.0499e+01  14 1.00000e+00  
 77.5 3.0565e+01  14 1.00000e+00  
 77.6 3.0631e+01  14 1.00000e+00  
 77.7 3.0696e+01  14 1.00000e+00  
 77.8 3.0761e+01  14 1.00000e+00  
 77.9 3.0732e+01  14 1.00000e+00  
 78.0 3.0780e+01  14 1.00000e+00  
 78.1 3.0821e+01  14 1.00000e+00  
 78.2 3.0836e+01  14 1.00000e+00  
 78.3 3.0875e+01  14 1.00000e+00  
 78.4 3.1031e+01  14 1.00000e+00  
 78.5 3.1007e+01  14 1.00000e+00  
 78.6 3.1060e+01  14 1.00000e+00  
 78.7 3.1109e+01  14 1.00000e+00  
 78.8 3.1148e+01  14 1.00000e+00  
 78.9 3.1164e+01  14 1.00000e+00  
 79.0 3.1192e+01  14 1.00000e+00  
 79.1 3.1216e+01  14 1.00000e+00  
 79.2 3.1242e+01  14 1.00000e+00  
 79.3 3.1387e+01  14 1.00000e+00  
 79.4 3.1439e+01  14 1.00000e+00  
 79.5 3.1481e+01  14 1.00000e+00  
 79.6 3.1520e+01  14 1.00000e+00  
 79.7 3.1532e+01  14 1.00000e+00  
 79.8 3.1558e+01  14 1.00000e+00  
 79.9 3.1570e+01  14 1.00000e+00  
 80.0 3.1616e+01  14 1.00000e+00  
 80.1 3.1678e+01  14 1.00000e+00  
 80.2 3.1740e+01  14 1.00000e+00  
 80.3 3.1857e+01  14 1.00000e+00  
 80.4 3.1872e+01  14 1.00000e+00  
 80.5 3.1906e+01  14 1.00000e+00  
 80.6 3.1931e+01  14 1.00000e+00  
 80.7 3.1944e+01  14 1.00000e+00  
 80.8 3.1990e+01  14 1.00000e+00  
 80.9 3.2057e+01  14 1.00000e+00  
 81.0 3.2128e+01  14 1.00000e+00  
 81.1 3.2198e+01  14 1.00000e+00  
 81.2 3.2223e+01  14 1.00000e+00  
 81.3 3.2290e+01  14 1.00000e+00  
 81.4 3.2315e+01  14 1.00000e+00  
 81.5 3.2329e+01  14 1.00000e+00  
 81.6 3.2366e+01  14 1.00000e+00  
 81.7 3.2424e+01  14 1.00000e+00  
 81.8 3.2494e+01  14 1.00000e+00  
 81.9 3.2564e+01  14 1.00000e+00  
 82.0 3.2634e+01  14 1.00000e+00  
 82.1 3.2702e+01  14 1.00000e+00  
 82.2 3.2768e+01  14 1.00000e+00  
 82.3 3.2779e+01  14 1.00000e+00  
 82.4 3.2755e+01  14 1.00000e+00  
 82.5 3.2790e+01  14 1.00000e+00  
 82.6 3.2850e+01  14 1.00000e+00  
 82.7 3.2919e+01  14 1.00000e+00  
 82.8 3.2987e+01  14 1.00000e+00  
 82.9 3.3057e+01  14 1.00000e+00  
 83.0 3.3125e+01  14 1.00000e+00  
 83.1 3.3193e+01  14 1.00000e+00  
 83.2 3.3260e+01  14 1.00000e+00  
 83.3 3.3328e+01  14 1.00000e+00  
 83.4 3.3391e+01  14 1.00000e+00  
 83.5 3.3298e+01  14 1.00000e+00  
 83.6 3.3330e+01  14 1.00000e+00  
 83.7 3.3400e+01  14 1.00000e+00  
 83.8 3.3465e+01  14 1.00000e+00  
 83.9 3.3534e+01  14 1.00000e+00  
 84.0 3.3603e+01  14 1.00000e+00  
 84.1 3.3670e+01  14 1.00000e+00  
 84.2 3.3736e+01  14 1.00000e+00  
 84.3 3.3803e+01  14 1.00000e+00  
 84.4 3.3868e+01  14 1.00000e+00  
 84.5 3.3850e+01  14 1.00000e+00  
 84.6 3.3903e+01  14 1.00000e+00  
 84.7 3.3954e+01  14 1.00000e+00  
 84.8 3.3928e+01  14 1.00000e+00  
 84.9 3.3995e+01  14 1.00000e+00  
 85.0 3.4060e+01  14 1.00000e+00  
 85.1 3.4124e+01  14 1.00000e+00  
 85.2 3.4192e+01  14 1.00000e+00  
 85.3 3.4260e+01  14 1.00000e+00  
 85.4 3.4326e+01  14 1.00000e+00  
 85.5 3.4391e+01  14 1.00000e+00  
 85.6 3.4374e+01  14 1.00000e+00  
 85.7 3.4429e+01  14 1.00000e+00  
 85.8 3.4482e+01  14 1.00000e+00  
 85.9 3.4530e+01  14 1.00000e+00  
 86.0 3.4576e+01  14 1.00000e+00  
 86.1 3.4578e+01  14 1.00000e+00  
 86.2 3.4643e+01  14 1.00000e+00  
 86.3 3.4710e+01  14 1.00000e+00  
 86.4 3.4774e+01  14 1.00000e+00  
 86.5 3.4844e+01  14 1.00000e+00  
 86.6 3.4898e+01  14 1.00000e+00  
 86.7 3.4961e+01  14 1.00000e+00  
 86.8 3.4951e+01  14 1.00000e+00  
 86.9 3.5009e+01  14 1.00000e+00  
 87.0 3.5062e+01  14 1.00000e+00  
 87.1 3.5112e+01  14 1.00000e+00  
 87.2 3.5154e+01  14 1.00000e+00  
 87.3 3.5179e+01  14 1.00000e+00  
 87.4 3.5219e+01  14 1.00000e+00  
 87.5 3.5313e+01  14 1.00000e+00  
 87.6 3.5337e+01  14 1.00000e+00  
 87.7 3.5397e+01  14 1.00000e+00  
 87.8 3.5457e+01  14 1.00000e+00  
 87.9 3.5517e+01  14 1.00000e+00  
 88.0 3.5577e+01  14 1.00000e+00  
 88.1 3.5573e+01  14 1.00000e+00  
 88.2 3.5626e+01  14 1.00000e+00  
 88.3 3.5677e+01  14 1.00000e+00  
 88.4 3.5726e+01  14 1.00000e+00  
 88.5 3.5772e+01  14 1.00000e+00  
 88.6 3.5816e+01  14 1.00000e+00  
 88.7 3.5845e+01  14 1.00000e+00  
 88.8 3.5887e+01  14 1.00000e+00  
 88.9 3.5924e+01  14 1.00000e+00  
 89.0 3.6011e+01  14 1.00000e+00  
 89.1 3.6061e+01  14 1.00000e+00  
 89.2 3.6123e+01  14 1.00000e+00  
 89.3 3.6184e+01  14 1.00000e+00  
 89.4 3.6245e+01  14 1.00000e+00  
 89.5 3.6237e+01  14 1.00000e+00  
 89.6 3.6291e+01  14 1.00000e+00  
 89.7 3.6344e+01  14 1.00000e+00  
 89.8 3.6395e+01  14 1.00000e+00  
 89.9 3.6443e+01  14 1.00000e+00  
 90.0 3.6477e+01  14 1.00000e+00  
 90.1 3.6524e+01  14 1.00000e+00  
 90.2 3.6567e+01  14 1.00000e+00  
 90.3 3.6607e+01  14 1.00000e+00  
 90.4 3.6644e+01  14 1.00000e+00  
 90.5 3.6674e+01  14 1.00000e+00  
 90.6 3.6720e+01  14 1.00000e+00  
 90.7 3.6845e+01  14 1.00000e+00  
 90.8 3.6898e+01  14 1.00000e+00  
 90.9 3.6955e+01  14 1.00000e+00  
 91.0 3.7017e+01  14 1.00000e+00  
 91.1 3.7027e+01  14 1.00000e+00  
 91.2 3.7056e+01  14 1.00000e+00  
 91.3 3.7158e+01  14 1.00000e+00  
 91.4 3.7188e+01  14 1.00000e+00  
 91.5 3.7226e+01  14 1.00000e+00  
 91.6 3.7329e+01  14 1.00000e+00  
 91.7 3.7432e+01  14 1.00000e+00  
 91.8 3.7535e+01  14 1.00000e+00  
 91.9 3.7637e+01  14 1.00000e+00  
 92.0 3.7740e+01  14 1.00000e+00  
 92.1 3.7843e+01  14 1.00000e+00  
 92.2 3.7945e+01  14 1.00000e+00  
 92.3 3.8048e+01  14 1.00000e+00  
 92.4 3.8150e+01  14 1.00000e+00  
 92.5 3.8253e+01  14 1.00000e+00  
 92.6 3.8355e+01  14 1.00000e+00  
 92.7 3.8457e+01  14 1.00000e+00  
 92.8 3.8560e+01  14 1.00000e+00  
 92.9 3.8662e+01  14 1.00000e+00  
 93.0 3.8764e+01  14 1.00000e+00  
 93.1 3.8866e+01  14 1.00000e+00  
 93.2 3.8969e+01  14 1.00000e+00  
 93.3 3.9071e+01  14 1.00000e+00  
 93.4 3.9173e+01  14 1.00000e+00  
 93.5 3.9275e+01  14 1.00000e+00  
 93.6 3.9377e+01  14 1.00000e+00  
 93.7 3.9479e+01  14 1.00000e+00  
 93.8 3.9581e+01  14 1.00000e+00  
 93.9 3.9683e+01  14 1.00000e+00  
 94.0 3.9784e+01  14 1.00000e+00  
 94.1 3.9886e+01  14 1.00000e+00  
 94.2 3.9988e+01  14 1.00000e+00  
 94.3 4.0090e+01  14 1.00000e+00  
 94.4 4.0191e+01  14 1.00000e+00  
 94.5 4.0293e+01  14 1.00000e+00  
 94.6 4.0395e+01  14 1.00000e+00  
 94.7 4.0496e+01  14 1.00000e+00  
 94.8 4.0598e+01  14 1.00000e+00  
 94.9 4.0699e+01  14 1.00000e+00  
 95.0 4.0801e+01  14 1.00000e+00  
 95.1 4.0902e+01  14 1.00000e+00  
 95.2 4.1004e+01  14 1.00000e+00  
 95.3 4.1105e+01  14 1.00000e+00  
 95.4 4.1206e+01  14 1.00000e+00  
 95.5 4.1308e+01  14 1.00000e+00  
 95.6 4.1409e+01  14 1.00000e+00  
 95.7 4.1510e+01  14 1.00000e+00  
 95.8 4.1611e+01  14 1.00000e+00  
 95.9 4.1712e+01  14 1.00000e+00  
 96.0 4.1813e+01  14 1.00000e+00  
 96.1 4.1914e+01  14 1.00000e+00  
 96.2 4.2016e+01  14 1.00000e+00  
 96.3 4.2116e+01  14 1.00000e+00  
 96.4 4.2217e+01  14 1.00000e+00  
 96.5 4.2318e+01  14 1.00000e+00  
 96.6 4.2419e+01  14 1.00000e+00  
 96.7 4.2520e+01  14 1.00000e+00  
 96.8 4.2621e+01  14 1.00000e+00  
 96.9 4.2722e+01  14 1.00000e+00  
 97.0 4.2822e+01  14 1.00000e+00  
 97.1 4.2923e+01  14 1.00000e+00  
 97.2 4.3024e+01  14 1.00000e+00  
 97.3 4.3124e+01  14 1.00000e+00  
 97.4 4.3225e+01  14 1.00000e+00  
 97.5 4.3322e+01  14 1.00000e+00  
 97.6 4.3406e+01  14 1.00000e+00  
 97.7 4.3496e+01  14 1.00000e+00  
 97.8 4.3587e+01  14 1.00000e+00  
 97.9 4.3678e+01  14 1.00000e+00  
 98.0 4.3768e+01  14 1.00000e+00  
 98.1 4.3859e+01  14 1.00000e+00  
 98.2 4.3950e+01  14 1.00000e+00  
 98.3 4.4041e+01  14 1.00000e+00  
 98.4 4.4132e+01  14 1.00000e+00  
 98.5 4.4223e+01  14 1.00000e+00  
 98.6 4.4314e+01  14 1.00000e+00  
 98.7 4.4405e+01  14 1.00000e+00  
 98.8 4.4496e+01  14 1.00000e+00  
 98.9 4.4587e+01  14 1.00000e+00  
 99.0 4.4678e+01  14 1.00000e+00  
 99.1 4.4769e+01  14 1.00000e+00  
 99.2 4.4860e+01  14 1.00000e+00  
 99.3 4.4951e+01  14 1.00000e+00  
 99.4 4.5043e+01  14 1.00000e+00  
 99.5 4.5134e+01  14 1.00000e+00  
 99.6 4.5225e+01  14 1.00000e+00  
 99.7 4.5316e+01  14 1.00000e+00  
 99.8 4.5408e+01  14 1.00000e+00  
 99.9 4.5499e+01  14 1.00000e+00  
100.0 4.5590e+01  14 1.00000e+00  
100.1 4.5682e+01  14 1.00000e+00  
100.2 4.5773e+01  14 1.00000e+00  
100.3 4.5865e+01  14 1.00000e+00  
100.4 4.5956e+01  14 1.00000e+00  
100.5 4.6048e+01  14 1.00000e+00  
100.6 4.6139e+01  14 1.00000e+00  
100.7 4.6231e+01  14 1.00000e+00  
100.8 4.6323e+01  14 1.00000e+00  
100.9 4.6414e+01  14 1.00000e+00  
101.0 4.6506e+01  14 1.00000e+00  
101.1 4.6598e+01  14 1.00000e+00  
101.2 4.6689e+01  14 1.00000e+00  
101.3 4.6781e+01  14 1.00000e+00  
101.4 4.6873e+01  14 1.00000e+00  
101.5 4.6964e+01  14 1.00000e+00  
101.6 4.7056e+01  14 1.00000e+00  
101.7 4.7148e+01  14 1.00000e+00  
101.8 4.7240e+01  14 1.00000e+00  
101.9 4.7332e+01  14 1.00000e+00  
102.0 4.7424e+01  14 1.00000e+00  
102.1 4.7516e+01  14 1.00000e+00  
102.2 4.7608e+01  14 1.00000e+00  
102.3 4.7700e+01  14 1.00000e+00  
102.4 4.7791e+01  14 1.00000e+00  
102.5 4.7884e+01  14 1.00000e+00  
102.6 4.7976e+01  14 1.00000e+00  
102.7 4.8068e+01  14 1.00000e+00  
102.8 4.8160e+01  14 1.00000e+00  
102.9 4.8252e+01  14 1.00000e+00  
103.0 4.8344e+01  14 1.00000e+00  
103.1 4.8436e+01  14 1.00000e+00  
103.2 4.8528e+01  14 1.00000e+00  
103.3 4.8620e+01  14 1.00000e+00  
103.4 4.8712e+01  14 1.00000e+00  
103.5 4.8805e+01  14 1.00000e+00  
103.6 4.8897e+01  14 1.00000e+00  
103.7 4.8989e+01  14 1.00000e+00  
103.8 4.9081e+01  14 1.00000e+00  
103.9 4.9174e+01  14 1.00000e+00  
104.0 4.9266e+01  14 1.00000e+00  
104.1 4.9358e+01  14 1.00000e+00  
104.2 4.9450e+01  14 1.00000e+00  
104.3 4.9543e+01  14 1.00000e+00  
104.4 4.9635e+01  14 1.00000e+00  
104.5 4.9728e+01  14 1.00000e+00  
104.6 4.9820e+01  14 1.00000e+00  
104.7 4.9912e+01  14 1.00000e+00  
104.8 5.0005e+01  14 1.00000e+00  
104.9 5.0097e+01  14 1.00000e+00  
105.0 5.0183e+01  14 1.00000e+00  
105.1 5.0276e+01  14 1.00000e+00  
105.2 5.0368e+01  14 1.00000e+00  
105.3 5.0461e+01  14 1.00000e+00  
105.4 5.0553e+01  14 1.00000e+00  
105.5 5.0646e+01  14 1.00000e+00  
105.6 5.0738e+01  14 1.00000e+00  
105.7 5.0831e+01  14 1.00000e+00  
105.8 5.0924e+01  14 1.00000e+00  
105.9 5.1016e+01  14 1.00000e+00  
106.0 5.1109e+01  14 1.00000e+00  
106.1 5.1201e+01  14 1.00000e+00  
106.2 5.1294e+01  14 1.00000e+00  
106.3 5.1387e+01  14 1.00000e+00  
106.4 5.1479e+01  14 1.00000e+00  
106.5 5.1572e+01  14 1.00000e+00  
106.6 5.1664e+01  14 1.00000e+00  
106.7 5.1757e+01  14 1.00000e+00  
106.8 5.1850e+01  14 1.00000e+00  
106.9 5.1943e+01  14 1.00000e+00  
107.0 5.2035e+01  14 1.00000e+00  
107.1 5.2128e+01  14 1.00000e+00  
107.2 5.2221e+01  14 1.00000e+00  
107.3 5.2313e+01  14 1.00000e+00  
107.4 5.2406e+01  14 1.00000e+00  
107.5 5.2499e+01  14 1.00000e+00  
107.6 5.2592e+01  14 1.00000e+00  
107.7 5.2685e+01  14 1.00000e+00  
107.8 5.2777e+01  14 1.00000e+00  
107.9 5.2870e+01  14 1.00000e+00  
108.0 5.2963e+01  14 1.00000e+00  
108.1 5.3056e+01  14 1.00000e+00  
108.2 5.3149e+01  14 1.00000e+00  
108.3 5.3241e+01  14 1.00000e+00  
108.4 5.3334e+01  14 1.00000e+00  
108.5 5.3427e+01  14 1.00000e+00  
108.6 5.3520e+01  14 1.00000e+00  
108.7 5.3613e+01  14 1.00000e+00  
108.8 5.3706e+01  14 1.00000e+00  
108.9 5.3799e+01  14 1.00000e+00  
109.0 5.3892e+01  14 1.00000e+00  
109.1 5.3984e+01  14 1.00000e+00  
109.2 5.4077e+01  14 1.00000e+00  
109.3 5.4170e+01  14 1.00000e+00  
109.4 5.4263e+01  14 1.00000e+00  
109.5 5.4356e+01  14 1.00000e+00  
109.6 5.4449e+01  14 1.00000e+00  
109.7 5.4542e+01  14 1.00000e+00  
109.8 5.4635e+01  14 1.00000e+00  
109.9 5.4728e+01  14 1.00000e+00  
110.0 5.4821e+01  14 1.00000e+00  
110.1 5.4914e+01  14 1.00000e+00  
110.2 5.5007e+01  14 1.00000e+00  
110.3 5.5100e+01  14 1.00000e+00  
110.4 5.5193e+01  14 1.00000e+00  
110.5 5.5286e+01  14 1.00000e+00  
110.6 5.5379e+01  14 1.00000e+00  
110.7 5.5472e+01  14 1.00000e+00  
110.8 5.5565e+01  14 1.00000e+00  
110.9 5.5658e+01  14 1.00000e+00  
111.0 5.5751e+01  14 1.00000e+00  
111.1 5.5844e+01  14 1.00000e+00  
111.2 5.5937e+01  14 1.00000e+00  
111.3 5.6030e+01  14 1.00000e+00  
111.4 5.6123e+01  14 1.00000e+00  
111.5 5.6217e+01  14 1.00000e+00  
111.6 5.6310e+01  14 1.00000e+00  
111.7 5.6403e+01  14 1.00000e+00  
111.8 5.6496e+01  14 1.00000e+00  
111.9 5.6589e+01  14 1.00000e+00  
112.0 5.6682e+01  14 1.00000e+00  
112.1 5.6775e+01  14 1.00000e+00  
112.2 5.6868e+01  14 1.00000e+00  
112.3 5.6961e+01  14 1.00000e+00  
112.4 5.7054e+01  14 1.00000e+00  
112.5 5.7147e+01  14 1.00000e+00  
112.6 5.7241e+01  14 1.00000e+00  
112.7 5.7334e+01  14 1.00000e+00  
112.8 5.7427e+01  14 1.00000e+00  
112.9 5.7520e+01  14 1.00000e+00  
113.0 5.7613e+01  14 1.00000e+00  
113.1 5.7706e+01  14 1.00000e+00  
113.2 5.7799e+01  14 1.00000e+00  
113.3 5.7887e+01  14 1.00000e+00  
113.4 5.7980e+01  14 1.00000e+00  
113.5 5.8073e+01  14 1.00000e+00  
113.6 5.8167e+01  14 1.00000e+00  
113.7 5.8260e+01  14 1.00000e+00  
113.8 5.8353e+01  14 1.00000e+00  
113.9 5.8446e+01  14 1.00000e+00  
114.0 5.8539e+01  14 1.00000e+00  
114.1 5.8632e+01  14 1.00000e+00  
114.2 5.8726e+01  14 1.00000e+00  
114.3 5.8819e+01  14 1.00000e+00  
114.4 5.8912e+01  14 1.00000e+00  
114.5 5.9005e+01  14 1.00000e+00  
114.6 5.9098e+01  14 1.00000e+00  
114.7 5.9191e+01  14 1.00000e+00  
114.8 5.9285e+01  14 1.00000e+00  
114.9 5.9378e+01  14 1.00000e+00  
115.0 5.9471e+01  14 1.00000e+00  
115.1 5.9564e+01  14 1.00000e+00  
115.2 5.9657e+01  14 1.00000e+00  
115.3 5.9751e+01  14 1.00000e+00  
115.4 5.9844e+01  14 1.00000e+00  
115.5 5.9937e+01  14 1.00000e+00  
115.6 6.0030e+01  14 1.00000e+00  
115.7 6.0123e+01  14 1.00000e+00  
115.8 6.0217e+01  14 1.00000e+00  
115.9 6.0310e+01  14 1.00000e+00  
116.0 6.0403e+01  14 1.00000e+00  
116.1 6.0496e+01  14 1.00000e+00  
116.2 6.0589e+01  14 1.00000e+00  
116.3 6.0683e+01  14 1.00000e+00  
116.4 6.0776e+01  14 1.00000e+00  
116.5 6.0869e+01  14 1.00000e+00  
116.6 6.0962e+01  14 1.00000e+00  
116.7 6.1055e+01  14 1.00000e+00  
116.8 6.1149e+01  14 1.00000e+00  
116.9 6.1242e+01  14 1.00000e+00  
117.0 6.1335e+01  14 1.00000e+00  
117.1 6.1428e+01  14 1.00000e+00  
117.2 6.1521e+01  14 1.00000e+00  
117.3 6.1615e+01  14 1.00000e+00  
117.4 6.1708e+01  14 1.00000e+00  
117.5 6.1801e+01  14 1.00000e+00  
117.6 6.1894e+01  14 1.00000e+00  
117.7 6.1987e+01  14 1.00000e+00  
117.8 6.2081e+01  14 1.00000e+00  
117.9 6.2174e+01  14 1.00000e+00  
118.0 6.2267e+01  14 1.00000e+00  
118.1 6.2360e+01  14 1.00000e+00  
118.2 6.2453e+01  14 1.00000e+00  
118.3 6.2547e+01  14 1.00000e+00  
118.4 6.2640e+01  14 1.00000e+00  
118.5 6.2733e+01  14 1.00000e+00  
118.6 6.2826e+01  14 1.00000e+00  
118.7 6.2919e+01  14 1.00000e+00  
118.8 6.3013e+01  14 1.00000e+00  
118.9 6.3106e+01  14 1.00000e+00  
119.0 6.3199e+01  14 1.00000e+00  
119.1 6.3292e+01  14 1.00000e+00  
119.2 6.3385e+01  14 1.00000e+00  
119.3 6.3479e+01  14 1.00000e+00  
119.4 6.3572e+01  14 1.00000e+00  
119.5 6.3665e+01  14 1.00000e+00  
119.6 6.3758e+01  14 1.00000e+00  
119.7 6.3851e+01  14 1.00000e+00  
119.8 6.3944e+01  14 1.00000e+00  
119.9 6.4038e+01  14 1.00000e+00  
120.0 6.4131e+01  14 1.00000e+00  
120.1 6.4224e+01  14 1.00000e+00  
120.2 6.4317e+01  14 1.00000e+00  
120.3 6.4410e+01  14 1.00000e+00  
120.4 6.4503e+01  14 1.00000e+00  
120.5 6.4597e+01  14 1.00000e+00  
120.6 6.4690e+01  14 1.00000e+00  
120.7 6.4783e+01  14 1.00000e+00  
120.8 6.4876e+01  14 1.00000e+00  
120.9 6.4969e+01  14 1.00000e+00  
121.0 6.5062e+01  14 1.00000e+00  
121.1 6.5156e+01  14 1.00000e+00  
121.2 6.5249e+01  14 1.00000e+00  
121.3 6.5342e+01  14 1.00000e+00  
121.4 6.5435e+01  14 1.00000e+00  
121.5 6.5528e+01  14 1.00000e+00  
121.6 6.5621e+01  14 1.00000e+00  
121.7 6.5714e+01  14 1.00000e+00  
121.8 6.5807e+01  14 1.00000e+00  
121.9 6.5901e+01  14 1.00000e+00  
122.0 6.5994e+01  14 1.00000e+00  
122.1 6.6087e+01  14 1.00000e+00  
122.2 6.6180e+01  14 1.00000e+00  
122.3 6.6273e+01  14 1.00000e+00  
122.4 6.6366e+01  14 1.00000e+00  
122.5 6.6459e+01  14 1.00000e+00  
122.6 6.6552e+01  14 1.00000e+00  
122.7 6.6641e+01  14 1.00000e+00  
122.8 6.6734e+01  14 1.00000e+00  
122.9 6.6827e+01  14 1.00000e+00  
123.0 6.6920e+01  14 1.00000e+00  
123.1 6.7013e+01  14 1.00000e+00  
123.2 6.7106e+01  14 1.00000e+00  
123.3 6.7199e+01  14 1.00000e+00  
123.4 6.7292e+01  14 1.00000e+00  
123.5 6.7386e+01  14 1.00000e+00  
123.6 6.7479e+01  14 1.00000e+00  
123.7 6.7572e+01  14 1.00000e+00  
123.8 6.7665e+01  14 1.00000e+00  
123.9 6.7758e+01  14 1.00000e+00  
124.0 6.7851e+01  14 1.00000e+00  
124.1 6.7944e+01  14 1.00000e+00  
124.2 6.8037e+01  14 1.00000e+00  
124.3 6.8130e+01  14 1.00000e+00  
124.4 6.8223e+01  14 1.00000e+00  
124.5 6.8316e+01  14 1.00000e+00  
124.6 6.8409e+01  14 1.00000e+00  
124.7 6.8502e+01  14 1.00000e+00  
124.8 6.8595e+01  14 1.00000e+00  
124.9 6.8688e+01  14 1.00000e+00  
125.0 6.8781e+01  14 1.00000e+00  
125.1 6.8874e+01  14 1.00000e+00  
125.2 6.8967e+01  14 1.00000e+00  
125.3 6.9060e+01  14 1.00000e+00  
125.4 6.9153e+01  14 1.00000e+00  
125.5 6.9246e+01  14 1.00000e+00  
125.6 6.9339e+01  14 1.00000e+00  
125.7 6.9432e+01  14 1.00000e+00  
125.8 6.9525e+01  14 1.00000e+00  
125.9 6.9618e+01  14 1.00000e+00  
126.0 6.9711e+01  14 1.00000e+00  
126.1 6.9804e+01  14 1.00000e+00  
126.2 6.9897e+01  14 1.00000e+00  
126.3 6.9990e+01  14 1.00000e+00  
126.4 7.0083e+01  14 1.00000e+00  
126.5 7.0176e+01  14 1.00000e+00  
126.6 7.0269e+01  14 1.00000e+00  
126.7 7.0362e+01  14 1.00000e+00  
126.8 7.0454e+01  14 1.00000e+00  
126.9 7.0547e+01  14 1.00000e+00  
127.0 7.0640e+01  14 1.00000e+00  
127.1 7.0733e+01  14 1.00000e+00  
127.2 7.0826e+01  14 1.00000e+00  
127.3 7.0919e+01  14 1.00000e+00  
127.4 7.1012e+01  14 1.00000e+00  
127.5 7.1105e+01  14 1.00000e+00  
127.6 7.1198e+01  14 1.00000e+00  
127.7 7.1291e+01  14 1.00000e+00  
127.8 7.1383e+01  14 1.00000e+00  
127.9 7.1476e+01  14 1.00000e+00  
128.0 7.1569e+01  14 1.00000e+00  
128.1 7.1662e+01  14 1.00000e+00  
128.2 7.1755e+01  14 1.00000e+00  
128.3 7.1848e+01  14 1.00000e+00  
128.4 7.1941e+01  14 1.00000e+00  
128.5 7.2033e+01  14 1.00000e+00  
128.6 7.2126e+01  14 1.00000e+00  
128.7 7.2219e+01  14 1.00000e+00  
128.8 7.2312e+01  14 1.00000e+00  
128.9 7.2405e+01  14 1.00000e+00  
129.0 7.2498e+01  14 1.00000e+00  
129.1 7.2590e+01  14 1.00000e+00  
129.2 7.2683e+01  14 1.00000e+00  
129.3 7.2776e+01  14 1.00000e+00  
129.4 7.2869e+01  14 1.00000e+00  
129.5 7.2962e+01  14 1.00000e+00  
129.6 7.3054e+01  14 1.00000e+00  
129.7 7.3147e+01  14 1.00000e+00  
129.8 7.3240e+01  14 1.00000e+00  
129.9 7.3333e+01  14 1.00000e+00  
130.0 7.3425e+01  14 1.00000e+00  
130.1 7.3518e+01  14 1.00000e+00  
130.2 7.3611e+01  14 1.00000e+00  
130.3 7.3704e+01  14 1.00000e+00  
130.4 7.3796e+01  14 1.00000e+00  
130.5 7.3889e+01  14 1.00000e+00  
130.6 7.3982e+01  14 1.00000e+00  
130.7 7.4075e+01  14 1.00000e+00  
130.8 7.4167e+01  14 1.00000e+00  
130.9 7.4260e+01  14 1.00000e+00  
131.0 7.4353e+01  14 1.00000e+00  
131.1 7.4445e+01  14 1.00000e+00  
131.2 7.4538e+01  14 1.00000e+00  
131.3 7.4631e+01  14 1.00000e+00  
131.4 7.4724e+01  14 1.00000e+00  
131.5 7.4816e+01  14 1.00000e+00  
131.6 7.4909e+01  14 1.00000e+00  
131.7 7.5002e+01  14 1.00000e+00  
131.8 7.5094e+01  14 1.00000e+00  
131.9 7.5187e+01  14 1.00000e+00  
132.0 7.5280e+01  14 1.00000e+00  
132.1 7.5372e+01  14 1.00000e+00  
132.2 7.5465e+01  14 1.00000e+00  
132.3 7.5557e+01  14 1.00000e+00  
132.4 7.5650e+01  14 1.00000e+00  
132.5 7.5743e+01  14 1.00000e+00  
132.6 7.5835e+01  14 1.00000e+00  
132.7 7.5928e+01  14 1.00000e+00  
132.8 7.6021e+01  14 1.00000e+00  
132.9 7.6113e+01  14 1.00000e+00  
133.0 7.6206e+01  14 1.00000e+00  
133.1 7.6298e+01  14 1.00000e+00  
133.2 7.6391e+01  14 1.00000e+00  
133.3 7.6483e+01  14 1.00000e+00  
133.4 7.6576e+01  14 1.00000e+00  
133.5 7.6665e+01  14 1.00000e+00  
133.6 7.6757e+01  14 1.00000e+00  
133.7 7.6850e+01  14 1.00000e+00  
133.8 7.6942e+01  14 1.00000e+00  
133.9 7.7035e+01  14 1.00000e+00  
134.0 7.7127e+01  14 1.00000e+00  
134.1 7.7220e+01  14 1.00000e+00  
134.2 7.7312e+01  14 1.00000e+00  
134.3 7.7405e+01  14 1.00000e+00  
134.4 7.7497e+01  14 1.00000e+00  
134.5 7.7590e+01  14 1.00000e+00  
134.6 7.7682e+01  14 1.00000e+00  
134.7 7.7775e+01  14 1.00000e+00  
134.8 7.7867e+01  14 1.00000e+00  
134.9 7.7960e+01  14 1.00000e+00  
135.0 7.8052e+01  14 1.00000e+00  
135.1 7.8145e+01  14 1.00000e+00  
135.2 7.8237e+01  14 1.00000e+00  
135.3 7.8330e+01  14 1.00000e+00  
135.4 7.8422e+01  14 1.00000e+00  
135.5 7.8515e+01  14 1.00000e+00  
135.6 7.8607e+01  14 1.00000e+00  
135.7 7.8699e+01  14 1.00000e+00  
135.8 7.8792e+01  14 1.00000e+00  
135.9 7.8884e+01  14 1.00000e+00  
136.0 7.8977e+01  14 1.00000e+00  
136.1 7.9069e+01  14 1.00000e+00  
136.2 7.9162e+01  14 1.00000e+00  
136.3 7.9254e+01  14 1.00000e+00  
136.4 7.9346e+01  14 1.00000e+00  
136.5 7.9439e+01  14 1.00000e+00  
136.6 7.9531e+01  14 1.00000e+00  
136.7 7.9623e+01  14 1.00000e+00  
136.8 7.9716e+01  14 1.00000e+00  
136.9 7.9808e+01  14 1.00000e+00  
137.0 7.9900e+01  14 1.00000e+00  
137.1 7.9993e+01  14 1.00000e+00  
137.2 8.0085e+01  14 1.00000e+00  
137.3 8.0177e+01  14 1.00000e+00  
137.4 8.0270e+01  14 1.00000e+00  
137.5 8.0362e+01  14 1.00000e+00  
137.6 8.0454e+01  14 1.00000e+00  
137.7 8.0547e+01  14 1.00000e+00  
137.8 8.0639e+01  14 1.00000e+00  
137.9 8.0731e+01  14 1.00000e+00  
138.0 8.0824e+01  14 1.00000e+00  
138.1 8.0916e+01  14 1.00000e+00  
138.2 8.1008e+01  14 1.00000e+00  
138.3 8.1100e+01  14 1.00000e+00  
138.4 8.1193e+01  14 1.00000e+00  
138.5 8.1285e+01  14 1.00000e+00  
138.6 8.1377e+01  14 1.00000e+00  
138.7 8.1469e+01  14 1.00000e+00  
138.8 8.1562e+01  14 1.00000e+00  
138.9 8.1654e+01  14 1.00000e+00  
139.0 8.1746e+01  14 1.00000e+00  
139.1 8.1838e+01  14 1.00000e+00  
139.2 8.1931e+01  14 1.00000e+00  
139.3 8.2023e+01  14 1.00000e+00  
139.4 8.2115e+01  14 1.00000e+00  
139.5 8.2207e+01  14 1.00000e+00  
139.6 8.2299e+01  14 1.00000e+00  
139.7 8.2392e+01  14 1.00000e+00  
139.8 8.2484e+01  14 1.00000e+00  
139.9 8.2576e+01  14 1.00000e+00  
140.0 8.2668e+01  14 1.00000e+00  
140.1 8.2760e+01  14 1.00000e+00  
140.2 8.2852e+01  14 1.00000e+00  
140.3 8.2944e+01  14 1.00000e+00  
140.4 8.3036e+01  14 1.00000e+00  
140.5 8.3129e+01  14 1.00000e+00  
140.6 8.3221e+01  14 1.00000e+00  
140.7 8.3313e+01  14 1.00000e+00  
140.8 8.3405e+01  14 1.00000e+00  
140.9 8.3497e+01  14 1.00000e+00  
141.0 8.3589e+01  14 1.00000e+00  
141.1 8.3681e+01  14 1.00000e+00  
141.2 8.3773e+01  14 1.00000e+00  
141.3 8.3865e+01  14 1.00000e+00  
141.4 8.3957e+01  14 1.00000e+00  
141.5 8.4050e+01  14 1.00000e+00  
141.6 8.4142e+01  14 1.00000e+00  
141.7 8.4234e+01  14 1.00000e+00  
141.8 8.4326e+01  14 1.00000e+00  
141.9 8.4418e+01  14 1.00000e+00  
142.0 8.4510e+01  14 1.00000e+00  
142.1 8.4602e+01  14 1.00000e+00  
142.2 8.4694e+01  14 1.00000e+00  
142.3 8.4786e+01  14 1.00000e+00  
142.4 8.4878e+01  14 1.00000e+00  
142.5 8.4970e+01  14 1.00000e+00  
142.6 8.5062e+01  14 1.00000e+00  
142.7 8.5154e+01  14 1.00000e+00  
142.8 8.5245e+01  14 1.00000e+00  
142.9 8.5337e+01  14 1.00000e+00  
143.0 8.5429e+01  14 1.00000e+00  
143.1 8.5521e+01  14 1.00000e+00  
143.2 8.5613e+01  14 1.00000e+00  
143.3 8.5705e+01  14 1.00000e+00  
143.4 8.5797e+01  14 1.00000e+00  
143.5 8.5889e+01  14 1.00000e+00  
143.6 8.5981e+01  14 1.00000e+00  
143.7 8.6073e+01  14 1.00000e+00  
143.8 8.6164e+01  14 1.00000e+00  
143.9 8.6256e+01  14 1.00000e+00  
144.0 8.6348e+01  14 1.00000e+00  
144.1 8.6440e+01  14 1.00000e+00  
144.2 8.6532e+01  14 1.00000e+00  
144.3 8.6624e+01  14 1.00000e+00  
144.4 8.6716e+01  14 1.00000e+00  
144.5 8.6807e+01  14 1.00000e+00  
144.6 8.6899e+01  14 1.00000e+00  
144.7 8.6991e+01  14 1.00000e+00  
144.8 8.7083e+01  14 1.00000e+00  
144.9 8.7175e+01  14 1.00000e+00  
145.0 8.7266e+01  14 1.00000e+00  
145.1 8.7358e+01  14 1.00000e+00  
145.2 8.7450e+01  14 1.00000e+00  
145.3 8.7542e+01  14 1.00000e+00  
145.4 8.7633e+01  14 1.00000e+00  
145.5 8.7725e+01  14 1.00000e+00  
145.6 8.7817e+01  14 1.00000e+00  
145.7 8.7909e+01  14 1.00000e+00  
145.8 8.8000e+01  14 1.00000e+00  
145.9 8.8092e+01  14 1.00000e+00  
146.0 8.8184e+01  14 1.00000e+00  
146.1 8.8276e+01  14 1.00000e+00  
146.2 8.8367e+01  14 1.00000e+00  
146.3 8.8459e+01  14 1.00000e+00  
146.4 8.8551e+01  14 1.00000e+00  
146.5 8.8639e+01  14 1.00000e+00  
146.6 8.8731e+01  14 1.00000e+00  
146.7 8.8822e+01  14 1.00000e+00  
146.8 8.8914e+01  14 1.00000e+00  
146.9 8.9006e+01  14 1.00000e+00  
147.0 8.9097e+01  14 1.00000e+00  
147.1 8.9189e+01  14 1.00000e+00  
147.2 8.9281e+01  14 1.00000e+00  
147.3 8.9372e+01  14 1.00000e+00  
147.4 8.9464e+01  14 1.00000e+00  
147.5 8.9556e+01  14 1.00000e+00  
147.6 8.9647e+01  14 1.00000e+00  
147.7 8.9739e+01  14 1.00000e+00  
147.8 8.9830e+01  14 1.00000e+00  
147.9 8.9922e+01  14 1.00000e+00  
148.0 9.0014e+01  14 1.00000e+00  
148.1 9.0105e+01  14 1.00000e+00  
148.2 9.0197e+01  14 1.00000e+00  
148.3 9.0288e+01  14 1.00000e+00  
148.4 9.0380e+01  14 1.00000e+00  
148.5 9.0471e+01  14 1.00000e+00  
148.6 9.0563e+01  14 1.00000e+00  
148.7 9.0654e+01  14 1.00000e+00  
148.8 9.0746e+01  14 1.00000e+00  
148.9 9.0838e+01  14 1.00000e+00  
149.0 9.0929e+01  14 1.00000e+00  
149.1 9.1021e+01  14 1.00000e+00  
149.2 9.1112e+01  14 1.00000e+00  
149.3 9.1204e+01  14 1.00000e+00  
149.4 9.1295e+01  14 1.00000e+00  
149.5 9.1387e+01  14 1.00000e+00  
149.6 9.1478e+01  14 1.00000e+00  
149.7 9.1570e+01  14 1.00000e+00  
149.8 9.1661e+01  14 1.00000e+00  
149.9 9.1752e+01  14 1.00000e+00  
150.0 9.1844e+01  14 1.00000e+00  
