 15.1 1.2899e+00  13 3.33386e-02  
 15.2 1.2965e+00  13 3.38236e-02  
 15.3 1.3031e+00  13 3.42968e-02  
 15.4 1.3097e+00  13 3.47676e-02  
 15.5 1.3163e+00  13 3.52455e-02  
 15.6 1.3229e+00  13 3.57121e-02  
 15.7 1.3294e+00  13 3.61751e-02  
 15.8 1.3360e+00  13 3.66466e-02  
 15.9 1.3425e+00  13 3.71073e-02  
 16.0 1.3596e+00  13 3.83315e-02  
 16.1 1.3663e+00  13 3.88041e-02  
 16.2 1.3730e+00  13 3.92875e-02  
 16.3 1.3796e+00  13 3.97611e-02  
 16.4 1.3863e+00  13 4.02354e-02  
 16.5 1.3929e+00  13 4.07208e-02  
 16.6 1.3995e+00  13 4.11966e-02  
 16.7 1.4061e+00  13 4.16777e-02  
 16.8 1.4127e+00  13 4.21381e-02  
 16.9 1.4193e+00  13 4.25997e-02  
 17.0 1.4258e+00  13 4.30387e-02  
 17.1 1.4324e+00  13 4.34785e-02  
 17.2 1.4389e+00  13 4.35522e-02  
 17.3 1.4454e+00  13 4.34109e-02  
 17.4 1.4519e+00  13 4.32796e-02  
 17.5 1.4584e+00  13 4.32538e-02  
 17.6 1.4648e+00  13 4.32325e-02  
 17.7 1.4713e+00  13 4.32190e-02  
 17.8 1.4778e+00  13 4.32176e-02  
 17.9 1.4842e+00  13 4.32289e-02  
 18.0 1.5050e+00  13 4.34162e-02  
 18.1 1.5116e+00  13 4.35585e-02  
 18.2 1.5182e+00  13 4.37209e-02  
 18.3 1.5248e+00  13 4.40829e-02  
 18.4 1.5314e+00  13 4.44477e-02  
 18.5 1.5380e+00  13 4.48131e-02  
 18.6 1.5445e+00  13 4.51764e-02  
 18.7 1.5510e+00  13 4.55343e-02  
 18.8 1.5575e+00  13 4.58813e-02  
 18.9 1.5640e+00  13 4.62202e-02  
 19.0 1.5705e+00  13 4.65529e-02  
 19.1 1.5770e+00  13 4.68791e-02  
 19.2 1.5834e+00  13 4.71990e-02  
 19.3 1.5898e+00  13 4.75125e-02  
 19.4 1.5962e+00  13 4.78196e-02  
 19.5 1.6026e+00  13 4.81197e-02  
 19.6 1.6090e+00  13 4.84133e-02  
 19.7 1.6153e+00  13 4.87003e-02  
 19.8 1.6217e+00  13 4.89820e-02  
 19.9 1.6281e+00  13 4.92591e-02  
 20.0 1.6344e+00  13 4.95296e-02  
 20.1 1.6408e+00  13 4.97938e-02  
 20.2 1.6471e+00  13 5.00530e-02  
 20.3 1.6534e+00  13 5.03076e-02  
 20.4 1.6596e+00  13 5.05582e-02  
 20.5 1.6659e+00  13 5.08061e-02  
 20.6 1.6721e+00  13 5.10509e-02  
 20.7 1.6783e+00  13 5.12963e-02  
 20.8 1.6845e+00  13 5.15423e-02  
 20.9 1.7108e+00  13 5.25696e-02  
 21.0 1.7172e+00  13 5.28163e-02  
 21.1 1.7236e+00  13 5.30610e-02  
 21.2 1.7299e+00  13 5.33038e-02  
 21.3 1.7363e+00  13 5.35445e-02  
 21.4 1.7426e+00  13 5.37840e-02  
 21.5 1.7490e+00  13 5.40193e-02  
 21.6 1.7556e+00  13 5.42649e-02  
 21.7 1.7619e+00  13 5.45007e-02  
 21.8 1.7683e+00  13 5.47343e-02  
 21.9 1.7741e+00  13 5.49452e-02  
 22.0 1.7803e+00  13 5.51723e-02  
 22.1 1.7865e+00  13 5.53993e-02  
 22.2 1.7959e+00  13 5.58422e-02  
 22.3 1.8053e+00  13 5.62850e-02  
 22.4 1.8147e+00  13 5.67274e-02  
 22.5 1.8241e+00  13 5.71698e-02  
 22.6 1.8336e+00  13 5.76124e-02  
 22.7 1.8430e+00  13 5.80556e-02  
 22.8 1.8526e+00  13 5.84988e-02  
 22.9 1.8621e+00  13 5.89418e-02  
 23.0 1.8716e+00  13 5.93847e-02  
 23.1 1.8812e+00  13 5.98275e-02  
 23.2 1.8908e+00  13 6.02701e-02  
 23.3 1.9004e+00  13 6.07127e-02  
 23.4 1.9101e+00  13 6.11565e-02  
 23.5 1.9198e+00  13 6.16001e-02  
 23.6 1.8434e+01  14 1.00000e+00  
 23.7 1.8490e+01  14 1.00000e+00  
 23.8 1.8546e+01  14 1.00000e+00  
 23.9 1.8602e+01  14 1.00000e+00  
 24.0 1.8658e+01  14 1.00000e+00  
 24.1 1.8713e+01  14 1.00000e+00  
 24.2 1.8772e+01  14 1.00000e+00  
 24.3 1.8828e+01  14 1.00000e+00  
 24.4 1.8884e+01  14 1.00000e+00  
 24.5 1.8939e+01  14 1.00000e+00  
 24.6 1.8994e+01  14 1.00000e+00  
 24.7 1.9050e+01  14 1.00000e+00  
 24.8 1.9104e+01  14 1.00000e+00  
 24.9 1.9149e+01  14 1.00000e+00  
 25.0 1.9202e+01  14 1.00000e+00  
 25.1 1.9256e+01  14 1.00000e+00  
 25.2 1.9309e+01  14 1.00000e+00  
 25.3 1.9363e+01  14 1.00000e+00  
 25.4 1.9416e+01  14 1.00000e+00  
 25.5 1.9468e+01  14 1.00000e+00  
 25.6 1.9521e+01  14 1.00000e+00  
 25.7 1.9573e+01  14 1.00000e+00  
 25.8 1.9626e+01  14 1.00000e+00  
 25.9 1.9678e+01  14 1.00000e+00  
 26.0 1.9730e+01  14 1.00000e+00  
 26.1 2.0072e+01  14 1.00000e+00  
 26.2 2.0127e+01  14 1.00000e+00  
 26.3 2.0181e+01  14 1.00000e+00  
 26.4 2.0235e+01  14 1.00000e+00  
 26.5 2.0289e+01  14 1.00000e+00  
 26.6 2.0342e+01  14 1.00000e+00  
 26.7 2.0395e+01  14 1.00000e+00  
 26.8 2.0447e+01  14 1.00000e+00  
 26.9 2.0499e+01  14 1.00000e+00  
 27.0 2.0539e+01  14 1.00000e+00  
 27.1 2.0590e+01  14 1.00000e+00  
 27.2 2.0641e+01  14 1.00000e+00  
 27.3 2.0692e+01  14 1.00000e+00  
 27.4 2.0743e+01  14 1.00000e+00  
 27.5 2.0793e+01  14 1.00000e+00  
 27.6 2.0843e+01  14 1.00000e+00  
 27.7 5.5188e+00  14 2.31017e-01  
 27.8 5.6185e+00  14 2.35417e-01  
 27.9 5.7186e+00  14 2.39818e-01  
 28.0 5.8192e+00  14 2.44221e-01  
 28.1 5.9204e+00  14 2.48632e-01  
 28.2 6.0221e+00  14 2.53054e-01  
 28.3 6.1244e+00  14 2.57481e-01  
 28.4 6.2270e+00  14 2.61906e-01  
 28.5 6.3300e+00  14 2.66329e-01  
 28.6 6.4333e+00  14 2.70749e-01  
 28.7 6.5370e+00  14 2.75171e-01  
 28.8 6.6411e+00  14 2.79594e-01  
 28.9 6.7456e+00  14 2.84017e-01  
 29.0 6.8600e+00  14 2.88844e-01  
 29.1 6.9678e+00  14 2.93374e-01  
 29.2 7.0759e+00  14 2.97900e-01  
 29.3 7.1844e+00  14 3.02423e-01  
 29.4 7.2931e+00  14 3.06943e-01  
 29.5 7.4022e+00  14 3.11460e-01  
 29.6 7.5115e+00  14 3.15973e-01  
 29.7 7.6212e+00  14 3.20483e-01  
 29.8 7.7311e+00  14 3.24989e-01  
 29.9 7.8079e+00  14 3.28127e-01  
 30.0 7.9160e+00  14 3.32535e-01  
 30.1 8.0245e+00  14 3.36941e-01  
 30.2 8.1333e+00  14 3.41345e-01  
 30.3 8.2423e+00  14 3.45745e-01  
 30.4 8.3517e+00  14 3.50148e-01  
 30.5 8.4615e+00  14 3.54550e-01  
 30.6 8.5716e+00  14 3.58949e-01  
 30.7 8.6819e+00  14 3.63347e-01  
 30.8 8.7926e+00  14 3.67742e-01  
 30.9 8.9036e+00  14 3.72136e-01  
 31.0 9.0153e+00  14 3.76548e-01  
 31.1 9.1275e+00  14 3.80964e-01  
 31.2 9.2400e+00  14 3.85376e-01  
 31.3 9.3418e+00  14 3.89358e-01  
 31.4 9.4534e+00  14 3.93715e-01  
 31.5 9.5653e+00  14 3.98065e-01  
 31.6 9.6774e+00  14 4.02412e-01  
 31.7 9.8009e+00  14 4.07186e-01  
 31.8 9.9171e+00  14 4.11666e-01  
 31.9 1.0034e+01  14 4.16139e-01  
 32.0 1.0150e+01  14 4.20604e-01  
 32.1 1.0267e+01  14 4.25062e-01  
 32.2 1.0384e+01  14 4.29512e-01  
 32.3 1.0501e+01  14 4.33955e-01  
 32.4 1.0618e+01  14 4.38389e-01  
 32.5 1.0694e+01  14 4.41270e-01  
 32.6 1.0808e+01  14 4.45571e-01  
 32.7 1.0922e+01  14 4.49867e-01  
 32.8 1.1037e+01  14 4.54158e-01  
 32.9 1.1151e+01  14 4.58444e-01  
 33.0 1.1266e+01  14 4.62725e-01  
 33.1 1.1381e+01  14 4.67001e-01  
 33.2 1.1496e+01  14 4.71272e-01  
 33.3 1.1612e+01  14 4.75538e-01  
 33.4 1.1727e+01  14 4.79797e-01  
 33.5 1.1843e+01  14 4.84066e-01  
 33.6 1.1960e+01  14 4.88352e-01  
 33.7 1.2077e+01  14 4.92646e-01  
 33.8 1.2194e+01  14 4.96932e-01  
 33.9 1.2312e+01  14 5.01211e-01  
 34.0 1.2429e+01  14 5.05482e-01  
 34.1 1.2547e+01  14 5.09743e-01  
 34.2 1.2664e+01  14 5.13995e-01  
 34.3 1.2782e+01  14 5.18243e-01  
 34.4 1.2917e+01  14 5.23106e-01  
 34.5 1.3040e+01  14 5.27502e-01  
 34.6 1.3162e+01  14 5.31889e-01  
 34.7 1.3285e+01  14 5.36267e-01  
 34.8 1.3408e+01  14 5.40635e-01  
 34.9 1.3530e+01  14 5.44994e-01  
 35.0 1.3607e+01  14 5.47725e-01  
 35.1 1.3726e+01  14 5.51921e-01  
 35.2 1.3845e+01  14 5.56112e-01  
 35.3 1.3964e+01  14 5.60296e-01  
 35.4 1.4082e+01  14 5.64475e-01  
 35.5 1.4202e+01  14 5.68648e-01  
 35.6 1.4321e+01  14 5.72814e-01  
 35.7 1.4440e+01  14 5.76975e-01  
 35.8 1.4559e+01  14 5.81136e-01  
 35.9 1.4679e+01  14 5.85290e-01  
 36.0 1.4799e+01  14 5.89437e-01  
 36.1 1.4918e+01  14 5.93587e-01  
 36.2 1.5039e+01  14 5.97755e-01  
 36.3 1.5160e+01  14 6.01915e-01  
 36.4 1.5281e+01  14 6.06068e-01  
 36.5 1.5402e+01  14 6.10213e-01  
 36.6 1.5523e+01  14 6.14348e-01  
 36.7 1.5643e+01  14 6.18474e-01  
 36.8 1.5764e+01  14 6.22590e-01  
 36.9 1.5885e+01  14 6.26695e-01  
 37.0 1.6026e+01  14 6.31486e-01  
 37.1 1.6153e+01  14 6.35762e-01  
 37.2 1.6279e+01  14 6.40030e-01  
 37.3 1.6406e+01  14 6.44296e-01  
 37.4 1.6488e+01  14 6.47067e-01  
 37.5 1.6609e+01  14 6.51140e-01  
 37.6 1.6731e+01  14 6.55207e-01  
 37.7 1.6852e+01  14 6.59267e-01  
 37.8 1.6974e+01  14 6.63322e-01  
 37.9 1.7095e+01  14 6.67370e-01  
 38.0 1.7217e+01  14 6.71412e-01  
 38.1 1.7339e+01  14 6.75455e-01  
 38.2 1.7461e+01  14 6.79492e-01  
 38.3 1.7583e+01  14 6.83521e-01  
 38.4 1.7705e+01  14 6.87544e-01  
 38.5 1.7826e+01  14 6.91559e-01  
 38.6 1.9680e+01  14 7.51647e-01  
 38.7 1.9813e+01  14 7.55907e-01  
 38.8 1.9947e+01  14 7.60160e-01  
 38.9 2.0080e+01  14 7.64414e-01  
 39.0 2.0214e+01  14 7.68664e-01  
 39.1 2.0348e+01  14 7.72908e-01  
 39.2 2.0482e+01  14 7.77144e-01  
 39.3 2.0616e+01  14 7.81374e-01  
 39.4 2.0750e+01  14 7.85597e-01  
 39.5 2.0884e+01  14 7.89813e-01  
 39.6 2.1018e+01  14 7.94022e-01  
 39.7 2.1152e+01  14 7.98232e-01  
 39.8 2.1287e+01  14 8.02437e-01  
 39.9 2.1422e+01  14 8.06647e-01  
 40.0 2.1557e+01  14 8.10866e-01  
 40.1 2.1692e+01  14 8.15079e-01  
 40.2 2.1825e+01  14 8.19196e-01  
 40.3 2.1952e+01  14 8.23139e-01  
 40.4 2.2072e+01  14 8.26856e-01  
 40.5 2.2192e+01  14 8.30561e-01  
 40.6 2.2312e+01  14 8.34252e-01  
 40.7 2.2458e+01  14 8.38764e-01  
 40.8 2.2542e+01  14 8.41361e-01  
 40.9 2.2653e+01  14 8.44748e-01  
 41.0 2.2763e+01  14 8.48129e-01  
 41.1 2.2874e+01  14 8.51525e-01  
 41.2 2.2985e+01  14 8.54914e-01  
 41.3 2.3095e+01  14 8.58295e-01  
 41.4 2.3206e+01  14 8.61667e-01  
 41.5 2.3308e+01  14 8.64787e-01  
 41.6 2.3410e+01  14 8.67893e-01  
 41.7 2.3513e+01  14 8.71011e-01  
 41.8 2.3617e+01  14 8.74160e-01  
 41.9 2.3720e+01  14 8.77299e-01  
 42.0 2.3822e+01  14 8.80371e-01  
 42.1 2.3912e+01  14 8.83090e-01  
 42.2 2.3997e+01  14 8.85678e-01  
 42.3 2.4076e+01  14 8.88036e-01  
 42.4 2.4153e+01  14 8.90382e-01  
 42.5 2.4231e+01  14 8.92728e-01  
 42.6 2.4309e+01  14 8.95068e-01  
 42.7 2.4387e+01  14 8.97401e-01  
 42.8 2.4464e+01  14 8.99725e-01  
 42.9 2.4544e+01  14 9.02113e-01  
 43.0 2.4623e+01  14 9.04500e-01  
 43.1 2.4703e+01  14 9.06872e-01  
 43.2 2.4774e+01  14 9.09022e-01  
 43.3 2.4843e+01  14 9.11071e-01  
 43.4 2.4913e+01  14 9.13150e-01  
 43.5 2.4982e+01  14 9.15234e-01  
 43.6 2.5052e+01  14 9.17312e-01  
 43.7 2.5122e+01  14 9.19384e-01  
 43.8 2.5191e+01  14 9.21447e-01  
 43.9 2.5263e+01  14 9.23577e-01  
 44.0 2.5334e+01  14 9.25708e-01  
 44.1 2.5405e+01  14 9.27822e-01  
 44.2 2.5470e+01  14 9.29751e-01  
 44.3 2.5532e+01  14 9.31567e-01  
 44.4 2.7908e+01  14 1.00000e+00  
 44.5 2.7924e+01  14 1.00000e+00  
 44.6 2.7941e+01  14 1.00000e+00  
 44.7 2.7957e+01  14 1.00000e+00  
 44.8 2.7968e+01  14 1.00000e+00  
 44.9 2.7979e+01  14 1.00000e+00  
 45.0 2.7990e+01  14 1.00000e+00  
 45.1 2.8001e+01  14 1.00000e+00  
 45.2 2.8012e+01  14 1.00000e+00  
 45.3 2.8023e+01  14 1.00000e+00  
 45.4 2.8033e+01  14 1.00000e+00  
 45.5 2.8042e+01  14 1.00000e+00  
 45.6 2.8051e+01  14 1.00000e+00  
 45.7 2.8060e+01  14 1.00000e+00  
 45.8 2.8069e+01  14 1.00000e+00  
 45.9 2.8078e+01  14 1.00000e+00  
 46.0 2.8087e+01  14 1.00000e+00  
 46.1 2.8096e+01  14 1.00000e+00  
 46.2 2.8106e+01  14 1.00000e+00  
 46.3 2.8116e+01  14 1.00000e+00  
 46.4 2.8126e+01  14 1.00000e+00  
 46.5 2.8134e+01  14 1.00000e+00  
 46.6 2.8142e+01  14 1.00000e+00  
 46.7 2.8149e+01  14 1.00000e+00  
 46.8 2.8157e+01  14 1.00000e+00  
 46.9 2.8165e+01  14 1.00000e+00  
 47.0 2.8173e+01  14 1.00000e+00  
 47.1 2.8175e+01  14 1.00000e+00  
 47.2 2.8765e+01  14 1.00000e+00  
 47.3 2.8769e+01  14 1.00000e+00  
 47.4 2.8773e+01  14 1.00000e+00  
 47.5 2.8777e+01  14 1.00000e+00  
 47.6 2.8782e+01  14 1.00000e+00  
 47.7 2.8786e+01  14 1.00000e+00  
 47.8 2.8789e+01  14 1.00000e+00  
 47.9 2.8792e+01  14 1.00000e+00  
 48.0 2.8794e+01  14 1.00000e+00  
 48.1 2.8796e+01  14 1.00000e+00  
 48.2 2.8799e+01  14 1.00000e+00  
 48.3 2.8803e+01  14 1.00000e+00  
 48.4 2.8806e+01  14 1.00000e+00  
 48.5 2.8810e+01  14 1.00000e+00  
 48.6 2.8813e+01  14 1.00000e+00  
 48.7 2.8816e+01  14 1.00000e+00  
 48.8 2.8820e+01  14 1.00000e+00  
 48.9 2.8824e+01  14 1.00000e+00  
 49.0 2.8827e+01  14 1.00000e+00  
 49.1 2.8823e+01  14 1.00000e+00  
 49.2 2.8818e+01  14 1.00000e+00  
 49.3 2.8814e+01  14 1.00000e+00  
 49.4 2.8809e+01  14 1.00000e+00  
 49.5 2.9422e+01  14 1.00000e+00  
 49.6 2.9420e+01  14 1.00000e+00  
 49.7 2.9418e+01  14 1.00000e+00  
 49.8 2.9416e+01  14 1.00000e+00  
 49.9 2.9415e+01  14 1.00000e+00  
 50.0 2.9414e+01  14 1.00000e+00  
 50.1 2.9414e+01  14 1.00000e+00  
 50.2 2.9413e+01  14 1.00000e+00  
 50.3 2.9411e+01  14 1.00000e+00  
 50.4 2.9408e+01  14 1.00000e+00  
 50.5 2.9405e+01  14 1.00000e+00  
 50.6 2.9403e+01  14 1.00000e+00  
 50.7 2.9402e+01  14 1.00000e+00  
 50.8 2.9401e+01  14 1.00000e+00  
 50.9 2.9395e+01  14 1.00000e+00  
 51.0 2.9386e+01  14 1.00000e+00  
 51.1 2.9377e+01  14 1.00000e+00  
 51.2 2.9369e+01  14 1.00000e+00  
 51.3 2.9361e+01  14 1.00000e+00  
 51.4 2.9353e+01  14 1.00000e+00  
 51.5 2.9346e+01  14 1.00000e+00  
 51.6 2.9978e+01  14 1.00000e+00  
 51.7 2.9971e+01  14 1.00000e+00  
 51.8 2.9965e+01  14 1.00000e+00  
 51.9 2.9958e+01  14 1.00000e+00  
 52.0 2.9952e+01  14 1.00000e+00  
 52.1 2.9945e+01  14 1.00000e+00  
 52.2 2.9939e+01  14 1.00000e+00  
 52.3 2.9933e+01  14 1.00000e+00  
 52.4 2.9928e+01  14 1.00000e+00  
 52.5 2.9923e+01  14 1.00000e+00  
 52.6 2.9917e+01  14 1.00000e+00  
 52.7 2.9904e+01  14 1.00000e+00  
 52.8 2.9890e+01  14 1.00000e+00  
 52.9 2.9878e+01  14 1.00000e+00  
 53.0 2.9865e+01  14 1.00000e+00  
 53.1 2.9851e+01  14 1.00000e+00  
 53.2 2.9837e+01  14 1.00000e+00  
 53.3 2.9824e+01  14 1.00000e+00  
 53.4 2.9812e+01  14 1.00000e+00  
 53.5 3.0462e+01  14 1.00000e+00  
 53.6 3.0452e+01  14 1.00000e+00  
 53.7 3.0441e+01  14 1.00000e+00  
 53.8 3.0431e+01  14 1.00000e+00  
 53.9 3.0422e+01  14 1.00000e+00  
 54.0 3.0415e+01  14 1.00000e+00  
 54.1 3.0406e+01  14 1.00000e+00  
 54.2 3.0397e+01  14 1.00000e+00  
 54.3 3.0384e+01  14 1.00000e+00  
 54.4 3.0364e+01  14 1.00000e+00  
 54.5 3.0346e+01  14 1.00000e+00  
 54.6 3.0327e+01  14 1.00000e+00  
 54.7 3.0309e+01  14 1.00000e+00  
 54.8 3.0291e+01  14 1.00000e+00  
 54.9 3.0274e+01  14 1.00000e+00  
 55.0 3.0260e+01  14 1.00000e+00  
 55.1 3.0244e+01  14 1.00000e+00  
 55.2 3.0908e+01  14 1.00000e+00  
 55.3 3.0894e+01  14 1.00000e+00  
 55.4 3.0882e+01  14 1.00000e+00  
 55.5 3.0870e+01  14 1.00000e+00  
 55.6 3.0858e+01  14 1.00000e+00  
 55.7 3.0846e+01  14 1.00000e+00  
 55.8 3.0834e+01  14 1.00000e+00  
 55.9 3.0817e+01  14 1.00000e+00  
 56.0 3.0796e+01  14 1.00000e+00  
 56.1 3.0775e+01  14 1.00000e+00  
 56.2 3.0755e+01  14 1.00000e+00  
 56.3 3.0735e+01  14 1.00000e+00  
 56.4 3.0717e+01  14 1.00000e+00  
 56.5 3.0699e+01  14 1.00000e+00  
 56.6 3.0681e+01  14 1.00000e+00  
 56.7 3.0664e+01  14 1.00000e+00  
 56.8 3.0647e+01  14 1.00000e+00  
 56.9 3.0631e+01  14 1.00000e+00  
 57.0 3.1316e+01  14 1.00000e+00  
 57.1 3.1302e+01  14 1.00000e+00  
 57.2 3.1288e+01  14 1.00000e+00  
 57.3 3.1274e+01  14 1.00000e+00  
 57.4 3.1261e+01  14 1.00000e+00  
 57.5 3.1244e+01  14 1.00000e+00  
 57.6 3.1222e+01  14 1.00000e+00  
 57.7 3.1199e+01  14 1.00000e+00  
 57.8 3.1177e+01  14 1.00000e+00  
 57.9 3.1156e+01  14 1.00000e+00  
 58.0 3.1137e+01  14 1.00000e+00  
 58.1 3.1117e+01  14 1.00000e+00  
 58.2 3.1097e+01  14 1.00000e+00  
 58.3 3.1078e+01  14 1.00000e+00  
 58.4 3.1060e+01  14 1.00000e+00  
 58.5 3.1044e+01  14 1.00000e+00  
 58.6 3.1026e+01  14 1.00000e+00  
 58.7 3.1009e+01  14 1.00000e+00  
 58.8 3.1711e+01  14 1.00000e+00  
 58.9 3.1696e+01  14 1.00000e+00  
 59.0 3.1682e+01  14 1.00000e+00  
 59.1 3.1666e+01  14 1.00000e+00  
 59.2 3.1643e+01  14 1.00000e+00  
 59.3 3.1619e+01  14 1.00000e+00  
 59.4 3.1595e+01  14 1.00000e+00  
 59.5 3.1573e+01  14 1.00000e+00  
 59.6 3.1552e+01  14 1.00000e+00  
 59.7 3.1530e+01  14 1.00000e+00  
 59.8 3.1508e+01  14 1.00000e+00  
 59.9 3.1488e+01  14 1.00000e+00  
 60.0 3.1469e+01  14 1.00000e+00  
 60.1 3.1451e+01  14 1.00000e+00  
 60.2 3.1431e+01  14 1.00000e+00  
 60.3 3.1412e+01  14 1.00000e+00  
 60.4 3.1394e+01  14 1.00000e+00  
 60.5 3.1378e+01  14 1.00000e+00  
 60.6 3.2099e+01  14 1.00000e+00  
 60.7 3.2083e+01  14 1.00000e+00  
 60.8 3.2058e+01  14 1.00000e+00  
 60.9 3.2033e+01  14 1.00000e+00  
 61.0 3.2010e+01  14 1.00000e+00  
 61.1 3.1987e+01  14 1.00000e+00  
 61.2 3.1963e+01  14 1.00000e+00  
 61.3 3.1939e+01  14 1.00000e+00  
 61.4 3.1916e+01  14 1.00000e+00  
 61.5 3.1895e+01  14 1.00000e+00  
 61.6 3.1875e+01  14 1.00000e+00  
 61.7 3.1854e+01  14 1.00000e+00  
 61.8 3.1833e+01  14 1.00000e+00  
 61.9 3.1812e+01  14 1.00000e+00  
 62.0 3.1794e+01  14 1.00000e+00  
 62.1 3.1776e+01  14 1.00000e+00  
 62.2 3.1758e+01  14 1.00000e+00  
 62.3 3.1739e+01  14 1.00000e+00  
 62.4 3.2472e+01  14 1.00000e+00  
 62.5 3.2445e+01  14 1.00000e+00  
 62.6 3.2420e+01  14 1.00000e+00  
 62.7 3.2396e+01  14 1.00000e+00  
 62.8 3.2371e+01  14 1.00000e+00  
 62.9 3.2346e+01  14 1.00000e+00  
 63.0 3.2322e+01  14 1.00000e+00  
 63.1 3.2300e+01  14 1.00000e+00  
 63.2 3.2277e+01  14 1.00000e+00  
 63.3 3.2254e+01  14 1.00000e+00  
 63.4 3.2231e+01  14 1.00000e+00  
 63.5 3.2210e+01  14 1.00000e+00  
 63.6 3.2190e+01  14 1.00000e+00  
 63.7 3.2170e+01  14 1.00000e+00  
 63.8 3.2150e+01  14 1.00000e+00  
 63.9 3.2130e+01  14 1.00000e+00  
 64.0 3.2111e+01  14 1.00000e+00  
 64.1 3.2087e+01  14 1.00000e+00  
 64.2 3.2830e+01  14 1.00000e+00  
 64.3 3.2804e+01  14 1.00000e+00  
 64.4 3.2777e+01  14 1.00000e+00  
 64.5 3.2751e+01  14 1.00000e+00  
 64.6 3.2726e+01  14 1.00000e+00  
 64.7 3.2703e+01  14 1.00000e+00  
 64.8 3.2678e+01  14 1.00000e+00  
 64.9 3.2654e+01  14 1.00000e+00  
 65.0 3.2629e+01  14 1.00000e+00  
 65.1 3.2606e+01  14 1.00000e+00  
 65.2 3.2585e+01  14 1.00000e+00  
 65.3 3.2563e+01  14 1.00000e+00  
 65.4 3.2541e+01  14 1.00000e+00  
 65.5 3.2519e+01  14 1.00000e+00  
 65.6 3.2499e+01  14 1.00000e+00  
 65.7 3.2480e+01  14 1.00000e+00  
 65.8 3.2453e+01  14 1.00000e+00  
 65.9 3.2423e+01  14 1.00000e+00  
 66.0 3.3183e+01  14 1.00000e+00  
 66.1 3.3155e+01  14 1.00000e+00  
 66.2 3.3129e+01  14 1.00000e+00  
 66.3 3.3103e+01  14 1.00000e+00  
 66.4 3.3078e+01  14 1.00000e+00  
 66.5 3.3053e+01  14 1.00000e+00  
 66.6 3.3027e+01  14 1.00000e+00  
 66.7 3.3002e+01  14 1.00000e+00  
 66.8 3.2979e+01  14 1.00000e+00  
 66.9 3.2955e+01  14 1.00000e+00  
 67.0 3.2932e+01  14 1.00000e+00  
 67.1 3.2909e+01  14 1.00000e+00  
 67.2 3.2887e+01  14 1.00000e+00  
 67.3 3.2866e+01  14 1.00000e+00  
 67.4 3.2845e+01  14 1.00000e+00  
 67.5 3.2818e+01  14 1.00000e+00  
 67.6 3.2786e+01  14 1.00000e+00  
 67.7 3.2756e+01  14 1.00000e+00  
 67.8 3.3532e+01  14 1.00000e+00  
 67.9 3.3505e+01  14 1.00000e+00  
 68.0 3.3478e+01  14 1.00000e+00  
 68.1 3.3450e+01  14 1.00000e+00  
 68.2 3.3424e+01  14 1.00000e+00  
 68.3 3.3398e+01  14 1.00000e+00  
 68.4 3.3374e+01  14 1.00000e+00  
 68.5 3.3348e+01  14 1.00000e+00  
 68.6 3.3323e+01  14 1.00000e+00  
 68.7 3.3298e+01  14 1.00000e+00  
 68.8 3.3275e+01  14 1.00000e+00  
 68.9 3.3252e+01  14 1.00000e+00  
 69.0 3.3229e+01  14 1.00000e+00  
 69.1 3.3207e+01  14 1.00000e+00  
 69.2 3.3182e+01  14 1.00000e+00  
 69.3 3.3150e+01  14 1.00000e+00  
 69.4 3.3119e+01  14 1.00000e+00  
 69.5 3.3088e+01  14 1.00000e+00  
 69.6 3.3058e+01  14 1.00000e+00  
 69.7 3.3851e+01  14 1.00000e+00  
 69.8 3.3822e+01  14 1.00000e+00  
 69.9 3.3794e+01  14 1.00000e+00  
 70.0 3.3768e+01  14 1.00000e+00  
 70.1 3.3742e+01  14 1.00000e+00  
 70.2 3.3716e+01  14 1.00000e+00  
 70.3 3.3690e+01  14 1.00000e+00  
 70.4 3.3664e+01  14 1.00000e+00  
 70.5 3.3639e+01  14 1.00000e+00  
 70.6 3.3616e+01  14 1.00000e+00  
 70.7 3.3591e+01  14 1.00000e+00  
 70.8 3.3567e+01  14 1.00000e+00  
 70.9 3.3544e+01  14 1.00000e+00  
 71.0 3.3514e+01  14 1.00000e+00  
 71.1 3.3482e+01  14 1.00000e+00  
 71.2 3.3449e+01  14 1.00000e+00  
 71.3 3.3417e+01  14 1.00000e+00  
 71.4 3.3386e+01  14 1.00000e+00  
 71.5 3.3357e+01  14 1.00000e+00  
 71.6 3.4165e+01  14 1.00000e+00  
 71.7 3.4137e+01  14 1.00000e+00  
 71.8 3.4109e+01  14 1.00000e+00  
 71.9 3.4082e+01  14 1.00000e+00  
 72.0 3.4055e+01  14 1.00000e+00  
 72.1 3.4029e+01  14 1.00000e+00  
 72.2 3.4004e+01  14 1.00000e+00  
 72.3 3.3978e+01  14 1.00000e+00  
 72.4 3.3952e+01  14 1.00000e+00  
 72.5 3.3927e+01  14 1.00000e+00  
 72.6 3.3903e+01  14 1.00000e+00  
 72.7 3.3879e+01  14 1.00000e+00  
 72.8 3.3845e+01  14 1.00000e+00  
 72.9 3.3811e+01  14 1.00000e+00  
 73.0 3.3778e+01  14 1.00000e+00  
 73.1 3.3746e+01  14 1.00000e+00  
 73.2 3.3715e+01  14 1.00000e+00  
 73.3 3.3684e+01  14 1.00000e+00  
 73.4 3.3653e+01  14 1.00000e+00  
 73.5 3.4477e+01  14 1.00000e+00  
 73.6 3.4449e+01  14 1.00000e+00  
 73.7 3.4420e+01  14 1.00000e+00  
 73.8 3.4393e+01  14 1.00000e+00  
 73.9 3.4367e+01  14 1.00000e+00  
 74.0 3.4340e+01  14 1.00000e+00  
 74.1 3.4314e+01  14 1.00000e+00  
 74.2 3.4287e+01  14 1.00000e+00  
 74.3 3.4262e+01  14 1.00000e+00  
 74.4 3.4237e+01  14 1.00000e+00  
 74.5 3.4212e+01  14 1.00000e+00  
 74.6 3.4176e+01  14 1.00000e+00  
 74.7 3.4141e+01  14 1.00000e+00  
 74.8 3.4108e+01  14 1.00000e+00  
 74.9 3.4075e+01  14 1.00000e+00  
 75.0 3.4042e+01  14 1.00000e+00  
 75.1 3.4010e+01  14 1.00000e+00  
 75.2 3.3979e+01  14 1.00000e+00  
 75.3 3.3949e+01  14 1.00000e+00  
 75.4 3.4787e+01  14 1.00000e+00  
 75.5 3.4758e+01  14 1.00000e+00  
 75.6 3.4730e+01  14 1.00000e+00  
 75.7 3.4702e+01  14 1.00000e+00  
 75.8 3.4676e+01  14 1.00000e+00  
 75.9 3.4648e+01  14 1.00000e+00  
 76.0 3.4622e+01  14 1.00000e+00  
 76.1 3.4596e+01  14 1.00000e+00  
 76.2 3.4570e+01  14 1.00000e+00  
 76.3 3.4544e+01  14 1.00000e+00  
 76.4 3.4508e+01  14 1.00000e+00  
 76.5 3.4473e+01  14 1.00000e+00  
 76.6 3.4438e+01  14 1.00000e+00  
 76.7 3.4404e+01  14 1.00000e+00  
 76.8 3.4370e+01  14 1.00000e+00  
 76.9 3.4337e+01  14 1.00000e+00  
 77.0 3.4305e+01  14 1.00000e+00  
 77.1 3.4274e+01  14 1.00000e+00  
 77.2 3.4243e+01  14 1.00000e+00  
 77.3 3.5096e+01  14 1.00000e+00  
 77.4 3.5067e+01  14 1.00000e+00  
 77.5 3.5038e+01  14 1.00000e+00  
 77.6 3.5010e+01  14 1.00000e+00  
 77.7 3.4982e+01  14 1.00000e+00  
 77.8 3.4955e+01  14 1.00000e+00  
 77.9 3.4928e+01  14 1.00000e+00  
 78.0 3.4902e+01  14 1.00000e+00  
 78.1 3.4875e+01  14 1.00000e+00  
 78.2 3.4842e+01  14 1.00000e+00  
 78.3 3.4806e+01  14 1.00000e+00  
 78.4 3.4770e+01  14 1.00000e+00  
 78.5 3.4735e+01  14 1.00000e+00  
 78.6 3.4700e+01  14 1.00000e+00  
 78.7 3.4666e+01  14 1.00000e+00  
 78.8 3.4633e+01  14 1.00000e+00  
 78.9 3.4600e+01  14 1.00000e+00  
 79.0 3.4568e+01  14 1.00000e+00  
 79.1 3.4537e+01  14 1.00000e+00  
 79.2 3.4506e+01  14 1.00000e+00  
 79.3 3.5374e+01  14 1.00000e+00  
 79.4 3.5345e+01  14 1.00000e+00  
 79.5 3.5316e+01  14 1.00000e+00  
 79.6 3.5288e+01  14 1.00000e+00  
 79.7 3.5261e+01  14 1.00000e+00  
 79.8 3.5234e+01  14 1.00000e+00  
 79.9 3.5207e+01  14 1.00000e+00  
 80.0 3.5180e+01  14 1.00000e+00  
 80.1 3.5142e+01  14 1.00000e+00  
 80.2 3.5105e+01  14 1.00000e+00  
 80.3 3.5068e+01  14 1.00000e+00  
 80.4 3.5032e+01  14 1.00000e+00  
 80.5 3.4997e+01  14 1.00000e+00  
 80.6 3.4962e+01  14 1.00000e+00  
 80.7 3.4929e+01  14 1.00000e+00  
 80.8 3.4895e+01  14 1.00000e+00  
 80.9 3.4863e+01  14 1.00000e+00  
 81.0 3.4831e+01  14 1.00000e+00  
 81.1 3.4800e+01  14 1.00000e+00  
 81.2 3.4770e+01  14 1.00000e+00  
 81.3 3.5651e+01  14 1.00000e+00  
 81.4 3.5623e+01  14 1.00000e+00  
 81.5 3.5594e+01  14 1.00000e+00  
 81.6 3.5566e+01  14 1.00000e+00  
 81.7 3.5537e+01  14 1.00000e+00  
 81.8 3.5510e+01  14 1.00000e+00  
 81.9 3.5481e+01  14 1.00000e+00  
 82.0 3.5443e+01  14 1.00000e+00  
 82.1 3.5404e+01  14 1.00000e+00  
 82.2 3.5367e+01  14 1.00000e+00  
 82.3 3.5331e+01  14 1.00000e+00  
 82.4 3.5295e+01  14 1.00000e+00  
 82.5 3.5260e+01  14 1.00000e+00  
 82.6 3.5226e+01  14 1.00000e+00  
 82.7 3.5192e+01  14 1.00000e+00  
 82.8 3.5159e+01  14 1.00000e+00  
 82.9 3.5126e+01  14 1.00000e+00  
 83.0 3.5095e+01  14 1.00000e+00  
 83.1 3.5063e+01  14 1.00000e+00  
 83.2 3.5032e+01  14 1.00000e+00  
 83.3 3.5929e+01  14 1.00000e+00  
 83.4 3.5899e+01  14 1.00000e+00  
 83.5 3.5870e+01  14 1.00000e+00  
 83.6 3.5842e+01  14 1.00000e+00  
 83.7 3.5814e+01  14 1.00000e+00  
 83.8 3.5784e+01  14 1.00000e+00  
 83.9 3.5746e+01  14 1.00000e+00  
 84.0 3.5707e+01  14 1.00000e+00  
 84.1 3.5669e+01  14 1.00000e+00  
 84.2 3.5632e+01  14 1.00000e+00  
 84.3 3.5596e+01  14 1.00000e+00  
 84.4 3.5559e+01  14 1.00000e+00  
 84.5 3.5524e+01  14 1.00000e+00  
 84.6 3.5490e+01  14 1.00000e+00  
 84.7 3.5456e+01  14 1.00000e+00  
 84.8 3.5423e+01  14 1.00000e+00  
 84.9 3.5390e+01  14 1.00000e+00  
 85.0 3.5358e+01  14 1.00000e+00  
 85.1 3.5327e+01  14 1.00000e+00  
 85.2 3.5296e+01  14 1.00000e+00  
 85.3 3.5265e+01  14 1.00000e+00  
 85.4 3.6176e+01  14 1.00000e+00  
 85.5 3.6147e+01  14 1.00000e+00  
 85.6 3.6118e+01  14 1.00000e+00  
 85.7 3.6090e+01  14 1.00000e+00  
 85.8 3.6050e+01  14 1.00000e+00  
 85.9 3.6012e+01  14 1.00000e+00  
 86.0 3.5974e+01  14 1.00000e+00  
 86.1 3.5936e+01  14 1.00000e+00  
 86.2 3.5898e+01  14 1.00000e+00  
 86.3 3.5861e+01  14 1.00000e+00  
 86.4 3.5826e+01  14 1.00000e+00  
 86.5 3.5791e+01  14 1.00000e+00  
 86.6 3.5756e+01  14 1.00000e+00  
 86.7 3.5721e+01  14 1.00000e+00  
 86.8 3.5688e+01  14 1.00000e+00  
 86.9 3.5655e+01  14 1.00000e+00  
 87.0 3.5623e+01  14 1.00000e+00  
 87.1 3.5591e+01  14 1.00000e+00  
 87.2 3.5559e+01  14 1.00000e+00  
 87.3 3.5529e+01  14 1.00000e+00  
 87.4 3.6454e+01  14 1.00000e+00  
 87.5 3.6424e+01  14 1.00000e+00  
 87.6 3.6394e+01  14 1.00000e+00  
 87.7 3.6358e+01  14 1.00000e+00  
 87.8 3.6320e+01  14 1.00000e+00  
 87.9 3.6282e+01  14 1.00000e+00  
 88.0 3.6243e+01  14 1.00000e+00  
 88.1 3.6204e+01  14 1.00000e+00  
 88.2 3.6167e+01  14 1.00000e+00  
 88.3 3.6130e+01  14 1.00000e+00  
 88.4 3.6094e+01  14 1.00000e+00  
 88.5 3.6058e+01  14 1.00000e+00  
 88.6 3.6023e+01  14 1.00000e+00  
 88.7 3.5988e+01  14 1.00000e+00  
 88.8 3.5955e+01  14 1.00000e+00  
 88.9 3.5922e+01  14 1.00000e+00  
 89.0 3.5889e+01  14 1.00000e+00  
 89.1 3.5856e+01  14 1.00000e+00  
 89.2 3.5825e+01  14 1.00000e+00  
 89.3 3.5794e+01  14 1.00000e+00  
 89.4 3.5764e+01  14 1.00000e+00  
 89.5 3.6700e+01  14 1.00000e+00  
 89.6 3.6671e+01  14 1.00000e+00  
 89.7 3.6632e+01  14 1.00000e+00  
 89.8 3.6592e+01  14 1.00000e+00  
 89.9 3.6553e+01  14 1.00000e+00  
 90.0 3.6514e+01  14 1.00000e+00  
 90.1 3.6477e+01  14 1.00000e+00  
 90.2 3.6439e+01  14 1.00000e+00  
 90.3 3.6402e+01  14 1.00000e+00  
 90.4 3.6364e+01  14 1.00000e+00  
 90.5 3.6328e+01  14 1.00000e+00  
 90.6 3.6293e+01  14 1.00000e+00  
 90.7 3.6259e+01  14 1.00000e+00  
 90.8 3.6224e+01  14 1.00000e+00  
 90.9 3.6190e+01  14 1.00000e+00  
 91.0 3.6156e+01  14 1.00000e+00  
 91.1 3.6125e+01  14 1.00000e+00  
 91.2 3.6092e+01  14 1.00000e+00  
 91.3 3.6061e+01  14 1.00000e+00  
 91.4 3.6029e+01  14 1.00000e+00  
 91.5 3.5999e+01  14 1.00000e+00  
 91.6 3.6949e+01  14 1.00000e+00  
 91.7 3.6908e+01  14 1.00000e+00  
 91.8 3.6867e+01  14 1.00000e+00  
 91.9 3.6827e+01  14 1.00000e+00  
 92.0 3.6790e+01  14 1.00000e+00  
 92.1 3.6751e+01  14 1.00000e+00  
 92.2 3.6714e+01  14 1.00000e+00  
 92.3 3.6675e+01  14 1.00000e+00  
 92.4 3.6637e+01  14 1.00000e+00  
 92.5 3.6602e+01  14 1.00000e+00  
 92.6 3.6566e+01  14 1.00000e+00  
 92.7 3.6530e+01  14 1.00000e+00  
 92.8 3.6495e+01  14 1.00000e+00  
 92.9 3.6460e+01  14 1.00000e+00  
 93.0 3.6428e+01  14 1.00000e+00  
 93.1 3.6395e+01  14 1.00000e+00  
 93.2 3.6362e+01  14 1.00000e+00  
 93.3 3.6329e+01  14 1.00000e+00  
 93.4 3.6297e+01  14 1.00000e+00  
 93.5 3.6267e+01  14 1.00000e+00  
 93.6 3.6237e+01  14 1.00000e+00  
 93.7 3.7188e+01  14 1.00000e+00  
 93.8 3.7146e+01  14 1.00000e+00  
 93.9 3.7107e+01  14 1.00000e+00  
 94.0 3.7068e+01  14 1.00000e+00  
 94.1 3.7029e+01  14 1.00000e+00  
 94.2 3.6990e+01  14 1.00000e+00  
 94.3 3.6953e+01  14 1.00000e+00  
 94.4 3.6916e+01  14 1.00000e+00  
 94.5 3.6878e+01  14 1.00000e+00  
 94.6 3.6841e+01  14 1.00000e+00  
 94.7 3.6805e+01  14 1.00000e+00  
 94.8 3.6769e+01  14 1.00000e+00  
 94.9 3.6735e+01  14 1.00000e+00  
 95.0 3.6701e+01  14 1.00000e+00  
 95.1 3.6667e+01  14 1.00000e+00  
 95.2 3.6633e+01  14 1.00000e+00  
 95.3 3.6600e+01  14 1.00000e+00  
 95.4 3.6569e+01  14 1.00000e+00  
 95.5 3.6537e+01  14 1.00000e+00  
 95.6 3.6506e+01  14 1.00000e+00  
 95.7 3.6468e+01  14 1.00000e+00  
 95.8 3.6426e+01  14 1.00000e+00  
 95.9 3.7391e+01  14 1.00000e+00  
 96.0 3.7350e+01  14 1.00000e+00  
 96.1 3.7310e+01  14 1.00000e+00  
 96.2 3.7271e+01  14 1.00000e+00  
 96.3 3.7234e+01  14 1.00000e+00  
 96.4 3.7196e+01  14 1.00000e+00  
 96.5 3.7159e+01  14 1.00000e+00  
 96.6 3.7120e+01  14 1.00000e+00  
 96.7 3.7083e+01  14 1.00000e+00  
 96.8 3.7048e+01  14 1.00000e+00  
 96.9 3.7013e+01  14 1.00000e+00  
 97.0 3.6977e+01  14 1.00000e+00  
 97.1 3.6942e+01  14 1.00000e+00  
 97.2 3.6908e+01  14 1.00000e+00  
 97.3 3.6876e+01  14 1.00000e+00  
 97.4 3.6843e+01  14 1.00000e+00  
 97.5 3.6810e+01  14 1.00000e+00  
 97.6 3.6778e+01  14 1.00000e+00  
 97.7 3.6746e+01  14 1.00000e+00  
 97.8 3.6704e+01  14 1.00000e+00  
 97.9 3.6662e+01  14 1.00000e+00  
 98.0 3.7638e+01  14 1.00000e+00  
 98.1 3.7596e+01  14 1.00000e+00  
 98.2 3.7557e+01  14 1.00000e+00  
 98.3 3.7519e+01  14 1.00000e+00  
 98.4 3.7480e+01  14 1.00000e+00  
 98.5 3.7442e+01  14 1.00000e+00  
 98.6 3.7404e+01  14 1.00000e+00  
 98.7 3.7368e+01  14 1.00000e+00  
 98.8 3.7331e+01  14 1.00000e+00  
 98.9 3.7295e+01  14 1.00000e+00  
 99.0 3.7258e+01  14 1.00000e+00  
 99.1 3.7222e+01  14 1.00000e+00  
 99.2 3.7188e+01  14 1.00000e+00  
 99.3 3.7154e+01  14 1.00000e+00  
 99.4 3.7120e+01  14 1.00000e+00  
 99.5 3.7087e+01  14 1.00000e+00  
 99.6 3.7053e+01  14 1.00000e+00  
 99.7 3.7021e+01  14 1.00000e+00  
 99.8 3.6988e+01  14 1.00000e+00  
 99.9 3.6945e+01  14 1.00000e+00  
100.0 3.6903e+01  14 1.00000e+00  
100.1 3.6861e+01  14 1.00000e+00  
100.2 3.7849e+01  14 1.00000e+00  
100.3 3.7809e+01  14 1.00000e+00  
100.4 3.7770e+01  14 1.00000e+00  
100.5 3.7730e+01  14 1.00000e+00  
100.6 3.7692e+01  14 1.00000e+00  
100.7 3.7655e+01  14 1.00000e+00  
100.8 3.7618e+01  14 1.00000e+00  
100.9 3.7581e+01  14 1.00000e+00  
101.0 3.7544e+01  14 1.00000e+00  
101.1 3.7507e+01  14 1.00000e+00  
101.2 3.7472e+01  14 1.00000e+00  
101.3 3.7437e+01  14 1.00000e+00  
101.4 3.7402e+01  14 1.00000e+00  
101.5 3.7368e+01  14 1.00000e+00  
101.6 3.7333e+01  14 1.00000e+00  
101.7 3.7301e+01  14 1.00000e+00  
101.8 3.7269e+01  14 1.00000e+00  
101.9 3.7234e+01  14 1.00000e+00  
102.0 3.7191e+01  14 1.00000e+00  
102.1 3.7147e+01  14 1.00000e+00  
102.2 3.7107e+01  14 1.00000e+00  
102.3 3.7066e+01  14 1.00000e+00  
102.4 3.8065e+01  14 1.00000e+00  
102.5 3.8024e+01  14 1.00000e+00  
102.6 3.7985e+01  14 1.00000e+00  
102.7 3.7947e+01  14 1.00000e+00  
102.8 3.7909e+01  14 1.00000e+00  
102.9 3.7872e+01  14 1.00000e+00  
103.0 3.7834e+01  14 1.00000e+00  
103.1 3.7797e+01  14 1.00000e+00  
103.2 3.7762e+01  14 1.00000e+00  
103.3 3.7725e+01  14 1.00000e+00  
103.4 3.7689e+01  14 1.00000e+00  
103.5 3.7654e+01  14 1.00000e+00  
103.6 3.7619e+01  14 1.00000e+00  
103.7 3.7585e+01  14 1.00000e+00  
103.8 3.7552e+01  14 1.00000e+00  
103.9 3.7519e+01  14 1.00000e+00  
104.0 3.7486e+01  14 1.00000e+00  
104.1 3.7442e+01  14 1.00000e+00  
104.2 3.7400e+01  14 1.00000e+00  
104.3 3.7358e+01  14 1.00000e+00  
104.4 3.7317e+01  14 1.00000e+00  
104.5 3.7275e+01  14 1.00000e+00  
104.6 3.7234e+01  14 1.00000e+00  
104.7 3.8246e+01  14 1.00000e+00  
104.8 3.8207e+01  14 1.00000e+00  
104.9 3.8168e+01  14 1.00000e+00  
105.0 3.8129e+01  14 1.00000e+00  
105.1 3.8092e+01  14 1.00000e+00  
105.2 3.8055e+01  14 1.00000e+00  
105.3 3.8020e+01  14 1.00000e+00  
105.4 3.7983e+01  14 1.00000e+00  
105.5 3.7946e+01  14 1.00000e+00  
105.6 3.7909e+01  14 1.00000e+00  
105.7 3.7875e+01  14 1.00000e+00  
105.8 3.7841e+01  14 1.00000e+00  
105.9 3.7807e+01  14 1.00000e+00  
106.0 3.7773e+01  14 1.00000e+00  
106.1 3.7739e+01  14 1.00000e+00  
106.2 3.7701e+01  14 1.00000e+00  
106.3 3.7659e+01  14 1.00000e+00  
106.4 3.7615e+01  14 1.00000e+00  
106.5 3.7573e+01  14 1.00000e+00  
106.6 3.7530e+01  14 1.00000e+00  
106.7 3.7490e+01  14 1.00000e+00  
106.8 3.7450e+01  14 1.00000e+00  
106.9 3.8472e+01  14 1.00000e+00  
107.0 3.8432e+01  14 1.00000e+00  
107.1 3.8392e+01  14 1.00000e+00  
107.2 3.8355e+01  14 1.00000e+00  
107.3 3.8318e+01  14 1.00000e+00  
107.4 3.8281e+01  14 1.00000e+00  
107.5 3.8244e+01  14 1.00000e+00  
107.6 3.8207e+01  14 1.00000e+00  
107.7 3.8171e+01  14 1.00000e+00  
107.8 3.8136e+01  14 1.00000e+00  
107.9 3.8100e+01  14 1.00000e+00  
108.0 3.8066e+01  14 1.00000e+00  
108.1 3.8031e+01  14 1.00000e+00  
108.2 3.7996e+01  14 1.00000e+00  
108.3 3.7963e+01  14 1.00000e+00  
108.4 3.7923e+01  14 1.00000e+00  
108.5 3.7879e+01  14 1.00000e+00  
108.6 3.7835e+01  14 1.00000e+00  
108.7 3.7793e+01  14 1.00000e+00  
108.8 3.7752e+01  14 1.00000e+00  
108.9 3.7711e+01  14 1.00000e+00  
109.0 3.7670e+01  14 1.00000e+00  
109.1 3.7630e+01  14 1.00000e+00  
109.2 3.8662e+01  14 1.00000e+00  
109.3 3.8623e+01  14 1.00000e+00  
109.4 3.8586e+01  14 1.00000e+00  
109.5 3.8548e+01  14 1.00000e+00  
109.6 3.8510e+01  14 1.00000e+00  
109.7 3.8472e+01  14 1.00000e+00  
109.8 3.8437e+01  14 1.00000e+00  
109.9 3.8402e+01  14 1.00000e+00  
110.0 3.8365e+01  14 1.00000e+00  
110.1 3.8329e+01  14 1.00000e+00  
110.2 3.8294e+01  14 1.00000e+00  
110.3 3.8259e+01  14 1.00000e+00  
110.4 3.8226e+01  14 1.00000e+00  
110.5 3.8192e+01  14 1.00000e+00  
110.6 3.8151e+01  14 1.00000e+00  
110.7 3.8106e+01  14 1.00000e+00  
110.8 3.8062e+01  14 1.00000e+00  
110.9 3.8021e+01  14 1.00000e+00  
111.0 3.7979e+01  14 1.00000e+00  
111.1 3.7937e+01  14 1.00000e+00  
111.2 3.7895e+01  14 1.00000e+00  
111.3 3.7855e+01  14 1.00000e+00  
111.4 3.7817e+01  14 1.00000e+00  
111.5 3.8859e+01  14 1.00000e+00  
111.6 3.8820e+01  14 1.00000e+00  
111.7 3.8782e+01  14 1.00000e+00  
111.8 3.8744e+01  14 1.00000e+00  
111.9 3.8707e+01  14 1.00000e+00  
112.0 3.8672e+01  14 1.00000e+00  
112.1 3.8635e+01  14 1.00000e+00  
112.2 3.8599e+01  14 1.00000e+00  
112.3 3.8563e+01  14 1.00000e+00  
112.4 3.8527e+01  14 1.00000e+00  
112.5 3.8493e+01  14 1.00000e+00  
112.6 3.8459e+01  14 1.00000e+00  
112.7 3.8424e+01  14 1.00000e+00  
112.8 3.8385e+01  14 1.00000e+00  
112.9 3.8340e+01  14 1.00000e+00  
113.0 3.8297e+01  14 1.00000e+00  
113.1 3.8254e+01  14 1.00000e+00  
113.2 3.8211e+01  14 1.00000e+00  
113.3 3.8169e+01  14 1.00000e+00  
113.4 3.8128e+01  14 1.00000e+00  
113.5 3.8088e+01  14 1.00000e+00  
113.6 3.8048e+01  14 1.00000e+00  
113.7 3.8008e+01  14 1.00000e+00  
113.8 3.7969e+01  14 1.00000e+00  
113.9 3.9022e+01  14 1.00000e+00  
114.0 3.8984e+01  14 1.00000e+00  
114.1 3.8948e+01  14 1.00000e+00  
114.2 3.8910e+01  14 1.00000e+00  
114.3 3.8873e+01  14 1.00000e+00  
114.4 3.8837e+01  14 1.00000e+00  
114.5 3.8801e+01  14 1.00000e+00  
114.6 3.8767e+01  14 1.00000e+00  
114.7 3.8731e+01  14 1.00000e+00  
114.8 3.8696e+01  14 1.00000e+00  
114.9 3.8661e+01  14 1.00000e+00  
115.0 3.8626e+01  14 1.00000e+00  
115.1 3.8583e+01  14 1.00000e+00  
115.2 3.8539e+01  14 1.00000e+00  
115.3 3.8495e+01  14 1.00000e+00  
115.4 3.8451e+01  14 1.00000e+00  
115.5 3.8408e+01  14 1.00000e+00  
115.6 3.8367e+01  14 1.00000e+00  
115.7 3.8326e+01  14 1.00000e+00  
115.8 3.8285e+01  14 1.00000e+00  
115.9 3.8245e+01  14 1.00000e+00  
116.0 3.8205e+01  14 1.00000e+00  
116.1 3.8167e+01  14 1.00000e+00  
116.2 3.9230e+01  14 1.00000e+00  
116.3 3.9192e+01  14 1.00000e+00  
116.4 3.9154e+01  14 1.00000e+00  
116.5 3.9116e+01  14 1.00000e+00  
116.6 3.9080e+01  14 1.00000e+00  
116.7 3.9045e+01  14 1.00000e+00  
116.8 3.9010e+01  14 1.00000e+00  
116.9 3.8974e+01  14 1.00000e+00  
117.0 3.8938e+01  14 1.00000e+00  
117.1 3.8903e+01  14 1.00000e+00  
117.2 3.8868e+01  14 1.00000e+00  
117.3 3.8833e+01  14 1.00000e+00  
117.4 3.8787e+01  14 1.00000e+00  
117.5 3.8742e+01  14 1.00000e+00  
117.6 3.8698e+01  14 1.00000e+00  
117.7 3.8655e+01  14 1.00000e+00  
117.8 3.8614e+01  14 1.00000e+00  
117.9 3.8571e+01  14 1.00000e+00  
118.0 3.8530e+01  14 1.00000e+00  
118.1 3.8488e+01  14 1.00000e+00  
118.2 3.8448e+01  14 1.00000e+00  
118.3 3.8410e+01  14 1.00000e+00  
118.4 3.8371e+01  14 1.00000e+00  
118.5 3.8332e+01  14 1.00000e+00  
118.6 3.9405e+01  14 1.00000e+00  
118.7 3.9366e+01  14 1.00000e+00  
118.8 3.9329e+01  14 1.00000e+00  
118.9 3.9293e+01  14 1.00000e+00  
119.0 3.9257e+01  14 1.00000e+00  
119.1 3.9221e+01  14 1.00000e+00  
119.2 3.9185e+01  14 1.00000e+00  
119.3 3.9150e+01  14 1.00000e+00  
119.4 3.9116e+01  14 1.00000e+00  
119.5 3.9082e+01  14 1.00000e+00  
119.6 3.9045e+01  14 1.00000e+00  
119.7 3.8999e+01  14 1.00000e+00  
119.8 3.8953e+01  14 1.00000e+00  
119.9 3.8910e+01  14 1.00000e+00  
120.0 3.8867e+01  14 1.00000e+00  
120.1 3.8824e+01  14 1.00000e+00  
120.2 3.8781e+01  14 1.00000e+00  
120.3 3.8739e+01  14 1.00000e+00  
120.4 3.8699e+01  14 1.00000e+00  
120.5 3.8660e+01  14 1.00000e+00  
120.6 3.8620e+01  14 1.00000e+00  
120.7 3.8580e+01  14 1.00000e+00  
120.8 3.8540e+01  14 1.00000e+00  
120.9 3.8503e+01  14 1.00000e+00  
121.0 3.9572e+01  14 1.00000e+00  
121.1 3.9539e+01  14 1.00000e+00  
121.2 3.9504e+01  14 1.00000e+00  
121.3 3.9470e+01  14 1.00000e+00  
121.4 3.9436e+01  14 1.00000e+00  
121.5 3.9402e+01  14 1.00000e+00  
121.6 3.9368e+01  14 1.00000e+00  
121.7 3.9334e+01  14 1.00000e+00  
121.8 3.9299e+01  14 1.00000e+00  
121.9 3.9264e+01  14 1.00000e+00  
122.0 3.9218e+01  14 1.00000e+00  
122.1 3.9173e+01  14 1.00000e+00  
122.2 3.9130e+01  14 1.00000e+00  
122.3 3.9085e+01  14 1.00000e+00  
122.4 3.9042e+01  14 1.00000e+00  
122.5 3.8999e+01  14 1.00000e+00  
122.6 3.8958e+01  14 1.00000e+00  
122.7 3.8917e+01  14 1.00000e+00  
122.8 3.8876e+01  14 1.00000e+00  
122.9 3.8835e+01  14 1.00000e+00  
123.0 3.8795e+01  14 1.00000e+00  
123.1 3.8757e+01  14 1.00000e+00  
123.2 3.8719e+01  14 1.00000e+00  
123.3 3.8681e+01  14 1.00000e+00  
123.4 3.8643e+01  14 1.00000e+00  
123.5 3.9710e+01  14 1.00000e+00  
123.6 3.9676e+01  14 1.00000e+00  
123.7 3.9642e+01  14 1.00000e+00  
123.8 3.9609e+01  14 1.00000e+00  
123.9 3.9577e+01  14 1.00000e+00  
124.0 3.9544e+01  14 1.00000e+00  
124.1 3.9512e+01  14 1.00000e+00  
124.2 3.9480e+01  14 1.00000e+00  
124.3 3.9444e+01  14 1.00000e+00  
124.4 3.9401e+01  14 1.00000e+00  
124.5 3.9356e+01  14 1.00000e+00  
124.6 3.9312e+01  14 1.00000e+00  
124.7 3.9267e+01  14 1.00000e+00  
124.8 3.9224e+01  14 1.00000e+00  
124.9 3.9183e+01  14 1.00000e+00  
125.0 3.9141e+01  14 1.00000e+00  
125.1 3.9100e+01  14 1.00000e+00  
125.2 3.9058e+01  14 1.00000e+00  
125.3 3.9018e+01  14 1.00000e+00  
125.4 3.8980e+01  14 1.00000e+00  
125.5 3.8941e+01  14 1.00000e+00  
125.6 3.8902e+01  14 1.00000e+00  
125.7 3.8864e+01  14 1.00000e+00  
125.8 3.8826e+01  14 1.00000e+00  
125.9 3.9887e+01  14 1.00000e+00  
126.0 3.9853e+01  14 1.00000e+00  
126.1 3.9820e+01  14 1.00000e+00  
126.2 3.9787e+01  14 1.00000e+00  
126.3 3.9754e+01  14 1.00000e+00  
126.4 3.9721e+01  14 1.00000e+00  
126.5 3.9689e+01  14 1.00000e+00  
126.6 3.9658e+01  14 1.00000e+00  
126.7 3.9621e+01  14 1.00000e+00  
126.8 3.9578e+01  14 1.00000e+00  
126.9 3.9536e+01  14 1.00000e+00  
127.0 3.9495e+01  14 1.00000e+00  
127.1 3.9455e+01  14 1.00000e+00  
127.2 3.9416e+01  14 1.00000e+00  
127.3 3.9373e+01  14 1.00000e+00  
127.4 3.9331e+01  14 1.00000e+00  
127.5 3.9289e+01  14 1.00000e+00  
127.6 3.9249e+01  14 1.00000e+00  
127.7 3.9210e+01  14 1.00000e+00  
127.8 3.9170e+01  14 1.00000e+00  
127.9 3.9130e+01  14 1.00000e+00  
128.0 3.9091e+01  14 1.00000e+00  
128.1 3.9053e+01  14 1.00000e+00  
128.2 3.9017e+01  14 1.00000e+00  
128.3 3.8980e+01  14 1.00000e+00  
128.4 4.0037e+01  14 1.00000e+00  
128.5 4.0002e+01  14 1.00000e+00  
128.6 3.9969e+01  14 1.00000e+00  
128.7 3.9936e+01  14 1.00000e+00  
128.8 3.9904e+01  14 1.00000e+00  
128.9 3.9872e+01  14 1.00000e+00  
129.0 3.9841e+01  14 1.00000e+00  
129.1 3.9803e+01  14 1.00000e+00  
129.2 3.9761e+01  14 1.00000e+00  
129.3 3.9719e+01  14 1.00000e+00  
129.4 3.9679e+01  14 1.00000e+00  
129.5 3.9640e+01  14 1.00000e+00  
129.6 3.9599e+01  14 1.00000e+00  
129.7 3.9559e+01  14 1.00000e+00  
129.8 3.9520e+01  14 1.00000e+00  
129.9 3.9482e+01  14 1.00000e+00  
130.0 3.9445e+01  14 1.00000e+00  
130.1 3.9406e+01  14 1.00000e+00  
130.2 3.9366e+01  14 1.00000e+00  
130.3 3.9327e+01  14 1.00000e+00  
130.4 3.9288e+01  14 1.00000e+00  
130.5 3.9251e+01  14 1.00000e+00  
130.6 3.9213e+01  14 1.00000e+00  
130.7 3.9175e+01  14 1.00000e+00  
130.8 3.9138e+01  14 1.00000e+00  
130.9 3.9102e+01  14 1.00000e+00  
131.0 4.0156e+01  14 1.00000e+00  
131.1 4.0123e+01  14 1.00000e+00  
131.2 4.0091e+01  14 1.00000e+00  
131.3 4.0060e+01  14 1.00000e+00  
131.4 4.0027e+01  14 1.00000e+00  
131.5 3.9992e+01  14 1.00000e+00  
131.6 3.9950e+01  14 1.00000e+00  
131.7 3.9910e+01  14 1.00000e+00  
131.8 3.9870e+01  14 1.00000e+00  
131.9 3.9829e+01  14 1.00000e+00  
132.0 3.9788e+01  14 1.00000e+00  
132.1 3.9749e+01  14 1.00000e+00  
132.2 3.9710e+01  14 1.00000e+00  
132.3 3.9672e+01  14 1.00000e+00  
132.4 3.9634e+01  14 1.00000e+00  
132.5 3.9596e+01  14 1.00000e+00  
132.6 3.9559e+01  14 1.00000e+00  
132.7 3.9522e+01  14 1.00000e+00  
132.8 3.9487e+01  14 1.00000e+00  
132.9 3.9451e+01  14 1.00000e+00  
133.0 3.9416e+01  14 1.00000e+00  
133.1 3.9378e+01  14 1.00000e+00  
133.2 3.9340e+01  14 1.00000e+00  
133.3 3.9304e+01  14 1.00000e+00  
133.4 3.9269e+01  14 1.00000e+00  
133.5 4.0315e+01  14 1.00000e+00  
133.6 4.0283e+01  14 1.00000e+00  
133.7 4.0251e+01  14 1.00000e+00  
133.8 4.0218e+01  14 1.00000e+00  
133.9 4.0186e+01  14 1.00000e+00  
134.0 4.0147e+01  14 1.00000e+00  
134.1 4.0107e+01  14 1.00000e+00  
134.2 4.0067e+01  14 1.00000e+00  
134.3 4.0026e+01  14 1.00000e+00  
134.4 3.9985e+01  14 1.00000e+00  
134.5 3.9946e+01  14 1.00000e+00  
134.6 3.9907e+01  14 1.00000e+00  
134.7 3.9868e+01  14 1.00000e+00  
134.8 3.9830e+01  14 1.00000e+00  
134.9 3.9791e+01  14 1.00000e+00  
135.0 3.9754e+01  14 1.00000e+00  
135.1 3.9718e+01  14 1.00000e+00  
135.2 3.9682e+01  14 1.00000e+00  
135.3 3.9646e+01  14 1.00000e+00  
135.4 3.9609e+01  14 1.00000e+00  
135.5 3.9574e+01  14 1.00000e+00  
135.6 3.9540e+01  14 1.00000e+00  
135.7 3.9506e+01  14 1.00000e+00  
135.8 3.9472e+01  14 1.00000e+00  
135.9 3.9439e+01  14 1.00000e+00  
136.0 3.9404e+01  14 1.00000e+00  
136.1 4.0447e+01  14 1.00000e+00  
136.2 4.0415e+01  14 1.00000e+00  
136.3 4.0383e+01  14 1.00000e+00  
136.4 4.0352e+01  14 1.00000e+00  
136.5 4.0311e+01  14 1.00000e+00  
136.6 4.0270e+01  14 1.00000e+00  
136.7 4.0230e+01  14 1.00000e+00  
136.8 4.0189e+01  14 1.00000e+00  
136.9 4.0150e+01  14 1.00000e+00  
137.0 4.0111e+01  14 1.00000e+00  
137.1 4.0072e+01  14 1.00000e+00  
137.2 4.0032e+01  14 1.00000e+00  
137.3 3.9994e+01  14 1.00000e+00  
137.4 3.9957e+01  14 1.00000e+00  
137.5 3.9920e+01  14 1.00000e+00  
137.6 3.9883e+01  14 1.00000e+00  
137.7 3.9846e+01  14 1.00000e+00  
137.8 3.9810e+01  14 1.00000e+00  
137.9 3.9775e+01  14 1.00000e+00  
138.0 3.9740e+01  14 1.00000e+00  
138.1 3.9706e+01  14 1.00000e+00  
138.2 3.9672e+01  14 1.00000e+00  
138.3 3.9637e+01  14 1.00000e+00  
138.4 3.9603e+01  14 1.00000e+00  
138.5 3.9571e+01  14 1.00000e+00  
138.6 3.9538e+01  14 1.00000e+00  
138.7 4.0585e+01  14 1.00000e+00  
138.8 4.0553e+01  14 1.00000e+00  
138.9 4.0522e+01  14 1.00000e+00  
139.0 4.0481e+01  14 1.00000e+00  
139.1 4.0440e+01  14 1.00000e+00  
139.2 4.0400e+01  14 1.00000e+00  
139.3 4.0361e+01  14 1.00000e+00  
139.4 4.0322e+01  14 1.00000e+00  
139.5 4.0283e+01  14 1.00000e+00  
139.6 4.0243e+01  14 1.00000e+00  
139.7 4.0204e+01  14 1.00000e+00  
139.8 4.0166e+01  14 1.00000e+00  
139.9 4.0129e+01  14 1.00000e+00  
140.0 4.0092e+01  14 1.00000e+00  
140.1 4.0054e+01  14 1.00000e+00  
140.2 4.0018e+01  14 1.00000e+00  
140.3 3.9982e+01  14 1.00000e+00  
140.4 3.9947e+01  14 1.00000e+00  
140.5 3.9912e+01  14 1.00000e+00  
140.6 3.9877e+01  14 1.00000e+00  
140.7 3.9842e+01  14 1.00000e+00  
140.8 3.9808e+01  14 1.00000e+00  
140.9 3.9775e+01  14 1.00000e+00  
141.0 3.9742e+01  14 1.00000e+00  
141.1 3.9710e+01  14 1.00000e+00  
141.2 3.9677e+01  14 1.00000e+00  
141.3 4.0729e+01  14 1.00000e+00  
141.4 4.0697e+01  14 1.00000e+00  
141.5 4.0660e+01  14 1.00000e+00  
141.6 4.0619e+01  14 1.00000e+00  
141.7 4.0579e+01  14 1.00000e+00  
141.8 4.0539e+01  14 1.00000e+00  
141.9 4.0500e+01  14 1.00000e+00  
142.0 4.0461e+01  14 1.00000e+00  
142.1 4.0422e+01  14 1.00000e+00  
142.2 4.0383e+01  14 1.00000e+00  
142.3 4.0345e+01  14 1.00000e+00  
142.4 4.0309e+01  14 1.00000e+00  
142.5 4.0270e+01  14 1.00000e+00  
142.6 4.0233e+01  14 1.00000e+00  
142.7 4.0196e+01  14 1.00000e+00  
142.8 4.0160e+01  14 1.00000e+00  
142.9 4.0125e+01  14 1.00000e+00  
143.0 4.0090e+01  14 1.00000e+00  
143.1 4.0054e+01  14 1.00000e+00  
143.2 4.0020e+01  14 1.00000e+00  
143.3 3.9986e+01  14 1.00000e+00  
143.4 3.9952e+01  14 1.00000e+00  
143.5 3.9920e+01  14 1.00000e+00  
143.6 3.9886e+01  14 1.00000e+00  
143.7 3.9853e+01  14 1.00000e+00  
143.8 3.9821e+01  14 1.00000e+00  
143.9 3.9789e+01  14 1.00000e+00  
144.0 4.0845e+01  14 1.00000e+00  
144.1 4.0805e+01  14 1.00000e+00  
144.2 4.0765e+01  14 1.00000e+00  
144.3 4.0726e+01  14 1.00000e+00  
144.4 4.0686e+01  14 1.00000e+00  
144.5 4.0646e+01  14 1.00000e+00  
144.6 4.0607e+01  14 1.00000e+00  
144.7 4.0570e+01  14 1.00000e+00  
144.8 4.0532e+01  14 1.00000e+00  
144.9 4.0494e+01  14 1.00000e+00  
145.0 4.0456e+01  14 1.00000e+00  
145.1 4.0418e+01  14 1.00000e+00  
145.2 4.0382e+01  14 1.00000e+00  
145.3 4.0346e+01  14 1.00000e+00  
145.4 4.0311e+01  14 1.00000e+00  
145.5 4.0274e+01  14 1.00000e+00  
145.6 4.0239e+01  14 1.00000e+00  
145.7 4.0204e+01  14 1.00000e+00  
145.8 4.0170e+01  14 1.00000e+00  
145.9 4.0136e+01  14 1.00000e+00  
146.0 4.0103e+01  14 1.00000e+00  
146.1 4.0069e+01  14 1.00000e+00  
146.2 4.0036e+01  14 1.00000e+00  
146.3 4.0003e+01  14 1.00000e+00  
146.4 3.9972e+01  14 1.00000e+00  
146.5 3.9940e+01  14 1.00000e+00  
146.6 3.9909e+01  14 1.00000e+00  
146.7 4.0960e+01  14 1.00000e+00  
146.8 4.0920e+01  14 1.00000e+00  
146.9 4.0879e+01  14 1.00000e+00  
147.0 4.0839e+01  14 1.00000e+00  
147.1 4.0800e+01  14 1.00000e+00  
147.2 4.0762e+01  14 1.00000e+00  
147.3 4.0725e+01  14 1.00000e+00  
147.4 4.0687e+01  14 1.00000e+00  
147.5 4.0649e+01  14 1.00000e+00  
147.6 4.0611e+01  14 1.00000e+00  
147.7 4.0574e+01  14 1.00000e+00  
147.8 4.0538e+01  14 1.00000e+00  
147.9 4.0502e+01  14 1.00000e+00  
148.0 4.0465e+01  14 1.00000e+00  
148.1 4.0430e+01  14 1.00000e+00  
148.2 4.0395e+01  14 1.00000e+00  
148.3 4.0360e+01  14 1.00000e+00  
148.4 4.0327e+01  14 1.00000e+00  
148.5 4.0292e+01  14 1.00000e+00  
148.6 4.0258e+01  14 1.00000e+00  
148.7 4.0225e+01  14 1.00000e+00  
148.8 4.0192e+01  14 1.00000e+00  
148.9 4.0160e+01  14 1.00000e+00  
149.0 4.0129e+01  14 1.00000e+00  
149.1 4.0097e+01  14 1.00000e+00  
149.2 4.0065e+01  14 1.00000e+00  
149.3 4.0026e+01  14 1.00000e+00  
149.4 4.1081e+01  14 1.00000e+00  
149.5 4.1041e+01  14 1.00000e+00  
149.6 4.1001e+01  14 1.00000e+00  
149.7 4.0963e+01  14 1.00000e+00  
149.8 4.0925e+01  14 1.00000e+00  
149.9 4.0886e+01  14 1.00000e+00  
150.0 4.0849e+01  14 1.00000e+00  
